5.86 -8.13 1.91 24.8 3.04 45.877629 12.307308 0 0
5.61 -7.45 2.05 23.31 3.04 45.877629 12.307308 0 0
6.06 -7.98 1.94 23.2 3.04 45.877629 12.307308 0 0
5.98 -8.03 1.85 22.83 3.04 45.877629 12.307308 0 0
5.86 -7.87 2.03 22.86 3.04 45.877629 12.307308 0 0
6.22 -7.55 1.83 23.29 3.08 45.877619 12.307273 1 0
5.96 -7.8 1.71 23.1 3.08 45.877619 12.307273 0 0
6.23 -7.68 1.56 22.71 3.08 45.877619 12.307273 1 0
6.13 -8.08 1.69 22.93 3.08 45.877619 12.307273 0 0
5.94 -7.56 1.86 22.71 3.08 45.877619 12.307273 0 0
5.98 -7.84 1.9 23.38 3.08 45.877619 12.307273 0 0
5.97 -7.71 1.72 23.36 3.08 45.877619 12.307273 0 0
5.84 -7.89 1.53 22.0 3.08 45.877619 12.307273 0 0
5.91 -8.01 1.54 24.46 3.08 45.877619 12.307273 0 0
6.01 -7.85 1.84 23.29 3.08 45.877619 12.307273 0 0
5.74 -7.5 1.88 23.38 3.08 45.877619 12.307273 0 0
6.02 -7.55 2.1 22.81 3.08 45.877619 12.307273 0 0
5.88 -7.61 2.18 25.38 3.08 45.877619 12.307273 0 0
5.86 -7.67 1.77 23.22 3.08 45.877619 12.307273 0 0
6.2 -7.93 2.01 23.58 3.08 45.877619 12.307273 0 0
6.19 -8.41 1.81 23.55 3.08 45.877619 12.307273 0 0
5.92 -7.54 2.15 22.47 3.08 45.877619 12.307273 0 0
6.1 -7.69 1.9 23.31 2.62 45.877613 12.307241 1 0
5.79 -7.89 2.05 22.52 2.62 45.877613 12.307241 0 0
5.74 -8.08 2.02 22.57 2.62 45.877613 12.307241 1 0
5.94 -8.34 1.63 23.12 2.62 45.877613 12.307241 0 0
5.74 -7.53 1.99 23.27 2.62 45.877613 12.307241 0 0
6.0 -7.99 1.54 23.07 2.62 45.877613 12.307241 0 0
6.11 -7.69 1.24 22.45 2.62 45.877613 12.307241 0 0
6.07 -8.1 1.66 22.91 2.62 45.877613 12.307241 0 0
5.79 -7.45 1.6 22.76 2.62 45.877613 12.307241 0 0
5.8 -7.73 2.04 23.2 2.62 45.877613 12.307241 0 0
5.96 -7.76 2.06 24.4 2.62 45.877613 12.307241 0 0
6.35 -8.01 1.92 23.55 2.62 45.877613 12.307241 0 0
5.93 -7.82 1.74 22.42 2.62 45.877613 12.307241 0 0
