5.88 -7.8 2.06 22.12 2.41 45.408372 11.889988 1 0
5.84 -7.96 2.01 21.56 2.41 45.408372 11.889988 1 0
5.64 -7.99 1.85 21.87 2.41 45.408372 11.889988 1 0
5.64 -8.21 1.71 21.75 2.41 45.408372 11.889988 1 0
5.85 -8.33 1.67 21.9 2.41 45.408372 11.889988 1 0
5.97 -7.95 1.69 22.02 2.41 45.408372 11.889988 1 0
5.91 -7.47 1.67 21.85 2.41 45.408372 11.889988 1 0
5.91 -7.37 1.66 22.31 2.41 45.408372 11.889988 1 0
6.06 -7.56 1.75 22.16 2.41 45.408372 11.889988 1 0
6.13 -7.87 1.79 21.59 2.41 45.408372 11.889988 1 0
6.01 -8.16 1.7 22.0 2.41 45.408372 11.889988 1 0
5.85 -8.1 1.68 22.16 2.41 45.408372 11.889988 1 0
5.73 -7.74 1.83 22.4 2.41 45.408372 11.889988 1 0
5.6 -7.67 1.87 21.52 1.98 45.408369 11.889959 0 0
5.57 -8.03 1.67 21.85 1.98 45.408369 11.889959 1 0
5.71 -8.2 1.54 21.32 1.98 45.408369 11.889959 0 0
5.86 -7.83 1.68 21.44 1.98 45.408369 11.889959 1 0
5.92 -7.43 1.81 21.88 1.98 45.408369 11.889959 1 0
5.96 -7.55 1.76 21.93 1.98 45.408369 11.889959 1 0
6.02 -7.95 1.73 21.9 1.98 45.408369 11.889959 1 0
6.02 -8.01 1.86 22.0 1.98 45.408369 11.889959 1 0
5.92 -7.72 2.04 22.14 1.98 45.408369 11.889959 1 0
5.84 -7.61 2.15 21.64 1.98 45.408369 11.889959 1 0
5.91 -7.84 2.14 21.59 1.98 45.408369 11.889959 1 0
6.04 -7.93 2.02 22.57 1.98 45.408369 11.889959 1 0
5.94 -7.73 1.87 21.78 1.98 45.408369 11.889959 1 0
5.7 -7.63 1.81 22.17 1.98 45.408369 11.889959 1 0
5.72 -7.86 1.87 22.11 1.98 45.408369 11.889959 1 0
5.97 -8.02 1.91 22.05 1.98 45.408369 11.889959 1 0
6.05 -7.83 1.8 21.9 1.98 45.408369 11.889959 1 0
6.01 -7.6 1.57 21.92 2.88 45.408356 11.889924 0 0
6.15 -7.65 1.38 21.9 2.88 45.408356 11.889924 1 0
6.26 -7.77 1.45 21.56 2.88 45.408356 11.889924 1 0
6.07 -7.66 1.74 21.92 2.88 45.408356 11.889924 0 0
5.9 -7.56 1.91 21.92 2.88 45.408356 11.889924 1 0
