5.74 -7.73 1.76 22.26 2.58 45.406320 11.893975 1 0
5.74 -7.71 1.75 23.08 2.58 45.406320 11.893975 1 0
5.98 -7.79 1.62 22.86 2.58 45.406320 11.893975 1 0
6.08 -7.79 1.53 22.02 2.58 45.406320 11.893975 1 0
5.93 -7.81 1.6 22.5 2.58 45.406320 11.893975 1 0
5.79 -7.88 1.73 22.66 2.58 45.406320 11.893975 1 0
5.85 -7.85 1.78 23.07 2.58 45.406320 11.893975 1 0
5.9 -7.82 1.69 22.52 2.58 45.406320 11.893975 1 0
5.69 -8.03 1.5 22.48 2.58 45.406320 11.893975 1 0
5.49 -8.26 1.48 22.93 2.58 45.406320 11.893975 1 0
5.62 -8.09 1.83 21.99 2.58 45.406320 11.893975 1 0
5.86 -7.76 2.15 22.45 2.68 45.406326 11.894007 0 0
5.9 -7.78 1.96 23.27 2.68 45.406326 11.894007 1 0
5.84 -7.87 1.62 23.07 2.68 45.406326 11.894007 0 0
5.86 -7.6 1.74 22.42 2.68 45.406326 11.894007 1 0
5.87 -7.42 1.95 22.24 2.68 45.406326 11.894007 1 0
5.84 -7.72 1.86 21.93 2.68 45.406326 11.894007 1 0
5.83 -7.88 1.87 21.78 2.68 45.406326 11.894007 1 0
5.78 -7.61 2.1 22.45 2.68 45.406326 11.894007 1 0
5.71 -7.61 2.01 22.5 2.68 45.406326 11.894007 1 0
5.68 -8.0 1.76 22.42 2.68 45.406326 11.894007 1 0
5.69 -8.06 1.98 22.36 2.68 45.406326 11.894007 1 0
5.72 -7.8 2.33 22.45 2.68 45.406326 11.894007 1 0
5.8 -7.85 2.06 22.5 2.68 45.406326 11.894007 1 0
5.93 -8.04 1.58 22.66 2.68 45.406326 11.894007 1 0
6.04 -7.9 1.62 23.43 2.68 45.406326 11.894007 1 0
6.08 -7.66 1.9 22.09 2.68 45.406326 11.894007 1 0
6.0 -7.74 1.85 22.26 2.68 45.406326 11.894007 1 0
5.95 -7.96 1.68 22.21 1.86 45.406327 11.894032 0 0
5.99 -7.98 1.75 22.86 1.86 45.406327 11.894032 1 0
5.99 -7.78 1.82 21.9 1.86 45.406327 11.894032 1 0
5.92 -7.67 1.66 22.36 1.86 45.406327 11.894032 0 0
5.91 -7.85 1.53 22.36 1.86 45.406327 11.894032 1 0
5.86 -8.1 1.58 22.71 1.86 45.406327 11.894032 1 0
5.59 -7.98 1.7 21.95 1.86 45.406327 11.894032 1 0
