5.74 -7.59 2.13 22.07 2.31 45.408354 11.890076 1 0
5.84 -8.16 2.01 21.45 2.31 45.408354 11.890076 1 0
6.01 -8.39 1.85 22.23 2.31 45.408354 11.890076 1 0
5.86 -8.02 1.77 21.97 2.31 45.408354 11.890076 1 0
5.64 -7.6 1.76 21.99 2.31 45.408354 11.890076 1 0
5.81 -7.49 1.79 21.56 2.97 45.408347 11.890041 0 0
6.1 -7.61 1.8 21.9 2.97 45.408347 11.890041 1 0
6.05 -7.8 1.76 21.87 2.97 45.408347 11.890041 0 0
5.93 -7.9 1.75 21.92 2.97 45.408347 11.890041 1 0
6.05 -7.77 1.82 22.36 2.97 45.408347 11.890041 1 0
6.13 -7.55 1.89 22.04 2.97 45.408347 11.890041 1 0
5.98 -7.61 1.92 21.97 2.97 45.408347 11.890041 1 0
5.84 -7.88 1.93 21.88 2.97 45.408347 11.890041 1 0
5.79 -8.03 1.82 21.51 2.97 45.408347 11.890041 1 0
5.69 -7.98 1.65 22.07 2.97 45.408347 11.890041 1 0
5.67 -7.87 1.66 22.54 2.97 45.408347 11.890041 1 0
5.87 -7.83 1.85 21.99 2.97 45.408347 11.890041 1 0
6.09 -7.88 1.86 22.07 2.97 45.408347 11.890041 1 0
6.11 -7.88 1.71 22.33 2.97 45.408347 11.890041 1 0
5.99 -7.67 1.78 21.87 2.97 45.408347 11.890041 1 0
5.91 -7.55 2.04 22.14 2.97 45.408347 11.890041 1 0
5.97 -7.88 2.01 21.51 2.97 45.408347 11.890041 1 0
6.08 -8.21 1.74 21.81 2.97 45.408347 11.890041 1 0
6.02 -7.95 1.76 21.97 1.27 45.408343 11.890020 0 0
5.82 -7.54 2.06 21.93 1.27 45.408343 11.890020 1 0
5.77 -7.67 2.19 21.92 1.27 45.408343 11.890020 0 0
5.88 -8.03 2.09 22.02 1.27 45.408343 11.890020 1 0
5.94 -7.93 1.9 22.47 1.27 45.408343 11.890020 1 0
5.86 -7.63 1.57 21.61 1.27 45.408343 11.890020 1 0
5.8 -7.78 1.24 21.92 1.27 45.408343 11.890020 1 0
5.95 -8.2 1.28 21.81 1.27 45.408343 11.890020 1 0
6.34 -8.24 1.62 22.45 1.27 45.408343 11.890020 1 0
6.56 -7.81 1.81 22.17 1.27 45.408343 11.890020 1 0
6.25 -7.41 1.69 22.26 1.27 45.408343 11.890020 1 0
5.82 -7.48 1.49 22.17 1.27 45.408343 11.890020 1 0
