5.66 -7.71 2.2 22.45 2.38 45.408305 11.889715 1 0
5.84 -8.4 2.01 21.99 2.38 45.408305 11.889715 1 0
5.87 -7.92 1.51 22.05 2.38 45.408305 11.889715 1 0
5.38 -7.97 1.78 22.48 2.38 45.408305 11.889715 1 0
5.85 -7.88 1.39 22.02 2.38 45.408305 11.889715 1 0
5.53 -8.22 1.79 22.02 2.39 45.408310 11.889674 0 0
5.77 -7.82 1.7 21.87 2.39 45.408310 11.889674 1 0
5.53 -8.08 2.18 21.42 2.39 45.408310 11.889674 0 0
6.11 -8.31 1.91 21.47 2.39 45.408310 11.889674 1 0
5.46 -7.87 2.04 21.97 2.39 45.408310 11.889674 1 0
5.46 -7.86 2.03 21.97 2.39 45.408310 11.889674 1 0
5.46 -7.86 2.04 21.96 2.39 45.408310 11.889674 1 0
5.45 -7.87 2.04 21.98 2.39 45.408310 11.889674 1 0
5.45 -7.87 2.04 21.98 2.39 45.408310 11.889674 1 0
5.45 -7.86 2.04 21.97 2.39 45.408310 11.889674 1 0
5.46 -7.87 2.05 21.97 2.39 45.408310 11.889674 1 0
5.45 -7.88 2.05 21.98 2.39 45.408310 11.889674 1 0
5.46 -7.87 2.04 21.96 2.39 45.408310 11.889674 1 0
5.46 -7.86 2.04 21.97 2.39 45.408310 11.889674 1 0
5.46 -7.88 2.04 21.98 2.39 45.408310 11.889674 1 0
5.45 -7.88 2.05 21.98 2.39 45.408310 11.889674 1 0
5.46 -7.88 2.04 21.97 2.39 45.408310 11.889674 1 0
5.45 -7.87 2.04 21.97 2.39 45.408310 11.889674 1 0
5.46 -7.86 2.04 21.96 2.39 45.408310 11.889674 1 0
5.47 -7.87 2.05 21.98 2.39 45.408310 11.889674 1 0
5.46 -7.87 2.05 21.98 2.39 45.408310 11.889674 1 0
5.47 -7.87 2.04 21.97 2.39 45.408310 11.889674 1 0
5.47 -7.88 2.05 21.97 2.39 45.408310 11.889674 1 0
5.46 -7.87 2.05 21.97 2.39 45.408310 11.889674 1 0
5.47 -7.87 2.03 21.98 2.39 45.408310 11.889674 1 0
5.45 -7.87 2.05 21.97 2.39 45.408310 11.889674 1 0
5.47 -7.87 2.05 21.97 2.39 45.408310 11.889674 1 0
5.45 -7.87 2.05 21.97 2.39 45.408310 11.889674 1 0
5.46 -7.86 2.03 21.96 2.39 45.408310 11.889674 1 0
5.46 -7.87 2.04 21.97 2.39 45.408310 11.889674 1 0
