6.64 -7.92 1.43 22.33 0.28 45.408280 11.889766 1 0
5.94 -8.53 1.4 22.04 0.28 45.408280 11.889766 1 0
5.55 -7.71 2.04 22.69 0.28 45.408280 11.889766 1 0
5.42 -7.78 1.92 22.52 0.28 45.408280 11.889766 1 0
5.56 -7.64 1.74 22.71 0.28 45.408280 11.889766 1 0
5.65 -8.51 1.62 22.33 1.75 45.408293 11.889746 0 0
5.92 -7.97 1.6 21.97 1.75 45.408293 11.889746 1 0
5.59 -8.0 1.7 22.07 1.75 45.408293 11.889746 1 0
5.76 -7.56 1.5 22.02 1.75 45.408293 11.889746 0 0
5.9 -7.83 1.32 22.48 1.75 45.408293 11.889746 1 0
6.32 -8.01 1.56 21.92 1.75 45.408293 11.889746 1 0
5.83 -7.61 1.48 21.45 1.75 45.408293 11.889746 1 0
5.96 -8.0 1.66 21.92 1.75 45.408293 11.889746 1 0
5.68 -8.38 1.8 21.81 1.75 45.408293 11.889746 1 0
5.97 -7.56 2.36 22.04 1.75 45.408293 11.889746 1 0
5.55 -8.01 1.91 22.04 1.75 45.408293 11.889746 1 0
5.51 -8.18 1.64 22.14 1.75 45.408293 11.889746 1 0
5.84 -8.26 1.81 21.99 1.75 45.408293 11.889746 1 0
5.5 -7.49 1.58 22.04 1.75 45.408293 11.889746 1 0
5.87 -8.38 1.62 22.48 1.75 45.408293 11.889746 1 0
5.89 -7.79 1.84 22.04 1.75 45.408293 11.889746 1 0
5.86 -7.49 1.83 22.05 1.75 45.408293 11.889746 1 0
5.76 -7.91 1.87 21.88 1.75 45.408293 11.889746 1 0
6.09 -7.82 1.87 21.39 2.38 45.408305 11.889715 0 0
5.88 -8.04 1.88 21.97 2.38 45.408305 11.889715 1 0
5.32 -7.84 1.75 22.17 2.38 45.408305 11.889715 0 0
5.51 -8.05 1.74 22.11 2.38 45.408305 11.889715 1 0
5.88 -7.87 1.89 21.93 2.38 45.408305 11.889715 1 0
5.69 -8.13 1.82 21.44 2.38 45.408305 11.889715 1 0
6.12 -8.31 1.61 21.93 2.38 45.408305 11.889715 1 0
5.66 -8.17 1.69 22.02 2.38 45.408305 11.889715 1 0
5.96 -7.65 1.53 22.28 2.38 45.408305 11.889715 1 0
5.65 -8.03 1.61 22.19 2.38 45.408305 11.889715 1 0
6.05 -7.76 1.58 22.67 2.38 45.408305 11.889715 1 0
5.78 -8.14 2.12 22.09 2.38 45.408305 11.889715 1 0
