5.83 -8.8 1.91 22.24 3.08 45.406372 11.895453 1 1
5.51 -8.18 1.85 22.66 3.08 45.406372 11.895453 1 1
5.51 -7.95 1.73 22.36 3.08 45.406372 11.895453 1 1
5.75 -8.19 1.74 22.11 3.08 45.406372 11.895453 1 1
5.61 -7.87 1.8 22.05 3.08 45.406372 11.895453 1 1
5.52 -7.57 1.83 22.43 3.08 45.406372 11.895453 1 1
5.97 -8.02 1.82 22.35 3.08 45.406372 11.895453 1 1
6.05 -8.26 1.77 21.85 3.08 45.406372 11.895453 1 1
5.48 -7.85 1.65 22.36 3.08 45.406372 11.895453 1 1
5.5 -7.81 1.6 21.92 3.08 45.406372 11.895453 1 1
5.99 -8.04 1.73 22.66 3.08 45.406372 11.895453 1 1
5.6 -7.72 1.84 21.73 3.08 45.406372 11.895453 1 1
4.96 -7.5 1.77 22.17 2.78 45.406374 11.895489 0 1
5.49 -7.86 1.81 21.76 2.78 45.406374 11.895489 1 1
6.38 -8.03 2.05 20.82 2.78 45.406374 11.895489 0 1
6.46 -8.06 2.03 21.8 2.78 45.406374 11.895489 1 1
5.89 -8.39 1.73 22.86 2.78 45.406374 11.895489 1 1
5.02 -7.92 1.77 24.23 2.78 45.406374 11.895489 1 1
4.83 -6.69 1.9 22.91 2.78 45.406374 11.895489 1 1
6.37 -7.14 1.46 23.82 2.78 45.406374 11.895489 1 1
7.59 -9.07 1.05 23.58 2.78 45.406374 11.895489 1 1
5.9 -8.74 1.37 24.28 2.78 45.406374 11.895489 1 1
3.53 -5.97 1.67 24.9 2.78 45.406374 11.895489 1 1
4.1 -5.54 1.72 22.42 2.78 45.406374 11.895489 1 1
6.5 -8.97 2.5 21.11 2.78 45.406374 11.895489 1 1
7.57 -11.48 3.48 21.33 2.78 45.406374 11.895489 1 1
6.5 -9.63 2.89 25.0 2.78 45.406374 11.895489 1 1
4.36 -6.53 1.35 25.19 2.78 45.406374 11.895489 1 1
3.44 -6.16 0.92 22.86 2.78 45.406374 11.895489 1 1
5.52 -7.75 1.5 21.2 2.69 45.406375 11.895523 0 1
8.0 -8.88 1.76 21.88 2.69 45.406375 11.895523 1 1
7.03 -9.24 1.82 20.94 2.69 45.406375 11.895523 0 1
4.25 -8.65 2.15 22.86 2.69 45.406375 11.895523 1 1
3.86 -6.59 2.19 23.1 2.69 45.406375 11.895523 1 1
5.63 -5.27 1.8 22.59 2.69 45.406375 11.895523 1 1
