6.26 -8.1 1.67 22.93 3.33 45.868564 12.306934 0
6.11 -7.47 1.3 23.5 3.33 45.868564 12.306934 0
5.7 -7.94 1.51 23.19 3.33 45.868564 12.306934 0
6.01 -7.4 1.9 23.34 3.33 45.868564 12.306934 0
6.11 -8.24 1.84 22.69 3.33 45.868564 12.306934 0
5.7 -8.13 1.7 22.36 3.33 45.868564 12.306934 0
5.23 -7.67 1.54 22.88 3.33 45.868564 12.306934 0
5.74 -7.9 1.63 23.31 3.33 45.868564 12.306934 0
6.11 -7.79 2.14 23.51 3.33 45.868564 12.306934 0
6.18 -8.1 2.15 24.1 3.33 45.868564 12.306934 0
5.69 -8.1 2.01 23.14 3.33 45.868564 12.306934 0
5.8 -7.79 1.97 23.31 3.33 45.868564 12.306934 0
6.03 -7.99 1.68 23.79 3.5 45.868534 12.306940 1
5.84 -7.61 2.28 22.95 3.5 45.868534 12.306940 0
5.89 -8.03 2.75 22.55 3.5 45.868534 12.306940 1
6.04 -7.93 2.21 25.16 3.5 45.868534 12.306940 0
5.54 -7.93 2.04 23.68 3.5 45.868534 12.306940 0
5.41 -8.03 2.09 23.31 3.5 45.868534 12.306940 0
5.52 -7.58 2.25 22.84 3.5 45.868534 12.306940 0
6.09 -7.94 2.02 23.0 3.5 45.868534 12.306940 0
6.11 -7.94 1.84 22.72 3.5 45.868534 12.306940 0
5.73 -8.24 2.16 22.83 3.5 45.868534 12.306940 0
6.01 -8.14 2.03 24.83 3.5 45.868534 12.306940 0
5.85 -7.34 2.61 24.08 3.5 45.868534 12.306940 0
6.36 -8.05 1.83 23.19 3.5 45.868534 12.306940 0
6.14 -8.14 1.66 22.72 3.5 45.868534 12.306940 0
5.85 -7.8 1.66 23.63 3.5 45.868534 12.306940 0
5.68 -7.9 1.6 23.0 3.5 45.868534 12.306940 0
5.39 -7.61 1.76 23.38 3.5 45.868534 12.306940 0
5.88 -8.21 1.73 24.01 3.47 45.868505 12.306949 1
6.0 -7.77 1.56 22.62 3.47 45.868505 12.306949 0
5.89 -8.39 1.82 22.16 3.47 45.868505 12.306949 1
5.72 -8.32 2.12 24.35 3.47 45.868505 12.306949 0
5.5 -7.75 1.74 23.46 3.47 45.868505 12.306949 0
6.06 -7.16 1.66 23.58 3.47 45.868505 12.306949 0
