6.1 -6.22 1.91 24.01 3.19 45.868125 12.307058 0
8.01 -10.01 1.69 23.44 3.19 45.868125 12.307058 1
7.4 -9.68 2.52 24.52 3.19 45.868125 12.307058 0
4.74 -6.95 1.5 24.18 3.19 45.868125 12.307058 0
5.76 -7.84 1.75 23.05 3.19 45.868125 12.307058 0
3.77 -6.14 1.94 27.75 3.19 45.868125 12.307058 0
5.93 -8.17 2.33 22.62 3.19 45.868125 12.307058 0
4.57 -7.78 2.66 23.79 3.19 45.868125 12.307058 0
6.67 -9.89 2.6 22.74 3.19 45.868125 12.307058 0
5.14 -4.83 2.9 25.33 3.19 45.868125 12.307058 0
6.06 -7.03 1.69 23.68 3.19 45.868125 12.307058 0
5.04 -8.31 2.0 24.64 3.19 45.868125 12.307058 0
7.35 -7.0 2.56 22.48 3.19 45.868125 12.307058 0
5.98 -8.26 1.28 23.89 3.19 45.868125 12.307058 0
4.85 -8.65 1.73 23.53 3.19 45.868125 12.307058 0
5.94 -6.29 2.3 23.87 3.19 45.868125 12.307058 0
6.25 -6.62 3.68 22.71 3.3 45.868097 12.307066 1
5.27 -9.58 1.91 22.36 3.3 45.868097 12.307066 0
5.09 -7.7 1.75 23.79 3.3 45.868097 12.307066 1
6.02 -7.9 1.63 23.63 3.3 45.868097 12.307066 0
3.31 -6.59 1.78 23.14 3.3 45.868097 12.307066 0
6.88 -7.98 1.25 22.47 3.3 45.868097 12.307066 0
6.77 -7.55 1.16 23.08 3.3 45.868097 12.307066 0
7.12 -7.79 1.24 23.34 3.3 45.868097 12.307066 0
6.01 -7.09 2.51 22.74 3.3 45.868097 12.307066 0
5.07 -7.58 2.31 22.43 3.3 45.868097 12.307066 0
5.59 -7.9 1.47 22.98 3.3 45.868097 12.307066 0
5.58 -7.71 2.21 22.57 3.3 45.868097 12.307066 0
4.68 -8.66 2.88 22.62 3.3 45.868097 12.307066 0
5.46 -7.85 1.88 22.91 3.3 45.868097 12.307066 0
5.39 -7.96 2.2 22.83 3.3 45.868097 12.307066 0
4.44 -7.87 1.6 23.15 3.3 45.868097 12.307066 0
6.14 -8.21 2.98 23.41 3.21 45.868068 12.307072 1
6.82 -9.37 1.56 22.96 3.21 45.868068 12.307072 0
6.73 -7.59 2.11 24.59 3.21 45.868068 12.307072 1
