5.66 -7.8 1.93 22.78 3.36 45.868387 12.306981 0
5.65 -7.62 1.82 22.78 3.36 45.868387 12.306981 0
6.13 -8.18 2.18 22.38 3.36 45.868387 12.306981 0
5.68 -7.63 2.09 22.9 3.36 45.868387 12.306981 0
5.67 -8.06 1.96 25.88 3.36 45.868387 12.306981 0
5.57 -7.59 1.95 23.34 3.36 45.868387 12.306981 0
5.97 -7.3 1.87 22.88 3.36 45.868387 12.306981 0
5.83 -7.95 2.21 22.74 3.36 45.868387 12.306981 0
5.88 -8.35 1.7 23.43 3.39 45.868358 12.306990 1
6.57 -7.29 1.06 23.56 3.39 45.868358 12.306990 0
6.08 -7.5 1.57 22.79 3.39 45.868358 12.306990 1
5.68 -7.63 1.47 23.07 3.39 45.868358 12.306990 0
5.93 -7.6 1.77 22.69 3.39 45.868358 12.306990 0
6.21 -8.04 1.59 22.98 3.39 45.868358 12.306990 0
5.87 -8.6 2.08 23.53 3.39 45.868358 12.306990 0
5.8 -8.1 1.5 23.44 3.39 45.868358 12.306990 0
5.43 -7.86 1.78 23.03 3.39 45.868358 12.306990 0
5.19 -8.17 1.38 22.83 3.39 45.868358 12.306990 0
6.03 -8.04 2.43 23.6 3.39 45.868358 12.306990 0
6.29 -7.68 1.92 22.83 3.39 45.868358 12.306990 0
5.71 -8.22 2.05 26.46 3.39 45.868358 12.306990 0
6.03 -7.37 1.89 23.43 3.39 45.868358 12.306990 0
7.38 -7.6 1.9 22.78 3.39 45.868358 12.306990 0
6.1 -8.1 2.37 23.19 3.39 45.868358 12.306990 0
6.13 -8.02 2.32 23.2 3.39 45.868358 12.306990 0
5.93 -7.64 2.15 22.76 3.11 45.868330 12.306995 1
5.81 -7.69 2.2 22.17 3.11 45.868330 12.306995 0
5.74 -8.15 2.28 22.78 3.11 45.868330 12.306995 1
6.0 -8.66 2.09 24.04 3.11 45.868330 12.306995 0
5.93 -7.9 1.97 23.68 3.11 45.868330 12.306995 0
5.31 -7.95 1.39 23.55 3.11 45.868330 12.306995 0
5.82 -8.15 1.49 23.14 3.11 45.868330 12.306995 0
6.43 -8.11 1.8 23.36 3.11 45.868330 12.306995 0
5.8 -7.69 2.02 23.24 3.11 45.868330 12.306995 0
6.02 -7.59 2.06 23.43 3.11 45.868330 12.306995 0
