6.28 -8.09 1.61 22.62 3.21 45.868587 12.306931 0
6.2 -8.17 1.69 23.74 3.21 45.868587 12.306931 0
4.8 -7.68 1.56 23.41 3.21 45.868587 12.306931 0
5.76 -7.39 1.79 23.2 3.24 45.868560 12.306941 1
6.09 -7.87 1.96 24.1 3.24 45.868560 12.306941 0
5.97 -8.51 1.97 22.62 3.24 45.868560 12.306941 1
5.67 -8.07 2.08 23.56 3.24 45.868560 12.306941 0
5.32 -7.26 1.88 23.02 3.24 45.868560 12.306941 0
5.71 -8.0 1.91 22.4 3.24 45.868560 12.306941 0
5.9 -8.25 1.73 22.26 3.24 45.868560 12.306941 0
5.57 -7.91 1.95 22.52 3.24 45.868560 12.306941 0
5.57 -8.03 1.98 23.14 3.24 45.868560 12.306941 0
6.61 -7.6 1.76 22.91 3.24 45.868560 12.306941 0
6.16 -7.26 1.73 23.02 3.24 45.868560 12.306941 0
5.85 -7.96 1.74 23.48 3.24 45.868560 12.306941 0
5.75 -7.34 1.98 22.83 3.24 45.868560 12.306941 0
6.19 -8.02 1.92 23.03 3.24 45.868560 12.306941 0
6.17 -8.17 1.89 22.76 3.24 45.868560 12.306941 0
5.24 -8.23 2.06 22.31 3.24 45.868560 12.306941 0
5.45 -7.42 1.92 22.76 3.08 45.868532 12.306947 1
6.16 -8.25 2.19 23.53 3.08 45.868532 12.306947 0
4.89 -8.04 1.94 44.44 3.08 45.868532 12.306947 1
6.06 -8.63 2.01 23.2 3.08 45.868532 12.306947 0
5.46 -7.03 1.82 25.31 3.08 45.868532 12.306947 0
5.83 -7.82 2.02 24.47 3.08 45.868532 12.306947 0
6.54 -8.12 2.03 23.22 3.08 45.868532 12.306947 0
5.82 -6.7 1.83 22.93 3.08 45.868532 12.306947 0
6.08 -8.14 1.64 23.07 3.08 45.868532 12.306947 0
5.78 -7.66 1.92 23.53 3.08 45.868532 12.306947 0
6.25 -7.78 1.99 22.57 3.08 45.868532 12.306947 0
6.1 -8.81 1.54 22.23 3.08 45.868532 12.306947 0
5.62 -7.62 1.69 22.81 3.08 45.868532 12.306947 0
5.5 -7.86 1.81 25.88 3.08 45.868532 12.306947 0
5.52 -7.87 1.74 22.86 3.08 45.868532 12.306947 0
6.08 -7.78 1.76 22.71 3.08 45.868532 12.306947 0
