5.14 -2.79 2.28 25.36 3.32 45.868271 12.307025 0
5.15 -11.22 0.89 22.52 3.32 45.868271 12.307025 0
5.51 -8.71 2.14 24.87 3.32 45.868271 12.307025 0
5.98 -8.06 1.17 23.12 3.32 45.868271 12.307025 0
6.28 -8.57 1.54 23.82 3.32 45.868271 12.307025 0
5.12 -6.49 1.52 24.75 3.32 45.868271 12.307025 0
5.06 -8.77 2.45 25.11 3.32 45.868271 12.307025 0
3.43 -4.4 2.1 22.12 3.32 45.868271 12.307025 0
6.3 -10.64 2.34 22.29 3.32 45.868271 12.307025 0
7.13 -12.65 2.83 22.42 3.41 45.868240 12.307033 1
6.26 -6.63 2.52 24.32 3.41 45.868240 12.307033 0
5.25 -6.42 2.28 23.79 3.41 45.868240 12.307033 1
3.8 -5.85 2.23 22.76 3.41 45.868240 12.307033 0
5.65 -7.23 0.89 22.96 3.41 45.868240 12.307033 0
7.21 -7.63 1.54 23.63 3.41 45.868240 12.307033 0
5.65 -6.97 1.62 24.25 3.41 45.868240 12.307033 0
5.4 -8.34 2.46 24.99 3.41 45.868240 12.307033 0
6.84 -8.39 0.26 22.62 3.41 45.868240 12.307033 0
5.57 -9.3 1.15 22.31 3.41 45.868240 12.307033 0
4.4 -6.89 2.91 24.44 3.41 45.868240 12.307033 0
5.15 -7.07 1.09 25.88 3.41 45.868240 12.307033 0
4.74 -7.05 2.24 23.48 3.41 45.868240 12.307033 0
5.87 -8.77 1.71 24.25 3.41 45.868240 12.307033 0
6.39 -7.65 1.77 23.38 3.41 45.868240 12.307033 0
5.78 -8.01 1.37 23.08 3.41 45.868240 12.307033 0
5.05 -6.09 2.7 23.03 3.41 45.868240 12.307033 0
5.65 -8.99 1.86 23.92 3.34 45.868210 12.307039 1
6.38 -7.33 1.37 23.68 3.34 45.868210 12.307039 0
6.18 -7.42 1.19 23.65 3.34 45.868210 12.307039 1
6.11 -7.91 2.11 24.59 3.34 45.868210 12.307039 0
5.98 -6.96 2.51 23.19 3.34 45.868210 12.307039 0
6.64 -7.77 2.06 23.02 3.34 45.868210 12.307039 0
4.8 -8.31 2.34 23.15 3.34 45.868210 12.307039 0
5.56 -9.11 1.07 23.53 3.34 45.868210 12.307039 0
6.66 -6.37 2.25 23.58 3.34 45.868210 12.307039 0
