5.87 -7.79 1.55 22.16 3.35 45.868386 12.306993 1
5.76 -7.88 1.64 22.67 3.35 45.868386 12.306993 0
6.05 -7.63 1.8 22.23 3.35 45.868386 12.306993 0
6.06 -7.82 1.88 22.67 3.35 45.868386 12.306993 0
6.05 -7.7 1.68 22.57 3.35 45.868386 12.306993 0
6.14 -7.67 1.73 23.08 3.35 45.868386 12.306993 0
6.2 -7.69 1.64 22.83 3.35 45.868386 12.306993 0
6.06 -8.03 1.86 23.29 3.35 45.868386 12.306993 0
5.66 -7.86 1.95 22.9 3.35 45.868386 12.306993 0
5.46 -8.14 2.26 22.4 3.35 45.868386 12.306993 0
5.61 -7.78 1.8 22.78 3.35 45.868386 12.306993 0
5.94 -7.66 1.62 23.22 3.35 45.868386 12.306993 0
5.63 -7.8 1.87 23.07 3.35 45.868386 12.306993 0
6.06 -7.8 1.39 24.16 3.35 45.868386 12.306993 0
5.98 -7.85 1.74 22.45 3.35 45.868386 12.306993 0
6.37 -8.15 1.82 22.55 3.23 45.868357 12.306998 1
6.44 -7.85 2.1 22.67 3.23 45.868357 12.306998 0
5.67 -7.12 2.04 23.34 3.23 45.868357 12.306998 1
6.03 -7.38 1.84 24.13 3.23 45.868357 12.306998 0
6.19 -8.06 1.83 22.67 3.23 45.868357 12.306998 0
6.09 -8.2 2.1 23.7 3.23 45.868357 12.306998 0
6.06 -7.99 2.08 24.9 3.23 45.868357 12.306998 0
5.51 -8.01 1.79 23.63 3.23 45.868357 12.306998 0
5.88 -7.96 1.87 24.8 3.23 45.868357 12.306998 0
6.05 -7.47 2.3 23.2 3.23 45.868357 12.306998 0
6.07 -7.7 2.01 23.38 3.23 45.868357 12.306998 0
5.85 -7.66 2.0 24.2 3.23 45.868357 12.306998 0
6.07 -7.9 2.12 23.94 3.23 45.868357 12.306998 0
5.83 -8.04 2.04 23.24 3.23 45.868357 12.306998 0
6.14 -7.41 1.55 22.96 3.23 45.868357 12.306998 0
6.23 -8.27 1.61 23.84 3.23 45.868357 12.306998 0
6.05 -7.58 1.76 23.67 3.23 45.868357 12.306998 0
5.69 -7.8 1.63 24.25 3.22 45.868328 12.307005 1
6.12 -8.09 1.83 23.27 3.22 45.868328 12.307005 0
5.95 -8.2 1.8 22.42 3.22 45.868328 12.307005 1
