5.98 -6.32 2.68 23.27 3.35 45.868149 12.307054 0
7.51 -6.71 1.45 28.78 3.35 45.868149 12.307054 0
6.81 -10.39 1.74 23.08 3.35 45.868149 12.307054 0
5.7 -9.41 2.23 22.45 3.35 45.868149 12.307054 0
6.58 -7.37 2.17 23.31 3.35 45.868149 12.307054 0
4.88 -7.34 2.54 22.9 3.35 45.868149 12.307054 0
4.47 -7.62 2.06 23.63 3.31 45.868119 12.307060 1
8.03 -7.79 2.0 23.24 3.31 45.868119 12.307060 0
4.72 -7.83 2.82 22.98 3.31 45.868119 12.307060 1
7.51 -10.1 1.99 23.46 3.31 45.868119 12.307060 0
5.55 -4.24 -0.03 24.3 3.31 45.868119 12.307060 0
3.96 -6.73 3.35 22.86 3.31 45.868119 12.307060 0
6.72 -8.61 2.46 23.77 3.31 45.868119 12.307060 0
5.43 -5.04 2.21 23.44 3.31 45.868119 12.307060 0
6.73 -8.24 0.94 22.93 3.31 45.868119 12.307060 0
4.7 -7.19 1.98 23.48 3.31 45.868119 12.307060 0
6.32 -6.74 1.15 23.74 3.31 45.868119 12.307060 0
6.55 -8.16 2.91 21.97 3.31 45.868119 12.307060 0
5.35 -9.66 0.87 22.59 3.31 45.868119 12.307060 0
5.5 -8.7 2.01 23.22 3.31 45.868119 12.307060 0
5.82 -7.87 2.69 25.81 3.31 45.868119 12.307060 0
3.97 -6.39 2.45 22.83 3.31 45.868119 12.307060 0
6.76 -8.52 1.34 22.88 3.31 45.868119 12.307060 0
7.78 -7.13 1.95 22.29 3.31 45.868089 12.307070 1
5.89 -7.35 2.48 22.78 3.31 45.868089 12.307070 0
5.42 -7.15 2.27 22.29 3.31 45.868089 12.307070 1
5.45 -7.44 2.25 23.32 3.31 45.868089 12.307070 0
5.19 -7.07 2.17 22.64 3.31 45.868089 12.307070 0
6.07 -8.04 1.66 22.09 3.31 45.868089 12.307070 0
5.71 -8.04 2.06 23.38 3.31 45.868089 12.307070 0
6.25 -8.49 1.05 22.62 3.31 45.868089 12.307070 0
5.92 -8.1 1.06 23.48 3.31 45.868089 12.307070 0
5.56 -7.08 0.22 24.08 3.31 45.868089 12.307070 0
5.83 -7.04 3.15 29.05 3.31 45.868089 12.307070 0
7.07 -8.39 2.17 22.98 3.31 45.868089 12.307070 0
