5.39 -7.87 1.49 22.66 2.75 45.406334 11.895058 0 0
5.98 -7.61 1.37 22.57 2.75 45.406334 11.895058 1 0
6.37 -7.72 1.51 22.0 2.75 45.406334 11.895058 1 0
6.42 -8.03 1.83 23.24 2.75 45.406334 11.895058 1 0
6.05 -8.14 2.17 22.38 2.75 45.406334 11.895058 1 0
5.59 -8.0 2.47 22.47 2.75 45.406334 11.895058 1 0
5.72 -7.81 2.5 22.42 2.75 45.406334 11.895058 1 0
6.32 -7.8 2.08 22.0 2.75 45.406334 11.895058 1 0
6.43 -7.94 1.62 22.43 2.75 45.406334 11.895058 1 0
5.89 -7.94 1.6 22.52 2.75 45.406334 11.895058 1 0
5.57 -7.84 1.79 22.47 2.75 45.406334 11.895058 0 0
5.69 -7.95 1.72 22.4 2.75 45.406334 11.895058 1 0
5.72 -8.12 1.62 22.35 2.75 45.406334 11.895058 0 0
5.63 -8.0 1.78 21.75 2.75 45.406334 11.895058 1 0
5.77 -7.77 2.01 22.24 2.75 45.406334 11.895058 1 0
5.97 -7.77 2.1 22.0 2.75 45.406334 11.895058 1 0
5.96 -7.76 2.14 21.95 2.75 45.406334 11.895058 1 0
5.99 -7.59 1.99 22.0 2.75 45.406334 11.895058 1 0
6.13 -7.55 1.64 22.52 2.75 45.406334 11.895058 1 0
6.06 -7.64 1.56 22.11 2.75 45.406334 11.895058 1 0
5.8 -7.61 1.89 22.05 2.75 45.406334 11.895058 1 0
5.77 -7.7 2.01 21.97 2.75 45.406334 11.895058 1 0
5.91 -8.13 1.71 21.95 2.75 45.406334 11.895058 1 0
5.77 -8.3 1.58 23.38 2.75 45.406334 11.895058 1 0
5.47 -7.96 1.78 21.85 2.75 45.406334 11.895058 1 0
5.57 -7.74 1.87 22.72 2.75 45.406334 11.895058 1 0
6.03 -7.94 1.76 22.48 2.75 45.406334 11.895058 1 0
6.31 -8.02 1.69 22.42 2.75 45.406334 11.895058 1 0
6.23 -7.86 1.58 21.92 1.97 45.406341 11.895077 0 0
6.05 -7.85 1.41 21.95 1.97 45.406341 11.895077 1 0
5.86 -7.9 1.45 22.5 1.97 45.406341 11.895077 0 0
5.67 -7.76 1.75 22.47 1.97 45.406341 11.895077 1 0
5.72 -7.77 1.95 22.02 1.97 45.406341 11.895077 1 0
6.0 -8.02 1.86 21.95 1.97 45.406341 11.895077 1 0
6.04 -7.98 1.71 22.45 1.97 45.406341 11.895077 1 0
