6.65 -7.66 2.36 21.85 0.2 45.407376 11.879914 0
6.65 -7.55 1.97 21.51 0.2 45.407376 11.879914 0
6.28 -7.26 1.89 21.95 0.2 45.407376 11.879914 0
7.18 -6.79 1.61 21.47 0.2 45.407376 11.879914 0
7.61 -6.72 2.22 21.71 0.2 45.407376 11.879914 0
7.15 -6.88 1.95 21.69 0.2 45.407376 11.879914 0
6.87 -7.21 1.94 21.75 0.2 45.407376 11.879914 0
6.64 -7.09 2.67 21.75 0.2 45.407376 11.879914 0
5.97 -7.19 2.63 21.56 0.84 45.407388 11.879912 1
5.69 -8.65 1.98 21.13 0.84 45.407388 11.879912 0
5.47 -8.74 1.75 21.61 0.84 45.407388 11.879912 1
6.16 -8.07 1.13 21.27 0.84 45.407388 11.879912 0
6.05 -7.21 1.41 22.33 0.84 45.407388 11.879912 0
5.57 -7.7 2.01 21.9 0.84 45.407388 11.879912 0
5.6 -8.14 1.91 21.35 0.84 45.407388 11.879912 0
5.58 -7.71 1.7 21.85 0.84 45.407388 11.879912 0
6.21 -7.76 1.78 21.18 0.84 45.407388 11.879912 0
5.69 -8.5 1.35 21.54 0.84 45.407388 11.879912 0
6.08 -8.27 1.19 21.75 0.84 45.407388 11.879912 0
6.6 -7.22 2.57 21.97 0.84 45.407388 11.879912 0
5.91 -7.22 2.09 22.0 0.84 45.407388 11.879912 0
6.0 -7.73 1.47 22.62 0.84 45.407388 11.879912 0
6.08 -7.82 1.98 23.53 0.84 45.407388 11.879912 0
6.47 -7.49 1.33 22.86 0.84 45.407388 11.879912 0
6.82 -7.35 1.7 24.25 0.84 45.407388 11.879912 0
6.01 -7.4 1.96 23.56 0.84 45.407388 11.879912 0
6.0 -6.43 1.87 22.98 1.59 45.407401 11.879901 1
5.61 -7.69 1.68 22.31 1.59 45.407401 11.879901 0
5.8 -8.3 1.76 22.76 1.59 45.407401 11.879901 1
5.78 -8.32 1.36 22.66 1.59 45.407401 11.879901 0
6.19 -7.86 1.34 22.76 1.59 45.407401 11.879901 0
6.3 -7.55 1.67 22.36 1.59 45.407401 11.879901 0
6.38 -7.36 1.51 22.36 1.59 45.407401 11.879901 0
5.92 -7.58 1.99 23.27 1.59 45.407401 11.879901 0
5.73 -7.97 1.79 22.48 1.59 45.407401 11.879901 0
