5.38 -7.77 1.77 22.52 2.36 45.407393 11.879757 0
5.5 -8.11 1.71 22.47 2.36 45.407393 11.879757 0
5.93 -7.46 1.88 22.36 2.36 45.407393 11.879757 0
5.97 -7.44 1.79 22.21 2.36 45.407393 11.879757 0
5.97 -8.05 1.65 22.0 2.36 45.407393 11.879757 0
5.88 -8.32 1.58 21.9 2.36 45.407393 11.879757 0
5.95 -7.84 1.75 21.64 2.36 45.407393 11.879757 0
5.66 -7.57 2.01 21.49 2.36 45.407393 11.879757 0
5.76 -7.81 1.61 21.68 2.59 45.407390 11.879724 1
5.86 -8.04 1.36 21.69 2.59 45.407390 11.879724 0
5.92 -7.83 1.81 21.64 2.59 45.407390 11.879724 1
5.9 -7.53 1.56 21.68 2.59 45.407390 11.879724 0
5.72 -7.9 1.39 21.75 2.59 45.407390 11.879724 0
5.04 -7.65 1.58 21.69 2.59 45.407390 11.879724 0
6.12 -7.97 1.64 21.75 2.59 45.407390 11.879724 0
4.13 -6.63 2.19 21.51 2.59 45.407390 11.879724 0
6.58 -6.86 1.64 22.57 2.59 45.407390 11.879724 0
6.63 -8.63 1.96 22.57 2.59 45.407390 11.879724 0
5.62 -8.43 1.93 23.29 2.59 45.407390 11.879724 0
5.21 -4.63 1.84 23.08 2.59 45.407390 11.879724 0
5.28 -8.77 1.25 23.79 2.59 45.407390 11.879724 0
8.43 -7.85 1.99 22.78 2.59 45.407390 11.879724 0
7.52 -8.37 1.03 23.07 2.59 45.407390 11.879724 0
6.36 -11.67 0.47 21.61 2.59 45.407390 11.879724 0
5.26 -8.01 2.34 21.75 2.59 45.407390 11.879724 0
6.82 -7.64 1.9 22.29 2.66 45.407393 11.879690 1
4.69 -6.65 3.03 22.42 2.66 45.407393 11.879690 0
6.97 -8.73 2.84 22.36 2.66 45.407393 11.879690 1
6.04 -10.4 1.13 23.51 2.66 45.407393 11.879690 0
5.7 -8.24 1.61 21.68 2.66 45.407393 11.879690 0
6.65 -8.52 -1.2 21.9 2.66 45.407393 11.879690 0
5.81 -9.19 1.29 21.81 2.66 45.407393 11.879690 0
5.59 -6.82 3.03 22.67 2.66 45.407393 11.879690 0
7.41 -9.44 1.86 22.62 2.66 45.407393 11.879690 0
6.52 -7.47 1.32 22.72 2.66 45.407393 11.879690 0
