6.06 -7.56 1.64 21.59 1.91 45.407397 11.879863 0
6.05 -7.64 1.69 21.9 1.91 45.407397 11.879863 0
6.31 -8.3 1.48 21.54 1.91 45.407397 11.879863 0
5.64 -8.19 1.87 22.11 1.91 45.407397 11.879863 0
5.55 -7.69 1.87 22.31 1.91 45.407397 11.879863 0
5.86 -7.57 1.93 22.28 1.91 45.407397 11.879863 0
5.93 -7.5 1.61 21.97 1.91 45.407397 11.879863 0
6.08 -7.77 1.59 21.52 1.91 45.407397 11.879863 0
6.27 -7.79 1.86 21.54 1.87 45.407394 11.879838 1
5.88 -8.08 1.92 21.59 1.87 45.407394 11.879838 0
5.76 -8.28 1.5 21.56 1.87 45.407394 11.879838 1
5.77 -8.01 1.73 21.8 1.87 45.407394 11.879838 0
5.9 -7.49 1.64 21.85 1.87 45.407394 11.879838 0
5.98 -7.6 1.84 21.75 1.87 45.407394 11.879838 0
6.09 -7.99 1.91 21.76 1.87 45.407394 11.879838 0
5.67 -7.99 2.08 22.05 1.87 45.407394 11.879838 0
5.82 -7.98 2.17 22.31 1.87 45.407394 11.879838 0
5.84 -8.02 1.89 22.54 1.87 45.407394 11.879838 0
5.79 -7.75 1.87 22.74 1.87 45.407394 11.879838 0
5.84 -7.41 1.82 22.48 1.87 45.407394 11.879838 0
6.14 -7.46 1.6 22.62 1.87 45.407394 11.879838 0
6.18 -7.64 1.79 22.36 1.87 45.407394 11.879838 0
6.19 -8.48 1.67 21.8 1.87 45.407394 11.879838 0
5.8 -8.29 1.53 21.87 1.87 45.407394 11.879838 0
6.15 -7.52 1.58 21.92 1.87 45.407394 11.879838 0
6.22 -7.2 1.26 22.05 2.17 45.407394 11.879810 1
6.13 -7.59 1.6 21.95 2.17 45.407394 11.879810 0
6.14 -7.65 1.71 21.56 2.17 45.407394 11.879810 1
6.04 -7.98 1.81 21.97 2.17 45.407394 11.879810 0
5.86 -7.96 1.75 21.71 2.17 45.407394 11.879810 0
5.89 -7.82 1.78 22.26 2.17 45.407394 11.879810 0
5.76 -7.75 1.69 22.31 2.17 45.407394 11.879810 0
5.62 -7.82 1.81 22.52 2.17 45.407394 11.879810 0
5.6 -7.86 1.72 22.16 2.17 45.407394 11.879810 0
5.98 -7.78 1.84 21.78 2.17 45.407394 11.879810 0
