6.1 -7.85 1.95 21.39 3.26 45.407843 11.899730 1 0
5.38 -7.81 1.72 21.85 3.26 45.407843 11.899730 1 0
5.75 -8.08 1.83 22.0 3.26 45.407843 11.899730 1 0
5.7 -7.99 2.37 22.0 3.26 45.407843 11.899730 1 0
5.48 -7.96 2.16 21.56 3.26 45.407843 11.899730 1 0
6.0 -7.96 2.22 22.05 3.26 45.407843 11.899730 1 0
6.1 -7.5 2.15 22.07 3.26 45.407843 11.899730 1 0
6.2 -7.86 2.04 22.07 3.26 45.407843 11.899730 1 0
6.21 -7.72 1.44 21.64 3.26 45.407843 11.899730 1 0
6.1 -7.67 1.87 21.95 3.26 45.407843 11.899730 1 0
6.05 -7.86 2.11 21.61 3.26 45.407843 11.899730 1 0
6.26 -7.85 1.91 22.05 3.26 45.407843 11.899730 1 0
6.21 -7.24 1.84 21.97 3.26 45.407843 11.899730 1 0
6.24 -7.56 2.22 21.45 3.26 45.407843 11.899730 1 0
5.73 -8.06 2.32 21.44 3.26 45.407843 11.899730 1 0
5.6 -7.83 2.15 21.9 2.83 45.407854 11.899766 0 0
5.99 -7.76 2.11 22.42 2.83 45.407854 11.899766 1 0
5.78 -7.58 1.94 22.05 2.83 45.407854 11.899766 0 0
5.95 -7.7 1.94 21.95 2.83 45.407854 11.899766 1 0
6.0 -7.9 1.73 21.92 2.83 45.407854 11.899766 1 0
6.1 -7.91 1.84 21.92 2.83 45.407854 11.899766 1 0
6.24 -7.84 1.71 21.97 2.83 45.407854 11.899766 1 0
6.17 -7.52 1.78 22.07 2.83 45.407854 11.899766 1 0
6.26 -7.73 1.59 22.02 2.83 45.407854 11.899766 1 0
6.02 -7.58 1.63 21.99 2.83 45.407854 11.899766 1 0
5.97 -8.0 1.5 21.56 2.83 45.407854 11.899766 1 0
6.32 -7.91 1.39 22.0 2.83 45.407854 11.899766 1 0
6.03 -7.78 1.68 21.99 2.83 45.407854 11.899766 1 0
5.8 -7.67 1.79 22.0 2.83 45.407854 11.899766 1 0
5.58 -7.94 1.98 21.56 2.83 45.407854 11.899766 1 0
5.39 -8.37 2.13 21.95 2.83 45.407854 11.899766 1 0
5.62 -7.98 1.9 21.75 2.83 45.407854 11.899766 1 0
5.62 -8.13 1.87 21.97 2.97 45.407857 11.899805 0 0
5.67 -7.58 2.69 22.0 2.97 45.407857 11.899805 1 0
6.14 -7.7 2.51 21.93 2.97 45.407857 11.899805 0 0
