8.01 -11.04 2.39 22.83 2.16 45.406309 11.894346 1
3.35 -6.5 1.94 25.45 2.16 45.406309 11.894346 1
4.97 -5.54 1.9 26.1 2.16 45.406309 11.894346 1
3.34 -3.57 0.85 23.1 2.16 45.406309 11.894346 1
8.21 -12.58 -0.95 21.23 2.16 45.406309 11.894346 1
5.36 -12.67 2.84 20.56 2.16 45.406309 11.894346 1
5.99 -9.97 1.48 21.2 2.16 45.406309 11.894346 1
5.12 -8.04 1.2 21.75 2.16 45.406309 11.894346 1
3.15 -4.95 2.15 23.92 2.16 45.406309 11.894346 1
5.45 -7.31 1.26 21.8 2.16 45.406309 11.894346 1
6.34 -5.97 1.67 20.19 2.16 45.406309 11.894346 1
8.35 -9.13 2.18 20.48 2.53 45.406301 11.894379 0
6.58 -7.86 2.26 21.52 2.53 45.406301 11.894379 1
5.72 -7.54 1.9 24.11 2.53 45.406301 11.894379 0
4.5 -6.56 2.32 24.25 2.53 45.406301 11.894379 1
3.32 -8.02 1.75 24.47 2.53 45.406301 11.894379 1
6.46 -8.38 2.52 22.84 2.53 45.406301 11.894379 1
5.96 -12.52 0.86 22.95 2.53 45.406301 11.894379 1
5.0 -8.0 1.5 24.64 2.53 45.406301 11.894379 1
4.99 -6.93 1.76 21.15 2.53 45.406301 11.894379 1
5.63 -6.61 1.78 20.41 2.53 45.406301 11.894379 1
6.78 -10.35 2.51 20.37 2.53 45.406301 11.894379 1
6.54 -8.48 1.75 22.5 2.53 45.406301 11.894379 1
5.19 -6.51 1.08 23.14 2.53 45.406301 11.894379 1
6.55 -5.94 1.33 23.27 2.53 45.406301 11.894379 1
6.03 -5.85 1.72 22.84 2.53 45.406301 11.894379 1
7.49 -9.44 1.76 23.58 2.53 45.406301 11.894379 1
6.51 -9.3 1.33 22.48 2.53 45.406301 11.894379 1
4.09 -7.74 1.46 23.26 2.53 45.406301 11.894379 1
4.81 -7.17 1.88 22.09 2.63 45.406298 11.894415 0
5.72 -8.88 1.22 22.24 2.63 45.406298 11.894415 1
6.38 -7.67 2.17 22.76 2.63 45.406298 11.894415 0
4.99 -8.97 1.74 21.73 2.63 45.406298 11.894415 1
5.3 -9.69 1.22 23.51 2.63 45.406298 11.894415 1
6.58 -5.77 2.19 22.55 2.63 45.406298 11.894415 1
