5.01 -7.45 1.66 22.19 2.63 45.406298 11.894415 1
5.59 -7.39 2.15 22.76 2.63 45.406298 11.894415 1
6.21 -7.84 1.84 22.36 2.63 45.406298 11.894415 1
6.11 -7.69 1.27 22.26 2.63 45.406298 11.894415 1
6.44 -8.85 1.01 21.64 2.63 45.406298 11.894415 1
5.55 -8.49 1.68 21.93 2.63 45.406298 11.894415 1
5.55 -7.1 1.85 21.45 2.63 45.406298 11.894415 1
5.67 -7.69 1.87 21.73 2.63 45.406298 11.894415 1
5.81 -7.82 1.68 22.09 2.63 45.406298 11.894415 1
5.97 -8.12 1.64 21.9 2.63 45.406298 11.894415 1
5.48 -7.66 1.81 22.59 2.63 45.406298 11.894415 1
5.64 -8.03 1.7 22.19 2.9 45.406299 11.894456 0
5.83 -7.14 1.7 22.55 2.9 45.406299 11.894456 1
6.32 -8.7 1.53 22.52 2.9 45.406299 11.894456 0
6.14 -8.22 1.81 22.45 2.9 45.406299 11.894456 1
5.61 -7.92 1.74 22.74 2.9 45.406299 11.894456 1
5.41 -7.21 1.82 22.19 2.9 45.406299 11.894456 1
5.96 -8.5 1.68 21.93 2.9 45.406299 11.894456 1
6.12 -8.41 1.74 21.78 2.9 45.406299 11.894456 1
5.46 -8.17 1.85 21.99 2.9 45.406299 11.894456 1
5.42 -8.14 2.04 22.42 2.9 45.406299 11.894456 1
6.19 -7.8 1.88 22.09 2.9 45.406299 11.894456 1
6.1 -7.61 1.9 22.76 2.9 45.406299 11.894456 1
5.44 -8.14 1.92 22.16 2.9 45.406299 11.894456 1
5.87 -7.86 1.66 22.57 2.9 45.406299 11.894456 1
5.65 -7.55 1.82 22.57 2.9 45.406299 11.894456 1
5.81 -8.19 2.05 22.0 2.9 45.406299 11.894456 1
5.9 -8.37 1.95 21.78 2.9 45.406299 11.894456 1
5.68 -8.43 1.75 21.49 2.9 45.406299 11.894456 1
5.47 -7.71 1.76 22.04 2.31 45.406301 11.894491 0
5.79 -7.7 1.88 21.52 2.31 45.406301 11.894491 1
6.23 -7.58 1.9 21.85 2.31 45.406301 11.894491 0
6.2 -7.89 1.72 22.35 2.31 45.406301 11.894491 1
5.79 -8.03 1.7 22.04 2.31 45.406301 11.894491 1
5.91 -7.78 1.5 22.09 2.31 45.406301 11.894491 1
