8.67 -6.67 -0.59 22.47 4.15 45.877420 12.306842 0
5.62 -8.78 1.48 22.11 4.15 45.877420 12.306842 0
6.97 -9.35 1.21 22.19 4.15 45.877420 12.306842 0
5.8 -6.49 2.04 22.19 4.15 45.877420 12.306842 0
8.44 -10.74 0.58 22.67 4.15 45.877420 12.306842 0
5.96 -8.07 4.73 21.71 4.15 45.877420 12.306842 0
7.31 -9.53 3.45 23.03 4.15 45.877420 12.306842 0
5.93 -8.12 2.0 22.42 4.15 45.877420 12.306842 0
6.35 -7.11 3.1 23.19 4.15 45.877420 12.306842 0
5.07 -7.41 1.56 23.65 3.78 45.877404 12.306882 1
5.54 -9.87 1.39 22.33 3.78 45.877404 12.306882 0
5.47 -9.42 2.15 22.07 3.78 45.877404 12.306882 1
5.77 -7.76 1.62 22.16 3.78 45.877404 12.306882 0
5.92 -7.36 1.77 22.43 3.78 45.877404 12.306882 0
5.9 -6.8 2.49 22.21 3.78 45.877404 12.306882 0
6.47 -8.25 1.97 23.1 3.78 45.877404 12.306882 0
5.98 -8.23 2.06 22.88 3.78 45.877404 12.306882 0
6.01 -7.53 1.34 22.71 3.78 45.877404 12.306882 0
5.73 -7.8 1.9 23.91 3.78 45.877404 12.306882 0
6.03 -8.03 1.25 22.98 3.78 45.877404 12.306882 0
5.05 -8.7 1.15 22.98 3.78 45.877404 12.306882 0
5.79 -7.74 1.98 23.34 3.78 45.877404 12.306882 0
6.07 -8.04 2.39 23.5 3.78 45.877404 12.306882 0
5.51 -7.86 2.94 22.84 3.78 45.877404 12.306882 0
5.32 -7.32 1.56 22.83 3.78 45.877404 12.306882 0
6.3 -7.69 2.51 22.9 3.78 45.877404 12.306882 0
5.12 -7.36 1.8 22.31 3.82 45.877407 12.306929 1
7.71 -7.07 2.13 22.5 3.82 45.877407 12.306929 0
6.95 -7.8 2.23 24.3 3.82 45.877407 12.306929 1
5.75 -8.69 1.54 26.29 3.82 45.877407 12.306929 0
4.89 -5.95 1.84 23.53 3.82 45.877407 12.306929 0
8.49 -11.16 1.61 22.59 3.82 45.877407 12.306929 0
5.37 -8.3 2.7 23.5 3.82 45.877407 12.306929 0
6.08 -6.03 1.6 23.39 3.82 45.877407 12.306929 0
5.03 -7.02 1.11 22.88 3.82 45.877407 12.306929 0
