6.29 -8.14 1.88 21.9 1.62 45.406291 11.894024 1 1
6.08 -8.07 1.97 21.88 1.62 45.406291 11.894024 1 1
5.61 -7.75 2.14 23.07 1.62 45.406291 11.894024 1 1
5.73 -7.84 2.02 22.0 1.62 45.406291 11.894024 1 1
6.23 -8.03 1.72 22.96 1.62 45.406291 11.894024 1 1
6.32 -7.79 1.8 22.05 1.62 45.406291 11.894024 1 1
5.99 -7.69 2.08 22.28 1.62 45.406291 11.894024 1 1
5.6 -8.12 1.93 22.57 1.62 45.406291 11.894024 1 1
5.44 -8.2 1.55 22.05 1.62 45.406291 11.894024 1 1
5.71 -7.7 1.59 22.29 1.62 45.406291 11.894024 1 1
6.01 -7.58 1.88 22.38 1.62 45.406291 11.894024 1 1
5.66 -7.87 1.85 21.9 2.16 45.406288 11.894050 0 1
5.29 -7.86 1.67 22.5 2.16 45.406288 11.894050 1 1
5.91 -7.83 1.78 22.05 2.16 45.406288 11.894050 0 1
6.66 -8.0 2.05 21.66 2.16 45.406288 11.894050 1 1
6.27 -7.78 2.03 21.95 2.16 45.406288 11.894050 1 1
5.63 -7.31 1.73 22.76 2.16 45.406288 11.894050 1 1
5.96 -7.4 1.5 22.09 2.16 45.406288 11.894050 1 1
6.34 -7.89 1.5 22.64 2.16 45.406288 11.894050 1 1
5.81 -8.29 1.63 21.9 2.16 45.406288 11.894050 1 1
5.4 -8.49 1.74 22.4 2.16 45.406288 11.894050 1 1
5.8 -8.18 1.77 22.81 2.16 45.406288 11.894050 1 1
6.08 -7.58 1.76 22.05 2.16 45.406288 11.894050 1 1
5.9 -7.78 1.82 22.26 2.16 45.406288 11.894050 1 1
6.05 -8.43 1.87 22.04 2.16 45.406288 11.894050 1 1
6.39 -8.02 1.72 23.07 2.16 45.406288 11.894050 1 1
6.1 -7.09 1.56 22.19 2.16 45.406288 11.894050 1 1
5.57 -7.37 1.76 22.36 2.16 45.406288 11.894050 1 1
5.67 -8.31 2.05 22.71 2.31 45.406279 11.894081 0 1
6.15 -8.2 1.94 22.35 2.31 45.406279 11.894081 1 1
6.19 -7.51 1.67 22.91 2.31 45.406279 11.894081 0 1
5.82 -7.57 1.67 21.92 2.31 45.406279 11.894081 1 1
5.51 -8.17 1.8 22.14 2.31 45.406279 11.894081 1 1
5.5 -8.35 1.82 21.8 2.31 45.406279 11.894081 1 1
5.67 -8.18 1.89 21.83 2.31 45.406279 11.894081 1 1
