6.2 -7.71 1.99 21.66 1.22 45.408431 11.890076 0
6.26 -7.55 1.97 22.07 1.22 45.408431 11.890076 1
6.55 -7.06 2.16 21.97 1.22 45.408431 11.890076 1
6.75 -7.26 2.03 21.87 1.22 45.408431 11.890076 0
6.45 -7.48 2.13 21.8 1.22 45.408431 11.890076 1
6.01 -7.7 2.13 21.88 1.22 45.408431 11.890076 0
6.09 -7.74 2.01 21.88 1.22 45.408431 11.890076 1
5.9 -7.91 1.86 21.56 1.22 45.408431 11.890076 1
5.58 -8.13 1.64 22.31 1.22 45.408431 11.890076 1
5.51 -8.04 1.32 21.9 1.22 45.408431 11.890076 1
5.49 -8.28 1.52 21.95 1.22 45.408431 11.890076 1
6.08 -7.64 1.82 22.07 1.22 45.408431 11.890076 1
6.18 -7.57 1.66 22.48 1.22 45.408431 11.890076 1
6.29 -7.48 1.58 22.07 1.22 45.408431 11.890076 1
6.47 -7.33 1.87 22.04 1.22 45.408431 11.890076 1
6.49 -7.39 1.81 22.12 1.22 45.408431 11.890076 1
6.35 -7.48 1.78 22.07 1.22 45.408431 11.890076 1
5.93 -7.54 1.36 22.54 1.22 45.408431 11.890076 1
5.97 -7.54 0.99 22.07 1.22 45.408431 11.890076 1
5.79 -7.79 1.27 21.81 1.22 45.408431 11.890076 1
5.91 -7.9 1.83 21.93 1.46 45.408425 11.890057 0
5.64 -7.92 1.64 21.85 1.46 45.408425 11.890057 1
5.82 -7.83 1.95 21.92 1.46 45.408425 11.890057 0
5.94 -8.04 1.96 22.0 1.46 45.408425 11.890057 1
5.81 -7.72 1.96 21.97 1.46 45.408425 11.890057 1
6.34 -7.61 1.89 21.8 1.46 45.408425 11.890057 1
5.87 -7.99 1.68 21.95 1.46 45.408425 11.890057 1
6.01 -7.87 1.54 22.02 1.46 45.408425 11.890057 1
5.8 -7.54 1.84 22.02 1.46 45.408425 11.890057 1
6.23 -7.59 2.05 22.43 1.46 45.408425 11.890057 1
6.55 -7.69 1.86 22.02 1.46 45.408425 11.890057 1
5.97 -7.82 1.89 22.09 1.46 45.408425 11.890057 1
5.93 -7.74 1.96 22.17 1.46 45.408425 11.890057 1
5.84 -7.57 1.93 22.17 1.46 45.408425 11.890057 1
5.81 -7.98 1.89 22.47 1.46 45.408425 11.890057 1
5.68 -8.1 1.74 21.93 1.46 45.408425 11.890057 1
5.8 -8.23 1.93 21.87 1.46 45.408425 11.890057 1
5.73 -8.04 1.9 22.02 1.46 45.408425 11.890057 1
5.39 -7.71 1.86 22.43 2.47 45.408410 11.890023 0
5.84 -7.36 1.93 21.97 2.47 45.408410 11.890023 1
6.14 -7.63 1.79 21.87 2.47 45.408410 11.890023 0
6.35 -7.93 2.13 21.97 2.47 45.408410 11.890023 1
6.12 -7.95 1.76 22.04 2.47 45.408410 11.890023 1
5.71 -7.5 1.75 22.09 2.47 45.408410 11.890023 1
6.19 -7.8 1.69 21.92 2.47 45.408410 11.890023 1
5.69 -7.78 1.47 21.35 2.47 45.408410 11.890023 1
6.0 -8.04 1.47 21.92 2.47 45.408410 11.890023 1
5.53 -8.55 1.55 22.09 2.47 45.408410 11.890023 1
5.43 -7.74 1.33 22.23 2.47 45.408410 11.890023 1
5.95 -7.09 1.62 22.54 2.47 45.408410 11.890023 1
5.71 -8.15 1.48 21.97 2.47 45.408410 11.890023 1
6.28 -8.35 1.62 21.47 2.47 45.408410 11.890023 1
5.81 -8.13 1.9 22.52 2.47 45.408410 11.890023 1
5.88 -7.83 1.85 22.17 2.47 45.408410 11.890023 1
5.91 -7.16 1.87 22.07 2.47 45.408410 11.890023 1
6.04 -7.58 1.77 21.51 2.83 45.408397 11.889990 0
6.26 -8.16 1.75 22.31 2.83 45.408397 11.889990 1
5.9 -7.98 1.94 21.99 2.83 45.408397 11.889990 0
5.66 -8.09 1.92 22.02 2.83 45.408397 11.889990 1
5.65 -7.54 1.89 22.11 2.83 45.408397 11.889990 1
5.72 -8.0 2.18 21.97 2.83 45.408397 11.889990 1
5.83 -7.8 1.77 21.87 2.83 45.408397 11.889990 1
6.05 -8.18 1.88 21.97 2.83 45.408397 11.889990 1
5.75 -7.84 1.96 21.81 2.83 45.408397 11.889990 1
5.74 -7.5 1.85 22.12 2.83 45.408397 11.889990 1
5.97 -7.57 1.88 22.02 2.83 45.408397 11.889990 1
6.37 -8.03 1.87 21.99 2.83 45.408397 11.889990 1
5.97 -7.86 1.75 21.68 2.83 45.408397 11.889990 1
5.99 -7.68 1.83 21.71 2.83 45.408397 11.889990 1
5.8 -7.56 1.6 22.07 2.83 45.408397 11.889990 1
6.1 -7.47 1.62 22.09 2.83 45.408397 11.889990 1
6.1 -8.19 1.62 22.0 2.83 45.408397 11.889990 1
5.5 -7.75 1.58 21.9 2.83 45.408397 11.889990 1
5.71 -7.95 1.65 21.85 2.96 45.408384 11.889955 0
5.7 -7.68 1.74 21.78 2.96 45.408384 11.889955 1
6.17 -8.12 1.37 21.57 2.96 45.408384 11.889955 0
5.71 -7.73 1.79 21.95 2.96 45.408384 11.889955 1
5.95 -7.73 1.82 21.71 2.96 45.408384 11.889955 1
5.94 -8.06 1.76 22.0 2.96 45.408384 11.889955 1
6.0 -7.73 1.89 22.02 2.96 45.408384 11.889955 1
5.89 -7.81 1.91 21.9 2.96 45.408384 11.889955 1
6.08 -8.02 1.89 22.0 2.96 45.408384 11.889955 1
5.83 -7.72 1.76 22.02 2.96 45.408384 11.889955 1
5.44 -8.01 1.93 21.57 2.96 45.408384 11.889955 1
6.14 -8.1 1.87 22.12 2.96 45.408384 11.889955 1
5.25 -7.8 1.89 22.14 2.96 45.408384 11.889955 1
5.87 -8.06 1.89 22.33 2.96 45.408384 11.889955 1
5.77 -7.76 1.69 21.81 2.96 45.408384 11.889955 1
5.88 -7.82 1.74 21.83 2.96 45.408384 11.889955 1
6.08 -8.71 1.4 22.12 2.96 45.408384 11.889955 1
5.78 -7.8 1.85 21.92 2.82 45.408371 11.889924 0
5.85 -7.72 1.65 21.85 2.82 45.408371 11.889924 1
6.14 -8.47 1.54 21.95 2.82 45.408371 11.889924 0
5.89 -7.63 1.68 21.99 2.82 45.408371 11.889924 1
5.92 -7.61 1.71 21.95 2.82 45.408371 11.889924 1
5.81 -7.65 1.68 21.97 2.82 45.408371 11.889924 1
5.66 -8.01 1.62 21.51 2.82 45.408371 11.889924 1
5.64 -8.06 1.58 21.51 2.82 45.408371 11.889924 1
5.59 -8.26 1.51 21.61 2.82 45.408371 11.889924 1
5.74 -7.75 1.58 21.66 2.82 45.408371 11.889924 1
5.83 -7.99 1.67 21.68 2.82 45.408371 11.889924 1
5.5 -8.04 1.85 21.69 2.82 45.408371 11.889924 1
5.93 -7.6 1.73 21.61 2.82 45.408371 11.889924 1
6.26 -7.91 1.86 21.97 2.82 45.408371 11.889924 1
6.22 -7.79 1.57 22.07 2.82 45.408371 11.889924 1
5.87 -8.09 1.77 22.33 2.82 45.408371 11.889924 1
5.68 -7.75 1.83 22.23 2.82 45.408371 11.889924 1
5.92 -7.42 1.99 21.87 2.82 45.408371 11.889924 1
5.95 -7.89 1.95 22.12 2.93 45.408365 11.889888 0
5.84 -8.6 2.09 22.09 2.93 45.408365 11.889888 1
5.54 -8.06 1.8 22.0 2.93 45.408365 11.889888 0
5.87 -7.98 1.97 22.0 2.93 45.408365 11.889888 1
5.47 -8.0 1.79 21.51 2.93 45.408365 11.889888 1
6.01 -7.84 1.31 21.92 2.93 45.408365 11.889888 1
6.02 -7.85 1.54 22.35 2.93 45.408365 11.889888 1
5.97 -8.06 1.82 21.93 2.93 45.408365 11.889888 1
6.25 -7.61 1.78 22.09 2.93 45.408365 11.889888 1
5.81 -7.6 1.85 22.04 2.93 45.408365 11.889888 1
6.04 -7.64 1.59 22.02 2.93 45.408365 11.889888 1
5.9 -7.96 1.7 21.97 2.93 45.408365 11.889888 1
5.9 -7.97 1.77 22.04 2.93 45.408365 11.889888 1
5.64 -7.79 1.76 22.14 2.93 45.408365 11.889888 1
5.97 -7.84 1.47 22.23 2.93 45.408365 11.889888 1
5.58 -7.88 1.44 22.17 2.93 45.408365 11.889888 1
5.9 -7.84 1.7 21.9 2.93 45.408365 11.889888 1
6.08 -8.02 1.84 21.97 2.63 45.408362 11.889856 0
6.1 -8.08 1.86 21.97 2.63 45.408362 11.889856 1
6.09 -7.73 2.02 21.99 2.63 45.408362 11.889856 0
6.01 -7.78 1.64 21.92 2.63 45.408362 11.889856 1
5.83 -7.65 2.06 21.93 2.63 45.408362 11.889856 1
5.94 -7.89 1.63 21.9 2.63 45.408362 11.889856 1
6.08 -7.98 1.83 21.51 2.63 45.408362 11.889856 1
5.88 -7.71 1.88 21.97 2.63 45.408362 11.889856 1
5.91 -8.04 2.05 22.02 2.63 45.408362 11.889856 1
5.72 -7.73 1.95 22.12 2.63 45.408362 11.889856 1
5.55 -7.79 1.81 23.34 2.63 45.408362 11.889856 1
5.97 -7.71 1.69 22.02 2.63 45.408362 11.889856 1
5.87 -8.16 1.79 21.56 2.63 45.408362 11.889856 1
6.07 -7.81 1.92 22.14 2.63 45.408362 11.889856 1
5.95 -7.62 1.65 22.23 2.63 45.408362 11.889856 1
5.92 -7.5 1.64 22.17 2.63 45.408362 11.889856 1
6.04 -7.64 1.54 22.29 2.63 45.408362 11.889856 1
6.16 -8.03 1.63 21.78 2.63 45.408362 11.889856 1
5.95 -7.9 1.61 21.78 2.61 45.408356 11.889822 0
5.93 -7.92 1.74 22.02 2.61 45.408356 11.889822 1
5.96 -7.71 1.61 21.9 2.61 45.408356 11.889822 0
5.83 -7.83 1.6 22.28 2.61 45.408356 11.889822 1
5.96 -7.83 1.56 22.47 2.61 45.408356 11.889822 1
5.77 -7.88 1.6 22.31 2.61 45.408356 11.889822 1
5.8 -7.87 1.68 22.02 2.61 45.408356 11.889822 1
5.49 -7.73 1.92 21.97 2.61 45.408356 11.889822 1
6.02 -8.11 1.92 22.07 2.61 45.408356 11.889822 1
6.08 -7.87 1.82 22.02 2.61 45.408356 11.889822 1
5.95 -7.48 1.99 21.63 2.61 45.408356 11.889822 1
6.04 -7.82 2.07 22.91 2.61 45.408356 11.889822 1
5.74 -7.9 1.79 22.57 2.61 45.408356 11.889822 1
5.95 -7.63 1.96 22.12 2.61 45.408356 11.889822 1
5.9 -7.77 1.85 22.12 2.61 45.408356 11.889822 1
5.94 -7.78 1.77 22.04 2.61 45.408356 11.889822 1
5.84 -8.0 1.85 21.97 2.61 45.408356 11.889822 1
5.79 -7.86 1.68 21.52 2.75 45.408346 11.889786 0
5.32 -7.91 1.71 21.4 2.75 45.408346 11.889786 1
5.89 -7.87 1.89 21.8 2.75 45.408346 11.889786 0
6.08 -8.2 2.01 21.75 2.75 45.408346 11.889786 1
6.21 -7.55 1.66 21.88 2.75 45.408346 11.889786 1
5.92 -7.75 1.73 22.04 2.75 45.408346 11.889786 1
6.01 -7.54 1.63 22.02 2.75 45.408346 11.889786 1
5.99 -7.86 1.8 21.56 2.75 45.408346 11.889786 1
6.04 -7.9 1.7 21.51 2.75 45.408346 11.889786 1
5.92 -7.87 1.52 22.02 2.75 45.408346 11.889786 1
6.17 -7.8 1.8 21.59 2.75 45.408346 11.889786 1
5.85 -7.81 1.67 22.02 2.75 45.408346 11.889786 1
5.73 -7.86 1.6 22.02 2.75 45.408346 11.889786 1
5.73 -7.97 1.52 21.57 2.75 45.408346 11.889786 1
5.69 -7.97 1.58 22.09 2.75 45.408346 11.889786 1
5.66 -7.8 1.86 22.07 2.75 45.408346 11.889786 1
5.77 -8.22 1.78 21.56 2.75 45.408346 11.889786 1
6.1 -7.83 1.94 21.97 2.75 45.408346 11.889786 1
5.75 -7.81 1.9 22.47 3.06 45.408333 11.889747 0
6.1 -7.68 1.95 22.12 3.06 45.408333 11.889747 1
5.74 -7.73 2.1 21.52 3.06 45.408333 11.889747 0
6.01 -7.88 1.72 22.36 3.06 45.408333 11.889747 1
5.67 -8.14 1.63 21.97 3.06 45.408333 11.889747 1
5.71 -7.93 1.72 21.97 3.06 45.408333 11.889747 1
5.93 -7.91 2.12 21.85 3.06 45.408333 11.889747 1
5.72 -7.77 1.53 22.26 3.06 45.408333 11.889747 1
5.96 -7.65 1.7 22.12 3.06 45.408333 11.889747 1
5.97 -7.91 2.04 22.07 3.06 45.408333 11.889747 1
5.6 -7.37 1.38 22.02 3.06 45.408333 11.889747 1
5.82 -8.24 1.65 21.8 3.06 45.408333 11.889747 1
6.16 -7.46 1.71 21.57 3.06 45.408333 11.889747 1
6.38 -8.08 1.94 22.07 3.06 45.408333 11.889747 1
5.81 -7.37 1.92 22.38 3.06 45.408333 11.889747 1
5.66 -7.76 1.72 21.87 3.06 45.408333 11.889747 1
5.86 -7.39 1.89 21.75 3.06 45.408333 11.889747 1
5.98 -8.38 1.81 21.71 3.11 45.408317 11.889709 0
6.2 -8.32 1.97 22.11 3.11 45.408317 11.889709 1
5.47 -8.04 1.92 22.02 3.11 45.408317 11.889709 0
5.39 -7.26 1.82 22.04 3.11 45.408317 11.889709 1
5.61 -7.82 1.47 21.95 3.11 45.408317 11.889709 1
6.45 -7.76 2.08 21.51 3.11 45.408317 11.889709 1
5.98 -8.07 1.86 21.92 3.11 45.408317 11.889709 1
5.99 -7.61 1.95 22.21 3.11 45.408317 11.889709 1
5.97 -7.78 1.94 22.23 3.11 45.408317 11.889709 1
5.99 -7.47 1.85 22.26 3.11 45.408317 11.889709 1
6.26 -8.24 1.61 22.59 3.11 45.408317 11.889709 1
6.01 -7.93 1.74 22.55 3.11 45.408317 11.889709 1
5.91 -8.06 1.87 22.59 3.11 45.408317 11.889709 1
5.85 -8.05 1.75 22.12 3.11 45.408317 11.889709 1
5.83 -7.85 2.07 21.76 3.11 45.408317 11.889709 1
5.65 -8.0 1.8 22.23 3.11 45.408317 11.889709 1
5.98 -7.83 1.8 22.09 3.11 45.408317 11.889709 1
5.79 -7.92 1.9 21.97 3.11 45.408317 11.889709 1
6.31 -7.94 1.64 22.47 3.13 45.408308 11.889670 0
5.89 -7.97 1.64 22.02 3.13 45.408308 11.889670 1
5.94 -7.64 1.7 22.57 3.13 45.408308 11.889670 0
6.0 -7.86 1.81 22.02 3.13 45.408308 11.889670 1
6.14 -7.41 1.83 21.92 3.13 45.408308 11.889670 1
6.37 -8.45 2.08 21.83 3.13 45.408308 11.889670 1
5.7 -7.64 1.71 21.88 3.13 45.408308 11.889670 1
5.76 -7.9 1.42 21.81 3.13 45.408308 11.889670 1
5.42 -7.85 1.44 21.63 3.13 45.408308 11.889670 1
5.88 -7.98 1.59 21.99 3.13 45.408308 11.889670 1
6.09 -7.74 1.51 21.97 3.13 45.408308 11.889670 1
5.79 -7.85 1.62 22.12 3.13 45.408308 11.889670 1
5.78 -7.61 1.79 22.12 3.13 45.408308 11.889670 1
5.65 -7.59 1.98 22.04 3.13 45.408308 11.889670 1
6.04 -7.91 1.77 21.63 3.13 45.408308 11.889670 1
6.03 -7.91 2.09 22.43 3.13 45.408308 11.889670 1
6.04 -7.55 1.83 22.26 3.13 45.408308 11.889670 1
5.67 -7.45 1.93 22.36 3.3 45.408290 11.889631 0
6.06 -7.85 2.04 22.26 3.3 45.408290 11.889631 1
5.84 -7.85 2.06 22.24 3.3 45.408290 11.889631 0
5.95 -7.97 2.02 22.07 3.3 45.408290 11.889631 1
5.68 -7.86 1.87 21.61 3.3 45.408290 11.889631 1
5.6 -7.63 1.63 22.02 3.3 45.408290 11.889631 1
6.16 -7.95 1.52 21.92 3.3 45.408290 11.889631 1
5.91 -7.91 1.68 21.92 3.3 45.408290 11.889631 1
6.34 -7.45 1.78 21.95 3.3 45.408290 11.889631 1
6.02 -7.7 1.86 22.12 3.3 45.408290 11.889631 1
5.87 -7.53 1.81 22.07 3.3 45.408290 11.889631 1
6.07 -7.55 1.67 21.63 3.3 45.408290 11.889631 1
6.46 -8.09 1.41 21.95 3.3 45.408290 11.889631 1
6.14 -7.79 1.77 22.12 3.3 45.408290 11.889631 1
6.04 -7.85 1.48 22.23 3.3 45.408290 11.889631 1
5.5 -7.53 1.65 22.09 3.3 45.408290 11.889631 1
5.75 -8.05 1.66 21.73 3.3 45.408290 11.889631 1
5.72 -8.39 1.78 21.87 3.3 45.408290 11.889631 1
5.89 -7.94 1.67 21.99 3.43 45.408273 11.889592 0
5.7 -7.9 1.78 22.54 3.43 45.408273 11.889592 1
5.35 -6.7 1.75 21.95 3.43 45.408273 11.889592 0
3.23 -6.51 1.38 20.85 3.43 45.408273 11.889592 1
9.49 -5.73 1.92 22.02 3.43 45.408273 11.889592 1
6.06 -8.52 1.24 22.67 3.43 45.408273 11.889592 1
8.0 -8.06 2.41 26.65 3.43 45.408273 11.889592 1
4.98 -7.46 1.72 28.07 3.43 45.408273 11.889592 1
2.3 -0.32 0.89 24.2 3.43 45.408273 11.889592 1
4.38 -12.1 -1.23 21.76 3.43 45.408273 11.889592 1
5.96 -7.42 3.01 21.66 3.43 45.408273 11.889592 1
6.04 -12.42 1.67 21.9 3.43 45.408273 11.889592 1
5.24 -7.3 -0.13 21.76 3.43 45.408273 11.889592 1
6.18 -7.3 1.96 21.88 3.43 45.408273 11.889592 1
6.22 -6.9 1.83 21.61 3.43 45.408273 11.889592 1
6.14 -7.43 1.75 22.0 3.43 45.408273 11.889592 1
5.94 -7.73 1.74 21.85 3.43 45.408273 11.889592 1
5.81 -7.9 1.64 21.75 3.41 45.408260 11.889551 0
6.04 -7.82 1.71 21.9 3.41 45.408260 11.889551 1
6.1 -7.67 2.03 21.85 3.41 45.408260 11.889551 0
5.64 -7.95 1.86 21.9 3.41 45.408260 11.889551 1
5.46 -8.2 1.85 22.0 3.41 45.408260 11.889551 1
5.65 -8.19 1.69 22.11 3.41 45.408260 11.889551 1
5.38 -7.76 1.55 22.0 3.41 45.408260 11.889551 1
5.89 -7.84 1.42 22.5 3.41 45.408260 11.889551 1
5.81 -7.7 1.84 21.97 3.41 45.408260 11.889551 1
5.74 -8.09 1.79 22.0 3.41 45.408260 11.889551 1
5.91 -7.96 2.21 22.98 3.41 45.408260 11.889551 1
5.59 -7.92 1.89 22.52 3.41 45.408260 11.889551 1
5.61 -7.51 2.03 22.02 3.41 45.408260 11.889551 1
5.83 -8.28 1.58 21.56 3.41 45.408260 11.889551 1
6.03 -7.87 1.84 22.11 3.41 45.408260 11.889551 1
5.54 -8.01 1.73 22.17 3.41 45.408260 11.889551 1
5.42 -7.65 1.73 22.17 3.41 45.408260 11.889551 1
6.3 -7.45 1.42 21.87 3.41 45.408260 11.889551 1
6.19 -8.0 1.72 21.25 3.27 45.408251 11.889510 0
5.84 -8.58 1.9 21.8 3.27 45.408251 11.889510 1
6.27 -7.58 1.52 21.9 3.27 45.408251 11.889510 0
5.82 -7.28 1.85 21.9 3.27 45.408251 11.889510 1
5.66 -7.75 2.0 21.81 3.27 45.408251 11.889510 1
6.16 -8.13 1.75 21.9 3.27 45.408251 11.889510 1
6.01 -8.29 1.67 21.92 3.27 45.408251 11.889510 1
5.7 -7.95 1.6 22.21 3.27 45.408251 11.889510 1
5.42 -7.89 1.86 22.31 3.27 45.408251 11.889510 1
5.87 -7.53 1.76 22.26 3.27 45.408251 11.889510 1
6.09 -8.03 1.47 22.04 3.27 45.408251 11.889510 1
5.76 -7.95 1.72 22.16 3.27 45.408251 11.889510 1
6.27 -8.26 1.38 22.62 3.27 45.408251 11.889510 1
6.11 -7.75 1.43 22.11 3.27 45.408251 11.889510 1
6.06 -7.73 1.56 22.12 3.27 45.408251 11.889510 1
5.74 -7.98 1.83 22.05 3.27 45.408251 11.889510 1
5.88 -7.9 1.84 21.97 3.27 45.408251 11.889510 1
5.73 -8.27 1.8 21.85 3.14 45.408242 11.889473 0
5.83 -7.68 1.66 22.0 3.14 45.408242 11.889473 1
5.5 -8.09 1.43 22.0 3.14 45.408242 11.889473 0
5.78 -8.09 1.67 22.4 3.14 45.408242 11.889473 1
5.72 -8.09 2.04 21.95 3.14 45.408242 11.889473 1
5.95 -7.92 1.66 22.11 3.14 45.408242 11.889473 1
5.94 -7.72 1.67 22.09 3.14 45.408242 11.889473 1
5.6 -7.64 1.66 21.85 3.14 45.408242 11.889473 1
5.77 -8.14 1.85 21.8 3.14 45.408242 11.889473 1
6.08 -8.05 1.64 21.9 3.14 45.408242 11.889473 1
5.7 -8.3 1.76 22.0 3.14 45.408242 11.889473 1
5.75 -7.8 1.54 22.21 3.14 45.408242 11.889473 1
5.69 -7.78 1.87 22.12 3.14 45.408242 11.889473 1
6.06 -7.49 1.65 22.11 3.14 45.408242 11.889473 1
5.93 -8.14 1.83 22.05 3.14 45.408242 11.889473 1
5.88 -7.99 1.78 22.05 3.14 45.408242 11.889473 1
5.94 -7.96 1.52 22.07 3.14 45.408242 11.889473 1
5.93 -7.95 1.52 22.06 3.14 45.408242 11.889473 1
5.94 -7.97 1.52 22.08 3.14 45.408242 11.889473 1
5.93 -7.96 1.52 22.06 3.14 45.408242 11.889473 1
5.93 -7.95 1.52 22.07 3.14 45.408242 11.889473 1
5.94 -7.97 1.52 22.06 3.14 45.408242 11.889473 1
5.94 -7.97 1.53 22.07 3.14 45.408242 11.889473 1
5.95 -7.96 1.52 22.07 3.14 45.408242 11.889473 1
5.93 -7.96 1.51 22.07 3.14 45.408242 11.889473 1
5.93 -7.96 1.51 22.08 3.14 45.408242 11.889473 1
5.95 -7.96 1.52 22.08 3.14 45.408242 11.889473 1
5.95 -7.97 1.52 22.08 3.14 45.408242 11.889473 1
5.94 -7.96 1.52 22.06 3.14 45.408242 11.889473 1
5.95 -7.96 1.51 22.07 3.14 45.408242 11.889473 1
5.95 -7.96 1.52 22.07 3.14 45.408242 11.889473 1
5.94 -7.97 1.52 22.07 3.14 45.408242 11.889473 1
5.94 -7.96 1.51 22.06 3.14 45.408242 11.889473 1
5.95 -7.96 1.52 22.07 3.14 45.408242 11.889473 1
5.94 -7.95 1.52 22.07 3.14 45.408242 11.889473 1
5.94 -7.97 1.53 22.08 3.14 45.408242 11.889473 1
5.94 -7.95 1.53 22.07 3.14 45.408242 11.889473 1
5.95 -7.96 1.51 22.08 3.14 45.408242 11.889473 1
5.94 -7.96 1.52 22.07 3.14 45.408242 11.889473 1
5.94 -7.96 1.52 22.08 3.14 45.408242 11.889473 1
5.94 -7.97 1.53 22.06 3.14 45.408242 11.889473 1
5.94 -7.96 1.52 22.07 3.14 45.408242 11.889473 1
5.94 -7.96 1.51 22.07 3.14 45.408242 11.889473 1
5.93 -7.96 1.51 22.08 3.14 45.408242 11.889473 1
5.95 -7.96 1.52 22.07 3.14 45.408242 11.889473 1
5.94 -7.95 1.53 22.06 3.14 45.408242 11.889473 1
5.94 -7.96 1.52 22.07 3.14 45.408242 11.889473 1
5.94 -7.96 1.52 22.07 3.14 45.408242 11.889473 1
5.93 -7.97 1.52 22.07 3.14 45.408242 11.889473 1
5.94 -7.96 1.53 22.07 3.14 45.408242 11.889473 1
