5.77 -8.2 1.86 22.42 2.54 45.408361 11.890069 0
5.9 -7.97 1.53 22.55 2.54 45.408361 11.890069 1
5.87 -7.63 1.39 22.17 2.54 45.408361 11.890069 1
6.06 -7.73 1.78 21.71 2.54 45.408361 11.890069 1
5.97 -7.69 1.76 22.04 2.54 45.408361 11.890069 1
6.26 -7.88 1.93 22.09 2.54 45.408361 11.890069 1
6.33 -7.43 1.51 21.54 2.54 45.408361 11.890069 1
6.14 -7.69 1.71 21.78 2.54 45.408361 11.890069 1
5.88 -7.92 1.59 21.33 2.54 45.408361 11.890069 0
5.84 -7.78 1.58 21.83 2.54 45.408361 11.890069 1
5.84 -7.95 1.57 21.92 2.54 45.408361 11.890069 0
5.51 -8.06 1.41 21.42 2.54 45.408361 11.890069 1
5.43 -8.09 1.64 21.87 2.54 45.408361 11.890069 1
5.87 -8.1 1.76 21.33 2.54 45.408361 11.890069 1
5.99 -7.41 2.2 21.83 2.54 45.408361 11.890069 1
6.17 -7.99 1.77 21.88 2.54 45.408361 11.890069 1
5.77 -7.77 1.72 22.04 2.54 45.408361 11.890069 1
6.24 -7.58 1.85 22.09 2.54 45.408361 11.890069 1
6.42 -7.41 2.03 22.07 2.54 45.408361 11.890069 1
6.03 -7.49 1.97 22.04 2.54 45.408361 11.890069 1
6.26 -8.0 1.93 22.04 2.54 45.408361 11.890069 1
6.31 -7.56 1.92 22.05 2.54 45.408361 11.890069 1
6.11 -7.55 1.88 22.52 2.54 45.408361 11.890069 1
5.97 -7.58 1.96 22.09 2.54 45.408361 11.890069 1
5.89 -7.98 2.0 21.78 2.54 45.408361 11.890069 1
5.82 -8.06 2.12 21.93 2.66 45.408353 11.890041 0
5.63 -7.71 2.15 21.97 2.66 45.408353 11.890041 1
5.96 -7.77 1.7 21.93 2.66 45.408353 11.890041 0
6.18 -7.76 1.79 21.99 2.66 45.408353 11.890041 1
5.88 -7.82 1.76 21.47 2.66 45.408353 11.890041 1
5.64 -7.78 1.47 21.52 2.66 45.408353 11.890041 1
5.92 -7.97 1.82 21.93 2.66 45.408353 11.890041 1
6.25 -7.94 1.9 21.87 2.66 45.408353 11.890041 1
6.2 -7.57 1.87 22.04 2.66 45.408353 11.890041 1
5.99 -7.6 1.84 22.09 2.66 45.408353 11.890041 1
6.18 -7.45 1.71 22.11 2.66 45.408353 11.890041 1
6.06 -7.6 1.91 22.0 2.66 45.408353 11.890041 1
6.39 -8.33 1.7 21.97 2.66 45.408353 11.890041 1
5.88 -7.71 1.6 22.09 2.66 45.408353 11.890041 1
5.73 -7.92 1.41 22.19 2.66 45.408353 11.890041 1
5.7 -7.67 1.54 22.19 2.66 45.408353 11.890041 1
5.92 -7.92 1.81 21.9 2.66 45.408353 11.890041 1
6.06 -7.9 1.72 21.47 2.66 45.408353 11.890041 1
5.79 -8.19 1.75 21.95 2.73 45.408345 11.890010 0
6.0 -7.39 1.86 22.11 2.73 45.408345 11.890010 1
6.07 -7.56 1.86 22.14 2.73 45.408345 11.890010 0
6.07 -7.52 2.02 21.97 2.73 45.408345 11.890010 1
6.22 -7.88 1.87 21.28 2.73 45.408345 11.890010 1
6.45 -8.01 1.7 22.21 2.73 45.408345 11.890010 1
6.19 -7.61 2.04 21.9 2.73 45.408345 11.890010 1
5.62 -7.72 1.75 22.0 2.73 45.408345 11.890010 1
5.86 -7.67 1.81 22.04 2.73 45.408345 11.890010 1
5.7 -8.04 1.89 21.45 2.73 45.408345 11.890010 1
6.03 -7.99 1.75 21.99 2.73 45.408345 11.890010 1
5.86 -7.95 1.64 22.66 2.73 45.408345 11.890010 1
5.78 -7.8 1.78 22.4 2.73 45.408345 11.890010 1
5.64 -7.13 1.95 21.92 2.73 45.408345 11.890010 1
6.17 -7.82 1.87 22.09 2.73 45.408345 11.890010 1
6.12 -7.85 1.59 23.51 2.73 45.408345 11.890010 1
6.1 -8.21 1.81 21.63 2.73 45.408345 11.890010 1
6.31 -8.12 1.58 21.87 2.69 45.408335 11.889981 0
6.12 -7.3 1.87 21.97 2.69 45.408335 11.889981 1
6.07 -7.14 1.77 21.8 2.69 45.408335 11.889981 0
5.98 -7.69 1.48 21.87 2.69 45.408335 11.889981 1
5.91 -8.26 1.42 21.87 2.69 45.408335 11.889981 1
5.92 -7.92 1.94 21.87 2.69 45.408335 11.889981 1
5.74 -7.89 1.63 22.38 2.69 45.408335 11.889981 1
5.95 -7.56 2.23 22.12 2.69 45.408335 11.889981 1
5.81 -7.84 1.75 22.47 2.69 45.408335 11.889981 1
6.03 -8.0 1.57 21.95 2.69 45.408335 11.889981 1
6.06 -7.99 1.99 21.99 2.69 45.408335 11.889981 1
5.97 -7.62 1.85 22.09 2.69 45.408335 11.889981 1
6.0 -7.81 1.87 22.52 2.69 45.408335 11.889981 1
6.08 -7.41 1.92 22.0 2.69 45.408335 11.889981 1
6.12 -7.79 1.76 22.04 2.69 45.408335 11.889981 1
6.26 -7.97 1.65 22.19 2.69 45.408335 11.889981 1
5.7 -7.94 2.14 22.02 2.69 45.408335 11.889981 1
5.79 -7.53 1.93 22.57 2.69 45.408335 11.889981 1
5.72 -7.93 1.99 23.2 3.0 45.408325 11.889945 0
5.48 -8.02 1.9 21.83 3.0 45.408325 11.889945 1
6.22 -8.48 1.96 21.87 3.0 45.408325 11.889945 0
5.94 -7.67 1.69 21.99 3.0 45.408325 11.889945 1
6.19 -7.57 1.71 21.97 3.0 45.408325 11.889945 1
5.99 -7.36 1.66 21.97 3.0 45.408325 11.889945 1
6.22 -7.82 1.63 22.4 3.0 45.408325 11.889945 1
6.05 -7.92 1.57 21.57 3.0 45.408325 11.889945 1
5.96 -7.67 1.63 22.02 3.0 45.408325 11.889945 1
6.01 -7.86 1.81 21.87 3.0 45.408325 11.889945 1
6.12 -7.89 1.62 22.04 3.0 45.408325 11.889945 1
6.18 -8.01 1.54 22.24 3.0 45.408325 11.889945 1
5.87 -7.67 1.4 22.81 3.0 45.408325 11.889945 1
5.51 -7.5 1.62 22.28 3.0 45.408325 11.889945 1
5.64 -7.89 1.68 22.04 3.0 45.408325 11.889945 1
6.11 -8.29 1.67 21.47 3.0 45.408325 11.889945 1
5.84 -8.07 1.84 21.83 3.0 45.408325 11.889945 1
5.61 -7.92 1.99 21.93 1.95 45.408326 11.889922 0
5.99 -7.42 1.87 21.57 1.95 45.408326 11.889922 1
6.38 -7.56 1.94 22.05 1.95 45.408326 11.889922 0
5.91 -7.64 1.6 21.73 1.95 45.408326 11.889922 1
5.97 -7.75 1.76 22.04 1.95 45.408326 11.889922 1
5.68 -7.99 2.08 21.15 1.95 45.408326 11.889922 1
6.19 -8.05 1.95 21.66 1.95 45.408326 11.889922 1
5.71 -8.55 2.02 21.99 1.95 45.408326 11.889922 1
5.79 -7.58 2.07 22.24 1.95 45.408326 11.889922 1
5.52 -7.69 1.75 22.24 1.95 45.408326 11.889922 1
5.95 -7.41 1.95 21.73 1.95 45.408326 11.889922 1
5.74 -8.57 1.91 22.0 1.95 45.408326 11.889922 1
5.93 -7.71 1.72 21.47 1.95 45.408326 11.889922 1
6.16 -8.1 1.59 21.54 1.95 45.408326 11.889922 1
5.77 -7.76 1.8 22.14 1.95 45.408326 11.889922 1
6.0 -7.83 1.7 22.62 1.95 45.408326 11.889922 1
6.27 -7.21 1.76 22.12 1.95 45.408326 11.889922 1
5.89 -8.0 1.82 21.68 1.95 45.408326 11.889922 1
6.14 -7.82 1.68 22.04 2.49 45.408318 11.889890 0
5.86 -7.85 1.62 21.9 2.49 45.408318 11.889890 1
5.65 -7.86 1.78 21.83 2.49 45.408318 11.889890 0
5.63 -8.75 1.81 21.88 2.49 45.408318 11.889890 1
5.85 -7.72 1.69 21.95 2.49 45.408318 11.889890 1
5.94 -7.93 1.67 22.21 2.49 45.408318 11.889890 1
5.66 -7.57 1.76 22.14 2.49 45.408318 11.889890 1
5.96 -7.48 1.81 21.59 2.49 45.408318 11.889890 1
6.19 -8.01 1.77 21.54 2.49 45.408318 11.889890 1
6.33 -8.18 1.67 21.9 2.49 45.408318 11.889890 1
6.11 -7.96 1.69 22.19 2.49 45.408318 11.889890 1
5.66 -7.7 1.66 21.85 2.49 45.408318 11.889890 1
5.49 -7.55 1.98 22.55 2.49 45.408318 11.889890 1
5.75 -8.07 1.87 21.9 2.49 45.408318 11.889890 1
5.88 -8.29 1.95 21.93 2.49 45.408318 11.889890 1
5.77 -8.1 1.74 22.14 2.49 45.408318 11.889890 1
5.45 -7.73 1.56 22.09 2.49 45.408318 11.889890 1
5.68 -7.58 1.71 22.45 2.91 45.408306 11.889853 0
6.03 -7.9 2.05 21.88 2.91 45.408306 11.889853 1
6.1 -7.66 1.54 21.52 2.91 45.408306 11.889853 0
5.94 -7.93 1.8 22.04 2.91 45.408306 11.889853 1
5.72 -7.62 1.71 21.99 2.91 45.408306 11.889853 1
5.97 -7.73 1.75 21.92 2.91 45.408306 11.889853 1
6.16 -7.88 1.89 21.78 2.91 45.408306 11.889853 1
6.12 -8.08 1.92 22.04 2.91 45.408306 11.889853 1
5.69 -7.86 1.79 22.14 2.91 45.408306 11.889853 1
5.6 -7.91 1.73 22.19 2.91 45.408306 11.889853 1
5.51 -8.07 1.73 22.14 2.91 45.408306 11.889853 1
5.93 -8.01 1.87 21.59 2.91 45.408306 11.889853 1
5.95 -7.87 1.86 22.02 2.91 45.408306 11.889853 1
5.94 -7.76 1.61 21.57 2.91 45.408306 11.889853 1
6.07 -7.73 1.84 22.04 2.91 45.408306 11.889853 1
6.07 -7.79 2.06 22.05 2.91 45.408306 11.889853 1
6.02 -7.72 2.03 22.02 2.91 45.408306 11.889853 1
5.86 -7.5 1.84 21.97 2.91 45.408306 11.889853 1
5.91 -7.88 1.87 21.85 2.99 45.408293 11.889818 0
6.2 -7.88 1.74 21.83 2.99 45.408293 11.889818 1
6.07 -8.14 1.76 22.5 2.99 45.408293 11.889818 0
5.59 -7.71 1.84 22.16 2.99 45.408293 11.889818 1
5.55 -7.68 1.94 21.59 2.99 45.408293 11.889818 1
5.56 -7.79 1.71 21.45 2.99 45.408293 11.889818 1
6.08 -8.08 1.97 21.88 2.99 45.408293 11.889818 1
5.81 -8.14 1.83 21.99 2.99 45.408293 11.889818 1
5.92 -7.72 1.77 22.6 2.99 45.408293 11.889818 1
5.84 -7.61 1.7 22.14 2.99 45.408293 11.889818 1
6.05 -7.72 1.7 22.0 2.99 45.408293 11.889818 1
6.03 -8.09 1.65 22.09 2.99 45.408293 11.889818 1
5.93 -7.63 1.74 22.09 2.99 45.408293 11.889818 1
5.8 -7.76 1.7 22.48 2.99 45.408293 11.889818 1
5.94 -7.78 1.72 22.0 2.99 45.408293 11.889818 1
5.9 -8.08 1.57 22.02 2.99 45.408293 11.889818 1
5.68 -7.95 1.56 22.48 2.99 45.408293 11.889818 1
5.59 -7.88 1.86 22.07 3.08 45.408284 11.889781 0
5.68 -7.72 1.96 22.0 3.08 45.408284 11.889781 1
6.18 -7.88 1.81 21.99 3.08 45.408284 11.889781 0
6.11 -7.9 1.83 22.4 3.08 45.408284 11.889781 1
6.04 -7.84 1.96 22.02 3.08 45.408284 11.889781 1
5.87 -7.7 1.74 21.92 3.08 45.408284 11.889781 1
5.91 -7.99 1.74 22.04 3.08 45.408284 11.889781 1
5.85 -7.67 1.77 22.33 3.08 45.408284 11.889781 1
6.13 -7.85 1.76 22.36 3.08 45.408284 11.889781 1
5.75 -7.72 1.96 22.42 3.08 45.408284 11.889781 1
5.75 -7.95 2.23 22.4 3.08 45.408284 11.889781 1
5.94 -8.03 1.88 21.93 3.08 45.408284 11.889781 1
5.62 -7.95 1.92 22.81 3.08 45.408284 11.889781 1
5.53 -7.97 1.43 22.02 3.08 45.408284 11.889781 1
5.82 -7.87 1.8 22.09 3.08 45.408284 11.889781 1
5.94 -7.64 1.57 22.09 3.08 45.408284 11.889781 1
6.0 -7.68 1.76 21.99 3.08 45.408284 11.889781 1
6.05 -7.66 1.78 21.95 3.08 45.408284 11.889781 1
6.04 -7.75 1.84 21.9 2.83 45.408276 11.889748 0
5.99 -7.91 1.68 21.87 2.83 45.408276 11.889748 1
5.96 -7.79 1.72 21.99 2.83 45.408276 11.889748 0
5.86 -7.78 1.81 21.93 2.83 45.408276 11.889748 1
5.82 -7.81 1.74 21.93 2.83 45.408276 11.889748 1
5.97 -8.05 1.64 21.52 2.83 45.408276 11.889748 1
5.58 -8.22 1.56 22.28 2.83 45.408276 11.889748 1
5.67 -7.92 1.7 21.92 2.83 45.408276 11.889748 1
5.88 -7.78 1.76 22.04 2.83 45.408276 11.889748 1
5.91 -7.8 1.77 22.09 2.83 45.408276 11.889748 1
5.74 -7.56 1.91 22.11 2.83 45.408276 11.889748 1
6.19 -7.56 1.77 22.09 2.83 45.408276 11.889748 1
6.14 -7.81 1.87 22.0 2.83 45.408276 11.889748 1
6.02 -7.8 1.92 22.04 2.83 45.408276 11.889748 1
5.64 -7.78 1.95 22.19 2.83 45.408276 11.889748 1
6.03 -7.8 1.84 22.52 2.83 45.408276 11.889748 1
5.86 -7.6 1.88 21.88 2.83 45.408276 11.889748 1
5.88 -8.36 1.9 21.68 3.02 45.408265 11.889712 0
5.76 -8.06 2.06 21.85 3.02 45.408265 11.889712 1
5.44 -7.91 1.71 21.97 3.02 45.408265 11.889712 0
5.89 -7.62 2.14 22.48 3.02 45.408265 11.889712 1
5.79 -7.72 1.67 21.97 3.02 45.408265 11.889712 1
6.11 -7.46 1.64 21.92 3.02 45.408265 11.889712 1
6.07 -8.04 1.71 22.09 3.02 45.408265 11.889712 1
6.06 -7.73 1.69 21.99 3.02 45.408265 11.889712 1
6.16 -7.83 1.76 21.49 3.02 45.408265 11.889712 1
5.97 -7.94 1.68 22.42 3.02 45.408265 11.889712 1
6.06 -7.8 2.0 22.14 3.02 45.408265 11.889712 1
5.75 -7.95 1.61 22.14 3.02 45.408265 11.889712 1
5.9 -7.86 1.74 22.24 3.02 45.408265 11.889712 1
5.6 -8.01 1.65 22.31 3.02 45.408265 11.889712 1
5.77 -7.64 1.83 22.24 3.02 45.408265 11.889712 1
6.1 -8.18 1.83 22.19 3.02 45.408265 11.889712 1
5.96 -8.11 1.64 21.99 3.02 45.408265 11.889712 1
6.13 -8.33 1.61 22.0 3.02 45.408265 11.889712 1
5.78 -7.9 1.78 21.97 2.97 45.408262 11.889675 0
6.24 -7.58 2.04 21.59 2.97 45.408262 11.889675 1
6.14 -8.04 2.05 22.14 2.97 45.408262 11.889675 0
5.86 -7.36 1.86 22.57 2.97 45.408262 11.889675 1
5.93 -8.04 1.83 21.99 2.97 45.408262 11.889675 1
6.02 -7.85 1.74 21.93 2.97 45.408262 11.889675 1
5.7 -8.54 1.85 22.28 2.97 45.408262 11.889675 1
5.64 -7.88 1.79 21.61 2.97 45.408262 11.889675 1
5.41 -8.08 1.56 22.19 2.97 45.408262 11.889675 1
5.38 -7.67 1.73 22.04 2.97 45.408262 11.889675 1
6.36 -8.08 1.92 21.51 2.97 45.408262 11.889675 1
5.69 -8.06 1.71 21.52 2.97 45.408262 11.889675 1
5.97 -7.94 1.82 22.14 2.97 45.408262 11.889675 1
6.04 -7.68 1.72 22.09 2.97 45.408262 11.889675 1
5.55 -7.28 1.83 22.47 2.97 45.408262 11.889675 1
6.11 -8.45 1.74 22.04 2.97 45.408262 11.889675 1
5.83 -7.73 1.7 21.93 2.97 45.408262 11.889675 1
5.77 -8.18 1.67 21.99 3.08 45.408243 11.889640 0
5.63 -7.83 1.59 22.45 3.08 45.408243 11.889640 1
5.58 -7.9 1.5 21.95 3.08 45.408243 11.889640 0
5.81 -7.98 1.66 21.99 3.08 45.408243 11.889640 1
5.8 -8.03 1.82 21.93 3.08 45.408243 11.889640 1
5.66 -7.86 1.91 21.99 3.08 45.408243 11.889640 1
6.0 -7.64 2.1 21.57 3.08 45.408243 11.889640 1
6.11 -7.58 1.76 21.87 3.08 45.408243 11.889640 1
5.96 -8.08 1.63 22.45 3.08 45.408243 11.889640 1
5.98 -7.59 1.62 22.14 3.08 45.408243 11.889640 1
5.83 -7.67 1.66 22.04 3.08 45.408243 11.889640 1
6.05 -8.06 2.0 21.99 3.08 45.408243 11.889640 1
5.73 -7.91 2.1 21.97 3.08 45.408243 11.889640 1
5.9 -7.84 1.99 22.09 3.08 45.408243 11.889640 1
5.39 -7.75 1.84 22.14 3.08 45.408243 11.889640 1
5.92 -7.89 1.81 22.04 3.08 45.408243 11.889640 1
5.91 -7.88 1.64 21.8 3.08 45.408243 11.889640 1
5.93 -7.82 1.62 21.99 3.08 45.408243 11.889640 1
6.17 -8.03 1.57 22.81 3.25 45.408225 11.889606 0
5.74 -7.76 1.87 22.07 3.25 45.408225 11.889606 1
5.88 -7.27 1.84 21.99 3.25 45.408225 11.889606 0
6.03 -8.0 1.53 21.88 3.25 45.408225 11.889606 1
6.02 -8.16 1.61 21.83 3.25 45.408225 11.889606 1
5.83 -7.92 1.83 22.4 3.25 45.408225 11.889606 1
5.77 -7.91 1.57 22.4 3.25 45.408225 11.889606 1
4.9 -7.12 1.65 21.73 3.25 45.408225 11.889606 1
3.93 -9.6 1.02 20.82 3.25 45.408225 11.889606 1
8.54 -6.73 0.75 21.9 3.25 45.408225 11.889606 1
5.28 -9.02 1.02 22.35 3.25 45.408225 11.889606 1
7.0 -8.46 2.02 25.12 3.25 45.408225 11.889606 1
4.66 -6.5 2.42 24.51 3.25 45.408225 11.889606 1
2.76 -2.07 1.89 24.22 3.25 45.408225 11.889606 1
5.67 -10.66 -1.65 22.12 3.25 45.408225 11.889606 1
7.98 -8.19 1.65 22.86 3.25 45.408225 11.889606 1
7.17 -9.43 0.76 21.69 3.25 45.408225 11.889606 1
5.16 -8.11 0.92 21.85 3.31 45.408213 11.889569 0
6.04 -7.44 1.58 22.09 3.31 45.408213 11.889569 1
5.89 -7.41 1.66 22.38 3.31 45.408213 11.889569 0
5.55 -7.26 1.55 22.24 3.31 45.408213 11.889569 1
5.64 -8.08 1.75 22.71 3.31 45.408213 11.889569 1
5.95 -7.96 1.21 21.92 3.31 45.408213 11.889569 1
6.09 -7.76 1.51 22.35 3.31 45.408213 11.889569 1
6.16 -7.67 1.58 21.93 3.31 45.408213 11.889569 1
5.85 -7.3 1.66 21.92 3.31 45.408213 11.889569 1
5.94 -7.71 1.63 22.54 3.31 45.408213 11.889569 1
6.09 -7.99 1.74 22.14 3.31 45.408213 11.889569 1
6.1 -7.45 1.78 21.69 3.31 45.408213 11.889569 1
6.05 -7.81 1.66 22.19 3.31 45.408213 11.889569 1
5.92 -7.86 1.59 22.19 3.31 45.408213 11.889569 1
5.73 -8.01 1.77 22.04 3.31 45.408213 11.889569 1
5.58 -8.06 1.64 22.91 3.31 45.408213 11.889569 1
5.34 -8.14 2.05 21.45 3.31 45.408213 11.889569 1
5.61 -8.0 1.8 22.84 3.31 45.408213 11.889569 1
5.44 -8.0 1.79 21.92 3.27 45.408206 11.889530 0
6.25 -7.98 2.03 21.95 3.27 45.408206 11.889530 1
5.95 -7.61 1.87 21.97 3.27 45.408206 11.889530 0
5.87 -7.64 1.78 22.43 3.27 45.408206 11.889530 1
6.2 -7.73 2.13 21.73 3.27 45.408206 11.889530 1
5.79 -7.23 2.36 22.19 3.27 45.408206 11.889530 1
5.73 -8.6 1.8 21.44 3.27 45.408206 11.889530 1
5.88 -7.97 1.95 22.0 3.27 45.408206 11.889530 1
5.73 -7.42 1.97 22.62 3.27 45.408206 11.889530 1
5.54 -7.68 1.97 22.55 3.27 45.408206 11.889530 1
5.84 -8.06 1.83 21.63 3.27 45.408206 11.889530 1
6.0 -7.95 1.92 22.5 3.27 45.408206 11.889530 1
5.99 -7.94 1.53 22.59 3.27 45.408206 11.889530 1
5.73 -7.77 1.41 22.26 3.27 45.408206 11.889530 1
5.99 -8.03 1.78 22.24 3.27 45.408206 11.889530 1
6.27 -7.51 1.67 22.14 3.27 45.408206 11.889530 1
6.06 -7.82 1.67 21.92 3.27 45.408206 11.889530 1
6.05 -8.24 1.84 22.43 2.71 45.408201 11.889499 0
5.94 -7.82 1.72 22.02 2.71 45.408201 11.889499 1
5.75 -7.93 1.66 22.43 2.71 45.408201 11.889499 0
5.86 -7.92 1.42 21.97 2.71 45.408201 11.889499 1
5.57 -8.08 1.58 21.92 2.71 45.408201 11.889499 1
5.43 -8.14 1.76 21.52 2.71 45.408201 11.889499 1
5.87 -7.95 1.63 21.92 2.71 45.408201 11.889499 1
6.15 -7.95 1.84 21.52 2.71 45.408201 11.889499 1
6.0 -7.89 1.9 22.09 2.71 45.408201 11.889499 1
6.05 -7.63 1.7 22.29 2.71 45.408201 11.889499 1
5.74 -7.85 1.89 22.24 2.71 45.408201 11.889499 1
5.92 -7.59 2.03 21.78 2.71 45.408201 11.889499 1
6.02 -7.83 1.87 21.61 2.71 45.408201 11.889499 1
5.74 -7.77 1.71 21.93 2.71 45.408201 11.889499 1
5.98 -8.39 1.81 22.33 2.71 45.408201 11.889499 1
5.49 -7.94 1.65 21.93 2.71 45.408201 11.889499 1
5.55 -7.85 1.91 21.52 2.71 45.408201 11.889499 1
5.72 -7.92 1.78 22.07 2.71 45.408201 11.889499 1
5.71 -7.61 1.78 22.11 3.19 45.408186 11.889459 0
5.82 -8.02 1.69 21.68 3.19 45.408186 11.889459 1
5.88 -7.84 1.69 21.97 3.19 45.408186 11.889459 0
6.34 -8.02 1.68 21.97 3.19 45.408186 11.889459 1
5.82 -7.69 1.73 22.02 3.19 45.408186 11.889459 1
5.41 -8.26 1.61 21.47 3.19 45.408186 11.889459 1
6.12 -7.78 1.8 21.37 3.19 45.408186 11.889459 1
5.98 -7.75 1.99 21.68 3.19 45.408186 11.889459 1
5.89 -7.86 2.23 21.99 3.19 45.408186 11.889459 1
5.55 -8.23 1.91 22.02 3.19 45.408186 11.889459 1
5.55 -8.23 1.91 22.02 3.19 45.408186 11.889459 1
5.55 -8.23 1.9 22.02 3.19 45.408186 11.889459 1
5.56 -8.24 1.91 22.02 3.19 45.408186 11.889459 1
5.55 -8.23 1.91 22.01 3.19 45.408186 11.889459 1
5.55 -8.23 1.9 22.03 3.19 45.408186 11.889459 1
5.55 -8.23 1.9 22.02 3.19 45.408186 11.889459 1
5.55 -8.24 1.9 22.03 3.19 45.408186 11.889459 1
5.55 -8.24 1.91 22.02 3.19 45.408186 11.889459 1
5.55 -8.24 1.9 22.03 3.19 45.408186 11.889459 1
5.55 -8.23 1.92 22.02 3.19 45.408186 11.889459 1
5.55 -8.24 1.91 22.02 3.19 45.408186 11.889459 1
5.55 -8.23 1.9 22.02 3.19 45.408186 11.889459 1
5.56 -8.24 1.91 22.01 3.19 45.408186 11.889459 1
5.56 -8.22 1.9 22.02 3.19 45.408186 11.889459 1
5.56 -8.23 1.91 22.03 3.19 45.408186 11.889459 1
5.56 -8.22 1.9 22.02 3.19 45.408186 11.889459 1
5.55 -8.23 1.9 22.02 3.19 45.408186 11.889459 1
