5.38 -8.26 1.87 21.85 3.19 45.408387 11.890127 0
5.87 -8.05 1.94 21.49 3.19 45.408387 11.890127 0
6.2 -7.75 2.2 22.35 3.19 45.408387 11.890127 1
6.29 -7.37 1.9 21.63 3.19 45.408387 11.890127 1
6.3 -7.57 1.7 22.04 3.19 45.408387 11.890127 1
6.19 -7.55 1.94 21.54 3.19 45.408387 11.890127 1
5.95 -7.79 1.78 21.81 3.19 45.408387 11.890127 1
5.97 -8.2 1.9 21.45 3.19 45.408387 11.890127 1
5.75 -7.96 1.95 22.07 3.19 45.408387 11.890127 1
5.85 -7.85 1.93 22.14 3.19 45.408387 11.890127 1
5.29 -8.13 1.96 22.5 3.19 45.408387 11.890127 1
5.42 -8.35 1.76 22.04 3.19 45.408387 11.890127 1
5.94 -7.97 1.28 21.61 3.19 45.408387 11.890127 1
6.17 -7.55 1.35 22.5 3.19 45.408387 11.890127 1
6.22 -7.63 1.67 21.64 3.19 45.408387 11.890127 1
6.28 -7.64 1.93 21.54 3.19 45.408387 11.890127 1
6.34 -7.19 1.86 22.0 3.19 45.408387 11.890127 1
6.38 -7.65 1.4 21.97 1.97 45.408378 11.890105 0
6.37 -7.58 1.38 21.56 1.97 45.408378 11.890105 1
5.73 -7.88 1.41 21.59 1.97 45.408378 11.890105 0
5.84 -7.85 1.58 21.95 1.97 45.408378 11.890105 1
6.1 -7.99 1.89 21.44 1.97 45.408378 11.890105 1
5.85 -7.93 1.76 21.45 1.97 45.408378 11.890105 1
5.48 -8.23 1.82 21.95 1.97 45.408378 11.890105 1
5.48 -7.99 1.99 21.51 1.97 45.408378 11.890105 1
6.18 -7.67 2.31 21.97 1.97 45.408378 11.890105 1
6.4 -7.48 2.0 22.07 1.97 45.408378 11.890105 1
6.07 -7.67 1.91 22.14 1.97 45.408378 11.890105 1
6.18 -7.38 2.04 22.14 1.97 45.408378 11.890105 1
6.1 -7.52 2.01 21.59 1.97 45.408378 11.890105 1
6.23 -7.69 1.76 21.97 1.97 45.408378 11.890105 1
5.99 -8.19 1.72 22.05 1.97 45.408378 11.890105 1
6.05 -7.79 1.5 22.19 1.97 45.408378 11.890105 1
5.67 -7.66 1.84 21.69 1.97 45.408378 11.890105 1
5.39 -7.93 1.7 21.83 3.13 45.408367 11.890072 0
5.87 -8.41 1.67 21.73 3.13 45.408367 11.890072 1
6.01 -7.81 1.67 21.8 3.13 45.408367 11.890072 0
5.61 -7.76 1.74 22.04 3.13 45.408367 11.890072 1
6.15 -7.43 1.57 21.44 3.13 45.408367 11.890072 1
6.12 -7.66 1.73 21.42 3.13 45.408367 11.890072 1
6.4 -8.1 1.63 21.99 3.13 45.408367 11.890072 1
6.04 -7.95 1.59 22.19 3.13 45.408367 11.890072 1
5.88 -7.35 1.63 22.24 3.13 45.408367 11.890072 1
5.89 -7.62 1.84 22.14 3.13 45.408367 11.890072 1
5.7 -8.14 1.65 21.85 3.13 45.408367 11.890072 1
5.81 -8.57 1.41 21.87 3.13 45.408367 11.890072 1
5.82 -8.06 1.64 21.64 3.13 45.408367 11.890072 1
5.49 -7.54 1.65 22.19 3.13 45.408367 11.890072 1
5.82 -7.68 1.85 22.55 3.13 45.408367 11.890072 1
5.5 -7.58 2.05 21.59 3.13 45.408367 11.890072 1
6.3 -8.09 1.87 21.87 3.13 45.408367 11.890072 1
6.14 -7.97 1.82 21.93 3.13 45.408367 11.890072 1
6.34 -7.45 1.95 22.11 2.01 45.408360 11.890047 0
5.76 -7.61 1.74 22.02 2.01 45.408360 11.890047 1
5.74 -7.76 1.93 21.9 2.01 45.408360 11.890047 0
5.84 -8.41 1.75 21.42 2.01 45.408360 11.890047 1
5.77 -7.86 1.85 22.0 2.01 45.408360 11.890047 1
5.36 -8.19 1.81 22.0 2.01 45.408360 11.890047 1
5.72 -7.81 1.86 21.56 2.01 45.408360 11.890047 1
5.78 -8.13 1.84 21.88 2.01 45.408360 11.890047 1
5.97 -7.86 1.88 22.26 2.01 45.408360 11.890047 1
5.85 -7.89 1.46 22.17 2.01 45.408360 11.890047 1
5.84 -7.75 1.5 22.04 2.01 45.408360 11.890047 1
5.88 -8.03 1.64 22.0 2.01 45.408360 11.890047 1
6.05 -8.02 1.8 22.0 2.01 45.408360 11.890047 1
5.82 -7.85 1.77 22.07 2.01 45.408360 11.890047 1
6.08 -7.58 1.72 22.05 2.01 45.408360 11.890047 1
5.71 -7.92 1.69 21.63 2.01 45.408360 11.890047 1
5.74 -8.37 1.51 21.59 2.01 45.408360 11.890047 1
5.28 -7.87 1.5 21.57 2.28 45.408352 11.890018 0
5.68 -7.66 1.69 21.81 2.28 45.408352 11.890018 1
6.43 -8.31 1.5 21.59 2.28 45.408352 11.890018 0
6.1 -8.05 1.98 21.54 2.28 45.408352 11.890018 1
5.72 -7.81 1.8 22.09 2.28 45.408352 11.890018 1
5.55 -7.49 2.23 22.09 2.28 45.408352 11.890018 1
5.87 -7.54 2.08 21.68 2.28 45.408352 11.890018 1
6.25 -7.63 2.1 22.21 2.28 45.408352 11.890018 1
6.38 -8.33 2.01 21.76 2.28 45.408352 11.890018 1
5.85 -8.23 1.74 21.97 2.28 45.408352 11.890018 1
5.55 -7.93 1.88 22.14 2.28 45.408352 11.890018 1
5.87 -7.73 1.89 21.8 2.28 45.408352 11.890018 1
5.31 -7.77 1.84 22.23 2.28 45.408352 11.890018 1
6.06 -8.0 1.72 22.57 2.28 45.408352 11.890018 1
5.72 -7.69 1.71 21.54 2.28 45.408352 11.890018 1
6.36 -7.91 1.95 21.49 2.28 45.408352 11.890018 1
5.77 -8.42 1.72 21.78 2.28 45.408352 11.890018 1
6.12 -7.57 1.59 21.75 2.28 45.408352 11.890018 1
5.83 -7.42 1.76 21.64 2.04 45.408349 11.889988 0
5.9 -7.43 1.69 21.69 2.04 45.408349 11.889988 1
5.9 -8.4 1.7 21.49 2.04 45.408349 11.889988 0
6.19 -7.69 1.67 21.76 2.04 45.408349 11.889988 1
5.84 -8.27 1.73 21.83 2.04 45.408349 11.889988 1
5.51 -8.12 1.3 21.99 2.04 45.408349 11.889988 1
6.13 -7.99 1.74 22.09 2.04 45.408349 11.889988 1
5.89 -7.01 1.76 22.19 2.04 45.408349 11.889988 1
5.68 -8.22 2.08 22.35 2.04 45.408349 11.889988 1
5.99 -7.66 1.91 21.75 2.04 45.408349 11.889988 1
5.57 -7.59 1.87 21.9 2.04 45.408349 11.889988 1
6.27 -8.36 1.72 21.76 2.04 45.408349 11.889988 1
6.26 -7.94 2.09 21.54 2.04 45.408349 11.889988 1
5.86 -7.49 1.7 22.19 2.04 45.408349 11.889988 1
5.87 -7.55 1.68 21.9 2.04 45.408349 11.889988 1
5.57 -7.56 1.93 22.12 2.04 45.408349 11.889988 1
6.06 -7.97 2.38 21.83 2.04 45.408349 11.889988 1
5.88 -8.22 1.88 21.9 1.7 45.408350 11.889965 0
5.72 -8.34 1.72 21.95 1.7 45.408350 11.889965 1
5.67 -7.91 1.63 22.04 1.7 45.408350 11.889965 0
5.43 -7.21 1.84 21.47 1.7 45.408350 11.889965 1
6.34 -7.88 1.76 21.73 1.7 45.408350 11.889965 1
6.59 -7.87 2.0 21.44 1.7 45.408350 11.889965 1
6.35 -7.48 1.74 21.99 1.7 45.408350 11.889965 1
5.44 -7.77 1.66 22.0 1.7 45.408350 11.889965 1
5.84 -7.69 1.79 21.45 1.7 45.408350 11.889965 1
6.02 -8.21 1.72 21.56 1.7 45.408350 11.889965 1
6.06 -7.93 1.96 22.14 1.7 45.408350 11.889965 1
5.06 -8.15 1.79 22.26 1.7 45.408350 11.889965 1
5.49 -7.82 2.0 21.69 1.7 45.408350 11.889965 1
5.73 -7.8 1.87 21.56 1.7 45.408350 11.889965 1
6.33 -8.04 1.52 22.09 1.7 45.408350 11.889965 1
6.11 -7.82 2.05 22.24 1.7 45.408350 11.889965 1
5.93 -7.47 1.93 22.09 1.7 45.408350 11.889965 1
5.84 -7.62 2.14 21.8 1.7 45.408350 11.889965 1
6.12 -7.92 1.73 21.37 1.98 45.408347 11.889937 0
6.14 -7.94 1.97 21.78 1.98 45.408347 11.889937 1
5.91 -7.68 2.12 21.45 1.98 45.408347 11.889937 0
5.71 -8.22 1.94 21.54 1.98 45.408347 11.889937 1
5.79 -7.89 1.93 21.99 1.98 45.408347 11.889937 1
5.44 -7.83 1.65 21.52 1.98 45.408347 11.889937 1
5.7 -8.03 1.72 21.54 1.98 45.408347 11.889937 1
5.83 -7.92 1.82 21.85 1.98 45.408347 11.889937 1
6.16 -7.9 1.76 22.09 1.98 45.408347 11.889937 1
5.93 -7.75 1.78 22.14 1.98 45.408347 11.889937 1
5.93 -7.49 1.89 22.14 1.98 45.408347 11.889937 1
5.87 -7.78 1.78 22.04 1.98 45.408347 11.889937 1
6.11 -7.91 2.04 21.97 1.98 45.408347 11.889937 1
6.1 -8.18 1.74 22.04 1.98 45.408347 11.889937 1
5.68 -7.7 2.07 22.14 1.98 45.408347 11.889937 1
5.67 -7.71 1.78 22.6 1.98 45.408347 11.889937 1
5.69 -8.34 1.63 22.0 1.98 45.408347 11.889937 1
5.41 -8.22 1.66 22.31 1.99 45.408344 11.889909 0
5.27 -8.15 1.73 22.45 1.99 45.408344 11.889909 1
5.46 -7.96 1.87 21.88 1.99 45.408344 11.889909 0
6.56 -7.6 1.68 21.4 1.99 45.408344 11.889909 1
6.44 -7.68 2.04 21.93 1.99 45.408344 11.889909 1
5.73 -7.43 2.61 22.45 1.99 45.408344 11.889909 1
6.03 -7.9 1.99 21.99 1.99 45.408344 11.889909 1
6.17 -7.45 1.92 22.33 1.99 45.408344 11.889909 1
5.92 -7.76 1.47 22.04 1.99 45.408344 11.889909 1
6.13 -8.07 1.39 22.5 1.99 45.408344 11.889909 1
6.15 -7.76 1.53 22.19 1.99 45.408344 11.889909 1
5.73 -7.94 1.62 21.71 1.99 45.408344 11.889909 1
5.56 -7.95 1.85 22.07 1.99 45.408344 11.889909 1
5.63 -8.23 1.77 22.04 1.99 45.408344 11.889909 1
5.88 -7.72 1.5 22.05 1.99 45.408344 11.889909 1
5.79 -7.97 1.64 22.45 1.99 45.408344 11.889909 1
6.1 -7.8 1.74 21.56 1.99 45.408344 11.889909 1
6.03 -7.66 1.61 21.83 1.99 45.408344 11.889909 1
6.1 -7.6 1.67 21.47 2.02 45.408334 11.889884 0
5.95 -8.04 1.6 21.45 2.02 45.408334 11.889884 1
6.18 -7.69 1.79 21.87 2.02 45.408334 11.889884 0
5.73 -7.64 1.95 21.93 2.02 45.408334 11.889884 1
5.62 -7.82 2.03 21.88 2.02 45.408334 11.889884 1
5.62 -8.31 1.78 21.44 2.02 45.408334 11.889884 1
5.79 -8.1 1.8 21.9 2.02 45.408334 11.889884 1
5.75 -8.06 1.98 22.05 2.02 45.408334 11.889884 1
5.67 -7.74 1.69 22.17 2.02 45.408334 11.889884 1
5.86 -7.44 1.89 22.02 2.02 45.408334 11.889884 1
6.2 -7.64 1.68 21.59 2.02 45.408334 11.889884 1
6.09 -8.27 1.62 21.99 2.02 45.408334 11.889884 1
6.11 -7.82 2.06 22.11 2.02 45.408334 11.889884 1
5.77 -7.71 1.92 22.07 2.02 45.408334 11.889884 1
5.91 -7.53 1.97 22.09 2.02 45.408334 11.889884 1
5.76 -8.06 1.91 21.69 2.02 45.408334 11.889884 1
5.84 -7.85 2.01 21.93 2.02 45.408334 11.889884 1
5.58 -8.08 2.08 22.31 3.26 45.408319 11.889848 0
5.72 -8.23 1.75 22.09 3.26 45.408319 11.889848 1
5.86 -7.68 1.82 21.71 3.26 45.408319 11.889848 0
5.9 -7.51 1.78 22.04 3.26 45.408319 11.889848 1
5.91 -7.96 1.65 21.35 3.26 45.408319 11.889848 1
6.47 -7.98 1.78 21.73 3.26 45.408319 11.889848 1
5.8 -7.97 1.5 21.85 3.26 45.408319 11.889848 1
5.89 -7.72 1.72 21.95 3.26 45.408319 11.889848 1
6.04 -7.81 1.64 22.4 3.26 45.408319 11.889848 1
6.03 -7.45 1.71 22.17 3.26 45.408319 11.889848 1
5.88 -8.15 1.84 22.23 3.26 45.408319 11.889848 1
5.56 -7.9 1.69 22.24 3.26 45.408319 11.889848 1
5.81 -8.02 1.64 22.11 3.26 45.408319 11.889848 1
5.74 -8.14 1.3 22.52 3.26 45.408319 11.889848 1
6.24 -8.16 1.47 22.93 3.26 45.408319 11.889848 1
5.88 -8.02 1.81 22.09 3.26 45.408319 11.889848 1
5.82 -7.7 1.71 22.26 3.26 45.408319 11.889848 1
5.74 -7.77 1.98 22.09 3.26 45.408319 11.889848 1
5.97 -7.76 2.04 22.42 2.59 45.408309 11.889814 0
6.21 -8.03 2.11 22.29 2.59 45.408309 11.889814 1
5.84 -8.01 1.96 21.88 2.59 45.408309 11.889814 0
5.51 -8.13 1.92 22.05 2.59 45.408309 11.889814 1
5.64 -7.75 1.94 22.05 2.59 45.408309 11.889814 1
5.8 -7.73 1.9 21.93 2.59 45.408309 11.889814 1
5.88 -8.5 2.41 21.69 2.59 45.408309 11.889814 1
5.77 -7.57 2.18 22.14 2.59 45.408309 11.889814 1
5.68 -7.79 1.77 22.16 2.59 45.408309 11.889814 1
6.43 -7.76 1.46 21.59 2.59 45.408309 11.889814 1
6.28 -8.27 1.54 21.95 2.59 45.408309 11.889814 1
6.32 -7.63 1.4 22.14 2.59 45.408309 11.889814 1
5.95 -7.79 1.73 22.12 2.59 45.408309 11.889814 1
5.54 -7.55 1.81 22.05 2.59 45.408309 11.889814 1
6.17 -7.97 1.72 21.54 2.59 45.408309 11.889814 1
5.57 -8.09 1.76 22.0 2.59 45.408309 11.889814 1
5.79 -8.03 1.77 21.56 2.59 45.408309 11.889814 1
5.7 -7.87 1.68 22.05 3.0 45.408296 11.889779 0
5.86 -7.39 1.55 21.9 3.0 45.408296 11.889779 1
5.73 -8.31 1.69 21.52 3.0 45.408296 11.889779 1
6.26 -7.81 1.87 21.47 3.0 45.408296 11.889779 0
5.99 -7.69 2.0 22.04 3.0 45.408296 11.889779 1
6.05 -7.91 1.49 22.0 3.0 45.408296 11.889779 1
6.05 -7.37 1.86 21.97 3.0 45.408296 11.889779 1
5.97 -7.94 1.93 21.49 3.0 45.408296 11.889779 1
5.71 -7.84 1.98 21.99 3.0 45.408296 11.889779 1
5.99 -8.15 2.19 22.09 3.0 45.408296 11.889779 1
5.7 -7.38 2.24 22.11 3.0 45.408296 11.889779 1
5.5 -8.0 1.6 21.71 3.0 45.408296 11.889779 1
5.8 -7.94 1.97 21.64 3.0 45.408296 11.889779 1
6.14 -8.01 1.65 21.59 3.0 45.408296 11.889779 1
6.13 -7.7 1.55 22.02 3.0 45.408296 11.889779 1
6.27 -7.78 1.59 22.14 3.0 45.408296 11.889779 1
6.04 -7.54 1.77 21.75 3.0 45.408296 11.889779 1
5.87 -7.79 1.42 21.87 3.0 45.408296 11.889779 1
6.22 -7.67 1.55 21.42 3.36 45.408277 11.889738 0
6.19 -7.89 1.79 21.78 3.36 45.408277 11.889738 1
6.17 -7.72 1.93 21.85 3.36 45.408277 11.889738 0
5.75 -8.1 1.54 22.0 3.36 45.408277 11.889738 1
5.27 -7.82 1.51 22.04 3.36 45.408277 11.889738 1
5.65 -8.64 1.76 21.47 3.36 45.408277 11.889738 1
5.55 -7.84 1.67 21.42 3.36 45.408277 11.889738 1
5.59 -8.05 1.56 21.93 3.36 45.408277 11.889738 1
5.46 -7.63 1.88 22.09 3.36 45.408277 11.889738 1
4.55 -6.29 1.74 21.54 3.36 45.408277 11.889738 1
5.77 -8.55 1.58 20.43 3.36 45.408277 11.889738 1
10.05 -6.72 2.59 20.67 3.36 45.408277 11.889738 1
5.07 -7.78 2.04 23.62 3.36 45.408277 11.889738 1
6.92 -8.55 2.62 25.21 3.36 45.408277 11.889738 1
3.57 -4.34 1.53 23.29 3.36 45.408277 11.889738 1
11.01 -14.67 2.41 26.67 3.36 45.408277 11.889738 1
6.03 -11.22 1.43 22.11 3.36 45.408277 11.889738 1
5.26 -6.73 0.94 21.61 3.05 45.408265 11.889699 0
5.49 -10.45 4.83 22.38 3.05 45.408265 11.889699 1
3.73 -6.57 2.14 21.63 3.05 45.408265 11.889699 1
6.38 -7.28 1.8 21.68 3.05 45.408265 11.889699 0
6.41 -7.24 1.88 21.71 3.05 45.408265 11.889699 1
6.12 -7.17 1.64 21.87 3.05 45.408265 11.889699 1
5.38 -7.63 1.91 21.95 3.05 45.408265 11.889699 1
5.91 -7.75 1.78 21.78 3.05 45.408265 11.889699 1
5.93 -7.81 1.75 21.73 3.05 45.408265 11.889699 1
5.81 -8.03 2.35 21.59 3.05 45.408265 11.889699 1
5.48 -8.09 1.72 22.14 3.05 45.408265 11.889699 1
5.54 -8.17 1.88 22.24 3.05 45.408265 11.889699 1
5.64 -7.72 1.97 23.14 3.05 45.408265 11.889699 1
5.54 -7.87 2.34 22.59 3.05 45.408265 11.889699 1
6.42 -7.63 1.99 22.05 3.05 45.408265 11.889699 1
5.73 -7.7 1.72 21.95 3.05 45.408265 11.889699 1
5.99 -7.92 1.79 22.09 3.05 45.408265 11.889699 1
5.86 -8.06 1.51 21.92 3.05 45.408265 11.889699 1
5.69 -7.42 1.76 21.97 3.28 45.408258 11.889651 0
6.07 -8.56 1.41 21.87 3.28 45.408258 11.889651 1
5.93 -7.64 1.65 22.84 3.28 45.408258 11.889651 0
5.64 -7.84 1.57 21.73 3.28 45.408258 11.889651 1
5.79 -7.81 1.54 21.97 3.28 45.408258 11.889651 1
5.48 -7.78 1.92 21.81 3.28 45.408258 11.889651 1
5.94 -8.51 1.73 22.38 3.28 45.408258 11.889651 1
5.78 -7.75 1.78 21.99 3.28 45.408258 11.889651 1
5.86 -7.59 1.53 22.45 3.28 45.408258 11.889651 1
5.69 -7.9 1.54 21.54 3.28 45.408258 11.889651 1
6.05 -8.12 1.68 21.63 3.28 45.408258 11.889651 1
6.01 -8.04 1.94 22.02 3.28 45.408258 11.889651 1
5.66 -7.59 1.71 22.24 3.28 45.408258 11.889651 1
5.74 -7.74 1.86 21.92 3.28 45.408258 11.889651 1
5.93 -7.55 1.93 22.23 3.28 45.408258 11.889651 1
5.88 -8.23 1.82 22.07 3.28 45.408258 11.889651 1
5.8 -8.36 1.67 21.61 3.28 45.408258 11.889651 1
5.57 -8.15 1.79 22.04 2.51 45.408249 11.889606 0
5.69 -7.89 1.73 21.66 2.51 45.408249 11.889606 1
6.06 -8.07 1.52 22.07 2.51 45.408249 11.889606 0
5.76 -7.87 1.92 22.09 2.51 45.408249 11.889606 1
5.84 -8.3 2.11 22.05 2.51 45.408249 11.889606 1
5.59 -7.73 1.85 22.0 2.51 45.408249 11.889606 1
5.7 -8.2 1.97 21.97 2.51 45.408249 11.889606 1
6.09 -8.05 1.7 21.95 2.51 45.408249 11.889606 1
6.09 -8.15 1.18 21.87 2.51 45.408249 11.889606 1
5.62 -8.01 1.77 22.59 2.51 45.408249 11.889606 1
5.2 -8.16 2.02 22.12 2.51 45.408249 11.889606 1
5.54 -8.02 2.29 22.07 2.51 45.408249 11.889606 1
5.56 -8.03 2.13 21.59 2.51 45.408249 11.889606 1
5.39 -8.19 2.11 22.02 2.51 45.408249 11.889606 1
5.62 -8.24 2.22 22.17 2.51 45.408249 11.889606 1
5.86 -7.58 0.79 22.11 2.51 45.408249 11.889606 1
5.74 -7.99 1.98 22.09 2.51 45.408249 11.889606 1
6.16 -8.22 1.77 21.69 2.51 45.408249 11.889606 1
5.82 -7.89 2.4 22.07 2.38 45.408239 11.889568 0
5.46 -8.24 1.57 22.52 2.38 45.408239 11.889568 1
5.86 -7.08 1.92 22.09 2.38 45.408239 11.889568 0
5.01 -8.6 2.17 21.4 2.38 45.408239 11.889568 1
5.01 -8.59 2.17 21.4 2.38 45.408239 11.889568 1
5.02 -8.6 2.17 21.4 2.38 45.408239 11.889568 1
5.01 -8.6 2.17 21.41 2.38 45.408239 11.889568 1
5.01 -8.6 2.17 21.4 2.38 45.408239 11.889568 1
5.01 -8.61 2.16 21.4 2.38 45.408239 11.889568 1
5.01 -8.6 2.16 21.39 2.38 45.408239 11.889568 1
5.01 -8.61 2.17 21.4 2.38 45.408239 11.889568 1
5.01 -8.61 2.17 21.4 2.38 45.408239 11.889568 1
5.01 -8.59 2.16 21.4 2.38 45.408239 11.889568 1
5.0 -8.59 2.17 21.4 2.38 45.408239 11.889568 1
5.0 -8.61 2.17 21.39 2.38 45.408239 11.889568 1
5.02 -8.6 2.17 21.39 2.38 45.408239 11.889568 1
5.02 -8.59 2.17 21.39 2.38 45.408239 11.889568 1
5.01 -8.61 2.17 21.39 2.38 45.408239 11.889568 1
5.01 -8.61 2.16 21.41 2.38 45.408239 11.889568 1
5.02 -8.6 2.16 21.4 2.38 45.408239 11.889568 1
5.0 -8.59 2.16 21.41 2.38 45.408239 11.889568 1
5.02 -8.59 2.17 21.4 2.38 45.408239 11.889568 1
5.01 -8.6 2.16 21.41 2.38 45.408239 11.889568 1
5.01 -8.6 2.18 21.39 2.38 45.408239 11.889568 1
5.01 -8.6 2.18 21.41 2.38 45.408239 11.889568 1
5.01 -8.6 2.17 21.41 2.38 45.408239 11.889568 1
5.0 -8.59 2.17 21.4 2.38 45.408239 11.889568 1
5.0 -8.6 2.18 21.4 2.38 45.408239 11.889568 1
5.01 -8.61 2.17 21.41 2.38 45.408239 11.889568 1
5.02 -8.61 2.18 21.4 2.38 45.408239 11.889568 1
5.02 -8.6 2.17 21.39 2.38 45.408239 11.889568 1
5.01 -8.61 2.17 21.4 2.38 45.408239 11.889568 1
5.01 -8.61 2.16 21.39 2.38 45.408239 11.889568 1
5.01 -8.61 2.17 21.39 2.38 45.408239 11.889568 1
5.0 -8.59 2.17 21.4 2.38 45.408239 11.889568 1
5.01 -8.6 2.18 21.4 2.38 45.408239 11.889568 1
5.02 -8.59 2.17 21.4 2.38 45.408239 11.889568 1
5.0 -8.59 2.17 21.41 2.38 45.408239 11.889568 1
5.0 -8.6 2.18 21.4 2.38 45.408239 11.889568 1
5.01 -8.6 2.18 21.39 2.38 45.408239 11.889568 1
5.01 -8.6 2.17 21.4 2.38 45.408239 11.889568 1
5.01 -8.61 2.17 21.4 2.38 45.408239 11.889568 1
5.02 -8.6 2.17 21.4 2.38 45.408239 11.889568 1
5.01 -8.61 2.17 21.4 2.38 45.408239 11.889568 1
5.02 -8.6 2.17 21.4 2.38 45.408239 11.889568 1
5.01 -8.61 2.17 21.4 2.38 45.408239 11.889568 1
5.01 -8.59 2.16 21.4 2.38 45.408239 11.889568 1
5.02 -8.6 2.18 21.39 2.38 45.408239 11.889568 1
5.02 -8.6 2.17 21.39 2.38 45.408239 11.889568 1
5.01 -8.6 2.16 21.39 2.38 45.408239 11.889568 1
5.02 -8.6 2.17 21.4 2.38 45.408239 11.889568 1
5.02 -8.61 2.16 21.39 2.38 45.408239 11.889568 1
5.01 -8.6 2.17 21.39 2.38 45.408239 11.889568 1
