5.52 -8.02 1.6 21.51 2.84 45.408391 11.890102 0
5.37 -7.76 1.83 21.87 2.84 45.408391 11.890102 0
5.73 -8.41 1.82 21.73 2.84 45.408391 11.890102 1
5.63 -8.27 1.81 21.47 2.84 45.408391 11.890102 0
5.42 -8.05 2.11 21.47 2.84 45.408391 11.890102 1
5.88 -7.67 2.07 22.33 2.84 45.408391 11.890102 1
6.18 -7.64 1.72 22.36 2.84 45.408391 11.890102 1
6.14 -7.72 1.8 21.9 2.84 45.408391 11.890102 1
6.09 -7.64 1.79 21.92 2.84 45.408391 11.890102 1
6.04 -7.85 1.53 22.02 2.84 45.408391 11.890102 1
6.24 -7.37 2.09 22.02 2.84 45.408391 11.890102 1
6.45 -7.86 2.0 21.63 2.84 45.408391 11.890102 1
5.97 -7.75 2.06 22.07 2.84 45.408391 11.890102 1
5.83 -7.91 1.92 22.5 2.84 45.408391 11.890102 1
5.67 -7.99 1.9 21.68 2.84 45.408391 11.890102 1
5.84 -7.7 1.78 22.12 2.84 45.408391 11.890102 1
5.61 -8.15 2.0 22.54 2.84 45.408391 11.890102 1
5.61 -7.94 2.04 21.69 2.84 45.408391 11.890102 1
5.87 -7.86 1.95 21.57 2.84 45.408391 11.890102 1
6.08 -7.9 1.88 21.49 2.83 45.408381 11.890071 0
6.0 -7.67 1.92 21.93 2.83 45.408381 11.890071 1
6.16 -7.78 1.74 21.97 2.83 45.408381 11.890071 0
6.09 -7.75 1.88 22.02 2.83 45.408381 11.890071 1
6.06 -7.43 1.77 22.36 2.83 45.408381 11.890071 1
6.17 -7.6 1.59 21.47 2.83 45.408381 11.890071 1
6.24 -8.0 1.88 21.35 2.83 45.408381 11.890071 1
6.08 -7.93 1.74 21.47 2.83 45.408381 11.890071 1
5.72 -7.57 1.89 21.75 2.83 45.408381 11.890071 1
5.46 -7.96 1.75 22.04 2.83 45.408381 11.890071 1
5.69 -7.85 1.42 22.02 2.83 45.408381 11.890071 1
5.7 -8.03 2.04 22.04 2.83 45.408381 11.890071 1
6.0 -7.72 1.64 22.5 2.83 45.408381 11.890071 1
5.93 -7.76 1.65 22.62 2.83 45.408381 11.890071 1
5.74 -7.7 1.96 22.12 2.83 45.408381 11.890071 1
5.94 -7.73 1.96 22.02 2.83 45.408381 11.890071 1
6.3 -7.83 1.96 21.76 2.83 45.408381 11.890071 1
6.24 -7.89 2.04 21.83 2.8 45.408370 11.890036 0
5.88 -7.64 1.99 21.97 2.8 45.408370 11.890036 1
5.81 -7.67 1.7 22.02 2.8 45.408370 11.890036 0
5.93 -7.79 1.8 21.88 2.8 45.408370 11.890036 1
6.05 -7.89 2.04 21.73 2.8 45.408370 11.890036 1
6.0 -8.12 2.09 21.92 2.8 45.408370 11.890036 1
5.96 -8.08 1.95 21.71 2.8 45.408370 11.890036 1
5.25 -7.51 1.88 21.37 2.8 45.408370 11.890036 1
5.86 -7.72 1.76 21.92 2.8 45.408370 11.890036 1
5.74 -7.8 1.92 21.88 2.8 45.408370 11.890036 1
6.23 -8.44 1.75 21.39 2.8 45.408370 11.890036 1
5.9 -7.87 1.55 21.97 2.8 45.408370 11.890036 1
5.88 -8.1 1.78 22.52 2.8 45.408370 11.890036 1
5.78 -7.15 1.54 22.12 2.8 45.408370 11.890036 1
5.88 -7.82 1.98 21.97 2.8 45.408370 11.890036 1
6.17 -7.51 1.71 21.8 2.8 45.408370 11.890036 1
6.06 -8.31 1.62 21.97 2.8 45.408370 11.890036 1
6.05 -7.94 1.64 21.87 2.8 45.408370 11.890036 1
5.8 -7.53 1.71 22.12 2.56 45.408358 11.890006 0
5.68 -7.94 1.8 21.47 2.56 45.408358 11.890006 1
5.73 -7.72 1.66 21.35 2.56 45.408358 11.890006 0
6.23 -8.18 1.98 21.69 2.56 45.408358 11.890006 1
5.92 -7.77 1.94 21.8 2.56 45.408358 11.890006 1
6.07 -8.07 1.61 22.29 2.56 45.408358 11.890006 1
5.65 -7.42 1.98 21.99 2.56 45.408358 11.890006 1
6.17 -7.51 1.98 21.47 2.56 45.408358 11.890006 1
6.32 -7.6 1.95 21.59 2.56 45.408358 11.890006 1
6.15 -8.06 1.98 22.59 2.56 45.408358 11.890006 1
5.98 -7.39 1.97 22.31 2.56 45.408358 11.890006 1
6.01 -7.51 2.09 22.12 2.56 45.408358 11.890006 1
6.02 -7.62 2.24 21.92 2.56 45.408358 11.890006 1
5.95 -8.23 1.65 21.47 2.56 45.408358 11.890006 1
5.95 -8.26 1.39 22.02 2.56 45.408358 11.890006 1
5.62 -7.93 1.41 22.12 2.56 45.408358 11.890006 1
5.73 -7.75 1.81 21.56 2.56 45.408358 11.890006 1
6.0 -7.63 1.58 21.97 2.88 45.408348 11.889970 0
5.99 -7.85 1.74 22.0 2.88 45.408348 11.889970 1
6.3 -7.78 1.54 22.02 2.88 45.408348 11.889970 0
6.18 -7.95 1.26 21.97 2.88 45.408348 11.889970 1
6.08 -7.67 1.44 21.47 2.88 45.408348 11.889970 1
6.11 -7.91 1.53 21.51 2.88 45.408348 11.889970 1
6.0 -7.89 1.75 21.92 2.88 45.408348 11.889970 1
6.14 -7.64 1.6 22.07 2.88 45.408348 11.889970 1
5.88 -7.75 1.72 22.05 2.88 45.408348 11.889970 1
5.6 -7.62 1.73 22.12 2.88 45.408348 11.889970 1
5.7 -8.4 1.86 21.57 2.88 45.408348 11.889970 1
5.75 -7.6 1.9 21.54 2.88 45.408348 11.889970 1
5.62 -8.13 1.83 21.57 2.88 45.408348 11.889970 1
6.19 -7.74 1.74 21.63 2.88 45.408348 11.889970 1
6.08 -7.73 1.99 22.14 2.88 45.408348 11.889970 1
5.9 -7.52 1.97 22.24 2.88 45.408348 11.889970 1
6.02 -7.68 1.87 22.23 2.88 45.408348 11.889970 1
5.72 -7.58 2.04 21.81 2.88 45.408348 11.889970 1
6.34 -8.0 2.18 21.35 3.05 45.408339 11.889932 0
5.97 -8.27 1.8 21.8 3.05 45.408339 11.889932 1
5.97 -7.68 2.28 22.09 3.05 45.408339 11.889932 0
5.67 -7.63 2.05 22.12 3.05 45.408339 11.889932 1
5.68 -7.34 1.88 22.21 3.05 45.408339 11.889932 1
5.38 -8.31 2.01 21.95 3.05 45.408339 11.889932 1
6.04 -7.91 1.63 21.73 3.05 45.408339 11.889932 1
5.99 -8.22 1.76 21.73 3.05 45.408339 11.889932 1
5.75 -8.04 1.58 21.64 3.05 45.408339 11.889932 1
6.01 -7.57 1.76 22.55 3.05 45.408339 11.889932 1
6.28 -7.29 1.78 22.23 3.05 45.408339 11.889932 1
5.75 -7.83 1.73 21.81 3.05 45.408339 11.889932 1
5.92 -7.86 1.56 22.19 3.05 45.408339 11.889932 1
5.81 -8.12 1.68 21.93 3.05 45.408339 11.889932 1
5.85 -7.67 1.82 21.47 3.05 45.408339 11.889932 1
5.98 -8.5 1.58 21.47 3.05 45.408339 11.889932 1
5.64 -7.88 1.58 21.47 3.05 45.408339 11.889932 1
5.48 -7.86 1.9 21.73 3.14 45.408327 11.889892 0
5.61 -7.67 1.83 22.23 3.14 45.408327 11.889892 1
5.46 -7.36 1.96 22.02 3.14 45.408327 11.889892 0
6.08 -8.05 2.12 21.3 3.14 45.408327 11.889892 1
6.33 -8.47 2.07 21.78 3.14 45.408327 11.889892 1
5.88 -7.8 2.23 21.61 3.14 45.408327 11.889892 1
5.72 -7.59 2.05 22.12 3.14 45.408327 11.889892 1
5.8 -7.6 1.94 21.56 3.14 45.408327 11.889892 1
6.08 -7.76 1.87 21.42 3.14 45.408327 11.889892 1
5.89 -8.22 1.86 21.87 3.14 45.408327 11.889892 1
6.13 -8.1 1.7 22.02 3.14 45.408327 11.889892 1
5.55 -7.81 1.62 22.09 3.14 45.408327 11.889892 1
5.47 -7.68 1.73 22.12 3.14 45.408327 11.889892 1
5.77 -8.15 1.7 21.52 3.14 45.408327 11.889892 1
6.15 -7.96 1.83 21.54 3.14 45.408327 11.889892 1
5.92 -7.96 2.0 22.12 3.14 45.408327 11.889892 1
5.92 -7.38 1.69 22.05 3.14 45.408327 11.889892 1
6.2 -7.84 1.71 21.92 3.14 45.408327 11.889892 1
6.0 -7.66 1.55 21.45 3.34 45.408312 11.889854 0
6.17 -7.93 1.68 21.97 3.34 45.408312 11.889854 1
6.17 -7.81 1.73 22.05 3.34 45.408312 11.889854 0
6.11 -7.56 1.98 22.05 3.34 45.408312 11.889854 1
5.65 -7.78 1.68 21.97 3.34 45.408312 11.889854 1
5.56 -8.04 1.93 21.95 3.34 45.408312 11.889854 1
5.73 -8.23 1.64 21.83 3.34 45.408312 11.889854 1
5.89 -7.93 1.75 21.42 3.34 45.408312 11.889854 1
5.84 -8.02 1.62 21.99 3.34 45.408312 11.889854 1
5.95 -7.68 2.12 22.04 3.34 45.408312 11.889854 1
5.98 -7.89 1.71 21.73 3.34 45.408312 11.889854 1
5.88 -7.5 1.92 22.07 3.34 45.408312 11.889854 1
5.79 -7.59 1.98 21.97 3.34 45.408312 11.889854 1
6.39 -7.93 1.72 21.93 3.34 45.408312 11.889854 1
6.06 -7.79 1.93 22.12 3.34 45.408312 11.889854 1
5.79 -7.88 1.7 22.17 3.34 45.408312 11.889854 1
5.65 -7.61 1.67 22.02 3.34 45.408312 11.889854 1
5.81 -7.98 1.71 21.45 2.67 45.408300 11.889823 0
5.89 -8.17 1.89 21.92 2.67 45.408300 11.889823 1
5.58 -8.06 1.74 22.02 2.67 45.408300 11.889823 0
5.57 -8.22 1.75 21.63 2.67 45.408300 11.889823 1
5.68 -7.58 2.09 22.04 2.67 45.408300 11.889823 1
6.42 -7.55 1.94 22.04 2.67 45.408300 11.889823 1
6.1 -7.62 1.7 21.92 2.67 45.408300 11.889823 1
5.91 -7.91 1.7 22.36 2.67 45.408300 11.889823 1
5.73 -7.92 1.54 22.26 2.67 45.408300 11.889823 1
5.61 -7.64 1.77 22.02 2.67 45.408300 11.889823 1
5.9 -8.1 1.83 22.91 2.67 45.408300 11.889823 1
6.13 -7.88 1.82 22.12 2.67 45.408300 11.889823 1
5.78 -7.83 1.61 22.17 2.67 45.408300 11.889823 1
5.62 -8.37 1.74 22.23 2.67 45.408300 11.889823 1
5.55 -8.06 1.82 22.24 2.67 45.408300 11.889823 1
5.8 -7.78 1.87 22.17 2.67 45.408300 11.889823 1
5.88 -7.72 1.93 22.09 2.67 45.408300 11.889823 1
6.03 -7.98 1.85 21.85 2.67 45.408300 11.889823 1
6.01 -7.78 2.07 21.95 2.95 45.408288 11.889789 0
5.85 -7.74 1.95 21.42 2.95 45.408288 11.889789 1
5.94 -7.67 1.91 21.87 2.95 45.408288 11.889789 0
6.13 -7.86 1.75 21.81 2.95 45.408288 11.889789 1
6.0 -7.84 1.83 21.85 2.95 45.408288 11.889789 1
5.78 -7.84 1.98 21.78 2.95 45.408288 11.889789 1
5.69 -7.91 2.18 21.93 2.95 45.408288 11.889789 1
5.86 -7.69 1.84 22.29 2.95 45.408288 11.889789 1
5.77 -7.95 1.59 22.17 2.95 45.408288 11.889789 1
5.8 -7.99 1.52 22.04 2.95 45.408288 11.889789 1
5.67 -7.91 2.04 22.07 2.95 45.408288 11.889789 1
5.82 -7.98 1.7 22.02 2.95 45.408288 11.889789 1
6.14 -7.55 1.52 21.97 2.95 45.408288 11.889789 1
5.88 -7.92 1.9 21.57 2.95 45.408288 11.889789 1
6.0 -7.81 1.98 22.17 2.95 45.408288 11.889789 1
5.98 -7.62 1.62 22.54 2.95 45.408288 11.889789 1
6.08 -7.86 1.73 21.95 2.95 45.408288 11.889789 1
5.95 -7.82 1.82 22.0 1.35 45.408286 11.889771 0
5.97 -7.92 1.91 22.02 1.35 45.408286 11.889771 1
5.4 -8.05 1.7 21.93 1.35 45.408286 11.889771 0
5.83 -8.11 1.76 21.95 1.35 45.408286 11.889771 1
5.55 -7.92 1.87 21.61 1.35 45.408286 11.889771 1
5.75 -7.5 1.87 22.12 1.35 45.408286 11.889771 1
6.06 -7.96 1.5 21.87 1.35 45.408286 11.889771 1
6.29 -8.06 1.82 21.47 1.35 45.408286 11.889771 1
6.23 -8.11 1.78 21.83 1.35 45.408286 11.889771 1
5.75 -7.63 2.1 21.69 1.35 45.408286 11.889771 1
6.0 -7.56 1.82 22.17 1.35 45.408286 11.889771 1
5.73 -7.66 2.0 21.97 1.35 45.408286 11.889771 1
5.64 -7.86 2.03 21.52 1.35 45.408286 11.889771 1
6.12 -8.49 1.91 21.83 1.35 45.408286 11.889771 1
5.83 -7.75 1.89 22.07 1.35 45.408286 11.889771 1
5.56 -7.88 1.77 21.81 1.35 45.408286 11.889771 1
5.62 -7.62 1.82 21.76 1.35 45.408286 11.889771 1
5.83 -7.68 1.8 21.93 1.35 45.408286 11.889771 1
6.2 -7.95 1.7 21.97 2.91 45.408276 11.889737 0
6.03 -7.8 1.83 21.97 2.91 45.408276 11.889737 1
5.87 -7.9 1.6 22.02 2.91 45.408276 11.889737 0
5.9 -7.84 1.7 21.93 2.91 45.408276 11.889737 1
6.05 -7.58 1.74 21.52 2.91 45.408276 11.889737 1
6.21 -8.05 1.54 22.0 2.91 45.408276 11.889737 1
6.27 -7.99 1.94 22.62 2.91 45.408276 11.889737 1
5.56 -7.67 1.61 21.69 2.91 45.408276 11.889737 1
5.79 -8.13 1.63 21.81 2.91 45.408276 11.889737 1
5.84 -8.22 1.74 22.17 2.91 45.408276 11.889737 1
5.77 -8.15 1.82 22.09 2.91 45.408276 11.889737 1
6.07 -7.89 1.84 22.12 2.91 45.408276 11.889737 1
5.88 -7.91 1.88 22.12 2.91 45.408276 11.889737 1
6.07 -7.54 2.19 22.17 2.91 45.408276 11.889737 1
5.99 -7.81 1.98 22.19 2.91 45.408276 11.889737 1
6.05 -7.82 1.87 22.09 2.91 45.408276 11.889737 1
6.07 -7.84 2.0 21.56 2.91 45.408276 11.889737 1
5.8 -8.12 1.79 21.85 3.36 45.408260 11.889692 0
5.81 -8.01 2.07 22.04 3.36 45.408260 11.889692 1
5.74 -7.99 2.2 21.99 3.36 45.408260 11.889692 0
5.73 -7.39 1.69 21.61 3.36 45.408260 11.889692 1
6.0 -8.46 1.67 21.45 3.36 45.408260 11.889692 1
5.89 -7.9 1.73 21.4 3.36 45.408260 11.889692 1
5.8 -8.03 2.05 22.0 3.36 45.408260 11.889692 1
5.94 -7.38 1.78 21.97 3.36 45.408260 11.889692 1
6.0 -7.55 1.4 21.97 3.36 45.408260 11.889692 1
6.4 -7.81 1.62 22.02 3.36 45.408260 11.889692 1
6.05 -7.88 1.4 22.02 3.36 45.408260 11.889692 1
6.03 -7.65 1.84 22.07 3.36 45.408260 11.889692 1
5.93 -7.73 1.72 21.63 3.36 45.408260 11.889692 1
5.98 -7.79 1.46 21.66 3.36 45.408260 11.889692 1
5.75 -7.9 1.82 22.07 3.36 45.408260 11.889692 1
5.57 -8.26 1.54 22.12 3.36 45.408260 11.889692 1
5.48 -7.87 1.47 22.09 3.36 45.408260 11.889692 1
5.83 -7.92 1.89 21.56 3.36 45.408260 11.889692 1
5.81 -8.06 1.66 21.8 3.27 45.408249 11.889648 0
5.91 -7.97 1.98 21.87 3.27 45.408249 11.889648 1
5.82 -7.71 1.72 22.31 3.27 45.408249 11.889648 0
5.93 -7.47 1.65 21.4 3.27 45.408249 11.889648 1
5.92 -7.98 1.62 21.3 3.27 45.408249 11.889648 1
6.13 -7.91 1.92 21.9 3.27 45.408249 11.889648 1
5.85 -8.0 1.98 21.97 3.27 45.408249 11.889648 1
5.65 -7.78 2.09 22.0 3.27 45.408249 11.889648 1
5.9 -7.7 2.12 22.12 3.27 45.408249 11.889648 1
5.56 -7.99 1.94 21.99 3.27 45.408249 11.889648 1
5.96 -8.07 1.64 22.02 3.27 45.408249 11.889648 1
6.32 -8.3 1.77 22.12 3.27 45.408249 11.889648 1
5.63 -7.35 1.46 22.17 3.27 45.408249 11.889648 1
6.01 -7.69 1.7 22.04 3.27 45.408249 11.889648 1
5.74 -7.7 1.69 22.38 3.27 45.408249 11.889648 1
5.98 -8.24 1.69 22.02 3.27 45.408249 11.889648 1
5.86 -7.86 1.96 21.9 3.27 45.408249 11.889648 1
5.49 -6.99 1.8 21.87 3.27 45.408249 11.889648 1
4.99 -6.12 1.58 20.55 2.33 45.408241 11.889617 0
10.81 -7.66 1.83 21.08 2.33 45.408241 11.889617 1
4.65 -9.42 1.37 22.43 2.33 45.408241 11.889617 0
4.3 -10.42 2.35 25.06 2.33 45.408241 11.889617 1
4.97 -5.44 1.64 28.07 2.33 45.408241 11.889617 1
4.75 -4.36 1.19 29.17 2.33 45.408241 11.889617 1
2.39 -10.92 4.16 23.6 2.33 45.408241 11.889617 1
6.67 -8.82 2.45 23.38 2.33 45.408241 11.889617 1
7.31 -8.44 1.36 22.23 2.33 45.408241 11.889617 1
5.91 -7.5 0.19 21.54 2.33 45.408241 11.889617 1
6.5 -7.44 1.21 24.15 2.33 45.408241 11.889617 1
6.2 -7.91 2.1 21.87 2.33 45.408241 11.889617 1
5.52 -7.16 2.09 21.59 2.33 45.408241 11.889617 1
5.94 -7.7 1.68 22.45 2.33 45.408241 11.889617 1
5.56 -7.85 1.84 22.47 2.33 45.408241 11.889617 1
5.46 -7.99 1.66 21.97 2.33 45.408241 11.889617 1
5.95 -8.03 1.56 21.95 2.33 45.408241 11.889617 1
6.07 -7.73 1.51 21.83 2.28 45.408243 11.889589 0
6.06 -7.65 1.62 21.95 2.28 45.408243 11.889589 1
6.0 -7.97 1.67 22.02 2.28 45.408243 11.889589 0
5.95 -7.41 1.87 22.09 2.28 45.408243 11.889589 1
5.84 -8.05 1.63 21.97 2.28 45.408243 11.889589 1
6.18 -7.86 1.63 22.21 2.28 45.408243 11.889589 1
5.92 -8.3 1.73 21.83 2.28 45.408243 11.889589 1
5.76 -7.98 1.84 22.79 2.28 45.408243 11.889589 1
5.39 -7.97 1.48 22.11 2.28 45.408243 11.889589 1
5.36 -7.83 1.66 23.31 2.28 45.408243 11.889589 1
6.2 -8.29 1.89 22.04 2.28 45.408243 11.889589 1
5.84 -7.54 2.09 22.52 2.28 45.408243 11.889589 1
5.25 -8.02 2.0 22.29 2.28 45.408243 11.889589 1
5.64 -7.74 2.16 21.59 2.28 45.408243 11.889589 1
5.77 -7.74 1.87 21.9 2.28 45.408243 11.889589 1
5.95 -8.34 1.75 21.92 2.28 45.408243 11.889589 1
5.81 -8.02 1.82 22.04 2.28 45.408243 11.889589 1
5.51 -7.7 2.14 22.09 3.19 45.408232 11.889547 0
5.72 -7.66 1.99 21.97 3.19 45.408232 11.889547 1
5.88 -8.15 1.8 21.4 3.19 45.408232 11.889547 1
6.19 -8.0 1.9 21.87 3.19 45.408232 11.889547 0
5.81 -8.02 2.05 22.04 3.19 45.408232 11.889547 1
5.67 -7.84 1.98 21.78 3.19 45.408232 11.889547 1
5.68 -7.82 2.12 21.8 3.19 45.408232 11.889547 1
6.01 -7.85 1.79 21.59 3.19 45.408232 11.889547 1
5.91 -8.05 1.8 21.83 3.19 45.408232 11.889547 1
5.8 -8.39 1.71 22.11 3.19 45.408232 11.889547 1
5.57 -7.85 1.97 22.19 3.19 45.408232 11.889547 1
5.85 -7.86 1.96 22.55 3.19 45.408232 11.889547 1
5.84 -7.92 1.67 22.02 3.19 45.408232 11.889547 1
5.95 -8.39 1.54 22.12 3.19 45.408232 11.889547 1
6.0 -7.75 1.63 22.16 3.19 45.408232 11.889547 1
5.56 -7.97 1.81 22.16 3.19 45.408232 11.889547 1
5.91 -7.74 1.73 22.07 3.19 45.408232 11.889547 1
5.78 -8.08 1.84 21.59 3.19 45.408232 11.889547 1
6.07 -7.71 1.78 22.02 2.13 45.408225 11.889518 0
5.61 -8.15 1.67 22.04 2.13 45.408225 11.889518 1
5.85 -7.9 1.75 22.09 2.13 45.408225 11.889518 0
5.7 -8.03 1.53 21.95 2.13 45.408225 11.889518 1
5.72 -7.91 1.88 21.81 2.13 45.408225 11.889518 1
6.01 -8.28 1.72 21.45 2.13 45.408225 11.889518 1
5.65 -7.82 1.89 22.21 2.13 45.408225 11.889518 1
5.82 -8.1 1.8 21.9 2.13 45.408225 11.889518 1
5.83 -7.82 1.83 22.11 2.13 45.408225 11.889518 1
5.81 -7.6 2.23 22.12 2.13 45.408225 11.889518 1
6.02 -7.99 2.27 21.69 2.13 45.408225 11.889518 1
5.65 -7.89 1.84 22.05 2.13 45.408225 11.889518 1
5.83 -8.24 1.82 21.59 2.13 45.408225 11.889518 1
5.82 -8.25 1.81 21.6 2.13 45.408225 11.889518 1
5.82 -8.23 1.83 21.59 2.13 45.408225 11.889518 1
5.84 -8.23 1.82 21.59 2.13 45.408225 11.889518 1
5.82 -8.24 1.83 21.58 2.13 45.408225 11.889518 1
5.83 -8.24 1.82 21.58 2.13 45.408225 11.889518 1
5.84 -8.24 1.81 21.6 2.13 45.408225 11.889518 1
5.84 -8.25 1.83 21.59 2.13 45.408225 11.889518 1
5.82 -8.24 1.82 21.58 2.13 45.408225 11.889518 1
5.84 -8.24 1.81 21.59 2.13 45.408225 11.889518 1
5.82 -8.24 1.81 21.59 2.13 45.408225 11.889518 1
5.84 -8.25 1.83 21.58 2.13 45.408225 11.889518 1
5.82 -8.25 1.82 21.59 2.13 45.408225 11.889518 1
5.83 -8.25 1.82 21.59 2.13 45.408225 11.889518 1
5.82 -8.24 1.83 21.59 2.13 45.408225 11.889518 1
5.83 -8.24 1.82 21.59 2.13 45.408225 11.889518 1
5.83 -8.24 1.82 21.6 2.13 45.408225 11.889518 1
5.83 -8.24 1.81 21.59 2.13 45.408225 11.889518 1
5.83 -8.23 1.82 21.59 2.13 45.408225 11.889518 1
5.83 -8.25 1.82 21.58 2.13 45.408225 11.889518 1
5.84 -8.25 1.82 21.59 2.13 45.408225 11.889518 1
5.83 -8.23 1.82 21.59 2.13 45.408225 11.889518 1
5.83 -8.24 1.82 21.59 2.13 45.408225 11.889518 1
5.82 -8.24 1.81 21.6 2.13 45.408225 11.889518 1
5.83 -8.24 1.83 21.59 2.13 45.408225 11.889518 1
5.83 -8.23 1.81 21.6 2.13 45.408225 11.889518 1
5.83 -8.24 1.81 21.59 2.13 45.408225 11.889518 1
5.83 -8.24 1.83 21.59 2.13 45.408225 11.889518 1
5.84 -8.24 1.81 21.59 2.13 45.408225 11.889518 1
5.83 -8.24 1.81 21.59 2.13 45.408225 11.889518 1
5.84 -8.24 1.82 21.59 2.13 45.408225 11.889518 1
5.83 -8.24 1.82 21.58 2.13 45.408225 11.889518 1
5.84 -8.23 1.81 21.59 2.13 45.408225 11.889518 1
5.83 -8.23 1.81 21.59 2.13 45.408225 11.889518 1
5.83 -8.24 1.83 21.59 2.13 45.408225 11.889518 1
5.82 -8.23 1.81 21.6 2.13 45.408225 11.889518 1
5.84 -8.23 1.83 21.59 2.13 45.408225 11.889518 1
5.83 -8.25 1.83 21.58 2.13 45.408225 11.889518 1
5.82 -8.24 1.83 21.59 2.13 45.408225 11.889518 1
