6.89 -7.75 2.34 22.00 2.34  45.408015 11.888701
6.42 -7.66 2.25 22.23
6.03 -7.50 1.86 22.26
5.85 -7.68 1.77 22.28
5.36 -8.30 1.74 21.81
5.44 -8.44 1.30 22.57
5.81 -7.93 1.82 22.07
5.93 -8.11 1.58 22.07 2.34  45.408015 11.888701
5.85 -7.49 1.47 21.95
6.15 -7.50 1.69 21.80 2.34  45.408015 11.888701
6.55 -7.50 1.74 22.14
6.83 -7.41 1.92 21.75
6.43 -7.19 1.75 21.75
6.39 -7.50 1.35 21.85
6.24 -7.38 1.22 21.90
6.07 -7.72 1.24 21.85
5.38 -8.41 1.14 21.56
5.33 -8.28 1.51 22.05
5.65 -7.81 1.90 22.11
6.23 -7.79 1.86 22.09
6.00 -7.83 1.77 21.71
6.37 -8.18 1.87 22.17
6.17 -7.57 2.06 22.78
6.37 -7.23 1.91 22.12
6.24 -7.40 1.99 21.92
6.14 -8.24 1.91 21.71 2.96  45.408014 11.888670
6.10 -7.75 2.03 21.75
6.18 -8.07 2.29 21.85 2.96  45.408014 11.888670
5.90 -7.79 2.06 22.00
5.73 -7.51 2.23 22.02
5.63 -8.01 1.93 21.92
5.78 -7.72 1.93 21.73
5.80 -8.29 1.57 21.68
5.80 -7.90 1.53 22.02
5.90 -7.39 1.65 21.61
6.29 -7.85 1.96 21.57
6.35 -7.62 1.87 22.05
6.17 -7.45 1.49 22.07
6.47 -7.54 1.61 22.07
6.15 -7.74 1.78 22.48
6.00 -7.62 1.84 22.02
6.21 -7.65 1.65 21.97
5.92 -7.90 1.54 21.85 2.69  45.408017 11.888637
5.61 -8.12 1.25 21.88
5.69 -7.81 1.55 22.02 2.69  45.408017 11.888637
6.17 -7.99 1.64 22.00
5.94 -7.83 2.03 22.05
6.19 -7.98 1.61 22.42
5.74 -7.42 1.99 21.81
6.30 -7.92 1.83 22.28
6.12 -7.78 2.08 22.33
6.42 -7.36 2.07 22.04
6.15 -7.51 2.08 22.02
6.07 -7.77 2.03 22.00
5.76 -7.77 2.04 21.97
6.06 -7.87 2.03 21.52
5.89 -7.78 1.72 22.12
5.51 -7.89 1.85 22.47
6.14 -7.94 1.92 21.92
5.91 -7.87 1.85 21.87
6.05 -7.55 1.76 22.33 2.23  45.408015 11.888609
5.96 -7.64 1.44 22.42
6.21 -7.63 1.81 21.95 2.23  45.408015 11.888609
6.23 -7.56 1.98 21.87
6.22 -7.84 1.75 21.90
6.12 -7.90 1.76 21.75
6.03 -7.70 1.72 21.92
5.83 -7.80 1.60 21.95
5.88 -7.90 1.62 22.12
5.84 -7.97 1.51 22.07
5.77 -7.73 1.47 22.48
5.75 -8.09 1.71 22.83
5.90 -7.67 2.05 22.00
6.39 -7.62 1.69 22.02
6.40 -7.61 1.84 22.07
6.04 -7.42 2.18 22.19
5.98 -7.55 1.85 22.00
6.20 -7.47 2.03 21.80 2.64  45.408023 11.888580
5.75 -8.02 2.02 21.35
6.01 -7.97 2.06 21.71 2.64  45.408023 11.888580
5.84 -7.74 1.57 21.90
5.66 -8.18 1.83 22.47
5.41 -7.79 1.91 22.88
5.90 -7.82 1.95 21.92
5.90 -7.83 1.81 21.78
6.00 -7.80 1.75 21.87
6.11 -7.91 1.58 22.04
6.11 -7.51 1.71 22.95
5.88 -7.74 1.87 22.16
6.11 -7.79 1.81 22.57
6.15 -7.69 1.40 22.07
5.88 -8.06 1.72 22.04
5.40 -8.12 1.30 22.52
5.56 -8.20 1.52 22.29
5.63 -7.71 1.69 21.90
5.90 -7.89 1.91 22.00 3.02  45.408034 11.888546
5.82 -7.77 1.95 21.95
5.88 -7.79 2.02 21.90 3.02  45.408034 11.888546
6.05 -7.67 2.03 21.80
6.28 -7.67 1.77 21.78
6.16 -7.70 1.59 21.90
5.74 -7.95 1.88 21.92
5.69 -7.95 1.92 22.38
5.86 -7.71 2.31 22.04
5.99 -7.55 2.40 22.54
6.00 -8.11 1.75 22.05
5.90 -7.86 1.92 22.52
6.02 -7.67 1.53 22.12
6.14 -7.63 1.53 22.09
6.01 -7.98 1.62 22.52
6.14 -7.93 1.57 22.98
6.02 -7.62 1.80 22.35
6.04 -7.70 1.77 22.42 2.50  45.408031 11.888512
5.98 -7.71 1.59 21.95
5.88 -7.89 1.60 22.38 2.50  45.408031 11.888512
6.05 -7.93 1.92 22.29
5.88 -7.88 1.97 21.90
5.67 -7.94 1.62 22.47
5.86 -7.72 1.87 22.05
5.92 -7.90 1.73 21.95
5.97 -7.84 1.81 22.42
5.95 -7.69 1.86 22.11
5.98 -7.74 1.82 22.62
6.00 -7.77 1.94 22.23
6.45 -7.86 1.52 22.64
5.62 -7.59 1.99 22.48
5.78 -7.77 2.08 22.42
5.94 -8.30 1.91 22.26
5.82 -7.90 1.87 22.17
5.70 -8.00 1.61 22.43
5.93 -7.30 1.77 22.95 3.39  45.408021 11.888471
5.70 -7.17 1.81 23.38
5.84 -8.56 1.87 22.29 3.39  45.408021 11.888471
6.08 -7.82 1.90 23.08
6.44 -7.77 1.66 22.11
5.66 -7.26 1.59 22.21
5.20 -7.18 1.66 21.95
7.53 -8.02 1.88 21.64
5.70 -8.50 1.82 22.23
5.41 -8.19 1.59 22.47
5.71 -7.84 1.63 22.72
5.19 -6.35 1.93 22.11
6.38 -9.60 1.38 21.93
5.80 -7.89 1.78 22.36
5.86 -7.67 2.17 22.88
6.11 -7.50 1.91 21.97
6.10 -7.43 1.89 21.81
6.31 -7.62 1.79 21.92 2.26  45.408019 11.888442
6.06 -7.88 1.91 21.90
5.78 -7.67 2.14 21.95 2.26  45.408019 11.888442
6.08 -7.87 2.32 22.36
5.97 -7.66 1.97 22.00
5.95 -8.39 1.78 21.95
5.54 -7.70 1.62 22.81
6.17 -8.15 1.63 22.42
5.79 -7.79 1.90 21.85
6.20 -7.84 1.79 22.02
5.91 -7.89 1.53 22.02
6.11 -7.78 1.56 22.02
6.06 -7.30 1.92 22.42
5.92 -7.76 1.84 23.24
6.34 -7.99 1.89 22.05
5.50 -7.95 1.59 22.57
5.73 -7.61 1.49 22.07
5.86 -8.12 1.48 22.35
6.08 -7.60 1.80 22.29 2.17  45.408016 11.888411
5.86 -8.08 1.85 21.97
6.89 -8.42 1.90 22.47 2.17  45.408016 11.888411
5.51 -7.76 1.63 22.00
6.20 -7.66 1.59 22.54
5.71 -7.44 1.86 21.51
6.41 -7.48 1.76 21.47
6.14 -8.99 1.86 21.57
5.59 -6.41 2.12 22.36
5.68 -8.29 1.64 22.07
6.02 -7.24 2.09 22.36
5.71 -8.73 1.76 21.93
6.01 -7.80 2.14 22.12
5.77 -8.02 1.74 21.66
5.93 -7.20 1.49 21.66
6.13 -7.99 1.86 21.99
6.27 -7.56 1.69 21.95
5.90 -8.05 1.51 21.95 2.64  45.408012 11.888376
5.99 -7.62 1.71 21.88
6.03 -7.90 1.63 21.90 2.64  45.408012 11.888376
6.12 -7.92 1.60 22.00
5.64 -8.10 1.63 22.47
5.58 -7.97 1.40 22.84
5.63 -7.89 1.61 22.38
5.93 -7.97 1.72 21.81
5.88 -8.17 2.09 21.81
5.96 -7.71 2.01 21.99
6.02 -7.82 1.98 21.61
5.95 -7.55 1.97 22.05
5.97 -7.84 1.73 22.07
6.16 -7.67 1.91 21.99
5.95 -7.88 2.02 22.17
5.77 -7.93 1.99 22.26
5.71 -7.68 2.08 21.75
5.76 -7.95 1.84 22.02
5.86 -8.08 1.58 21.95 2.91  45.408005 11.888337
6.15 -7.92 1.62 21.95
6.01 -7.77 1.84 22.00 2.91  45.408005 11.888337
5.93 -7.54 1.68 22.02
6.01 -7.63 1.73 22.00
6.09 -7.84 1.75 21.49
6.10 -7.85 1.70 21.90
6.19 -7.79 1.84 21.85
5.92 -7.77 1.69 22.16
5.84 -7.59 1.56 22.21
5.88 -7.77 1.70 22.09
5.83 -7.89 1.66 22.05
6.07 -8.07 1.92 22.17
5.86 -8.09 1.73 22.23
5.87 -7.56 1.81 22.14
5.99 -7.61 1.86 21.95
6.11 -7.87 1.83 21.69
6.29 -8.10 1.87 21.59 2.89  45.407994 11.888296
6.19 -7.13 1.95 21.78
6.49 -7.93 1.72 21.92 2.89  45.407994 11.888296
5.60 -7.48 1.82 22.05
5.93 -7.64 1.89 22.21
6.04 -7.85 1.82 21.95
5.51 -8.01 1.54 22.02
5.97 -8.12 2.16 21.78
5.30 -7.77 1.68 21.63
5.60 -8.02 1.74 21.47
4.97 -6.28 1.55 21.11
10.00 -8.24 2.12 21.06
7.90 -10.10 2.61 22.31
5.25 -5.48 2.14 24.58
4.62 -7.87 1.03 24.46
3.49 -4.10 1.51 22.84
6.96 -11.21 -0.16 20.24
4.06 -13.54 2.55 20.13
5.27 -8.04 2.91 21.44 1.93  45.407984 11.888271
5.16 -5.72 2.06 22.09
6.12 -6.33 2.87 21.85 1.93  45.407984 11.888271
6.54 -7.84 1.82 21.87
6.30 -7.63 1.38 21.64
7.14 -8.44 2.08 21.64
6.00 -7.68 1.82 22.35
5.98 -7.26 2.13 22.50
6.04 -7.43 2.24 22.16
5.74 -7.85 1.99 21.59
6.31 -8.07 1.58 22.00
5.99 -8.28 1.52 22.05
5.61 -7.90 1.90 22.14
5.82 -7.80 1.71 22.14
6.00 -7.47 1.77 22.11
6.36 -7.80 1.70 22.11
5.99 -7.91 1.36 21.85
6.14 -7.68 1.56 21.92 2.63  45.407967 11.888242
5.93 -7.59 2.13 21.90
6.36 -7.66 1.92 21.85 2.63  45.407967 11.888242
5.94 -7.92 1.63 21.76
5.97 -7.92 1.48 21.92
5.56 -8.12 1.70 21.45
5.52 -8.02 1.61 21.92
5.92 -8.04 1.89 21.56
6.24 -7.72 1.95 21.90
5.91 -7.70 1.81 21.61
5.92 -7.72 1.94 21.93
5.92 -7.91 1.68 21.51
6.12 -7.61 1.96 21.92
6.02 -7.62 2.05 21.45
6.29 -7.69 2.27 21.90
6.23 -7.63 2.15 21.61
6.04 -7.49 2.08 22.16
5.74 -7.73 1.90 21.66
5.44 -7.83 1.95 22.05 3.19  45.407949 11.888210
6.03 -8.14 1.52 22.00
5.96 -8.06 1.66 21.85 3.19  45.407949 11.888210
6.13 -8.02 1.70 21.52
5.88 -7.45 1.42 22.00
6.33 -7.74 1.46 22.50
6.32 -7.51 1.67 21.78
5.86 -7.79 1.39 21.28
6.00 -8.20 1.56 21.90
5.79 -7.88 2.07 22.00
5.96 -7.57 2.16 22.02
5.82 -7.86 2.06 22.05
5.40 -7.93 1.59 22.00
5.84 -8.23 1.75 21.56
5.97 -8.15 1.56 22.04
5.54 -7.61 2.08 22.16
5.88 -7.80 1.94 21.95
5.98 -7.78 2.09 21.83 2.73  45.407942 11.888174
6.18 -7.83 2.12 21.92
5.72 -8.02 2.05 21.97 2.73  45.407942 11.888174
5.17 -7.75 2.05 21.54
5.56 -8.05 1.72 21.85
5.65 -8.26 1.37 21.76
5.19 -8.30 1.23 21.45
5.71 -8.29 1.19 21.54
5.96 -8.71 1.05 21.33
5.84 -7.69 0.78 22.29
5.56 -8.28 1.14 22.62
5.06 -7.98 1.35 22.78
5.42 -7.86 1.47 22.11
5.94 -8.36 1.33 21.78
5.84 -9.45 1.23 21.15
5.54 -8.93 0.99 21.69
5.46 -7.72 1.14 21.92
5.23 -8.56 1.33 21.87
4.97 -7.86 1.39 21.87 1.86  45.407941 11.888147
5.43 -8.22 1.23 21.80
5.19 -8.86 0.94 21.85 1.86  45.407941 11.888147
4.90 -8.25 1.40 21.85
5.89 -7.63 1.68 21.90
5.70 -7.80 1.20 21.85
5.85 -7.53 1.60 22.26
5.61 -8.09 1.59 21.64
5.62 -7.99 1.96 22.00
5.65 -8.26 2.02 21.40
5.56 -8.37 1.70 21.75
5.78 -8.34 1.95 21.76
5.84 -8.17 1.62 21.35
5.56 -8.35 1.40 21.69
5.26 -8.47 1.72 22.62
5.50 -8.63 1.98 21.52
5.63 -8.64 2.33 22.21
5.14 -8.88 2.28 21.75 1.75  45.407946 11.888122
