5.32 -8.46 1.65 21.95 1.89  45.408013 11.888756
5.73 -7.90 1.37 22.33 1.89  45.408013 11.888756
6.38 -7.89 1.10 22.57
6.10 -7.47 1.42 21.81
6.06 -7.55 1.58 22.07
6.33 -7.67 1.50 22.02
6.37 -7.53 1.41 21.95
6.27 -7.91 1.59 22.02
6.10 -7.73 1.42 22.83
6.07 -7.56 1.50 21.81
6.12 -7.63 1.78 21.73
5.94 -8.07 1.93 21.81
5.77 -8.15 1.82 21.87
5.60 -7.84 1.68 22.29
5.49 -8.06 1.73 21.88
5.48 -7.78 2.09 21.80
6.22 -8.10 1.76 22.21 2.61  45.408014 11.888726
6.36 -7.53 2.09 22.16
6.07 -7.48 1.87 21.83 2.61  45.408014 11.888726
6.16 -7.69 1.93 22.31
6.26 -7.93 1.78 22.00
6.14 -7.46 1.79 21.95
6.57 -7.59 2.01 22.42
6.66 -7.82 1.69 22.07
6.03 -7.50 1.63 22.62
6.15 -7.67 1.95 22.67
6.09 -7.83 1.89 22.47
5.76 -7.94 1.75 21.92
5.89 -8.17 1.86 21.88
5.83 -8.22 1.77 22.02
5.81 -7.69 1.58 22.23
6.03 -7.33 1.99 22.17
5.80 -7.52 1.65 21.97
6.47 -7.72 1.64 21.80
6.46 -7.91 1.68 22.21 2.06  45.408014 11.888697
6.21 -7.81 1.51 21.85
6.18 -7.39 1.70 21.92 2.06  45.408014 11.888697
6.33 -7.66 1.72 21.51
6.14 -7.59 1.78 21.90
6.08 -7.78 1.69 21.90
6.02 -7.72 1.33 21.95
5.92 -7.99 1.57 21.95
5.87 -7.63 1.49 22.09
5.89 -7.73 1.76 22.12
5.73 -8.20 1.87 21.97
6.07 -7.80 1.87 22.04
6.49 -7.64 2.16 21.99
6.25 -7.46 2.26 22.12
6.11 -7.71 1.74 22.23
5.73 -7.52 2.01 22.54
6.59 -7.64 1.69 21.97
6.27 -7.55 1.96 22.29 2.22  45.408026 11.888672
6.03 -7.95 2.01 21.42
6.04 -7.93 1.77 21.97 2.22  45.408026 11.888672
5.80 -7.84 1.72 22.69
5.59 -7.64 1.71 22.17
5.77 -8.12 1.53 21.40
5.83 -7.84 1.72 21.88
6.04 -7.92 1.92 21.87
6.19 -7.57 1.97 22.48
6.24 -7.69 2.00 22.02
6.28 -7.97 1.67 22.04
5.87 -7.80 1.63 22.42
6.21 -7.83 1.92 22.02
6.02 -8.00 1.88 21.99
6.00 -7.35 1.85 22.45
6.19 -7.92 1.35 21.97
5.74 -7.96 1.48 21.92
5.92 -7.64 1.92 22.26
5.87 -8.01 2.00 21.95 2.72  45.408035 11.888639
5.80 -7.89 1.94 22.00
6.08 -7.33 1.77 21.99 2.72  45.408035 11.888639
6.15 -7.97 1.88 21.97
6.00 -7.87 1.68 22.36
6.21 -7.83 1.48 22.35
6.05 -7.65 1.78 22.47
6.03 -7.66 1.92 21.85
6.12 -7.70 1.98 22.07
6.07 -7.85 1.78 22.12
5.93 -7.75 1.84 22.59
5.95 -7.68 1.82 22.09
5.68 -7.99 1.87 22.42
5.95 -8.03 1.73 21.97
6.12 -8.11 1.97 21.97
6.03 -7.60 1.69 22.02
6.29 -7.95 1.82 21.90
6.03 -7.35 1.71 22.11 2.76  45.408043 11.888601
6.05 -7.63 1.73 21.99
6.15 -7.58 1.82 21.83
6.37 -7.78 1.81 21.85 2.76  45.408043 11.888601
6.12 -7.81 1.71 21.54
5.77 -7.68 1.72 22.07
5.66 -7.94 1.45 22.04
5.68 -8.13 1.83 21.99
5.86 -7.88 1.73 22.48
6.14 -7.92 1.61 21.99
5.73 -7.65 1.95 22.12
5.98 -7.68 1.92 22.17
5.81 -7.64 1.89 22.07
6.25 -7.93 1.92 22.40
6.34 -7.63 2.04 22.02
6.24 -7.69 2.12 22.48
5.81 -7.65 1.74 22.07
5.84 -7.77 1.72 22.23
5.86 -8.02 1.87 21.80 2.15  45.408058 11.888574
5.72 -7.92 1.72 22.24
5.76 -8.03 1.66 22.02 2.15  45.408058 11.888574
5.69 -7.52 1.71 22.02
5.88 -7.86 1.66 22.42
6.38 -7.63 1.66 21.39
6.10 -7.74 1.90 21.95
5.98 -7.83 1.74 21.56
5.97 -7.82 1.75 22.02
6.02 -7.75 1.87 22.02
6.42 -8.01 1.53 22.09
5.65 -7.73 1.67 22.52
5.71 -7.95 1.54 22.54
5.68 -7.84 1.87 22.04
5.75 -7.90 1.94 22.02
6.06 -8.03 1.68 22.00
6.18 -7.78 1.62 21.95
5.99 -7.55 1.83 22.11 1.69  45.408064 11.888550
6.12 -7.46 2.13 22.00
6.17 -7.45 2.04 21.92
6.08 -8.19 1.90 22.36 1.69  45.408064 11.888550
5.99 -7.81 1.81 22.00
6.01 -7.85 1.66 22.43
5.87 -7.80 1.72 22.14
5.66 -7.93 1.69 22.57
5.43 -7.92 1.65 21.61
6.22 -8.04 1.84 22.02
5.73 -7.75 1.83 22.29
6.13 -7.67 1.84 22.02
5.92 -7.80 1.79 22.07
5.85 -7.57 1.86 23.29
5.94 -7.65 1.75 22.42
6.13 -7.91 1.74 22.91
6.13 -7.67 1.69 22.52
6.35 -7.60 1.44 22.35
5.52 -7.66 1.54 21.95 2.86  45.408068 11.888513
5.93 -7.84 1.75 22.17
5.95 -8.10 1.77 22.04 2.86  45.408068 11.888513
5.86 -8.03 1.95 23.07
5.83 -8.23 2.09 21.95
5.93 -7.15 1.65 22.64
6.13 -7.59 1.77 21.99
6.08 -7.91 1.85 21.97
5.72 -7.34 2.10 22.50
6.00 -8.08 1.71 22.40
6.05 -7.84 1.93 22.36
6.01 -7.95 1.82 22.02
5.77 -7.86 1.78 22.26
5.51 -7.78 1.88 22.19
6.01 -7.78 1.96 22.07
6.10 -8.29 2.09 22.02
5.97 -7.89 1.85 21.92
6.09 -8.01 1.79 22.33
5.89 -7.69 2.05 22.21 1.77  45.408074 11.888487
6.01 -7.69 1.89 21.80
5.86 -7.89 1.70 22.33 1.77  45.408074 11.888487
6.29 -8.18 1.77 21.92
5.86 -7.81 2.03 21.95
5.86 -7.91 1.81 22.00
5.58 -8.08 1.78 22.00
5.77 -7.88 1.80 22.48
5.97 -7.92 1.92 22.07
5.98 -7.93 1.45 22.47
6.05 -7.72 1.73 22.45
6.00 -7.80 1.55 22.02
6.08 -7.68 1.54 21.97
6.74 -8.69 1.85 28.21
5.63 -7.21 2.32 22.17
6.27 -7.48 1.69 22.57
5.17 -8.09 2.24 22.09
6.40 -7.88 1.91 21.93 3.25  45.408056 11.888446
5.66 -9.30 1.86 22.00
5.81 -6.50 1.57 22.31 3.25  45.408056 11.888446
6.05 -7.90 1.74 22.42
5.83 -7.13 1.79 21.85
6.09 -8.59 1.77 21.40
6.22 -7.84 1.65 21.95
5.94 -7.60 1.77 21.97
5.87 -7.47 1.74 22.02
5.99 -8.06 1.83 22.07
6.10 -7.87 1.48 22.04
5.49 -7.87 1.53 22.50
5.98 -7.81 1.68 22.07
5.78 -7.60 1.80 22.07
5.90 -7.93 1.78 22.07
5.83 -8.15 1.91 22.04
6.19 -7.75 1.79 21.56
6.08 -7.73 1.63 21.51
6.30 -7.54 1.80 21.51 2.79  45.408042 11.888403
6.17 -7.81 2.25 21.87
5.92 -7.86 1.76 21.51 2.79  45.408042 11.888403
5.73 -8.09 1.60 21.90
6.16 -7.63 1.65 21.51
5.51 -8.10 1.79 21.95
5.81 -7.98 1.95 21.95
5.86 -7.87 2.02 22.12
6.23 -7.78 1.70 22.23
5.84 -7.65 1.93 22.17
5.91 -7.58 1.90 22.04
5.94 -8.20 2.02 21.97
5.96 -7.78 1.51 21.97
6.27 -8.12 1.62 22.00
6.07 -7.45 1.43 22.52
6.00 -7.71 1.51 22.14
5.82 -7.86 1.70 21.85
5.52 -8.32 1.75 21.90 2.76  45.408036 11.888365
5.72 -8.56 1.61 21.99
5.55 -7.75 1.81 22.00 2.76  45.408036 11.888365
5.69 -7.74 1.86 21.95
5.91 -7.77 1.94 21.81
6.69 -7.87 1.65 21.76
5.91 -8.02 1.50 22.43
5.94 -7.77 1.36 22.04
5.43 -7.58 1.81 21.99
5.77 -7.76 2.13 21.83
5.89 -8.19 1.95 21.69
6.16 -7.87 1.76 21.45
5.25 -7.90 1.95 21.56
5.70 -7.08 1.81 22.23
6.18 -7.67 2.08 22.57
5.96 -7.51 1.77 22.72
6.10 -8.19 1.68 22.07
5.94 -7.13 1.87 21.97 1.16  45.408033 11.888343
5.32 -8.13 2.06 21.85
5.45 -7.83 1.88 21.61 1.16  45.408033 11.888343
5.96 -7.71 1.46 21.21
4.38 -9.14 1.37 20.51
8.07 -7.45 0.96 21.16
8.18 -7.53 1.85 23.55
2.92 -7.71 1.59 24.85
4.55 -6.30 1.30 24.71
6.65 -4.18 1.19 21.56
6.78 -10.58 0.78 20.39
6.27 -15.77 0.89 20.68
5.21 -4.65 1.35 21.83
5.33 -5.87 1.63 22.23
6.05 -6.37 0.91 22.02
6.44 -7.93 2.29 21.90
6.25 -8.15 2.55 21.73
6.36 -8.35 1.78 21.40
5.19 -7.64 1.74 22.11 1.76  45.408023 11.888318
5.52 -7.36 1.53 21.90
6.06 -8.10 2.10 21.80 1.76  45.408023 11.888318
5.88 -8.09 2.40 21.39
6.08 -7.63 1.50 21.47
6.13 -7.53 1.89 21.99
6.22 -7.34 1.94 21.47
6.22 -7.72 1.70 21.47
6.23 -7.47 1.54 21.99
6.36 -7.82 1.67 22.09
6.02 -7.63 1.75 22.11
6.10 -7.55 1.30 22.07
5.84 -8.07 1.34 22.00
5.79 -7.91 1.52 21.61
5.89 -7.96 1.92 21.66
5.75 -7.87 2.12 22.12
5.95 -7.78 1.91 21.83
6.00 -7.65 1.85 22.33
6.40 -7.63 2.03 21.87 2.48  45.408003 11.888280
6.44 -7.50 2.08 21.51
6.24 -7.52 1.94 21.97 2.48  45.408003 11.888280
5.91 -7.60 1.72 21.92
6.04 -7.69 1.60 21.42
5.89 -8.00 1.72 21.37
5.75 -7.96 1.85 21.37
5.55 -7.94 1.81 21.93
5.97 -7.84 1.57 22.07
5.91 -7.84 1.83 22.09
6.07 -7.75 1.94 22.23
6.10 -7.39 1.92 22.17
6.21 -7.61 1.98 22.12
6.02 -7.99 1.90 21.99
6.22 -7.93 1.60 22.00
6.22 -7.63 1.79 22.11
6.03 -7.72 1.70 22.05
6.10 -7.75 1.47 22.02 2.01  45.407996 11.888252
5.58 -7.84 1.48 21.45
5.64 -8.12 1.82 21.85 2.01  45.407996 11.888252
5.84 -8.36 1.95 21.87
6.09 -7.62 1.92 21.99
5.87 -7.62 1.88 22.00
5.69 -7.64 1.91 21.49
6.33 -8.06 1.63 21.80
6.25 -7.96 2.05 21.61
6.21 -7.48 1.78 22.07
6.37 -7.44 1.78 22.04
5.84 -7.64 1.40 22.02
5.81 -8.33 1.33 21.97
5.96 -8.07 1.66 21.57
