5.96 -8.04 1.61 23.43 3.35 45.868469 12.306967 0
5.62 -8.05 1.53 23.38 3.35 45.868469 12.306967 0
5.72 -7.24 1.79 23.12 3.35 45.868469 12.306967 0
6.44 -7.91 2.1 22.98 3.35 45.868469 12.306967 0
5.51 -8.11 1.74 22.95 3.35 45.868469 12.306967 0
6.02 -8.21 1.8 22.9 3.35 45.868469 12.306967 0
6.06 -8.56 1.52 22.98 3.35 45.868469 12.306967 0
5.92 -8.03 1.73 22.26 3.35 45.868469 12.306967 0
5.99 -8.61 1.83 22.42 3.35 45.868469 12.306967 0
5.6 -6.86 1.81 23.34 3.35 45.868469 12.306967 0
5.7 -7.87 2.39 22.62 3.35 45.868469 12.306967 0
6.15 -7.7 1.79 22.57 3.45 45.868439 12.306976 1
5.2 -7.28 2.32 22.74 3.45 45.868439 12.306976 0
5.74 -7.93 2.52 23.6 3.45 45.868439 12.306976 1
5.71 -7.91 1.49 22.86 3.45 45.868439 12.306976 0
5.99 -7.72 1.92 23.17 3.45 45.868439 12.306976 0
5.95 -8.0 1.97 22.93 3.45 45.868439 12.306976 0
5.82 -8.1 1.9 22.66 3.45 45.868439 12.306976 0
5.26 -7.46 1.97 23.15 3.45 45.868439 12.306976 0
6.01 -8.25 2.1 22.67 3.45 45.868439 12.306976 0
5.88 -8.11 1.9 22.67 3.45 45.868439 12.306976 0
5.74 -7.78 2.25 23.26 3.45 45.868439 12.306976 0
5.62 -7.64 1.9 22.9 3.45 45.868439 12.306976 0
5.86 -7.44 1.93 24.15 3.45 45.868439 12.306976 0
6.06 -7.88 1.69 23.19 3.45 45.868439 12.306976 0
5.9 -8.18 1.84 22.83 3.45 45.868439 12.306976 0
5.72 -7.9 1.52 22.26 3.45 45.868439 12.306976 0
5.74 -7.56 1.58 23.63 3.45 45.868439 12.306976 0
5.64 -8.1 1.86 22.72 3.36 45.868409 12.306985 1
5.81 -8.28 1.97 23.19 3.36 45.868409 12.306985 0
6.05 -7.98 2.02 26.63 3.36 45.868409 12.306985 1
5.95 -7.79 1.55 22.59 3.36 45.868409 12.306985 0
5.94 -7.73 1.76 23.5 3.36 45.868409 12.306985 0
6.05 -7.61 1.36 25.81 3.36 45.868409 12.306985 0
5.71 -7.53 2.33 23.87 3.36 45.868409 12.306985 0
