6.44 -7.9 1.55 29.26 3.07 45.868648 12.306904 1
6.13 -7.99 2.24 22.86 3.07 45.868648 12.306904 0
5.68 -7.91 2.32 23.99 3.07 45.868648 12.306904 0
5.85 -7.42 2.27 23.89 3.07 45.868648 12.306904 0
6.24 -7.41 2.14 25.21 3.07 45.868648 12.306904 0
6.21 -7.85 2.04 23.89 3.07 45.868648 12.306904 0
5.89 -8.13 1.82 23.48 3.07 45.868648 12.306904 0
5.48 -7.34 2.11 24.71 3.07 45.868648 12.306904 0
5.97 -7.76 2.37 25.97 3.07 45.868648 12.306904 0
5.48 -8.26 1.97 23.08 3.07 45.868648 12.306904 0
6.04 -8.51 1.66 23.7 3.07 45.868648 12.306904 0
6.2 -7.45 1.07 23.07 3.07 45.868648 12.306904 0
5.62 -7.39 1.52 23.14 3.07 45.868648 12.306904 0
6.14 -8.14 1.71 22.81 3.07 45.868648 12.306904 0
6.5 -7.52 1.37 22.96 3.07 45.868648 12.306904 0
6.34 -8.03 1.99 22.14 3.49 45.868619 12.306914 1
5.6 -8.03 1.99 22.98 3.49 45.868619 12.306914 0
6.01 -7.03 1.69 22.19 3.49 45.868619 12.306914 1
6.1 -8.24 1.5 22.57 3.49 45.868619 12.306914 0
5.33 -7.89 1.39 23.0 3.49 45.868619 12.306914 0
5.74 -7.88 1.59 22.81 3.49 45.868619 12.306914 0
5.58 -7.58 1.57 24.01 3.49 45.868619 12.306914 0
5.9 -7.92 1.98 24.61 3.49 45.868619 12.306914 0
5.94 -8.01 1.5 25.74 3.49 45.868619 12.306914 0
5.86 -7.51 1.86 24.4 3.49 45.868619 12.306914 0
6.18 -7.94 1.75 23.48 3.49 45.868619 12.306914 0
6.06 -7.36 2.11 23.17 3.49 45.868619 12.306914 0
6.29 -7.75 1.98 23.0 3.49 45.868619 12.306914 0
5.87 -7.62 2.06 23.84 3.49 45.868619 12.306914 0
5.84 -7.42 1.87 22.88 3.49 45.868619 12.306914 0
6.02 -8.05 1.64 22.76 3.49 45.868619 12.306914 0
5.8 -8.15 1.78 23.6 3.49 45.868619 12.306914 0
5.92 -7.76 1.71 22.76 3.41 45.868590 12.306926 1
5.6 -7.58 1.72 22.17 3.41 45.868590 12.306926 0
6.18 -8.09 1.88 22.5 3.41 45.868590 12.306926 1
