5.83 -7.74 1.89 21.83 2.6 45.406324 11.894204 1 0
5.96 -7.7 2.01 21.88 2.6 45.406324 11.894204 1 0
6.02 -7.77 1.9 22.4 2.6 45.406324 11.894204 1 0
5.91 -7.87 1.7 22.35 2.6 45.406324 11.894204 1 0
5.82 -7.86 1.74 22.35 2.6 45.406324 11.894204 1 0
5.75 -7.84 2.01 22.35 2.6 45.406324 11.894204 1 0
5.66 -8.0 2.15 22.83 2.6 45.406324 11.894204 1 0
5.61 -8.15 1.99 23.63 2.6 45.406324 11.894204 1 0
5.64 -8.03 1.75 22.95 2.6 45.406324 11.894204 1 0
5.67 -7.88 1.69 22.52 2.6 45.406324 11.894204 1 0
5.74 -7.91 1.73 21.83 2.6 45.406324 11.894204 1 0
5.83 -7.96 1.74 22.19 2.36 45.406322 11.894239 0 0
5.83 -7.89 1.78 21.73 2.36 45.406322 11.894239 1 0
5.78 -7.84 1.89 21.75 2.36 45.406322 11.894239 0 0
5.71 -7.87 1.98 21.85 2.36 45.406322 11.894239 1 0
5.59 -7.93 1.94 24.32 2.36 45.406322 11.894239 1 0
5.58 -8.02 1.82 21.78 2.36 45.406322 11.894239 1 0
5.88 -8.07 1.69 21.83 2.36 45.406322 11.894239 1 0
6.16 -7.9 1.61 22.4 2.36 45.406322 11.894239 1 0
6.03 -7.65 1.6 23.03 2.36 45.406322 11.894239 1 0
5.7 -7.64 1.67 22.17 2.36 45.406322 11.894239 1 0
5.58 -7.9 1.72 22.14 2.36 45.406322 11.894239 1 0
5.7 -8.15 1.65 22.45 2.36 45.406322 11.894239 1 0
5.9 -8.16 1.63 21.69 2.36 45.406322 11.894239 1 0
6.0 -8.02 1.77 22.98 2.36 45.406322 11.894239 1 0
5.83 -7.92 1.84 23.86 2.36 45.406322 11.894239 1 0
5.61 -7.9 1.72 22.52 2.36 45.406322 11.894239 1 0
5.75 -7.92 1.7 22.24 2.36 45.406322 11.894239 1 0
6.04 -7.99 1.9 21.49 2.94 45.406324 11.894278 0 0
5.93 -8.03 1.98 21.83 2.94 45.406324 11.894278 1 0
5.59 -7.89 1.82 22.5 2.94 45.406324 11.894278 1 0
5.59 -7.71 1.75 22.31 2.94 45.406324 11.894278 0 0
5.75 -7.76 1.91 27.94 2.94 45.406324 11.894278 1 0
5.75 -7.9 2.0 22.26 2.94 45.406324 11.894278 1 0
5.78 -7.92 1.84 22.24 2.94 45.406324 11.894278 1 0
