5.91 -8.37 1.84 22.0 3.25 45.408056 11.888446 1 0
5.84 -7.44 1.6 22.31 3.25 45.408056 11.888446 0 0
5.86 -7.1 1.67 22.42 3.25 45.408056 11.888446 1 0
5.96 -7.71 1.84 21.85 3.25 45.408056 11.888446 1 0
6.11 -8.25 1.77 21.4 3.25 45.408056 11.888446 1 0
6.13 -7.99 1.64 21.95 3.25 45.408056 11.888446 1 0
5.97 -7.53 1.73 21.97 3.25 45.408056 11.888446 1 0
5.91 -7.57 1.85 22.02 3.25 45.408056 11.888446 1 0
6.0 -7.91 1.72 22.07 3.25 45.408056 11.888446 1 0
5.94 -8.0 1.53 22.04 3.25 45.408056 11.888446 1 0
5.76 -7.85 1.55 22.5 3.25 45.408056 11.888446 1 0
5.76 -7.71 1.67 22.07 3.25 45.408056 11.888446 1 0
5.87 -7.72 1.75 22.07 3.25 45.408056 11.888446 1 0
5.89 -7.9 1.85 22.07 3.25 45.408056 11.888446 1 0
5.9 -8.05 1.89 22.04 3.25 45.408056 11.888446 1 0
6.03 -7.91 1.75 21.56 3.25 45.408056 11.888446 1 0
6.22 -7.62 1.65 21.51 3.25 45.408056 11.888446 1 0
6.28 -7.58 1.88 21.51 2.79 45.408042 11.888403 0 0
6.12 -7.79 2.09 21.87 2.79 45.408042 11.888403 1 0
5.91 -7.94 1.9 21.51 2.79 45.408042 11.888403 0 0
5.89 -7.9 1.58 21.9 2.79 45.408042 11.888403 1 0
5.9 -7.86 1.58 21.51 2.79 45.408042 11.888403 1 0
5.74 -7.93 1.84 21.95 2.79 45.408042 11.888403 1 0
5.68 -8.01 1.99 21.95 2.79 45.408042 11.888403 1 0
5.94 -7.94 1.91 22.12 2.79 45.408042 11.888403 1 0
6.13 -7.72 1.81 22.23 2.79 45.408042 11.888403 1 0
5.97 -7.6 1.86 22.17 2.79 45.408042 11.888403 1 0
5.82 -7.75 1.97 22.04 2.79 45.408042 11.888403 1 0
5.92 -7.96 1.9 21.97 2.79 45.408042 11.888403 1 0
6.07 -8.02 1.67 21.97 2.79 45.408042 11.888403 1 0
6.14 -7.9 1.49 22.0 2.79 45.408042 11.888403 1 0
6.14 -7.66 1.46 22.52 2.79 45.408042 11.888403 1 0
6.01 -7.55 1.55 22.14 2.79 45.408042 11.888403 1 0
5.75 -7.9 1.67 21.85 2.79 45.408042 11.888403 1 0
5.61 -8.41 1.71 21.9 2.76 45.408036 11.888365 0 0
