5.83 -8.15 2.03 22.0 3.21 45.407860 11.899760 1
5.59 -8.25 2.11 21.97 3.21 45.407860 11.899760 1
5.85 -7.93 2.04 21.54 3.21 45.407860 11.899760 1
6.16 -7.74 2.0 21.93 3.21 45.407860 11.899760 1
5.92 -7.94 2.01 21.54 3.21 45.407860 11.899760 1
5.69 -8.1 1.88 21.92 3.21 45.407860 11.899760 1
5.89 -7.91 1.62 22.09 3.21 45.407860 11.899760 1
6.0 -7.69 1.51 21.69 3.21 45.407860 11.899760 1
5.84 -7.68 1.57 21.69 3.21 45.407860 11.899760 1
5.82 -7.71 1.6 21.69 3.21 45.407860 11.899760 1
5.92 -7.68 1.56 21.69 3.21 45.407860 11.899760 1
5.88 -7.68 1.55 21.69 3.21 45.407860 11.899760 1
5.83 -7.7 1.58 21.69 3.21 45.407860 11.899760 1
5.88 -7.69 1.57 21.69 3.21 45.407860 11.899760 1
5.89 -7.68 1.56 21.69 3.21 45.407860 11.899760 1
5.84 -7.7 1.57 21.69 3.21 45.407860 11.899760 1
5.87 -7.7 1.57 21.69 3.21 45.407860 11.899760 1
5.89 -7.68 1.56 21.69 3.21 45.407860 11.899760 1
5.86 -7.69 1.57 21.69 3.21 45.407860 11.899760 1
5.85 -7.7 1.57 21.69 3.21 45.407860 11.899760 1
5.88 -7.68 1.57 21.68 3.21 45.407860 11.899760 1
5.87 -7.68 1.58 21.7 3.21 45.407860 11.899760 1
5.85 -7.69 1.58 21.7 3.21 45.407860 11.899760 1
5.87 -7.69 1.58 21.7 3.21 45.407860 11.899760 1
5.88 -7.68 1.57 21.69 3.21 45.407860 11.899760 1
5.87 -7.69 1.57 21.68 3.21 45.407860 11.899760 1
5.87 -7.69 1.57 21.69 3.21 45.407860 11.899760 1
5.87 -7.69 1.57 21.69 3.21 45.407860 11.899760 1
5.87 -7.69 1.57 21.68 3.21 45.407860 11.899760 1
5.86 -7.69 1.57 21.69 3.21 45.407860 11.899760 1
5.87 -7.69 1.57 21.68 3.21 45.407860 11.899760 1
5.87 -7.69 1.57 21.7 3.21 45.407860 11.899760 1
5.87 -7.69 1.57 21.69 3.21 45.407860 11.899760 1
5.87 -7.7 1.56 21.68 3.21 45.407860 11.899760 1
5.87 -7.69 1.56 21.69 3.21 45.407860 11.899760 1
