6.5 -7.45 2.26 23.02 1.64 45.406331 11.893971 0
6.3 -7.73 2.46 21.83 1.64 45.406331 11.893971 1
6.22 -7.85 2.31 22.29 1.64 45.406331 11.893971 1
6.27 -7.74 2.05 23.44 1.64 45.406331 11.893971 1
6.15 -7.77 2.15 21.88 1.64 45.406331 11.893971 1
5.74 -8.05 2.48 22.79 1.64 45.406331 11.893971 1
5.53 -8.05 2.39 22.35 1.64 45.406331 11.893971 1
5.79 -7.7 1.94 22.45 1.64 45.406331 11.893971 1
5.96 -7.75 1.75 22.47 1.64 45.406331 11.893971 1
5.65 -8.16 1.8 22.09 1.64 45.406331 11.893971 1
5.32 -8.12 1.76 23.31 1.64 45.406331 11.893971 1
5.52 -7.8 1.8 22.81 1.64 45.406331 11.893971 1
5.97 -7.87 2.0 22.24 1.64 45.406331 11.893971 1
6.13 -7.94 1.99 21.93 1.64 45.406331 11.893971 0
5.93 -7.56 1.78 22.0 1.64 45.406331 11.893971 1
5.8 -7.35 1.68 22.47 1.64 45.406331 11.893971 0
5.96 -7.63 1.62 22.28 1.64 45.406331 11.893971 1
6.23 -7.79 1.46 22.17 1.64 45.406331 11.893971 1
6.35 -7.78 1.41 22.24 1.64 45.406331 11.893971 1
6.25 -7.99 1.48 21.93 1.64 45.406331 11.893971 1
5.99 -8.05 1.52 21.97 1.64 45.406331 11.893971 1
5.78 -7.74 1.65 27.65 1.64 45.406331 11.893971 1
5.71 -7.65 1.91 22.14 1.64 45.406331 11.893971 1
5.67 -7.92 1.96 22.07 1.64 45.406331 11.893971 1
5.6 -7.97 1.78 23.38 1.64 45.406331 11.893971 1
5.65 -7.77 1.76 22.6 1.64 45.406331 11.893971 1
5.82 -7.77 1.88 22.6 1.64 45.406331 11.893971 1
5.95 -7.81 1.83 22.09 1.64 45.406331 11.893971 1
6.02 -7.67 1.69 24.64 1.64 45.406331 11.893971 1
6.05 -7.63 1.72 21.99 1.64 45.406331 11.893971 1
5.86 -7.82 1.8 23.6 1.64 45.406331 11.893971 1
5.62 -7.94 1.78 22.12 2.07 45.406334 11.893993 0
5.74 -7.89 1.79 21.92 2.07 45.406334 11.893993 1
6.0 -7.89 1.9 21.92 2.07 45.406334 11.893993 0
5.88 -8.05 2.02 22.38 2.07 45.406334 11.893993 1
