5.66 -8.06 1.48 22.42 1.56 45.406346 11.894020 1 0
5.67 -7.97 1.76 21.42 1.56 45.406346 11.894020 0 0
5.7 -7.83 2.04 21.57 1.56 45.406346 11.894020 1 0
5.9 -7.91 1.97 22.04 1.56 45.406346 11.894020 1 0
6.21 -7.99 1.77 21.87 1.56 45.406346 11.894020 1 0
6.19 -7.71 1.7 21.95 1.56 45.406346 11.894020 1 0
5.84 -7.36 1.8 22.24 1.56 45.406346 11.894020 1 0
5.74 -7.38 2.01 21.95 1.56 45.406346 11.894020 1 0
6.03 -7.55 2.07 22.5 1.56 45.406346 11.894020 1 0
6.2 -7.59 1.76 21.97 1.56 45.406346 11.894020 1 0
6.12 -7.69 1.5 22.45 1.56 45.406346 11.894020 1 0
6.01 -7.73 1.7 22.19 1.56 45.406346 11.894020 1 0
5.84 -7.42 2.0 23.48 1.56 45.406346 11.894020 1 0
5.64 -7.29 1.97 22.66 1.56 45.406346 11.894020 1 0
5.7 -7.78 1.92 22.52 1.56 45.406346 11.894020 1 0
5.83 -8.17 2.14 22.98 1.56 45.406346 11.894020 1 0
5.66 -7.93 2.19 22.69 1.56 45.406346 11.894020 1 0
5.52 -7.68 1.8 22.48 2.39 45.406356 11.894042 0 0
5.93 -7.82 1.39 23.67 2.39 45.406356 11.894042 1 0
6.41 -7.9 1.36 23.15 2.39 45.406356 11.894042 0 0
6.29 -7.79 1.51 21.99 2.39 45.406356 11.894042 1 0
5.92 -7.79 1.68 22.31 2.39 45.406356 11.894042 1 0
5.89 -7.77 1.93 22.84 2.39 45.406356 11.894042 1 0
6.03 -7.65 2.02 21.95 2.39 45.406356 11.894042 1 0
5.99 -7.75 1.72 21.78 2.39 45.406356 11.894042 1 0
5.9 -8.02 1.41 22.09 2.39 45.406356 11.894042 1 0
5.83 -8.0 1.52 22.55 2.39 45.406356 11.894042 1 0
5.57 -7.8 1.77 22.5 2.39 45.406356 11.894042 1 0
5.33 -7.82 1.77 22.88 2.39 45.406356 11.894042 1 0
5.6 -7.97 1.64 21.99 2.39 45.406356 11.894042 1 0
6.19 -7.93 1.58 22.04 2.39 45.406356 11.894042 1 0
6.28 -7.78 1.63 22.95 2.39 45.406356 11.894042 1 0
5.8 -7.67 1.9 22.98 2.39 45.406356 11.894042 1 0
5.6 -7.55 2.18 22.05 2.39 45.406356 11.894042 1 0
5.96 -7.54 2.01 22.36 2.62 45.406358 11.894070 0 0
