6.74 -7.95 1.8 21.92 1.77 45.406349 11.893984 0 0
6.54 -7.8 1.42 22.86 1.77 45.406349 11.893984 0 0
6.54 -7.31 1.5 21.99 1.77 45.406349 11.893984 1 0
6.45 -7.07 1.77 22.45 1.77 45.406349 11.893984 1 0
6.19 -7.58 1.76 22.35 1.77 45.406349 11.893984 1 0
6.09 -8.13 1.58 23.05 1.77 45.406349 11.893984 1 0
5.91 -8.07 1.56 22.28 1.77 45.406349 11.893984 1 0
5.36 -7.96 1.63 22.48 1.77 45.406349 11.893984 1 0
4.96 -8.37 1.64 22.55 1.77 45.406349 11.893984 1 0
5.25 -8.68 1.77 22.04 1.77 45.406349 11.893984 1 0
5.74 -8.26 2.04 22.55 1.77 45.406349 11.893984 1 0
5.86 -7.64 2.13 22.02 1.77 45.406349 11.893984 1 0
5.87 -7.52 1.98 22.0 1.77 45.406349 11.893984 1 0
6.05 -7.71 1.9 22.29 1.77 45.406349 11.893984 1 0
6.15 -7.8 1.86 22.42 1.77 45.406349 11.893984 1 0
6.11 -7.71 1.62 22.05 1.77 45.406349 11.893984 1 0
6.17 -7.52 1.37 24.64 1.77 45.406349 11.893984 1 0
6.24 -7.4 1.49 21.9 2.4 45.406343 11.894003 0 0
6.13 -7.56 1.92 22.35 2.4 45.406343 11.894003 1 0
5.98 -7.8 2.21 21.95 2.4 45.406343 11.894003 0 0
5.99 -7.89 2.11 22.09 2.4 45.406343 11.894003 1 0
6.01 -7.98 1.84 23.82 2.4 45.406343 11.894003 1 0
5.86 -8.14 1.67 21.99 2.4 45.406343 11.894003 1 0
5.69 -8.1 1.63 21.83 2.4 45.406343 11.894003 1 0
5.71 -7.89 1.62 21.49 2.4 45.406343 11.894003 1 0
5.87 -7.89 1.68 22.74 2.4 45.406343 11.894003 1 0
5.97 -7.95 1.86 22.47 2.4 45.406343 11.894003 1 0
5.99 -7.75 1.98 22.96 2.4 45.406343 11.894003 1 0
6.06 -7.57 1.9 22.6 2.4 45.406343 11.894003 1 0
6.12 -7.75 1.74 23.0 2.4 45.406343 11.894003 1 0
6.14 -7.96 1.69 22.5 2.4 45.406343 11.894003 1 0
6.2 -7.84 1.85 22.12 2.4 45.406343 11.894003 1 0
6.25 -7.64 2.05 23.36 2.4 45.406343 11.894003 1 0
6.08 -7.69 1.98 22.09 2.4 45.406343 11.894003 1 0
5.79 -7.92 1.64 21.93 1.56 45.406346 11.894020 0 0
