5.51 -5.36 2.22 22.04 3.32 45.877520 12.306866 0
6.17 -8.72 2.69 22.0 3.32 45.877520 12.306866 0
7.58 -8.57 1.75 22.55 3.32 45.877520 12.306866 0
6.25 -7.22 1.23 23.63 3.32 45.877520 12.306866 0
2.29 -11.14 1.11 21.63 3.32 45.877520 12.306866 0
5.44 -3.71 2.5 23.14 3.32 45.877520 12.306866 0
6.72 -7.78 0.54 25.98 3.32 45.877520 12.306866 0
5.52 -7.67 1.21 27.68 3.32 45.877520 12.306866 0
3.83 -6.42 1.81 22.84 3.32 45.877520 12.306866 0
4.3 -0.28 -0.13 20.61 3.13 45.877497 12.306842 1
3.7 -10.03 0.82 21.56 3.13 45.877497 12.306842 0
7.51 -5.92 -1.14 22.91 3.13 45.877497 12.306842 1
6.05 -5.49 2.79 23.15 3.13 45.877497 12.306842 0
7.49 -8.21 1.89 22.38 3.13 45.877497 12.306842 0
5.34 -6.22 0.86 23.65 3.13 45.877497 12.306842 0
5.91 -8.88 2.02 25.18 3.13 45.877497 12.306842 0
5.3 -7.97 1.99 22.54 3.13 45.877497 12.306842 0
4.9 -8.34 1.33 22.59 3.13 45.877497 12.306842 0
6.05 -8.0 2.15 22.66 3.13 45.877497 12.306842 0
5.52 -6.77 1.26 23.79 3.13 45.877497 12.306842 0
5.69 -7.95 1.6 23.36 3.13 45.877497 12.306842 0
6.24 -7.91 1.79 23.96 3.13 45.877497 12.306842 0
6.15 -7.58 1.44 23.38 3.13 45.877497 12.306842 0
5.75 -8.01 1.67 22.76 3.13 45.877497 12.306842 0
6.44 -8.25 2.2 22.55 3.13 45.877497 12.306842 0
6.43 -8.05 2.38 22.54 3.13 45.877497 12.306842 0
6.96 -8.16 1.97 21.95 3.15 45.877468 12.306831 1
5.47 -8.88 2.15 22.47 3.15 45.877468 12.306831 0
5.72 -8.13 2.39 23.15 3.15 45.877468 12.306831 1
5.5 -8.38 2.33 22.71 3.15 45.877468 12.306831 0
6.06 -7.59 1.84 21.78 3.15 45.877468 12.306831 0
5.77 -7.93 2.66 22.59 3.15 45.877468 12.306831 0
6.82 -8.07 1.55 21.37 3.15 45.877468 12.306831 0
6.21 -8.36 2.44 21.83 3.15 45.877468 12.306831 0
6.01 -7.95 2.62 21.87 3.15 45.877468 12.306831 0
