6.15 -7.78 1.06 23.14 2.94 45.877575 12.307128 0
6.03 -7.19 1.67 24.03 2.94 45.877575 12.307128 0
5.6 -7.74 1.61 23.02 2.94 45.877575 12.307128 0
5.66 -7.4 1.59 22.67 2.99 45.877570 12.307090 1
6.09 -7.33 1.64 24.03 2.99 45.877570 12.307090 0
5.97 -7.93 1.91 23.15 2.99 45.877570 12.307090 1
5.9 -7.98 1.78 22.71 2.99 45.877570 12.307090 0
5.6 -7.61 1.35 23.58 2.99 45.877570 12.307090 0
5.87 -8.25 1.27 23.96 2.99 45.877570 12.307090 0
5.92 -8.15 1.32 23.74 2.99 45.877570 12.307090 0
6.6 -8.18 2.01 23.05 2.99 45.877570 12.307090 0
6.02 -8.06 2.14 25.31 2.99 45.877570 12.307090 0
6.41 -7.54 2.18 24.58 2.99 45.877570 12.307090 0
5.81 -8.05 1.94 24.4 2.99 45.877570 12.307090 0
6.03 -7.1 2.11 23.7 2.99 45.877570 12.307090 0
6.75 -7.77 1.77 22.91 2.99 45.877570 12.307090 0
6.22 -7.02 1.59 23.26 2.99 45.877570 12.307090 0
6.42 -7.98 2.15 24.03 2.99 45.877570 12.307090 0
6.06 -8.49 1.96 24.15 2.99 45.877570 12.307090 0
5.34 -8.04 2.05 22.98 2.99 45.877570 12.307090 0
5.1 -6.99 1.53 25.47 3.1 45.877564 12.307052 1
5.77 -7.65 1.78 23.02 3.1 45.877564 12.307052 0
6.03 -8.08 1.83 22.95 3.1 45.877564 12.307052 1
6.04 -7.88 1.73 296.71 3.1 45.877564 12.307052 0
6.08 -8.23 2.39 6.14 3.1 45.877564 12.307052 0
5.97 -7.85 1.76 25.47 3.1 45.877564 12.307052 0
5.47 -7.67 2.03 23.22 3.1 45.877564 12.307052 0
6.05 -8.31 0.88 24.88 3.1 45.877564 12.307052 0
5.35 -7.74 2.74 23.51 3.1 45.877564 12.307052 0
5.87 -7.31 1.12 22.9 3.1 45.877564 12.307052 0
5.74 -8.34 1.67 24.13 3.1 45.877564 12.307052 0
5.56 -7.71 2.15 23.26 3.1 45.877564 12.307052 0
6.45 -7.89 1.68 29.84 3.1 45.877564 12.307052 0
6.03 -7.22 1.77 23.46 3.1 45.877564 12.307052 0
5.85 -8.0 1.99 22.67 3.02 45.877559 12.307012 1
