5.91 -7.64 1.91 22.38 3.15 45.877590 12.307204 0
5.86 -7.6 1.8 23.68 3.15 45.877590 12.307204 0
6.04 -7.97 2.05 24.52 3.15 45.877590 12.307204 0
6.17 -8.04 2.05 23.19 3.15 45.877590 12.307204 0
5.68 -7.47 1.82 22.55 3.15 45.877590 12.307204 0
5.71 -8.13 1.85 23.0 3.07 45.877582 12.307165 1
5.45 -7.62 1.71 23.51 3.07 45.877582 12.307165 0
6.37 -7.82 1.58 22.67 3.07 45.877582 12.307165 1
5.81 -7.47 1.72 23.1 3.07 45.877582 12.307165 0
6.12 -7.71 1.48 25.02 3.07 45.877582 12.307165 0
5.95 -7.63 1.57 23.17 3.07 45.877582 12.307165 0
6.16 -7.53 1.66 22.64 3.07 45.877582 12.307165 0
6.69 -8.19 2.02 23.07 3.07 45.877582 12.307165 0
6.19 -7.73 1.99 23.22 3.07 45.877582 12.307165 0
6.07 -7.5 1.72 22.83 3.07 45.877582 12.307165 0
5.72 -7.51 2.14 22.78 3.07 45.877582 12.307165 0
5.79 -7.97 2.44 24.47 3.07 45.877582 12.307165 0
5.86 -8.11 2.1 24.63 3.07 45.877582 12.307165 0
5.73 -8.28 1.51 22.83 3.07 45.877582 12.307165 0
5.7 -7.7 1.67 23.53 3.07 45.877582 12.307165 0
5.87 -7.69 1.55 23.92 3.07 45.877582 12.307165 0
5.97 -7.61 1.99 22.76 3.07 45.877582 12.307165 0
6.05 -7.53 1.79 22.71 2.94 45.877575 12.307128 1
6.18 -7.56 1.59 23.08 2.94 45.877575 12.307128 0
6.08 -8.08 2.06 23.98 2.94 45.877575 12.307128 1
5.83 -7.51 2.24 23.56 2.94 45.877575 12.307128 0
5.72 -7.42 1.7 22.6 2.94 45.877575 12.307128 0
5.89 -7.81 2.53 23.17 2.94 45.877575 12.307128 0
6.12 -7.38 1.71 32.16 2.94 45.877575 12.307128 0
6.03 -7.98 1.58 23.2 2.94 45.877575 12.307128 0
5.64 -7.84 1.68 23.56 2.94 45.877575 12.307128 0
5.61 -7.77 1.97 23.7 2.94 45.877575 12.307128 0
5.69 -8.31 1.94 23.38 2.94 45.877575 12.307128 0
6.03 -8.08 1.29 25.55 2.94 45.877575 12.307128 0
5.85 -7.44 1.98 22.74 2.94 45.877575 12.307128 0
