6.13 -7.63 1.84 22.33 2.25 45.406359 11.894932 0
6.07 -7.87 1.62 21.93 2.25 45.406359 11.894932 0
6.13 -7.71 1.4 21.88 2.25 45.406359 11.894932 1
6.14 -7.69 1.48 21.83 2.25 45.406359 11.894932 0
5.94 -8.08 1.86 21.85 2.25 45.406359 11.894932 1
5.76 -8.2 2.1 22.71 2.25 45.406359 11.894932 1
5.81 -7.89 2.06 21.9 2.25 45.406359 11.894932 1
5.82 -7.82 1.99 21.88 2.25 45.406359 11.894932 1
5.62 -8.08 1.94 22.0 2.25 45.406359 11.894932 1
5.67 -8.03 1.87 21.61 2.25 45.406359 11.894932 1
6.21 -7.65 1.88 21.59 2.25 45.406359 11.894932 1
6.6 -7.52 1.97 22.0 2.25 45.406359 11.894932 1
6.33 -7.7 1.91 22.05 2.25 45.406359 11.894932 1
5.93 -7.76 1.73 22.07 2.25 45.406359 11.894932 1
6.04 -7.62 1.67 22.11 2.25 45.406359 11.894932 1
6.38 -7.48 1.72 22.52 2.25 45.406359 11.894932 1
6.35 -7.45 1.69 21.95 2.25 45.406359 11.894932 1
5.99 -7.65 1.76 21.87 2.25 45.406359 11.894932 1
5.78 -8.01 2.11 21.75 2.26 45.406364 11.894951 0
5.79 -8.09 2.4 22.45 2.26 45.406364 11.894951 1
5.79 -7.72 2.22 22.5 2.26 45.406364 11.894951 0
5.73 -7.55 1.8 22.04 2.26 45.406364 11.894951 1
5.81 -7.95 1.64 22.42 2.26 45.406364 11.894951 1
6.0 -8.31 1.77 21.9 2.26 45.406364 11.894951 1
6.01 -8.06 1.86 22.35 2.26 45.406364 11.894951 1
5.88 -7.69 1.78 21.42 2.26 45.406364 11.894951 1
5.86 -7.67 1.7 22.52 2.26 45.406364 11.894951 1
6.03 -7.74 1.79 22.0 2.26 45.406364 11.894951 1
6.16 -7.69 1.98 21.97 2.26 45.406364 11.894951 1
6.08 -7.73 2.0 22.36 2.26 45.406364 11.894951 1
5.88 -7.87 1.79 21.69 2.26 45.406364 11.894951 1
5.89 -7.83 1.69 22.52 2.26 45.406364 11.894951 1
6.09 -7.62 1.93 22.12 2.26 45.406364 11.894951 1
6.06 -7.56 2.11 22.54 2.26 45.406364 11.894951 1
5.67 -7.81 1.82 22.04 2.26 45.406364 11.894951 1
