5.71 -7.51 1.46 22.67 3.17 45.406359 11.895436 1
5.42 -7.84 1.85 21.87 3.05 45.406356 11.895478 0
5.17 -7.37 2.09 22.19 3.05 45.406356 11.895478 1
5.92 -6.62 1.92 22.14 3.05 45.406356 11.895478 0
6.95 -7.7 1.79 20.99 3.05 45.406356 11.895478 1
6.72 -8.81 1.99 21.95 3.05 45.406356 11.895478 1
5.35 -7.39 2.08 24.27 3.05 45.406356 11.895478 1
4.69 -6.4 1.76 23.56 3.05 45.406356 11.895478 1
5.84 -8.57 1.51 23.03 3.05 45.406356 11.895478 1
7.36 -10.41 1.89 23.8 3.05 45.406356 11.895478 1
6.96 -9.51 2.6 23.29 3.05 45.406356 11.895478 1
5.25 -8.63 2.85 24.97 3.05 45.406356 11.895478 1
5.04 -8.61 2.48 22.96 3.05 45.406356 11.895478 1
6.51 -8.13 1.9 21.59 3.05 45.406356 11.895478 1
7.33 -8.63 1.44 20.82 3.05 45.406356 11.895478 1
6.55 -9.91 1.34 22.23 3.05 45.406356 11.895478 1
4.73 -8.2 1.59 23.89 3.05 45.406356 11.895478 1
2.92 -5.03 1.56 22.64 3.05 45.406356 11.895478 1
3.42 -6.08 0.91 21.04 2.97 45.406355 11.895517 0
6.54 -9.76 0.61 20.49 2.97 45.406355 11.895517 1
7.87 -10.08 1.42 21.66 2.97 45.406355 11.895517 0
5.2 -7.49 2.3 23.48 2.97 45.406355 11.895517 1
3.15 -5.91 2.13 23.05 2.97 45.406355 11.895517 1
5.07 -5.77 1.62 22.91 2.97 45.406355 11.895517 1
7.54 -6.62 1.64 21.57 2.97 45.406355 11.895517 1
7.2 -8.62 1.86 21.37 2.97 45.406355 11.895517 1
5.51 -9.62 1.94 22.33 2.97 45.406355 11.895517 1
4.73 -8.16 2.08 22.54 2.97 45.406355 11.895517 1
5.19 -6.83 2.18 21.59 2.97 45.406355 11.895517 1
6.18 -7.6 1.98 22.62 2.97 45.406355 11.895517 1
6.32 -8.72 1.77 21.81 2.97 45.406355 11.895517 1
5.23 -8.57 1.66 22.05 2.97 45.406355 11.895517 1
4.68 -7.88 1.4 22.55 2.97 45.406355 11.895517 1
5.62 -7.58 1.32 22.05 2.97 45.406355 11.895517 1
6.43 -7.76 1.81 22.78 2.97 45.406355 11.895517 1
