5.76 -8.02 1.58 21.87 0.72 45.406315 11.893907 0
6.59 -7.67 1.95 22.42 0.72 45.406315 11.893907 1
6.71 -7.12 1.68 22.4 0.72 45.406315 11.893907 1
6.87 -7.12 1.73 22.38 0.72 45.406315 11.893907 1
6.59 -7.27 1.69 21.42 0.72 45.406315 11.893907 1
6.32 -7.64 1.62 22.19 0.72 45.406315 11.893907 1
6.56 -7.82 1.83 22.9 0.72 45.406315 11.893907 1
6.46 -7.6 1.69 22.48 0.72 45.406315 11.893907 1
6.08 -7.53 1.73 22.14 0.72 45.406315 11.893907 1
5.77 -7.52 1.35 23.92 0.72 45.406315 11.893907 1
5.56 -8.67 1.5 22.0 0.72 45.406315 11.893907 1
5.25 -8.2 1.89 22.4 0.72 45.406315 11.893907 1
5.52 -8.14 1.67 22.76 0.72 45.406315 11.893907 1
5.61 -8.1 2.06 23.2 0.72 45.406315 11.893907 1
5.98 -8.56 1.67 22.02 0.72 45.406315 11.893907 1
6.21 -7.88 1.58 22.35 0.72 45.406315 11.893907 1
6.41 -7.33 1.73 22.4 2.01 45.406312 11.893928 0
6.32 -7.44 2.18 21.52 2.01 45.406312 11.893928 1
6.12 -7.54 1.3 22.29 2.01 45.406312 11.893928 0
6.43 -8.16 1.21 22.69 2.01 45.406312 11.893928 1
6.35 -7.57 1.28 22.35 2.01 45.406312 11.893928 1
6.41 -7.5 1.72 22.04 2.01 45.406312 11.893928 1
6.11 -7.16 1.7 23.6 2.01 45.406312 11.893928 1
6.14 -7.58 1.77 22.23 2.01 45.406312 11.893928 1
6.11 -8.2 2.21 22.0 2.01 45.406312 11.893928 1
5.85 -7.57 1.76 26.0 2.01 45.406312 11.893928 1
5.75 -8.14 1.74 23.36 2.01 45.406312 11.893928 1
5.67 -7.94 1.64 22.57 2.01 45.406312 11.893928 1
5.72 -7.86 2.33 22.21 2.01 45.406312 11.893928 1
6.18 -7.7 1.55 23.46 2.01 45.406312 11.893928 1
5.93 -7.7 1.93 22.24 2.01 45.406312 11.893928 1
6.3 -7.77 1.91 22.66 2.01 45.406312 11.893928 1
6.19 -7.65 2.16 22.09 2.01 45.406312 11.893928 1
6.18 -7.49 2.39 21.95 1.41 45.406317 11.893947 0
6.03 -8.25 1.71 22.45 1.41 45.406317 11.893947 1
5.97 -7.76 1.79 22.84 1.41 45.406317 11.893947 0
6.38 -7.76 1.95 22.45 1.41 45.406317 11.893947 1
5.87 -7.78 1.77 22.86 1.41 45.406317 11.893947 1
5.9 -7.6 1.76 21.93 1.41 45.406317 11.893947 1
5.8 -8.18 1.44 21.97 1.41 45.406317 11.893947 1
5.9 -7.75 1.63 22.28 1.41 45.406317 11.893947 1
5.69 -7.93 1.56 21.99 1.41 45.406317 11.893947 1
5.93 -7.84 1.54 22.91 1.41 45.406317 11.893947 1
5.93 -7.64 1.63 23.07 1.41 45.406317 11.893947 1
6.16 -8.16 1.65 22.04 1.41 45.406317 11.893947 1
5.97 -8.0 1.83 21.99 1.41 45.406317 11.893947 1
5.98 -7.29 1.99 22.42 1.41 45.406317 11.893947 1
5.9 -8.01 1.35 22.48 1.41 45.406317 11.893947 1
5.9 -7.84 1.6 22.09 1.41 45.406317 11.893947 1
6.24 -7.79 1.45 22.14 1.41 45.406317 11.893947 1
5.87 -7.65 2.03 22.42 1.41 45.406317 11.893947 1
5.8 -7.41 2.1 22.38 2.08 45.406321 11.893972 0
5.99 -7.89 1.81 22.35 2.08 45.406321 11.893972 1
6.16 -7.96 1.7 22.76 2.08 45.406321 11.893972 0
5.87 -7.96 1.97 22.31 2.08 45.406321 11.893972 1
5.63 -8.42 1.79 21.88 2.08 45.406321 11.893972 1
5.43 -7.9 2.21 22.84 2.08 45.406321 11.893972 1
5.71 -7.71 1.85 22.43 2.08 45.406321 11.893972 1
5.98 -7.83 1.28 24.11 2.08 45.406321 11.893972 1
5.96 -7.85 1.47 22.36 2.08 45.406321 11.893972 1
6.16 -8.09 1.86 23.68 2.08 45.406321 11.893972 1
5.83 -7.23 1.77 22.59 2.08 45.406321 11.893972 1
5.98 -8.0 1.87 22.45 2.08 45.406321 11.893972 1
6.04 -7.79 1.58 22.09 2.08 45.406321 11.893972 1
6.09 -7.79 1.78 21.95 2.08 45.406321 11.893972 1
5.95 -7.77 1.9 22.81 2.08 45.406321 11.893972 1
5.66 -7.91 1.98 23.72 2.08 45.406321 11.893972 1
6.28 -7.93 1.61 21.93 2.08 45.406321 11.893972 1
5.82 -8.11 1.55 22.59 1.77 45.406323 11.893995 0
5.92 -7.75 1.93 22.0 1.77 45.406323 11.893995 1
5.86 -7.65 1.35 26.21 1.77 45.406323 11.893995 0
6.38 -8.24 2.02 22.74 1.77 45.406323 11.893995 1
6.08 -7.79 1.45 23.48 1.77 45.406323 11.893995 1
5.5 -7.67 2.53 22.11 1.77 45.406323 11.893995 1
5.65 -7.91 1.92 23.48 1.77 45.406323 11.893995 1
5.88 -7.53 1.97 26.55 1.77 45.406323 11.893995 1
6.06 -7.83 2.0 21.76 1.77 45.406323 11.893995 1
5.88 -8.14 2.09 23.2 1.77 45.406323 11.893995 1
6.09 -7.71 2.35 22.35 1.77 45.406323 11.893995 1
6.0 -7.87 1.93 22.04 1.77 45.406323 11.893995 1
6.01 -7.58 2.14 23.58 1.77 45.406323 11.893995 1
5.42 -7.94 1.5 22.47 1.77 45.406323 11.893995 1
5.91 -7.78 1.96 22.91 1.77 45.406323 11.893995 1
5.54 -7.87 2.19 22.48 1.77 45.406323 11.893995 1
5.66 -7.74 1.64 22.66 1.77 45.406323 11.893995 1
5.73 -7.59 1.9 21.99 1.77 45.406323 11.893995 1
6.03 -7.35 1.85 22.23 2.17 45.406313 11.894017 0
4.82 -8.34 1.86 22.04 2.17 45.406313 11.894017 1
6.53 -7.38 2.23 23.53 2.17 45.406313 11.894017 0
6.04 -8.32 1.7 26.14 2.17 45.406313 11.894017 1
5.6 -6.99 2.09 22.67 2.17 45.406313 11.894017 1
5.86 -8.02 1.43 21.75 2.17 45.406313 11.894017 1
4.71 -6.38 1.58 22.42 2.17 45.406313 11.894017 1
7.55 -11.25 2.04 20.77 2.17 45.406313 11.894017 1
5.4 -8.16 1.33 22.07 2.17 45.406313 11.894017 1
5.84 -8.03 1.87 22.47 2.17 45.406313 11.894017 1
5.3 -6.79 1.61 23.32 2.17 45.406313 11.894017 1
5.83 -7.34 1.51 22.29 2.17 45.406313 11.894017 1
6.18 -6.88 1.85 22.66 2.17 45.406313 11.894017 1
5.85 -9.92 2.18 22.24 2.17 45.406313 11.894017 1
6.53 -8.07 1.93 22.81 2.17 45.406313 11.894017 1
5.57 -7.06 1.9 22.64 2.17 45.406313 11.894017 1
6.03 -7.26 1.78 21.99 2.17 45.406313 11.894017 1
5.85 -7.76 1.98 21.9 0.64 45.406312 11.894029 0
5.9 -8.13 2.15 21.87 0.64 45.406312 11.894029 1
5.97 -8.16 2.0 22.04 0.64 45.406312 11.894029 0
5.8 -7.99 1.92 21.97 0.64 45.406312 11.894029 1
5.53 -7.74 2.08 22.29 0.64 45.406312 11.894029 1
5.91 -7.95 1.76 22.76 0.64 45.406312 11.894029 1
6.28 -8.21 1.68 22.43 0.64 45.406312 11.894029 1
5.31 -7.35 1.89 22.04 0.64 45.406312 11.894029 1
6.47 -8.25 1.69 22.45 0.64 45.406312 11.894029 1
5.65 -7.43 1.83 22.55 0.64 45.406312 11.894029 1
6.14 -7.63 1.55 22.19 0.64 45.406312 11.894029 1
6.28 -8.1 1.89 22.0 0.64 45.406312 11.894029 1
5.7 -8.08 1.82 22.09 0.64 45.406312 11.894029 1
6.23 -7.68 1.9 22.4 0.64 45.406312 11.894029 1
5.61 -7.91 1.6 22.45 0.64 45.406312 11.894029 1
5.67 -7.8 1.32 22.14 0.64 45.406312 11.894029 1
5.82 -7.99 1.62 22.57 0.64 45.406312 11.894029 1
5.34 -7.83 1.61 22.0 0.64 45.406312 11.894029 1
6.06 -8.07 1.69 21.9 0.66 45.406307 11.894045 0
5.86 -7.85 1.56 21.83 0.66 45.406307 11.894045 1
6.25 -8.23 1.58 22.29 0.66 45.406307 11.894045 0
6.08 -7.44 1.81 22.35 0.66 45.406307 11.894045 1
6.03 -7.71 1.58 21.95 0.66 45.406307 11.894045 1
5.88 -7.63 1.83 22.5 0.66 45.406307 11.894045 1
5.77 -8.03 1.97 22.04 0.66 45.406307 11.894045 1
5.95 -7.58 2.02 21.99 0.66 45.406307 11.894045 1
6.04 -8.01 1.66 22.04 0.66 45.406307 11.894045 1
5.9 -8.14 1.95 21.95 0.66 45.406307 11.894045 1
5.87 -8.31 1.85 22.11 0.66 45.406307 11.894045 1
5.55 -7.67 1.97 22.6 0.66 45.406307 11.894045 1
5.86 -7.54 1.9 22.24 0.66 45.406307 11.894045 1
5.57 -8.16 1.46 22.19 0.66 45.406307 11.894045 1
5.95 -7.91 1.67 22.5 0.66 45.406307 11.894045 1
6.24 -7.96 1.56 21.66 0.66 45.406307 11.894045 1
6.38 -7.45 1.81 22.0 0.66 45.406307 11.894045 1
5.96 -7.57 1.76 22.4 1.76 45.406306 11.894075 0
5.88 -7.78 1.78 21.88 1.76 45.406306 11.894075 1
5.94 -7.85 1.9 21.47 1.76 45.406306 11.894075 0
6.09 -8.04 1.77 21.8 1.76 45.406306 11.894075 1
5.51 -7.96 1.94 22.0 1.76 45.406306 11.894075 1
5.64 -7.83 1.55 22.42 1.76 45.406306 11.894075 1
5.55 -8.03 2.03 21.9 1.76 45.406306 11.894075 1
5.49 -8.09 1.79 21.9 1.76 45.406306 11.894075 1
5.71 -7.83 1.8 21.99 1.76 45.406306 11.894075 1
5.82 -7.77 1.82 22.19 1.76 45.406306 11.894075 1
5.76 -7.76 1.76 22.55 1.76 45.406306 11.894075 1
5.8 -7.5 1.87 22.02 1.76 45.406306 11.894075 1
6.22 -8.08 1.83 21.59 1.76 45.406306 11.894075 1
6.08 -7.87 1.95 21.99 1.76 45.406306 11.894075 1
5.63 -7.8 1.73 22.5 1.76 45.406306 11.894075 1
5.84 -7.92 1.53 22.57 1.76 45.406306 11.894075 1
5.94 -7.47 1.76 22.54 1.76 45.406306 11.894075 1
5.88 -8.06 2.22 22.28 1.76 45.406306 11.894075 1
5.64 -8.38 1.92 21.83 2.43 45.406306 11.894108 0
5.74 -7.86 1.84 22.35 2.43 45.406306 11.894108 1
5.82 -7.84 1.63 21.63 2.43 45.406306 11.894108 0
5.86 -7.78 1.82 22.09 2.43 45.406306 11.894108 1
5.93 -7.51 1.69 22.36 2.43 45.406306 11.894108 1
6.03 -7.76 1.8 22.26 2.43 45.406306 11.894108 1
6.23 -8.19 1.71 21.28 2.43 45.406306 11.894108 1
6.32 -7.94 1.92 21.9 2.43 45.406306 11.894108 1
5.67 -7.6 2.02 22.52 2.43 45.406306 11.894108 1
5.77 -7.81 1.77 22.11 2.43 45.406306 11.894108 1
5.88 -7.82 2.0 22.02 2.43 45.406306 11.894108 1
5.68 -8.4 1.7 23.77 2.43 45.406306 11.894108 1
5.47 -8.12 1.76 22.96 2.43 45.406306 11.894108 1
5.47 -8.29 1.61 22.55 2.43 45.406306 11.894108 1
5.77 -7.68 1.82 22.57 2.43 45.406306 11.894108 1
5.74 -8.24 1.72 21.64 2.43 45.406306 11.894108 1
5.98 -7.88 1.7 21.99 2.43 45.406306 11.894108 1
5.72 -7.86 1.94 21.99 3.13 45.406308 11.894156 0
5.78 -7.68 2.01 21.9 3.13 45.406308 11.894156 1
5.74 -7.54 1.58 21.99 3.13 45.406308 11.894156 0
5.73 -7.9 2.04 21.92 3.13 45.406308 11.894156 1
5.61 -7.91 1.83 22.88 3.13 45.406308 11.894156 1
5.75 -7.83 1.82 22.71 3.13 45.406308 11.894156 1
5.66 -7.69 1.94 21.8 3.13 45.406308 11.894156 1
5.65 -7.8 1.8 22.29 3.13 45.406308 11.894156 1
5.82 -8.07 1.79 21.99 3.13 45.406308 11.894156 1
5.98 -7.62 1.9 22.47 3.13 45.406308 11.894156 1
5.72 -8.23 2.02 22.5 3.13 45.406308 11.894156 1
5.98 -7.87 2.04 22.11 3.13 45.406308 11.894156 1
5.85 -7.64 1.75 22.14 3.13 45.406308 11.894156 1
5.78 -7.86 1.69 24.28 3.13 45.406308 11.894156 1
6.24 -7.66 1.64 22.5 3.13 45.406308 11.894156 1
5.77 -7.8 1.88 22.91 3.13 45.406308 11.894156 1
6.02 -7.68 1.75 22.83 3.13 45.406308 11.894156 1
5.91 -8.02 1.22 21.92 3.13 45.406308 11.894156 1
5.77 -7.66 1.49 22.36 2.83 45.406317 11.894194 0
5.62 -8.21 1.58 21.99 2.83 45.406317 11.894194 1
5.86 -7.7 1.64 22.0 2.83 45.406317 11.894194 0
5.67 -7.75 1.58 22.45 2.83 45.406317 11.894194 1
5.83 -7.93 1.64 21.68 2.83 45.406317 11.894194 1
5.47 -7.86 1.95 21.99 2.83 45.406317 11.894194 1
5.69 -7.92 2.06 22.4 2.83 45.406317 11.894194 1
5.87 -8.01 1.99 21.81 2.83 45.406317 11.894194 1
6.14 -7.79 1.74 22.09 2.83 45.406317 11.894194 1
6.03 -7.92 1.75 22.14 2.83 45.406317 11.894194 1
5.88 -7.78 1.7 22.57 2.83 45.406317 11.894194 1
5.74 -8.03 1.93 22.12 2.83 45.406317 11.894194 1
5.87 -7.9 1.9 22.14 2.83 45.406317 11.894194 1
6.01 -7.99 1.94 22.48 2.83 45.406317 11.894194 1
5.82 -8.01 1.87 22.17 2.83 45.406317 11.894194 1
5.52 -8.15 2.09 22.14 2.83 45.406317 11.894194 1
5.83 -7.52 2.06 21.97 2.83 45.406317 11.894194 1
5.69 -8.01 1.88 21.92 2.19 45.406318 11.894227 0
5.68 -8.07 1.98 21.81 2.19 45.406318 11.894227 1
6.2 -7.69 1.9 21.92 2.19 45.406318 11.894227 0
5.57 -7.82 1.65 21.97 2.19 45.406318 11.894227 1
5.41 -7.1 1.62 21.97 2.19 45.406318 11.894227 1
6.53 -8.29 1.79 22.95 2.19 45.406318 11.894227 1
6.81 -8.39 1.95 22.64 2.19 45.406318 11.894227 1
4.86 -8.03 2.08 22.81 2.19 45.406318 11.894227 1
5.25 -6.98 2.04 22.29 2.19 45.406318 11.894227 1
5.1 -7.22 1.68 21.75 2.19 45.406318 11.894227 1
5.99 -9.88 2.21 21.51 2.19 45.406318 11.894227 1
6.36 -9.82 2.38 21.8 2.19 45.406318 11.894227 1
5.25 -7.37 0.79 22.14 2.19 45.406318 11.894227 1
5.95 -6.92 2.47 22.29 2.19 45.406318 11.894227 1
5.5 -7.45 1.24 21.9 2.19 45.406318 11.894227 1
5.88 -7.75 2.07 22.23 2.19 45.406318 11.894227 1
5.96 -7.97 1.88 21.88 2.19 45.406318 11.894227 1
6.16 -7.64 1.86 21.63 2.19 45.406318 11.894227 1
5.52 -8.86 1.76 21.73 3.0 45.406319 11.894273 0
5.98 -7.67 1.99 21.37 3.0 45.406319 11.894273 1
6.27 -7.9 1.84 21.64 3.0 45.406319 11.894273 0
4.96 -7.29 1.84 22.28 3.0 45.406319 11.894273 1
5.91 -8.01 1.73 22.07 3.0 45.406319 11.894273 1
6.05 -8.1 1.81 21.47 3.0 45.406319 11.894273 1
5.25 -8.63 1.84 22.04 3.0 45.406319 11.894273 1
5.88 -8.47 2.15 22.09 3.0 45.406319 11.894273 1
5.4 -6.78 1.62 21.92 3.0 45.406319 11.894273 1
6.13 -8.41 1.78 21.8 3.0 45.406319 11.894273 1
6.2 -8.37 1.55 22.24 3.0 45.406319 11.894273 1
5.75 -7.39 2.07 22.14 3.0 45.406319 11.894273 1
5.55 -8.69 2.0 21.81 3.0 45.406319 11.894273 1
6.09 -7.36 1.9 22.42 3.0 45.406319 11.894273 1
5.67 -7.54 1.62 22.9 3.0 45.406319 11.894273 1
5.7 -7.92 1.63 22.09 3.0 45.406319 11.894273 1
5.72 -8.72 1.56 21.63 3.0 45.406319 11.894273 1
4.76 -8.41 1.46 20.89 1.73 45.406322 11.894303 0
6.0 -8.14 1.7 22.14 1.73 45.406322 11.894303 1
5.53 -7.56 1.74 21.33 1.73 45.406322 11.894303 0
5.37 -6.43 1.62 22.86 1.73 45.406322 11.894303 1
5.87 -7.24 1.88 21.06 1.73 45.406322 11.894303 1
5.27 -9.6 1.57 20.31 1.73 45.406322 11.894303 1
7.45 -10.04 2.08 21.23 1.73 45.406322 11.894303 1
7.85 -7.73 1.68 27.22 1.73 45.406322 11.894303 1
3.59 -8.12 1.67 25.76 1.73 45.406322 11.894303 1
3.5 -4.83 2.12 25.97 1.73 45.406322 11.894303 1
10.35 -13.78 6.22 21.11 1.73 45.406322 11.894303 1
6.02 -14.12 -1.32 19.77 1.73 45.406322 11.894303 1
8.56 -11.74 1.8 21.78 1.73 45.406322 11.894303 1
4.88 -6.86 0.45 21.69 1.73 45.406322 11.894303 1
2.75 -3.77 2.31 23.2 1.73 45.406322 11.894303 1
5.36 -7.49 2.12 22.11 1.73 45.406322 11.894303 1
5.01 -4.52 1.58 21.68 1.73 45.406322 11.894303 1
8.29 -10.23 1.23 20.36 1.73 45.406322 11.894303 1
6.78 -9.3 1.8 23.15 2.31 45.406324 11.894338 0
5.32 -8.21 1.81 24.85 2.31 45.406324 11.894338 1
5.69 -5.84 1.65 24.06 2.31 45.406324 11.894338 0
5.8 -6.91 1.64 23.62 2.31 45.406324 11.894338 1
7.1 -10.13 1.42 23.31 2.31 45.406324 11.894338 1
6.95 -10.58 0.57 22.95 2.31 45.406324 11.894338 1
4.0 -7.84 1.66 22.38 2.31 45.406324 11.894338 1
5.74 -9.25 3.41 21.23 2.31 45.406324 11.894338 1
7.36 -8.17 2.6 20.84 2.31 45.406324 11.894338 1
7.13 -8.22 0.98 21.8 2.31 45.406324 11.894338 1
5.83 -7.27 1.31 22.09 2.31 45.406324 11.894338 1
5.14 -6.87 1.66 22.52 2.31 45.406324 11.894338 1
5.44 -6.76 2.29 22.9 2.31 45.406324 11.894338 1
6.2 -7.6 2.41 22.66 2.31 45.406324 11.894338 1
6.99 -9.68 1.94 22.45 2.31 45.406324 11.894338 1
4.43 -8.36 1.58 22.36 2.31 45.406324 11.894338 1
4.55 -7.91 1.0 22.62 2.31 45.406324 11.894338 1
5.57 -8.31 2.09 22.0 1.62 45.406331 11.894366 0
7.18 -6.74 1.85 21.52 1.62 45.406331 11.894366 1
6.53 -8.2 0.43 22.96 1.62 45.406331 11.894366 1
5.18 -9.89 0.82 21.93 1.62 45.406331 11.894366 0
6.43 -6.42 2.12 22.78 1.62 45.406331 11.894366 1
4.88 -8.17 1.61 22.9 1.62 45.406331 11.894366 1
5.64 -7.34 1.9 22.48 1.62 45.406331 11.894366 1
6.24 -8.07 1.84 21.83 1.62 45.406331 11.894366 1
6.09 -7.13 1.74 21.52 1.62 45.406331 11.894366 1
5.36 -11.06 1.53 21.28 1.62 45.406331 11.894366 1
5.81 -7.33 1.61 22.81 1.62 45.406331 11.894366 1
4.78 -7.75 1.65 21.8 1.62 45.406331 11.894366 1
5.71 -7.46 1.63 22.17 1.62 45.406331 11.894366 1
6.42 -8.1 1.91 21.8 1.62 45.406331 11.894366 1
5.97 -7.72 1.85 23.22 1.62 45.406331 11.894366 1
5.09 -8.31 1.88 23.12 1.62 45.406331 11.894366 1
5.83 -7.11 1.59 22.35 1.62 45.406331 11.894366 1
6.25 -8.14 1.49 22.0 1.62 45.406331 11.894366 1
6.16 -8.15 1.85 22.43 1.55 45.406341 11.894391 0
5.95 -8.38 1.9 22.35 1.55 45.406341 11.894391 1
5.34 -7.09 1.92 22.19 1.55 45.406341 11.894391 0
5.8 -8.46 1.56 22.36 1.55 45.406341 11.894391 1
6.09 -8.07 1.86 21.83 1.55 45.406341 11.894391 1
5.54 -8.16 1.72 21.83 1.55 45.406341 11.894391 1
5.68 -8.46 1.7 21.44 1.55 45.406341 11.894391 1
6.12 -7.82 1.94 21.99 1.55 45.406341 11.894391 1
5.85 -7.66 1.9 22.81 1.55 45.406341 11.894391 1
5.82 -7.92 2.01 24.32 1.55 45.406341 11.894391 1
5.83 -7.6 1.76 22.35 1.55 45.406341 11.894391 1
5.93 -7.76 1.94 22.0 1.55 45.406341 11.894391 1
6.14 -8.58 1.72 21.92 1.55 45.406341 11.894391 1
6.02 -8.4 1.85 21.63 1.55 45.406341 11.894391 1
5.35 -7.86 1.51 22.66 1.55 45.406341 11.894391 1
5.66 -7.84 1.56 22.07 1.55 45.406341 11.894391 1
5.89 -7.6 1.59 23.12 1.55 45.406341 11.894391 1
6.18 -8.15 1.56 21.88 1.77 45.406357 11.894410 0
5.7 -8.2 1.71 22.45 1.77 45.406357 11.894410 1
5.86 -7.55 1.55 24.27 1.77 45.406357 11.894410 1
5.74 -7.75 1.43 22.9 1.77 45.406357 11.894410 0
5.73 -7.8 1.64 21.9 1.77 45.406357 11.894410 1
5.77 -8.03 1.62 21.78 1.77 45.406357 11.894410 1
5.92 -8.02 1.74 21.73 1.77 45.406357 11.894410 1
5.71 -8.19 1.78 21.81 1.77 45.406357 11.894410 1
5.85 -7.85 1.8 21.57 1.77 45.406357 11.894410 1
5.5 -7.69 2.02 22.66 1.77 45.406357 11.894410 1
5.82 -7.62 1.86 24.03 1.77 45.406357 11.894410 1
5.99 -7.74 1.6 22.6 1.77 45.406357 11.894410 1
6.11 -8.16 1.69 22.26 1.77 45.406357 11.894410 1
5.94 -7.99 1.74 22.26 1.77 45.406357 11.894410 1
5.85 -8.06 1.63 22.69 1.77 45.406357 11.894410 1
5.77 -7.88 1.6 22.6 1.77 45.406357 11.894410 1
6.09 -7.85 1.74 22.47 1.77 45.406357 11.894410 1
5.86 -8.08 1.9 21.81 1.77 45.406357 11.894410 1
5.81 -8.39 1.66 21.73 1.64 45.406358 11.894433 0
5.65 -8.08 1.52 21.88 1.64 45.406358 11.894433 1
5.77 -7.84 1.68 22.84 1.64 45.406358 11.894433 0
5.77 -7.85 1.69 22.84 1.64 45.406358 11.894433 1
5.76 -7.84 1.68 22.83 1.64 45.406358 11.894433 1
5.76 -7.84 1.67 22.84 1.64 45.406358 11.894433 1
5.77 -7.85 1.68 22.84 1.64 45.406358 11.894433 1
5.77 -7.83 1.68 22.85 1.64 45.406358 11.894433 1
5.77 -7.83 1.68 22.83 1.64 45.406358 11.894433 1
5.77 -7.83 1.68 22.83 1.64 45.406358 11.894433 1
5.76 -7.84 1.67 22.85 1.64 45.406358 11.894433 1
5.76 -7.85 1.69 22.83 1.64 45.406358 11.894433 1
5.78 -7.83 1.68 22.85 1.64 45.406358 11.894433 1
5.77 -7.84 1.68 22.84 1.64 45.406358 11.894433 1
5.76 -7.84 1.68 22.85 1.64 45.406358 11.894433 1
5.77 -7.84 1.69 22.83 1.64 45.406358 11.894433 1
5.77 -7.84 1.68 22.84 1.64 45.406358 11.894433 1
5.77 -7.84 1.69 22.84 1.64 45.406358 11.894433 1
5.78 -7.83 1.69 22.85 1.64 45.406358 11.894433 1
