6.52 -7.5 1.39 21.87 2.67 45.406277 11.894003 0
6.12 -7.35 1.72 95.18 2.67 45.406277 11.894003 0
5.77 -7.7 1.65 21.75 2.67 45.406277 11.894003 1
6.24 -7.64 1.69 22.21 2.67 45.406277 11.894003 0
5.96 -7.69 1.97 21.78 2.67 45.406277 11.894003 1
5.57 -7.8 2.12 22.64 2.67 45.406277 11.894003 1
6.47 -7.58 1.46 23.08 2.67 45.406277 11.894003 1
6.45 -8.19 1.58 21.63 2.67 45.406277 11.894003 1
5.61 -7.61 1.55 22.11 2.67 45.406277 11.894003 1
5.66 -7.9 1.8 22.36 2.67 45.406277 11.894003 1
6.01 -7.99 1.62 22.47 2.67 45.406277 11.894003 1
6.16 -8.27 1.42 23.19 2.67 45.406277 11.894003 1
6.17 -7.86 1.95 22.4 2.67 45.406277 11.894003 1
5.95 -7.59 1.56 22.14 2.67 45.406277 11.894003 1
6.14 -7.73 1.93 23.46 2.67 45.406277 11.894003 1
6.07 -7.98 1.53 22.11 2.67 45.406277 11.894003 1
6.41 -7.57 1.7 22.14 2.67 45.406277 11.894003 1
6.12 -8.1 1.91 22.35 2.67 45.406277 11.894003 1
6.24 -8.01 1.7 21.88 2.67 45.406277 11.894003 1
5.91 -7.8 1.7 22.84 2.48 45.406287 11.894028 0
5.41 -7.9 2.23 22.0 2.48 45.406287 11.894028 1
5.89 -7.75 1.76 22.74 2.48 45.406287 11.894028 0
5.72 -8.24 2.14 22.17 2.48 45.406287 11.894028 1
6.21 -7.88 1.96 22.28 2.48 45.406287 11.894028 1
5.5 -8.25 1.67 22.76 2.48 45.406287 11.894028 1
6.0 -7.4 1.84 22.4 2.48 45.406287 11.894028 1
5.71 -7.9 2.23 22.35 2.48 45.406287 11.894028 1
6.18 -7.7 1.49 22.05 2.48 45.406287 11.894028 1
6.06 -7.84 1.81 21.95 2.48 45.406287 11.894028 1
5.98 -7.97 1.87 22.83 2.48 45.406287 11.894028 1
5.94 -7.6 1.96 22.4 2.48 45.406287 11.894028 1
5.69 -8.0 1.84 22.86 2.48 45.406287 11.894028 1
5.78 -7.58 1.57 22.5 2.48 45.406287 11.894028 1
6.0 -7.92 1.32 22.11 2.48 45.406287 11.894028 1
5.66 -7.75 1.78 23.05 2.48 45.406287 11.894028 1
5.64 -7.92 1.55 22.93 2.48 45.406287 11.894028 1
5.65 -7.77 1.73 22.45 2.53 45.406296 11.894054 0
5.46 -8.2 1.89 21.75 2.53 45.406296 11.894054 1
6.02 -7.76 2.01 21.88 2.53 45.406296 11.894054 0
5.96 -8.01 1.9 22.28 2.53 45.406296 11.894054 1
5.96 -7.89 1.81 22.45 2.53 45.406296 11.894054 1
5.98 -7.49 1.98 23.22 2.53 45.406296 11.894054 1
5.52 -7.66 2.05 21.9 2.53 45.406296 11.894054 1
6.07 -7.97 2.03 21.85 2.53 45.406296 11.894054 1
6.12 -7.98 1.8 21.9 2.53 45.406296 11.894054 1
6.28 -7.49 1.74 22.05 2.53 45.406296 11.894054 1
5.23 -7.99 1.79 22.93 2.53 45.406296 11.894054 1
5.76 -7.89 1.74 22.0 2.53 45.406296 11.894054 1
5.59 -7.55 1.61 22.45 2.53 45.406296 11.894054 1
5.91 -8.09 1.66 23.31 2.53 45.406296 11.894054 1
5.68 -8.05 1.43 22.09 2.53 45.406296 11.894054 1
5.76 -7.66 1.54 26.03 2.53 45.406296 11.894054 1
5.81 -7.77 1.4 24.59 2.53 45.406296 11.894054 1
5.73 -7.95 1.68 23.12 2.53 45.406296 11.894054 1
6.05 -7.46 1.82 22.79 1.84 45.406301 11.894075 0
5.81 -8.25 1.42 22.69 1.84 45.406301 11.894075 1
6.28 -8.63 2.12 27.08 1.84 45.406301 11.894075 0
5.56 -7.75 2.12 21.78 1.84 45.406301 11.894075 1
5.58 -7.63 1.86 22.28 1.84 45.406301 11.894075 1
5.83 -8.25 1.75 22.17 1.84 45.406301 11.894075 1
5.68 -7.55 1.92 22.54 1.84 45.406301 11.894075 1
5.63 -8.11 1.95 23.22 1.84 45.406301 11.894075 1
5.58 -7.4 2.06 22.05 1.84 45.406301 11.894075 1
5.78 -8.1 1.98 22.91 1.84 45.406301 11.894075 1
6.07 -7.63 1.76 22.09 1.84 45.406301 11.894075 1
6.08 -7.98 1.47 22.5 1.84 45.406301 11.894075 1
6.18 -7.7 2.04 22.48 1.84 45.406301 11.894075 1
5.93 -7.96 1.89 22.09 1.84 45.406301 11.894075 1
5.56 -7.62 1.8 22.42 1.84 45.406301 11.894075 1
5.72 -8.8 1.89 21.54 1.84 45.406301 11.894075 1
5.6 -7.76 1.95 21.99 1.84 45.406301 11.894075 1
5.63 -7.68 1.4 22.54 2.35 45.406304 11.894101 0
5.04 -8.16 1.58 22.16 2.35 45.406304 11.894101 1
6.28 -7.64 2.02 21.33 2.35 45.406304 11.894101 0
6.45 -8.49 1.78 21.78 2.35 45.406304 11.894101 1
6.8 -7.99 2.02 23.31 2.35 45.406304 11.894101 1
4.75 -7.04 1.61 22.95 2.35 45.406304 11.894101 1
5.22 -5.83 1.84 22.38 2.35 45.406304 11.894101 1
5.99 -8.62 1.69 21.64 2.35 45.406304 11.894101 1
6.51 -8.47 2.0 21.92 2.35 45.406304 11.894101 1
6.62 -9.74 1.95 23.29 2.35 45.406304 11.894101 1
5.21 -6.75 2.23 22.76 2.35 45.406304 11.894101 1
5.35 -6.11 1.85 23.87 2.35 45.406304 11.894101 1
5.18 -9.23 1.89 22.09 2.35 45.406304 11.894101 1
6.17 -8.34 1.63 21.63 2.35 45.406304 11.894101 1
6.12 -8.06 1.38 22.19 2.35 45.406304 11.894101 1
5.34 -7.68 1.4 22.52 2.35 45.406304 11.894101 1
5.73 -7.92 1.57 21.95 2.35 45.406304 11.894101 1
6.1 -7.85 1.53 21.97 2.35 45.406304 11.894101 1
6.18 -7.92 1.9 22.26 1.5 45.406302 11.894120 0
5.88 -7.91 1.95 22.0 1.5 45.406302 11.894120 1
5.54 -7.72 1.52 22.45 1.5 45.406302 11.894120 0
6.21 -8.26 1.84 22.19 1.5 45.406302 11.894120 1
5.72 -7.69 1.61 21.18 1.5 45.406302 11.894120 1
6.07 -8.33 1.92 22.05 1.5 45.406302 11.894120 1
5.78 -8.17 1.72 24.03 1.5 45.406302 11.894120 1
5.4 -7.82 1.81 22.5 1.5 45.406302 11.894120 1
5.7 -6.82 1.96 23.41 1.5 45.406302 11.894120 1
5.54 -8.31 1.95 23.98 1.5 45.406302 11.894120 1
6.18 -8.38 2.36 22.76 1.5 45.406302 11.894120 1
6.18 -8.46 2.12 22.67 1.5 45.406302 11.894120 1
5.97 -8.47 1.75 22.78 1.5 45.406302 11.894120 1
5.75 -7.32 1.81 22.04 1.5 45.406302 11.894120 1
5.85 -7.72 1.81 24.13 1.5 45.406302 11.894120 1
6.44 -8.31 1.64 23.27 1.5 45.406302 11.894120 1
5.93 -7.87 1.62 22.66 1.5 45.406302 11.894120 1
5.83 -7.87 1.76 22.05 1.31 45.406305 11.894139 0
5.66 -8.15 1.29 22.24 1.31 45.406305 11.894139 1
6.04 -7.77 1.5 22.35 1.31 45.406305 11.894139 0
5.9 -8.16 1.4 21.87 1.31 45.406305 11.894139 1
5.75 -7.72 1.71 29.38 1.31 45.406305 11.894139 1
5.4 -8.04 1.64 22.45 1.31 45.406305 11.894139 1
5.9 -8.07 1.62 22.35 1.31 45.406305 11.894139 1
5.88 -7.89 2.36 21.81 1.31 45.406305 11.894139 1
6.1 -8.07 1.41 21.8 1.31 45.406305 11.894139 1
6.05 -8.0 1.81 22.42 1.31 45.406305 11.894139 1
5.64 -7.9 1.9 22.07 1.31 45.406305 11.894139 1
5.68 -7.71 1.82 22.45 1.31 45.406305 11.894139 1
5.83 -7.67 2.01 22.0 1.31 45.406305 11.894139 1
6.14 -8.06 1.81 22.0 1.31 45.406305 11.894139 1
5.81 -7.76 1.9 22.11 1.31 45.406305 11.894139 1
5.64 -7.81 1.57 22.14 1.31 45.406305 11.894139 1
5.43 -7.91 1.6 21.99 1.31 45.406305 11.894139 1
6.02 -8.23 1.7 23.2 1.31 45.406305 11.894139 1
5.83 -7.96 1.92 22.0 1.3 45.406303 11.894156 0
5.84 -7.55 1.8 23.15 1.3 45.406303 11.894156 1
5.61 -8.08 1.58 21.87 1.3 45.406303 11.894156 0
5.93 -7.77 1.69 22.23 1.3 45.406303 11.894156 1
5.91 -7.71 1.89 23.94 1.3 45.406303 11.894156 1
6.05 -7.87 1.78 22.4 1.3 45.406303 11.894156 1
5.92 -7.81 1.78 22.02 1.3 45.406303 11.894156 1
5.73 -7.99 1.61 21.92 1.3 45.406303 11.894156 1
5.64 -7.62 1.65 22.14 1.3 45.406303 11.894156 1
5.88 -7.99 1.31 22.09 1.3 45.406303 11.894156 1
6.04 -8.0 1.29 23.38 1.3 45.406303 11.894156 1
5.67 -7.87 1.63 22.57 1.3 45.406303 11.894156 1
5.74 -7.75 1.75 22.55 1.3 45.406303 11.894156 1
5.84 -8.15 1.63 22.45 1.3 45.406303 11.894156 1
5.92 -8.04 1.88 21.99 1.3 45.406303 11.894156 1
5.78 -7.63 2.04 22.02 1.3 45.406303 11.894156 1
5.99 -7.65 1.92 21.95 1.3 45.406303 11.894156 1
6.15 -7.65 1.75 21.93 1.26 45.406298 11.894174 0
5.9 -7.76 1.78 22.26 1.26 45.406298 11.894174 1
5.64 -7.84 2.02 22.69 1.26 45.406298 11.894174 0
5.71 -8.1 2.2 22.24 1.26 45.406298 11.894174 1
5.88 -8.05 2.31 21.83 1.26 45.406298 11.894174 1
5.93 -7.81 1.96 21.75 1.26 45.406298 11.894174 1
5.96 -8.05 1.93 21.75 1.26 45.406298 11.894174 1
5.83 -7.95 1.97 22.09 1.26 45.406298 11.894174 1
5.98 -7.9 2.21 21.85 1.26 45.406298 11.894174 1
5.67 -8.03 2.09 21.92 1.26 45.406298 11.894174 1
6.07 -8.19 1.96 21.45 1.26 45.406298 11.894174 1
6.13 -7.94 2.07 22.29 1.26 45.406298 11.894174 1
6.13 -7.76 1.74 21.99 1.26 45.406298 11.894174 1
5.94 -8.07 2.07 22.0 1.26 45.406298 11.894174 1
5.95 -7.58 2.2 21.95 1.26 45.406298 11.894174 1
5.69 -7.95 1.98 21.59 1.26 45.406298 11.894174 1
5.75 -8.08 1.84 22.45 1.26 45.406298 11.894174 1
5.74 -8.15 1.78 21.93 1.26 45.406298 11.894174 1
5.67 -7.64 1.73 22.35 0.6 45.406297 11.894187 0
5.65 -7.66 1.76 22.76 0.6 45.406297 11.894187 1
5.88 -7.77 1.44 22.71 0.6 45.406297 11.894187 0
5.8 -7.77 1.63 22.59 0.6 45.406297 11.894187 1
5.8 -7.93 1.65 21.66 0.6 45.406297 11.894187 1
6.16 -7.71 1.79 22.04 0.6 45.406297 11.894187 1
5.92 -7.79 1.74 21.69 0.6 45.406297 11.894187 1
5.98 -7.66 1.95 21.9 0.6 45.406297 11.894187 1
5.9 -7.79 2.05 22.05 0.6 45.406297 11.894187 1
5.83 -7.46 1.84 22.12 0.6 45.406297 11.894187 1
5.74 -7.92 1.95 22.54 0.6 45.406297 11.894187 1
5.9 -7.77 1.91 22.24 0.6 45.406297 11.894187 1
5.58 -7.88 1.48 22.54 0.6 45.406297 11.894187 1
5.77 -7.91 1.75 21.56 0.6 45.406297 11.894187 1
5.67 -8.14 1.99 22.04 0.6 45.406297 11.894187 1
5.68 -7.89 2.0 22.04 0.6 45.406297 11.894187 1
5.72 -7.76 1.81 21.99 0.6 45.406297 11.894187 1
5.94 -7.83 1.56 21.99 1.84 45.406296 11.894216 0
6.06 -7.93 1.76 21.99 1.84 45.406296 11.894216 1
5.98 -7.74 1.76 22.02 1.84 45.406296 11.894216 0
6.0 -7.82 2.03 21.92 1.84 45.406296 11.894216 1
5.8 -7.75 2.07 22.04 1.84 45.406296 11.894216 1
6.0 -7.85 1.87 22.45 1.84 45.406296 11.894216 1
5.62 -7.8 1.55 22.45 1.84 45.406296 11.894216 1
5.09 -8.42 1.45 22.24 1.84 45.406296 11.894216 1
6.48 -7.99 1.73 22.09 1.84 45.406296 11.894216 1
5.13 -8.38 1.68 22.67 1.84 45.406296 11.894216 1
5.49 -7.39 2.22 24.34 1.84 45.406296 11.894216 1
6.01 -8.08 2.32 22.45 1.84 45.406296 11.894216 1
6.21 -6.63 2.14 21.99 1.84 45.406296 11.894216 1
5.74 -10.1 2.1 21.99 1.84 45.406296 11.894216 1
6.44 -7.33 1.67 22.31 1.84 45.406296 11.894216 1
5.14 -7.42 1.71 22.04 1.84 45.406296 11.894216 1
5.76 -7.33 2.1 21.93 1.84 45.406296 11.894216 1
6.41 -9.2 1.84 21.44 1.84 45.406296 11.894216 1
5.53 -7.47 1.76 22.04 1.28 45.406295 11.894240 0
5.67 -8.21 1.69 22.35 1.28 45.406295 11.894240 1
5.83 -7.53 1.65 21.69 1.28 45.406295 11.894240 0
5.55 -7.9 1.68 21.47 1.28 45.406295 11.894240 1
6.07 -8.52 1.61 21.63 1.28 45.406295 11.894240 1
6.09 -7.05 1.57 21.52 1.28 45.406295 11.894240 1
5.67 -7.73 1.48 21.47 1.28 45.406295 11.894240 1
5.72 -8.04 1.7 21.52 1.28 45.406295 11.894240 1
5.82 -7.93 1.79 21.9 1.28 45.406295 11.894240 1
6.65 -7.66 2.15 21.63 1.28 45.406295 11.894240 1
5.74 -8.05 1.88 21.9 1.28 45.406295 11.894240 1
5.52 -7.66 1.81 22.42 1.28 45.406295 11.894240 1
5.6 -7.61 1.86 21.68 1.28 45.406295 11.894240 1
5.91 -7.54 1.69 21.83 1.28 45.406295 11.894240 1
5.76 -9.29 1.57 21.49 1.28 45.406295 11.894240 1
6.19 -7.88 1.71 22.12 1.28 45.406295 11.894240 1
5.63 -7.95 1.99 22.23 1.28 45.406295 11.894240 1
4.96 -7.3 1.71 21.88 4.01 45.406303 11.894292 0
6.31 -8.04 1.68 22.09 4.01 45.406303 11.894292 1
6.42 -7.85 1.53 21.37 4.01 45.406303 11.894292 0
5.63 -8.56 1.79 22.0 4.01 45.406303 11.894292 1
5.51 -8.34 1.67 21.95 4.01 45.406303 11.894292 1
5.53 -6.9 1.95 21.35 4.01 45.406303 11.894292 1
6.02 -8.34 1.99 21.66 4.01 45.406303 11.894292 1
5.86 -8.42 1.75 21.78 4.01 45.406303 11.894292 1
5.52 -7.55 1.46 22.02 4.01 45.406303 11.894292 1
5.83 -8.12 1.78 22.19 4.01 45.406303 11.894292 1
6.3 -7.52 1.67 22.29 4.01 45.406303 11.894292 1
5.7 -7.98 1.92 22.36 4.01 45.406303 11.894292 1
5.55 -7.75 1.85 21.75 4.01 45.406303 11.894292 1
5.93 -7.79 1.76 21.33 4.01 45.406303 11.894292 1
4.78 -8.84 1.7 21.08 4.01 45.406303 11.894292 1
6.48 -7.98 1.7 21.44 4.01 45.406303 11.894292 1
5.48 -7.3 1.7 22.29 4.01 45.406303 11.894292 1
5.31 -6.38 1.98 22.38 4.01 45.406303 11.894292 1
5.78 -7.42 1.85 21.03 2.93 45.406301 11.894336 0
8.43 -9.53 1.93 20.7 2.93 45.406301 11.894336 1
6.72 -12.04 2.11 21.63 2.93 45.406301 11.894336 0
5.95 -7.26 1.33 26.55 2.93 45.406301 11.894336 1
4.27 -6.59 1.62 25.76 2.93 45.406301 11.894336 1
3.08 -5.01 1.82 23.92 2.93 45.406301 11.894336 1
9.9 -9.15 -0.42 21.21 2.93 45.406301 11.894336 1
6.31 -13.39 0.92 24.71 2.93 45.406301 11.894336 1
6.38 -11.41 1.37 21.08 2.93 45.406301 11.894336 1
4.67 -6.89 1.42 21.73 2.93 45.406301 11.894336 1
4.18 -3.1 2.6 22.35 2.93 45.406301 11.894336 1
5.02 -6.64 1.64 21.57 2.93 45.406301 11.894336 1
5.66 -5.9 1.29 20.46 2.93 45.406301 11.894336 1
8.08 -10.97 1.72 20.07 2.93 45.406301 11.894336 1
4.97 -9.05 2.3 22.04 2.93 45.406301 11.894336 1
4.25 -6.02 1.39 25.71 2.93 45.406301 11.894336 1
5.49 -5.18 1.39 24.08 2.93 45.406301 11.894336 1
7.07 -6.84 2.05 22.81 3.15 45.406303 11.894384 0
7.63 -9.14 -0.8 22.59 3.15 45.406303 11.894384 1
7.96 -10.87 1.34 22.66 3.15 45.406303 11.894384 0
4.45 -7.7 1.75 22.14 3.15 45.406303 11.894384 1
4.22 -7.38 1.29 20.87 3.15 45.406303 11.894384 1
11.2 -10.03 -0.17 20.25 3.15 45.406303 11.894384 1
5.64 -9.54 2.16 21.47 3.15 45.406303 11.894384 1
5.32 -7.25 2.47 22.26 3.15 45.406303 11.894384 1
3.94 -6.03 1.82 22.42 3.15 45.406303 11.894384 1
6.17 -6.13 2.21 23.38 3.15 45.406303 11.894384 1
6.91 -8.84 2.02 21.95 3.15 45.406303 11.894384 1
6.94 -8.45 1.91 23.12 3.15 45.406303 11.894384 1
4.95 -8.05 1.65 22.6 3.15 45.406303 11.894384 1
4.87 -6.72 1.59 22.35 3.15 45.406303 11.894384 1
6.2 -9.61 2.03 21.4 3.15 45.406303 11.894384 1
5.96 -6.72 1.9 21.75 3.15 45.406303 11.894384 1
5.84 -9.07 1.92 23.98 3.15 45.406303 11.894384 1
5.73 -9.08 1.5 24.2 3.15 45.406303 11.894384 1
6.03 -6.86 1.61 22.59 3.08 45.406313 11.894429 0
5.38 -6.88 2.02 23.12 3.08 45.406313 11.894429 1
6.02 -7.96 2.16 22.54 3.08 45.406313 11.894429 0
5.72 -7.75 1.82 22.12 3.08 45.406313 11.894429 1
6.56 -8.03 1.4 20.96 3.08 45.406313 11.894429 1
5.78 -10.19 1.5 21.3 3.08 45.406313 11.894429 1
5.27 -7.46 1.57 22.47 3.08 45.406313 11.894429 1
4.96 -7.14 1.9 21.78 3.08 45.406313 11.894429 1
6.08 -7.48 1.85 21.69 3.08 45.406313 11.894429 1
6.1 -8.19 1.69 21.78 3.08 45.406313 11.894429 1
5.86 -8.77 1.75 22.52 3.08 45.406313 11.894429 1
5.43 -7.83 1.6 23.29 3.08 45.406313 11.894429 1
5.27 -7.17 1.55 22.4 3.08 45.406313 11.894429 1
6.09 -7.86 1.68 23.15 3.08 45.406313 11.894429 1
6.31 -8.22 1.82 25.09 3.08 45.406313 11.894429 1
5.75 -7.98 1.89 22.23 3.08 45.406313 11.894429 1
5.57 -8.27 1.68 22.81 3.08 45.406313 11.894429 1
5.93 -7.96 1.62 22.47 3.04 45.406317 11.894474 0
5.52 -7.62 1.86 22.79 3.04 45.406317 11.894474 1
6.19 -8.18 1.47 22.48 3.04 45.406317 11.894474 0
5.9 -8.01 1.72 21.85 3.04 45.406317 11.894474 1
5.69 -7.76 1.61 22.4 3.04 45.406317 11.894474 1
5.62 -8.05 1.97 22.45 3.04 45.406317 11.894474 1
5.86 -7.96 1.99 22.91 3.04 45.406317 11.894474 1
5.71 -8.0 1.98 22.91 3.04 45.406317 11.894474 1
5.9 -7.9 1.48 22.29 3.04 45.406317 11.894474 1
5.84 -7.99 1.64 22.0 3.04 45.406317 11.894474 1
5.75 -8.0 1.84 22.95 3.04 45.406317 11.894474 1
5.72 -7.79 1.9 22.48 3.04 45.406317 11.894474 1
5.6 -7.63 1.8 22.6 3.04 45.406317 11.894474 1
5.91 -7.98 1.67 23.41 3.04 45.406317 11.894474 1
5.91 -7.82 1.52 22.47 3.04 45.406317 11.894474 1
5.8 -8.09 1.67 22.48 3.04 45.406317 11.894474 1
5.85 -7.82 1.79 22.55 3.04 45.406317 11.894474 1
5.65 -8.14 1.94 22.45 3.04 45.406317 11.894474 1
5.78 -8.07 1.67 22.4 1.99 45.406320 11.894504 0
5.71 -7.34 1.54 22.36 1.99 45.406320 11.894504 1
6.06 -8.64 1.61 21.78 1.99 45.406320 11.894504 0
5.17 -7.95 2.13 22.64 1.99 45.406320 11.894504 1
5.54 -8.51 2.17 21.28 1.99 45.406320 11.894504 1
6.79 -7.35 2.51 21.59 1.99 45.406320 11.894504 1
5.71 -8.23 1.5 22.71 1.99 45.406320 11.894504 1
5.32 -7.1 1.84 23.19 1.99 45.406320 11.894504 1
6.08 -7.7 1.28 22.29 1.99 45.406320 11.894504 1
4.99 -6.59 2.03 22.35 1.99 45.406320 11.894504 1
6.08 -8.77 2.01 21.71 1.99 45.406320 11.894504 1
6.97 -8.77 1.42 21.08 1.99 45.406320 11.894504 1
5.54 -8.88 2.83 22.38 1.99 45.406320 11.894504 1
5.49 -7.46 1.48 22.6 1.99 45.406320 11.894504 1
5.58 -8.08 1.19 22.57 1.99 45.406320 11.894504 1
5.69 -7.2 1.91 22.26 1.99 45.406320 11.894504 1
6.41 -7.71 2.03 21.73 1.99 45.406320 11.894504 1
6.08 -8.64 1.76 20.99 2.43 45.406319 11.894535 0
5.54 -8.76 1.92 21.69 2.43 45.406319 11.894535 1
5.39 -7.92 2.29 22.47 2.43 45.406319 11.894535 0
5.4 -7.93 2.29 22.47 2.43 45.406319 11.894535 1
5.39 -7.92 2.29 22.47 2.43 45.406319 11.894535 1
5.39 -7.92 2.29 22.48 2.43 45.406319 11.894535 1
5.4 -7.92 2.29 22.48 2.43 45.406319 11.894535 1
5.39 -7.92 2.3 22.48 2.43 45.406319 11.894535 1
5.39 -7.91 2.28 22.46 2.43 45.406319 11.894535 1
5.38 -7.92 2.28 22.47 2.43 45.406319 11.894535 1
5.39 -7.92 2.29 22.47 2.43 45.406319 11.894535 1
5.38 -7.93 2.28 22.47 2.43 45.406319 11.894535 1
5.38 -7.93 2.29 22.47 2.43 45.406319 11.894535 1
5.39 -7.92 2.29 22.47 2.43 45.406319 11.894535 1
5.38 -7.92 2.3 22.47 2.43 45.406319 11.894535 1
5.38 -7.92 2.29 22.48 2.43 45.406319 11.894535 1
5.39 -7.93 2.29 22.47 2.43 45.406319 11.894535 1
5.39 -7.92 2.3 22.47 2.43 45.406319 11.894535 1
5.39 -7.91 2.29 22.47 2.43 45.406319 11.894535 1
5.39 -7.91 2.29 22.47 2.43 45.406319 11.894535 1
5.4 -7.92 2.3 22.47 2.43 45.406319 11.894535 1
5.38 -7.92 2.28 22.47 2.43 45.406319 11.894535 1
5.4 -7.93 2.29 22.47 2.43 45.406319 11.894535 1
5.4 -7.91 2.3 22.47 2.43 45.406319 11.894535 1
5.4 -7.92 2.29 22.47 2.43 45.406319 11.894535 1
5.39 -7.93 2.3 22.48 2.43 45.406319 11.894535 1
5.39 -7.92 2.28 22.47 2.43 45.406319 11.894535 1
5.4 -7.91 2.29 22.47 2.43 45.406319 11.894535 1
5.39 -7.92 2.29 22.47 2.43 45.406319 11.894535 1
5.39 -7.93 2.28 22.48 2.43 45.406319 11.894535 1
5.39 -7.91 2.29 22.47 2.43 45.406319 11.894535 1
5.38 -7.91 2.3 22.48 2.43 45.406319 11.894535 1
5.38 -7.93 2.29 22.47 2.43 45.406319 11.894535 1
5.4 -7.91 2.3 22.47 2.43 45.406319 11.894535 1
