6.74 -7.95 1.8 21.92 1.77 45.406349 11.893984 0
6.47 -7.98 1.5 22.86 1.77 45.406349 11.893984 0
6.63 -7.06 1.4 21.99 1.77 45.406349 11.893984 1
6.38 -7.25 1.81 22.45 1.77 45.406349 11.893984 1
6.24 -7.53 1.78 22.35 1.77 45.406349 11.893984 1
6.05 -8.11 1.52 23.05 1.77 45.406349 11.893984 1
5.92 -8.02 1.64 22.28 1.77 45.406349 11.893984 1
5.42 -8.16 1.52 22.48 1.77 45.406349 11.893984 1
4.83 -8.09 1.78 22.55 1.77 45.406349 11.893984 1
5.4 -8.89 1.64 22.04 1.77 45.406349 11.893984 1
5.66 -8.23 2.1 22.55 1.77 45.406349 11.893984 1
5.84 -7.49 2.17 22.02 1.77 45.406349 11.893984 1
5.98 -7.77 1.89 22.0 1.77 45.406349 11.893984 1
5.92 -7.44 1.95 22.29 1.77 45.406349 11.893984 1
6.21 -8.1 1.89 22.42 1.77 45.406349 11.893984 1
6.17 -7.39 1.57 22.05 1.77 45.406349 11.893984 1
5.99 -7.79 1.35 24.64 1.77 45.406349 11.893984 1
6.47 -7.32 1.61 21.9 2.4 45.406343 11.894003 0
5.94 -7.4 1.75 22.35 2.4 45.406343 11.894003 1
6.09 -8.08 2.34 21.95 2.4 45.406343 11.894003 0
5.94 -7.71 2.1 22.09 2.4 45.406343 11.894003 1
6.07 -7.93 1.71 23.82 2.4 45.406343 11.894003 1
5.75 -8.4 1.9 21.99 2.4 45.406343 11.894003 1
5.81 -7.8 1.38 21.83 2.4 45.406343 11.894003 1
5.64 -8.09 1.79 21.49 2.4 45.406343 11.894003 1
5.86 -7.81 1.64 22.74 2.4 45.406343 11.894003 1
6.04 -7.99 1.8 22.47 2.4 45.406343 11.894003 1
5.91 -7.65 2.07 22.96 2.4 45.406343 11.894003 1
6.12 -7.75 1.87 22.6 2.4 45.406343 11.894003 1
6.07 -7.56 1.71 23.0 2.4 45.406343 11.894003 1
6.17 -8.07 1.7 22.5 2.4 45.406343 11.894003 1
6.19 -7.83 1.93 22.12 2.4 45.406343 11.894003 1
6.2 -7.62 1.88 23.36 2.4 45.406343 11.894003 1
6.18 -7.66 2.16 22.09 2.4 45.406343 11.894003 1
5.65 -8.03 1.52 21.93 1.56 45.406346 11.894020 0
5.81 -7.92 1.54 22.42 1.56 45.406346 11.894020 1
5.51 -8.06 1.72 21.42 1.56 45.406346 11.894020 0
5.88 -7.78 2.07 21.57 1.56 45.406346 11.894020 1
5.73 -8.0 1.97 22.04 1.56 45.406346 11.894020 1
6.31 -7.82 1.74 21.87 1.56 45.406346 11.894020 1
6.21 -7.89 1.72 21.95 1.56 45.406346 11.894020 1
5.69 -7.31 1.85 22.24 1.56 45.406346 11.894020 1
5.98 -7.23 1.88 21.95 1.56 45.406346 11.894020 1
5.78 -7.8 2.22 22.5 1.56 45.406346 11.894020 1
6.38 -7.4 1.65 21.97 1.56 45.406346 11.894020 1
6.03 -7.75 1.55 22.45 1.56 45.406346 11.894020 1
6.04 -7.76 1.69 22.19 1.56 45.406346 11.894020 1
5.79 -7.39 1.97 23.48 1.56 45.406346 11.894020 1
5.75 -7.34 2.07 22.66 1.56 45.406346 11.894020 1
5.56 -7.66 1.74 22.52 1.56 45.406346 11.894020 1
5.92 -8.34 2.33 22.98 1.56 45.406346 11.894020 1
5.65 -7.79 2.07 22.69 1.56 45.406346 11.894020 1
5.48 -7.72 1.82 22.48 2.39 45.406356 11.894042 0
5.95 -7.83 1.39 23.67 2.39 45.406356 11.894042 1
6.45 -7.95 1.44 23.15 2.39 45.406356 11.894042 0
6.21 -7.63 1.31 21.99 2.39 45.406356 11.894042 1
6.02 -7.98 1.89 22.31 2.39 45.406356 11.894042 1
5.77 -7.64 1.85 22.84 2.39 45.406356 11.894042 1
6.15 -7.71 1.93 21.95 2.39 45.406356 11.894042 1
5.96 -7.71 1.89 21.78 2.39 45.406356 11.894042 1
5.76 -8.09 1.3 22.09 2.39 45.406356 11.894042 1
6.15 -7.93 1.53 22.55 2.39 45.406356 11.894042 1
5.19 -7.81 1.76 22.5 2.39 45.406356 11.894042 1
5.57 -7.89 1.88 22.88 2.39 45.406356 11.894042 1
5.59 -7.86 1.45 21.99 2.39 45.406356 11.894042 1
6.04 -8.01 1.71 22.04 2.39 45.406356 11.894042 1
6.4 -7.75 1.65 22.95 2.39 45.406356 11.894042 1
5.8 -7.68 1.79 22.98 2.39 45.406356 11.894042 1
5.54 -7.56 2.19 22.05 2.39 45.406356 11.894042 1
5.98 -7.49 2.21 22.36 2.62 45.406358 11.894070 0
6.28 -7.87 1.23 21.83 2.62 45.406358 11.894070 1
5.96 -7.84 2.06 21.83 2.62 45.406358 11.894070 0
5.64 -7.92 2.02 22.31 2.62 45.406358 11.894070 1
5.61 -7.69 2.42 23.99 2.62 45.406358 11.894070 1
5.67 -7.83 2.06 22.72 2.62 45.406358 11.894070 1
5.74 -7.91 1.7 21.78 2.62 45.406358 11.894070 1
6.09 -8.13 1.7 23.51 2.62 45.406358 11.894070 1
5.8 -8.06 1.65 21.93 2.62 45.406358 11.894070 1
5.57 -7.66 2.02 22.09 2.62 45.406358 11.894070 1
5.98 -8.18 1.8 23.87 2.62 45.406358 11.894070 1
5.69 -7.43 2.0 22.11 2.62 45.406358 11.894070 1
6.05 -7.89 1.71 22.88 2.62 45.406358 11.894070 1
6.07 -7.81 1.82 22.98 2.62 45.406358 11.894070 1
6.04 -7.96 1.66 22.04 2.62 45.406358 11.894070 1
5.47 -7.66 1.69 22.45 2.62 45.406358 11.894070 1
6.02 -9.21 0.99 21.9 2.62 45.406358 11.894070 1
6.25 -7.37 1.92 21.81 2.62 45.406358 11.894070 1
5.51 -7.74 1.52 23.1 2.76 45.406351 11.894104 0
4.95 -7.85 1.25 22.02 2.76 45.406351 11.894104 1
6.25 -8.17 1.9 21.73 2.76 45.406351 11.894104 0
6.69 -7.84 0.84 22.14 2.76 45.406351 11.894104 1
6.45 -8.7 2.02 23.12 2.76 45.406351 11.894104 1
4.99 -6.98 2.03 22.84 2.76 45.406351 11.894104 1
4.65 -6.01 2.3 23.08 2.76 45.406351 11.894104 1
6.23 -7.7 1.94 21.27 2.76 45.406351 11.894104 1
6.22 -8.86 1.7 21.9 2.76 45.406351 11.894104 1
6.44 -9.79 1.61 22.96 2.76 45.406351 11.894104 1
4.92 -7.46 1.98 22.66 2.76 45.406351 11.894104 1
5.07 -5.62 1.83 22.14 2.76 45.406351 11.894104 1
5.55 -9.13 1.79 22.36 2.76 45.406351 11.894104 1
6.37 -8.18 1.97 26.77 2.76 45.406351 11.894104 1
6.06 -8.2 1.69 22.93 2.76 45.406351 11.894104 1
5.33 -7.84 1.75 22.71 2.76 45.406351 11.894104 1
5.37 -7.49 1.85 22.45 2.76 45.406351 11.894104 1
6.16 -7.52 2.32 21.88 1.35 45.406346 11.894123 0
6.6 -8.23 1.52 21.44 1.35 45.406346 11.894123 1
6.37 -7.89 1.68 22.36 1.35 45.406346 11.894123 0
5.71 -7.05 1.55 22.02 1.35 45.406346 11.894123 1
5.57 -8.48 1.74 23.36 1.35 45.406346 11.894123 1
6.31 -7.72 1.73 21.68 1.35 45.406346 11.894123 1
6.22 -8.58 1.58 21.59 1.35 45.406346 11.894123 1
5.89 -7.89 2.05 25.36 1.35 45.406346 11.894123 1
5.31 -8.3 1.5 22.36 1.35 45.406346 11.894123 1
5.69 -6.21 1.61 23.87 1.35 45.406346 11.894123 1
5.5 -8.54 1.91 22.4 1.35 45.406346 11.894123 1
6.11 -8.3 2.76 22.67 1.35 45.406346 11.894123 1
6.16 -7.86 2.42 21.97 1.35 45.406346 11.894123 1
5.67 -7.65 2.33 22.45 1.35 45.406346 11.894123 1
5.65 -7.57 2.13 22.04 1.35 45.406346 11.894123 1
5.77 -7.67 1.89 22.0 1.35 45.406346 11.894123 1
6.09 -7.65 1.73 21.97 1.35 45.406346 11.894123 1
5.84 -7.93 2.14 21.54 1.35 45.406346 11.894123 1
6.0 -7.63 1.85 21.97 0.6 45.406337 11.894126 0
5.69 -7.88 1.83 22.04 0.6 45.406337 11.894126 1
5.88 -7.79 1.57 21.93 0.6 45.406337 11.894126 0
5.76 -8.21 1.77 21.54 0.6 45.406337 11.894126 1
5.64 -8.0 1.61 22.5 0.6 45.406337 11.894126 1
5.93 -8.23 1.4 21.95 0.6 45.406337 11.894126 1
5.86 -7.93 1.43 24.06 0.6 45.406337 11.894126 1
5.9 -8.06 1.48 22.04 0.6 45.406337 11.894126 1
5.95 -8.03 1.16 22.52 0.6 45.406337 11.894126 1
5.83 -8.47 1.5 22.91 0.6 45.406337 11.894126 1
5.96 -7.63 1.44 23.02 0.6 45.406337 11.894126 1
5.94 -7.83 1.45 21.69 0.6 45.406337 11.894126 1
5.99 -7.78 1.39 23.34 0.6 45.406337 11.894126 1
5.63 -7.95 2.0 22.04 0.6 45.406337 11.894126 1
5.77 -8.1 1.82 22.04 0.6 45.406337 11.894126 1
5.56 -7.84 1.76 22.47 0.6 45.406337 11.894126 1
5.78 -8.13 1.32 21.8 0.6 45.406337 11.894126 1
5.58 -8.1 1.65 21.52 1.49 45.406331 11.894142 0
5.55 -7.89 1.72 27.58 1.49 45.406331 11.894142 1
5.92 -7.95 2.15 23.24 1.49 45.406331 11.894142 1
5.67 -8.03 1.72 22.36 1.49 45.406331 11.894142 0
5.79 -7.7 1.84 21.83 1.49 45.406331 11.894142 1
5.78 -8.12 1.56 22.35 1.49 45.406331 11.894142 1
5.92 -7.75 1.76 23.51 1.49 45.406331 11.894142 1
5.63 -7.95 1.81 21.83 1.49 45.406331 11.894142 1
5.94 -7.86 1.77 22.5 1.49 45.406331 11.894142 1
5.66 -7.99 1.75 22.07 1.49 45.406331 11.894142 1
5.88 -7.82 1.66 22.45 1.49 45.406331 11.894142 1
5.86 -8.17 1.71 22.04 1.49 45.406331 11.894142 1
5.87 -7.93 1.5 21.64 1.49 45.406331 11.894142 1
5.71 -7.7 1.7 22.02 1.49 45.406331 11.894142 1
5.76 -8.13 1.85 22.0 1.49 45.406331 11.894142 1
5.91 -7.92 1.88 22.35 1.49 45.406331 11.894142 1
5.59 -7.9 1.64 23.27 1.49 45.406331 11.894142 1
6.05 -7.92 1.5 21.81 1.49 45.406331 11.894142 1
5.78 -8.0 1.94 21.81 2.63 45.406328 11.894176 0
5.57 -7.76 1.83 21.88 2.63 45.406328 11.894176 1
5.87 -7.85 1.58 21.92 2.63 45.406328 11.894176 0
6.0 -8.15 1.44 22.36 2.63 45.406328 11.894176 1
5.85 -7.96 1.56 21.93 2.63 45.406328 11.894176 1
5.86 -7.7 1.54 21.83 2.63 45.406328 11.894176 1
5.76 -7.92 1.85 21.93 2.63 45.406328 11.894176 1
5.83 -7.93 1.95 22.35 2.63 45.406328 11.894176 1
5.84 -7.88 1.77 22.05 2.63 45.406328 11.894176 1
5.77 -8.02 1.4 22.47 2.63 45.406328 11.894176 1
5.91 -7.98 1.5 22.0 2.63 45.406328 11.894176 1
5.71 -8.21 1.89 22.45 2.63 45.406328 11.894176 1
5.91 -7.87 1.94 22.52 2.63 45.406328 11.894176 1
5.6 -7.66 2.02 22.52 2.63 45.406328 11.894176 1
5.74 -7.85 1.53 22.93 2.63 45.406328 11.894176 1
5.95 -8.06 1.66 22.81 2.63 45.406328 11.894176 1
5.8 -8.07 1.64 22.19 2.63 45.406328 11.894176 1
5.69 -7.74 1.94 22.19 2.25 45.406326 11.894208 0
5.66 -7.96 1.81 22.14 2.25 45.406326 11.894208 1
5.74 -7.74 1.92 21.8 2.25 45.406326 11.894208 0
5.74 -7.65 1.66 22.81 2.25 45.406326 11.894208 1
5.83 -7.71 1.65 21.9 2.25 45.406326 11.894208 1
5.71 -7.88 1.75 21.76 2.25 45.406326 11.894208 1
5.7 -7.97 1.75 21.75 2.25 45.406326 11.894208 1
5.8 -8.04 1.72 22.14 2.25 45.406326 11.894208 1
5.71 -7.9 1.74 21.85 2.25 45.406326 11.894208 1
5.7 -7.85 1.75 22.47 2.25 45.406326 11.894208 1
5.79 -7.87 1.61 22.42 2.25 45.406326 11.894208 1
5.96 -7.89 1.51 22.5 2.25 45.406326 11.894208 1
5.67 -8.19 1.78 22.45 2.25 45.406326 11.894208 1
5.67 -7.74 1.77 22.05 2.25 45.406326 11.894208 1
5.57 -7.72 1.95 22.02 2.25 45.406326 11.894208 1
5.66 -7.95 1.87 21.97 2.25 45.406326 11.894208 1
5.94 -8.05 1.79 22.0 2.25 45.406326 11.894208 1
5.75 -8.03 1.67 21.52 2.25 45.406326 11.894208 1
5.9 -7.87 1.51 23.72 2.55 45.406324 11.894241 0
5.83 -7.93 1.78 22.45 2.55 45.406324 11.894241 1
5.85 -7.75 1.86 22.26 2.55 45.406324 11.894241 0
5.67 -8.27 1.78 21.83 2.55 45.406324 11.894241 1
5.77 -8.04 1.38 22.19 2.55 45.406324 11.894241 1
5.65 -7.89 1.5 22.0 2.55 45.406324 11.894241 1
5.75 -8.2 1.73 24.52 2.55 45.406324 11.894241 1
5.56 -7.71 1.92 22.07 2.55 45.406324 11.894241 1
5.33 -8.25 1.91 22.98 2.55 45.406324 11.894241 1
5.91 -7.77 1.53 22.05 2.55 45.406324 11.894241 1
5.66 -8.09 1.23 22.83 2.55 45.406324 11.894241 1
6.23 -8.27 1.1 22.05 2.55 45.406324 11.894241 1
5.98 -7.98 1.33 22.16 2.55 45.406324 11.894241 1
5.3 -7.89 2.57 22.31 2.55 45.406324 11.894241 1
5.6 -7.97 0.68 22.78 2.55 45.406324 11.894241 1
5.26 -8.21 1.54 22.66 2.55 45.406324 11.894241 1
5.87 -7.58 1.53 22.26 2.55 45.406324 11.894241 1
6.06 -7.97 1.57 22.31 2.63 45.406322 11.894275 0
5.69 -8.34 1.83 21.42 2.63 45.406322 11.894275 1
5.69 -7.91 1.6 22.48 2.63 45.406322 11.894275 1
5.46 -7.79 1.45 22.14 2.63 45.406322 11.894275 0
5.83 -7.7 1.63 22.84 2.63 45.406322 11.894275 1
5.82 -7.87 1.82 21.92 2.63 45.406322 11.894275 1
5.94 -8.22 1.74 21.85 2.63 45.406322 11.894275 1
5.72 -8.39 1.57 22.36 2.63 45.406322 11.894275 1
5.4 -7.91 2.09 22.81 2.63 45.406322 11.894275 1
5.39 -8.1 1.69 22.14 2.63 45.406322 11.894275 1
5.88 -7.92 1.84 22.14 2.63 45.406322 11.894275 1
5.99 -7.87 1.3 22.07 2.63 45.406322 11.894275 1
5.57 -7.97 1.8 22.5 2.63 45.406322 11.894275 1
5.79 -7.91 1.78 22.4 2.63 45.406322 11.894275 1
5.62 -8.09 2.21 21.95 2.63 45.406322 11.894275 1
5.57 -8.07 1.45 21.97 2.63 45.406322 11.894275 1
5.61 -7.81 1.56 22.09 2.63 45.406322 11.894275 1
5.99 -8.07 1.22 22.79 2.63 45.406322 11.894275 1
5.76 -7.71 1.54 24.68 2.55 45.406318 11.894313 0
5.88 -7.86 1.3 22.36 2.55 45.406318 11.894313 1
5.85 -7.72 1.46 22.33 2.55 45.406318 11.894313 0
5.83 -8.11 1.64 22.26 2.55 45.406318 11.894313 1
5.87 -7.84 0.88 22.19 2.55 45.406318 11.894313 1
5.95 -8.12 0.94 23.34 2.55 45.406318 11.894313 1
5.93 -7.75 1.47 23.31 2.55 45.406318 11.894313 1
5.73 -7.9 1.69 22.04 2.55 45.406318 11.894313 1
5.84 -8.32 1.46 21.8 2.55 45.406318 11.894313 1
5.92 -7.83 1.46 22.24 2.55 45.406318 11.894313 1
5.92 -7.73 2.24 22.26 2.55 45.406318 11.894313 1
5.7 -7.85 2.1 21.81 2.55 45.406318 11.894313 1
5.86 -8.02 1.98 22.04 2.55 45.406318 11.894313 1
5.72 -8.29 2.34 21.59 2.55 45.406318 11.894313 1
6.03 -8.44 2.29 23.32 2.55 45.406318 11.894313 1
5.58 -8.28 2.16 22.05 2.55 45.406318 11.894313 1
5.56 -8.21 2.52 21.88 2.55 45.406318 11.894313 1
5.52 -8.01 2.53 21.54 3.09 45.406323 11.894352 0
5.37 -8.33 2.57 21.37 3.09 45.406323 11.894352 1
5.27 -8.17 1.93 21.73 3.09 45.406323 11.894352 1
5.61 -8.44 2.05 21.42 3.09 45.406323 11.894352 0
5.33 -8.47 1.92 22.09 3.09 45.406323 11.894352 1
5.63 -7.73 1.41 21.51 3.09 45.406323 11.894352 1
5.8 -7.29 2.09 25.04 3.09 45.406323 11.894352 1
6.53 -7.56 1.67 21.93 3.09 45.406323 11.894352 1
5.59 -7.7 1.69 21.88 3.09 45.406323 11.894352 1
5.61 -8.13 1.95 21.95 3.09 45.406323 11.894352 1
5.65 -8.06 1.98 21.95 3.09 45.406323 11.894352 1
5.9 -7.53 1.67 21.97 3.09 45.406323 11.894352 1
5.88 -7.86 1.88 21.95 3.09 45.406323 11.894352 1
5.9 -7.49 2.12 22.24 3.09 45.406323 11.894352 1
5.79 -8.19 1.69 21.75 3.09 45.406323 11.894352 1
6.62 -8.27 1.75 22.23 3.09 45.406323 11.894352 1
6.28 -7.03 1.58 22.0 3.09 45.406323 11.894352 1
5.9 -7.41 1.98 21.68 3.09 45.406323 11.894352 1
6.22 -8.0 1.66 22.05 2.56 45.406325 11.894389 0
5.48 -6.71 1.13 20.34 2.56 45.406325 11.894389 1
6.68 -6.45 1.21 20.77 2.56 45.406325 11.894389 0
6.5 -12.76 2.1 21.75 2.56 45.406325 11.894389 1
5.78 -7.24 1.36 24.82 2.56 45.406325 11.894389 1
6.37 -5.91 0.74 25.48 2.56 45.406325 11.894389 1
5.7 -11.33 2.36 24.35 2.56 45.406325 11.894389 1
4.5 -6.44 1.44 22.57 2.56 45.406325 11.894389 1
6.61 -8.11 3.25 21.28 2.56 45.406325 11.894389 1
6.69 -12.87 2.08 21.39 2.56 45.406325 11.894389 1
5.76 -8.72 1.56 21.59 2.56 45.406325 11.894389 1
4.63 -5.07 1.07 21.76 2.56 45.406325 11.894389 1
6.45 -7.93 2.69 21.44 2.56 45.406325 11.894389 1
5.64 -5.1 1.4 20.84 2.56 45.406325 11.894389 1
8.02 -8.25 1.62 21.28 2.56 45.406325 11.894389 1
6.94 -9.16 1.55 21.39 2.56 45.406325 11.894389 1
6.36 -8.73 2.08 22.71 2.56 45.406325 11.894389 1
4.63 -6.29 1.73 25.19 2.54 45.406332 11.894423 0
3.74 -4.77 1.7 25.64 2.54 45.406332 11.894423 1
8.18 -7.12 1.92 22.95 2.54 45.406332 11.894423 1
5.94 -11.23 1.62 21.95 2.54 45.406332 11.894423 0
5.88 -10.56 1.17 22.96 2.54 45.406332 11.894423 1
4.8 -6.82 1.91 22.29 2.54 45.406332 11.894423 1
5.35 -6.92 2.31 20.67 2.54 45.406332 11.894423 1
10.72 -10.18 1.05 20.2 2.54 45.406332 11.894423 1
6.31 -8.41 1.36 22.86 2.54 45.406332 11.894423 1
5.76 -7.4 2.09 22.16 2.54 45.406332 11.894423 1
4.96 -6.28 2.42 23.07 2.54 45.406332 11.894423 1
6.24 -6.63 1.85 22.55 2.54 45.406332 11.894423 1
5.79 -6.55 2.24 26.31 2.54 45.406332 11.894423 1
6.86 -9.86 1.23 22.55 2.54 45.406332 11.894423 1
4.8 -7.57 2.19 22.02 2.54 45.406332 11.894423 1
4.65 -7.69 1.49 22.86 2.54 45.406332 11.894423 1
5.46 -8.69 1.41 22.4 2.54 45.406332 11.894423 1
6.0 -7.9 1.94 22.09 2.54 45.406332 11.894423 1
5.6 -7.7 2.08 23.7 1.43 45.406335 11.894449 0
4.43 -8.95 1.82 45.62 1.43 45.406335 11.894449 1
7.24 -7.6 1.8 23.31 1.43 45.406335 11.894449 0
4.5 -6.61 2.68 22.67 1.43 45.406335 11.894449 1
5.77 -7.18 2.13 22.74 1.43 45.406335 11.894449 1
6.32 -7.77 1.95 22.17 1.43 45.406335 11.894449 1
5.56 -7.35 2.22 21.68 1.43 45.406335 11.894449 1
6.36 -7.22 1.4 21.47 1.43 45.406335 11.894449 1
5.29 -10.14 1.26 21.85 1.43 45.406335 11.894449 1
5.66 -7.23 1.17 21.99 1.43 45.406335 11.894449 1
5.14 -7.84 1.58 22.17 1.43 45.406335 11.894449 1
5.68 -8.01 1.54 22.07 1.43 45.406335 11.894449 1
6.22 -8.16 1.54 22.71 1.43 45.406335 11.894449 1
5.41 -7.47 1.76 22.16 1.43 45.406335 11.894449 1
6.12 -8.37 1.71 23.53 1.43 45.406335 11.894449 1
5.57 -6.89 2.2 21.85 1.43 45.406335 11.894449 1
5.97 -8.52 1.62 22.11 1.43 45.406335 11.894449 1
6.39 -8.01 1.11 23.36 1.43 45.406335 11.894449 1
5.93 -7.92 1.38 22.21 2.45 45.406334 11.894481 0
5.44 -6.82 1.77 22.86 2.45 45.406334 11.894481 1
5.74 -9.11 1.64 22.35 2.45 45.406334 11.894481 0
6.4 -8.03 1.89 22.29 2.45 45.406334 11.894481 1
5.32 -7.98 1.56 22.29 2.45 45.406334 11.894481 1
5.5 -8.07 1.53 21.78 2.45 45.406334 11.894481 1
6.22 -7.58 1.7 22.29 2.45 45.406334 11.894481 1
5.86 -7.92 1.99 22.48 2.45 45.406334 11.894481 1
5.58 -7.7 1.85 22.45 2.45 45.406334 11.894481 1
5.85 -7.93 2.05 23.63 2.45 45.406334 11.894481 1
5.82 -7.68 1.8 22.09 2.45 45.406334 11.894481 1
5.96 -8.26 1.72 21.99 2.45 45.406334 11.894481 1
6.04 -8.32 1.76 22.36 2.45 45.406334 11.894481 1
5.25 -8.04 1.88 22.98 2.45 45.406334 11.894481 1
5.49 -7.72 1.74 23.07 2.45 45.406334 11.894481 1
5.9 -7.6 1.73 22.52 2.45 45.406334 11.894481 1
6.07 -7.94 1.71 21.47 2.45 45.406334 11.894481 1
5.89 -8.17 1.7 22.45 1.97 45.406330 11.894513 0
5.91 -8.0 1.69 22.5 1.97 45.406330 11.894513 1
5.44 -7.48 1.87 23.27 1.97 45.406330 11.894513 0
5.85 -7.69 1.81 21.83 1.97 45.406330 11.894513 1
6.22 -7.83 1.51 21.73 1.97 45.406330 11.894513 1
5.81 -7.71 1.77 22.95 1.97 45.406330 11.894513 1
5.72 -8.0 1.94 22.16 1.97 45.406330 11.894513 1
5.49 -8.26 1.89 22.29 1.97 45.406330 11.894513 1
5.4 -8.11 1.47 22.62 1.97 45.406330 11.894513 1
5.8 -7.62 1.76 22.33 1.97 45.406330 11.894513 1
5.91 -7.39 1.38 22.29 1.97 45.406330 11.894513 1
5.75 -7.92 1.66 22.57 1.97 45.406330 11.894513 1
6.17 -8.4 1.61 22.66 1.97 45.406330 11.894513 1
6.11 -7.85 1.37 23.56 1.97 45.406330 11.894513 1
5.41 -7.88 1.26 22.23 1.97 45.406330 11.894513 1
5.45 -8.21 1.04 22.57 1.97 45.406330 11.894513 1
5.8 -7.96 1.62 22.24 1.97 45.406330 11.894513 1
6.12 -8.16 1.85 21.75 1.97 45.406330 11.894513 1
