6.2 -7.96 1.67 22.24 1.63 45.406294 11.893966 0
6.12 -7.56 1.29 22.76 1.63 45.406294 11.893966 1
6.59 -7.29 1.43 21.99 1.63 45.406294 11.893966 1
5.96 -7.54 1.62 22.35 1.63 45.406294 11.893966 1
5.5 -8.19 1.56 22.45 1.63 45.406294 11.893966 1
5.52 -8.23 1.18 23.08 1.63 45.406294 11.893966 1
5.26 -7.91 1.99 24.04 1.63 45.406294 11.893966 1
6.08 -8.19 1.9 22.35 1.63 45.406294 11.893966 1
6.28 -7.89 1.74 22.35 1.63 45.406294 11.893966 1
5.98 -7.97 2.43 22.0 1.63 45.406294 11.893966 1
6.0 -7.47 2.13 21.9 1.63 45.406294 11.893966 1
5.91 -7.89 2.01 21.44 1.63 45.406294 11.893966 0
5.95 -8.09 2.04 22.09 1.63 45.406294 11.893966 1
6.34 -7.69 2.0 22.67 1.63 45.406294 11.893966 0
5.88 -7.6 1.96 23.56 1.63 45.406294 11.893966 1
6.28 -7.09 2.02 23.46 1.63 45.406294 11.893966 1
6.49 -7.41 2.16 22.72 1.63 45.406294 11.893966 1
6.16 -7.49 1.93 22.42 1.63 45.406294 11.893966 1
6.44 -8.34 1.79 21.49 1.63 45.406294 11.893966 1
5.94 -8.7 1.9 22.09 1.63 45.406294 11.893966 1
5.86 -7.87 2.21 22.02 1.63 45.406294 11.893966 1
5.72 -7.12 2.04 22.83 1.63 45.406294 11.893966 1
5.58 -8.56 1.95 21.95 1.63 45.406294 11.893966 1
5.82 -8.2 1.6 22.42 1.63 45.406294 11.893966 1
5.92 -7.79 1.65 21.95 1.63 45.406294 11.893966 1
5.72 -7.6 1.74 26.67 1.63 45.406294 11.893966 1
5.89 -7.93 1.81 21.69 1.63 45.406294 11.893966 1
6.42 -7.94 2.01 23.19 1.63 45.406294 11.893966 1
6.39 -7.78 2.04 22.5 2.16 45.406300 11.893988 0
5.59 -7.22 1.79 22.55 2.16 45.406300 11.893988 1
5.67 -7.44 1.63 23.0 2.16 45.406300 11.893988 0
6.17 -7.61 1.93 22.02 2.16 45.406300 11.893988 1
6.31 -7.41 2.15 21.8 2.16 45.406300 11.893988 1
6.7 -8.18 1.92 21.75 2.16 45.406300 11.893988 1
5.76 -8.86 1.8 21.85 2.16 45.406300 11.893988 1
5.67 -7.92 1.94 25.31 2.16 45.406300 11.893988 1
5.44 -6.78 2.15 21.81 2.16 45.406300 11.893988 1
6.24 -6.82 2.35 22.66 2.16 45.406300 11.893988 1
6.09 -8.35 1.76 22.76 2.16 45.406300 11.893988 1
5.77 -8.87 1.67 23.07 2.16 45.406300 11.893988 1
5.8 -8.21 2.01 23.53 2.16 45.406300 11.893988 1
5.76 -7.29 2.14 22.43 2.16 45.406300 11.893988 1
6.27 -8.1 1.75 21.9 2.16 45.406300 11.893988 1
5.65 -7.84 1.95 23.17 2.16 45.406300 11.893988 1
6.32 -7.15 1.84 22.29 2.16 45.406300 11.893988 1
6.11 -8.13 1.49 22.45 2.16 45.406300 11.893988 1
6.13 -7.26 1.95 21.95 1.56 45.406300 11.894008 0
6.08 -7.8 1.91 21.57 1.56 45.406300 11.894008 1
6.27 -7.85 1.41 24.3 1.56 45.406300 11.894008 0
5.68 -7.74 1.78 25.79 1.56 45.406300 11.894008 1
5.73 -8.09 2.1 22.69 1.56 45.406300 11.894008 1
5.79 -7.82 2.13 22.19 1.56 45.406300 11.894008 1
5.99 -8.68 1.47 22.16 1.56 45.406300 11.894008 1
5.91 -7.72 1.63 22.36 1.56 45.406300 11.894008 1
5.62 -7.72 1.63 23.0 1.56 45.406300 11.894008 1
5.94 -7.3 1.57 22.19 1.56 45.406300 11.894008 1
6.48 -8.03 1.74 24.59 1.56 45.406300 11.894008 1
6.28 -7.28 1.74 22.07 1.56 45.406300 11.894008 1
6.02 -8.03 2.01 24.34 1.56 45.406300 11.894008 1
6.0 -7.65 2.06 22.5 1.56 45.406300 11.894008 1
6.16 -7.74 2.11 22.6 1.56 45.406300 11.894008 1
5.99 -7.05 1.93 22.67 1.56 45.406300 11.894008 1
6.33 -7.86 1.49 22.47 1.56 45.406300 11.894008 1
5.61 -7.91 1.49 22.31 1.62 45.406291 11.894024 0
5.92 -8.29 1.26 23.55 1.62 45.406291 11.894024 1
5.65 -8.31 1.8 22.04 1.62 45.406291 11.894024 0
5.73 -8.04 1.77 22.83 1.62 45.406291 11.894024 1
6.13 -7.38 1.71 23.87 1.62 45.406291 11.894024 1
5.98 -7.8 1.52 22.76 1.62 45.406291 11.894024 1
5.87 -7.51 1.9 22.33 1.62 45.406291 11.894024 1
6.36 -8.18 2.0 21.9 1.62 45.406291 11.894024 1
6.11 -8.16 1.68 21.88 1.62 45.406291 11.894024 1
5.61 -7.59 2.43 23.07 1.62 45.406291 11.894024 1
5.57 -8.09 1.88 22.0 1.62 45.406291 11.894024 1
6.48 -7.67 1.72 22.96 1.62 45.406291 11.894024 1
6.16 -8.17 1.8 22.05 1.62 45.406291 11.894024 1
5.97 -7.44 2.19 22.28 1.62 45.406291 11.894024 1
5.68 -8.21 1.71 22.57 1.62 45.406291 11.894024 1
5.51 -8.06 1.79 22.05 1.62 45.406291 11.894024 1
5.44 -8.08 1.45 22.29 1.62 45.406291 11.894024 1
6.27 -7.03 1.87 22.38 1.62 45.406291 11.894024 1
5.7 -8.3 1.99 21.9 2.16 45.406288 11.894050 0
4.81 -7.71 1.48 22.5 2.16 45.406288 11.894050 1
6.65 -7.89 1.94 22.05 2.16 45.406288 11.894050 0
6.03 -7.71 2.02 21.66 2.16 45.406288 11.894050 1
6.43 -8.31 1.92 21.95 2.16 45.406288 11.894050 1
6.08 -6.9 1.93 22.76 2.16 45.406288 11.894050 1
5.04 -7.38 1.32 22.09 2.16 45.406288 11.894050 1
7.37 -8.12 1.58 22.64 2.16 45.406288 11.894050 1
5.06 -8.43 1.62 21.9 2.16 45.406288 11.894050 1
5.67 -7.66 1.78 22.4 2.16 45.406288 11.894050 1
5.98 -9.3 1.59 22.81 2.16 45.406288 11.894050 1
5.61 -6.93 2.09 22.05 2.16 45.406288 11.894050 1
6.51 -7.57 1.42 22.26 2.16 45.406288 11.894050 1
5.43 -9.15 2.22 22.04 2.16 45.406288 11.894050 1
6.9 -7.46 1.47 23.07 2.16 45.406288 11.894050 1
5.8 -7.16 1.69 22.19 2.16 45.406288 11.894050 1
5.68 -7.56 1.73 22.36 2.16 45.406288 11.894050 1
5.63 -8.24 2.02 22.71 2.31 45.406279 11.894081 0
6.27 -8.09 1.97 22.35 2.31 45.406279 11.894081 1
6.0 -7.53 1.7 22.91 2.31 45.406279 11.894081 0
5.9 -7.85 1.57 21.92 2.31 45.406279 11.894081 1
5.71 -7.73 1.88 22.14 2.31 45.406279 11.894081 1
5.04 -8.65 1.84 21.8 2.31 45.406279 11.894081 1
6.14 -8.14 1.76 21.83 2.31 45.406279 11.894081 1
5.63 -8.2 2.15 21.63 2.31 45.406279 11.894081 1
5.72 -7.84 1.93 23.56 2.31 45.406279 11.894081 1
5.85 -8.51 1.62 22.81 2.31 45.406279 11.894081 1
5.28 -6.46 2.06 23.2 2.31 45.406279 11.894081 1
5.97 -8.48 1.57 22.6 2.31 45.406279 11.894081 1
6.33 -8.16 1.65 21.92 2.31 45.406279 11.894081 1
6.24 -8.16 1.56 21.99 2.31 45.406279 11.894081 1
5.88 -8.02 1.66 22.04 2.31 45.406279 11.894081 1
5.69 -7.36 1.71 21.95 2.31 45.406279 11.894081 1
5.88 -7.89 1.64 21.97 2.31 45.406279 11.894081 1
5.67 -8.07 1.49 22.74 2.31 45.406279 11.894081 1
5.55 -7.78 1.87 21.81 1.58 45.406280 11.894106 0
5.69 -8.01 1.83 22.35 1.58 45.406280 11.894106 1
5.62 -7.9 1.71 21.81 1.58 45.406280 11.894106 0
6.22 -7.75 1.99 21.85 1.58 45.406280 11.894106 1
5.99 -7.75 1.86 25.81 1.58 45.406280 11.894106 1
5.9 -7.83 2.07 21.93 1.58 45.406280 11.894106 1
5.94 -7.41 1.96 22.45 1.58 45.406280 11.894106 1
5.99 -7.84 1.83 22.4 1.58 45.406280 11.894106 1
6.48 -8.11 1.65 22.05 1.58 45.406280 11.894106 1
5.83 -7.82 1.74 22.45 1.58 45.406280 11.894106 1
5.82 -7.76 1.97 22.5 1.58 45.406280 11.894106 1
5.71 -7.9 1.9 22.09 1.58 45.406280 11.894106 1
5.81 -7.93 2.15 22.07 1.58 45.406280 11.894106 1
5.53 -8.22 1.67 22.09 1.58 45.406280 11.894106 1
5.68 -7.83 1.69 22.11 1.58 45.406280 11.894106 1
5.97 -7.94 1.59 22.05 1.58 45.406280 11.894106 1
5.55 -8.03 1.81 21.75 1.58 45.406280 11.894106 1
5.9 -7.32 1.75 22.31 1.81 45.406283 11.894130 0
5.75 -7.82 2.02 21.83 1.81 45.406283 11.894130 1
6.23 -7.86 1.56 21.83 1.81 45.406283 11.894130 0
5.69 -7.55 1.82 21.78 1.81 45.406283 11.894130 1
6.21 -7.88 1.79 21.83 1.81 45.406283 11.894130 1
5.84 -7.79 1.84 22.76 1.81 45.406283 11.894130 1
6.03 -7.85 1.81 21.8 1.81 45.406283 11.894130 1
5.67 -7.95 1.75 21.44 1.81 45.406283 11.894130 1
5.57 -8.36 1.38 21.95 1.81 45.406283 11.894130 1
5.87 -7.92 1.5 21.69 1.81 45.406283 11.894130 1
5.63 -7.65 1.64 22.05 1.81 45.406283 11.894130 1
5.9 -7.76 1.56 22.0 1.81 45.406283 11.894130 1
6.19 -7.82 1.6 22.07 1.81 45.406283 11.894130 1
6.18 -8.08 1.85 22.11 1.81 45.406283 11.894130 1
5.91 -7.47 2.03 22.55 1.81 45.406283 11.894130 1
6.07 -7.89 1.89 21.59 1.81 45.406283 11.894130 1
6.09 -7.79 1.92 21.92 1.81 45.406283 11.894130 1
6.38 -8.01 1.75 21.83 1.81 45.406283 11.894130 1
5.65 -7.74 1.77 21.47 1.66 45.406286 11.894158 0
6.03 -7.8 2.03 22.35 1.66 45.406286 11.894158 1
5.82 -8.08 2.08 21.85 1.66 45.406286 11.894158 0
5.51 -7.69 1.82 22.24 1.66 45.406286 11.894158 1
5.96 -8.28 1.82 21.78 1.66 45.406286 11.894158 1
5.77 -8.14 1.87 22.24 1.66 45.406286 11.894158 1
5.97 -7.95 1.63 21.51 1.66 45.406286 11.894158 1
5.67 -8.17 1.78 22.43 1.66 45.406286 11.894158 1
6.14 -7.72 1.68 23.12 1.66 45.406286 11.894158 1
6.03 -7.46 1.87 22.5 1.66 45.406286 11.894158 1
6.33 -7.85 1.71 22.05 1.66 45.406286 11.894158 1
6.27 -7.99 1.79 22.02 1.66 45.406286 11.894158 1
5.66 -7.78 1.87 22.11 1.66 45.406286 11.894158 1
5.93 -7.8 1.48 22.55 1.66 45.406286 11.894158 1
5.81 -7.84 1.76 22.5 1.66 45.406286 11.894158 1
5.92 -8.13 1.64 22.19 1.66 45.406286 11.894158 1
5.57 -7.96 1.55 22.47 1.66 45.406286 11.894158 1
5.71 -8.06 1.6 21.68 2.15 45.406288 11.894190 0
5.83 -7.81 1.75 22.04 2.15 45.406288 11.894190 1
6.14 -7.87 2.17 22.45 2.15 45.406288 11.894190 0
5.86 -7.97 1.71 21.95 2.15 45.406288 11.894190 1
6.07 -7.53 1.71 22.67 2.15 45.406288 11.894190 1
5.96 -8.06 1.53 21.8 2.15 45.406288 11.894190 1
5.87 -7.83 2.05 22.21 2.15 45.406288 11.894190 1
6.11 -7.8 1.79 22.21 2.15 45.406288 11.894190 1
5.71 -7.53 1.71 23.7 2.15 45.406288 11.894190 1
5.7 -7.58 1.81 22.19 2.15 45.406288 11.894190 1
5.84 -7.91 1.75 22.55 2.15 45.406288 11.894190 1
5.79 -7.94 1.78 23.75 2.15 45.406288 11.894190 1
5.75 -8.17 1.89 22.07 2.15 45.406288 11.894190 1
5.69 -8.1 1.69 22.16 2.15 45.406288 11.894190 1
5.83 -7.84 1.58 22.6 2.15 45.406288 11.894190 1
5.99 -7.98 1.73 22.91 2.15 45.406288 11.894190 1
5.86 -7.65 1.37 22.43 2.15 45.406288 11.894190 1
6.11 -7.97 1.94 22.62 2.15 45.406288 11.894190 1
5.74 -7.53 2.15 22.0 2.05 45.406296 11.894220 0
6.03 -7.71 2.12 23.1 2.05 45.406296 11.894220 1
5.86 -7.64 1.77 22.35 2.05 45.406296 11.894220 0
5.95 -7.88 1.56 22.35 2.05 45.406296 11.894220 1
5.88 -7.74 2.0 22.48 2.05 45.406296 11.894220 1
5.87 -7.92 1.57 22.04 2.05 45.406296 11.894220 1
5.69 -8.02 1.62 21.93 2.05 45.406296 11.894220 1
5.66 -8.01 1.62 21.93 2.05 45.406296 11.894220 1
5.54 -8.03 1.86 22.14 2.05 45.406296 11.894220 1
5.92 -7.76 1.91 21.75 2.05 45.406296 11.894220 1
6.02 -8.03 1.69 22.21 2.05 45.406296 11.894220 1
5.88 -7.99 1.61 21.78 2.05 45.406296 11.894220 1
6.16 -7.99 1.6 22.57 2.05 45.406296 11.894220 1
5.95 -7.75 1.8 22.12 2.05 45.406296 11.894220 1
5.87 -8.05 1.86 22.11 2.05 45.406296 11.894220 1
5.44 -7.98 2.01 22.14 2.05 45.406296 11.894220 1
5.9 -7.68 2.09 22.4 2.05 45.406296 11.894220 1
5.74 -7.93 2.08 21.45 3.05 45.406300 11.894262 0
5.77 -8.22 1.91 22.36 3.05 45.406300 11.894262 1
5.72 -7.89 1.78 22.45 3.05 45.406300 11.894262 0
5.46 -8.1 1.95 22.04 3.05 45.406300 11.894262 1
5.65 -7.64 1.97 22.48 3.05 45.406300 11.894262 1
5.54 -7.56 2.03 21.83 3.05 45.406300 11.894262 1
6.08 -8.24 1.69 22.91 3.05 45.406300 11.894262 1
6.13 -8.34 1.75 22.29 3.05 45.406300 11.894262 1
5.82 -7.6 1.81 23.63 3.05 45.406300 11.894262 1
5.43 -7.54 1.64 22.98 3.05 45.406300 11.894262 1
5.77 -7.37 1.66 21.97 3.05 45.406300 11.894262 1
5.66 -7.33 1.89 21.69 3.05 45.406300 11.894262 1
5.77 -9.62 2.31 21.69 3.05 45.406300 11.894262 1
7.12 -8.95 -0.53 21.66 3.05 45.406300 11.894262 1
4.74 -6.68 1.99 22.4 3.05 45.406300 11.894262 1
5.57 -7.47 1.74 22.47 3.05 45.406300 11.894262 1
5.77 -7.71 1.28 21.64 3.05 45.406300 11.894262 1
6.18 -7.52 1.73 21.25 3.05 45.406300 11.894262 1
6.03 -8.83 1.69 21.63 2.46 45.406298 11.894299 0
5.91 -7.75 1.73 21.93 2.46 45.406298 11.894299 1
6.29 -7.54 1.83 21.85 2.46 45.406298 11.894299 0
5.39 -7.14 1.97 21.8 2.46 45.406298 11.894299 1
6.18 -7.87 1.86 21.69 2.46 45.406298 11.894299 1
6.21 -7.85 1.85 21.88 2.46 45.406298 11.894299 1
5.94 -8.69 1.76 21.88 2.46 45.406298 11.894299 1
5.41 -8.02 1.87 21.68 2.46 45.406298 11.894299 1
5.39 -7.26 1.63 21.64 2.46 45.406298 11.894299 1
5.56 -7.94 1.73 21.54 2.46 45.406298 11.894299 1
6.04 -8.0 2.47 21.81 2.46 45.406298 11.894299 1
5.78 -7.67 1.86 21.64 2.46 45.406298 11.894299 1
6.45 -7.97 1.75 22.29 2.46 45.406298 11.894299 1
5.65 -7.48 1.91 23.22 2.46 45.406298 11.894299 1
5.56 -7.87 1.69 23.43 2.46 45.406298 11.894299 1
6.09 -7.97 1.82 22.52 2.46 45.406298 11.894299 1
5.51 -7.62 1.69 21.64 2.46 45.406298 11.894299 1
5.74 -8.24 1.75 21.49 1.25 45.406306 11.894316 0
5.62 -8.59 1.58 21.54 1.25 45.406306 11.894316 1
5.4 -7.63 1.73 23.07 1.25 45.406306 11.894316 0
5.09 -7.07 1.77 21.73 1.25 45.406306 11.894316 1
5.65 -5.54 1.54 21.13 1.25 45.406306 11.894316 1
10.21 -8.87 2.05 20.51 1.25 45.406306 11.894316 1
5.95 -12.06 1.68 21.93 1.25 45.406306 11.894316 1
5.16 -7.2 1.55 25.26 1.25 45.406306 11.894316 1
5.3 -5.49 0.8 25.74 1.25 45.406306 11.894316 1
3.21 -4.81 1.42 23.98 1.25 45.406306 11.894316 1
5.7 -11.95 6.5 22.09 1.25 45.406306 11.894316 1
3.85 -13.66 1.05 20.41 1.25 45.406306 11.894316 1
6.88 -9.8 1.71 21.51 1.25 45.406306 11.894316 1
5.75 -7.61 1.85 22.4 1.25 45.406306 11.894316 1
4.37 -4.55 1.67 27.17 1.25 45.406306 11.894316 1
5.29 -6.48 0.29 22.81 1.25 45.406306 11.894316 1
6.61 -7.35 1.84 20.56 1.25 45.406306 11.894316 1
6.94 -9.55 2.42 20.22 1.25 45.406306 11.894316 1
5.93 -8.64 1.65 22.6 2.57 45.406314 11.894351 0
4.48 -6.93 2.06 24.35 2.57 45.406314 11.894351 1
3.97 -3.76 1.6 23.67 2.57 45.406314 11.894351 0
7.71 -7.25 2.38 23.8 2.57 45.406314 11.894351 1
5.52 -10.41 1.22 22.76 2.57 45.406314 11.894351 1
6.56 -8.74 2.32 22.42 2.57 45.406314 11.894351 1
4.61 -7.62 1.99 21.2 2.57 45.406314 11.894351 1
5.09 -8.0 1.62 20.13 2.57 45.406314 11.894351 1
10.08 -8.32 1.49 21.81 2.57 45.406314 11.894351 1
6.68 -7.88 1.39 23.39 2.57 45.406314 11.894351 1
5.13 -7.0 1.3 23.14 2.57 45.406314 11.894351 1
5.44 -7.53 1.41 22.4 2.57 45.406314 11.894351 1
4.9 -5.89 2.34 23.77 2.57 45.406314 11.894351 1
6.17 -9.86 2.55 22.04 2.57 45.406314 11.894351 1
6.86 -8.14 2.05 22.07 2.57 45.406314 11.894351 1
4.57 -7.41 0.83 22.93 2.57 45.406314 11.894351 1
5.75 -8.36 1.69 21.93 2.57 45.406314 11.894351 1
5.85 -7.86 1.74 21.28 2.99 45.406318 11.894391 0
6.65 -7.54 1.98 21.76 2.99 45.406318 11.894391 1
4.76 -9.56 1.67 21.8 2.99 45.406318 11.894391 0
6.53 -7.74 2.46 21.87 2.99 45.406318 11.894391 1
5.05 -6.51 1.78 22.64 2.99 45.406318 11.894391 1
5.56 -7.88 1.96 22.79 2.99 45.406318 11.894391 1
6.7 -7.04 1.61 22.21 2.99 45.406318 11.894391 1
6.04 -7.54 1.85 21.71 2.99 45.406318 11.894391 1
6.53 -8.58 1.75 21.33 2.99 45.406318 11.894391 1
5.15 -9.04 1.93 21.97 2.99 45.406318 11.894391 1
5.37 -7.02 1.79 22.0 2.99 45.406318 11.894391 1
5.07 -7.85 1.5 21.33 2.99 45.406318 11.894391 1
5.78 -7.66 2.15 21.23 2.99 45.406318 11.894391 1
6.17 -8.4 1.41 21.54 2.99 45.406318 11.894391 1
5.15 -7.92 1.5 22.21 2.99 45.406318 11.894391 1
6.19 -6.94 1.78 22.4 2.99 45.406318 11.894391 1
5.68 -7.04 1.25 22.66 2.99 45.406318 11.894391 1
5.73 -7.98 1.78 23.2 2.99 45.406318 11.894391 1
6.3 -8.28 1.99 21.81 1.6 45.406320 11.894421 0
5.25 -7.44 2.1 22.62 1.6 45.406320 11.894421 1
5.98 -8.73 1.17 24.03 1.6 45.406320 11.894421 0
6.03 -8.25 1.73 23.58 1.6 45.406320 11.894421 1
5.83 -7.97 1.75 22.31 1.6 45.406320 11.894421 1
5.39 -8.23 1.5 21.9 1.6 45.406320 11.894421 1
5.85 -8.06 1.76 21.93 1.6 45.406320 11.894421 1
6.02 -7.86 1.91 22.14 1.6 45.406320 11.894421 1
5.61 -7.86 1.68 22.45 1.6 45.406320 11.894421 1
5.95 -8.05 1.74 22.86 1.6 45.406320 11.894421 1
5.95 -7.51 1.74 22.6 1.6 45.406320 11.894421 1
5.98 -7.87 1.61 21.97 1.6 45.406320 11.894421 1
6.13 -8.4 1.78 22.43 1.6 45.406320 11.894421 1
5.79 -8.02 1.63 22.14 1.6 45.406320 11.894421 1
5.39 -8.03 1.68 22.09 1.6 45.406320 11.894421 1
5.61 -7.57 1.71 23.31 1.6 45.406320 11.894421 1
5.97 -7.91 2.01 21.75 1.6 45.406320 11.894421 1
5.93 -8.12 1.64 22.0 2.01 45.406321 11.894451 0
5.88 -7.83 1.65 21.97 2.01 45.406321 11.894451 1
5.53 -7.5 1.79 22.04 2.01 45.406321 11.894451 1
5.74 -7.95 1.7 22.0 2.01 45.406321 11.894451 0
5.93 -7.7 1.82 22.33 2.01 45.406321 11.894451 1
5.68 -8.18 1.68 21.69 2.01 45.406321 11.894451 1
5.91 -7.97 1.79 22.24 2.01 45.406321 11.894451 1
5.57 -7.94 1.83 21.93 2.01 45.406321 11.894451 1
5.65 -7.93 1.92 22.5 2.01 45.406321 11.894451 1
5.56 -7.73 1.63 22.19 2.01 45.406321 11.894451 1
5.57 -7.74 1.63 22.18 2.01 45.406321 11.894451 1
5.57 -7.73 1.63 22.2 2.01 45.406321 11.894451 1
5.56 -7.73 1.63 22.19 2.01 45.406321 11.894451 1
5.57 -7.74 1.63 22.19 2.01 45.406321 11.894451 1
5.57 -7.72 1.63 22.18 2.01 45.406321 11.894451 1
5.55 -7.73 1.64 22.2 2.01 45.406321 11.894451 1
5.56 -7.72 1.63 22.19 2.01 45.406321 11.894451 1
5.55 -7.72 1.64 22.2 2.01 45.406321 11.894451 1
5.55 -7.74 1.63 22.19 2.01 45.406321 11.894451 1
5.55 -7.73 1.64 22.19 2.01 45.406321 11.894451 1
5.56 -7.72 1.63 22.19 2.01 45.406321 11.894451 1
5.56 -7.72 1.63 22.2 2.01 45.406321 11.894451 1
5.56 -7.74 1.64 22.19 2.01 45.406321 11.894451 1
5.56 -7.72 1.64 22.2 2.01 45.406321 11.894451 1
5.56 -7.74 1.63 22.2 2.01 45.406321 11.894451 1
5.55 -7.72 1.62 22.19 2.01 45.406321 11.894451 1
5.55 -7.73 1.64 22.19 2.01 45.406321 11.894451 1
5.56 -7.73 1.62 22.18 2.01 45.406321 11.894451 1
5.55 -7.74 1.62 22.19 2.01 45.406321 11.894451 1
5.57 -7.73 1.63 22.19 2.01 45.406321 11.894451 1
5.56 -7.74 1.63 22.19 2.01 45.406321 11.894451 1
5.57 -7.73 1.62 22.19 2.01 45.406321 11.894451 1
5.57 -7.72 1.62 22.19 2.01 45.406321 11.894451 1
5.57 -7.74 1.63 22.19 2.01 45.406321 11.894451 1
5.56 -7.72 1.62 22.18 2.01 45.406321 11.894451 1
5.55 -7.74 1.63 22.19 2.01 45.406321 11.894451 1
5.57 -7.74 1.63 22.18 2.01 45.406321 11.894451 1
5.55 -7.73 1.63 22.19 2.01 45.406321 11.894451 1
5.56 -7.72 1.63 22.19 2.01 45.406321 11.894451 1
5.56 -7.74 1.64 22.2 2.01 45.406321 11.894451 1
5.55 -7.73 1.64 22.19 2.01 45.406321 11.894451 1
5.56 -7.72 1.62 22.19 2.01 45.406321 11.894451 1
