5.57 -7.86 2.36 21.35 2.28 45.406327 11.894075 0
5.73 -7.95 1.64 22.35 2.28 45.406327 11.894075 1
5.11 -7.92 1.89 22.16 2.28 45.406327 11.894075 1
5.12 -7.93 1.71 23.34 2.28 45.406327 11.894075 1
6.0 -7.73 2.3 22.48 2.28 45.406327 11.894075 1
6.29 -7.58 2.48 22.55 2.28 45.406327 11.894075 1
6.37 -7.12 1.25 22.55 2.28 45.406327 11.894075 1
6.34 -7.37 1.51 22.98 2.28 45.406327 11.894075 1
6.02 -7.58 2.27 23.36 2.28 45.406327 11.894075 1
6.34 -7.48 2.06 22.33 2.28 45.406327 11.894075 1
5.98 -7.22 1.98 21.87 2.28 45.406327 11.894075 1
6.11 -7.66 2.02 22.33 2.28 45.406327 11.894075 0
5.9 -8.43 1.67 21.8 2.28 45.406327 11.894075 1
5.71 -8.08 1.67 22.29 2.28 45.406327 11.894075 0
5.47 -8.0 1.53 22.43 2.28 45.406327 11.894075 1
5.58 -7.64 1.44 22.29 2.28 45.406327 11.894075 1
5.6 -8.26 1.5 22.24 2.28 45.406327 11.894075 1
5.9 -7.94 1.78 22.59 2.28 45.406327 11.894075 1
6.27 -7.79 1.88 23.26 2.28 45.406327 11.894075 1
6.24 -7.67 1.56 22.55 2.28 45.406327 11.894075 1
6.0 -7.56 1.81 22.6 2.28 45.406327 11.894075 1
6.06 -7.97 1.53 22.5 2.28 45.406327 11.894075 1
6.35 -7.47 1.93 22.05 2.28 45.406327 11.894075 1
6.1 -7.94 2.01 22.5 2.28 45.406327 11.894075 1
5.96 -7.59 1.78 22.55 2.28 45.406327 11.894075 1
5.82 -7.71 1.92 22.19 2.28 45.406327 11.894075 1
5.74 -8.06 1.53 22.95 2.28 45.406327 11.894075 1
5.54 -8.01 1.87 21.85 2.28 45.406327 11.894075 1
6.0 -8.29 1.75 23.03 2.2 45.406337 11.894089 0
5.77 -7.99 1.64 22.9 2.2 45.406337 11.894089 1
6.14 -7.95 1.53 22.48 2.2 45.406337 11.894089 0
5.42 -7.8 1.82 22.9 2.2 45.406337 11.894089 1
6.25 -7.86 1.75 22.43 2.2 45.406337 11.894089 1
5.87 -7.91 1.97 21.87 2.2 45.406337 11.894089 1
6.13 -7.63 1.92 22.86 2.2 45.406337 11.894089 1
5.91 -8.23 1.71 21.93 2.2 45.406337 11.894089 1
6.01 -7.72 2.08 22.28 2.2 45.406337 11.894089 1
5.76 -7.92 1.81 22.81 2.2 45.406337 11.894089 1
5.43 -8.3 2.14 22.38 2.2 45.406337 11.894089 1
5.25 -7.95 1.97 22.54 2.2 45.406337 11.894089 1
5.49 -7.7 2.03 22.64 2.2 45.406337 11.894089 1
5.79 -7.8 1.91 23.07 2.2 45.406337 11.894089 1
5.54 -8.0 1.85 22.05 2.2 45.406337 11.894089 1
5.91 -7.85 1.83 22.04 2.2 45.406337 11.894089 1
5.98 -8.24 1.97 23.15 2.2 45.406337 11.894089 1
6.42 -7.17 2.1 22.28 2.2 45.406337 11.894089 1
5.97 -7.89 1.8 21.92 2.16 45.406347 11.894100 0
5.52 -7.86 1.33 22.36 2.16 45.406347 11.894100 1
5.89 -7.83 1.47 23.77 2.16 45.406347 11.894100 0
5.65 -7.87 1.38 23.75 2.16 45.406347 11.894100 1
5.61 -8.0 1.39 22.07 2.16 45.406347 11.894100 1
5.74 -7.81 1.58 22.07 2.16 45.406347 11.894100 1
5.55 -7.86 1.63 21.81 2.16 45.406347 11.894100 1
5.76 -8.26 1.88 21.9 2.16 45.406347 11.894100 1
5.69 -8.09 1.85 22.81 2.16 45.406347 11.894100 1
5.75 -7.78 1.86 22.09 2.16 45.406347 11.894100 1
5.85 -8.04 1.67 22.04 2.16 45.406347 11.894100 1
5.6 -7.63 1.89 24.68 2.16 45.406347 11.894100 1
5.96 -7.97 1.96 22.45 2.16 45.406347 11.894100 1
5.83 -8.08 1.84 22.05 2.16 45.406347 11.894100 1
5.43 -7.54 2.07 22.54 2.16 45.406347 11.894100 1
5.66 -7.96 1.76 22.09 2.16 45.406347 11.894100 1
5.73 -7.83 2.09 21.95 2.16 45.406347 11.894100 1
5.91 -8.14 2.24 21.73 2.64 45.406345 11.894134 0
5.82 -8.19 1.85 22.36 2.64 45.406345 11.894134 1
5.56 -8.09 1.77 22.88 2.64 45.406345 11.894134 0
5.6 -7.41 1.82 22.09 2.64 45.406345 11.894134 1
6.04 -8.09 1.89 21.87 2.64 45.406345 11.894134 1
5.73 -7.84 1.79 25.48 2.64 45.406345 11.894134 1
5.82 -8.2 2.0 21.76 2.64 45.406345 11.894134 1
6.12 -8.03 1.89 23.19 2.64 45.406345 11.894134 1
5.32 -7.97 1.71 21.97 2.64 45.406345 11.894134 1
5.97 -7.64 1.75 22.54 2.64 45.406345 11.894134 1
6.04 -8.21 1.64 22.84 2.64 45.406345 11.894134 1
5.86 -7.81 1.76 22.54 2.64 45.406345 11.894134 1
5.6 -7.84 1.59 23.32 2.64 45.406345 11.894134 1
5.74 -7.36 1.61 22.93 2.64 45.406345 11.894134 1
5.54 -8.15 1.87 22.04 2.64 45.406345 11.894134 1
6.19 -7.87 1.83 22.09 2.64 45.406345 11.894134 1
5.64 -7.77 1.77 22.43 2.64 45.406345 11.894134 1
5.66 -8.05 1.77 26.93 2.64 45.406345 11.894134 1
5.62 -7.87 1.78 22.43 2.2 45.406343 11.894158 0
5.55 -7.4 1.81 21.83 2.2 45.406343 11.894158 1
5.54 -9.75 1.55 22.54 2.2 45.406343 11.894158 0
6.13 -7.98 2.05 22.76 2.2 45.406343 11.894158 1
4.96 -7.63 1.78 21.93 2.2 45.406343 11.894158 1
5.56 -7.82 1.89 22.21 2.2 45.406343 11.894158 1
5.85 -7.67 1.77 25.48 2.2 45.406343 11.894158 1
5.63 -6.14 1.93 21.08 2.2 45.406343 11.894158 1
5.95 -9.1 1.95 21.59 2.2 45.406343 11.894158 1
5.61 -8.36 1.9 22.52 2.2 45.406343 11.894158 1
6.1 -8.41 1.77 22.47 2.2 45.406343 11.894158 1
4.77 -7.18 2.04 22.81 2.2 45.406343 11.894158 1
5.55 -6.99 1.93 23.31 2.2 45.406343 11.894158 1
6.65 -8.19 1.65 22.59 2.2 45.406343 11.894158 1
6.09 -7.64 1.77 21.13 2.2 45.406343 11.894158 1
6.56 -9.64 1.29 21.73 2.2 45.406343 11.894158 1
5.81 -9.35 1.79 22.48 2.2 45.406343 11.894158 1
5.92 -6.91 0.86 26.03 2.31 45.406344 11.894185 0
5.37 -7.48 1.88 22.91 2.31 45.406344 11.894185 1
5.61 -8.04 1.63 22.4 2.31 45.406344 11.894185 0
5.65 -8.74 1.57 21.93 2.31 45.406344 11.894185 1
5.43 -7.61 1.94 26.1 2.31 45.406344 11.894185 1
5.42 -7.93 1.5 21.97 2.31 45.406344 11.894185 1
5.89 -7.84 1.63 23.39 2.31 45.406344 11.894185 1
6.02 -7.42 2.05 22.5 2.31 45.406344 11.894185 1
5.7 -8.14 1.71 21.57 2.31 45.406344 11.894185 1
6.38 -7.5 1.77 23.77 2.31 45.406344 11.894185 1
6.16 -7.91 2.15 21.83 2.31 45.406344 11.894185 1
6.49 -8.02 1.51 22.28 2.31 45.406344 11.894185 1
5.88 -7.9 2.07 22.35 2.31 45.406344 11.894185 1
5.61 -6.41 2.54 22.21 2.31 45.406344 11.894185 1
5.83 -8.54 2.12 22.4 2.31 45.406344 11.894185 1
5.96 -8.02 2.11 22.04 2.31 45.406344 11.894185 1
5.58 -8.16 1.73 21.68 2.31 45.406344 11.894185 1
5.4 -7.59 1.6 22.35 2.31 45.406344 11.894185 1
5.69 -7.77 1.69 21.78 1.39 45.406350 11.894193 0
5.97 -7.8 1.85 21.42 1.39 45.406350 11.894193 1
6.42 -8.22 1.87 21.81 1.39 45.406350 11.894193 0
6.15 -7.47 1.74 23.17 1.39 45.406350 11.894193 1
5.86 -7.66 1.58 22.4 1.39 45.406350 11.894193 1
5.76 -7.36 1.62 22.28 1.39 45.406350 11.894193 1
6.34 -7.93 1.45 22.83 1.39 45.406350 11.894193 1
6.04 -7.64 1.96 22.83 1.39 45.406350 11.894193 1
5.9 -8.02 1.62 22.09 1.39 45.406350 11.894193 1
5.84 -7.88 1.76 22.5 1.39 45.406350 11.894193 1
5.63 -8.23 1.57 22.09 1.39 45.406350 11.894193 1
5.86 -7.85 1.86 22.16 1.39 45.406350 11.894193 1
5.84 -7.89 1.76 22.19 1.39 45.406350 11.894193 1
6.23 -7.87 1.69 24.22 1.39 45.406350 11.894193 1
5.97 -7.83 2.01 22.09 1.39 45.406350 11.894193 1
6.33 -7.75 1.61 21.64 1.39 45.406350 11.894193 1
6.04 -7.59 2.05 21.87 1.39 45.406350 11.894193 1
6.11 -8.03 1.84 22.4 1.22 45.406351 11.894206 0
6.08 -7.67 1.92 21.81 1.22 45.406351 11.894206 1
5.91 -7.93 1.94 22.17 1.22 45.406351 11.894206 0
5.68 -7.92 1.95 21.9 1.22 45.406351 11.894206 1
6.61 -8.34 1.96 22.35 1.22 45.406351 11.894206 1
5.25 -7.73 1.89 21.57 1.22 45.406351 11.894206 1
5.73 -7.61 1.63 22.54 1.22 45.406351 11.894206 1
6.05 -7.67 1.99 21.73 1.22 45.406351 11.894206 1
5.89 -7.96 2.04 21.42 1.22 45.406351 11.894206 1
5.84 -8.41 1.83 22.14 1.22 45.406351 11.894206 1
5.73 -7.24 1.59 22.21 1.22 45.406351 11.894206 1
5.87 -7.71 1.37 22.0 1.22 45.406351 11.894206 1
5.94 -8.18 1.37 21.47 1.22 45.406351 11.894206 1
6.53 -8.22 1.74 21.52 1.22 45.406351 11.894206 1
6.01 -7.72 1.55 22.07 1.22 45.406351 11.894206 1
5.61 -7.61 1.78 22.62 1.22 45.406351 11.894206 1
5.69 -7.79 1.69 22.0 1.22 45.406351 11.894206 1
5.7 -7.84 1.67 21.47 1.22 45.406351 11.894206 1
5.94 -8.41 1.81 21.4 0.79 45.406346 11.894215 0
5.79 -7.97 1.76 21.44 0.79 45.406346 11.894215 1
5.84 -7.92 1.79 21.57 0.79 45.406346 11.894215 0
5.71 -7.64 1.81 22.02 0.79 45.406346 11.894215 1
5.73 -7.97 1.73 21.88 0.79 45.406346 11.894215 1
6.38 -7.7 1.84 21.37 0.79 45.406346 11.894215 1
6.05 -7.83 1.72 21.42 0.79 45.406346 11.894215 1
5.95 -7.89 1.73 22.07 0.79 45.406346 11.894215 1
5.61 -7.79 1.81 22.6 0.79 45.406346 11.894215 1
5.88 -7.7 2.15 22.45 0.79 45.406346 11.894215 1
5.81 -8.33 2.08 22.45 0.79 45.406346 11.894215 1
5.88 -8.02 1.98 22.14 0.79 45.406346 11.894215 1
5.9 -8.3 1.91 22.62 0.79 45.406346 11.894215 1
5.83 -7.55 1.75 22.11 0.79 45.406346 11.894215 1
5.68 -8.26 2.09 22.09 0.79 45.406346 11.894215 1
6.04 -7.81 1.89 22.12 0.79 45.406346 11.894215 1
6.01 -7.97 1.7 23.1 0.79 45.406346 11.894215 1
5.78 -7.95 1.72 22.24 1.86 45.406346 11.894247 0
5.72 -7.56 1.95 22.0 1.86 45.406346 11.894247 1
5.82 -7.81 2.07 22.0 1.86 45.406346 11.894247 0
5.6 -7.9 1.7 22.4 1.86 45.406346 11.894247 1
5.63 -7.8 1.57 21.88 1.86 45.406346 11.894247 1
5.58 -7.91 1.8 21.87 1.86 45.406346 11.894247 1
5.6 -7.95 1.75 21.81 1.86 45.406346 11.894247 1
5.45 -7.97 1.65 23.99 1.86 45.406346 11.894247 1
5.59 -7.78 1.7 21.85 1.86 45.406346 11.894247 1
5.87 -7.76 1.68 22.05 1.86 45.406346 11.894247 1
5.88 -7.84 1.76 22.57 1.86 45.406346 11.894247 1
5.85 -7.88 2.1 22.59 1.86 45.406346 11.894247 1
5.67 -8.06 2.14 22.09 1.86 45.406346 11.894247 1
5.79 -7.84 2.26 22.96 1.86 45.406346 11.894247 1
5.48 -7.79 2.02 22.05 1.86 45.406346 11.894247 1
5.83 -8.0 1.75 22.04 1.86 45.406346 11.894247 1
5.67 -8.09 1.91 22.4 1.86 45.406346 11.894247 1
5.71 -7.5 2.05 22.33 1.86 45.406346 11.894247 1
5.67 -7.9 1.86 22.33 2.5 45.406348 11.894283 0
6.13 -7.71 1.81 21.92 2.5 45.406348 11.894283 1
5.84 -8.07 1.9 22.43 2.5 45.406348 11.894283 0
5.68 -7.86 1.73 22.38 2.5 45.406348 11.894283 1
5.75 -7.81 1.75 21.87 2.5 45.406348 11.894283 1
5.99 -8.04 1.74 21.87 2.5 45.406348 11.894283 1
5.8 -8.01 1.82 21.88 2.5 45.406348 11.894283 1
5.8 -7.96 1.78 22.09 2.5 45.406348 11.894283 1
5.67 -8.06 1.73 22.17 2.5 45.406348 11.894283 1
5.8 -7.83 1.9 22.21 2.5 45.406348 11.894283 1
5.82 -8.07 1.66 23.41 2.5 45.406348 11.894283 1
6.03 -7.99 1.77 22.14 2.5 45.406348 11.894283 1
5.71 -7.98 1.63 22.19 2.5 45.406348 11.894283 1
5.62 -7.99 2.0 22.14 2.5 45.406348 11.894283 1
5.61 -7.59 2.04 22.52 2.5 45.406348 11.894283 1
5.68 -8.11 1.98 22.0 2.5 45.406348 11.894283 1
5.83 -8.11 1.89 22.33 2.5 45.406348 11.894283 1
5.96 -7.79 1.82 21.93 2.91 45.406349 11.894322 0
5.54 -8.1 1.77 21.95 2.91 45.406349 11.894322 1
5.69 -7.65 1.61 22.07 2.91 45.406349 11.894322 0
5.14 -7.42 1.97 22.59 2.91 45.406349 11.894322 1
6.04 -8.43 2.11 22.14 2.91 45.406349 11.894322 1
5.96 -8.05 2.36 24.94 2.91 45.406349 11.894322 1
5.72 -7.46 1.74 22.5 2.91 45.406349 11.894322 1
5.48 -7.23 1.91 22.84 2.91 45.406349 11.894322 1
6.02 -7.06 1.85 23.03 2.91 45.406349 11.894322 1
6.76 -8.56 1.88 22.09 2.91 45.406349 11.894322 1
5.83 -8.14 1.42 21.93 2.91 45.406349 11.894322 1
5.89 -8.65 1.07 22.31 2.91 45.406349 11.894322 1
5.01 -7.22 1.78 21.93 2.91 45.406349 11.894322 1
5.63 -7.31 1.73 22.04 2.91 45.406349 11.894322 1
6.13 -8.05 2.0 21.63 2.91 45.406349 11.894322 1
6.03 -7.8 1.87 21.8 2.91 45.406349 11.894322 1
5.51 -8.69 1.58 21.68 2.91 45.406349 11.894322 1
5.8 -8.23 1.64 21.83 2.91 45.406349 11.894322 1
5.69 -7.87 1.98 22.09 1.83 45.406349 11.894344 0
5.61 -7.49 1.71 22.35 1.83 45.406349 11.894344 1
5.9 -7.66 1.74 21.78 1.83 45.406349 11.894344 0
6.19 -7.72 1.74 21.63 1.83 45.406349 11.894344 1
5.57 -8.36 1.87 21.97 1.83 45.406349 11.894344 1
6.03 -7.99 1.75 22.14 1.83 45.406349 11.894344 1
5.4 -8.16 1.81 21.63 1.83 45.406349 11.894344 1
5.31 -7.71 1.73 21.35 1.83 45.406349 11.894344 1
5.71 -8.26 1.95 22.19 1.83 45.406349 11.894344 1
6.19 -8.06 1.76 21.92 1.83 45.406349 11.894344 1
5.76 -8.08 2.09 22.19 1.83 45.406349 11.894344 1
5.77 -7.75 1.94 23.31 1.83 45.406349 11.894344 1
5.85 -6.94 2.28 23.96 1.83 45.406349 11.894344 1
5.57 -7.74 1.75 28.95 1.83 45.406349 11.894344 1
6.19 -8.59 1.56 21.99 1.83 45.406349 11.894344 1
5.56 -7.81 1.89 21.25 1.83 45.406349 11.894344 1
5.37 -8.89 1.79 21.11 1.83 45.406349 11.894344 1
5.82 -7.91 1.94 21.69 2.41 45.406350 11.894379 0
5.44 -7.28 1.81 22.54 2.41 45.406350 11.894379 1
4.92 -7.21 1.43 21.73 2.41 45.406350 11.894379 0
5.67 -6.55 1.27 21.08 2.41 45.406350 11.894379 1
10.36 -8.4 0.73 20.84 2.41 45.406350 11.894379 1
6.66 -12.01 2.57 21.99 2.41 45.406350 11.894379 1
5.96 -7.42 2.08 25.18 2.41 45.406350 11.894379 1
4.77 -7.0 1.68 25.67 2.41 45.406350 11.894379 1
2.66 -5.78 1.57 23.41 2.41 45.406350 11.894379 1
10.54 -9.39 7.83 21.52 2.41 45.406350 11.894379 1
5.41 -14.58 3.9 20.61 2.41 45.406350 11.894379 1
6.47 -11.81 2.55 21.57 2.41 45.406350 11.894379 1
4.8 -7.04 1.78 22.29 2.41 45.406350 11.894379 1
3.7 -3.3 1.78 23.89 2.41 45.406350 11.894379 1
6.25 -8.28 1.28 22.48 2.41 45.406350 11.894379 1
4.72 -4.68 1.72 20.51 2.41 45.406350 11.894379 1
8.39 -10.53 2.07 21.06 2.41 45.406350 11.894379 1
6.28 -8.45 1.32 21.08 2.41 45.406350 11.894379 1
4.55 -8.1 2.32 23.94 2.24 45.406351 11.894409 0
5.67 -6.81 1.81 24.15 2.24 45.406351 11.894409 1
5.4 -6.66 1.87 23.84 2.24 45.406351 11.894409 0
6.15 -8.98 1.85 23.6 2.24 45.406351 11.894409 1
4.88 -11.8 1.95 25.09 2.24 45.406351 11.894409 1
4.64 -6.86 1.73 21.75 2.24 45.406351 11.894409 1
6.01 -8.11 2.0 22.55 2.24 45.406351 11.894409 1
6.92 -6.42 2.5 19.67 2.24 45.406351 11.894409 1
6.37 -10.22 1.1 20.79 2.24 45.406351 11.894409 1
5.83 -7.76 0.76 22.33 2.24 45.406351 11.894409 1
4.67 -7.32 1.37 25.26 2.24 45.406351 11.894409 1
6.23 -5.71 2.31 23.1 2.24 45.406351 11.894409 1
4.91 -6.16 2.45 22.35 2.24 45.406351 11.894409 1
6.2 -10.53 1.1 22.74 2.24 45.406351 11.894409 1
6.03 -9.82 1.24 22.78 2.24 45.406351 11.894409 1
3.55 -6.69 1.41 22.93 2.24 45.406351 11.894409 1
6.24 -7.86 2.04 22.48 2.24 45.406351 11.894409 1
6.19 -6.86 2.05 21.28 2.73 45.406362 11.894448 0
6.56 -7.71 1.87 20.94 2.73 45.406362 11.894448 1
5.23 -9.85 1.92 24.44 2.73 45.406362 11.894448 0
6.39 -8.36 1.96 22.43 2.73 45.406362 11.894448 1
5.22 -5.22 1.96 22.71 2.73 45.406362 11.894448 1
6.17 -7.44 2.16 23.94 2.73 45.406362 11.894448 1
5.8 -7.49 2.06 22.24 2.73 45.406362 11.894448 1
5.63 -8.77 2.3 21.57 2.73 45.406362 11.894448 1
5.82 -8.02 1.67 21.57 2.73 45.406362 11.894448 1
5.2 -9.58 1.76 22.55 2.73 45.406362 11.894448 1
5.33 -7.02 1.34 22.79 2.73 45.406362 11.894448 1
4.9 -7.53 1.6 21.8 2.73 45.406362 11.894448 1
6.49 -7.47 1.4 21.52 2.73 45.406362 11.894448 1
6.5 -8.77 1.99 21.68 2.73 45.406362 11.894448 1
5.4 -8.3 1.98 21.99 2.73 45.406362 11.894448 1
5.28 -7.71 1.88 22.93 2.73 45.406362 11.894448 1
5.73 -7.15 1.32 23.22 2.73 45.406362 11.894448 1
6.26 -7.45 1.71 22.9 2.73 45.406362 11.894448 1
6.38 -8.37 1.72 22.57 2.59 45.406367 11.894482 0
5.91 -8.5 2.02 22.64 2.59 45.406367 11.894482 1
5.39 -7.59 1.88 22.59 2.59 45.406367 11.894482 0
5.59 -8.05 1.85 22.29 2.59 45.406367 11.894482 1
6.29 -7.78 1.81 22.64 2.59 45.406367 11.894482 1
6.05 -8.15 1.46 21.83 2.59 45.406367 11.894482 1
5.63 -8.36 1.64 22.93 2.59 45.406367 11.894482 1
5.51 -7.77 1.6 22.14 2.59 45.406367 11.894482 1
5.93 -7.59 1.99 24.37 2.59 45.406367 11.894482 1
5.84 -7.96 2.0 24.23 2.59 45.406367 11.894482 1
5.99 -7.99 1.78 22.59 2.59 45.406367 11.894482 1
5.74 -7.97 1.58 23.05 2.59 45.406367 11.894482 1
6.0 -8.16 1.58 22.62 2.59 45.406367 11.894482 1
5.65 -7.62 1.61 22.62 2.59 45.406367 11.894482 1
5.78 -7.93 1.76 22.24 2.59 45.406367 11.894482 1
5.75 -7.83 1.89 23.36 2.59 45.406367 11.894482 1
5.54 -7.86 2.06 22.33 2.59 45.406367 11.894482 1
6.31 -8.07 1.85 21.71 2.4 45.406371 11.894512 0
5.9 -8.02 1.66 22.81 2.4 45.406371 11.894512 1
5.67 -7.68 1.56 23.02 2.4 45.406371 11.894512 0
5.66 -7.82 1.71 22.14 2.4 45.406371 11.894512 1
5.82 -7.62 1.78 22.4 2.4 45.406371 11.894512 1
5.94 -7.91 1.73 21.83 2.4 45.406371 11.894512 1
5.66 -8.58 1.48 21.73 2.4 45.406371 11.894512 1
5.99 -7.91 1.58 23.0 2.4 45.406371 11.894512 1
5.77 -8.0 1.88 22.29 2.4 45.406371 11.894512 1
5.73 -7.59 2.22 22.57 2.4 45.406371 11.894512 1
5.99 -7.41 2.09 22.14 2.4 45.406371 11.894512 1
5.79 -7.77 1.8 22.59 2.4 45.406371 11.894512 1
6.06 -7.94 1.88 23.46 2.4 45.406371 11.894512 1
6.13 -8.08 1.74 22.76 2.4 45.406371 11.894512 1
5.84 -7.84 1.81 22.42 2.4 45.406371 11.894512 1
5.72 -7.89 1.63 22.72 2.4 45.406371 11.894512 1
5.72 -7.75 2.05 22.95 2.4 45.406371 11.894512 1
5.83 -8.09 1.98 21.83 2.4 45.406371 11.894512 1
6.17 -7.85 1.77 22.33 2.6 45.406373 11.894548 0
5.92 -8.24 1.63 21.9 2.6 45.406373 11.894548 1
5.81 -7.76 1.63 23.65 2.6 45.406373 11.894548 0
5.7 -7.7 1.73 22.35 2.6 45.406373 11.894548 1
5.61 -7.9 1.87 22.24 2.6 45.406373 11.894548 1
5.83 -8.11 1.76 22.16 2.6 45.406373 11.894548 1
5.67 -7.89 1.91 22.71 2.6 45.406373 11.894548 1
5.45 -7.99 1.76 22.33 2.6 45.406373 11.894548 1
5.32 -8.25 2.1 22.09 2.6 45.406373 11.894548 1
5.62 -7.96 1.67 22.09 2.6 45.406373 11.894548 1
5.88 -7.82 1.71 22.14 2.6 45.406373 11.894548 1
6.06 -7.92 1.7 21.59 2.6 45.406373 11.894548 1
6.18 -7.65 1.69 22.14 2.6 45.406373 11.894548 1
6.05 -7.81 1.59 23.56 2.6 45.406373 11.894548 1
6.08 -7.84 1.53 23.15 2.6 45.406373 11.894548 1
6.08 -7.84 1.54 23.14 2.6 45.406373 11.894548 1
6.08 -7.85 1.54 23.16 2.6 45.406373 11.894548 1
6.08 -7.85 1.52 23.15 2.6 45.406373 11.894548 1
6.07 -7.84 1.54 23.15 2.6 45.406373 11.894548 1
6.08 -7.84 1.53 23.14 2.6 45.406373 11.894548 1
6.09 -7.84 1.53 23.16 2.6 45.406373 11.894548 1
6.07 -7.83 1.53 23.15 2.6 45.406373 11.894548 1
6.08 -7.83 1.53 23.15 2.6 45.406373 11.894548 1
6.09 -7.85 1.53 23.15 2.6 45.406373 11.894548 1
