7.05 -6.38 1.21 22.35 1.22 45.406303 11.893982 0
8.85 -8.22 0.0 21.52 1.22 45.406303 11.893982 1
6.65 -6.98 1.46 22.09 1.22 45.406303 11.893982 0
7.11 -7.43 1.64 22.24 1.22 45.406303 11.893982 1
6.13 -6.74 2.55 21.97 1.22 45.406303 11.893982 0
5.4 -7.24 2.04 22.04 1.22 45.406303 11.893982 1
5.37 -8.2 1.4 21.85 1.22 45.406303 11.893982 1
5.79 -8.54 1.47 22.19 1.22 45.406303 11.893982 1
6.01 -8.25 1.42 22.24 1.22 45.406303 11.893982 1
5.94 -7.74 1.68 22.4 1.22 45.406303 11.893982 1
5.34 -7.48 1.79 22.57 1.22 45.406303 11.893982 1
5.47 -8.35 1.41 22.43 1.22 45.406303 11.893982 1
5.37 -7.99 2.12 21.49 1.22 45.406303 11.893982 1
6.05 -8.25 1.05 22.45 1.22 45.406303 11.893982 1
6.39 -7.38 1.69 22.45 1.22 45.406303 11.893982 1
6.41 -6.61 1.7 22.14 1.22 45.406303 11.893982 1
6.37 -7.64 1.75 22.16 1.22 45.406303 11.893982 1
6.03 -7.3 1.69 22.04 1.22 45.406303 11.893982 1
5.77 -7.94 2.74 24.15 1.22 45.406303 11.893982 1
6.28 -7.84 2.24 22.38 1.22 45.406303 11.893982 1
6.31 -7.3 1.81 22.84 2.26 45.406306 11.893997 0
6.21 -7.45 2.04 22.57 2.26 45.406306 11.893997 1
5.24 -8.07 2.0 22.48 2.26 45.406306 11.893997 0
5.6 -8.51 1.58 22.84 2.26 45.406306 11.893997 1
5.53 -8.08 1.44 21.8 2.26 45.406306 11.893997 1
5.68 -7.84 1.83 21.9 2.26 45.406306 11.893997 1
5.94 -8.13 1.79 22.86 2.26 45.406306 11.893997 1
6.08 -7.77 1.43 21.99 2.26 45.406306 11.893997 1
5.97 -7.07 1.28 22.14 2.26 45.406306 11.893997 1
6.06 -7.69 1.52 21.99 2.26 45.406306 11.893997 1
6.42 -8.04 1.83 22.81 2.26 45.406306 11.893997 1
6.24 -7.47 2.0 22.14 2.26 45.406306 11.893997 1
5.96 -7.45 1.83 22.71 2.26 45.406306 11.893997 1
5.56 -7.91 1.92 21.78 2.26 45.406306 11.893997 1
5.82 -8.17 1.76 22.47 2.26 45.406306 11.893997 1
5.87 -8.28 1.65 24.7 2.26 45.406306 11.893997 1
5.58 -8.48 1.39 22.28 2.26 45.406306 11.893997 1
5.83 -7.87 1.64 22.14 1.67 45.406312 11.894011 0
5.65 -7.71 1.97 22.47 1.67 45.406312 11.894011 1
5.71 -7.84 1.78 21.99 1.67 45.406312 11.894011 0
6.07 -8.05 2.02 22.28 1.67 45.406312 11.894011 1
5.95 -7.84 1.85 21.78 1.67 45.406312 11.894011 1
5.74 -7.5 2.23 22.31 1.67 45.406312 11.894011 1
5.76 -7.91 1.71 23.27 1.67 45.406312 11.894011 1
5.9 -7.45 1.89 22.36 1.67 45.406312 11.894011 1
5.98 -8.21 1.9 22.33 1.67 45.406312 11.894011 1
6.06 -7.83 1.78 22.45 1.67 45.406312 11.894011 1
5.79 -8.17 1.92 22.6 1.67 45.406312 11.894011 1
5.64 -8.05 1.5 22.52 1.67 45.406312 11.894011 1
5.69 -7.8 1.62 22.24 1.67 45.406312 11.894011 1
5.72 -7.78 1.62 22.09 1.67 45.406312 11.894011 1
5.59 -8.02 1.87 22.43 1.67 45.406312 11.894011 1
5.99 -7.94 2.07 22.84 1.67 45.406312 11.894011 1
5.85 -8.21 1.61 21.8 1.67 45.406312 11.894011 1
5.78 -7.81 1.68 23.17 1.67 45.406312 11.894011 1
5.99 -7.97 1.84 22.86 2.58 45.406315 11.894038 0
5.94 -7.71 1.82 22.38 2.58 45.406315 11.894038 1
5.7 -7.65 1.99 22.38 2.58 45.406315 11.894038 0
5.77 -8.18 1.46 21.88 2.58 45.406315 11.894038 1
5.89 -8.05 1.21 23.31 2.58 45.406315 11.894038 1
5.49 -8.0 1.87 21.88 2.58 45.406315 11.894038 1
5.93 -7.92 1.45 21.97 2.58 45.406315 11.894038 1
5.76 -7.95 1.58 23.36 2.58 45.406315 11.894038 1
6.02 -7.8 2.05 22.6 2.58 45.406315 11.894038 1
5.74 -7.79 1.71 22.6 2.58 45.406315 11.894038 1
5.96 -8.0 1.7 21.99 2.58 45.406315 11.894038 1
5.83 -7.7 1.7 22.86 2.58 45.406315 11.894038 1
6.29 -7.86 2.0 22.04 2.58 45.406315 11.894038 1
5.71 -8.18 1.66 23.43 2.58 45.406315 11.894038 1
5.55 -7.78 1.58 26.07 2.58 45.406315 11.894038 1
5.53 -7.83 2.28 23.36 2.58 45.406315 11.894038 1
5.56 -7.47 2.21 22.35 2.58 45.406315 11.894038 1
5.73 -8.31 1.89 22.79 2.28 45.406311 11.894064 0
5.67 -8.39 1.77 23.02 2.28 45.406311 11.894064 1
5.92 -7.82 1.82 22.54 2.28 45.406311 11.894064 0
5.85 -7.81 1.72 22.42 2.28 45.406311 11.894064 1
5.74 -8.07 1.71 23.17 2.28 45.406311 11.894064 1
6.22 -8.25 1.67 21.49 2.28 45.406311 11.894064 1
5.7 -8.32 2.01 23.43 2.28 45.406311 11.894064 1
5.68 -8.09 1.97 22.79 2.28 45.406311 11.894064 1
5.96 -7.69 1.62 22.38 2.28 45.406311 11.894064 1
5.95 -7.74 2.23 22.86 2.28 45.406311 11.894064 1
6.16 -8.18 1.84 22.29 2.28 45.406311 11.894064 1
5.7 -8.02 1.38 22.84 2.28 45.406311 11.894064 1
5.93 -7.87 1.49 22.88 2.28 45.406311 11.894064 1
5.54 -8.02 1.75 22.14 2.28 45.406311 11.894064 1
5.54 -7.46 1.6 23.0 2.28 45.406311 11.894064 1
6.08 -8.18 1.67 22.04 2.28 45.406311 11.894064 1
5.97 -8.23 1.63 21.9 2.28 45.406311 11.894064 1
6.09 -7.63 1.59 23.63 2.28 45.406311 11.894064 1
5.88 -8.22 1.75 21.95 1.0 45.406316 11.894072 0
6.0 -7.69 1.83 21.81 1.0 45.406316 11.894072 1
5.79 -6.72 2.05 21.76 1.0 45.406316 11.894072 0
6.68 -9.17 2.01 23.72 1.0 45.406316 11.894072 1
5.78 -8.5 1.99 21.78 1.0 45.406316 11.894072 1
5.58 -7.24 2.05 22.38 1.0 45.406316 11.894072 1
5.61 -7.77 2.08 22.12 1.0 45.406316 11.894072 1
5.79 -7.8 1.98 21.81 1.0 45.406316 11.894072 1
5.82 -7.04 2.06 22.04 1.0 45.406316 11.894072 1
6.07 -8.81 1.65 21.78 1.0 45.406316 11.894072 1
5.59 -7.72 1.9 21.78 1.0 45.406316 11.894072 1
6.69 -8.69 1.63 22.78 1.0 45.406316 11.894072 1
4.94 -7.25 1.71 23.38 1.0 45.406316 11.894072 1
5.56 -7.42 1.65 22.86 1.0 45.406316 11.894072 1
6.59 -7.97 1.81 22.79 1.0 45.406316 11.894072 1
6.22 -7.52 1.62 21.68 1.0 45.406316 11.894072 1
6.51 -8.09 1.74 22.05 1.0 45.406316 11.894072 1
6.31 -9.74 1.77 22.66 1.54 45.406317 11.894092 0
5.85 -6.77 1.04 22.59 1.54 45.406317 11.894092 1
5.57 -7.55 1.65 22.09 1.54 45.406317 11.894092 0
5.8 -7.84 1.87 22.31 1.54 45.406317 11.894092 1
5.71 -8.48 1.92 22.33 1.54 45.406317 11.894092 1
5.66 -8.07 1.33 21.57 1.54 45.406317 11.894092 1
5.65 -7.86 1.94 22.24 1.54 45.406317 11.894092 1
5.92 -7.86 1.57 22.21 1.54 45.406317 11.894092 1
6.02 -7.34 1.95 22.91 1.54 45.406317 11.894092 1
5.09 -8.25 1.76 21.87 1.54 45.406317 11.894092 1
6.63 -7.4 1.4 21.88 1.54 45.406317 11.894092 1
6.11 -8.29 1.99 22.14 1.54 45.406317 11.894092 1
5.73 -7.64 2.07 23.1 1.54 45.406317 11.894092 1
5.8 -8.28 2.11 22.86 1.54 45.406317 11.894092 1
5.65 -6.71 1.77 22.29 1.54 45.406317 11.894092 1
5.59 -8.32 1.76 22.42 1.54 45.406317 11.894092 1
6.08 -8.42 1.7 21.42 1.54 45.406317 11.894092 1
5.8 -8.17 1.8 21.83 1.54 45.406317 11.894092 1
5.47 -7.92 1.69 22.4 2.06 45.406316 11.894118 0
5.71 -7.85 1.59 22.19 2.06 45.406316 11.894118 1
6.06 -7.56 1.62 21.87 2.06 45.406316 11.894118 0
6.26 -8.03 1.96 21.83 2.06 45.406316 11.894118 1
6.28 -7.87 1.69 21.9 2.06 45.406316 11.894118 1
5.8 -7.63 1.72 21.9 2.06 45.406316 11.894118 1
6.02 -7.52 1.6 21.83 2.06 45.406316 11.894118 1
5.96 -7.84 1.5 21.87 2.06 45.406316 11.894118 1
6.1 -7.95 1.56 22.5 2.06 45.406316 11.894118 1
5.94 -7.99 1.79 22.47 2.06 45.406316 11.894118 1
5.74 -7.76 1.55 22.52 2.06 45.406316 11.894118 1
5.51 -7.79 1.87 22.09 2.06 45.406316 11.894118 1
5.77 -8.24 1.51 22.02 2.06 45.406316 11.894118 1
5.94 -7.91 2.06 22.04 2.06 45.406316 11.894118 1
5.77 -7.8 1.99 22.47 2.06 45.406316 11.894118 1
5.86 -7.61 1.97 21.63 2.06 45.406316 11.894118 1
5.87 -7.96 1.71 21.81 2.06 45.406316 11.894118 1
6.1 -7.73 1.69 21.93 1.73 45.406313 11.894140 0
5.99 -7.71 1.68 21.63 1.73 45.406313 11.894140 1
5.96 -7.93 1.85 22.36 1.73 45.406313 11.894140 0
5.63 -7.97 2.06 22.23 1.73 45.406313 11.894140 1
5.65 -7.7 1.68 21.42 1.73 45.406313 11.894140 1
5.83 -7.95 1.91 23.44 1.73 45.406313 11.894140 1
5.75 -7.77 1.83 22.48 1.73 45.406313 11.894140 1
5.66 -8.14 1.86 22.81 1.73 45.406313 11.894140 1
5.63 -7.68 1.69 22.42 1.73 45.406313 11.894140 1
6.15 -8.12 1.63 21.51 1.73 45.406313 11.894140 1
6.12 -7.64 1.8 21.56 1.73 45.406313 11.894140 1
5.9 -7.81 1.76 21.57 1.73 45.406313 11.894140 1
5.8 -7.54 1.84 22.09 1.73 45.406313 11.894140 1
6.08 -7.84 1.56 22.0 1.73 45.406313 11.894140 1
5.9 -7.59 1.86 21.57 1.73 45.406313 11.894140 1
6.32 -7.95 1.46 21.63 1.73 45.406313 11.894140 1
6.0 -8.06 1.64 21.97 1.73 45.406313 11.894140 1
5.75 -7.79 1.6 21.64 1.73 45.406313 11.894140 1
5.61 -8.13 1.73 21.99 1.55 45.406301 11.894168 0
5.61 -7.91 1.7 21.47 1.55 45.406301 11.894168 1
5.92 -8.02 1.78 21.83 1.55 45.406301 11.894168 0
5.8 -7.91 1.51 21.44 1.55 45.406301 11.894168 1
6.01 -7.97 1.8 21.59 1.55 45.406301 11.894168 1
5.59 -7.5 1.63 21.42 1.55 45.406301 11.894168 1
6.08 -7.53 1.85 21.71 1.55 45.406301 11.894168 1
6.39 -8.11 1.85 21.81 1.55 45.406301 11.894168 1
5.85 -7.71 1.81 21.99 1.55 45.406301 11.894168 1
6.0 -7.86 2.0 22.04 1.55 45.406301 11.894168 1
5.75 -7.65 1.95 22.66 1.55 45.406301 11.894168 1
5.96 -7.81 1.95 22.11 1.55 45.406301 11.894168 1
5.86 -7.76 1.98 22.48 1.55 45.406301 11.894168 1
5.49 -8.08 1.9 22.55 1.55 45.406301 11.894168 1
6.29 -8.01 1.96 22.55 1.55 45.406301 11.894168 1
6.12 -7.61 1.8 22.52 1.55 45.406301 11.894168 1
5.87 -7.6 2.02 23.26 1.55 45.406301 11.894168 1
6.15 -7.83 2.07 21.95 1.78 45.406300 11.894196 0
6.12 -7.53 1.84 22.9 1.78 45.406300 11.894196 1
6.27 -8.02 1.83 21.99 1.78 45.406300 11.894196 0
5.81 -7.63 1.69 23.27 1.78 45.406300 11.894196 1
6.04 -8.04 1.73 22.35 1.78 45.406300 11.894196 1
5.95 -7.57 1.93 22.43 1.78 45.406300 11.894196 1
5.72 -7.91 1.55 22.4 1.78 45.406300 11.894196 1
5.71 -8.05 1.7 21.9 1.78 45.406300 11.894196 1
5.71 -8.14 1.7 22.24 1.78 45.406300 11.894196 1
5.59 -7.84 1.58 21.99 1.78 45.406300 11.894196 1
5.77 -8.22 1.78 22.04 1.78 45.406300 11.894196 1
5.63 -7.53 1.84 22.47 1.78 45.406300 11.894196 1
5.76 -7.65 2.01 22.04 1.78 45.406300 11.894196 1
5.85 -7.84 2.12 22.04 1.78 45.406300 11.894196 1
6.14 -7.57 2.12 22.09 1.78 45.406300 11.894196 1
5.94 -7.76 1.97 22.09 1.78 45.406300 11.894196 1
5.9 -7.81 2.04 21.9 1.78 45.406300 11.894196 1
5.73 -7.81 1.95 21.92 1.78 45.406300 11.894196 1
5.88 -7.84 1.99 21.9 1.14 45.406295 11.894219 0
5.94 -7.97 2.16 22.79 1.14 45.406295 11.894219 1
5.83 -8.11 1.51 22.36 1.14 45.406295 11.894219 0
5.61 -8.16 2.12 22.45 1.14 45.406295 11.894219 1
5.64 -7.6 2.15 22.02 1.14 45.406295 11.894219 1
5.89 -8.22 2.06 21.63 1.14 45.406295 11.894219 1
5.91 -7.61 2.02 22.43 1.14 45.406295 11.894219 1
6.15 -7.59 1.5 22.5 1.14 45.406295 11.894219 1
6.16 -7.73 1.44 22.14 1.14 45.406295 11.894219 1
6.07 -7.98 1.81 22.14 1.14 45.406295 11.894219 1
5.33 -7.95 2.22 22.14 1.14 45.406295 11.894219 1
5.87 -8.04 1.93 22.05 1.14 45.406295 11.894219 1
5.84 -7.63 1.61 22.16 1.14 45.406295 11.894219 1
5.87 -8.24 1.47 22.24 1.14 45.406295 11.894219 1
5.73 -7.63 1.39 22.19 1.14 45.406295 11.894219 1
5.84 -8.06 1.44 22.11 1.14 45.406295 11.894219 1
5.85 -8.01 1.7 21.95 1.14 45.406295 11.894219 1
5.64 -8.26 1.71 21.87 2.42 45.406293 11.894251 0
5.74 -8.02 1.89 22.4 2.42 45.406293 11.894251 1
5.82 -7.89 1.78 22.35 2.42 45.406293 11.894251 0
6.02 -7.95 1.64 21.9 2.42 45.406293 11.894251 1
5.44 -7.57 1.69 22.38 2.42 45.406293 11.894251 1
5.72 -7.71 1.95 22.02 2.42 45.406293 11.894251 1
5.74 -8.11 2.05 22.74 2.42 45.406293 11.894251 1
5.81 -7.61 1.81 21.93 2.42 45.406293 11.894251 1
5.71 -8.13 1.93 21.88 2.42 45.406293 11.894251 1
5.65 -7.66 1.77 22.48 2.42 45.406293 11.894251 1
5.61 -7.91 2.02 22.09 2.42 45.406293 11.894251 1
5.82 -7.75 1.67 22.48 2.42 45.406293 11.894251 1
5.83 -8.07 1.93 21.95 2.42 45.406293 11.894251 1
5.73 -7.85 2.13 22.09 2.42 45.406293 11.894251 1
5.82 -8.17 2.12 22.5 2.42 45.406293 11.894251 1
5.53 -7.69 1.81 22.55 2.42 45.406293 11.894251 1
5.71 -8.25 1.79 22.11 2.42 45.406293 11.894251 1
5.91 -7.66 1.51 21.83 2.42 45.406293 11.894251 1
5.99 -8.02 1.55 21.9 2.46 45.406291 11.894286 0
5.63 -8.39 1.51 23.7 2.46 45.406291 11.894286 1
5.8 -7.44 1.66 22.64 2.46 45.406291 11.894286 0
5.61 -8.05 2.04 22.67 2.46 45.406291 11.894286 1
5.66 -7.39 1.92 21.52 2.46 45.406291 11.894286 1
5.69 -8.21 0.79 21.52 2.46 45.406291 11.894286 1
6.45 -8.36 1.66 21.87 2.46 45.406291 11.894286 1
5.45 -8.08 1.32 21.92 2.46 45.406291 11.894286 1
5.96 -7.87 1.86 22.14 2.46 45.406291 11.894286 1
5.74 -8.02 1.77 22.14 2.46 45.406291 11.894286 1
5.58 -7.48 1.75 22.19 2.46 45.406291 11.894286 1
5.4 -8.05 1.83 21.95 2.46 45.406291 11.894286 1
6.3 -7.66 1.6 21.95 2.46 45.406291 11.894286 1
4.93 -8.66 1.76 21.83 2.46 45.406291 11.894286 1
5.52 -7.54 1.89 21.73 2.46 45.406291 11.894286 1
5.74 -7.76 1.89 22.55 2.46 45.406291 11.894286 1
5.41 -7.59 1.83 22.4 2.46 45.406291 11.894286 1
5.63 -8.05 1.85 21.85 2.13 45.406298 11.894319 0
5.07 -7.26 1.73 22.02 2.13 45.406298 11.894319 1
5.63 -8.0 2.37 22.28 2.13 45.406298 11.894319 0
5.43 -7.89 1.63 22.0 2.13 45.406298 11.894319 1
5.52 -7.66 1.65 21.37 2.13 45.406298 11.894319 1
5.26 -7.21 1.49 21.88 2.13 45.406298 11.894319 1
3.91 -4.77 0.54 20.72 2.13 45.406298 11.894319 1
7.86 -8.74 2.67 20.55 2.13 45.406298 11.894319 1
8.59 -10.49 2.15 22.84 2.13 45.406298 11.894319 1
3.63 -6.75 1.8 25.54 2.13 45.406298 11.894319 1
4.82 -5.87 1.98 26.5 2.13 45.406298 11.894319 1
3.45 -0.57 0.4 22.45 2.13 45.406298 11.894319 1
4.56 -12.11 -0.64 20.8 2.13 45.406298 11.894319 1
6.4 -16.85 1.88 20.46 2.13 45.406298 11.894319 1
5.08 -7.46 1.56 21.57 2.13 45.406298 11.894319 1
3.03 -5.17 2.29 25.54 2.13 45.406298 11.894319 1
6.84 -7.7 2.61 22.29 2.13 45.406298 11.894319 1
5.03 -4.64 0.34 21.15 2.13 45.406298 11.894319 1
8.04 -8.66 2.21 22.07 2.67 45.406307 11.894359 0
7.37 -9.82 1.51 21.21 2.67 45.406307 11.894359 1
4.73 -6.97 2.55 22.86 2.67 45.406307 11.894359 0
5.46 -6.6 1.46 26.79 2.67 45.406307 11.894359 1
3.72 -4.17 1.76 23.96 2.67 45.406307 11.894359 1
9.71 -7.28 1.7 23.22 2.67 45.406307 11.894359 1
5.27 -13.18 1.67 23.31 2.67 45.406307 11.894359 1
5.84 -8.84 1.79 23.46 2.67 45.406307 11.894359 1
4.91 -8.18 1.56 20.72 2.67 45.406307 11.894359 1
3.89 -5.17 2.16 20.87 2.67 45.406307 11.894359 1
7.33 -11.17 -0.27 22.11 2.67 45.406307 11.894359 1
6.75 -7.12 2.69 22.29 2.67 45.406307 11.894359 1
4.21 -6.82 2.15 24.11 2.67 45.406307 11.894359 1
5.97 -6.1 0.85 23.92 2.67 45.406307 11.894359 1
3.53 -6.44 2.52 23.51 2.67 45.406307 11.894359 1
6.18 -10.73 -0.75 22.84 2.67 45.406307 11.894359 1
7.21 -8.52 2.04 22.26 2.67 45.406307 11.894359 1
4.15 -6.67 1.99 22.11 2.57 45.406315 11.894403 0
6.34 -9.05 1.73 21.71 2.57 45.406315 11.894403 1
6.19 -7.01 1.72 21.97 2.57 45.406315 11.894403 0
7.49 -7.73 2.19 20.97 2.57 45.406315 11.894403 1
5.24 -9.47 2.33 21.4 2.57 45.406315 11.894403 1
6.98 -6.67 1.85 22.36 2.57 45.406315 11.894403 1
4.4 -6.26 1.42 22.79 2.57 45.406315 11.894403 1
5.43 -7.08 1.45 22.79 2.57 45.406315 11.894403 1
5.64 -8.34 2.13 21.63 2.57 45.406315 11.894403 1
5.91 -8.3 2.12 21.68 2.57 45.406315 11.894403 1
5.93 -10.36 0.92 21.88 2.57 45.406315 11.894403 1
5.34 -6.75 1.53 21.95 2.57 45.406315 11.894403 1
5.08 -7.16 1.65 21.9 2.57 45.406315 11.894403 1
6.2 -7.49 1.87 21.18 2.57 45.406315 11.894403 1
6.08 -9.08 1.8 21.59 2.57 45.406315 11.894403 1
5.48 -8.31 1.52 22.26 2.57 45.406315 11.894403 1
5.55 -8.22 1.44 22.42 2.57 45.406315 11.894403 1
5.71 -6.72 1.64 22.28 2.57 45.406315 11.894403 1
6.24 -7.54 1.84 22.21 2.37 45.406320 11.894440 0
6.36 -8.04 1.59 23.17 2.37 45.406320 11.894440 1
5.9 -8.42 1.72 22.29 2.37 45.406320 11.894440 0
5.0 -7.78 1.95 22.86 2.37 45.406320 11.894440 1
5.75 -8.45 1.73 21.95 2.37 45.406320 11.894440 1
6.43 -8.1 1.9 22.26 2.37 45.406320 11.894440 1
5.77 -7.75 2.06 21.88 2.37 45.406320 11.894440 1
5.8 -8.12 1.93 22.76 2.37 45.406320 11.894440 1
5.99 -7.77 1.9 22.66 2.37 45.406320 11.894440 1
5.52 -7.68 1.72 22.74 2.37 45.406320 11.894440 1
6.07 -8.01 1.92 22.86 2.37 45.406320 11.894440 1
5.54 -7.86 2.0 22.11 2.37 45.406320 11.894440 1
6.05 -7.96 1.64 22.45 2.37 45.406320 11.894440 1
6.0 -8.48 2.05 22.04 2.37 45.406320 11.894440 1
5.67 -8.25 1.89 22.14 2.37 45.406320 11.894440 1
5.28 -7.31 1.85 22.52 2.37 45.406320 11.894440 1
5.82 -7.99 1.7 21.92 2.37 45.406320 11.894440 1
6.22 -7.92 1.79 22.76 2.13 45.406317 11.894474 0
5.89 -8.25 1.78 22.48 2.13 45.406317 11.894474 1
5.49 -7.72 1.83 24.87 2.13 45.406317 11.894474 0
5.54 -7.78 1.73 22.95 2.13 45.406317 11.894474 1
5.88 -7.88 1.79 22.33 2.13 45.406317 11.894474 1
5.8 -7.84 1.8 22.19 2.13 45.406317 11.894474 1
5.81 -8.03 1.67 21.78 2.13 45.406317 11.894474 1
5.86 -7.73 1.87 22.24 2.13 45.406317 11.894474 1
5.56 -8.0 1.83 22.38 2.13 45.406317 11.894474 1
5.88 -7.64 1.59 22.67 2.13 45.406317 11.894474 1
5.82 -7.88 1.64 22.69 2.13 45.406317 11.894474 1
6.01 -7.64 1.7 23.07 2.13 45.406317 11.894474 1
5.93 -8.01 1.56 22.29 2.13 45.406317 11.894474 1
5.99 -8.09 1.87 22.31 2.13 45.406317 11.894474 1
5.61 -7.86 1.9 22.78 2.13 45.406317 11.894474 1
5.74 -7.91 1.67 22.62 2.13 45.406317 11.894474 1
5.88 -8.14 1.72 22.04 2.13 45.406317 11.894474 1
5.85 -8.11 1.66 22.29 2.13 45.406317 11.894474 1
5.73 -8.12 1.77 21.88 2.23 45.406314 11.894509 0
5.23 -8.08 1.81 21.99 2.23 45.406314 11.894509 1
5.23 -8.08 1.81 21.99 2.23 45.406314 11.894509 1
5.22 -8.09 1.81 22.0 2.23 45.406314 11.894509 1
5.24 -8.07 1.8 21.99 2.23 45.406314 11.894509 1
5.23 -8.07 1.82 21.99 2.23 45.406314 11.894509 1
5.22 -8.08 1.8 21.99 2.23 45.406314 11.894509 1
5.23 -8.07 1.81 22.0 2.23 45.406314 11.894509 1
5.24 -8.08 1.81 21.99 2.23 45.406314 11.894509 1
5.22 -8.07 1.81 21.99 2.23 45.406314 11.894509 1
5.24 -8.08 1.81 22.0 2.23 45.406314 11.894509 1
5.23 -8.09 1.82 21.98 2.23 45.406314 11.894509 1
5.23 -8.07 1.8 21.99 2.23 45.406314 11.894509 1
5.24 -8.08 1.81 21.98 2.23 45.406314 11.894509 1
5.23 -8.07 1.82 22.0 2.23 45.406314 11.894509 1
