6.1 -8.02 1.9 22.35 2.93 45.407724 11.899237 0
5.86 -7.77 1.81 22.86 2.93 45.407724 11.899237 1
5.42 -8.43 2.37 23.19 2.93 45.407724 11.899237 1
6.14 -7.5 1.88 21.92 2.93 45.407724 11.899237 1
6.17 -8.04 1.52 22.35 2.93 45.407724 11.899237 1
5.61 -7.92 1.72 22.86 2.93 45.407724 11.899237 1
5.48 -8.03 1.67 22.09 2.93 45.407724 11.899237 1
5.51 -7.65 1.76 22.11 2.93 45.407724 11.899237 1
5.7 -7.87 1.4 22.42 2.93 45.407724 11.899237 1
6.11 -7.81 1.68 22.35 2.93 45.407724 11.899237 1
6.06 -7.95 2.15 22.24 2.93 45.407724 11.899237 0
6.36 -7.5 1.9 21.75 2.93 45.407724 11.899237 1
6.08 -7.79 1.73 21.73 2.93 45.407724 11.899237 0
5.92 -7.72 2.13 21.68 2.93 45.407724 11.899237 1
5.99 -8.12 2.2 39.48 2.93 45.407724 11.899237 1
6.08 -7.45 2.43 22.16 2.93 45.407724 11.899237 1
5.99 -8.07 2.32 21.8 2.93 45.407724 11.899237 1
5.53 -7.73 2.32 22.42 2.93 45.407724 11.899237 1
5.51 -7.91 1.96 21.95 2.93 45.407724 11.899237 1
6.1 -7.92 1.6 22.35 2.93 45.407724 11.899237 1
5.98 -8.15 1.49 22.81 2.93 45.407724 11.899237 1
5.88 -7.54 1.73 22.45 2.93 45.407724 11.899237 1
5.89 -7.59 1.77 22.0 2.93 45.407724 11.899237 1
6.13 -7.72 1.68 22.76 2.93 45.407724 11.899237 1
6.15 -8.02 1.7 21.88 2.93 45.407724 11.899237 1
6.14 -7.56 1.73 22.4 2.93 45.407724 11.899237 1
6.19 -8.03 1.66 22.28 2.93 45.407724 11.899237 1
5.94 -7.42 1.55 21.88 2.77 45.407733 11.899270 0
5.84 -7.98 1.62 21.8 2.77 45.407733 11.899270 1
5.77 -7.96 1.95 21.88 2.77 45.407733 11.899270 0
5.37 -7.99 2.12 22.59 2.77 45.407733 11.899270 1
5.78 -7.98 1.91 21.88 2.77 45.407733 11.899270 1
5.65 -7.74 1.71 22.19 2.77 45.407733 11.899270 1
6.04 -7.66 1.62 21.85 2.77 45.407733 11.899270 1
5.93 -8.06 1.76 22.26 2.77 45.407733 11.899270 1
6.19 -7.67 1.5 22.04 2.77 45.407733 11.899270 1
6.32 -7.42 1.56 22.0 2.77 45.407733 11.899270 1
6.08 -7.54 1.95 22.45 2.77 45.407733 11.899270 1
5.79 -7.86 2.28 22.45 2.77 45.407733 11.899270 1
5.9 -7.72 1.77 22.04 2.77 45.407733 11.899270 1
5.84 -7.83 1.82 21.51 2.77 45.407733 11.899270 1
5.65 -8.11 2.07 21.42 2.77 45.407733 11.899270 1
5.74 -8.05 1.84 22.35 2.77 45.407733 11.899270 1
5.67 -8.0 1.85 22.24 2.77 45.407733 11.899270 1
5.66 -7.49 1.48 21.32 2.77 45.407733 11.899270 1
6.16 -7.82 1.88 21.85 2.31 45.407742 11.899299 0
6.34 -7.3 1.85 21.78 2.31 45.407742 11.899299 1
6.13 -7.89 1.78 22.04 2.31 45.407742 11.899299 0
6.03 -7.55 1.99 21.66 2.31 45.407742 11.899299 1
5.98 -7.8 1.91 21.61 2.31 45.407742 11.899299 1
6.34 -7.67 1.51 21.68 2.31 45.407742 11.899299 1
6.08 -7.84 1.49 21.78 2.31 45.407742 11.899299 1
6.2 -7.69 1.51 22.79 2.31 45.407742 11.899299 1
5.8 -7.94 1.42 21.9 2.31 45.407742 11.899299 1
5.71 -7.75 1.94 21.9 2.31 45.407742 11.899299 1
5.43 -8.18 1.9 22.21 2.31 45.407742 11.899299 1
5.86 -8.23 1.66 22.67 2.31 45.407742 11.899299 1
6.01 -7.89 1.85 22.35 2.31 45.407742 11.899299 1
5.99 -7.31 1.67 22.76 2.31 45.407742 11.899299 1
6.13 -7.71 1.6 23.15 2.31 45.407742 11.899299 1
6.25 -7.83 1.83 21.81 2.31 45.407742 11.899299 1
6.15 -7.62 2.06 21.8 2.31 45.407742 11.899299 1
6.31 -7.53 1.9 21.78 2.48 45.407748 11.899326 0
5.93 -7.57 2.08 22.23 2.48 45.407748 11.899326 1
5.63 -7.87 2.24 21.93 2.48 45.407748 11.899326 0
5.55 -8.3 2.19 22.26 2.48 45.407748 11.899326 1
5.89 -7.85 1.91 21.85 2.48 45.407748 11.899326 1
5.68 -8.15 1.98 22.29 2.48 45.407748 11.899326 1
5.96 -7.74 1.78 21.88 2.48 45.407748 11.899326 1
5.91 -7.6 2.01 22.14 2.48 45.407748 11.899326 1
5.9 -7.3 1.9 22.66 2.48 45.407748 11.899326 1
5.87 -7.66 1.66 21.87 2.48 45.407748 11.899326 1
6.13 -7.96 1.64 21.9 2.48 45.407748 11.899326 1
6.2 -7.53 1.57 22.45 2.48 45.407748 11.899326 1
6.1 -7.47 1.25 22.4 2.48 45.407748 11.899326 1
6.1 -7.63 1.69 21.9 2.48 45.407748 11.899326 1
5.94 -7.92 1.68 21.87 2.48 45.407748 11.899326 1
5.74 -8.02 2.11 21.88 2.48 45.407748 11.899326 1
5.45 -8.0 1.92 21.87 2.48 45.407748 11.899326 1
5.69 -8.02 2.0 22.29 2.48 45.407748 11.899326 1
5.73 -7.67 1.96 21.78 2.18 45.407762 11.899359 0
6.43 -7.9 1.6 21.92 2.18 45.407762 11.899359 1
6.09 -7.82 1.88 21.73 2.18 45.407762 11.899359 0
5.95 -7.45 2.05 21.78 2.18 45.407762 11.899359 1
5.91 -7.68 1.85 21.66 2.18 45.407762 11.899359 1
6.28 -7.8 1.99 21.66 2.18 45.407762 11.899359 1
5.8 -7.75 1.98 22.04 2.18 45.407762 11.899359 1
5.96 -7.87 2.4 22.72 2.18 45.407762 11.899359 1
5.89 -7.81 2.19 22.47 2.18 45.407762 11.899359 1
5.63 -7.57 2.12 22.5 2.18 45.407762 11.899359 1
5.71 -7.88 1.76 21.95 2.18 45.407762 11.899359 1
6.04 -7.95 1.66 22.29 2.18 45.407762 11.899359 1
5.9 -7.98 2.1 22.29 2.18 45.407762 11.899359 1
6.15 -7.92 1.9 21.92 2.18 45.407762 11.899359 1
6.14 -7.53 1.68 22.04 2.18 45.407762 11.899359 1
6.47 -7.45 1.67 22.04 2.18 45.407762 11.899359 1
5.91 -7.58 1.79 21.83 2.18 45.407762 11.899359 1
6.2 -7.65 1.47 21.93 3.36 45.407773 11.899401 0
6.12 -8.11 1.44 21.83 3.36 45.407773 11.899401 1
6.06 -7.45 1.59 22.19 3.36 45.407773 11.899401 0
6.27 -7.77 1.29 21.78 3.36 45.407773 11.899401 1
5.77 -8.06 1.12 22.19 3.36 45.407773 11.899401 1
5.43 -7.51 2.0 22.17 3.36 45.407773 11.899401 1
5.53 -8.15 1.8 21.78 3.36 45.407773 11.899401 1
5.66 -7.9 2.11 22.35 3.36 45.407773 11.899401 1
5.95 -7.41 2.1 21.54 3.36 45.407773 11.899401 1
6.16 -6.93 2.18 21.83 3.36 45.407773 11.899401 1
6.15 -7.83 2.0 21.93 3.36 45.407773 11.899401 1
5.99 -8.04 1.97 22.36 3.36 45.407773 11.899401 1
6.04 -7.27 2.32 22.09 3.36 45.407773 11.899401 1
5.95 -7.75 1.81 22.45 3.36 45.407773 11.899401 1
6.13 -7.36 1.64 22.16 3.36 45.407773 11.899401 1
5.8 -7.93 2.06 22.47 3.36 45.407773 11.899401 1
5.7 -7.69 2.01 21.73 3.36 45.407773 11.899401 1
5.03 -6.91 1.93 21.64 3.36 45.407773 11.899401 1
7.42 -8.87 2.08 21.61 1.86 45.407780 11.899426 0
5.68 -7.2 1.28 21.85 1.86 45.407780 11.899426 1
5.86 -7.79 1.45 22.59 1.86 45.407780 11.899426 0
6.75 -8.18 1.93 21.81 1.86 45.407780 11.899426 1
5.73 -6.06 1.75 21.93 1.86 45.407780 11.899426 1
7.08 -9.65 1.0 22.24 1.86 45.407780 11.899426 1
6.3 -7.52 1.8 21.35 1.86 45.407780 11.899426 1
6.55 -7.56 1.97 20.75 1.86 45.407780 11.899426 1
5.36 -8.8 1.8 21.56 1.86 45.407780 11.899426 1
5.77 -8.89 1.9 22.09 1.86 45.407780 11.899426 1
5.05 -6.34 1.89 22.86 1.86 45.407780 11.899426 1
6.69 -8.46 1.26 22.29 1.86 45.407780 11.899426 1
5.63 -7.67 1.41 21.95 1.86 45.407780 11.899426 1
5.82 -8.08 2.08 21.99 1.86 45.407780 11.899426 1
5.79 -7.83 1.26 21.57 1.86 45.407780 11.899426 1
6.89 -8.01 2.59 21.73 1.86 45.407780 11.899426 1
7.13 -8.66 2.08 24.76 1.86 45.407780 11.899426 1
5.56 -7.09 1.84 22.07 2.4 45.407789 11.899452 0
6.02 -6.96 2.4 21.97 2.4 45.407789 11.899452 1
5.93 -7.16 1.88 21.47 2.4 45.407789 11.899452 0
5.46 -9.36 3.16 21.97 2.4 45.407789 11.899452 1
5.6 -8.06 2.53 21.21 2.4 45.407789 11.899452 1
5.36 -7.96 1.63 21.81 2.4 45.407789 11.899452 1
5.26 -7.89 1.8 22.64 2.4 45.407789 11.899452 1
6.02 -7.52 1.71 22.12 2.4 45.407789 11.899452 1
6.35 -7.86 1.96 22.24 2.4 45.407789 11.899452 1
6.09 -7.84 2.3 22.11 2.4 45.407789 11.899452 1
6.12 -7.64 2.08 22.24 2.4 45.407789 11.899452 1
5.58 -6.86 1.32 21.4 2.4 45.407789 11.899452 1
6.62 -8.02 1.5 22.04 2.4 45.407789 11.899452 1
6.69 -8.5 1.65 21.68 2.4 45.407789 11.899452 1
6.56 -7.84 1.79 22.29 2.4 45.407789 11.899452 1
5.76 -7.45 2.03 22.62 2.4 45.407789 11.899452 1
5.45 -7.28 2.11 22.31 2.4 45.407789 11.899452 1
5.9 -7.95 1.48 21.68 2.4 45.407789 11.899452 1
5.61 -8.9 1.85 21.39 3.36 45.407801 11.899491 0
5.98 -9.14 2.29 21.69 3.36 45.407801 11.899491 1
6.36 -7.59 2.03 22.02 3.36 45.407801 11.899491 0
5.72 -6.48 2.04 22.17 3.36 45.407801 11.899491 1
6.28 -7.02 1.79 22.0 3.36 45.407801 11.899491 1
6.19 -7.3 1.96 21.61 3.36 45.407801 11.899491 1
6.54 -8.62 1.85 21.08 3.36 45.407801 11.899491 1
6.12 -8.35 2.12 21.45 3.36 45.407801 11.899491 1
5.65 -7.38 2.58 22.11 3.36 45.407801 11.899491 1
5.55 -6.9 1.79 22.14 3.36 45.407801 11.899491 1
5.49 -7.93 1.51 21.93 3.36 45.407801 11.899491 1
5.71 -8.41 1.61 21.8 3.36 45.407801 11.899491 1
5.61 -8.55 1.66 21.52 3.36 45.407801 11.899491 1
6.21 -7.4 1.77 22.04 3.36 45.407801 11.899491 1
6.17 -7.36 1.82 22.09 3.36 45.407801 11.899491 1
6.03 -7.4 2.07 22.14 3.36 45.407801 11.899491 1
6.27 -7.94 1.77 21.95 3.36 45.407801 11.899491 1
6.38 -7.69 1.49 21.95 3.35 45.407810 11.899535 0
6.44 -7.69 1.93 21.52 3.35 45.407810 11.899535 1
5.97 -7.64 1.97 21.88 3.35 45.407810 11.899535 0
5.94 -7.75 1.87 21.8 3.35 45.407810 11.899535 1
5.49 -8.01 1.71 21.75 3.35 45.407810 11.899535 1
5.55 -8.47 1.6 21.8 3.35 45.407810 11.899535 1
5.71 -7.84 1.81 21.85 3.35 45.407810 11.899535 1
5.99 -7.75 1.83 21.85 3.35 45.407810 11.899535 1
6.17 -7.46 1.78 22.05 3.35 45.407810 11.899535 1
6.23 -7.52 1.86 22.04 3.35 45.407810 11.899535 1
6.01 -7.77 1.97 21.95 3.35 45.407810 11.899535 1
6.08 -7.78 2.1 22.35 3.35 45.407810 11.899535 1
6.26 -7.96 2.11 21.52 3.35 45.407810 11.899535 1
6.22 -7.55 2.25 22.0 3.35 45.407810 11.899535 1
5.95 -7.6 2.17 22.09 3.35 45.407810 11.899535 1
5.96 -7.52 1.98 21.99 3.35 45.407810 11.899535 1
5.75 -8.29 2.04 22.4 3.35 45.407810 11.899535 1
5.57 -7.98 2.09 21.25 3.35 45.407810 11.899535 1
6.09 -7.72 1.93 21.75 2.87 45.407824 11.899570 0
5.75 -7.82 2.23 21.78 2.87 45.407824 11.899570 1
5.85 -7.55 1.78 21.56 2.87 45.407824 11.899570 0
6.25 -7.73 1.69 21.13 2.87 45.407824 11.899570 1
6.35 -7.89 1.74 21.64 2.87 45.407824 11.899570 1
6.07 -7.27 2.2 21.88 2.87 45.407824 11.899570 1
6.39 -7.59 1.85 21.97 2.87 45.407824 11.899570 1
6.17 -7.62 1.97 22.09 2.87 45.407824 11.899570 1
6.02 -7.5 1.93 22.09 2.87 45.407824 11.899570 1
6.2 -7.77 1.95 22.0 2.87 45.407824 11.899570 1
6.09 -7.74 1.38 21.63 2.87 45.407824 11.899570 1
5.69 -8.13 1.68 21.59 2.87 45.407824 11.899570 1
5.51 -8.14 1.6 21.9 2.87 45.407824 11.899570 1
5.52 -8.29 1.57 21.88 2.87 45.407824 11.899570 1
6.13 -7.93 1.66 21.83 2.87 45.407824 11.899570 1
6.39 -7.42 1.54 21.52 2.87 45.407824 11.899570 1
6.52 -7.25 2.04 21.78 2.87 45.407824 11.899570 1
6.28 -7.48 2.02 22.0 3.06 45.407837 11.899605 0
6.48 -7.57 1.77 22.09 3.06 45.407837 11.899605 1
7.04 -7.44 2.08 22.02 3.06 45.407837 11.899605 0
9.19 -7.83 2.4 23.0 3.06 45.407837 11.899605 1
4.63 -7.71 1.89 24.11 3.06 45.407837 11.899605 1
4.45 -6.91 2.51 24.37 3.06 45.407837 11.899605 1
4.17 -7.7 1.76 21.15 3.06 45.407837 11.899605 1
4.19 -7.09 2.07 18.32 3.06 45.407837 11.899605 1
4.67 -12.98 2.48 16.76 3.06 45.407837 11.899605 1
6.94 -12.35 1.33 17.82 3.06 45.407837 11.899605 1
5.97 -4.53 2.52 21.13 3.06 45.407837 11.899605 1
5.33 -4.51 1.36 24.78 3.06 45.407837 11.899605 1
5.16 -5.87 1.92 25.04 3.06 45.407837 11.899605 1
4.73 -3.66 1.75 23.31 3.06 45.407837 11.899605 1
9.62 -10.79 4.04 21.2 3.06 45.407837 11.899605 1
5.26 -8.47 3.89 21.52 3.06 45.407837 11.899605 1
6.78 -11.54 1.17 22.04 3.06 45.407837 11.899605 1
4.59 -7.24 0.71 22.28 3.06 45.407837 11.899605 1
4.77 -7.12 2.12 22.09 2.87 45.407851 11.899640 0
5.51 -7.64 0.66 21.42 2.87 45.407851 11.899640 1
6.27 -8.53 2.21 21.44 2.87 45.407851 11.899640 0
5.83 -8.81 1.24 21.61 2.87 45.407851 11.899640 1
5.66 -7.4 2.3 21.87 2.87 45.407851 11.899640 1
6.07 -7.11 1.75 21.78 2.87 45.407851 11.899640 1
6.31 -7.41 1.65 21.78 2.87 45.407851 11.899640 1
6.08 -7.77 1.81 21.8 2.87 45.407851 11.899640 1
6.34 -7.84 2.06 21.88 2.87 45.407851 11.899640 1
6.3 -7.64 1.84 21.59 2.87 45.407851 11.899640 1
6.1 -7.4 2.02 21.64 2.87 45.407851 11.899640 1
5.98 -7.61 2.41 22.09 2.87 45.407851 11.899640 1
5.79 -7.98 2.52 21.69 2.87 45.407851 11.899640 1
5.86 -7.84 2.18 21.8 2.87 45.407851 11.899640 1
5.8 -7.97 2.26 21.71 2.87 45.407851 11.899640 1
5.93 -7.48 2.39 22.04 2.87 45.407851 11.899640 1
5.92 -8.33 2.57 21.87 2.87 45.407851 11.899640 1
5.84 -8.27 2.01 21.47 2.7 45.407862 11.899673 0
5.92 -7.8 1.55 21.97 2.7 45.407862 11.899673 1
5.96 -7.39 1.56 21.42 2.7 45.407862 11.899673 0
6.51 -7.63 1.92 21.42 2.7 45.407862 11.899673 1
6.3 -7.57 1.75 21.78 2.7 45.407862 11.899673 1
6.27 -7.54 1.33 21.66 2.7 45.407862 11.899673 1
6.32 -8.01 1.41 21.78 2.7 45.407862 11.899673 1
6.22 -7.75 1.52 21.88 2.7 45.407862 11.899673 1
5.87 -7.58 1.71 22.04 2.7 45.407862 11.899673 1
5.34 -7.86 1.77 22.09 2.7 45.407862 11.899673 1
5.76 -8.4 1.98 21.61 2.7 45.407862 11.899673 1
5.82 -7.88 2.21 22.04 2.7 45.407862 11.899673 1
5.53 -8.04 2.16 22.04 2.7 45.407862 11.899673 1
6.12 -7.85 2.07 22.05 2.7 45.407862 11.899673 1
6.21 -7.71 1.53 21.95 2.7 45.407862 11.899673 1
6.24 -7.37 1.75 22.04 2.7 45.407862 11.899673 1
5.99 -7.78 2.08 22.35 2.7 45.407862 11.899673 1
5.89 -7.99 2.31 21.88 2.7 45.407862 11.899673 1
6.07 -7.79 2.33 21.83 2.3 45.407867 11.899705 0
6.23 -7.19 2.33 21.88 2.3 45.407867 11.899705 1
6.18 -7.72 1.89 21.47 2.3 45.407867 11.899705 0
5.65 -7.86 2.48 21.85 2.3 45.407867 11.899705 1
5.81 -7.94 2.43 21.92 2.3 45.407867 11.899705 1
5.68 -7.86 1.72 21.99 2.3 45.407867 11.899705 1
5.42 -7.94 1.58 21.95 2.3 45.407867 11.899705 1
5.78 -7.95 1.9 21.63 2.3 45.407867 11.899705 1
6.22 -8.11 1.94 22.05 2.3 45.407867 11.899705 1
6.06 -7.63 1.73 22.04 2.3 45.407867 11.899705 1
6.21 -7.64 1.79 22.02 2.3 45.407867 11.899705 1
6.23 -7.93 1.61 21.99 2.3 45.407867 11.899705 1
6.34 -7.65 1.45 22.04 2.3 45.407867 11.899705 1
6.35 -7.64 2.03 22.09 2.3 45.407867 11.899705 1
6.12 -7.49 1.54 22.02 2.3 45.407867 11.899705 1
6.39 -7.5 1.91 22.04 2.3 45.407867 11.899705 1
6.28 -7.3 1.62 21.83 2.3 45.407867 11.899705 1
6.24 -7.84 1.89 21.73 2.8 45.407867 11.899742 0
5.49 -8.53 1.89 21.83 2.8 45.407867 11.899742 1
4.95 -8.47 1.74 21.47 2.8 45.407867 11.899742 1
4.96 -8.48 1.75 21.47 2.8 45.407867 11.899742 1
4.94 -8.47 1.74 21.46 2.8 45.407867 11.899742 1
4.94 -8.48 1.74 21.48 2.8 45.407867 11.899742 1
4.95 -8.48 1.74 21.47 2.8 45.407867 11.899742 1
4.94 -8.47 1.74 21.46 2.8 45.407867 11.899742 1
4.96 -8.48 1.75 21.46 2.8 45.407867 11.899742 1
4.96 -8.46 1.75 21.48 2.8 45.407867 11.899742 1
4.96 -8.46 1.74 21.46 2.8 45.407867 11.899742 1
4.96 -8.47 1.73 21.46 2.8 45.407867 11.899742 1
4.95 -8.48 1.75 21.47 2.8 45.407867 11.899742 1
4.94 -8.47 1.74 21.47 2.8 45.407867 11.899742 1
4.96 -8.47 1.74 21.48 2.8 45.407867 11.899742 1
4.95 -8.47 1.73 21.48 2.8 45.407867 11.899742 1
4.94 -8.48 1.74 21.46 2.8 45.407867 11.899742 1
4.95 -8.47 1.74 21.46 2.8 45.407867 11.899742 1
4.95 -8.46 1.73 21.48 2.8 45.407867 11.899742 1
4.96 -8.47 1.74 21.46 2.8 45.407867 11.899742 1
4.96 -8.46 1.74 21.46 2.8 45.407867 11.899742 1
4.94 -8.47 1.75 21.46 2.8 45.407867 11.899742 1
4.94 -8.47 1.74 21.46 2.8 45.407867 11.899742 1
4.95 -8.46 1.74 21.47 2.8 45.407867 11.899742 1
4.95 -8.47 1.74 21.46 2.8 45.407867 11.899742 1
4.96 -8.47 1.74 21.47 2.8 45.407867 11.899742 1
4.94 -8.48 1.74 21.48 2.8 45.407867 11.899742 1
4.94 -8.46 1.74 21.46 2.8 45.407867 11.899742 1
4.95 -8.47 1.75 21.47 2.8 45.407867 11.899742 1
4.95 -8.47 1.74 21.47 2.8 45.407867 11.899742 1
4.94 -8.47 1.75 21.46 2.8 45.407867 11.899742 1
4.95 -8.48 1.75 21.48 2.8 45.407867 11.899742 1
4.96 -8.47 1.73 21.48 2.8 45.407867 11.899742 1
4.95 -8.48 1.75 21.47 2.8 45.407867 11.899742 1
4.95 -8.47 1.74 21.47 2.8 45.407867 11.899742 1
4.95 -8.48 1.75 21.47 2.8 45.407867 11.899742 1
4.96 -8.46 1.74 21.46 2.8 45.407867 11.899742 1
4.94 -8.47 1.74 21.48 2.8 45.407867 11.899742 1
4.95 -8.46 1.74 21.47 2.8 45.407867 11.899742 1
4.96 -8.48 1.73 21.47 2.8 45.407867 11.899742 1
4.94 -8.47 1.75 21.47 2.8 45.407867 11.899742 1
4.95 -8.48 1.74 21.48 2.8 45.407867 11.899742 1
4.95 -8.47 1.74 21.47 2.8 45.407867 11.899742 1
4.94 -8.46 1.75 21.46 2.8 45.407867 11.899742 1
4.94 -8.47 1.75 21.46 2.8 45.407867 11.899742 1
4.95 -8.47 1.74 21.46 2.8 45.407867 11.899742 1
4.96 -8.47 1.74 21.46 2.8 45.407867 11.899742 1
4.95 -8.47 1.74 21.47 2.8 45.407867 11.899742 1
4.95 -8.47 1.74 21.48 2.8 45.407867 11.899742 1
4.95 -8.48 1.75 21.47 2.8 45.407867 11.899742 1
4.95 -8.47 1.74 21.46 2.8 45.407867 11.899742 1
4.96 -8.48 1.73 21.48 2.8 45.407867 11.899742 1
4.95 -8.46 1.73 21.47 2.8 45.407867 11.899742 1
4.94 -8.46 1.75 21.48 2.8 45.407867 11.899742 1
4.96 -8.47 1.74 21.47 2.8 45.407867 11.899742 1
4.95 -8.48 1.74 21.48 2.8 45.407867 11.899742 1
4.96 -8.47 1.74 21.48 2.8 45.407867 11.899742 1
4.95 -8.47 1.73 21.47 2.8 45.407867 11.899742 1
4.95 -8.46 1.74 21.47 2.8 45.407867 11.899742 1
4.96 -8.47 1.73 21.48 2.8 45.407867 11.899742 1
4.94 -8.47 1.73 21.48 2.8 45.407867 11.899742 1
4.96 -8.47 1.75 21.47 2.8 45.407867 11.899742 1
4.95 -8.47 1.73 21.48 2.8 45.407867 11.899742 1
4.95 -8.47 1.74 21.47 2.8 45.407867 11.899742 1
4.94 -8.46 1.74 21.47 2.8 45.407867 11.899742 1
4.96 -8.47 1.74 21.47 2.8 45.407867 11.899742 1
4.94 -8.47 1.74 21.47 2.8 45.407867 11.899742 1
4.95 -8.47 1.73 21.47 2.8 45.407867 11.899742 1
4.96 -8.47 1.74 21.48 2.8 45.407867 11.899742 1
4.94 -8.46 1.74 21.47 2.8 45.407867 11.899742 1
4.94 -8.47 1.74 21.46 2.8 45.407867 11.899742 1
4.96 -8.47 1.74 21.46 2.8 45.407867 11.899742 1
4.95 -8.47 1.74 21.48 2.8 45.407867 11.899742 1
4.95 -8.47 1.74 21.47 2.8 45.407867 11.899742 1
4.95 -8.46 1.74 21.48 2.8 45.407867 11.899742 1
4.95 -8.47 1.74 21.48 2.8 45.407867 11.899742 1
4.95 -8.47 1.73 21.46 2.8 45.407867 11.899742 1
4.95 -8.46 1.75 21.47 2.8 45.407867 11.899742 1
