6.31 -7.49 2.02 21.45 1.79 45.407707 11.899100 0
6.04 -7.73 2.19 21.75 1.79 45.407707 11.899100 1
5.6 -7.9 1.94 22.16 1.79 45.407707 11.899100 0
6.26 -7.88 1.98 22.21 1.79 45.407707 11.899100 1
6.33 -7.61 1.88 21.78 1.79 45.407707 11.899100 0
6.03 -7.73 1.73 21.81 1.79 45.407707 11.899100 1
5.61 -8.16 1.89 21.9 1.79 45.407707 11.899100 1
5.36 -8.13 2.09 21.44 1.79 45.407707 11.899100 1
5.54 -8.13 1.8 22.26 1.79 45.407707 11.899100 1
5.88 -8.04 1.65 21.92 1.79 45.407707 11.899100 1
5.86 -7.92 2.22 21.95 1.79 45.407707 11.899100 1
5.96 -7.66 1.78 22.0 1.79 45.407707 11.899100 1
6.06 -7.7 1.73 21.99 1.79 45.407707 11.899100 1
6.0 -7.64 1.81 21.95 1.79 45.407707 11.899100 1
6.24 -7.7 1.86 22.42 1.79 45.407707 11.899100 1
6.06 -7.87 1.68 22.36 1.79 45.407707 11.899100 1
5.97 -7.62 1.95 21.93 1.79 45.407707 11.899100 1
5.9 -7.84 2.15 22.0 1.79 45.407707 11.899100 1
5.95 -7.76 2.04 22.42 1.79 45.407707 11.899100 1
5.95 -7.9 1.96 21.95 2.67 45.407709 11.899134 0
5.67 -8.06 2.14 22.79 2.67 45.407709 11.899134 1
5.54 -8.03 1.89 22.31 2.67 45.407709 11.899134 0
5.94 -7.97 1.7 22.31 2.67 45.407709 11.899134 1
5.8 -7.76 1.76 21.97 2.67 45.407709 11.899134 1
5.97 -7.66 1.82 22.31 2.67 45.407709 11.899134 1
6.17 -7.49 1.9 21.85 2.67 45.407709 11.899134 1
6.36 -7.76 2.1 22.67 2.67 45.407709 11.899134 1
6.11 -7.4 2.02 21.93 2.67 45.407709 11.899134 1
6.12 -7.78 1.9 22.83 2.67 45.407709 11.899134 1
6.06 -7.72 2.01 22.47 2.67 45.407709 11.899134 1
6.05 -7.81 1.73 22.47 2.67 45.407709 11.899134 1
5.9 -7.55 1.66 22.43 2.67 45.407709 11.899134 1
5.78 -7.93 1.81 22.02 2.67 45.407709 11.899134 1
5.49 -8.27 1.75 22.0 2.67 45.407709 11.899134 1
5.56 -8.22 1.72 22.05 2.67 45.407709 11.899134 1
5.87 -7.58 1.77 22.11 2.67 45.407709 11.899134 1
5.89 -7.65 1.59 22.36 2.67 45.407709 11.899134 1
6.21 -7.89 1.67 21.9 2.9 45.407723 11.899165 0
6.11 -7.81 1.53 21.9 2.9 45.407723 11.899165 1
6.06 -7.98 2.15 21.81 2.9 45.407723 11.899165 0
5.78 -7.52 1.82 22.31 2.9 45.407723 11.899165 1
6.03 -7.72 1.85 21.9 2.9 45.407723 11.899165 1
5.74 -7.71 1.93 22.29 2.9 45.407723 11.899165 1
6.19 -8.19 1.79 23.48 2.9 45.407723 11.899165 1
6.13 -7.64 2.35 22.0 2.9 45.407723 11.899165 1
5.64 -8.12 2.57 21.97 2.9 45.407723 11.899165 1
6.02 -7.48 1.62 22.78 2.9 45.407723 11.899165 1
5.78 -7.83 1.9 22.31 2.9 45.407723 11.899165 1
6.0 -8.22 2.13 22.36 2.9 45.407723 11.899165 1
6.16 -7.45 1.83 22.43 2.9 45.407723 11.899165 1
6.13 -7.51 1.62 22.47 2.9 45.407723 11.899165 1
5.87 -7.46 1.92 22.07 2.9 45.407723 11.899165 1
6.28 -7.58 1.66 22.42 2.9 45.407723 11.899165 1
6.34 -7.57 1.56 21.69 2.9 45.407723 11.899165 1
6.05 -7.48 1.61 21.76 2.08 45.407736 11.899191 0
6.28 -7.7 1.67 21.75 2.08 45.407736 11.899191 1
6.02 -7.6 1.47 22.26 2.08 45.407736 11.899191 0
6.19 -7.49 1.55 21.71 2.08 45.407736 11.899191 1
6.05 -7.61 1.38 22.47 2.08 45.407736 11.899191 1
5.81 -8.08 2.03 21.8 2.08 45.407736 11.899191 1
5.93 -7.92 1.97 22.6 2.08 45.407736 11.899191 1
5.65 -7.75 1.81 22.24 2.08 45.407736 11.899191 1
5.59 -7.91 1.92 22.36 2.08 45.407736 11.899191 1
5.8 -7.47 2.36 21.92 2.08 45.407736 11.899191 1
6.36 -7.75 1.81 22.28 2.08 45.407736 11.899191 1
6.44 -7.54 1.96 21.95 2.08 45.407736 11.899191 1
6.3 -7.59 2.2 22.42 2.08 45.407736 11.899191 1
6.0 -7.63 2.16 22.05 2.08 45.407736 11.899191 1
6.03 -7.69 1.96 21.57 2.08 45.407736 11.899191 1
5.72 -7.6 2.37 22.38 2.08 45.407736 11.899191 1
6.0 -8.15 2.0 22.36 2.08 45.407736 11.899191 1
6.08 -7.86 1.43 21.9 2.08 45.407736 11.899191 1
5.57 -7.99 1.66 22.29 2.95 45.407743 11.899226 0
5.49 -7.69 1.65 21.92 2.95 45.407743 11.899226 1
5.61 -7.9 2.19 22.31 2.95 45.407743 11.899226 0
5.84 -7.51 1.91 22.26 2.95 45.407743 11.899226 1
6.01 -8.11 1.68 22.23 2.95 45.407743 11.899226 1
6.29 -7.55 1.85 21.78 2.95 45.407743 11.899226 1
6.13 -7.81 1.8 22.23 2.95 45.407743 11.899226 1
6.08 -7.64 2.21 21.87 2.95 45.407743 11.899226 1
6.04 -7.66 1.87 22.36 2.95 45.407743 11.899226 1
5.96 -7.97 2.01 21.93 2.95 45.407743 11.899226 1
5.87 -7.73 1.59 22.02 2.95 45.407743 11.899226 1
5.69 -7.81 1.42 22.88 2.95 45.407743 11.899226 1
5.88 -7.7 1.43 22.0 2.95 45.407743 11.899226 1
5.57 -8.17 1.67 21.88 2.95 45.407743 11.899226 1
5.92 -7.83 1.88 21.95 2.95 45.407743 11.899226 1
5.59 -8.41 1.34 21.95 2.95 45.407743 11.899226 1
6.08 -7.66 1.97 21.9 2.95 45.407743 11.899226 1
5.83 -7.58 2.13 22.26 2.72 45.407753 11.899260 0
6.0 -8.0 2.07 21.8 2.72 45.407753 11.899260 1
5.9 -7.83 2.15 22.16 2.72 45.407753 11.899260 0
6.03 -7.95 2.08 22.12 2.72 45.407753 11.899260 1
6.2 -7.78 1.99 21.39 2.72 45.407753 11.899260 1
5.79 -7.87 2.23 21.9 2.72 45.407753 11.899260 1
5.85 -7.44 2.22 21.9 2.72 45.407753 11.899260 1
6.07 -7.71 2.11 21.39 2.72 45.407753 11.899260 1
5.72 -8.09 1.92 22.05 2.72 45.407753 11.899260 1
5.67 -7.95 1.99 22.12 2.72 45.407753 11.899260 1
5.85 -7.96 1.69 22.04 2.72 45.407753 11.899260 1
5.87 -7.63 1.85 22.43 2.72 45.407753 11.899260 1
6.07 -8.06 1.8 22.0 2.72 45.407753 11.899260 1
5.93 -7.54 1.63 22.07 2.72 45.407753 11.899260 1
6.3 -7.95 1.66 22.42 2.72 45.407753 11.899260 1
6.06 -7.4 1.55 22.79 2.72 45.407753 11.899260 1
6.23 -7.67 1.53 22.0 2.72 45.407753 11.899260 1
6.27 -7.56 1.5 21.92 2.72 45.407753 11.899260 1
6.06 -7.54 1.99 22.26 2.48 45.407767 11.899292 0
6.16 -7.8 1.86 21.81 2.48 45.407767 11.899292 1
5.83 -7.91 1.66 22.36 2.48 45.407767 11.899292 0
5.77 -7.98 1.73 22.88 2.48 45.407767 11.899292 1
5.62 -7.81 1.63 21.47 2.48 45.407767 11.899292 1
5.83 -7.89 1.81 22.23 2.48 45.407767 11.899292 1
5.68 -8.06 2.09 22.23 2.48 45.407767 11.899292 1
6.04 -7.82 1.87 22.35 2.48 45.407767 11.899292 1
6.27 -7.36 2.03 22.74 2.48 45.407767 11.899292 1
6.15 -7.71 2.05 22.42 2.48 45.407767 11.899292 1
6.0 -7.7 2.01 21.97 2.48 45.407767 11.899292 1
6.04 -7.75 2.15 22.31 2.48 45.407767 11.899292 1
6.15 -7.73 2.04 21.92 2.48 45.407767 11.899292 1
6.12 -7.61 2.16 21.93 2.48 45.407767 11.899292 1
5.96 -7.78 2.44 22.0 2.48 45.407767 11.899292 1
5.8 -7.91 2.05 22.0 2.48 45.407767 11.899292 1
5.81 -7.97 1.85 21.95 2.48 45.407767 11.899292 1
5.76 -7.89 1.8 22.0 2.04 45.407774 11.899320 0
5.53 -7.92 1.93 22.35 2.04 45.407774 11.899320 1
5.99 -7.91 1.62 21.85 2.04 45.407774 11.899320 1
6.11 -7.69 1.63 21.81 2.04 45.407774 11.899320 0
6.24 -7.88 1.87 22.31 2.04 45.407774 11.899320 1
6.2 -7.48 2.03 21.85 2.04 45.407774 11.899320 1
6.05 -7.7 1.92 21.81 2.04 45.407774 11.899320 1
6.27 -7.85 1.66 21.75 2.04 45.407774 11.899320 1
6.16 -7.79 1.73 21.85 2.04 45.407774 11.899320 1
6.23 -7.7 1.81 21.9 2.04 45.407774 11.899320 1
6.08 -7.72 1.52 22.31 2.04 45.407774 11.899320 1
6.1 -7.68 1.45 22.33 2.04 45.407774 11.899320 1
5.6 -8.19 1.49 22.74 2.04 45.407774 11.899320 1
5.66 -7.86 1.89 22.78 2.04 45.407774 11.899320 1
5.87 -8.14 1.75 21.95 2.04 45.407774 11.899320 1
5.77 -7.74 1.94 22.36 2.04 45.407774 11.899320 1
5.95 -7.65 2.33 22.79 2.04 45.407774 11.899320 1
5.88 -7.63 2.17 21.76 2.04 45.407774 11.899320 1
6.3 -7.9 1.88 21.66 2.66 45.407780 11.899355 0
6.38 -7.69 1.93 22.66 2.66 45.407780 11.899355 1
6.03 -7.73 2.21 21.85 2.66 45.407780 11.899355 0
6.15 -7.62 2.18 22.28 2.66 45.407780 11.899355 1
6.07 -7.67 2.2 21.87 2.66 45.407780 11.899355 1
5.78 -7.9 2.28 22.74 2.66 45.407780 11.899355 1
5.71 -8.04 1.92 21.85 2.66 45.407780 11.899355 1
5.7 -8.28 1.79 21.97 2.66 45.407780 11.899355 1
5.79 -7.62 1.8 22.31 2.66 45.407780 11.899355 1
5.97 -7.77 1.86 22.31 2.66 45.407780 11.899355 1
5.75 -7.84 1.84 22.17 2.66 45.407780 11.899355 1
6.11 -7.85 1.52 22.72 2.66 45.407780 11.899355 1
6.46 -7.54 1.59 22.31 2.66 45.407780 11.899355 1
6.22 -7.38 1.62 22.42 2.66 45.407780 11.899355 1
6.1 -7.69 1.41 22.4 2.66 45.407780 11.899355 1
5.96 -7.62 1.5 21.9 2.66 45.407780 11.899355 1
6.33 -7.85 1.73 22.19 2.66 45.407780 11.899355 1
6.26 -7.51 1.57 22.21 2.66 45.407780 11.899355 1
6.23 -7.86 1.43 22.31 3.25 45.407784 11.899402 0
5.6 -7.88 1.8 21.9 3.25 45.407784 11.899402 1
5.64 -8.05 1.59 21.9 3.25 45.407784 11.899402 0
5.79 -7.96 2.08 22.31 3.25 45.407784 11.899402 1
5.33 -7.91 2.29 21.85 3.25 45.407784 11.899402 1
6.11 -7.7 1.94 22.26 3.25 45.407784 11.899402 1
6.37 -8.1 1.95 22.02 3.25 45.407784 11.899402 1
6.53 -7.34 1.9 22.79 3.25 45.407784 11.899402 1
6.39 -7.72 1.89 28.62 3.25 45.407784 11.899402 1
6.0 -7.47 1.83 23.41 3.25 45.407784 11.899402 1
6.14 -7.41 2.17 21.99 3.25 45.407784 11.899402 1
6.06 -6.9 2.11 22.52 3.25 45.407784 11.899402 1
5.93 -8.06 2.37 22.42 3.25 45.407784 11.899402 1
5.65 -8.34 1.91 21.85 3.25 45.407784 11.899402 1
5.74 -8.2 2.03 21.42 3.25 45.407784 11.899402 1
5.66 -7.85 2.2 21.69 3.25 45.407784 11.899402 1
5.46 -7.62 1.9 21.75 3.25 45.407784 11.899402 1
6.08 -8.34 1.92 21.88 3.16 45.407790 11.899444 0
5.31 -7.38 2.01 21.87 3.16 45.407790 11.899444 1
5.78 -6.99 1.77 22.21 3.16 45.407790 11.899444 0
6.31 -8.24 1.55 21.33 3.16 45.407790 11.899444 1
6.17 -7.42 1.67 21.3 3.16 45.407790 11.899444 1
5.7 -8.0 1.96 21.71 3.16 45.407790 11.899444 1
6.63 -7.74 2.17 21.52 3.16 45.407790 11.899444 1
5.63 -7.59 1.92 22.43 3.16 45.407790 11.899444 1
5.81 -7.53 2.0 22.79 3.16 45.407790 11.899444 1
5.49 -7.84 1.5 24.06 3.16 45.407790 11.899444 1
5.62 -7.04 1.88 23.07 3.16 45.407790 11.899444 1
6.51 -8.5 1.91 22.16 3.16 45.407790 11.899444 1
5.83 -9.18 2.1 22.12 3.16 45.407790 11.899444 1
6.11 -8.28 2.06 22.31 3.16 45.407790 11.899444 1
5.74 -6.77 1.95 21.63 3.16 45.407790 11.899444 1
6.09 -7.03 1.89 22.0 3.16 45.407790 11.899444 1
5.69 -7.67 1.96 21.61 3.16 45.407790 11.899444 1
6.6 -7.88 2.14 21.44 3.16 45.407790 11.899444 1
6.07 -8.2 1.62 21.47 2.18 45.407801 11.899472 0
5.9 -7.73 2.04 22.0 2.18 45.407801 11.899472 1
5.64 -7.15 2.25 21.76 2.18 45.407801 11.899472 0
5.88 -6.78 2.39 21.95 2.18 45.407801 11.899472 1
6.52 -8.22 2.2 22.16 2.18 45.407801 11.899472 1
5.99 -8.54 2.13 21.9 2.18 45.407801 11.899472 1
5.97 -8.24 1.78 22.42 2.18 45.407801 11.899472 1
5.78 -7.25 1.23 23.07 2.18 45.407801 11.899472 1
5.85 -7.26 1.54 22.36 2.18 45.407801 11.899472 1
5.98 -7.97 1.57 22.71 2.18 45.407801 11.899472 1
6.41 -8.02 1.74 21.56 2.18 45.407801 11.899472 1
6.63 -8.51 1.77 21.71 2.18 45.407801 11.899472 1
6.37 -7.71 1.82 22.07 2.18 45.407801 11.899472 1
5.56 -7.04 1.95 22.31 2.18 45.407801 11.899472 1
6.22 -7.14 1.62 22.21 2.18 45.407801 11.899472 1
6.35 -7.63 1.69 21.88 2.18 45.407801 11.899472 1
6.01 -8.15 1.99 21.61 2.18 45.407801 11.899472 1
5.71 -8.4 1.87 21.8 3.35 45.407808 11.899514 0
5.7 -7.92 1.69 21.45 3.35 45.407808 11.899514 1
5.63 -7.64 1.79 21.9 3.35 45.407808 11.899514 0
5.85 -7.64 1.75 21.4 3.35 45.407808 11.899514 1
6.16 -7.49 1.9 21.76 3.35 45.407808 11.899514 1
6.22 -7.59 2.04 21.76 3.35 45.407808 11.899514 1
6.31 -7.75 1.86 21.81 3.35 45.407808 11.899514 1
6.23 -7.61 1.99 22.17 3.35 45.407808 11.899514 1
6.33 -7.31 2.02 21.61 3.35 45.407808 11.899514 1
6.19 -7.83 2.19 22.09 3.35 45.407808 11.899514 1
6.1 -7.65 2.25 22.11 3.35 45.407808 11.899514 1
6.08 -7.45 2.15 22.11 3.35 45.407808 11.899514 1
5.95 -7.89 1.97 22.05 3.35 45.407808 11.899514 1
5.84 -8.1 1.94 22.4 3.35 45.407808 11.899514 1
5.54 -7.83 1.96 21.51 3.35 45.407808 11.899514 1
5.91 -7.92 2.11 21.85 3.35 45.407808 11.899514 1
5.82 -7.81 2.11 21.75 3.35 45.407808 11.899514 1
6.26 -7.7 2.04 21.73 3.35 45.407808 11.899514 1
6.36 -7.41 1.75 21.8 3.26 45.407815 11.899559 0
6.36 -7.32 1.78 22.31 3.26 45.407815 11.899559 1
6.14 -7.58 1.85 21.76 3.26 45.407815 11.899559 0
6.08 -7.79 1.51 21.69 3.26 45.407815 11.899559 1
6.18 -7.81 1.27 21.39 3.26 45.407815 11.899559 1
6.27 -7.71 1.74 21.8 3.26 45.407815 11.899559 1
5.92 -7.88 1.92 21.85 3.26 45.407815 11.899559 1
5.79 -7.54 1.89 22.0 3.26 45.407815 11.899559 1
5.87 -7.73 1.69 22.0 3.26 45.407815 11.899559 1
5.69 -8.05 1.58 21.92 3.26 45.407815 11.899559 1
5.94 -8.17 2.01 21.9 3.26 45.407815 11.899559 1
6.2 -7.55 2.1 21.87 3.26 45.407815 11.899559 1
6.42 -7.43 1.97 21.87 3.26 45.407815 11.899559 1
6.07 -7.6 1.98 21.76 3.26 45.407815 11.899559 1
6.23 -7.96 2.09 21.75 3.26 45.407815 11.899559 1
6.24 -7.5 2.26 21.37 3.26 45.407815 11.899559 1
6.48 -7.64 2.28 21.73 3.26 45.407815 11.899559 1
6.11 -7.34 2.26 22.0 2.95 45.407822 11.899599 0
6.17 -7.32 2.32 21.9 2.95 45.407822 11.899599 1
5.85 -7.84 2.07 21.9 2.95 45.407822 11.899599 0
5.81 -8.18 1.78 21.88 2.95 45.407822 11.899599 1
5.82 -8.06 1.76 21.85 2.95 45.407822 11.899599 1
5.83 -7.47 2.04 21.85 2.95 45.407822 11.899599 1
5.76 -7.75 2.01 21.9 2.95 45.407822 11.899599 1
6.03 -7.94 1.74 21.35 2.95 45.407822 11.899599 1
6.3 -7.75 1.68 21.87 2.95 45.407822 11.899599 1
6.38 -7.81 1.88 21.47 2.95 45.407822 11.899599 1
6.32 -7.61 1.75 21.61 2.95 45.407822 11.899599 1
6.17 -7.37 1.81 22.11 2.95 45.407822 11.899599 1
6.44 -7.34 1.76 22.16 2.95 45.407822 11.899599 1
6.66 -7.45 1.62 22.54 2.95 45.407822 11.899599 1
6.8 -8.62 2.01 21.81 2.95 45.407822 11.899599 1
8.18 -7.54 1.98 23.53 2.95 45.407822 11.899599 1
3.51 -7.98 2.63 24.25 2.95 45.407822 11.899599 1
2.89 -7.21 1.41 24.8 2.95 45.407822 11.899599 1
5.37 -8.76 1.8 20.48 3.85 45.407829 11.899647 0
3.6 -6.37 2.46 18.04 3.85 45.407829 11.899647 1
7.55 -12.8 2.12 15.85 3.85 45.407829 11.899647 0
6.8 -12.02 3.42 18.4 3.85 45.407829 11.899647 1
3.82 -4.48 3.1 21.2 3.85 45.407829 11.899647 1
4.35 -4.82 1.7 24.35 3.85 45.407829 11.899647 1
6.28 -6.92 2.44 24.2 3.85 45.407829 11.899647 1
5.0 -2.19 2.17 23.24 3.85 45.407829 11.899647 1
10.56 -11.64 1.73 21.25 3.85 45.407829 11.899647 1
3.85 -9.86 4.92 22.02 3.85 45.407829 11.899647 1
7.15 -9.79 0.47 22.0 3.85 45.407829 11.899647 1
4.65 -7.74 3.07 21.95 3.85 45.407829 11.899647 1
5.23 -6.76 2.05 22.31 3.85 45.407829 11.899647 1
5.82 -7.35 2.16 21.97 3.85 45.407829 11.899647 1
6.01 -8.18 1.87 21.8 3.85 45.407829 11.899647 1
6.01 -8.44 1.19 21.8 3.85 45.407829 11.899647 1
5.81 -8.05 1.14 21.44 3.85 45.407829 11.899647 1
5.89 -7.37 1.36 21.44 3.31 45.407839 11.899690 0
5.95 -7.35 1.46 21.39 3.31 45.407839 11.899690 1
6.13 -7.56 1.54 21.69 3.31 45.407839 11.899690 0
6.59 -8.02 1.41 21.78 3.31 45.407839 11.899690 1
5.93 -7.58 1.44 21.95 3.31 45.407839 11.899690 1
5.88 -7.8 1.53 22.0 3.31 45.407839 11.899690 1
5.98 -7.56 1.63 22.0 3.31 45.407839 11.899690 1
5.91 -7.74 2.09 21.56 3.31 45.407839 11.899690 1
5.87 -8.61 1.74 22.62 3.31 45.407839 11.899690 1
5.74 -7.79 2.13 22.62 3.31 45.407839 11.899690 1
6.33 -7.57 1.95 21.97 3.31 45.407839 11.899690 1
6.46 -7.44 2.02 21.9 3.31 45.407839 11.899690 1
6.28 -8.0 2.18 22.0 3.31 45.407839 11.899690 1
6.31 -8.01 2.09 22.05 3.31 45.407839 11.899690 1
6.13 -7.39 2.09 22.07 3.31 45.407839 11.899690 1
6.11 -7.6 2.49 22.02 3.31 45.407839 11.899690 1
5.8 -7.73 2.26 21.33 3.31 45.407839 11.899690 1
6.0 -7.88 2.27 21.8 3.31 45.407839 11.899690 1
5.66 -8.02 1.9 21.8 3.1 45.407845 11.899733 0
5.84 -8.14 1.68 21.39 3.1 45.407845 11.899733 1
5.65 -7.49 1.69 21.87 3.1 45.407845 11.899733 0
5.79 -8.09 2.0 22.02 3.1 45.407845 11.899733 1
5.83 -7.68 2.11 21.95 3.1 45.407845 11.899733 1
6.22 -7.63 2.17 21.95 3.1 45.407845 11.899733 1
6.27 -7.86 1.98 21.87 3.1 45.407845 11.899733 1
6.02 -7.78 1.53 22.48 3.1 45.407845 11.899733 1
6.02 -7.86 1.66 22.11 3.1 45.407845 11.899733 1
6.16 -7.52 1.81 22.02 3.1 45.407845 11.899733 1
6.19 -7.61 2.06 21.95 3.1 45.407845 11.899733 1
6.19 -7.67 1.78 22.05 3.1 45.407845 11.899733 1
5.92 -8.01 1.58 21.99 3.1 45.407845 11.899733 1
5.66 -7.91 1.45 22.07 3.1 45.407845 11.899733 1
5.51 -7.82 1.62 21.61 3.1 45.407845 11.899733 1
5.71 -8.05 1.95 21.95 3.1 45.407845 11.899733 1
5.98 -7.98 1.81 21.81 3.1 45.407845 11.899733 1
5.97 -8.0 2.01 21.52 2.64 45.407851 11.899768 0
6.03 -7.21 2.12 22.0 2.64 45.407851 11.899768 1
6.31 -7.43 1.92 21.95 2.64 45.407851 11.899768 0
6.11 -7.79 1.86 21.45 2.64 45.407851 11.899768 1
6.1 -7.89 1.77 21.51 2.64 45.407851 11.899768 1
6.2 -7.74 1.73 21.9 2.64 45.407851 11.899768 1
6.02 -7.49 1.77 21.87 2.64 45.407851 11.899768 1
6.28 -7.68 2.18 21.83 2.64 45.407851 11.899768 1
6.51 -7.2 2.2 22.05 2.64 45.407851 11.899768 1
6.23 -7.59 1.99 21.57 2.64 45.407851 11.899768 1
5.62 -7.89 2.11 22.0 2.64 45.407851 11.899768 1
5.79 -8.03 1.98 21.92 2.64 45.407851 11.899768 1
5.85 -7.91 2.08 21.51 2.64 45.407851 11.899768 1
5.85 -7.78 2.25 21.97 2.64 45.407851 11.899768 1
5.83 -7.71 1.93 21.99 2.64 45.407851 11.899768 1
5.9 -7.8 1.99 22.07 2.64 45.407851 11.899768 1
6.17 -7.74 1.9 22.42 2.64 45.407851 11.899768 1
6.36 -7.35 1.35 22.0 2.64 45.407851 11.899768 1
6.15 -7.5 1.89 21.95 2.94 45.407854 11.899810 0
5.72 -7.86 1.77 21.51 2.94 45.407854 11.899810 1
5.99 -7.8 1.7 21.81 2.94 45.407854 11.899810 0
5.88 -8.21 1.78 21.8 2.94 45.407854 11.899810 1
5.76 -7.93 1.49 21.39 2.94 45.407854 11.899810 1
5.68 -7.87 1.94 21.85 2.94 45.407854 11.899810 1
5.56 -7.92 1.84 21.9 2.94 45.407854 11.899810 1
5.47 -7.95 2.07 22.05 2.94 45.407854 11.899810 1
5.48 -7.94 2.07 22.05 2.94 45.407854 11.899810 1
5.48 -7.95 2.08 22.06 2.94 45.407854 11.899810 1
5.47 -7.95 2.06 22.05 2.94 45.407854 11.899810 1
5.47 -7.95 2.07 22.05 2.94 45.407854 11.899810 1
5.47 -7.94 2.07 22.06 2.94 45.407854 11.899810 1
5.47 -7.94 2.07 22.06 2.94 45.407854 11.899810 1
5.47 -7.95 2.07 22.05 2.94 45.407854 11.899810 1
