5.71 -8.06 1.67 21.85 2.53 45.407738 11.899252 0
5.21 -7.97 1.88 22.69 2.53 45.407738 11.899252 1
5.53 -8.44 1.94 21.9 2.53 45.407738 11.899252 1
5.73 -8.23 2.17 22.76 2.53 45.407738 11.899252 1
5.7 -7.7 2.29 22.36 2.53 45.407738 11.899252 0
5.92 -7.52 2.14 21.81 2.53 45.407738 11.899252 1
5.88 -8.05 1.91 21.78 2.53 45.407738 11.899252 0
5.83 -7.8 2.29 23.07 2.53 45.407738 11.899252 1
6.19 -7.85 1.96 22.26 2.53 45.407738 11.899252 1
5.68 -7.7 2.21 21.78 2.53 45.407738 11.899252 1
6.0 -7.94 2.25 22.28 2.53 45.407738 11.899252 1
5.74 -7.8 2.02 21.87 2.53 45.407738 11.899252 1
5.89 -7.9 1.97 22.04 2.53 45.407738 11.899252 1
5.99 -7.65 2.24 22.14 2.53 45.407738 11.899252 1
5.27 -7.73 2.33 22.67 2.53 45.407738 11.899252 1
5.65 -7.79 1.79 22.05 2.53 45.407738 11.899252 1
5.67 -7.95 1.29 21.92 2.53 45.407738 11.899252 1
6.17 -8.12 1.67 21.99 2.53 45.407738 11.899252 1
5.97 -7.66 1.76 22.52 2.53 45.407738 11.899252 1
6.18 -7.44 1.69 22.12 2.53 45.407738 11.899252 1
5.9 -7.28 1.76 22.07 2.53 45.407738 11.899252 1
6.24 -7.72 1.52 21.78 2.53 45.407738 11.899252 1
6.26 -7.69 1.89 22.36 2.4 45.407747 11.899277 0
5.98 -7.92 1.84 21.9 2.4 45.407747 11.899277 1
6.07 -7.4 2.01 21.76 2.4 45.407747 11.899277 0
5.9 -8.03 1.97 21.75 2.4 45.407747 11.899277 1
5.88 -7.87 1.74 21.8 2.4 45.407747 11.899277 1
5.76 -7.98 1.56 21.44 2.4 45.407747 11.899277 1
5.6 -8.02 1.94 21.8 2.4 45.407747 11.899277 1
5.98 -8.14 1.76 46.79 2.4 45.407747 11.899277 1
6.31 -7.49 2.1 22.48 2.4 45.407747 11.899277 1
6.36 -7.32 1.62 21.99 2.4 45.407747 11.899277 1
5.85 -7.9 1.61 22.42 2.4 45.407747 11.899277 1
6.42 -7.88 2.08 22.72 2.4 45.407747 11.899277 1
6.15 -7.68 2.42 21.95 2.4 45.407747 11.899277 1
6.44 -7.77 2.19 22.38 2.4 45.407747 11.899277 1
6.3 -7.22 2.24 22.43 2.4 45.407747 11.899277 1
6.46 -7.33 2.29 22.05 2.4 45.407747 11.899277 1
6.03 -7.6 2.01 21.97 2.4 45.407747 11.899277 1
5.67 -7.86 1.9 21.33 2.45 45.407752 11.899303 0
5.76 -8.1 1.59 22.69 2.45 45.407752 11.899303 1
5.5 -7.84 1.37 21.9 2.45 45.407752 11.899303 0
5.95 -7.84 1.67 21.9 2.45 45.407752 11.899303 1
6.01 -7.49 1.67 22.81 2.45 45.407752 11.899303 1
6.24 -7.85 1.71 21.8 2.45 45.407752 11.899303 1
5.99 -7.86 1.93 22.17 2.45 45.407752 11.899303 1
6.17 -7.72 1.71 21.81 2.45 45.407752 11.899303 1
6.27 -7.74 1.89 22.35 2.45 45.407752 11.899303 1
5.81 -7.78 1.74 21.87 2.45 45.407752 11.899303 1
5.95 -7.56 1.99 22.31 2.45 45.407752 11.899303 1
6.09 -7.7 1.48 22.31 2.45 45.407752 11.899303 1
6.02 -7.59 1.77 22.36 2.45 45.407752 11.899303 1
6.15 -7.59 1.29 21.88 2.45 45.407752 11.899303 1
5.86 -7.75 1.21 22.72 2.45 45.407752 11.899303 1
6.02 -7.85 1.82 22.26 2.45 45.407752 11.899303 1
5.68 -7.84 1.85 22.21 2.45 45.407752 11.899303 1
6.31 -8.31 1.84 22.0 2.45 45.407752 11.899303 1
6.08 -7.64 1.94 22.91 2.11 45.407760 11.899323 0
6.35 -7.68 1.95 21.9 2.11 45.407760 11.899323 1
6.12 -7.77 2.07 21.64 2.11 45.407760 11.899323 0
6.23 -7.56 2.2 21.75 2.11 45.407760 11.899323 1
6.21 -7.13 2.15 22.24 2.11 45.407760 11.899323 1
6.22 -7.96 2.46 21.71 2.11 45.407760 11.899323 1
5.87 -7.51 2.35 21.71 2.11 45.407760 11.899323 1
5.85 -7.9 1.87 21.81 2.11 45.407760 11.899323 1
5.91 -8.06 1.97 21.88 2.11 45.407760 11.899323 1
5.42 -8.11 1.77 22.42 2.11 45.407760 11.899323 1
5.87 -8.02 1.76 22.07 2.11 45.407760 11.899323 1
5.79 -7.79 1.83 22.05 2.11 45.407760 11.899323 1
5.9 -7.58 1.85 22.88 2.11 45.407760 11.899323 1
5.9 -7.58 1.79 22.74 2.11 45.407760 11.899323 1
6.48 -7.94 1.77 21.9 2.11 45.407760 11.899323 1
6.07 -7.61 1.61 22.31 2.11 45.407760 11.899323 1
6.4 -7.57 1.57 22.26 2.11 45.407760 11.899323 1
6.21 -7.38 1.73 21.85 2.11 45.407760 11.899323 1
6.01 -7.68 1.37 21.75 2.94 45.407767 11.899353 0
6.18 -7.5 1.55 22.16 2.94 45.407767 11.899353 1
6.03 -7.89 1.64 22.17 2.94 45.407767 11.899353 0
5.91 -7.87 1.56 21.9 2.94 45.407767 11.899353 1
5.91 -7.67 1.81 22.31 2.94 45.407767 11.899353 1
5.57 -7.91 2.19 21.8 2.94 45.407767 11.899353 1
5.64 -8.2 2.16 21.87 2.94 45.407767 11.899353 1
6.48 -7.88 1.84 22.0 2.94 45.407767 11.899353 1
6.17 -7.71 1.82 21.92 2.94 45.407767 11.899353 1
6.06 -7.56 2.01 22.02 2.94 45.407767 11.899353 1
6.29 -7.52 1.99 22.42 2.94 45.407767 11.899353 1
6.18 -7.58 1.75 21.92 2.94 45.407767 11.899353 1
6.07 -7.89 1.89 21.92 2.94 45.407767 11.899353 1
6.19 -7.84 2.09 22.31 2.94 45.407767 11.899353 1
5.79 -7.66 2.14 21.97 2.94 45.407767 11.899353 1
5.73 -7.79 1.96 22.43 2.94 45.407767 11.899353 1
5.6 -7.83 1.94 22.31 2.94 45.407767 11.899353 1
5.77 -7.97 2.01 22.54 2.22 45.407778 11.899375 0
6.02 -7.9 1.91 21.85 2.22 45.407778 11.899375 1
5.9 -7.97 1.71 22.26 2.22 45.407778 11.899375 0
5.94 -7.31 2.06 22.26 2.22 45.407778 11.899375 1
6.02 -7.97 1.66 22.26 2.22 45.407778 11.899375 1
6.16 -7.62 2.01 22.31 2.22 45.407778 11.899375 1
5.98 -7.77 1.73 21.85 2.22 45.407778 11.899375 1
6.2 -7.43 1.82 21.85 2.22 45.407778 11.899375 1
6.1 -7.87 1.71 22.36 2.22 45.407778 11.899375 1
5.87 -7.79 1.99 21.95 2.22 45.407778 11.899375 1
5.61 -8.17 1.75 22.78 2.22 45.407778 11.899375 1
5.75 -7.86 1.4 21.97 2.22 45.407778 11.899375 1
5.92 -8.23 1.66 21.93 2.22 45.407778 11.899375 1
5.84 -7.82 1.77 22.0 2.22 45.407778 11.899375 1
5.92 -7.76 1.92 23.29 2.22 45.407778 11.899375 1
6.1 -7.66 1.73 21.95 2.22 45.407778 11.899375 1
6.32 -7.5 1.88 21.64 2.22 45.407778 11.899375 1
6.15 -7.91 1.98 22.12 2.71 45.407786 11.899408 0
6.08 -7.61 1.87 21.69 2.71 45.407786 11.899408 1
6.19 -7.6 2.11 21.85 2.71 45.407786 11.899408 1
5.97 -7.79 2.25 22.76 2.71 45.407786 11.899408 0
6.08 -7.66 2.11 21.95 2.71 45.407786 11.899408 1
5.9 -7.58 2.17 22.72 2.71 45.407786 11.899408 1
5.9 -8.08 2.02 22.36 2.71 45.407786 11.899408 1
5.42 -7.89 1.87 22.31 2.71 45.407786 11.899408 1
5.89 -8.12 1.41 22.36 2.71 45.407786 11.899408 1
6.02 -7.84 1.72 22.23 2.71 45.407786 11.899408 1
6.06 -7.49 2.04 22.28 2.71 45.407786 11.899408 1
6.42 -7.63 1.92 22.24 2.71 45.407786 11.899408 1
6.08 -7.66 1.94 23.22 2.71 45.407786 11.899408 1
5.87 -7.72 2.06 22.36 2.71 45.407786 11.899408 1
5.74 -7.77 1.98 22.78 2.71 45.407786 11.899408 1
6.05 -7.64 1.49 22.29 2.71 45.407786 11.899408 1
6.21 -7.86 1.7 21.85 2.71 45.407786 11.899408 1
5.84 -7.57 1.7 22.16 2.71 45.407786 11.899408 1
5.87 -7.9 1.24 22.12 3.17 45.407795 11.899448 0
5.93 -7.74 1.82 22.23 3.17 45.407795 11.899448 1
5.57 -8.45 1.65 21.8 3.17 45.407795 11.899448 0
5.6 -7.43 2.79 21.8 3.17 45.407795 11.899448 1
6.31 -7.45 1.89 21.71 3.17 45.407795 11.899448 1
6.38 -7.53 1.65 22.17 3.17 45.407795 11.899448 1
5.85 -9.01 1.97 21.92 3.17 45.407795 11.899448 1
7.05 -7.27 1.82 22.38 3.17 45.407795 11.899448 1
4.72 -7.49 1.8 22.21 3.17 45.407795 11.899448 1
5.8 -7.74 1.93 23.14 3.17 45.407795 11.899448 1
6.79 -7.76 2.12 21.73 3.17 45.407795 11.899448 1
5.91 -7.1 2.27 21.97 3.17 45.407795 11.899448 1
5.26 -9.69 1.88 22.17 3.17 45.407795 11.899448 1
5.41 -6.9 1.74 21.11 3.17 45.407795 11.899448 1
5.71 -7.21 1.78 21.01 3.17 45.407795 11.899448 1
6.73 -9.62 2.03 21.25 3.17 45.407795 11.899448 1
6.32 -7.82 2.01 22.31 3.17 45.407795 11.899448 1
5.77 -6.9 2.04 22.42 3.17 45.407795 11.899448 1
5.98 -6.1 2.18 22.91 2.34 45.407798 11.899478 0
6.2 -7.96 1.98 21.93 2.34 45.407798 11.899478 1
6.06 -7.71 1.78 21.16 2.34 45.407798 11.899478 0
5.83 -8.4 1.44 21.09 2.34 45.407798 11.899478 1
6.83 -8.77 1.54 21.64 2.34 45.407798 11.899478 1
5.2 -7.19 1.83 22.21 2.34 45.407798 11.899478 1
5.79 -7.5 1.68 22.6 2.34 45.407798 11.899478 1
5.91 -7.53 1.61 22.72 2.34 45.407798 11.899478 1
5.48 -6.46 1.41 22.62 2.34 45.407798 11.899478 1
6.2 -9.33 3.1 22.11 2.34 45.407798 11.899478 1
5.85 -8.37 1.76 22.47 2.34 45.407798 11.899478 1
6.17 -8.09 2.04 22.29 2.34 45.407798 11.899478 1
5.66 -7.02 1.77 22.07 2.34 45.407798 11.899478 1
6.06 -6.86 2.12 22.36 2.34 45.407798 11.899478 1
6.4 -7.86 2.11 23.55 2.34 45.407798 11.899478 1
6.0 -7.84 2.16 21.63 2.34 45.407798 11.899478 1
6.03 -8.15 1.99 21.78 2.34 45.407798 11.899478 1
5.56 -7.26 1.81 22.48 3.13 45.407804 11.899516 0
5.39 -7.69 1.97 21.9 3.13 45.407804 11.899516 1
5.8 -8.35 2.05 21.4 3.13 45.407804 11.899516 0
6.08 -8.56 1.73 21.8 3.13 45.407804 11.899516 1
6.18 -7.78 2.04 22.12 3.13 45.407804 11.899516 1
5.76 -7.86 1.85 22.23 3.13 45.407804 11.899516 1
5.94 -7.0 2.23 22.52 3.13 45.407804 11.899516 1
6.12 -7.99 1.82 21.69 3.13 45.407804 11.899516 1
6.3 -8.28 1.89 21.61 3.13 45.407804 11.899516 1
6.54 -8.41 1.8 21.81 3.13 45.407804 11.899516 1
6.31 -7.52 1.67 22.16 3.13 45.407804 11.899516 1
5.64 -7.08 2.07 22.26 3.13 45.407804 11.899516 1
5.87 -7.67 1.9 22.07 3.13 45.407804 11.899516 1
5.59 -8.08 1.5 21.76 3.13 45.407804 11.899516 1
5.98 -8.46 1.82 21.68 3.13 45.407804 11.899516 1
5.51 -8.59 1.27 21.9 3.13 45.407804 11.899516 1
6.05 -6.94 1.85 21.95 3.13 45.407804 11.899516 1
6.27 -7.0 1.89 21.85 2.3 45.407811 11.899542 0
6.38 -7.57 2.04 21.71 2.3 45.407811 11.899542 1
5.75 -8.05 2.12 21.64 2.3 45.407811 11.899542 1
5.89 -8.15 2.28 21.61 2.3 45.407811 11.899542 0
6.6 -7.11 2.31 21.81 2.3 45.407811 11.899542 1
6.7 -6.96 2.24 21.8 2.3 45.407811 11.899542 1
6.55 -7.49 2.3 21.95 2.3 45.407811 11.899542 1
6.01 -7.83 2.19 22.0 2.3 45.407811 11.899542 1
5.57 -7.99 2.37 21.76 2.3 45.407811 11.899542 1
5.26 -7.98 1.85 22.07 2.3 45.407811 11.899542 1
6.12 -8.04 2.08 21.56 2.3 45.407811 11.899542 1
5.65 -7.79 2.18 21.93 2.3 45.407811 11.899542 1
5.87 -7.91 2.02 21.92 2.3 45.407811 11.899542 1
6.03 -7.79 1.87 21.9 2.3 45.407811 11.899542 1
6.45 -7.46 1.98 22.42 2.3 45.407811 11.899542 1
6.29 -7.53 1.96 21.99 2.3 45.407811 11.899542 1
6.41 -7.47 1.74 22.16 2.3 45.407811 11.899542 1
6.11 -7.46 1.46 21.95 2.3 45.407811 11.899542 1
6.3 -7.91 1.22 21.78 3.1 45.407823 11.899580 0
5.91 -8.02 1.42 21.45 3.1 45.407823 11.899580 1
6.07 -7.71 1.73 21.49 3.1 45.407823 11.899580 0
5.81 -7.93 1.67 21.95 3.1 45.407823 11.899580 1
5.62 -8.08 2.08 21.87 3.1 45.407823 11.899580 1
5.65 -8.0 1.98 21.8 3.1 45.407823 11.899580 1
6.28 -7.86 1.96 21.71 3.1 45.407823 11.899580 1
6.34 -7.28 1.98 21.71 3.1 45.407823 11.899580 1
6.19 -7.45 1.99 21.83 3.1 45.407823 11.899580 1
6.1 -7.84 2.11 21.85 3.1 45.407823 11.899580 1
6.1 -7.6 2.3 21.87 3.1 45.407823 11.899580 1
6.12 -7.56 2.27 21.92 3.1 45.407823 11.899580 1
6.19 -7.52 2.17 21.52 3.1 45.407823 11.899580 1
5.84 -7.71 2.0 21.66 3.1 45.407823 11.899580 1
5.81 -7.85 1.85 21.71 3.1 45.407823 11.899580 1
5.62 -7.79 2.1 22.17 3.1 45.407823 11.899580 1
6.21 -7.98 2.24 21.97 3.1 45.407823 11.899580 1
6.18 -7.68 1.75 21.97 3.1 45.407823 11.899580 1
6.05 -7.78 1.85 21.9 3.41 45.407830 11.899625 0
6.08 -7.72 1.82 21.39 3.41 45.407830 11.899625 1
6.15 -7.41 1.82 21.28 3.41 45.407830 11.899625 0
6.32 -8.04 1.74 21.21 3.41 45.407830 11.899625 1
6.23 -7.58 1.48 21.4 3.41 45.407830 11.899625 1
6.36 -7.56 1.63 21.8 3.41 45.407830 11.899625 1
6.21 -7.34 1.74 21.54 3.41 45.407830 11.899625 1
6.48 -7.38 1.78 22.17 3.41 45.407830 11.899625 1
6.47 -7.38 1.91 21.66 3.41 45.407830 11.899625 1
6.36 -8.14 2.12 22.19 3.41 45.407830 11.899625 1
7.94 -8.15 2.05 23.2 3.41 45.407830 11.899625 1
3.67 -8.35 2.24 24.52 3.41 45.407830 11.899625 1
3.6 -7.22 1.37 24.03 3.41 45.407830 11.899625 1
4.86 -7.4 2.17 20.34 3.41 45.407830 11.899625 1
5.15 -6.3 2.3 17.9 3.41 45.407830 11.899625 1
7.29 -14.59 2.49 16.57 3.41 45.407830 11.899625 1
8.25 -10.31 2.71 18.04 3.41 45.407830 11.899625 1
5.46 -4.63 1.79 21.54 3.31 45.407838 11.899667 0
4.71 -3.49 2.31 24.63 3.31 45.407838 11.899667 1
4.46 -5.77 1.89 24.61 3.31 45.407838 11.899667 0
4.94 -2.75 1.6 22.93 3.31 45.407838 11.899667 1
14.6 -12.93 -2.4 21.59 3.31 45.407838 11.899667 1
8.09 -10.1 -0.38 21.39 3.31 45.407838 11.899667 1
4.83 -10.23 0.56 22.11 3.31 45.407838 11.899667 1
4.4 -7.24 1.22 21.95 3.31 45.407838 11.899667 1
5.59 -7.1 1.5 22.26 3.31 45.407838 11.899667 1
6.3 -7.25 2.55 21.51 3.31 45.407838 11.899667 1
6.35 -7.53 1.61 21.68 3.31 45.407838 11.899667 1
6.46 -9.06 1.69 21.75 3.31 45.407838 11.899667 1
5.8 -7.88 1.5 22.0 3.31 45.407838 11.899667 1
5.69 -7.38 1.45 21.97 3.31 45.407838 11.899667 1
6.11 -7.04 2.09 21.42 3.31 45.407838 11.899667 1
6.51 -7.86 1.53 21.4 3.31 45.407838 11.899667 1
5.71 -7.9 2.16 21.49 3.31 45.407838 11.899667 1
5.53 -7.83 2.38 22.36 3.31 45.407838 11.899667 1
5.73 -8.23 1.74 21.95 3.39 45.407841 11.899712 0
5.93 -7.77 1.97 21.59 3.39 45.407841 11.899712 1
6.26 -7.85 2.14 22.02 3.39 45.407841 11.899712 0
6.41 -7.42 2.23 21.99 3.39 45.407841 11.899712 1
6.38 -7.44 2.26 21.95 3.39 45.407841 11.899712 1
6.26 -7.78 2.02 21.85 3.39 45.407841 11.899712 1
6.36 -7.63 2.33 21.51 3.39 45.407841 11.899712 1
6.22 -7.59 2.26 21.61 3.39 45.407841 11.899712 1
6.35 -7.56 2.28 21.61 3.39 45.407841 11.899712 1
5.81 -7.72 2.22 22.02 3.39 45.407841 11.899712 1
5.64 -7.88 2.29 22.02 3.39 45.407841 11.899712 1
5.66 -7.94 2.06 21.97 3.39 45.407841 11.899712 1
5.77 -7.8 1.87 21.61 3.39 45.407841 11.899712 1
6.11 -7.98 1.87 22.05 3.39 45.407841 11.899712 1
5.89 -7.53 1.8 22.05 3.39 45.407841 11.899712 1
5.88 -7.7 1.7 21.97 3.39 45.407841 11.899712 1
5.99 -7.97 1.65 21.4 3.39 45.407841 11.899712 1
6.08 -7.72 1.79 21.69 3.21 45.407847 11.899753 0
6.25 -7.62 1.73 21.33 3.21 45.407847 11.899753 1
6.57 -7.61 1.71 21.85 3.21 45.407847 11.899753 0
6.2 -7.44 1.86 21.54 3.21 45.407847 11.899753 1
6.17 -7.4 1.84 21.85 3.21 45.407847 11.899753 1
6.1 -7.81 1.38 21.95 3.21 45.407847 11.899753 1
5.79 -7.88 1.34 21.47 3.21 45.407847 11.899753 1
5.69 -7.95 1.52 21.47 3.21 45.407847 11.899753 1
5.59 -8.19 1.61 21.93 3.21 45.407847 11.899753 1
5.75 -8.02 2.06 22.0 3.21 45.407847 11.899753 1
5.83 -7.74 2.22 22.52 3.21 45.407847 11.899753 1
6.05 -7.68 1.89 22.07 3.21 45.407847 11.899753 1
6.05 -7.42 2.21 21.99 3.21 45.407847 11.899753 1
6.08 -8.09 2.12 21.61 3.21 45.407847 11.899753 1
6.09 -7.57 2.08 22.02 3.21 45.407847 11.899753 1
6.29 -7.52 2.59 22.05 3.21 45.407847 11.899753 1
6.07 -7.71 2.42 21.4 3.21 45.407847 11.899753 1
6.01 -7.54 2.13 21.87 3.21 45.407847 11.899753 1
5.9 -8.01 1.79 21.45 2.73 45.407852 11.899789 0
5.63 -7.8 1.87 21.9 2.73 45.407852 11.899789 1
5.79 -7.99 2.25 21.85 2.73 45.407852 11.899789 0
5.88 -7.86 2.19 21.85 2.73 45.407852 11.899789 1
5.96 -7.72 1.99 21.81 2.73 45.407852 11.899789 1
5.97 -7.72 1.99 21.82 2.73 45.407852 11.899789 1
5.96 -7.72 1.99 21.8 2.73 45.407852 11.899789 1
5.96 -7.71 2.0 21.82 2.73 45.407852 11.899789 1
5.96 -7.72 1.98 21.8 2.73 45.407852 11.899789 1
5.95 -7.72 2.0 21.81 2.73 45.407852 11.899789 1
5.97 -7.73 1.99 21.8 2.73 45.407852 11.899789 1
5.97 -7.71 1.98 21.82 2.73 45.407852 11.899789 1
5.96 -7.72 2.0 21.82 2.73 45.407852 11.899789 1
5.97 -7.71 1.99 21.8 2.73 45.407852 11.899789 1
5.97 -7.72 1.98 21.8 2.73 45.407852 11.899789 1
5.96 -7.72 2.0 21.82 2.73 45.407852 11.899789 1
5.96 -7.72 1.98 21.8 2.73 45.407852 11.899789 1
5.97 -7.73 1.99 21.81 2.73 45.407852 11.899789 1
5.95 -7.73 2.0 21.81 2.73 45.407852 11.899789 1
5.96 -7.71 1.99 21.82 2.73 45.407852 11.899789 1
5.96 -7.71 1.99 21.81 2.73 45.407852 11.899789 1
5.97 -7.72 2.0 21.81 2.73 45.407852 11.899789 1
5.97 -7.72 2.0 21.81 2.73 45.407852 11.899789 1
5.95 -7.73 1.98 21.8 2.73 45.407852 11.899789 1
5.96 -7.71 1.99 21.8 2.73 45.407852 11.899789 1
5.95 -7.73 1.98 21.81 2.73 45.407852 11.899789 1
5.95 -7.72 2.0 21.81 2.73 45.407852 11.899789 1
5.96 -7.72 1.98 21.82 2.73 45.407852 11.899789 1
5.96 -7.71 1.99 21.81 2.73 45.407852 11.899789 1
5.95 -7.73 2.0 21.82 2.73 45.407852 11.899789 1
5.97 -7.71 2.0 21.81 2.73 45.407852 11.899789 1
5.96 -7.73 1.98 21.81 2.73 45.407852 11.899789 1
5.96 -7.73 1.98 21.8 2.73 45.407852 11.899789 1
5.96 -7.72 2.0 21.82 2.73 45.407852 11.899789 1
5.96 -7.72 2.0 21.82 2.73 45.407852 11.899789 1
5.97 -7.72 1.98 21.82 2.73 45.407852 11.899789 1
5.96 -7.71 1.99 21.81 2.73 45.407852 11.899789 1
5.95 -7.73 1.98 21.81 2.73 45.407852 11.899789 1
5.95 -7.72 1.98 21.82 2.73 45.407852 11.899789 1
5.97 -7.73 2.0 21.82 2.73 45.407852 11.899789 1
5.96 -7.73 2.0 21.8 2.73 45.407852 11.899789 1
5.95 -7.71 1.99 21.81 2.73 45.407852 11.899789 1
5.97 -7.72 2.0 21.8 2.73 45.407852 11.899789 1
5.97 -7.72 1.99 21.81 2.73 45.407852 11.899789 1
5.96 -7.72 1.98 21.81 2.73 45.407852 11.899789 1
5.97 -7.71 1.98 21.82 2.73 45.407852 11.899789 1
5.97 -7.72 2.0 21.8 2.73 45.407852 11.899789 1
5.97 -7.72 2.0 21.81 2.73 45.407852 11.899789 1
5.96 -7.73 1.99 21.81 2.73 45.407852 11.899789 1
5.96 -7.72 2.0 21.8 2.73 45.407852 11.899789 1
5.96 -7.71 1.99 21.81 2.73 45.407852 11.899789 1
5.95 -7.73 1.98 21.82 2.73 45.407852 11.899789 1
5.96 -7.73 2.0 21.8 2.73 45.407852 11.899789 1
5.96 -7.71 1.98 21.81 2.73 45.407852 11.899789 1
5.96 -7.73 2.0 21.82 2.73 45.407852 11.899789 1
5.97 -7.73 1.98 21.81 2.73 45.407852 11.899789 1
5.95 -7.71 1.99 21.81 2.73 45.407852 11.899789 1
5.97 -7.73 1.99 21.81 2.73 45.407852 11.899789 1
5.96 -7.72 1.99 21.82 2.73 45.407852 11.899789 1
5.95 -7.73 1.98 21.8 2.73 45.407852 11.899789 1
5.96 -7.71 1.98 21.81 2.73 45.407852 11.899789 1
5.97 -7.72 1.99 21.81 2.73 45.407852 11.899789 1
5.97 -7.72 1.98 21.81 2.73 45.407852 11.899789 1
5.96 -7.73 1.99 21.81 2.73 45.407852 11.899789 1
5.96 -7.72 1.98 21.8 2.73 45.407852 11.899789 1
