6.35 -7.18 1.83 21.88 3.26 45.407707 11.899234 0
6.17 -7.56 1.92 22.17 3.26 45.407707 11.899234 1
5.77 -8.24 1.57 21.83 3.26 45.407707 11.899234 0
5.3 -8.16 1.88 21.9 3.26 45.407707 11.899234 1
5.07 -8.09 1.91 21.92 3.26 45.407707 11.899234 1
5.34 -8.02 2.25 21.85 3.26 45.407707 11.899234 1
5.76 -7.89 2.29 22.16 3.26 45.407707 11.899234 1
5.83 -7.88 2.15 21.93 3.26 45.407707 11.899234 1
5.9 -7.53 1.78 22.0 3.26 45.407707 11.899234 1
6.54 -7.66 1.45 22.02 3.26 45.407707 11.899234 1
6.13 -7.52 1.52 22.14 3.26 45.407707 11.899234 1
6.04 -7.44 1.48 22.55 3.26 45.407707 11.899234 1
6.02 -7.62 2.12 22.91 3.26 45.407707 11.899234 1
6.06 -7.96 2.15 22.4 3.26 45.407707 11.899234 1
5.98 -7.9 2.41 21.9 3.26 45.407707 11.899234 1
5.64 -7.97 2.08 22.0 3.26 45.407707 11.899234 1
5.82 -7.86 1.82 21.73 3.26 45.407707 11.899234 1
5.46 -8.07 1.58 22.28 3.26 45.407707 11.899234 1
6.0 -7.74 1.9 22.79 1.78 45.407713 11.899256 0
6.06 -7.73 1.44 21.93 1.78 45.407713 11.899256 1
5.76 -7.84 1.85 22.26 1.78 45.407713 11.899256 0
6.16 -7.83 2.09 22.24 1.78 45.407713 11.899256 1
6.37 -7.47 2.09 21.73 1.78 45.407713 11.899256 1
5.97 -7.96 1.6 22.23 1.78 45.407713 11.899256 1
6.12 -7.71 1.66 22.26 1.78 45.407713 11.899256 1
5.91 -7.93 1.73 22.26 1.78 45.407713 11.899256 1
6.07 -7.47 1.72 22.23 1.78 45.407713 11.899256 1
6.01 -7.99 1.83 21.8 1.78 45.407713 11.899256 1
5.91 -8.02 1.85 21.85 1.78 45.407713 11.899256 1
5.62 -7.98 1.91 22.35 1.78 45.407713 11.899256 1
5.77 -7.78 1.76 21.92 1.78 45.407713 11.899256 1
5.87 -8.08 1.88 22.24 1.78 45.407713 11.899256 1
5.83 -8.22 2.11 21.9 1.78 45.407713 11.899256 1
6.01 -7.74 2.25 22.4 1.78 45.407713 11.899256 1
6.12 -7.72 1.78 21.8 1.78 45.407713 11.899256 1
6.14 -7.57 1.92 22.55 2.52 45.407721 11.899282 0
6.09 -7.82 1.91 21.83 2.52 45.407721 11.899282 1
5.98 -7.62 1.93 22.17 2.52 45.407721 11.899282 0
6.21 -7.74 2.04 23.92 2.52 45.407721 11.899282 1
6.1 -7.85 2.26 22.23 2.52 45.407721 11.899282 1
5.98 -7.86 2.28 21.88 2.52 45.407721 11.899282 1
5.86 -7.85 2.0 21.99 2.52 45.407721 11.899282 1
5.53 -7.82 1.9 22.81 2.52 45.407721 11.899282 1
5.86 -7.71 1.69 22.91 2.52 45.407721 11.899282 1
6.01 -8.09 2.04 22.86 2.52 45.407721 11.899282 1
5.68 -7.89 2.03 22.0 2.52 45.407721 11.899282 1
6.1 -7.56 1.78 22.42 2.52 45.407721 11.899282 1
6.09 -7.44 1.77 21.92 2.52 45.407721 11.899282 1
6.37 -7.63 1.52 22.0 2.52 45.407721 11.899282 1
6.24 -7.68 1.59 22.91 2.52 45.407721 11.899282 1
6.17 -7.39 1.5 22.45 2.52 45.407721 11.899282 1
6.04 -7.77 1.74 21.78 2.52 45.407721 11.899282 1
6.07 -7.58 1.6 21.8 2.52 45.407721 11.899282 1
6.1 -7.63 1.65 21.75 2.43 45.407733 11.899306 0
6.01 -8.04 1.78 24.04 2.43 45.407733 11.899306 1
5.71 -7.89 2.16 21.75 2.43 45.407733 11.899306 0
5.65 -7.67 1.9 21.8 2.43 45.407733 11.899306 1
5.48 -8.04 1.95 22.12 2.43 45.407733 11.899306 1
5.68 -7.92 2.23 22.29 2.43 45.407733 11.899306 1
6.41 -7.9 1.95 21.88 2.43 45.407733 11.899306 1
6.14 -7.54 2.11 22.4 2.43 45.407733 11.899306 1
6.01 -7.56 2.05 22.45 2.43 45.407733 11.899306 1
6.25 -7.9 2.01 22.05 2.43 45.407733 11.899306 1
6.16 -7.3 2.12 21.97 2.43 45.407733 11.899306 1
6.01 -7.69 2.04 22.47 2.43 45.407733 11.899306 1
6.05 -7.9 1.7 22.09 2.43 45.407733 11.899306 1
5.74 -7.6 1.77 22.09 2.43 45.407733 11.899306 1
5.64 -7.89 1.65 22.09 2.43 45.407733 11.899306 1
5.66 -8.03 1.5 22.33 2.43 45.407733 11.899306 1
5.92 -8.23 1.77 21.44 2.43 45.407733 11.899306 1
5.79 -7.88 1.81 21.78 2.98 45.407751 11.899333 0
6.0 -7.71 1.64 22.33 2.98 45.407751 11.899333 1
6.06 -7.29 1.65 22.26 2.98 45.407751 11.899333 0
6.03 -7.71 1.77 21.68 2.98 45.407751 11.899333 1
6.32 -7.77 1.79 21.73 2.98 45.407751 11.899333 1
5.99 -7.82 1.73 22.64 2.98 45.407751 11.899333 1
6.06 -7.69 1.67 21.78 2.98 45.407751 11.899333 1
6.17 -7.52 1.72 22.64 2.98 45.407751 11.899333 1
5.96 -7.62 1.86 21.9 2.98 45.407751 11.899333 1
5.72 -8.06 1.94 21.9 2.98 45.407751 11.899333 1
5.59 -8.17 1.54 22.76 2.98 45.407751 11.899333 1
5.6 -7.84 1.83 22.35 2.98 45.407751 11.899333 1
6.01 -7.89 1.77 22.31 2.98 45.407751 11.899333 1
6.02 -7.87 1.83 22.76 2.98 45.407751 11.899333 1
5.87 -7.6 1.88 21.95 2.98 45.407751 11.899333 1
6.32 -7.64 2.05 21.85 2.98 45.407751 11.899333 1
6.12 -7.94 1.87 23.02 2.98 45.407751 11.899333 1
6.2 -7.73 2.11 22.16 2.98 45.407751 11.899333 1
6.12 -7.68 1.79 22.24 2.23 45.407764 11.899359 0
6.28 -7.72 1.86 21.83 2.23 45.407764 11.899359 1
5.52 -7.94 2.32 22.26 2.23 45.407764 11.899359 0
5.54 -8.04 2.5 23.1 2.23 45.407764 11.899359 1
5.85 -7.5 2.45 21.39 2.23 45.407764 11.899359 1
6.01 -8.07 2.3 22.24 2.23 45.407764 11.899359 1
5.63 -7.95 2.27 22.19 2.23 45.407764 11.899359 1
5.73 -7.89 1.83 23.29 2.23 45.407764 11.899359 1
6.01 -7.68 1.99 22.45 2.23 45.407764 11.899359 1
6.29 -7.81 1.99 22.6 2.23 45.407764 11.899359 1
6.14 -7.37 2.08 22.11 2.23 45.407764 11.899359 1
5.76 -7.49 1.52 21.97 2.23 45.407764 11.899359 1
6.23 -8.09 1.39 21.95 2.23 45.407764 11.899359 1
5.86 -7.65 1.64 21.95 2.23 45.407764 11.899359 1
6.4 -7.64 1.41 21.95 2.23 45.407764 11.899359 1
6.27 -7.67 1.22 22.0 2.23 45.407764 11.899359 1
5.8 -7.82 1.54 21.44 2.23 45.407764 11.899359 1
5.43 -7.99 1.69 21.8 2.54 45.407774 11.899389 0
6.15 -7.75 1.67 22.28 2.54 45.407774 11.899389 1
5.53 -7.46 1.9 21.8 2.54 45.407774 11.899389 0
5.97 -8.19 1.97 22.16 2.54 45.407774 11.899389 1
6.22 -7.78 1.8 22.57 2.54 45.407774 11.899389 1
6.21 -7.64 1.92 21.78 2.54 45.407774 11.899389 1
6.17 -7.61 2.1 21.76 2.54 45.407774 11.899389 1
6.12 -7.55 1.87 22.19 2.54 45.407774 11.899389 1
6.04 -7.5 1.84 22.35 2.54 45.407774 11.899389 1
6.18 -7.89 2.24 22.36 2.54 45.407774 11.899389 1
5.96 -7.97 2.37 23.86 2.54 45.407774 11.899389 1
5.81 -7.85 2.21 22.17 2.54 45.407774 11.899389 1
5.87 -8.24 2.0 21.33 2.54 45.407774 11.899389 1
5.52 -8.75 1.95 21.75 2.54 45.407774 11.899389 1
5.66 -7.66 2.18 21.85 2.54 45.407774 11.899389 1
6.01 -7.89 2.05 21.76 2.54 45.407774 11.899389 1
6.33 -7.96 1.89 21.78 2.54 45.407774 11.899389 1
6.15 -7.76 2.15 22.24 2.54 45.407774 11.899389 1
6.24 -7.36 1.89 21.73 2.05 45.407778 11.899418 0
5.92 -7.86 2.07 22.17 2.05 45.407778 11.899418 1
6.86 -7.91 1.89 21.83 2.05 45.407778 11.899418 0
5.84 -7.6 2.15 22.29 2.05 45.407778 11.899418 1
6.19 -7.58 1.38 22.29 2.05 45.407778 11.899418 1
6.23 -7.82 1.23 22.45 2.05 45.407778 11.899418 1
5.69 -7.89 1.28 22.4 2.05 45.407778 11.899418 1
5.64 -7.69 1.74 22.45 2.05 45.407778 11.899418 1
5.63 -7.53 1.74 21.8 2.05 45.407778 11.899418 1
6.94 -8.69 1.8 21.81 2.05 45.407778 11.899418 1
6.29 -7.71 2.02 22.12 2.05 45.407778 11.899418 1
5.59 -7.16 2.01 22.76 2.05 45.407778 11.899418 1
6.31 -7.84 1.87 22.6 2.05 45.407778 11.899418 1
6.66 -7.49 2.04 21.95 2.05 45.407778 11.899418 1
7.3 -7.57 2.18 22.02 2.05 45.407778 11.899418 1
5.33 -8.45 2.11 22.19 2.05 45.407778 11.899418 1
5.74 -7.1 2.08 21.71 2.05 45.407778 11.899418 1
5.96 -7.87 2.5 21.73 2.34 45.407779 11.899451 0
5.62 -8.47 2.0 21.61 2.34 45.407779 11.899451 1
6.31 -8.76 2.08 22.05 2.34 45.407779 11.899451 0
5.14 -6.74 1.79 22.19 2.34 45.407779 11.899451 1
5.67 -6.59 1.73 21.73 2.34 45.407779 11.899451 1
6.3 -8.07 1.64 21.44 2.34 45.407779 11.899451 1
5.98 -7.92 1.48 21.66 2.34 45.407779 11.899451 1
6.24 -7.7 1.6 21.25 2.34 45.407779 11.899451 1
6.94 -8.8 1.87 21.69 2.34 45.407779 11.899451 1
5.79 -6.63 1.52 22.66 2.34 45.407779 11.899451 1
6.01 -7.45 1.6 22.95 2.34 45.407779 11.899451 1
5.61 -7.24 1.68 22.5 2.34 45.407779 11.899451 1
5.86 -7.01 1.72 22.91 2.34 45.407779 11.899451 1
7.03 -10.28 1.4 21.61 2.34 45.407779 11.899451 1
5.78 -8.77 1.49 21.85 2.34 45.407779 11.899451 1
5.66 -7.7 2.16 22.0 2.34 45.407779 11.899451 1
5.37 -7.23 2.01 22.4 2.34 45.407779 11.899451 1
5.91 -7.58 1.75 21.69 2.34 45.407779 11.899451 1
6.58 -7.8 1.69 21.44 2.8 45.407783 11.899489 0
6.48 -7.92 1.88 21.57 2.8 45.407783 11.899489 1
6.08 -7.56 1.84 21.93 2.8 45.407783 11.899489 0
6.08 -6.93 2.16 22.09 2.8 45.407783 11.899489 1
6.32 -7.12 2.2 21.42 2.8 45.407783 11.899489 1
6.22 -8.0 2.49 22.66 2.8 45.407783 11.899489 1
5.97 -8.35 2.16 22.38 2.8 45.407783 11.899489 1
6.09 -7.73 2.16 22.4 2.8 45.407783 11.899489 1
5.29 -7.78 1.91 22.5 2.8 45.407783 11.899489 1
5.59 -7.62 1.76 21.75 2.8 45.407783 11.899489 1
5.72 -8.23 1.58 21.8 2.8 45.407783 11.899489 1
6.34 -8.59 1.84 21.75 2.8 45.407783 11.899489 1
6.27 -8.02 1.71 22.04 2.8 45.407783 11.899489 1
6.37 -7.18 1.68 22.31 2.8 45.407783 11.899489 1
5.63 -6.98 1.86 22.28 2.8 45.407783 11.899489 1
6.34 -7.84 1.45 21.95 2.8 45.407783 11.899489 1
6.2 -7.87 1.52 21.44 2.8 45.407783 11.899489 1
6.24 -8.4 1.71 21.08 2.86 45.407795 11.899526 0
5.71 -8.2 1.73 21.75 2.86 45.407795 11.899526 1
5.88 -7.27 1.88 21.9 2.86 45.407795 11.899526 0
5.41 -7.66 1.7 21.8 2.86 45.407795 11.899526 1
5.63 -7.77 2.08 21.68 2.86 45.407795 11.899526 1
6.09 -8.53 1.67 22.14 2.86 45.407795 11.899526 1
6.21 -7.56 1.75 21.32 2.86 45.407795 11.899526 1
6.55 -7.42 1.9 21.76 2.86 45.407795 11.899526 1
6.15 -7.2 1.93 22.0 2.86 45.407795 11.899526 1
5.97 -7.78 1.84 22.45 2.86 45.407795 11.899526 1
6.08 -7.95 2.07 21.64 2.86 45.407795 11.899526 1
6.05 -7.54 2.27 22.05 2.86 45.407795 11.899526 1
6.02 -7.8 1.93 21.92 2.86 45.407795 11.899526 1
6.22 -7.84 1.97 21.9 2.86 45.407795 11.899526 1
5.66 -7.83 2.11 21.85 2.86 45.407795 11.899526 1
5.98 -8.16 2.23 21.35 2.86 45.407795 11.899526 1
5.71 -7.78 1.71 22.28 2.86 45.407795 11.899526 1
6.08 -8.13 2.0 21.44 2.86 45.407795 11.899526 1
6.11 -7.73 1.78 21.93 3.38 45.407803 11.899569 0
6.0 -7.4 2.16 22.36 3.38 45.407803 11.899569 1
6.07 -7.27 2.19 21.88 3.38 45.407803 11.899569 0
6.35 -7.89 2.24 21.83 3.38 45.407803 11.899569 1
6.29 -7.75 1.9 21.76 3.38 45.407803 11.899569 1
6.53 -7.93 1.83 21.81 3.38 45.407803 11.899569 1
6.2 -7.6 1.64 21.92 3.38 45.407803 11.899569 1
6.08 -7.8 1.63 22.07 3.38 45.407803 11.899569 1
5.6 -7.47 1.67 22.02 3.38 45.407803 11.899569 1
5.67 -8.2 1.74 21.54 3.38 45.407803 11.899569 1
5.69 -8.19 2.07 21.93 3.38 45.407803 11.899569 1
5.74 -8.07 1.98 21.93 3.38 45.407803 11.899569 1
5.94 -7.72 1.57 21.9 3.38 45.407803 11.899569 1
6.27 -7.55 2.0 21.81 3.38 45.407803 11.899569 1
6.63 -7.47 1.93 21.44 3.38 45.407803 11.899569 1
6.53 -7.67 1.96 21.9 3.38 45.407803 11.899569 1
6.27 -7.23 2.17 21.54 3.38 45.407803 11.899569 1
6.43 -7.37 2.15 21.9 2.89 45.407816 11.899605 0
6.2 -7.71 2.06 22.02 2.89 45.407816 11.899605 1
6.13 -7.67 2.31 22.0 2.89 45.407816 11.899605 0
6.08 -7.89 2.18 21.99 2.89 45.407816 11.899605 1
5.71 -7.57 1.72 21.57 2.89 45.407816 11.899605 1
5.71 -8.07 1.44 21.47 2.89 45.407816 11.899605 1
5.9 -8.17 1.5 21.37 2.89 45.407816 11.899605 1
6.11 -8.12 2.12 21.78 2.89 45.407816 11.899605 1
6.19 -7.52 1.79 22.0 2.89 45.407816 11.899605 1
6.12 -7.51 2.01 21.64 2.89 45.407816 11.899605 1
6.15 -7.5 1.83 22.02 2.89 45.407816 11.899605 1
6.46 -7.77 1.94 22.14 2.89 45.407816 11.899605 1
6.74 -7.01 1.98 22.09 2.89 45.407816 11.899605 1
7.13 -8.75 1.79 22.19 2.89 45.407816 11.899605 1
7.86 -7.59 2.24 23.62 2.89 45.407816 11.899605 1
4.03 -8.18 1.87 24.49 2.89 45.407816 11.899605 1
3.7 -7.15 0.68 24.35 2.89 45.407816 11.899605 1
4.14 -7.05 1.55 20.72 2.89 45.407816 11.899605 1
5.42 -7.28 1.95 17.99 2.9 45.407826 11.899643 0
7.3 -17.5 0.82 16.96 2.9 45.407826 11.899643 1
7.36 -9.31 1.61 19.35 2.9 45.407826 11.899643 0
4.87 -4.41 1.82 22.59 2.9 45.407826 11.899643 1
5.6 -5.51 2.52 24.9 2.9 45.407826 11.899643 1
4.95 -4.33 1.81 23.89 2.9 45.407826 11.899643 1
6.7 -3.69 2.29 22.4 2.9 45.407826 11.899643 1
16.32 -11.32 -0.58 21.64 2.9 45.407826 11.899643 1
7.09 -10.65 1.44 21.57 2.9 45.407826 11.899643 1
6.18 -8.25 1.31 22.12 2.9 45.407826 11.899643 1
4.74 -7.39 1.49 22.35 2.9 45.407826 11.899643 1
4.77 -7.45 1.92 21.8 2.9 45.407826 11.899643 1
6.02 -7.75 1.64 21.95 2.9 45.407826 11.899643 1
5.99 -8.65 1.48 21.25 2.9 45.407826 11.899643 1
5.97 -8.43 1.64 21.9 2.9 45.407826 11.899643 1
6.18 -7.53 1.48 21.64 2.9 45.407826 11.899643 1
6.11 -6.99 1.95 22.02 2.9 45.407826 11.899643 1
5.71 -7.58 2.09 21.47 3.22 45.407833 11.899686 0
6.06 -7.75 1.65 21.76 3.22 45.407833 11.899686 1
6.69 -7.92 1.37 21.76 3.22 45.407833 11.899686 0
6.3 -7.72 1.54 21.93 3.22 45.407833 11.899686 1
5.7 -7.91 1.31 22.04 3.22 45.407833 11.899686 1
5.5 -7.94 1.48 21.63 3.22 45.407833 11.899686 1
5.67 -7.95 1.66 22.54 3.22 45.407833 11.899686 1
5.96 -7.97 1.48 22.09 3.22 45.407833 11.899686 1
6.26 -8.06 1.47 22.12 3.22 45.407833 11.899686 1
6.09 -7.63 2.35 22.14 3.22 45.407833 11.899686 1
5.97 -8.01 2.56 22.04 3.22 45.407833 11.899686 1
6.08 -7.64 2.26 21.59 3.22 45.407833 11.899686 1
6.24 -7.87 2.01 21.97 3.22 45.407833 11.899686 1
6.28 -7.63 2.31 21.49 3.22 45.407833 11.899686 1
6.14 -7.71 2.83 21.85 3.22 45.407833 11.899686 1
6.39 -7.72 2.76 21.9 3.22 45.407833 11.899686 1
6.04 -7.55 2.48 21.9 3.22 45.407833 11.899686 1
6.13 -7.55 2.24 21.52 3.22 45.407833 11.899686 1
5.95 -7.75 1.84 22.04 3.08 45.407838 11.899730 0
5.36 -8.17 1.58 22.36 3.08 45.407838 11.899730 1
5.73 -8.01 1.41 21.47 3.08 45.407838 11.899730 0
6.19 -7.98 1.78 21.88 3.08 45.407838 11.899730 1
6.06 -7.37 2.17 21.93 3.08 45.407838 11.899730 1
6.15 -7.47 1.84 22.04 3.08 45.407838 11.899730 1
6.05 -7.81 1.48 21.93 3.08 45.407838 11.899730 1
6.04 -7.69 1.77 21.95 3.08 45.407838 11.899730 1
6.41 -7.76 1.85 21.95 3.08 45.407838 11.899730 1
6.34 -7.72 1.86 21.56 3.08 45.407838 11.899730 1
6.3 -7.27 2.08 22.42 3.08 45.407838 11.899730 1
6.01 -7.55 1.6 22.0 3.08 45.407838 11.899730 1
5.85 -8.05 1.78 22.0 3.08 45.407838 11.899730 1
5.82 -7.91 1.61 22.04 3.08 45.407838 11.899730 1
5.59 -8.11 1.6 22.12 3.08 45.407838 11.899730 1
5.34 -8.06 2.06 22.09 3.08 45.407838 11.899730 1
5.84 -7.85 1.65 21.57 3.08 45.407838 11.899730 1
6.06 -7.87 1.83 21.93 2.77 45.407848 11.899764 0
6.07 -7.53 1.94 21.95 2.77 45.407848 11.899764 1
5.96 -8.01 1.98 21.92 2.77 45.407848 11.899764 0
5.82 -7.83 2.02 21.93 2.77 45.407848 11.899764 1
5.92 -8.0 1.93 21.93 2.77 45.407848 11.899764 1
5.92 -7.85 2.12 21.99 2.77 45.407848 11.899764 1
5.72 -7.73 2.4 22.04 2.77 45.407848 11.899764 1
5.99 -7.61 1.98 22.04 2.77 45.407848 11.899764 1
6.02 -7.22 1.48 22.0 2.77 45.407848 11.899764 1
5.86 -8.13 1.74 21.9 2.77 45.407848 11.899764 1
5.86 -8.13 1.73 21.9 2.77 45.407848 11.899764 1
5.87 -8.13 1.75 21.9 2.77 45.407848 11.899764 1
5.87 -8.13 1.74 21.89 2.77 45.407848 11.899764 1
5.85 -8.13 1.73 21.9 2.77 45.407848 11.899764 1
5.85 -8.12 1.74 21.9 2.77 45.407848 11.899764 1
5.85 -8.13 1.74 21.91 2.77 45.407848 11.899764 1
5.86 -8.13 1.74 21.9 2.77 45.407848 11.899764 1
5.86 -8.13 1.74 21.9 2.77 45.407848 11.899764 1
5.86 -8.13 1.74 21.9 2.77 45.407848 11.899764 1
5.86 -8.13 1.75 21.9 2.77 45.407848 11.899764 1
5.85 -8.12 1.73 21.89 2.77 45.407848 11.899764 1
5.85 -8.13 1.74 21.91 2.77 45.407848 11.899764 1
5.85 -8.13 1.73 21.9 2.77 45.407848 11.899764 1
5.86 -8.14 1.75 21.89 2.77 45.407848 11.899764 1
5.85 -8.13 1.74 21.91 2.77 45.407848 11.899764 1
5.86 -8.14 1.74 21.89 2.77 45.407848 11.899764 1
5.87 -8.12 1.73 21.91 2.77 45.407848 11.899764 1
5.86 -8.12 1.74 21.9 2.77 45.407848 11.899764 1
5.86 -8.13 1.75 21.9 2.77 45.407848 11.899764 1
5.86 -8.14 1.74 21.89 2.77 45.407848 11.899764 1
5.87 -8.12 1.74 21.89 2.77 45.407848 11.899764 1
5.87 -8.14 1.75 21.9 2.77 45.407848 11.899764 1
5.86 -8.14 1.75 21.89 2.77 45.407848 11.899764 1
5.86 -8.13 1.74 21.9 2.77 45.407848 11.899764 1
5.87 -8.13 1.75 21.9 2.77 45.407848 11.899764 1
5.87 -8.12 1.75 21.89 2.77 45.407848 11.899764 1
5.86 -8.14 1.73 21.91 2.77 45.407848 11.899764 1
5.86 -8.13 1.75 21.91 2.77 45.407848 11.899764 1
5.85 -8.14 1.73 21.91 2.77 45.407848 11.899764 1
5.86 -8.13 1.74 21.9 2.77 45.407848 11.899764 1
5.86 -8.13 1.74 21.91 2.77 45.407848 11.899764 1
5.86 -8.12 1.75 21.9 2.77 45.407848 11.899764 1
5.87 -8.13 1.73 21.91 2.77 45.407848 11.899764 1
5.87 -8.13 1.75 21.91 2.77 45.407848 11.899764 1
5.86 -8.13 1.75 21.89 2.77 45.407848 11.899764 1
5.86 -8.12 1.73 21.9 2.77 45.407848 11.899764 1
5.85 -8.12 1.74 21.9 2.77 45.407848 11.899764 1
5.86 -8.14 1.75 21.9 2.77 45.407848 11.899764 1
5.86 -8.13 1.73 21.9 2.77 45.407848 11.899764 1
5.86 -8.13 1.73 21.9 2.77 45.407848 11.899764 1
5.87 -8.13 1.73 21.9 2.77 45.407848 11.899764 1
5.86 -8.13 1.74 21.9 2.77 45.407848 11.899764 1
5.85 -8.13 1.74 21.9 2.77 45.407848 11.899764 1
5.86 -8.14 1.74 21.91 2.77 45.407848 11.899764 1
5.86 -8.13 1.74 21.89 2.77 45.407848 11.899764 1
5.86 -8.13 1.75 21.9 2.77 45.407848 11.899764 1
5.87 -8.13 1.74 21.9 2.77 45.407848 11.899764 1
5.85 -8.13 1.74 21.89 2.77 45.407848 11.899764 1
5.87 -8.14 1.75 21.91 2.77 45.407848 11.899764 1
5.86 -8.12 1.74 21.9 2.77 45.407848 11.899764 1
5.86 -8.14 1.75 21.9 2.77 45.407848 11.899764 1
5.85 -8.12 1.75 21.9 2.77 45.407848 11.899764 1
5.85 -8.13 1.73 21.9 2.77 45.407848 11.899764 1
5.87 -8.12 1.73 21.9 2.77 45.407848 11.899764 1
5.85 -8.13 1.75 21.9 2.77 45.407848 11.899764 1
5.86 -8.13 1.75 21.9 2.77 45.407848 11.899764 1
5.86 -8.12 1.75 21.9 2.77 45.407848 11.899764 1
5.86 -8.13 1.75 21.9 2.77 45.407848 11.899764 1
5.87 -8.13 1.74 21.9 2.77 45.407848 11.899764 1
5.85 -8.13 1.74 21.9 2.77 45.407848 11.899764 1
