6.61 -7.41 1.36 22.42 2.51 45.407724 11.899257 0
7.14 -6.69 1.48 23.41 2.51 45.407724 11.899257 1
7.13 -7.15 1.14 22.04 2.51 45.407724 11.899257 1
6.95 -6.95 1.18 22.95 2.51 45.407724 11.899257 1
6.91 -7.27 1.55 22.31 2.51 45.407724 11.899257 1
6.07 -7.74 2.32 22.36 2.51 45.407724 11.899257 1
5.53 -8.13 2.3 22.36 2.51 45.407724 11.899257 1
4.87 -8.12 1.72 21.92 2.51 45.407724 11.899257 1
5.15 -9.01 1.78 22.36 2.51 45.407724 11.899257 1
5.61 -7.93 1.96 22.36 2.51 45.407724 11.899257 1
5.95 -7.6 2.09 21.95 2.51 45.407724 11.899257 1
5.79 -7.54 2.14 22.38 2.51 45.407724 11.899257 1
6.29 -7.7 2.18 21.87 2.51 45.407724 11.899257 1
6.46 -7.66 2.05 21.75 2.51 45.407724 11.899257 1
6.06 -7.9 1.65 21.85 2.51 45.407724 11.899257 0
5.85 -7.8 1.75 22.79 2.51 45.407724 11.899257 1
6.1 -7.55 1.56 22.33 2.51 45.407724 11.899257 0
6.35 -7.87 1.88 21.78 2.51 45.407724 11.899257 1
5.93 -8.11 2.26 22.35 2.51 45.407724 11.899257 1
5.84 -7.85 2.22 22.05 2.51 45.407724 11.899257 1
5.62 -7.78 1.84 22.47 2.51 45.407724 11.899257 1
5.69 -8.18 1.96 22.38 2.51 45.407724 11.899257 1
5.75 -7.75 1.57 21.97 2.51 45.407724 11.899257 1
6.15 -7.84 1.84 21.95 2.51 45.407724 11.899257 1
6.05 -7.78 2.14 22.42 2.51 45.407724 11.899257 1
6.14 -7.68 1.74 21.9 2.51 45.407724 11.899257 1
6.3 -7.45 2.04 22.0 2.51 45.407724 11.899257 1
6.13 -7.34 1.86 22.4 2.51 45.407724 11.899257 1
6.03 -7.71 1.72 22.52 2.51 45.407724 11.899257 1
6.08 -7.73 1.49 22.42 2.51 45.407724 11.899257 1
6.16 -7.49 1.85 22.0 2.51 45.407724 11.899257 1
5.59 -7.74 1.85 21.81 2.51 45.407724 11.899257 1
5.75 -8.49 1.44 21.76 2.55 45.407731 11.899281 0
5.76 -8.14 1.58 21.85 2.55 45.407731 11.899281 1
5.68 -7.88 2.02 22.42 2.55 45.407731 11.899281 0
6.01 -7.36 1.9 22.43 2.55 45.407731 11.899281 1
6.09 -7.71 1.91 21.92 2.55 45.407731 11.899281 1
6.23 -7.34 1.81 21.88 2.55 45.407731 11.899281 1
5.73 -7.83 1.63 21.83 2.55 45.407731 11.899281 1
6.06 -7.98 1.7 21.95 2.55 45.407731 11.899281 1
5.78 -7.87 1.9 21.87 2.55 45.407731 11.899281 1
5.96 -7.8 2.25 22.28 2.55 45.407731 11.899281 1
6.32 -7.51 2.02 21.83 2.55 45.407731 11.899281 1
5.99 -7.93 2.16 22.31 2.55 45.407731 11.899281 1
5.47 -7.95 2.52 22.83 2.55 45.407731 11.899281 1
5.22 -8.24 1.98 22.81 2.55 45.407731 11.899281 1
5.53 -7.88 1.91 22.33 2.55 45.407731 11.899281 1
5.91 -8.0 2.11 22.31 2.55 45.407731 11.899281 1
6.17 -7.93 1.67 21.85 2.55 45.407731 11.899281 1
5.72 -7.97 1.77 21.73 1.59 45.407736 11.899297 0
6.03 -7.7 1.62 22.31 1.59 45.407736 11.899297 1
6.08 -7.91 1.6 22.26 1.59 45.407736 11.899297 1
6.11 -7.58 1.7 21.85 1.59 45.407736 11.899297 0
5.97 -8.0 1.82 22.26 1.59 45.407736 11.899297 1
5.99 -7.68 1.54 21.87 1.59 45.407736 11.899297 1
6.09 -7.64 1.4 23.17 1.59 45.407736 11.899297 1
5.71 -7.79 1.49 21.9 1.59 45.407736 11.899297 1
5.56 -8.08 1.68 22.83 1.59 45.407736 11.899297 1
5.8 -7.98 1.95 22.0 1.59 45.407736 11.899297 1
5.79 -7.99 1.83 22.84 1.59 45.407736 11.899297 1
5.8 -7.64 1.81 22.0 1.59 45.407736 11.899297 1
5.88 -7.7 1.74 22.42 1.59 45.407736 11.899297 1
6.07 -7.78 1.79 21.85 1.59 45.407736 11.899297 1
6.19 -7.61 1.87 22.28 1.59 45.407736 11.899297 1
6.04 -8.06 1.5 22.0 1.59 45.407736 11.899297 1
6.02 -7.5 1.84 22.57 1.59 45.407736 11.899297 1
6.03 -7.68 1.83 22.4 1.59 45.407736 11.899297 1
6.15 -7.48 1.93 22.29 2.58 45.407745 11.899325 0
6.0 -8.24 1.99 22.31 2.58 45.407745 11.899325 1
5.55 -7.69 2.34 22.26 2.58 45.407745 11.899325 0
5.8 -7.88 1.91 22.29 2.58 45.407745 11.899325 1
5.57 -7.98 1.86 21.8 2.58 45.407745 11.899325 1
5.74 -7.81 1.83 23.44 2.58 45.407745 11.899325 1
6.05 -8.25 1.87 22.64 2.58 45.407745 11.899325 1
5.93 -7.82 2.06 21.95 2.58 45.407745 11.899325 1
5.94 -7.61 1.86 22.42 2.58 45.407745 11.899325 1
6.0 -7.76 1.89 22.38 2.58 45.407745 11.899325 1
6.1 -7.8 1.8 22.0 2.58 45.407745 11.899325 1
6.1 -7.6 1.71 21.95 2.58 45.407745 11.899325 1
6.26 -7.68 1.65 21.95 2.58 45.407745 11.899325 1
6.12 -7.66 1.6 21.92 2.58 45.407745 11.899325 1
6.22 -7.78 1.88 27.41 2.58 45.407745 11.899325 1
5.87 -7.77 1.58 22.11 2.58 45.407745 11.899325 1
5.69 -7.74 1.66 22.0 2.58 45.407745 11.899325 1
5.59 -8.05 1.54 22.29 2.21 45.407758 11.899344 0
5.87 -8.01 1.96 21.81 2.21 45.407758 11.899344 1
5.79 -7.8 2.17 21.78 2.21 45.407758 11.899344 1
5.95 -7.8 2.08 21.9 2.21 45.407758 11.899344 0
6.0 -7.62 1.87 22.31 2.21 45.407758 11.899344 1
6.02 -7.47 1.96 22.35 2.21 45.407758 11.899344 1
6.39 -7.57 2.12 21.81 2.21 45.407758 11.899344 1
6.23 -7.9 2.13 22.23 2.21 45.407758 11.899344 1
6.21 -7.7 2.02 22.36 2.21 45.407758 11.899344 1
6.0 -7.71 2.11 22.43 2.21 45.407758 11.899344 1
5.55 -7.82 2.08 22.52 2.21 45.407758 11.899344 1
5.91 -7.88 1.71 22.0 2.21 45.407758 11.899344 1
5.74 -7.92 1.88 22.42 2.21 45.407758 11.899344 1
5.62 -8.1 1.98 22.05 2.21 45.407758 11.899344 1
5.96 -7.87 1.77 22.02 2.21 45.407758 11.899344 1
5.46 -7.79 1.66 22.48 2.21 45.407758 11.899344 1
5.77 -8.01 1.9 22.0 2.21 45.407758 11.899344 1
6.32 -7.98 1.92 22.96 2.21 45.407758 11.899344 1
6.55 -7.5 1.91 22.5 2.84 45.407767 11.899376 0
6.8 -7.6 1.56 21.71 2.84 45.407767 11.899376 1
6.07 -7.51 1.83 22.26 2.84 45.407767 11.899376 0
5.66 -7.94 2.06 22.31 2.84 45.407767 11.899376 1
5.93 -7.82 1.85 22.26 2.84 45.407767 11.899376 1
5.78 -8.1 1.69 21.87 2.84 45.407767 11.899376 1
5.75 -7.69 1.6 21.87 2.84 45.407767 11.899376 1
5.95 -7.95 1.36 21.97 2.84 45.407767 11.899376 1
6.01 -7.77 1.44 21.95 2.84 45.407767 11.899376 1
5.82 -7.77 1.64 21.47 2.84 45.407767 11.899376 1
6.42 -7.75 1.63 22.42 2.84 45.407767 11.899376 1
6.03 -7.68 1.57 22.42 2.84 45.407767 11.899376 1
6.41 -7.86 1.84 21.97 2.84 45.407767 11.899376 1
5.88 -7.62 2.14 22.38 2.84 45.407767 11.899376 1
5.83 -7.79 1.59 21.95 2.84 45.407767 11.899376 1
6.04 -7.74 1.77 22.26 2.84 45.407767 11.899376 1
5.87 -8.08 1.77 22.5 2.84 45.407767 11.899376 1
6.2 -7.66 1.8 22.12 2.84 45.407767 11.899376 1
5.89 -8.09 1.75 22.09 2.86 45.407773 11.899414 0
5.74 -7.5 2.01 21.39 2.86 45.407773 11.899414 1
5.67 -8.03 1.83 21.85 2.86 45.407773 11.899414 0
5.9 -7.86 1.85 21.75 2.86 45.407773 11.899414 1
5.97 -7.93 2.24 21.69 2.86 45.407773 11.899414 1
6.07 -7.83 1.97 21.75 2.86 45.407773 11.899414 1
6.17 -7.41 2.02 21.64 2.86 45.407773 11.899414 1
6.38 -7.89 1.71 22.72 2.86 45.407773 11.899414 1
6.1 -7.68 1.66 22.42 2.86 45.407773 11.899414 1
6.13 -7.76 1.66 22.4 2.86 45.407773 11.899414 1
5.91 -7.49 1.7 22.0 2.86 45.407773 11.899414 1
6.14 -7.83 1.55 22.0 2.86 45.407773 11.899414 1
6.03 -7.67 1.14 22.42 2.86 45.407773 11.899414 1
6.27 -7.72 1.05 21.87 2.86 45.407773 11.899414 1
6.07 -7.87 1.23 22.21 2.86 45.407773 11.899414 1
5.35 -7.49 1.65 22.26 2.86 45.407773 11.899414 1
6.4 -8.11 1.66 22.11 2.86 45.407773 11.899414 1
5.72 -7.74 1.66 21.75 2.78 45.407773 11.899449 0
6.27 -7.55 1.79 21.73 2.78 45.407773 11.899449 1
6.16 -7.66 1.79 22.11 2.78 45.407773 11.899449 0
6.17 -7.67 1.7 21.85 2.78 45.407773 11.899449 1
6.44 -7.93 1.45 22.0 2.78 45.407773 11.899449 1
5.69 -7.69 2.07 21.68 2.78 45.407773 11.899449 1
6.3 -7.73 2.07 22.24 2.78 45.407773 11.899449 1
6.31 -7.26 2.57 21.9 2.78 45.407773 11.899449 1
6.06 -7.74 2.38 22.0 2.78 45.407773 11.899449 1
5.82 -7.8 1.94 22.52 2.78 45.407773 11.899449 1
5.66 -8.05 1.67 22.47 2.78 45.407773 11.899449 1
5.43 -7.89 2.02 21.93 2.78 45.407773 11.899449 1
5.35 -7.28 1.58 22.21 2.78 45.407773 11.899449 1
7.87 -9.4 2.07 21.69 2.78 45.407773 11.899449 1
6.2 -6.54 2.15 22.02 2.78 45.407773 11.899449 1
5.67 -7.76 1.98 23.14 2.78 45.407773 11.899449 1
6.03 -7.7 1.63 24.76 2.78 45.407773 11.899449 1
6.75 -7.62 2.03 21.71 2.78 45.407773 11.899449 1
6.26 -7.36 2.81 22.09 3.1 45.407779 11.899487 0
5.44 -8.8 1.59 22.09 3.1 45.407779 11.899487 1
6.05 -6.84 1.73 21.81 3.1 45.407779 11.899487 0
5.7 -7.98 2.11 20.8 3.1 45.407779 11.899487 1
5.9 -9.76 1.78 21.8 3.1 45.407779 11.899487 1
5.65 -7.41 2.17 22.09 3.1 45.407779 11.899487 1
5.31 -6.69 1.45 22.81 3.1 45.407779 11.899487 1
6.33 -6.68 1.44 22.31 3.1 45.407779 11.899487 1
5.96 -8.22 1.65 21.9 3.1 45.407779 11.899487 1
5.9 -7.65 2.01 21.39 3.1 45.407779 11.899487 1
5.91 -8.51 2.21 21.06 3.1 45.407779 11.899487 1
7.38 -8.43 2.03 21.33 3.1 45.407779 11.899487 1
6.22 -7.92 2.52 21.35 3.1 45.407779 11.899487 1
5.86 -7.67 1.96 22.69 3.1 45.407779 11.899487 1
5.59 -7.2 2.07 22.64 3.1 45.407779 11.899487 1
5.97 -6.42 1.53 21.9 3.1 45.407779 11.899487 1
6.89 -8.06 1.52 21.54 3.1 45.407779 11.899487 1
5.4 -8.92 1.77 21.88 1.9 45.407789 11.899509 0
6.12 -8.9 2.01 21.66 1.9 45.407789 11.899509 1
5.35 -6.91 1.88 21.81 1.9 45.407789 11.899509 0
5.87 -7.03 1.71 22.14 1.9 45.407789 11.899509 1
6.33 -7.64 2.02 22.24 1.9 45.407789 11.899509 1
6.22 -7.42 1.74 22.0 1.9 45.407789 11.899509 1
6.25 -8.6 1.97 21.95 1.9 45.407789 11.899509 1
5.86 -7.22 1.74 22.0 1.9 45.407789 11.899509 1
5.74 -7.08 1.53 21.78 1.9 45.407789 11.899509 1
6.87 -7.69 1.92 21.75 1.9 45.407789 11.899509 1
6.03 -8.69 1.72 23.22 1.9 45.407789 11.899509 1
6.05 -7.63 2.19 22.52 1.9 45.407789 11.899509 1
5.07 -7.85 1.97 22.69 1.9 45.407789 11.899509 1
6.22 -6.9 1.37 22.36 1.9 45.407789 11.899509 1
5.99 -8.46 1.63 21.8 1.9 45.407789 11.899509 1
6.33 -8.47 1.6 21.69 1.9 45.407789 11.899509 1
6.42 -8.48 1.88 21.81 1.9 45.407789 11.899509 1
6.6 -7.37 1.62 22.23 1.9 45.407789 11.899509 1
5.77 -6.78 1.89 22.35 2.84 45.407795 11.899539 0
5.98 -7.34 1.77 22.05 2.84 45.407795 11.899539 1
5.91 -7.91 1.74 21.59 2.84 45.407795 11.899539 0
6.35 -8.42 2.02 21.56 2.84 45.407795 11.899539 1
5.92 -8.34 1.99 21.85 2.84 45.407795 11.899539 1
5.51 -7.33 1.71 22.11 2.84 45.407795 11.899539 1
5.2 -7.44 1.8 22.0 2.84 45.407795 11.899539 1
5.66 -7.96 1.63 21.85 2.84 45.407795 11.899539 1
6.07 -7.92 2.09 22.26 2.84 45.407795 11.899539 1
5.98 -7.87 1.9 21.9 2.84 45.407795 11.899539 1
6.48 -7.15 2.07 22.43 2.84 45.407795 11.899539 1
5.99 -7.15 1.9 22.05 2.84 45.407795 11.899539 1
6.48 -7.41 1.97 21.61 2.84 45.407795 11.899539 1
6.19 -7.86 1.53 22.47 2.84 45.407795 11.899539 1
6.35 -8.07 1.77 22.04 2.84 45.407795 11.899539 1
6.07 -7.4 1.82 22.05 2.84 45.407795 11.899539 1
6.23 -7.35 1.78 21.9 2.84 45.407795 11.899539 1
5.69 -7.91 1.63 21.64 3.16 45.407805 11.899579 0
5.83 -8.38 1.68 21.68 3.16 45.407805 11.899579 1
5.66 -8.34 1.99 21.76 3.16 45.407805 11.899579 0
5.56 -7.79 2.34 21.9 3.16 45.407805 11.899579 1
6.16 -7.51 1.94 21.95 3.16 45.407805 11.899579 1
6.71 -7.46 1.87 22.0 3.16 45.407805 11.899579 1
6.44 -7.5 2.0 21.87 3.16 45.407805 11.899579 1
6.04 -7.52 2.34 21.37 3.16 45.407805 11.899579 1
6.31 -7.7 2.16 21.97 3.16 45.407805 11.899579 1
6.39 -7.79 2.31 22.02 3.16 45.407805 11.899579 1
5.93 -7.69 1.94 22.57 3.16 45.407805 11.899579 1
5.92 -7.84 2.09 22.11 3.16 45.407805 11.899579 1
5.66 -7.45 2.21 22.09 3.16 45.407805 11.899579 1
6.08 -7.96 2.14 22.11 3.16 45.407805 11.899579 1
5.9 -7.75 1.85 21.61 3.16 45.407805 11.899579 1
5.94 -7.94 1.8 21.59 3.16 45.407805 11.899579 1
5.91 -8.01 2.01 21.81 3.16 45.407805 11.899579 1
6.1 -7.54 1.77 21.75 3.16 45.407805 11.899579 1
6.33 -7.74 1.73 21.37 2.58 45.407817 11.899611 0
6.04 -7.74 1.84 21.81 2.58 45.407817 11.899611 1
5.94 -7.78 1.68 21.88 2.58 45.407817 11.899611 0
6.49 -7.36 1.91 21.54 2.58 45.407817 11.899611 1
6.34 -7.32 1.97 21.97 2.58 45.407817 11.899611 1
6.39 -7.72 1.54 22.42 2.58 45.407817 11.899611 1
5.98 -7.92 1.75 21.97 2.58 45.407817 11.899611 1
5.78 -7.39 1.67 22.54 2.58 45.407817 11.899611 1
5.6 -8.18 1.94 21.97 2.58 45.407817 11.899611 1
5.73 -7.97 1.98 21.51 2.58 45.407817 11.899611 1
6.35 -8.38 1.75 21.85 2.58 45.407817 11.899611 1
5.99 -7.28 1.61 21.95 2.58 45.407817 11.899611 1
6.3 -7.79 1.82 21.52 2.58 45.407817 11.899611 1
6.27 -7.36 2.11 21.95 2.58 45.407817 11.899611 1
6.76 -7.57 2.28 22.05 2.58 45.407817 11.899611 1
6.4 -7.29 2.24 22.11 2.58 45.407817 11.899611 1
6.88 -7.28 2.0 21.63 2.58 45.407817 11.899611 1
7.82 -10.79 2.11 22.52 3.27 45.407825 11.899651 0
5.85 -7.43 2.18 23.92 3.27 45.407825 11.899651 1
3.71 -7.09 2.72 24.35 3.27 45.407825 11.899651 0
3.23 -6.82 1.58 26.57 3.27 45.407825 11.899651 1
3.67 -7.52 2.0 18.3 3.27 45.407825 11.899651 1
7.38 -13.68 1.63 16.41 3.27 45.407825 11.899651 1
5.32 -12.58 3.71 19.0 3.27 45.407825 11.899651 1
5.48 -4.98 1.61 21.71 3.27 45.407825 11.899651 1
4.82 -4.86 2.05 25.36 3.27 45.407825 11.899651 1
5.74 -5.26 1.63 24.7 3.27 45.407825 11.899651 1
5.23 -3.5 1.79 23.36 3.27 45.407825 11.899651 1
9.94 -11.64 5.45 21.16 3.27 45.407825 11.899651 1
5.88 -9.81 2.46 20.89 3.27 45.407825 11.899651 1
6.2 -11.0 2.4 22.05 3.27 45.407825 11.899651 1
4.42 -7.32 0.05 22.54 3.27 45.407825 11.899651 1
4.76 -7.38 1.87 22.38 3.27 45.407825 11.899651 1
5.92 -7.19 1.29 21.83 3.27 45.407825 11.899651 1
6.23 -8.37 1.35 21.59 3.27 45.407825 11.899651 1
5.97 -9.03 1.64 21.56 3.08 45.407835 11.899690 0
5.95 -7.91 1.62 21.71 3.08 45.407835 11.899690 1
6.11 -7.29 2.04 21.85 3.08 45.407835 11.899690 0
6.38 -7.12 2.13 21.85 3.08 45.407835 11.899690 1
6.51 -7.24 2.2 21.76 3.08 45.407835 11.899690 1
6.54 -7.71 2.36 21.71 3.08 45.407835 11.899690 1
6.02 -7.71 2.26 21.4 3.08 45.407835 11.899690 1
6.0 -7.88 2.14 22.07 3.08 45.407835 11.899690 1
5.85 -7.75 2.15 22.17 3.08 45.407835 11.899690 1
5.84 -7.58 2.33 21.8 3.08 45.407835 11.899690 1
5.88 -7.84 2.28 21.85 3.08 45.407835 11.899690 1
6.03 -7.97 2.18 22.16 3.08 45.407835 11.899690 1
6.15 -7.88 2.11 22.05 3.08 45.407835 11.899690 1
5.7 -8.4 1.81 22.02 3.08 45.407835 11.899690 1
5.93 -7.93 1.8 22.11 3.08 45.407835 11.899690 1
6.28 -7.47 1.41 22.16 3.08 45.407835 11.899690 1
6.05 -7.68 1.72 21.95 3.08 45.407835 11.899690 1
6.32 -7.35 1.54 21.95 3.26 45.407843 11.899730 0
6.35 -7.98 1.48 21.8 3.26 45.407843 11.899730 1
5.83 -7.58 2.07 21.81 3.26 45.407843 11.899730 0
6.1 -7.85 1.95 21.39 3.26 45.407843 11.899730 1
5.38 -7.81 1.72 21.85 3.26 45.407843 11.899730 1
5.75 -8.08 1.83 22.0 3.26 45.407843 11.899730 1
5.7 -7.99 2.37 22.0 3.26 45.407843 11.899730 1
5.48 -7.96 2.16 21.56 3.26 45.407843 11.899730 1
6.0 -7.96 2.22 22.05 3.26 45.407843 11.899730 1
6.1 -7.5 2.15 22.07 3.26 45.407843 11.899730 1
6.2 -7.86 2.04 22.07 3.26 45.407843 11.899730 1
6.21 -7.72 1.44 21.64 3.26 45.407843 11.899730 1
6.1 -7.67 1.87 21.95 3.26 45.407843 11.899730 1
6.05 -7.86 2.11 21.61 3.26 45.407843 11.899730 1
6.26 -7.85 1.91 22.05 3.26 45.407843 11.899730 1
6.21 -7.24 1.84 21.97 3.26 45.407843 11.899730 1
6.24 -7.56 2.22 21.45 3.26 45.407843 11.899730 1
5.73 -8.06 2.32 21.44 3.26 45.407843 11.899730 1
5.6 -7.83 2.15 21.9 2.83 45.407854 11.899766 0
5.99 -7.76 2.11 22.42 2.83 45.407854 11.899766 1
5.78 -7.58 1.94 22.05 2.83 45.407854 11.899766 0
5.95 -7.7 1.94 21.95 2.83 45.407854 11.899766 1
6.0 -7.9 1.73 21.92 2.83 45.407854 11.899766 1
6.1 -7.91 1.84 21.92 2.83 45.407854 11.899766 1
6.24 -7.84 1.71 21.97 2.83 45.407854 11.899766 1
6.17 -7.52 1.78 22.07 2.83 45.407854 11.899766 1
6.26 -7.73 1.59 22.02 2.83 45.407854 11.899766 1
6.02 -7.58 1.63 21.99 2.83 45.407854 11.899766 1
5.97 -8.0 1.5 21.56 2.83 45.407854 11.899766 1
6.32 -7.91 1.39 22.0 2.83 45.407854 11.899766 1
6.03 -7.78 1.68 21.99 2.83 45.407854 11.899766 1
5.8 -7.67 1.79 22.0 2.83 45.407854 11.899766 1
5.58 -7.94 1.98 21.56 2.83 45.407854 11.899766 1
5.39 -8.37 2.13 21.95 2.83 45.407854 11.899766 1
5.62 -7.98 1.9 21.75 2.83 45.407854 11.899766 1
5.62 -8.13 1.87 21.97 2.97 45.407857 11.899805 0
5.67 -7.58 2.69 22.0 2.97 45.407857 11.899805 1
6.14 -7.7 2.51 21.93 2.97 45.407857 11.899805 0
5.69 -7.75 2.15 22.0 2.97 45.407857 11.899805 1
5.56 -7.91 1.86 21.49 2.97 45.407857 11.899805 1
5.53 -8.3 1.85 21.85 2.97 45.407857 11.899805 1
5.83 -7.99 1.88 21.75 2.97 45.407857 11.899805 1
5.83 -8.0 1.94 21.49 2.97 45.407857 11.899805 1
5.78 -7.81 1.83 21.61 2.97 45.407857 11.899805 1
5.77 -7.81 1.83 21.61 2.97 45.407857 11.899805 1
5.77 -7.81 1.82 21.61 2.97 45.407857 11.899805 1
5.78 -7.82 1.83 21.61 2.97 45.407857 11.899805 1
5.79 -7.81 1.82 21.61 2.97 45.407857 11.899805 1
5.78 -7.81 1.83 21.61 2.97 45.407857 11.899805 1
5.77 -7.81 1.83 21.61 2.97 45.407857 11.899805 1
5.77 -7.81 1.82 21.61 2.97 45.407857 11.899805 1
5.78 -7.81 1.83 21.62 2.97 45.407857 11.899805 1
5.77 -7.81 1.82 21.62 2.97 45.407857 11.899805 1
5.78 -7.8 1.82 21.62 2.97 45.407857 11.899805 1
5.78 -7.8 1.83 21.6 2.97 45.407857 11.899805 1
5.77 -7.81 1.83 21.61 2.97 45.407857 11.899805 1
5.78 -7.81 1.84 21.62 2.97 45.407857 11.899805 1
5.78 -7.81 1.83 21.61 2.97 45.407857 11.899805 1
5.78 -7.82 1.82 21.62 2.97 45.407857 11.899805 1
5.77 -7.82 1.84 21.61 2.97 45.407857 11.899805 1
5.78 -7.81 1.83 21.6 2.97 45.407857 11.899805 1
5.77 -7.81 1.82 21.61 2.97 45.407857 11.899805 1
5.78 -7.82 1.83 21.6 2.97 45.407857 11.899805 1
5.78 -7.81 1.84 21.61 2.97 45.407857 11.899805 1
5.79 -7.81 1.82 21.61 2.97 45.407857 11.899805 1
5.77 -7.82 1.83 21.61 2.97 45.407857 11.899805 1
5.77 -7.81 1.83 21.61 2.97 45.407857 11.899805 1
5.79 -7.81 1.83 21.61 2.97 45.407857 11.899805 1
5.78 -7.81 1.83 21.6 2.97 45.407857 11.899805 1
5.77 -7.81 1.84 21.62 2.97 45.407857 11.899805 1
5.78 -7.81 1.83 21.61 2.97 45.407857 11.899805 1
5.79 -7.8 1.83 21.61 2.97 45.407857 11.899805 1
5.77 -7.81 1.83 21.62 2.97 45.407857 11.899805 1
