6.31 -7.95 1.64 21.95 2.66 45.407736 11.899249 0
5.75 -7.79 1.48 21.85 2.66 45.407736 11.899249 1
6.11 -8.19 1.68 22.17 2.66 45.407736 11.899249 1
6.18 -7.64 2.13 21.8 2.66 45.407736 11.899249 1
6.07 -8.08 1.77 22.29 2.66 45.407736 11.899249 1
5.63 -7.94 1.53 21.85 2.66 45.407736 11.899249 1
6.26 -7.55 1.71 22.36 2.66 45.407736 11.899249 1
5.99 -7.83 1.78 22.95 2.66 45.407736 11.899249 1
5.37 -8.15 1.78 21.93 2.66 45.407736 11.899249 1
5.62 -7.8 1.68 22.29 2.66 45.407736 11.899249 0
5.98 -7.87 1.81 22.26 2.66 45.407736 11.899249 1
5.91 -7.76 1.95 22.29 2.66 45.407736 11.899249 0
5.93 -7.61 1.97 21.44 2.66 45.407736 11.899249 1
5.99 -7.73 2.07 21.97 2.66 45.407736 11.899249 1
6.25 -7.58 1.81 22.81 2.66 45.407736 11.899249 1
6.38 -7.45 2.0 22.0 2.66 45.407736 11.899249 1
5.87 -7.87 1.77 22.0 2.66 45.407736 11.899249 1
5.93 -8.1 1.87 21.99 2.66 45.407736 11.899249 1
5.54 -8.2 2.07 21.45 2.66 45.407736 11.899249 1
5.13 -8.32 1.91 22.29 2.66 45.407736 11.899249 1
5.52 -7.89 1.78 21.95 2.66 45.407736 11.899249 1
5.83 -8.29 1.74 22.35 2.66 45.407736 11.899249 1
5.62 -7.82 2.01 21.92 2.66 45.407736 11.899249 1
6.14 -8.0 1.92 23.55 2.66 45.407736 11.899249 1
6.15 -7.3 2.51 22.0 2.66 45.407736 11.899249 1
6.33 -7.86 2.3 21.78 2.66 45.407736 11.899249 1
6.09 -7.4 1.9 22.19 1.81 45.407747 11.899261 0
6.41 -7.84 1.51 22.31 1.81 45.407747 11.899261 1
5.91 -7.65 1.78 22.35 1.81 45.407747 11.899261 0
5.58 -7.77 1.91 21.9 1.81 45.407747 11.899261 1
5.75 -8.01 1.61 23.17 1.81 45.407747 11.899261 1
5.83 -7.96 1.39 21.92 1.81 45.407747 11.899261 1
5.96 -7.87 1.91 23.99 1.81 45.407747 11.899261 1
5.69 -7.72 1.65 22.81 1.81 45.407747 11.899261 1
5.87 -7.77 1.79 22.57 1.81 45.407747 11.899261 1
5.9 -7.67 1.78 22.04 1.81 45.407747 11.899261 1
6.06 -7.45 1.94 22.02 1.81 45.407747 11.899261 1
6.02 -7.89 2.11 22.45 1.81 45.407747 11.899261 1
6.02 -7.65 2.21 22.0 1.81 45.407747 11.899261 1
5.99 -7.58 1.8 21.99 1.81 45.407747 11.899261 1
6.1 -7.94 1.57 22.36 1.81 45.407747 11.899261 1
6.15 -7.8 1.8 22.36 1.81 45.407747 11.899261 1
5.76 -7.78 1.91 22.0 1.81 45.407747 11.899261 1
6.0 -7.73 1.82 22.35 1.81 45.407747 11.899261 1
5.49 -7.9 1.89 22.35 2.64 45.407753 11.899296 0
5.48 -8.11 1.72 21.92 2.64 45.407753 11.899296 1
5.94 -7.89 1.66 21.85 2.64 45.407753 11.899296 0
6.05 -8.1 2.17 22.24 2.64 45.407753 11.899296 1
5.81 -7.49 1.78 21.78 2.64 45.407753 11.899296 1
5.98 -8.02 2.1 21.75 2.64 45.407753 11.899296 1
5.96 -7.75 1.65 21.75 2.64 45.407753 11.899296 1
5.89 -7.78 1.96 22.36 2.64 45.407753 11.899296 1
5.89 -7.76 1.75 22.38 2.64 45.407753 11.899296 1
5.98 -7.64 1.79 22.45 2.64 45.407753 11.899296 1
6.16 -7.62 1.51 22.76 2.64 45.407753 11.899296 1
5.92 -7.94 1.32 21.9 2.64 45.407753 11.899296 1
5.83 -8.07 1.64 22.72 2.64 45.407753 11.899296 1
5.8 -8.06 1.61 22.42 2.64 45.407753 11.899296 1
5.86 -7.95 2.32 22.04 2.64 45.407753 11.899296 1
5.79 -7.84 1.86 21.95 2.64 45.407753 11.899296 1
6.11 -7.78 1.95 21.8 2.64 45.407753 11.899296 1
6.17 -7.75 1.73 22.17 1.99 45.407762 11.899318 0
6.25 -7.97 2.04 22.19 1.99 45.407762 11.899318 1
5.99 -7.67 2.15 21.85 1.99 45.407762 11.899318 0
5.98 -7.83 2.2 21.81 1.99 45.407762 11.899318 1
5.89 -7.49 2.31 21.9 1.99 45.407762 11.899318 1
6.01 -7.78 2.19 21.9 1.99 45.407762 11.899318 1
6.01 -7.53 2.06 22.29 1.99 45.407762 11.899318 1
5.82 -8.29 1.83 21.83 1.99 45.407762 11.899318 1
5.6 -8.05 1.68 22.5 1.99 45.407762 11.899318 1
5.37 -7.94 2.03 22.0 1.99 45.407762 11.899318 1
5.83 -7.99 1.98 21.64 1.99 45.407762 11.899318 1
5.86 -7.74 1.7 21.97 1.99 45.407762 11.899318 1
6.11 -7.83 1.62 22.0 1.99 45.407762 11.899318 1
6.05 -7.8 1.62 22.0 1.99 45.407762 11.899318 1
6.17 -7.87 1.81 22.35 1.99 45.407762 11.899318 1
6.03 -7.55 1.79 21.92 1.99 45.407762 11.899318 1
6.02 -7.75 1.84 22.35 1.99 45.407762 11.899318 1
6.01 -7.56 1.92 21.78 1.99 45.407762 11.899318 1
6.24 -7.94 1.65 21.8 2.57 45.407770 11.899351 0
6.14 -7.82 1.79 22.11 2.57 45.407770 11.899351 1
5.48 -7.69 1.72 22.23 2.57 45.407770 11.899351 0
5.58 -7.94 1.35 22.24 2.57 45.407770 11.899351 1
5.87 -7.88 1.62 22.66 2.57 45.407770 11.899351 1
5.92 -8.23 2.02 21.76 2.57 45.407770 11.899351 1
5.8 -7.74 2.18 21.87 2.57 45.407770 11.899351 1
6.16 -7.88 1.59 21.95 2.57 45.407770 11.899351 1
6.34 -7.47 1.93 21.97 2.57 45.407770 11.899351 1
6.18 -7.64 2.18 22.35 2.57 45.407770 11.899351 1
6.4 -7.49 2.39 22.45 2.57 45.407770 11.899351 1
6.28 -7.64 2.27 22.45 2.57 45.407770 11.899351 1
6.4 -7.35 2.31 22.12 2.57 45.407770 11.899351 1
6.06 -7.59 2.51 22.11 2.57 45.407770 11.899351 1
5.92 -7.65 1.9 21.64 2.57 45.407770 11.899351 1
5.27 -8.34 1.67 22.4 2.57 45.407770 11.899351 1
5.44 -8.02 1.05 21.33 2.57 45.407770 11.899351 1
6.09 -8.0 1.53 21.66 2.9 45.407775 11.899389 0
5.73 -7.84 1.38 22.09 2.9 45.407775 11.899389 1
6.06 -7.41 2.04 22.55 2.9 45.407775 11.899389 0
6.25 -7.59 1.97 22.16 2.9 45.407775 11.899389 1
6.22 -7.57 2.07 22.04 2.9 45.407775 11.899389 1
6.15 -7.77 2.15 21.99 2.9 45.407775 11.899389 1
6.17 -7.71 1.92 22.09 2.9 45.407775 11.899389 1
6.23 -7.68 1.95 21.68 2.9 45.407775 11.899389 1
6.13 -7.91 2.12 21.88 2.9 45.407775 11.899389 1
5.86 -7.85 1.92 22.86 2.9 45.407775 11.899389 1
5.97 -7.71 1.26 22.07 2.9 45.407775 11.899389 1
5.61 -7.94 1.4 22.42 2.9 45.407775 11.899389 1
5.77 -7.86 1.36 22.09 2.9 45.407775 11.899389 1
5.69 -8.1 1.62 21.9 2.9 45.407775 11.899389 1
5.83 -7.59 1.95 22.24 2.9 45.407775 11.899389 1
6.4 -7.7 2.04 22.21 2.9 45.407775 11.899389 1
6.2 -7.88 2.02 22.29 2.9 45.407775 11.899389 1
6.09 -7.39 2.23 21.78 2.9 45.407775 11.899389 1
6.57 -7.35 2.07 22.26 2.74 45.407785 11.899423 0
6.45 -7.5 1.98 21.99 2.74 45.407785 11.899423 1
5.92 -7.52 2.07 21.93 2.74 45.407785 11.899423 0
6.12 -7.29 1.87 21.88 2.74 45.407785 11.899423 1
5.64 -8.39 1.86 21.85 2.74 45.407785 11.899423 1
5.5 -7.92 1.71 21.92 2.74 45.407785 11.899423 1
5.73 -7.87 1.52 21.9 2.74 45.407785 11.899423 1
5.89 -8.01 1.75 23.41 2.74 45.407785 11.899423 1
5.95 -7.46 1.6 22.14 2.74 45.407785 11.899423 1
6.25 -7.99 1.76 22.88 2.74 45.407785 11.899423 1
6.15 -7.44 1.85 21.92 2.74 45.407785 11.899423 1
6.01 -7.52 2.21 22.19 2.74 45.407785 11.899423 1
7.07 -9.12 2.2 21.59 2.74 45.407785 11.899423 1
6.59 -7.55 1.82 21.95 2.74 45.407785 11.899423 1
5.1 -7.54 1.67 22.88 2.74 45.407785 11.899423 1
6.26 -7.81 1.53 24.3 2.74 45.407785 11.899423 1
6.62 -8.01 1.72 22.24 2.74 45.407785 11.899423 1
6.35 -7.27 2.22 21.83 2.23 45.407795 11.899448 0
4.49 -8.91 2.4 21.42 2.23 45.407795 11.899448 1
5.49 -7.46 2.32 20.87 2.23 45.407795 11.899448 0
6.75 -7.81 1.72 21.23 2.23 45.407795 11.899448 1
6.45 -9.42 1.71 21.87 2.23 45.407795 11.899448 1
5.47 -6.69 2.26 22.16 2.23 45.407795 11.899448 1
6.06 -6.38 1.98 22.21 2.23 45.407795 11.899448 1
6.96 -6.39 2.06 22.04 2.23 45.407795 11.899448 1
5.94 -8.12 2.09 22.0 2.23 45.407795 11.899448 1
5.95 -7.88 2.16 21.66 2.23 45.407795 11.899448 1
5.45 -8.02 2.26 21.13 2.23 45.407795 11.899448 1
7.41 -7.53 2.13 21.39 2.23 45.407795 11.899448 1
5.24 -9.28 2.35 22.21 2.23 45.407795 11.899448 1
5.03 -7.58 2.12 22.31 2.23 45.407795 11.899448 1
5.65 -6.62 1.88 22.35 2.23 45.407795 11.899448 1
5.8 -7.16 2.29 21.9 2.23 45.407795 11.899448 1
6.98 -8.67 1.09 21.63 2.23 45.407795 11.899448 1
6.37 -7.68 2.01 21.9 2.23 45.407795 11.899448 1
6.49 -7.52 1.43 21.81 2.68 45.407801 11.899484 0
5.9 -7.13 1.76 21.68 2.68 45.407801 11.899484 1
6.26 -7.36 1.55 23.12 2.68 45.407801 11.899484 0
6.57 -7.62 2.13 22.19 2.68 45.407801 11.899484 1
6.03 -7.97 1.92 22.0 2.68 45.407801 11.899484 1
5.76 -7.76 1.7 21.66 2.68 45.407801 11.899484 1
5.25 -7.19 1.09 21.68 2.68 45.407801 11.899484 1
5.83 -8.39 1.97 21.69 2.68 45.407801 11.899484 1
5.66 -8.67 2.17 21.8 2.68 45.407801 11.899484 1
6.43 -7.87 1.71 22.35 2.68 45.407801 11.899484 1
6.17 -7.28 1.55 22.67 2.68 45.407801 11.899484 1
5.76 -6.75 1.65 22.5 2.68 45.407801 11.899484 1
6.32 -7.73 1.77 21.9 2.68 45.407801 11.899484 1
6.39 -8.25 1.84 21.59 2.68 45.407801 11.899484 1
6.86 -8.64 1.88 21.76 2.68 45.407801 11.899484 1
6.14 -7.96 1.98 22.26 2.68 45.407801 11.899484 1
5.57 -6.65 2.15 22.4 2.68 45.407801 11.899484 1
5.74 -7.3 1.92 22.21 3.01 45.407808 11.899522 0
5.4 -8.01 1.91 21.64 3.01 45.407808 11.899522 1
5.84 -9.14 1.77 21.33 3.01 45.407808 11.899522 1
6.12 -8.54 1.8 21.68 3.01 45.407808 11.899522 0
5.66 -7.45 1.75 21.54 3.01 45.407808 11.899522 1
6.07 -6.83 1.84 21.99 3.01 45.407808 11.899522 1
5.85 -7.69 2.23 21.73 3.01 45.407808 11.899522 1
6.41 -7.74 2.08 21.52 3.01 45.407808 11.899522 1
6.3 -8.24 1.75 21.85 3.01 45.407808 11.899522 1
6.32 -7.3 1.99 22.04 3.01 45.407808 11.899522 1
5.81 -7.56 1.99 21.69 3.01 45.407808 11.899522 1
6.13 -7.57 1.88 22.07 3.01 45.407808 11.899522 1
5.95 -8.04 1.85 22.11 3.01 45.407808 11.899522 1
5.85 -8.44 1.65 22.16 3.01 45.407808 11.899522 1
5.75 -8.08 1.83 22.6 3.01 45.407808 11.899522 1
5.79 -7.61 1.38 22.02 3.01 45.407808 11.899522 1
5.67 -7.71 1.94 21.88 3.01 45.407808 11.899522 1
6.44 -7.87 1.78 21.68 3.01 45.407808 11.899522 1
6.42 -7.74 1.91 21.68 3.26 45.407817 11.899564 0
6.23 -7.48 1.84 21.76 3.26 45.407817 11.899564 1
6.17 -7.48 1.91 21.8 3.26 45.407817 11.899564 0
6.11 -7.64 2.08 22.4 3.26 45.407817 11.899564 1
6.32 -7.52 1.98 22.4 3.26 45.407817 11.899564 1
6.09 -7.58 1.87 21.81 3.26 45.407817 11.899564 1
6.02 -8.03 2.22 21.93 3.26 45.407817 11.899564 1
5.59 -7.86 2.15 22.0 3.26 45.407817 11.899564 1
5.66 -8.12 1.61 22.47 3.26 45.407817 11.899564 1
6.01 -7.73 1.68 21.57 3.26 45.407817 11.899564 1
5.8 -7.43 2.02 21.64 3.26 45.407817 11.899564 1
6.31 -8.01 1.72 22.05 3.26 45.407817 11.899564 1
6.1 -7.53 1.91 21.92 3.26 45.407817 11.899564 1
5.82 -7.7 2.03 22.0 3.26 45.407817 11.899564 1
6.19 -7.87 2.04 22.36 3.26 45.407817 11.899564 1
6.03 -7.31 1.66 21.85 3.26 45.407817 11.899564 1
6.44 -7.85 1.47 21.69 3.26 45.407817 11.899564 1
5.9 -7.69 1.27 21.73 3.26 45.407817 11.899564 1
5.83 -7.76 1.79 21.88 2.87 45.407828 11.899601 0
5.91 -7.55 2.03 21.99 2.87 45.407828 11.899601 1
6.22 -7.87 1.51 22.0 2.87 45.407828 11.899601 0
5.86 -8.0 1.38 22.04 2.87 45.407828 11.899601 1
5.58 -7.75 1.68 21.99 2.87 45.407828 11.899601 1
6.08 -7.75 1.8 21.93 2.87 45.407828 11.899601 1
6.28 -7.99 1.63 21.85 2.87 45.407828 11.899601 1
5.94 -7.59 1.6 21.49 2.87 45.407828 11.899601 1
6.35 -7.64 1.73 22.26 2.87 45.407828 11.899601 1
6.41 -7.7 1.84 21.83 2.87 45.407828 11.899601 1
6.37 -7.65 2.49 22.33 2.87 45.407828 11.899601 1
6.07 -7.4 2.16 21.97 2.87 45.407828 11.899601 1
6.22 -7.68 2.09 21.59 2.87 45.407828 11.899601 1
5.87 -7.61 2.41 22.45 2.87 45.407828 11.899601 1
6.83 -7.9 1.85 22.52 2.87 45.407828 11.899601 1
6.53 -8.16 2.18 22.17 2.87 45.407828 11.899601 1
7.77 -7.64 2.09 23.39 2.87 45.407828 11.899601 1
3.97 -7.76 1.81 23.56 3.44 45.407836 11.899645 0
3.12 -7.58 2.08 22.29 3.44 45.407836 11.899645 1
3.8 -7.78 1.61 19.24 3.44 45.407836 11.899645 0
7.93 -9.79 1.87 16.86 3.44 45.407836 11.899645 1
8.52 -12.68 1.15 17.51 3.44 45.407836 11.899645 1
6.4 -8.27 3.27 20.46 3.44 45.407836 11.899645 1
3.95 -3.42 1.34 24.68 3.44 45.407836 11.899645 1
4.45 -4.5 1.75 24.52 3.44 45.407836 11.899645 1
4.19 -2.89 1.95 23.24 3.44 45.407836 11.899645 1
13.73 -12.91 2.91 21.66 3.44 45.407836 11.899645 1
6.44 -10.05 1.88 21.33 3.44 45.407836 11.899645 1
5.63 -11.67 1.21 22.04 3.44 45.407836 11.899645 1
4.54 -6.52 1.92 22.55 3.44 45.407836 11.899645 1
5.91 -6.78 2.24 22.43 3.44 45.407836 11.899645 1
6.49 -6.5 1.5 22.14 3.44 45.407836 11.899645 1
6.59 -7.38 1.76 21.75 3.44 45.407836 11.899645 1
6.41 -8.9 2.18 21.28 3.44 45.407836 11.899645 1
6.38 -8.45 1.72 21.68 3.44 45.407836 11.899645 1
6.0 -7.05 1.75 21.88 2.72 45.407845 11.899683 0
5.96 -6.73 2.31 21.93 2.72 45.407845 11.899683 1
5.9 -7.77 1.97 21.81 2.72 45.407845 11.899683 0
5.78 -7.84 1.87 21.3 2.72 45.407845 11.899683 1
5.84 -8.18 1.56 21.37 2.72 45.407845 11.899683 1
5.74 -8.4 1.9 21.52 2.72 45.407845 11.899683 1
5.64 -7.77 1.96 21.97 2.72 45.407845 11.899683 1
5.75 -7.27 1.78 22.19 2.72 45.407845 11.899683 1
6.18 -8.08 2.17 22.16 2.72 45.407845 11.899683 1
6.18 -8.0 1.89 22.45 2.72 45.407845 11.899683 1
6.06 -7.8 2.42 21.92 2.72 45.407845 11.899683 1
6.32 -7.92 2.02 22.0 2.72 45.407845 11.899683 1
6.18 -7.4 1.86 22.09 2.72 45.407845 11.899683 1
6.5 -7.51 1.42 22.16 2.72 45.407845 11.899683 1
5.84 -7.68 1.3 22.0 2.72 45.407845 11.899683 1
6.01 -7.75 1.75 22.05 2.72 45.407845 11.899683 1
5.49 -8.43 1.44 21.33 2.72 45.407845 11.899683 1
5.53 -7.98 1.71 21.87 2.83 45.407854 11.899717 0
5.92 -7.68 1.91 21.73 2.83 45.407854 11.899717 1
5.9 -7.72 1.61 21.78 2.83 45.407854 11.899717 0
6.04 -7.78 1.78 21.83 2.83 45.407854 11.899717 1
5.59 -7.95 2.25 21.83 2.83 45.407854 11.899717 1
5.95 -7.64 2.27 21.9 2.83 45.407854 11.899717 1
6.28 -7.1 2.13 21.44 2.83 45.407854 11.899717 1
6.39 -7.79 1.88 21.49 2.83 45.407854 11.899717 1
6.16 -7.5 2.05 22.07 2.83 45.407854 11.899717 1
6.22 -7.83 2.01 21.64 2.83 45.407854 11.899717 1
6.07 -7.42 2.29 21.54 2.83 45.407854 11.899717 1
6.13 -8.06 2.08 22.0 2.83 45.407854 11.899717 1
5.76 -7.81 1.84 22.14 2.83 45.407854 11.899717 1
5.24 -7.94 1.83 21.97 2.83 45.407854 11.899717 1
5.78 -7.77 1.72 21.54 2.83 45.407854 11.899717 1
6.06 -8.09 2.05 21.9 2.83 45.407854 11.899717 1
6.05 -7.48 1.8 21.4 2.83 45.407854 11.899717 1
6.26 -7.66 1.55 21.39 2.83 45.407854 11.899717 1
6.39 -7.45 1.76 22.19 3.21 45.407860 11.899760 0
6.39 -7.39 1.9 21.37 3.21 45.407860 11.899760 1
6.2 -7.55 1.98 21.88 3.21 45.407860 11.899760 0
6.35 -7.31 1.88 21.81 3.21 45.407860 11.899760 1
6.57 -7.81 1.63 21.95 3.21 45.407860 11.899760 1
5.94 -7.74 1.55 21.88 3.21 45.407860 11.899760 1
5.63 -7.79 1.59 21.88 3.21 45.407860 11.899760 1
5.88 -7.74 1.84 21.64 3.21 45.407860 11.899760 1
5.98 -8.21 2.01 22.0 3.21 45.407860 11.899760 1
5.41 -8.2 2.07 21.97 3.21 45.407860 11.899760 1
5.91 -7.98 2.14 21.54 3.21 45.407860 11.899760 1
6.25 -7.7 1.91 21.93 3.21 45.407860 11.899760 1
5.8 -7.96 2.02 21.54 3.21 45.407860 11.899760 1
5.69 -8.1 1.95 21.92 3.21 45.407860 11.899760 1
6.02 -7.9 1.52 22.09 3.21 45.407860 11.899760 1
5.87 -7.69 1.57 21.69 3.21 45.407860 11.899760 1
5.87 -7.69 1.57 21.69 3.21 45.407860 11.899760 1
5.87 -7.7 1.58 21.69 3.21 45.407860 11.899760 1
5.87 -7.68 1.57 21.69 3.21 45.407860 11.899760 1
5.87 -7.69 1.56 21.69 3.21 45.407860 11.899760 1
5.86 -7.69 1.57 21.69 3.21 45.407860 11.899760 1
5.88 -7.69 1.57 21.69 3.21 45.407860 11.899760 1
5.86 -7.68 1.57 21.69 3.21 45.407860 11.899760 1
5.87 -7.7 1.57 21.69 3.21 45.407860 11.899760 1
5.87 -7.69 1.56 21.69 3.21 45.407860 11.899760 1
5.87 -7.69 1.56 21.69 3.21 45.407860 11.899760 1
5.87 -7.68 1.57 21.69 3.21 45.407860 11.899760 1
5.86 -7.7 1.57 21.69 3.21 45.407860 11.899760 1
5.87 -7.68 1.57 21.68 3.21 45.407860 11.899760 1
5.87 -7.68 1.58 21.7 3.21 45.407860 11.899760 1
5.86 -7.69 1.58 21.7 3.21 45.407860 11.899760 1
5.87 -7.68 1.58 21.7 3.21 45.407860 11.899760 1
5.88 -7.69 1.57 21.69 3.21 45.407860 11.899760 1
5.87 -7.69 1.58 21.68 3.21 45.407860 11.899760 1
5.87 -7.68 1.56 21.69 3.21 45.407860 11.899760 1
5.87 -7.7 1.57 21.69 3.21 45.407860 11.899760 1
5.87 -7.68 1.57 21.68 3.21 45.407860 11.899760 1
5.86 -7.69 1.57 21.69 3.21 45.407860 11.899760 1
5.88 -7.7 1.57 21.68 3.21 45.407860 11.899760 1
5.87 -7.68 1.57 21.7 3.21 45.407860 11.899760 1
5.87 -7.69 1.57 21.69 3.21 45.407860 11.899760 1
5.87 -7.7 1.56 21.68 3.21 45.407860 11.899760 1
5.86 -7.69 1.56 21.69 3.21 45.407860 11.899760 1
5.87 -7.68 1.57 21.69 3.21 45.407860 11.899760 1
5.86 -7.69 1.56 21.68 3.21 45.407860 11.899760 1
5.88 -7.68 1.56 21.7 3.21 45.407860 11.899760 1
5.86 -7.68 1.57 21.7 3.21 45.407860 11.899760 1
5.87 -7.69 1.57 21.69 3.21 45.407860 11.899760 1
5.88 -7.7 1.56 21.7 3.21 45.407860 11.899760 1
5.86 -7.68 1.57 21.69 3.21 45.407860 11.899760 1
5.87 -7.68 1.56 21.69 3.21 45.407860 11.899760 1
5.87 -7.68 1.56 21.69 3.21 45.407860 11.899760 1
5.87 -7.69 1.57 21.68 3.21 45.407860 11.899760 1
5.87 -7.69 1.56 21.69 3.21 45.407860 11.899760 1
5.86 -7.69 1.57 21.69 3.21 45.407860 11.899760 1
5.86 -7.68 1.57 21.68 3.21 45.407860 11.899760 1
5.87 -7.69 1.57 21.69 3.21 45.407860 11.899760 1
5.88 -7.69 1.57 21.68 3.21 45.407860 11.899760 1
5.87 -7.69 1.57 21.68 3.21 45.407860 11.899760 1
5.87 -7.7 1.56 21.7 3.21 45.407860 11.899760 1
5.86 -7.69 1.58 21.68 3.21 45.407860 11.899760 1
5.86 -7.69 1.57 21.69 3.21 45.407860 11.899760 1
5.87 -7.7 1.57 21.68 3.21 45.407860 11.899760 1
5.87 -7.69 1.56 21.7 3.21 45.407860 11.899760 1
5.88 -7.68 1.57 21.69 3.21 45.407860 11.899760 1
5.86 -7.69 1.57 21.7 3.21 45.407860 11.899760 1
5.87 -7.69 1.58 21.7 3.21 45.407860 11.899760 1
5.87 -7.69 1.56 21.69 3.21 45.407860 11.899760 1
5.87 -7.7 1.57 21.69 3.21 45.407860 11.899760 1
5.87 -7.68 1.58 21.69 3.21 45.407860 11.899760 1
5.87 -7.68 1.57 21.69 3.21 45.407860 11.899760 1
5.88 -7.68 1.58 21.68 3.21 45.407860 11.899760 1
5.88 -7.69 1.56 21.68 3.21 45.407860 11.899760 1
5.88 -7.69 1.57 21.7 3.21 45.407860 11.899760 1
5.87 -7.68 1.56 21.68 3.21 45.407860 11.899760 1
5.87 -7.7 1.56 21.7 3.21 45.407860 11.899760 1
5.88 -7.69 1.56 21.7 3.21 45.407860 11.899760 1
5.88 -7.69 1.57 21.69 3.21 45.407860 11.899760 1
