5.64 -8.36 1.83 21.87 2.56 45.407733 11.899173 0
5.85 -7.73 1.86 21.85 2.56 45.407733 11.899173 1
6.02 -7.87 1.86 21.97 2.56 45.407733 11.899173 1
5.55 -7.89 1.76 22.9 2.56 45.407733 11.899173 1
5.84 -7.94 1.56 23.27 2.56 45.407733 11.899173 1
6.2 -7.71 1.98 22.36 2.56 45.407733 11.899173 1
6.25 -7.87 1.78 22.36 2.56 45.407733 11.899173 1
6.31 -7.6 1.87 22.36 2.56 45.407733 11.899173 1
6.21 -7.76 1.91 22.31 2.56 45.407733 11.899173 1
5.81 -7.71 1.94 21.95 2.56 45.407733 11.899173 1
5.58 -8.11 2.01 22.36 2.56 45.407733 11.899173 1
5.31 -8.6 1.72 22.24 2.56 45.407733 11.899173 1
5.48 -8.14 1.87 21.88 2.56 45.407733 11.899173 0
5.97 -7.62 1.56 21.9 2.56 45.407733 11.899173 1
5.96 -7.8 1.95 25.12 2.56 45.407733 11.899173 0
6.16 -7.69 1.87 21.85 2.56 45.407733 11.899173 1
6.21 -7.55 1.79 22.19 2.56 45.407733 11.899173 1
6.3 -7.75 2.09 22.29 2.56 45.407733 11.899173 1
6.04 -7.9 2.06 21.87 2.56 45.407733 11.899173 1
5.95 -7.7 2.02 22.07 2.56 45.407733 11.899173 1
5.68 -7.61 1.97 22.02 2.56 45.407733 11.899173 1
5.78 -7.98 2.04 21.95 2.56 45.407733 11.899173 1
5.71 -8.28 1.87 22.86 2.56 45.407733 11.899173 1
5.46 -8.06 1.78 22.42 2.56 45.407733 11.899173 1
5.23 -8.24 1.43 21.92 2.56 45.407733 11.899173 1
5.5 -7.97 1.66 36.14 2.56 45.407733 11.899173 1
5.9 -7.87 1.64 21.95 2.56 45.407733 11.899173 1
5.99 -7.88 1.81 22.42 2.56 45.407733 11.899173 1
6.13 -7.29 1.99 21.76 2.56 45.407733 11.899173 1
6.3 -7.47 1.65 21.9 2.3 45.407739 11.899201 0
6.2 -7.67 2.02 22.14 2.3 45.407739 11.899201 1
5.81 -8.03 1.83 22.19 2.3 45.407739 11.899201 0
5.81 -8.04 1.98 22.11 2.3 45.407739 11.899201 1
6.36 -7.76 2.39 22.17 2.3 45.407739 11.899201 1
6.18 -7.2 2.34 21.92 2.3 45.407739 11.899201 1
5.8 -7.99 1.29 22.05 2.3 45.407739 11.899201 1
5.46 -7.55 1.33 21.93 2.3 45.407739 11.899201 1
6.17 -8.03 1.28 22.42 2.3 45.407739 11.899201 1
6.13 -7.94 1.62 22.33 2.3 45.407739 11.899201 1
6.19 -7.86 1.85 22.02 2.3 45.407739 11.899201 1
5.61 -7.07 2.24 22.05 2.3 45.407739 11.899201 1
6.17 -7.81 1.83 21.95 2.3 45.407739 11.899201 1
6.02 -7.53 1.75 21.87 2.3 45.407739 11.899201 1
6.23 -7.82 1.94 21.95 2.3 45.407739 11.899201 1
6.01 -7.93 2.16 22.0 2.3 45.407739 11.899201 1
5.86 -7.46 2.02 22.47 2.3 45.407739 11.899201 1
6.35 -7.54 1.92 21.71 2.3 45.407739 11.899201 1
5.69 -8.0 2.09 21.85 2.14 45.407747 11.899225 0
5.77 -7.91 2.29 22.29 2.14 45.407747 11.899225 1
5.54 -7.94 1.72 22.21 2.14 45.407747 11.899225 0
5.89 -7.85 1.83 22.62 2.14 45.407747 11.899225 1
5.59 -7.57 1.74 21.85 2.14 45.407747 11.899225 1
6.09 -8.13 1.96 23.0 2.14 45.407747 11.899225 1
5.97 -7.6 1.8 22.96 2.14 45.407747 11.899225 1
6.15 -7.61 1.78 21.9 2.14 45.407747 11.899225 1
6.05 -7.46 1.67 22.0 2.14 45.407747 11.899225 1
6.08 -7.75 1.84 22.0 2.14 45.407747 11.899225 1
6.11 -7.72 1.91 22.79 2.14 45.407747 11.899225 1
6.12 -7.68 1.54 22.74 2.14 45.407747 11.899225 1
6.07 -7.88 1.59 23.22 2.14 45.407747 11.899225 1
5.67 -7.89 1.65 22.36 2.14 45.407747 11.899225 1
5.84 -8.09 1.65 22.36 2.14 45.407747 11.899225 1
5.7 -7.64 1.75 24.97 2.14 45.407747 11.899225 1
6.02 -8.07 1.92 23.55 2.14 45.407747 11.899225 1
5.97 -7.73 1.72 21.87 2.44 45.407753 11.899257 0
6.27 -7.65 1.66 22.4 2.44 45.407753 11.899257 1
5.9 -7.44 2.0 21.93 2.44 45.407753 11.899257 0
6.17 -7.71 1.98 21.45 2.44 45.407753 11.899257 1
6.16 -7.67 1.9 22.23 2.44 45.407753 11.899257 1
6.14 -7.45 1.82 21.87 2.44 45.407753 11.899257 1
6.18 -7.98 1.8 21.71 2.44 45.407753 11.899257 1
5.91 -7.55 2.18 21.93 2.44 45.407753 11.899257 1
5.92 -7.98 2.23 22.0 2.44 45.407753 11.899257 1
5.6 -7.96 2.36 22.43 2.44 45.407753 11.899257 1
5.52 -8.14 2.1 23.31 2.44 45.407753 11.899257 1
5.7 -7.54 1.98 22.42 2.44 45.407753 11.899257 1
5.93 -8.32 2.01 21.95 2.44 45.407753 11.899257 1
5.91 -7.62 1.98 21.97 2.44 45.407753 11.899257 1
6.35 -7.7 1.4 21.92 2.44 45.407753 11.899257 1
6.17 -7.65 1.52 22.84 2.44 45.407753 11.899257 1
5.96 -7.66 1.74 22.0 2.44 45.407753 11.899257 1
6.18 -7.53 1.49 21.9 2.44 45.407753 11.899257 1
6.26 -7.58 1.61 21.78 2.6 45.407759 11.899291 0
6.23 -7.88 1.74 21.33 2.6 45.407759 11.899291 1
6.05 -7.86 1.69 21.76 2.6 45.407759 11.899291 0
5.74 -7.98 1.77 22.26 2.6 45.407759 11.899291 1
5.53 -7.88 1.77 21.85 2.6 45.407759 11.899291 1
5.61 -8.16 2.0 21.73 2.6 45.407759 11.899291 1
5.82 -7.64 1.98 21.85 2.6 45.407759 11.899291 1
6.36 -8.05 1.75 21.95 2.6 45.407759 11.899291 1
6.18 -7.6 1.81 22.0 2.6 45.407759 11.899291 1
5.88 -7.85 2.03 22.05 2.6 45.407759 11.899291 1
6.01 -7.51 1.89 21.97 2.6 45.407759 11.899291 1
6.2 -7.54 1.89 21.92 2.6 45.407759 11.899291 1
6.11 -7.64 2.13 22.47 2.6 45.407759 11.899291 1
6.02 -7.78 2.21 22.0 2.6 45.407759 11.899291 1
6.08 -7.7 1.81 22.47 2.6 45.407759 11.899291 1
5.77 -7.87 1.9 22.38 2.6 45.407759 11.899291 1
5.67 -8.08 1.87 21.83 2.6 45.407759 11.899291 1
5.39 -7.95 1.85 22.16 2.94 45.407769 11.899328 0
5.87 -7.86 1.67 21.85 2.94 45.407769 11.899328 1
5.76 -7.86 1.75 21.85 2.94 45.407769 11.899328 0
6.1 -7.99 1.76 22.29 2.94 45.407769 11.899328 1
6.17 -7.71 1.58 21.9 2.94 45.407769 11.899328 1
6.08 -7.49 1.61 22.29 2.94 45.407769 11.899328 1
5.95 -7.58 1.83 21.83 2.94 45.407769 11.899328 1
6.17 -7.96 1.62 21.75 2.94 45.407769 11.899328 1
5.82 -7.71 1.8 21.9 2.94 45.407769 11.899328 1
6.1 -7.78 1.89 22.36 2.94 45.407769 11.899328 1
6.3 -7.68 1.73 22.0 2.94 45.407769 11.899328 1
5.73 -7.92 1.53 22.02 2.94 45.407769 11.899328 1
5.71 -7.94 1.62 22.47 2.94 45.407769 11.899328 1
5.76 -7.72 2.02 22.0 2.94 45.407769 11.899328 1
6.0 -8.07 1.99 22.36 2.94 45.407769 11.899328 1
5.99 -7.59 2.13 21.92 2.94 45.407769 11.899328 1
5.88 -7.88 2.21 21.9 2.94 45.407769 11.899328 1
6.02 -7.93 2.24 21.8 2.94 45.407769 11.899328 1
6.07 -7.88 1.97 22.21 2.51 45.407776 11.899362 0
6.13 -7.61 2.26 21.81 2.51 45.407776 11.899362 1
6.07 -7.77 2.13 21.95 2.51 45.407776 11.899362 0
5.99 -7.29 2.06 22.42 2.51 45.407776 11.899362 1
6.09 -7.7 1.98 21.87 2.51 45.407776 11.899362 1
6.15 -8.34 2.04 22.28 2.51 45.407776 11.899362 1
5.56 -8.12 2.28 23.1 2.51 45.407776 11.899362 1
5.83 -7.89 1.96 22.0 2.51 45.407776 11.899362 1
5.61 -8.03 1.94 22.05 2.51 45.407776 11.899362 1
5.94 -7.99 1.85 22.02 2.51 45.407776 11.899362 1
5.77 -7.72 1.61 22.05 2.51 45.407776 11.899362 1
6.52 -7.55 1.3 22.86 2.51 45.407776 11.899362 1
6.15 -7.89 1.5 23.17 2.51 45.407776 11.899362 1
6.11 -7.6 1.72 21.85 2.51 45.407776 11.899362 1
6.04 -7.72 1.63 21.66 2.51 45.407776 11.899362 1
6.04 -7.52 1.84 21.75 2.51 45.407776 11.899362 1
6.39 -8.4 1.93 21.64 2.51 45.407776 11.899362 1
5.82 -7.77 1.7 21.69 2.68 45.407783 11.899400 0
5.72 -7.69 1.66 22.19 2.68 45.407783 11.899400 1
5.35 -8.21 1.88 22.62 2.68 45.407783 11.899400 1
5.6 -7.98 2.03 22.23 2.68 45.407783 11.899400 0
6.49 -7.67 1.77 21.75 2.68 45.407783 11.899400 1
5.69 -7.7 1.97 22.66 2.68 45.407783 11.899400 1
5.85 -7.93 2.34 21.78 2.68 45.407783 11.899400 1
6.32 -7.43 1.76 22.19 2.68 45.407783 11.899400 1
6.16 -7.68 1.77 22.91 2.68 45.407783 11.899400 1
6.26 -7.41 2.04 22.52 2.68 45.407783 11.899400 1
6.04 -7.9 1.89 23.74 2.68 45.407783 11.899400 1
6.11 -7.46 1.8 22.0 2.68 45.407783 11.899400 1
5.89 -7.52 1.89 22.17 2.68 45.407783 11.899400 1
6.51 -10.05 2.06 21.59 2.68 45.407783 11.899400 1
6.21 -7.47 2.07 22.11 2.68 45.407783 11.899400 1
4.92 -7.8 1.69 23.43 2.68 45.407783 11.899400 1
6.15 -7.59 1.93 26.48 2.68 45.407783 11.899400 1
6.56 -8.0 2.03 21.68 2.68 45.407783 11.899400 1
6.2 -5.33 2.05 21.78 2.89 45.407787 11.899439 0
4.57 -10.18 2.16 23.02 2.89 45.407787 11.899439 1
6.05 -7.05 1.64 21.15 2.89 45.407787 11.899439 0
6.66 -6.84 1.93 21.64 2.89 45.407787 11.899439 1
6.86 -8.88 1.71 21.39 2.89 45.407787 11.899439 1
6.4 -7.97 1.6 21.78 2.89 45.407787 11.899439 1
5.88 -6.59 2.15 22.31 2.89 45.407787 11.899439 1
6.13 -6.62 1.85 22.36 2.89 45.407787 11.899439 1
6.16 -8.16 1.23 22.26 2.89 45.407787 11.899439 1
5.27 -8.26 1.76 22.42 2.89 45.407787 11.899439 1
5.35 -9.21 1.69 22.05 2.89 45.407787 11.899439 1
5.73 -8.6 2.03 21.4 2.89 45.407787 11.899439 1
6.52 -7.52 2.08 21.52 2.89 45.407787 11.899439 1
6.09 -7.53 2.02 22.31 2.89 45.407787 11.899439 1
5.71 -7.79 1.69 22.88 2.89 45.407787 11.899439 1
5.74 -6.12 1.89 22.62 2.89 45.407787 11.899439 1
6.14 -6.18 1.91 22.38 2.89 45.407787 11.899439 1
6.56 -9.45 2.06 21.57 2.89 45.407787 11.899439 1
6.66 -8.6 2.18 21.56 2.23 45.407791 11.899469 0
5.91 -7.63 2.17 21.8 2.23 45.407791 11.899469 1
5.08 -7.54 2.12 21.93 2.23 45.407791 11.899469 0
5.54 -7.61 2.14 21.28 2.23 45.407791 11.899469 1
5.72 -8.26 1.63 22.0 2.23 45.407791 11.899469 1
5.88 -8.5 1.87 21.8 2.23 45.407791 11.899469 1
6.17 -7.87 1.89 22.04 2.23 45.407791 11.899469 1
5.41 -6.6 2.0 22.11 2.23 45.407791 11.899469 1
6.35 -7.4 1.87 21.92 2.23 45.407791 11.899469 1
6.17 -8.49 1.99 21.81 2.23 45.407791 11.899469 1
6.43 -8.12 1.74 22.11 2.23 45.407791 11.899469 1
6.39 -7.49 1.76 22.47 2.23 45.407791 11.899469 1
5.98 -7.27 1.82 22.52 2.23 45.407791 11.899469 1
5.97 -7.3 1.53 22.17 2.23 45.407791 11.899469 1
6.23 -8.14 1.78 21.45 2.23 45.407791 11.899469 1
5.61 -8.7 1.53 21.76 2.23 45.407791 11.899469 1
5.95 -8.73 1.6 21.37 2.23 45.407791 11.899469 1
5.74 -7.64 1.78 22.14 2.0 45.407795 11.899495 0
5.82 -7.12 1.73 22.26 2.0 45.407795 11.899495 1
6.05 -7.74 1.83 22.26 2.0 45.407795 11.899495 0
6.0 -7.73 1.97 21.49 2.0 45.407795 11.899495 1
6.3 -8.26 2.2 21.63 2.0 45.407795 11.899495 1
6.19 -7.98 1.94 21.68 2.0 45.407795 11.899495 1
6.1 -7.53 2.08 21.49 2.0 45.407795 11.899495 1
5.83 -6.92 1.92 21.95 2.0 45.407795 11.899495 1
6.01 -7.85 2.29 21.9 2.0 45.407795 11.899495 1
6.06 -7.84 2.05 21.8 2.0 45.407795 11.899495 1
5.84 -8.29 2.15 21.9 2.0 45.407795 11.899495 1
5.49 -7.99 2.04 22.02 2.0 45.407795 11.899495 1
5.68 -7.86 2.13 22.0 2.0 45.407795 11.899495 1
6.01 -7.28 2.13 22.05 2.0 45.407795 11.899495 1
6.07 -8.21 2.14 22.05 2.0 45.407795 11.899495 1
6.05 -7.87 1.74 22.54 2.0 45.407795 11.899495 1
6.46 -7.2 1.73 22.0 2.0 45.407795 11.899495 1
6.34 -7.79 1.86 21.49 2.0 45.407795 11.899495 1
6.07 -7.64 2.03 21.42 3.14 45.407803 11.899538 0
6.19 -7.67 1.93 21.71 3.14 45.407803 11.899538 1
6.53 -7.7 1.54 21.33 3.14 45.407803 11.899538 0
6.52 -7.52 0.84 21.44 3.14 45.407803 11.899538 1
5.81 -7.52 1.06 22.0 3.14 45.407803 11.899538 1
5.53 -7.9 1.98 22.38 3.14 45.407803 11.899538 1
5.68 -8.16 2.22 21.97 3.14 45.407803 11.899538 1
5.83 -7.86 2.01 21.63 3.14 45.407803 11.899538 1
5.41 -8.05 1.76 22.02 3.14 45.407803 11.899538 1
6.18 -7.58 1.7 22.47 3.14 45.407803 11.899538 1
6.43 -7.66 1.85 22.42 3.14 45.407803 11.899538 1
6.47 -7.23 2.08 22.05 3.14 45.407803 11.899538 1
6.49 -7.59 1.75 21.97 3.14 45.407803 11.899538 1
6.11 -7.54 1.86 21.59 3.14 45.407803 11.899538 1
6.03 -7.83 2.19 22.0 3.14 45.407803 11.899538 1
6.35 -7.62 2.22 22.42 3.14 45.407803 11.899538 1
6.05 -7.37 1.94 21.76 3.14 45.407803 11.899538 1
5.74 -8.12 2.33 21.64 3.29 45.407810 11.899584 0
5.69 -8.07 2.18 21.3 3.29 45.407810 11.899584 1
5.62 -7.68 1.91 21.75 3.29 45.407810 11.899584 0
5.64 -7.86 2.33 21.3 3.29 45.407810 11.899584 1
5.78 -7.79 2.13 21.87 3.29 45.407810 11.899584 1
6.12 -7.42 1.43 21.35 3.29 45.407810 11.899584 1
6.44 -7.12 1.72 22.0 3.29 45.407810 11.899584 1
6.52 -7.57 1.74 22.0 3.29 45.407810 11.899584 1
6.11 -7.68 1.99 22.11 3.29 45.407810 11.899584 1
6.16 -7.78 1.5 21.97 3.29 45.407810 11.899584 1
6.31 -7.6 1.49 21.9 3.29 45.407810 11.899584 1
6.28 -7.87 1.39 21.9 3.29 45.407810 11.899584 1
5.93 -7.86 1.95 21.9 3.29 45.407810 11.899584 1
5.67 -7.7 2.03 21.87 3.29 45.407810 11.899584 1
5.84 -8.07 1.84 21.9 3.29 45.407810 11.899584 1
5.89 -7.8 2.01 21.9 3.29 45.407810 11.899584 1
6.43 -7.81 2.08 21.95 3.29 45.407810 11.899584 1
6.13 -7.34 2.06 22.02 3.29 45.407810 11.899584 1
6.47 -7.27 2.01 22.09 3.22 45.407824 11.899622 0
6.61 -7.56 2.01 22.04 3.22 45.407824 11.899622 1
8.39 -7.11 2.38 23.24 3.22 45.407824 11.899622 0
4.19 -8.23 1.79 24.2 3.22 45.407824 11.899622 1
4.63 -7.06 2.02 24.03 3.22 45.407824 11.899622 1
5.0 -7.48 2.17 21.08 3.22 45.407824 11.899622 1
5.4 -6.72 2.35 18.33 3.22 45.407824 11.899622 1
4.79 -12.3 2.92 16.43 3.22 45.407824 11.899622 1
6.61 -10.95 1.79 17.94 3.22 45.407824 11.899622 1
6.11 -5.25 2.13 21.09 3.22 45.407824 11.899622 1
4.96 -4.03 1.47 26.79 3.22 45.407824 11.899622 1
5.31 -6.26 0.49 25.06 3.22 45.407824 11.899622 1
4.32 -4.29 1.46 23.79 3.22 45.407824 11.899622 1
11.14 -10.79 3.52 21.66 3.22 45.407824 11.899622 1
6.54 -10.64 3.84 21.87 3.22 45.407824 11.899622 1
6.51 -10.49 1.73 22.05 3.22 45.407824 11.899622 1
5.32 -6.57 1.31 21.95 3.22 45.407824 11.899622 1
5.96 -7.0 1.53 22.21 3.19 45.407832 11.899667 0
5.7 -7.83 1.4 21.45 3.19 45.407832 11.899667 1
6.17 -7.76 1.2 21.66 3.19 45.407832 11.899667 0
6.49 -8.75 1.7 22.0 3.19 45.407832 11.899667 1
5.33 -8.13 2.02 21.85 3.19 45.407832 11.899667 1
5.42 -7.6 1.86 21.49 3.19 45.407832 11.899667 1
5.73 -7.32 1.68 21.85 3.19 45.407832 11.899667 1
5.8 -7.85 1.73 21.75 3.19 45.407832 11.899667 1
5.96 -7.99 1.99 21.85 3.19 45.407832 11.899667 1
6.28 -7.53 2.33 21.56 3.19 45.407832 11.899667 1
6.45 -7.54 2.23 21.64 3.19 45.407832 11.899667 1
6.67 -7.23 2.19 21.68 3.19 45.407832 11.899667 1
6.27 -7.5 2.13 22.16 3.19 45.407832 11.899667 1
6.32 -7.6 1.98 22.21 3.19 45.407832 11.899667 1
6.1 -7.95 2.08 22.16 3.19 45.407832 11.899667 1
5.75 -7.59 2.18 22.07 3.19 45.407832 11.899667 1
5.82 -8.16 2.13 22.36 3.19 45.407832 11.899667 1
5.65 -8.24 2.08 21.69 3.19 45.407832 11.899667 1
5.53 -7.79 1.82 22.47 3.52 45.407842 11.899712 0
5.7 -7.69 1.94 21.92 3.52 45.407842 11.899712 1
5.9 -8.09 1.74 21.44 3.52 45.407842 11.899712 0
6.11 -8.1 1.54 21.85 3.52 45.407842 11.899712 1
6.4 -7.68 1.74 21.44 3.52 45.407842 11.899712 1
6.26 -7.73 1.77 21.9 3.52 45.407842 11.899712 1
5.96 -7.35 1.62 22.42 3.52 45.407842 11.899712 1
6.03 -7.61 1.66 21.71 3.52 45.407842 11.899712 1
6.07 -7.39 1.74 22.02 3.52 45.407842 11.899712 1
6.36 -7.84 1.67 22.0 3.52 45.407842 11.899712 1
5.97 -8.03 1.83 22.05 3.52 45.407842 11.899712 1
5.51 -7.97 1.55 22.11 3.52 45.407842 11.899712 1
5.56 -7.8 1.87 22.54 3.52 45.407842 11.899712 1
5.79 -8.08 1.92 21.99 3.52 45.407842 11.899712 1
5.89 -7.94 2.07 21.95 3.52 45.407842 11.899712 1
5.88 -7.85 1.9 21.59 3.52 45.407842 11.899712 1
5.99 -8.01 2.05 21.54 3.52 45.407842 11.899712 1
5.88 -7.53 1.85 21.49 3.25 45.407848 11.899754 0
5.99 -7.56 2.32 21.85 3.25 45.407848 11.899754 1
6.47 -7.64 2.24 21.37 3.25 45.407848 11.899754 0
6.32 -7.53 2.07 21.8 3.25 45.407848 11.899754 1
6.34 -7.51 2.12 21.9 3.25 45.407848 11.899754 1
6.22 -7.42 1.99 22.0 3.25 45.407848 11.899754 1
5.86 -7.46 2.32 21.83 3.25 45.407848 11.899754 1
5.88 -7.73 2.15 21.4 3.25 45.407848 11.899754 1
5.97 -8.22 1.99 21.56 3.25 45.407848 11.899754 1
5.86 -7.73 1.96 22.05 3.25 45.407848 11.899754 1
5.95 -7.85 2.04 22.11 3.25 45.407848 11.899754 1
5.73 -7.57 1.94 22.52 3.25 45.407848 11.899754 1
5.99 -7.89 1.58 22.02 3.25 45.407848 11.899754 1
6.1 -7.78 1.45 21.59 3.25 45.407848 11.899754 1
5.94 -7.45 1.96 22.0 3.25 45.407848 11.899754 1
6.17 -7.78 2.03 21.95 3.25 45.407848 11.899754 1
6.42 -7.57 1.93 21.73 3.25 45.407848 11.899754 1
6.48 -7.35 1.79 21.87 3.25 45.407848 11.899754 1
6.14 -7.68 1.46 21.87 3.25 45.407858 11.899793 0
5.44 -8.18 1.9 21.85 3.25 45.407858 11.899793 1
5.45 -8.19 1.89 21.84 3.25 45.407858 11.899793 1
5.43 -8.19 1.9 21.84 3.25 45.407858 11.899793 1
5.44 -8.18 1.91 21.85 3.25 45.407858 11.899793 1
5.45 -8.18 1.9 21.85 3.25 45.407858 11.899793 1
5.44 -8.19 1.9 21.84 3.25 45.407858 11.899793 1
5.43 -8.18 1.91 21.86 3.25 45.407858 11.899793 1
5.44 -8.18 1.91 21.84 3.25 45.407858 11.899793 1
5.44 -8.17 1.91 21.85 3.25 45.407858 11.899793 1
5.44 -8.18 1.9 21.85 3.25 45.407858 11.899793 1
5.45 -8.18 1.9 21.86 3.25 45.407858 11.899793 1
5.43 -8.18 1.89 21.84 3.25 45.407858 11.899793 1
5.43 -8.18 1.91 21.85 3.25 45.407858 11.899793 1
5.44 -8.19 1.9 21.85 3.25 45.407858 11.899793 1
5.43 -8.19 1.91 21.85 3.25 45.407858 11.899793 1
5.45 -8.19 1.89 21.85 3.25 45.407858 11.899793 1
5.44 -8.17 1.89 21.85 3.25 45.407858 11.899793 1
5.44 -8.18 1.91 21.85 3.25 45.407858 11.899793 1
5.45 -8.17 1.89 21.85 3.25 45.407858 11.899793 1
5.44 -8.19 1.9 21.85 3.25 45.407858 11.899793 1
5.44 -8.17 1.89 21.84 3.25 45.407858 11.899793 1
5.44 -8.18 1.91 21.86 3.25 45.407858 11.899793 1
5.44 -8.18 1.9 21.85 3.25 45.407858 11.899793 1
5.44 -8.18 1.9 21.86 3.25 45.407858 11.899793 1
5.44 -8.19 1.91 21.84 3.25 45.407858 11.899793 1
5.44 -8.19 1.9 21.84 3.25 45.407858 11.899793 1
5.44 -8.19 1.91 21.84 3.25 45.407858 11.899793 1
5.44 -8.19 1.89 21.84 3.25 45.407858 11.899793 1
5.44 -8.17 1.9 21.84 3.25 45.407858 11.899793 1
5.44 -8.17 1.91 21.86 3.25 45.407858 11.899793 1
5.44 -8.19 1.89 21.85 3.25 45.407858 11.899793 1
5.43 -8.17 1.9 21.85 3.25 45.407858 11.899793 1
5.44 -8.17 1.91 21.86 3.25 45.407858 11.899793 1
5.44 -8.18 1.9 21.86 3.25 45.407858 11.899793 1
5.43 -8.18 1.91 21.84 3.25 45.407858 11.899793 1
5.44 -8.17 1.9 21.85 3.25 45.407858 11.899793 1
5.43 -8.18 1.9 21.86 3.25 45.407858 11.899793 1
5.44 -8.18 1.9 21.85 3.25 45.407858 11.899793 1
5.43 -8.18 1.9 21.85 3.25 45.407858 11.899793 1
