5.01 -8.62 2.16 21.41 2.38 45.408239 11.889568 1 0
5.01 -8.6 2.16 21.4 2.38 45.408239 11.889568 1 0
5.01 -8.59 2.17 21.41 2.38 45.408239 11.889568 1 0
5.01 -8.6 2.16 21.4 2.38 45.408239 11.889568 1 0
5.01 -8.6 2.16 21.41 2.38 45.408239 11.889568 1 0
5.01 -8.6 2.18 21.39 2.38 45.408239 11.889568 1 0
5.01 -8.6 2.18 21.41 2.38 45.408239 11.889568 1 0
5.01 -8.6 2.17 21.41 2.38 45.408239 11.889568 1 0
5.0 -8.59 2.17 21.4 2.38 45.408239 11.889568 1 0
5.0 -8.6 2.18 21.4 2.38 45.408239 11.889568 1 0
5.01 -8.61 2.18 21.41 2.38 45.408239 11.889568 1 0
5.02 -8.61 2.17 21.4 2.38 45.408239 11.889568 1 0
5.02 -8.6 2.17 21.39 2.38 45.408239 11.889568 1 0
5.01 -8.61 2.17 21.4 2.38 45.408239 11.889568 1 0
5.01 -8.61 2.16 21.39 2.38 45.408239 11.889568 1 0
5.01 -8.6 2.17 21.39 2.38 45.408239 11.889568 1 0
5.0 -8.6 2.18 21.4 2.38 45.408239 11.889568 1 0
5.01 -8.59 2.18 21.4 2.38 45.408239 11.889568 1 0
5.02 -8.59 2.17 21.4 2.38 45.408239 11.889568 1 0
5.01 -8.59 2.17 21.41 2.38 45.408239 11.889568 1 0
5.0 -8.6 2.18 21.4 2.38 45.408239 11.889568 1 0
5.01 -8.6 2.18 21.39 2.38 45.408239 11.889568 1 0
5.01 -8.6 2.17 21.4 2.38 45.408239 11.889568 1 0
5.01 -8.6 2.17 21.4 2.38 45.408239 11.889568 1 0
5.01 -8.6 2.17 21.4 2.38 45.408239 11.889568 1 0
5.02 -8.61 2.17 21.4 2.38 45.408239 11.889568 1 0
5.02 -8.61 2.17 21.4 2.38 45.408239 11.889568 1 0
5.01 -8.6 2.17 21.4 2.38 45.408239 11.889568 1 0
5.01 -8.6 2.17 21.4 2.38 45.408239 11.889568 1 0
5.02 -8.6 2.17 21.39 2.38 45.408239 11.889568 1 0
5.02 -8.6 2.17 21.39 2.38 45.408239 11.889568 1 0
5.01 -8.6 2.16 21.39 2.38 45.408239 11.889568 1 0
5.02 -8.6 2.16 21.4 2.38 45.408239 11.889568 1 0
5.02 -8.61 2.17 21.39 2.38 45.408239 11.889568 1 0
5.01 -8.6 2.17 21.39 2.38 45.408239 11.889568 1 0
