5.65 -7.23 2.01 25.76 3.79 45.876213 12.305733 0
5.76 -7.96 2.16 22.42 3.79 45.876213 12.305733 0
6.0 -7.56 2.29 22.54 3.87 45.876182 12.305708 1
5.78 -7.3 2.34 23.75 3.87 45.876182 12.305708 0
6.45 -7.69 2.58 22.12 3.87 45.876182 12.305708 1
6.29 -7.95 2.4 23.55 3.87 45.876182 12.305708 0
6.04 -7.82 2.61 23.02 3.87 45.876182 12.305708 0
5.81 -7.58 2.68 22.67 3.87 45.876182 12.305708 0
5.76 -8.38 2.33 23.91 3.87 45.876182 12.305708 0
5.55 -8.13 1.73 22.96 3.87 45.876182 12.305708 0
5.57 -7.64 1.88 22.95 3.87 45.876182 12.305708 0
5.7 -7.54 1.7 22.62 3.87 45.876182 12.305708 0
5.75 -7.33 1.37 22.62 3.87 45.876182 12.305708 0
5.17 -7.3 1.69 22.11 3.87 45.876182 12.305708 0
5.88 -7.51 1.18 24.39 3.87 45.876182 12.305708 0
6.28 -7.94 1.29 22.35 3.87 45.876182 12.305708 0
6.31 -8.4 1.74 22.54 3.87 45.876182 12.305708 0
5.33 -7.14 1.89 23.77 3.87 45.876182 12.305708 0
5.78 -8.48 2.0 23.27 3.87 45.876182 12.305708 0
6.03 -7.59 2.14 22.45 4.02 45.876152 12.305683 1
6.11 -8.16 1.64 23.7 4.02 45.876152 12.305683 0
6.17 -8.37 1.85 23.43 4.02 45.876152 12.305683 1
5.65 -7.48 2.16 22.96 4.02 45.876152 12.305683 0
5.99 -7.68 1.84 23.0 4.02 45.876152 12.305683 0
6.6 -7.74 2.06 23.02 4.02 45.876152 12.305683 0
6.05 -7.52 2.44 22.96 4.02 45.876152 12.305683 0
5.83 -7.98 2.07 23.0 4.02 45.876152 12.305683 0
5.46 -8.31 1.92 31.4 4.02 45.876152 12.305683 0
5.6 -7.99 2.34 22.64 4.02 45.876152 12.305683 0
5.9 -8.1 2.04 22.72 4.02 45.876152 12.305683 0
5.8 -7.55 1.8 22.67 4.02 45.876152 12.305683 0
5.86 -7.95 1.99 23.14 4.02 45.876152 12.305683 0
5.87 -7.13 1.78 22.74 4.02 45.876152 12.305683 0
5.8 -7.66 1.59 22.62 4.02 45.876152 12.305683 0
6.25 -7.89 1.54 22.9 4.02 45.876152 12.305683 0
