6.07 -8.19 1.8 22.59 3.54 45.876379 12.305880 0
5.69 -7.7 1.7 24.01 3.54 45.876379 12.305880 0
5.61 -7.78 1.8 22.78 3.54 45.876379 12.305880 0
5.91 -7.73 1.94 23.12 3.54 45.876379 12.305880 0
6.0 -8.09 2.18 22.72 3.54 45.876379 12.305880 0
5.7 -7.49 1.87 23.03 3.54 45.876379 12.305880 0
5.95 -7.72 1.96 22.57 3.27 45.876354 12.305858 1
6.34 -7.45 1.96 22.54 3.27 45.876354 12.305858 0
5.95 -7.59 1.72 23.31 3.27 45.876354 12.305858 1
6.15 -7.85 1.65 22.21 3.27 45.876354 12.305858 0
6.18 -7.95 2.04 22.59 3.27 45.876354 12.305858 0
5.77 -7.52 1.54 22.57 3.27 45.876354 12.305858 0
5.67 -7.79 1.67 22.09 3.27 45.876354 12.305858 0
5.93 -8.09 1.82 22.55 3.27 45.876354 12.305858 0
6.03 -7.66 1.68 22.55 3.27 45.876354 12.305858 0
6.01 -8.11 1.87 22.81 3.27 45.876354 12.305858 0
5.88 -7.31 1.61 22.72 3.27 45.876354 12.305858 0
6.2 -7.91 1.66 23.14 3.27 45.876354 12.305858 0
6.03 -8.03 1.82 22.64 3.27 45.876354 12.305858 0
6.0 -7.93 1.73 22.64 3.27 45.876354 12.305858 0
5.49 -7.39 1.58 22.69 3.27 45.876354 12.305858 0
5.87 -7.94 1.64 23.05 3.27 45.876354 12.305858 0
5.71 -7.79 1.75 22.52 3.27 45.876354 12.305858 0
5.82 -7.78 1.73 22.6 3.17 45.876327 12.305842 1
6.09 -8.37 2.08 22.45 3.17 45.876327 12.305842 0
5.79 -7.24 2.38 22.98 3.17 45.876327 12.305842 1
5.98 -7.78 1.88 22.59 3.17 45.876327 12.305842 0
6.16 -8.06 1.95 22.42 3.17 45.876327 12.305842 0
6.05 -7.64 2.18 22.54 3.17 45.876327 12.305842 0
5.82 -7.65 2.16 22.62 3.17 45.876327 12.305842 0
5.94 -7.53 2.23 22.17 3.17 45.876327 12.305842 0
5.99 -7.93 2.39 22.67 3.17 45.876327 12.305842 0
5.78 -7.93 1.87 22.76 3.17 45.876327 12.305842 0
5.44 -7.94 1.84 23.7 3.17 45.876327 12.305842 0
5.71 -7.77 1.8 22.78 3.17 45.876327 12.305842 0
