5.37 -7.47 1.77 22.48 2.24 45.406275 11.894450 1 0
5.74 -7.57 1.77 22.4 2.24 45.406275 11.894450 1 0
5.79 -7.92 1.71 22.17 2.24 45.406275 11.894450 1 0
5.63 -8.23 1.67 22.21 2.24 45.406275 11.894450 1 0
5.63 -8.38 1.68 22.22 2.24 45.406275 11.894450 1 0
5.7 -8.32 1.68 22.21 2.24 45.406275 11.894450 1 0
5.67 -8.26 1.67 22.2 2.24 45.406275 11.894450 1 0
5.63 -8.32 1.68 22.22 2.24 45.406275 11.894450 1 0
5.67 -8.34 1.69 22.2 2.24 45.406275 11.894450 1 0
5.67 -8.29 1.68 22.21 2.24 45.406275 11.894450 1 0
5.65 -8.3 1.67 22.22 2.24 45.406275 11.894450 1 0
5.67 -8.32 1.68 22.21 2.24 45.406275 11.894450 1 0
5.67 -8.31 1.68 22.2 2.24 45.406275 11.894450 1 0
5.65 -8.31 1.68 22.22 2.24 45.406275 11.894450 1 0
5.65 -8.33 1.68 22.22 2.24 45.406275 11.894450 1 0
5.67 -8.32 1.68 22.22 2.24 45.406275 11.894450 1 0
5.67 -8.31 1.68 22.22 2.24 45.406275 11.894450 1 0
5.66 -8.31 1.68 22.2 2.24 45.406275 11.894450 1 0
5.66 -8.32 1.69 22.22 2.24 45.406275 11.894450 1 0
5.67 -8.31 1.69 22.2 2.24 45.406275 11.894450 1 0
5.66 -8.31 1.68 22.2 2.24 45.406275 11.894450 1 0
5.66 -8.31 1.68 22.21 2.24 45.406275 11.894450 1 0
5.66 -8.3 1.67 22.21 2.24 45.406275 11.894450 1 0
5.66 -8.31 1.67 22.2 2.24 45.406275 11.894450 1 0
5.66 -8.32 1.68 22.21 2.24 45.406275 11.894450 1 0
5.66 -8.32 1.67 22.21 2.24 45.406275 11.894450 1 0
5.66 -8.32 1.67 22.21 2.24 45.406275 11.894450 1 0
5.67 -8.32 1.68 22.2 2.24 45.406275 11.894450 1 0
5.67 -8.32 1.69 22.21 2.24 45.406275 11.894450 1 0
5.65 -8.31 1.69 22.22 2.24 45.406275 11.894450 1 0
5.65 -8.3 1.68 22.22 2.24 45.406275 11.894450 1 0
5.66 -8.31 1.68 22.2 2.24 45.406275 11.894450 1 0
5.66 -8.31 1.68 22.2 2.24 45.406275 11.894450 1 0
5.66 -8.3 1.68 22.21 2.24 45.406275 11.894450 1 0
5.67 -8.31 1.68 22.21 2.24 45.406275 11.894450 1 0
