6.03 -7.96 1.63 22.0 2.96 45.408028 11.888635 1 0
5.95 -7.61 1.5 21.99 2.96 45.408028 11.888635 1 0
6.1 -7.54 1.61 22.35 2.96 45.408028 11.888635 1 0
6.27 -7.83 1.82 21.37 2.96 45.408028 11.888635 1 0
6.18 -7.94 1.86 22.09 2.96 45.408028 11.888635 1 0
6.09 -7.83 1.83 22.11 2.96 45.408028 11.888635 1 0
6.16 -7.78 1.86 22.54 2.96 45.408028 11.888635 1 0
6.13 -7.71 1.82 22.05 2.96 45.408028 11.888635 1 0
5.95 -7.62 1.76 21.59 2.96 45.408028 11.888635 1 0
5.81 -7.78 1.9 22.42 2.96 45.408028 11.888635 1 0
5.7 -8.04 2.04 22.02 2.96 45.408028 11.888635 1 0
5.61 -8.0 1.88 22.09 2.96 45.408028 11.888635 1 0
5.69 -7.82 1.64 22.35 2.96 45.408028 11.888635 1 0
5.91 -7.82 1.65 21.9 2.28 45.408040 11.888609 0 0
6.09 -7.83 1.79 22.26 2.28 45.408040 11.888609 1 0
6.18 -7.71 1.8 22.35 2.28 45.408040 11.888609 0 0
6.21 -7.65 1.73 21.83 2.28 45.408040 11.888609 1 0
6.08 -7.72 1.66 22.74 2.28 45.408040 11.888609 1 0
5.94 -7.78 1.63 21.9 2.28 45.408040 11.888609 1 0
6.12 -7.76 1.74 21.9 2.28 45.408040 11.888609 1 0
6.43 -7.69 1.94 21.9 2.28 45.408040 11.888609 1 0
6.32 -7.58 1.95 22.02 2.28 45.408040 11.888609 1 0
5.8 -7.66 1.69 22.43 2.28 45.408040 11.888609 1 0
5.53 -7.99 1.49 22.36 2.28 45.408040 11.888609 1 0
5.79 -8.11 1.6 21.54 2.28 45.408040 11.888609 1 0
6.08 -7.85 1.82 21.95 2.28 45.408040 11.888609 1 0
5.94 -7.7 1.86 22.43 2.28 45.408040 11.888609 1 0
5.65 -7.85 1.78 22.11 2.28 45.408040 11.888609 1 0
5.67 -7.81 1.85 22.57 2.28 45.408040 11.888609 1 0
5.92 -7.53 2.02 21.93 2.28 45.408040 11.888609 1 0
6.11 -7.58 2.04 22.31 2.64 45.408045 11.888579 0 0
6.23 -7.89 1.9 22.31 2.64 45.408045 11.888579 1 0
6.24 -7.86 1.81 21.9 2.64 45.408045 11.888579 1 0
5.99 -7.63 1.85 21.93 2.64 45.408045 11.888579 0 0
5.72 -7.72 1.91 22.47 2.64 45.408045 11.888579 1 0
