5.71 -7.97 1.93 22.45 2.64 45.408045 11.888579 1 0
5.83 -7.98 1.92 22.0 2.64 45.408045 11.888579 1 0
5.77 -7.96 1.88 21.85 2.64 45.408045 11.888579 1 0
5.65 -8.09 1.8 21.75 2.64 45.408045 11.888579 1 0
5.73 -8.02 1.74 22.0 2.64 45.408045 11.888579 1 0
5.89 -7.76 1.72 22.0 2.64 45.408045 11.888579 1 0
5.93 -7.71 1.68 22.02 2.64 45.408045 11.888579 1 0
5.9 -7.75 1.64 22.16 2.64 45.408045 11.888579 1 0
5.96 -7.61 1.7 22.16 2.64 45.408045 11.888579 1 0
6.06 -7.6 1.85 22.0 2.64 45.408045 11.888579 1 0
6.08 -7.94 1.93 21.56 2.64 45.408045 11.888579 1 0
5.96 -8.14 1.81 22.02 2.64 45.408045 11.888579 1 0
5.76 -7.97 1.61 22.5 2.64 45.408045 11.888579 1 0
5.63 -7.76 1.54 22.98 2.92 45.408053 11.888545 0 0
5.74 -7.67 1.65 22.5 2.92 45.408053 11.888545 1 0
6.03 -7.72 1.73 22.36 2.92 45.408053 11.888545 0 0
6.19 -7.96 1.7 21.95 2.92 45.408053 11.888545 1 0
5.99 -8.06 1.78 21.92 2.92 45.408053 11.888545 1 0
5.72 -7.72 1.97 21.99 2.92 45.408053 11.888545 1 0
5.8 -7.44 2.0 22.4 2.92 45.408053 11.888545 1 0
6.14 -7.65 1.84 21.85 2.92 45.408053 11.888545 1 0
6.27 -7.89 1.79 22.0 2.92 45.408053 11.888545 1 0
6.07 -7.8 1.91 22.05 2.92 45.408053 11.888545 1 0
5.81 -7.74 1.98 22.02 2.92 45.408053 11.888545 1 0
5.73 -7.84 1.95 22.48 2.92 45.408053 11.888545 1 0
5.81 -7.85 1.87 22.11 2.92 45.408053 11.888545 1 0
5.9 -7.82 1.78 22.05 2.92 45.408053 11.888545 1 0
5.91 -7.8 1.83 22.9 2.92 45.408053 11.888545 1 0
5.9 -7.67 1.98 21.66 2.92 45.408053 11.888545 1 0
5.97 -7.63 1.97 21.93 2.92 45.408053 11.888545 1 0
6.04 -7.87 1.8 21.93 2.92 45.408053 11.888545 1 0
5.99 -7.97 1.78 22.36 3.0 45.408053 11.888506 0 0
5.96 -7.71 1.89 22.4 3.0 45.408053 11.888506 1 0
6.09 -7.6 1.88 21.95 3.0 45.408053 11.888506 0 0
6.23 -7.77 1.78 22.0 3.0 45.408053 11.888506 1 0
