6.72 -7.11 2.49 21.80
7.14 -6.62 1.91 22.23
7.46 -6.49 1.47 22.23
7.31 -6.92 2.22 21.66
6.98 -6.68 1.90 23.44
6.79 -6.98 1.87 22.23
6.29 -7.65 1.40 22.26
5.42 -8.17 1.25 21.87
5.02 -8.44 1.42 21.97
5.28 -8.37 1.33 21.93
5.76 -7.78 1.93 21.90
6.10 -7.68 2.01 22.02
6.08 -7.93 2.12 21.95
5.81 -7.50 2.21 25.90 2.39  45.407736 11.899176
6.05 -7.73 2.13 21.92
5.95 -7.71 1.60 22.00 2.39  45.407736 11.899176
5.97 -7.77 1.97 22.35
5.73 -7.95 1.88 21.85
6.06 -8.00 1.84 21.85
6.11 -7.90 1.72 22.26
6.14 -7.67 2.35 21.78
5.87 -7.82 1.71 21.59
5.59 -8.29 2.12 22.33
5.41 -7.94 1.66 21.90
5.90 -8.02 1.84 21.95
6.00 -7.65 1.83 22.43
5.87 -7.53 1.76 22.33
5.92 -7.74 1.72 21.90
6.25 -7.61 1.85 21.90
6.21 -7.55 1.85 21.95
6.26 -7.46 2.10 21.81
6.05 -7.45 1.93 21.81 2.62  45.407749 11.899204
6.15 -7.57 1.82 21.90
6.20 -7.78 1.57 21.90 2.62  45.407749 11.899204
6.22 -7.61 1.54 21.87
6.21 -7.57 1.20 21.87
5.80 -7.70 1.41 21.87
6.06 -7.89 1.97 22.26
5.73 -7.99 2.07 21.39
5.83 -8.11 2.01 21.85
5.64 -7.86 1.79 21.81
6.03 -7.56 2.02 21.80
6.18 -7.66 1.91 21.90
6.29 -7.66 1.87 21.90
6.20 -7.60 2.05 21.97
6.11 -7.63 2.00 22.43
5.94 -7.43 1.90 22.00
6.03 -7.64 2.10 21.80
6.11 -7.72 2.17 21.75 2.34  45.407761 11.899228
6.16 -8.04 2.18 22.14
5.60 -7.92 2.06 22.29
5.82 -7.69 1.93 21.95 2.34  45.407761 11.899228
5.65 -7.82 1.88 21.97
5.95 -7.84 1.53 21.85
6.02 -7.84 1.81 21.85
5.74 -8.00 1.55 22.31
5.93 -7.56 1.78 21.95
6.07 -7.77 1.69 21.95
5.95 -7.57 1.69 21.90
6.08 -7.45 2.01 21.81
6.14 -7.76 1.81 22.21
6.25 -7.70 1.81 22.26
5.97 -7.66 1.44 22.31
6.14 -7.49 1.73 21.93
5.69 -7.99 1.63 22.36
5.75 -7.89 1.85 22.14
6.06 -8.17 1.87 22.24 3.37  45.407764 11.899268
5.57 -7.51 1.65 21.35
6.00 -7.88 1.71 22.24 3.37  45.407764 11.899268
5.84 -7.63 2.09 21.78
6.08 -7.70 2.00 21.80
6.19 -7.65 1.89 21.80
6.05 -7.85 2.19 22.23
6.18 -7.95 2.25 21.76
5.94 -7.45 2.17 21.95
6.24 -7.64 2.14 22.29
5.92 -7.76 2.05 21.95
6.16 -7.93 1.65 22.05
5.92 -7.70 1.71 22.11
5.64 -7.93 1.75 22.43
5.76 -7.92 1.94 22.00
5.90 -7.75 1.82 22.36
6.03 -8.17 1.80 22.31
6.28 -7.38 1.54 21.85
6.24 -7.53 1.80 22.24 2.88  45.407767 11.899304
6.00 -7.76 1.75 21.83
6.10 -7.42 1.73 22.28 2.88  45.407767 11.899304
6.13 -7.72 1.64 22.16
6.38 -7.83 1.69 21.80
5.91 -7.77 1.72 22.09
5.74 -7.73 1.82 22.40
6.01 -8.04 1.83 22.62
5.78 -8.14 1.93 22.26
5.49 -7.89 2.13 21.95
5.77 -7.81 2.36 21.92
6.08 -7.80 2.01 26.34
6.04 -7.71 2.24 21.92
5.95 -7.71 1.81 22.38
6.31 -7.66 1.90 22.83
5.98 -7.55 1.87 22.00
6.03 -7.69 1.78 21.95
6.15 -7.83 1.74 22.29 2.68  45.407770 11.899337
6.03 -7.66 1.84 21.92
6.14 -7.60 1.90 23.63 2.68  45.407770 11.899337
5.82 -7.86 1.75 21.76
5.72 -8.14 2.00 21.71
5.63 -8.17 1.69 21.81
5.63 -7.87 1.96 21.90
5.87 -8.06 2.16 21.92
5.71 -7.58 2.03 22.05
5.92 -7.85 1.81 22.02
6.13 -7.85 1.60 21.88
5.92 -7.78 1.80 21.95
6.07 -7.87 1.81 22.36
5.73 -7.71 1.92 22.42
6.21 -7.51 1.47 21.97
6.06 -7.79 1.53 22.00
6.15 -7.91 1.60 22.26
5.83 -7.86 1.41 21.80
5.61 -8.06 1.74 21.78 1.33  45.407773 11.899351
5.82 -7.70 1.90 21.90
5.88 -7.87 2.02 22.55 1.33  45.407773 11.899351
5.98 -7.93 1.78 22.11
6.05 -7.81 2.12 22.16
6.16 -7.85 1.79 22.07
6.05 -7.32 2.12 21.71
6.05 -7.84 1.98 22.38
6.14 -7.58 1.95 23.20
6.21 -7.78 1.78 22.38
5.97 -7.71 1.94 22.31
5.89 -7.90 2.20 21.95
5.85 -8.28 2.19 21.92
5.73 -7.68 1.94 21.93
5.91 -7.94 2.13 22.88
5.78 -7.71 2.18 22.05
5.96 -8.05 1.90 21.95
5.98 -7.99 1.78 22.36 2.04  45.407777 11.899377
5.94 -7.66 1.72 21.95
6.15 -7.66 1.82 21.87 2.04  45.407777 11.899377
5.99 -7.75 1.79 21.75
5.87 -7.78 1.64 22.04
6.19 -7.71 1.57 21.80
6.05 -7.76 1.68 21.75
6.19 -7.75 1.82 21.85
5.98 -7.45 1.66 22.00
5.91 -7.87 1.39 22.02
5.66 -7.84 1.67 22.36
5.60 -8.10 1.80 22.29
6.11 -7.97 1.74 22.23
5.94 -7.89 1.79 22.31
6.07 -7.76 1.92 21.97
5.86 -7.54 1.99 22.04
6.11 -7.75 1.91 21.95
6.06 -7.57 1.87 21.80
6.28 -8.03 1.82 21.66 1.00  45.407778 11.899398
6.11 -7.98 1.88 22.52 1.00  45.407778 11.899398
5.98 -7.67 2.23 22.17
6.23 -7.76 2.38 21.66
5.63 -7.47 2.29 22.17
6.20 -8.16 1.87 22.07
5.41 -7.88 1.79 22.14
5.69 -7.86 1.85 21.92
5.81 -7.98 1.84 22.05
5.83 -7.74 1.66 21.97
5.90 -7.46 1.52 21.95
6.41 -8.05 2.05 22.78
6.22 -7.72 1.74 21.90
6.13 -7.80 1.95 21.95
6.23 -7.56 1.83 22.38
5.95 -7.57 1.69 22.42
6.32 -7.57 1.52 22.26
6.36 -7.98 1.63 22.31 2.00  45.407781 11.899423
5.68 -7.67 1.54 21.71
5.89 -7.99 1.82 21.56 2.00  45.407781 11.899423
5.61 -9.50 1.52 21.28
6.86 -7.68 1.82 22.11
5.32 -7.69 1.55 21.90
5.64 -7.59 1.82 22.54
6.33 -7.84 2.02 22.36
6.46 -7.15 2.04 22.38
7.24 -8.07 1.63 21.52
4.78 -9.14 2.03 22.05
6.23 -6.73 2.18 21.51
6.63 -7.29 2.09 21.15
6.20 -8.99 2.35 21.21
6.02 -8.68 1.69 23.29
5.58 -6.92 1.79 23.08
5.51 -6.73 2.08 22.16
5.67 -7.49 1.92 22.02
6.05 -8.33 1.78 21.56 2.60  45.407787 11.899456
5.71 -8.69 1.22 21.76
5.79 -7.89 1.77 21.23 2.60  45.407787 11.899456
6.73 -8.09 2.04 22.00
6.15 -7.13 1.88 21.64
5.83 -7.86 1.73 22.78
6.04 -8.09 1.61 22.69
5.89 -6.20 1.74 22.54
6.04 -6.26 1.96 22.48
6.47 -9.15 1.53 21.64
6.29 -8.64 1.51 21.71
5.50 -7.98 2.11 21.95
5.18 -7.79 1.92 21.52
5.99 -7.28 1.93 22.31
6.42 -8.37 1.63 23.03
6.13 -7.72 2.04 21.90
5.66 -7.87 2.61 21.90
6.12 -7.34 2.03 22.00 2.50  45.407797 11.899486
6.14 -6.67 1.77 21.64
6.68 -7.88 2.20 21.47 2.50  45.407797 11.899486
6.53 -8.56 1.84 21.64
6.20 -7.76 2.09 21.69
5.96 -7.12 2.19 22.36
5.86 -7.37 1.79 22.42
5.85 -7.11 1.82 22.14
5.74 -8.75 1.99 21.40
5.93 -8.47 1.84 21.71
6.12 -8.59 1.78 21.90
6.18 -7.40 1.90 22.24
5.87 -6.86 2.03 21.93
6.19 -7.37 2.04 22.16
6.25 -7.79 1.89 22.26
6.13 -8.24 1.79 21.59
6.48 -8.06 1.78 21.63
6.00 -7.96 1.93 21.80
6.08 -6.99 2.08 22.00 1.89  45.407801 11.899513
5.91 -7.42 1.88 21.78
5.58 -7.92 1.69 21.35 1.89  45.407801 11.899513
5.76 -8.17 1.91 21.71
5.82 -7.89 2.11 21.85
6.11 -7.64 1.72 21.90
5.63 -7.64 1.46 21.83
6.40 -7.41 1.91 21.39
6.96 -7.40 1.66 22.05
6.57 -7.62 1.75 22.12
6.28 -7.21 2.01 22.02
6.32 -7.53 1.84 21.97
6.34 -7.51 2.27 21.95
5.94 -7.81 2.24 21.85
6.00 -7.81 2.52 22.23
5.72 -8.07 2.13 21.87
6.28 -7.54 2.15 21.28
6.08 -7.52 2.33 21.95 3.01  45.407806 11.899553
6.02 -7.86 2.00 21.52
5.93 -7.65 1.77 21.85 3.01  45.407806 11.899553
6.23 -7.62 1.70 21.69
6.60 -7.63 1.88 21.68
6.44 -7.63 1.81 21.76
6.02 -7.69 1.90 22.36
6.02 -7.67 1.66 21.45
6.14 -7.38 1.57 21.97
6.39 -8.01 1.66 21.47
5.96 -7.72 1.81 21.95
6.16 -7.78 1.80 21.95
5.87 -7.66 1.94 22.31
5.48 -7.95 1.70 22.26
5.99 -7.81 2.06 21.78
6.23 -8.00 1.54 21.85
6.42 -7.30 2.14 21.85
6.46 -7.17 2.30 21.90
6.72 -7.32 1.97 21.59 3.27  45.407812 11.899597
6.12 -7.55 2.00 22.00
6.14 -7.57 2.04 21.81 3.27  45.407812 11.899597
6.12 -7.58 2.33 21.95
6.17 -7.80 2.31 22.19
5.72 -7.96 1.92 22.36
5.68 -7.80 1.32 21.39
5.78 -8.05 1.88 21.80
5.96 -8.04 1.99 21.97
6.19 -7.59 1.99 21.61
6.30 -7.39 1.86 22.12
6.41 -7.27 1.95 22.19
6.74 -7.34 1.75 22.16
8.38 -11.09 1.98 22.42
6.37 -7.17 1.45 24.04
5.06 -7.92 1.54 24.63
3.76 -6.79 1.34 21.75
4.27 -6.97 1.27 19.48 3.39  45.407821 11.899642
5.56 -11.10 1.52 17.03
4.94 -12.08 2.12 17.78 3.39  45.407821 11.899642
7.15 -6.81 2.79 20.12
5.51 -5.41 1.98 22.50
5.47 -4.80 3.13 24.90
4.23 -3.75 1.76 23.82
6.20 -2.39 2.64 21.66
3.73 -7.71 0.42 21.52
8.94 -11.94 0.67 21.64
4.66 -7.34 2.14 22.02
5.02 -7.03 2.87 22.36
5.04 -8.05 2.18 21.73
5.52 -7.26 1.73 21.45
6.50 -8.49 1.84 21.61
6.22 -9.05 1.21 21.87
5.12 -7.46 2.10 21.45
5.77 -7.16 2.12 21.88
5.94 -7.62 2.06 21.75 3.46  45.407828 11.899686
6.05 -7.92 1.78 21.75
6.20 -8.07 1.70 21.85 3.46  45.407828 11.899686
6.29 -7.57 1.55 22.38
6.39 -7.55 1.91 22.00
6.02 -7.36 2.34 22.05
5.90 -8.06 1.74 22.05
5.63 -8.44 2.04 21.54
5.59 -7.84 2.06 21.61
5.83 -8.37 2.55 22.07
5.97 -7.88 2.01 22.09
6.06 -7.43 1.86 22.11
6.19 -7.54 1.69 22.00
6.12 -7.71 1.98 21.51
6.17 -7.70 1.54 21.42
5.98 -7.96 2.08 22.00
6.09 -7.55 2.04 21.85
6.12 -7.19 2.18 21.95 3.08  45.407833 11.899729
6.00 -7.80 2.14 21.97
5.87 -7.93 2.05 21.45 3.08  45.407833 11.899729
5.75 -8.11 1.97 22.33
5.66 -8.17 1.92 22.42
5.41 -7.75 2.16 21.95
5.77 -8.18 1.86 21.85
5.97 -7.88 1.63 21.51
5.85 -7.72 1.65 22.42
5.96 -7.93 1.91 22.00
5.94 -7.74 1.64 21.57
6.10 -7.44 2.06 22.00
6.01 -7.70 2.11 21.51
6.10 -7.83 1.97 21.95
5.49 -7.92 1.95 21.52
5.92 -7.96 1.79 21.64
5.83 -7.56 1.90 22.31
5.69 -7.77 1.69 21.51
5.82 -8.26 1.85 21.85 2.82  45.407843 11.899766
5.90 -8.07 1.68 21.90
5.75 -7.66 1.97 21.51 2.82  45.407843 11.899766
5.89 -7.78 1.94 21.95
5.78 -7.88 1.87 21.51
5.79 -8.02 1.56 21.85
5.62 -7.98 2.04 21.75
5.96 -8.04 2.11 21.69
5.86 -7.84 2.20 21.90
5.49 -7.85 2.05 21.90
