6.35 -7.18 1.83 21.88 3.26  45.407707 11.899234
6.17 -7.56 1.92 22.17
5.77 -8.24 1.57 21.83 3.26  45.407707 11.899234
5.30 -8.16 1.88 21.90
5.07 -8.09 1.91 21.92
5.34 -8.02 2.25 21.85
5.76 -7.89 2.29 22.16
5.83 -7.88 2.15 21.93
5.90 -7.53 1.78 22.00
6.54 -7.66 1.45 22.02
6.13 -7.52 1.52 22.14
6.04 -7.44 1.48 22.55
6.02 -7.62 2.12 22.91
6.06 -7.96 2.15 22.40
5.98 -7.90 2.41 21.90
5.64 -7.97 2.08 22.00
5.82 -7.86 1.82 21.73
5.46 -8.07 1.58 22.28
6.00 -7.74 1.90 22.79 1.78  45.407713 11.899256
6.06 -7.73 1.44 21.93
5.76 -7.84 1.85 22.26 1.78  45.407713 11.899256
6.16 -7.83 2.09 22.24
6.37 -7.47 2.09 21.73
5.97 -7.96 1.60 22.23
6.12 -7.71 1.66 22.26
5.91 -7.93 1.73 22.26
6.07 -7.47 1.72 22.23
6.01 -7.99 1.83 21.80
5.91 -8.02 1.85 21.85
5.62 -7.98 1.91 22.35
5.77 -7.78 1.76 21.92
5.87 -8.08 1.88 22.24
5.83 -8.22 2.11 21.90
6.01 -7.74 2.25 22.40
6.12 -7.72 1.78 21.80
6.14 -7.57 1.92 22.55 2.52  45.407721 11.899282
6.09 -7.82 1.91 21.83
5.98 -7.62 1.93 22.17 2.52  45.407721 11.899282
6.21 -7.74 2.04 23.92
6.10 -7.85 2.26 22.23
5.98 -7.86 2.28 21.88
5.86 -7.85 2.00 21.99
5.53 -7.82 1.90 22.81
5.86 -7.71 1.69 22.91
6.01 -8.09 2.04 22.86
5.68 -7.89 2.03 22.00
6.10 -7.56 1.78 22.42
6.09 -7.44 1.77 21.92
6.37 -7.63 1.52 22.00
6.24 -7.68 1.59 22.91
6.17 -7.39 1.50 22.45
6.04 -7.77 1.74 21.78
6.07 -7.58 1.60 21.80
6.10 -7.63 1.65 21.75 2.43  45.407733 11.899306
6.01 -8.04 1.78 24.04
5.71 -7.89 2.16 21.75 2.43  45.407733 11.899306
5.65 -7.67 1.90 21.80
5.48 -8.04 1.95 22.12
5.68 -7.92 2.23 22.29
6.41 -7.90 1.95 21.88
6.14 -7.54 2.11 22.40
6.01 -7.56 2.05 22.45
6.25 -7.90 2.01 22.05
6.16 -7.30 2.12 21.97
6.01 -7.69 2.04 22.47
6.05 -7.90 1.70 22.09
5.74 -7.60 1.77 22.09
5.64 -7.89 1.65 22.09
5.66 -8.03 1.50 22.33
5.92 -8.23 1.77 21.44
5.79 -7.88 1.81 21.78 2.98  45.407751 11.899333
6.00 -7.71 1.64 22.33
6.06 -7.29 1.65 22.26 2.98  45.407751 11.899333
6.03 -7.71 1.77 21.68
6.32 -7.77 1.79 21.73
5.99 -7.82 1.73 22.64
6.06 -7.69 1.67 21.78
6.17 -7.52 1.72 22.64
5.96 -7.62 1.86 21.90
5.72 -8.06 1.94 21.90
5.59 -8.17 1.54 22.76
5.60 -7.84 1.83 22.35
6.01 -7.89 1.77 22.31
6.02 -7.87 1.83 22.76
5.87 -7.60 1.88 21.95
6.32 -7.64 2.05 21.85
6.12 -7.94 1.87 23.02
6.20 -7.73 2.11 22.16
6.12 -7.68 1.79 22.24 2.23  45.407764 11.899359
6.28 -7.72 1.86 21.83
5.52 -7.94 2.32 22.26 2.23  45.407764 11.899359
5.54 -8.04 2.50 23.10
5.85 -7.50 2.45 21.39
6.01 -8.07 2.30 22.24
5.63 -7.95 2.27 22.19
5.73 -7.89 1.83 23.29
6.01 -7.68 1.99 22.45
6.29 -7.81 1.99 22.60
6.14 -7.37 2.08 22.11
5.76 -7.49 1.52 21.97
6.23 -8.09 1.39 21.95
5.86 -7.65 1.64 21.95
6.40 -7.64 1.41 21.95
6.27 -7.67 1.22 22.00
5.80 -7.82 1.54 21.44
5.43 -7.99 1.69 21.80 2.54  45.407774 11.899389
6.15 -7.75 1.67 22.28
5.53 -7.46 1.90 21.80 2.54  45.407774 11.899389
5.97 -8.19 1.97 22.16
6.22 -7.78 1.80 22.57
6.21 -7.64 1.92 21.78
6.17 -7.61 2.10 21.76
6.12 -7.55 1.87 22.19
6.04 -7.50 1.84 22.35
6.18 -7.89 2.24 22.36
5.96 -7.97 2.37 23.86
5.81 -7.85 2.21 22.17
5.87 -8.24 2.00 21.33
5.52 -8.75 1.95 21.75
5.66 -7.66 2.18 21.85
6.01 -7.89 2.05 21.76
6.33 -7.96 1.89 21.78
6.15 -7.76 2.15 22.24
6.24 -7.36 1.89 21.73 2.05  45.407778 11.899418
5.92 -7.86 2.07 22.17
6.86 -7.91 1.89 21.83 2.05  45.407778 11.899418
5.84 -7.60 2.15 22.29
6.19 -7.58 1.38 22.29
6.23 -7.82 1.23 22.45
5.69 -7.89 1.28 22.40
5.64 -7.69 1.74 22.45
5.63 -7.53 1.74 21.80
6.94 -8.69 1.80 21.81
6.29 -7.71 2.02 22.12
5.59 -7.16 2.01 22.76
6.31 -7.84 1.87 22.60
6.66 -7.49 2.04 21.95
7.30 -7.57 2.18 22.02
5.33 -8.45 2.11 22.19
5.74 -7.10 2.08 21.71
5.96 -7.87 2.50 21.73 2.34  45.407779 11.899451
5.62 -8.47 2.00 21.61
6.31 -8.76 2.08 22.05 2.34  45.407779 11.899451
5.14 -6.74 1.79 22.19
5.67 -6.59 1.73 21.73
6.30 -8.07 1.64 21.44
5.98 -7.92 1.48 21.66
6.24 -7.70 1.60 21.25
6.94 -8.80 1.87 21.69
5.79 -6.63 1.52 22.66
6.01 -7.45 1.60 22.95
5.61 -7.24 1.68 22.50
5.86 -7.01 1.72 22.91
7.03 -10.28 1.40 21.61
5.78 -8.77 1.49 21.85
5.66 -7.70 2.16 22.00
5.37 -7.23 2.01 22.40
5.91 -7.58 1.75 21.69
6.58 -7.80 1.69 21.44 2.80  45.407783 11.899489
6.48 -7.92 1.88 21.57
6.08 -7.56 1.84 21.93 2.80  45.407783 11.899489
6.08 -6.93 2.16 22.09
6.32 -7.12 2.20 21.42
6.22 -8.00 2.49 22.66
5.97 -8.35 2.16 22.38
6.09 -7.73 2.16 22.40
5.29 -7.78 1.91 22.50
5.59 -7.62 1.76 21.75
5.72 -8.23 1.58 21.80
6.34 -8.59 1.84 21.75
6.27 -8.02 1.71 22.04
6.37 -7.18 1.68 22.31
5.63 -6.98 1.86 22.28
6.34 -7.84 1.45 21.95
6.20 -7.87 1.52 21.44
6.24 -8.40 1.71 21.08 2.86  45.407795 11.899526
5.71 -8.20 1.73 21.75
5.88 -7.27 1.88 21.90 2.86  45.407795 11.899526
5.41 -7.66 1.70 21.80
5.63 -7.77 2.08 21.68
6.09 -8.53 1.67 22.14
6.21 -7.56 1.75 21.32
6.55 -7.42 1.90 21.76
6.15 -7.20 1.93 22.00
5.97 -7.78 1.84 22.45
6.08 -7.95 2.07 21.64
6.05 -7.54 2.27 22.05
6.02 -7.80 1.93 21.92
6.22 -7.84 1.97 21.90
5.66 -7.83 2.11 21.85
5.98 -8.16 2.23 21.35
5.71 -7.78 1.71 22.28
6.08 -8.13 2.00 21.44
6.11 -7.73 1.78 21.93 3.38  45.407803 11.899569
6.00 -7.40 2.16 22.36
6.07 -7.27 2.19 21.88 3.38  45.407803 11.899569
6.35 -7.89 2.24 21.83
6.29 -7.75 1.90 21.76
6.53 -7.93 1.83 21.81
6.20 -7.60 1.64 21.92
6.08 -7.80 1.63 22.07
5.60 -7.47 1.67 22.02
5.67 -8.20 1.74 21.54
5.69 -8.19 2.07 21.93
5.74 -8.07 1.98 21.93
5.94 -7.72 1.57 21.90
6.27 -7.55 2.00 21.81
6.63 -7.47 1.93 21.44
6.53 -7.67 1.96 21.90
6.27 -7.23 2.17 21.54
6.43 -7.37 2.15 21.90 2.89  45.407816 11.899605
6.20 -7.71 2.06 22.02
6.13 -7.67 2.31 22.00 2.89  45.407816 11.899605
6.08 -7.89 2.18 21.99
5.71 -7.57 1.72 21.57
5.71 -8.07 1.44 21.47
5.90 -8.17 1.50 21.37
6.11 -8.12 2.12 21.78
6.19 -7.52 1.79 22.00
6.12 -7.51 2.01 21.64
6.15 -7.50 1.83 22.02
6.46 -7.77 1.94 22.14
6.74 -7.01 1.98 22.09
7.13 -8.75 1.79 22.19
7.86 -7.59 2.24 23.62
4.03 -8.18 1.87 24.49
3.70 -7.15 0.68 24.35
4.14 -7.05 1.55 20.72
5.42 -7.28 1.95 17.99 2.90  45.407826 11.899643
7.30 -17.50 0.82 16.96
7.36 -9.31 1.61 19.35 2.90  45.407826 11.899643
4.87 -4.41 1.82 22.59
5.60 -5.51 2.52 24.90
4.95 -4.33 1.81 23.89
6.70 -3.69 2.29 22.40
16.32 -11.32 -0.58 21.64
7.09 -10.65 1.44 21.57
6.18 -8.25 1.31 22.12
4.74 -7.39 1.49 22.35
4.77 -7.45 1.92 21.80
6.02 -7.75 1.64 21.95
5.99 -8.65 1.48 21.25
5.97 -8.43 1.64 21.90
6.18 -7.53 1.48 21.64
6.11 -6.99 1.95 22.02
5.71 -7.58 2.09 21.47 3.22  45.407833 11.899686
6.06 -7.75 1.65 21.76
6.69 -7.92 1.37 21.76 3.22  45.407833 11.899686
6.30 -7.72 1.54 21.93
5.70 -7.91 1.31 22.04
5.50 -7.94 1.48 21.63
5.67 -7.95 1.66 22.54
5.96 -7.97 1.48 22.09
6.26 -8.06 1.47 22.12
6.09 -7.63 2.35 22.14
5.97 -8.01 2.56 22.04
6.08 -7.64 2.26 21.59
6.24 -7.87 2.01 21.97
6.28 -7.63 2.31 21.49
6.14 -7.71 2.83 21.85
6.39 -7.72 2.76 21.90
6.04 -7.55 2.48 21.90
6.13 -7.55 2.24 21.52
5.95 -7.75 1.84 22.04 3.08  45.407838 11.899730
5.36 -8.17 1.58 22.36
5.73 -8.01 1.41 21.47 3.08  45.407838 11.899730
6.19 -7.98 1.78 21.88
6.06 -7.37 2.17 21.93
6.15 -7.47 1.84 22.04
6.05 -7.81 1.48 21.93
6.04 -7.69 1.77 21.95
6.41 -7.76 1.85 21.95
6.34 -7.72 1.86 21.56
6.30 -7.27 2.08 22.42
6.01 -7.55 1.60 22.00
5.85 -8.05 1.78 22.00
5.82 -7.91 1.61 22.04
5.59 -8.11 1.60 22.12
5.34 -8.06 2.06 22.09
5.84 -7.85 1.65 21.57
6.06 -7.87 1.83 21.93 2.77  45.407848 11.899764
6.07 -7.53 1.94 21.95
5.96 -8.01 1.98 21.92 2.77  45.407848 11.899764
5.82 -7.83 2.02 21.93
5.92 -8.00 1.93 21.93
5.92 -7.85 2.12 21.99
5.72 -7.73 2.40 22.04
5.99 -7.61 1.98 22.04
6.02 -7.22 1.48 22.00
5.86 -8.13 1.74 21.90
