5.33 -8.16 2.42 21.37 3.09 45.406323 11.894352 1 1
5.38 -8.2 2.11 21.73 3.09 45.406323 11.894352 1 1
5.5 -8.52 1.97 21.42 3.09 45.406323 11.894352 0 1
5.42 -8.41 1.8 22.09 3.09 45.406323 11.894352 1 1
5.51 -7.69 1.7 21.51 3.09 45.406323 11.894352 1 1
6.01 -7.34 1.8 25.04 3.09 45.406323 11.894352 1 1
6.25 -7.57 1.8 21.93 3.09 45.406323 11.894352 1 1
5.84 -7.71 1.72 21.88 3.09 45.406323 11.894352 1 1
5.49 -7.97 1.88 21.95 3.09 45.406323 11.894352 1 1
5.66 -8.24 1.97 21.95 3.09 45.406323 11.894352 1 1
5.92 -7.7 1.76 21.97 3.09 45.406323 11.894352 1 1
5.89 -7.25 1.81 21.95 3.09 45.406323 11.894352 1 1
5.81 -8.03 2.08 22.24 3.09 45.406323 11.894352 1 1
5.98 -8.36 1.87 21.75 3.09 45.406323 11.894352 1 1
6.36 -7.48 1.51 22.23 3.09 45.406323 11.894352 1 1
6.46 -7.48 1.74 22.0 3.09 45.406323 11.894352 1 1
6.02 -8.02 1.99 21.68 3.09 45.406323 11.894352 1 1
5.73 -6.97 1.54 22.05 2.56 45.406325 11.894389 0 1
6.09 -6.51 1.14 20.34 2.56 45.406325 11.894389 1 1
6.39 -8.66 1.46 20.77 2.56 45.406325 11.894389 0 1
6.26 -9.86 1.74 21.75 2.56 45.406325 11.894389 1 1
6.27 -8.37 1.46 24.82 2.56 45.406325 11.894389 1 1
6.15 -7.65 1.19 25.48 2.56 45.406325 11.894389 1 1
5.38 -8.24 1.49 24.35 2.56 45.406325 11.894389 1 1
5.12 -8.16 2.28 22.57 2.56 45.406325 11.894389 1 1
6.18 -8.96 2.78 21.28 2.56 45.406325 11.894389 1 1
6.76 -10.79 2.24 21.39 2.56 45.406325 11.894389 1 1
5.76 -9.67 1.37 21.59 2.56 45.406325 11.894389 1 1
4.98 -6.3 1.5 21.76 2.56 45.406325 11.894389 1 1
5.64 -5.52 2.12 21.44 2.56 45.406325 11.894389 1 1
6.62 -6.96 1.87 20.84 2.56 45.406325 11.894389 1 1
7.22 -7.77 1.37 21.28 2.56 45.406325 11.894389 1 1
7.39 -8.74 1.67 21.39 2.56 45.406325 11.894389 1 1
6.25 -9.11 2.0 22.71 2.56 45.406325 11.894389 1 1
4.36 -6.43 1.76 25.19 2.54 45.406332 11.894423 0 1
