6.05 -7.78 2.21 21.68 3.11 45.395910 11.875953 0
6.12 -8.2 2.08 21.85 3.11 45.395910 11.875953 0
5.56 -7.65 2.02 21.69 3.11 45.395910 11.875953 0
6.24 -7.29 2.63 22.52 3.11 45.395910 11.875953 0
6.42 -7.48 1.58 22.09 3.11 45.395910 11.875953 0
4.7 -7.66 1.51 21.54 3.11 45.395910 11.875953 0
5.62 -8.74 1.01 21.76 3.11 45.395910 11.875953 0
3.19 -5.71 1.25 21.71 3.11 45.395910 11.875953 0
6.59 -11.4 1.59 19.4 3.11 45.395910 11.875953 0
8.5 -9.26 1.86 19.76 3.11 45.395910 11.875953 0
8.01 -5.37 1.07 28.76 3.11 45.395910 11.875953 0
5.18 -8.07 1.11 26.0 3.11 45.395910 11.875953 0
0.45 0.71 1.02 28.49 3.63 45.395932 11.875986 1
11.09 -17.74 7.42 27.2 3.63 45.395932 11.875986 0
4.6 -7.5 -1.62 25.55 3.63 45.395932 11.875986 1
5.95 -11.68 3.22 23.86 3.63 45.395932 11.875986 0
4.65 -9.29 0.49 22.69 3.63 45.395932 11.875986 0
4.63 -5.37 0.57 23.96 3.63 45.395932 11.875986 0
3.79 -4.76 3.41 324.94 3.63 45.395932 11.875986 0
4.93 -3.54 -0.18 22.71 3.63 45.395932 11.875986 0
8.68 -9.0 -0.28 23.36 3.63 45.395932 11.875986 0
5.8 -9.44 1.53 23.19 3.63 45.395932 11.875986 0
2.52 -7.61 4.54 24.04 3.63 45.395932 11.875986 0
3.7 -7.72 3.14 26.05 3.63 45.395932 11.875986 0
8.76 -6.93 3.34 22.71 3.63 45.395932 11.875986 0
7.69 -10.53 2.13 23.67 3.63 45.395932 11.875986 0
2.76 -3.71 3.34 23.14 3.37 45.395960 11.876008 1
7.71 -7.88 0.59 23.29 3.37 45.395960 11.876008 0
7.34 -7.05 4.77 25.76 3.37 45.395960 11.876008 1
1.45 -6.36 3.55 23.46 3.37 45.395960 11.876008 0
5.82 -8.9 1.9 22.64 3.37 45.395960 11.876008 0
5.03 -9.29 1.29 23.91 3.37 45.395960 11.876008 0
5.43 -6.62 1.5 21.93 3.37 45.395960 11.876008 0
5.13 -10.84 1.36 24.23 3.37 45.395960 11.876008 0
5.57 -10.99 -0.05 24.99 3.37 45.395960 11.876008 0
