5.19 -4.85 0.54 24.18 3.37 45.395960 11.876008 0
7.81 -5.8 -0.28 28.4 3.37 45.395960 11.876008 0
3.58 -8.02 8.52 27.22 3.37 45.395960 11.876008 0
6.79 -8.57 -2.51 25.11 3.37 45.395960 11.876008 0
2.81 -8.16 4.53 23.43 3.37 45.395960 11.876008 0
8.58 -11.01 2.11 24.01 3.37 45.395960 11.876008 0
3.04 -8.82 5.16 23.62 3.37 45.395960 11.876008 0
6.82 -5.77 5.75 22.35 3.37 45.395960 11.876008 0
6.71 -8.38 -0.05 23.55 3.58 45.395992 11.876020 1
5.27 -7.17 3.89 22.0 3.58 45.395992 11.876020 0
6.55 -7.94 1.63 26.72 3.58 45.395992 11.876020 0
5.38 -7.12 3.38 31.32 3.58 45.395992 11.876020 1
6.27 -4.77 0.97 25.79 3.58 45.395992 11.876020 0
4.66 -7.16 2.11 21.97 3.58 45.395992 11.876020 0
6.54 -9.12 1.44 22.79 3.58 45.395992 11.876020 0
4.52 -10.22 2.89 579.6 3.58 45.395992 11.876020 0
6.53 -10.99 1.15 21.49 3.58 45.395992 11.876020 0
5.95 -7.1 -0.96 22.09 3.58 45.395992 11.876020 0
4.03 -7.72 1.56 22.95 3.58 45.395992 11.876020 0
6.8 -7.73 2.86 24.15 3.58 45.395992 11.876020 0
5.7 -7.22 1.07 27.73 3.58 45.395992 11.876020 0
5.19 -7.66 0.44 23.38 3.58 45.395992 11.876020 0
7.43 -7.75 1.66 23.24 3.58 45.395992 11.876020 0
5.23 -8.37 2.94 27.7 3.58 45.395992 11.876020 0
6.59 -6.97 4.21 25.78 3.58 45.395992 11.876020 0
5.44 -8.16 1.84 274.04 2.22 45.396010 11.876033 1
5.96 -8.43 -2.44 23.65 2.22 45.396010 11.876033 1
6.26 -7.88 3.91 26.03 2.22 45.396010 11.876033 0
5.01 -7.17 2.97 23.7 2.22 45.396010 11.876033 0
6.51 -5.43 1.69 23.67 2.22 45.396010 11.876033 0
5.04 -8.34 3.85 25.47 2.22 45.396010 11.876033 0
4.52 -7.12 1.7 22.76 2.22 45.396010 11.876033 0
5.09 -8.62 2.7 310.26 2.22 45.396010 11.876033 0
6.16 -11.01 0.89 22.98 2.22 45.396010 11.876033 0
5.83 -7.84 1.12 24.75 2.22 45.396010 11.876033 0
