7.07 -7.3 1.1 21.68 1.42 45.395882 11.875905 0
6.06 -7.56 1.48 21.54 1.42 45.395882 11.875905 0
5.4 -8.9 1.68 21.8 1.42 45.395882 11.875905 0
5.14 -8.17 1.51 21.85 1.42 45.395882 11.875905 0
6.27 -7.88 1.96 21.76 1.42 45.395882 11.875905 0
6.48 -7.51 1.5 21.76 1.42 45.395882 11.875905 0
7.2 -7.37 1.76 21.44 1.42 45.395882 11.875905 0
7.81 -6.67 1.32 21.88 1.42 45.395882 11.875905 0
7.71 -7.02 0.45 21.49 1.42 45.395882 11.875905 0
7.31 -7.09 0.64 21.8 1.42 45.395882 11.875905 0
6.51 -8.15 0.23 21.63 1.42 45.395882 11.875905 0
6.45 -8.42 0.63 21.03 1.42 45.395882 11.875905 0
6.02 -8.49 0.91 21.61 2.55 45.395894 11.875922 1
6.32 -7.04 1.41 21.57 2.55 45.395894 11.875922 0
6.19 -8.11 1.37 21.56 2.55 45.395894 11.875922 1
4.73 -8.66 2.48 21.64 2.55 45.395894 11.875922 0
4.79 -8.63 2.53 21.8 2.55 45.395894 11.875922 0
5.97 -7.79 2.49 21.73 2.55 45.395894 11.875922 0
6.46 -7.16 2.55 21.56 2.55 45.395894 11.875922 0
7.52 -7.2 2.63 21.33 2.55 45.395894 11.875922 0
7.62 -6.88 2.83 21.4 2.55 45.395894 11.875922 0
7.41 -7.21 2.42 21.4 2.55 45.395894 11.875922 0
6.92 -7.4 2.16 21.54 2.55 45.395894 11.875922 0
5.83 -8.09 1.57 22.11 2.55 45.395894 11.875922 0
5.8 -8.36 1.23 21.33 2.55 45.395894 11.875922 0
6.26 -7.67 1.41 21.52 2.55 45.395894 11.875922 0
6.13 -7.56 0.61 22.05 2.55 45.395894 11.875922 0
5.71 -8.22 0.58 22.36 2.55 45.395894 11.875922 0
5.17 -8.33 1.38 21.56 2.55 45.395894 11.875922 0
5.73 -8.25 0.85 21.32 2.55 45.395894 11.875922 0
5.88 -7.27 1.59 21.47 3.11 45.395910 11.875953 1
7.07 -7.19 1.27 21.71 3.11 45.395910 11.875953 0
7.12 -6.93 1.9 21.63 3.11 45.395910 11.875953 1
6.69 -7.35 2.46 21.75 3.11 45.395910 11.875953 0
6.25 -7.88 2.8 21.28 3.11 45.395910 11.875953 0
