5.97 -8.1 1.86 22.17 2.48 45.406378 11.895191 1 0
5.85 -8.1 1.88 21.78 2.72 45.406377 11.895222 0 0
5.71 -7.92 1.81 21.88 2.72 45.406377 11.895222 1 0
5.41 -7.93 1.67 21.9 2.72 45.406377 11.895222 0 0
5.8 -7.77 1.67 22.42 2.72 45.406377 11.895222 1 0
6.69 -7.55 1.86 22.05 2.72 45.406377 11.895222 1 0
6.45 -7.83 1.91 22.79 2.72 45.406377 11.895222 1 0
5.22 -7.93 1.78 24.27 2.72 45.406377 11.895222 1 0
4.95 -7.29 1.74 22.79 2.72 45.406377 11.895222 1 0
5.76 -7.52 1.74 22.07 2.72 45.406377 11.895222 1 0
6.18 -9.21 1.61 20.84 2.72 45.406377 11.895222 1 0
5.96 -9.77 1.59 20.97 2.72 45.406377 11.895222 1 0
5.63 -8.1 1.85 23.94 2.72 45.406377 11.895222 1 0
5.29 -6.76 1.95 22.9 2.72 45.406377 11.895222 1 0
5.34 -6.91 1.69 23.8 2.72 45.406377 11.895222 1 0
5.99 -7.07 1.58 22.96 2.72 45.406377 11.895222 1 0
6.33 -7.29 1.86 22.16 2.72 45.406377 11.895222 1 0
5.92 -8.48 2.05 22.45 2.72 45.406377 11.895222 1 0
5.58 -9.12 1.95 22.4 2.89 45.406375 11.895257 0 0
5.63 -8.09 1.91 22.17 2.89 45.406375 11.895257 1 0
5.65 -7.22 1.99 22.59 2.89 45.406375 11.895257 0 0
5.77 -7.64 1.93 23.82 2.89 45.406375 11.895257 1 0
6.13 -8.13 1.87 21.93 2.89 45.406375 11.895257 1 0
6.15 -8.12 1.97 21.83 2.89 45.406375 11.895257 1 0
5.71 -8.22 2.01 21.87 2.89 45.406375 11.895257 1 0
5.52 -8.22 1.85 21.85 2.89 45.406375 11.895257 1 0
5.79 -7.86 1.78 22.16 2.89 45.406375 11.895257 1 0
5.98 -7.73 1.84 22.59 2.89 45.406375 11.895257 1 0
5.9 -7.96 1.73 23.91 2.89 45.406375 11.895257 1 0
5.78 -8.02 1.43 22.21 2.89 45.406375 11.895257 1 0
5.75 -7.9 1.32 22.11 2.89 45.406375 11.895257 1 0
5.81 -7.99 1.52 21.92 2.89 45.406375 11.895257 1 0
5.87 -8.14 1.79 21.54 2.89 45.406375 11.895257 1 0
5.8 -8.03 1.92 22.0 2.89 45.406375 11.895257 1 0
5.66 -7.79 1.91 22.05 2.89 45.406375 11.895257 1 0
