5.74 -8.0 1.72 21.44 2.71 45.406377 11.895123 1 0
5.81 -7.96 1.91 21.88 3.3 45.406379 11.895162 0 0
5.83 -7.83 1.86 22.04 3.3 45.406379 11.895162 1 0
5.72 -7.76 1.69 22.12 3.3 45.406379 11.895162 0 0
5.67 -7.81 1.73 21.8 3.3 45.406379 11.895162 1 0
5.88 -7.92 1.83 22.0 3.3 45.406379 11.895162 1 0
6.09 -8.08 1.75 21.95 3.3 45.406379 11.895162 1 0
5.98 -8.16 1.64 22.4 3.3 45.406379 11.895162 1 0
5.71 -7.98 1.69 22.57 3.3 45.406379 11.895162 1 0
5.61 -7.71 1.74 23.86 3.3 45.406379 11.895162 1 0
5.74 -7.73 1.65 22.55 3.3 45.406379 11.895162 1 0
5.94 -8.02 1.59 22.0 3.3 45.406379 11.895162 1 0
6.01 -8.2 1.76 21.54 3.3 45.406379 11.895162 1 0
5.85 -8.15 1.94 22.02 3.3 45.406379 11.895162 1 0
5.6 -7.96 1.84 22.09 3.3 45.406379 11.895162 1 0
5.62 -7.77 1.64 22.16 3.3 45.406379 11.895162 1 0
5.9 -7.75 1.63 22.52 3.3 45.406379 11.895162 1 0
6.02 -7.99 1.79 23.12 3.3 45.406379 11.895162 1 0
5.85 -8.25 1.95 21.69 3.3 45.406379 11.895162 1 0
5.7 -8.21 2.1 21.78 2.48 45.406378 11.895191 0 0
5.69 -7.91 2.13 21.54 2.48 45.406378 11.895191 1 0
5.64 -7.69 1.91 22.69 2.48 45.406378 11.895191 0 0
5.58 -7.7 1.67 24.04 2.48 45.406378 11.895191 1 0
5.68 -7.9 1.71 22.14 2.48 45.406378 11.895191 1 0
5.92 -8.14 1.91 22.09 2.48 45.406378 11.895191 1 0
6.08 -8.19 2.02 22.96 2.48 45.406378 11.895191 1 0
5.9 -7.87 2.02 22.67 2.48 45.406378 11.895191 1 0
5.48 -7.39 1.93 23.17 2.48 45.406378 11.895191 1 0
5.48 -7.34 1.72 22.96 2.48 45.406378 11.895191 1 0
6.09 -7.98 1.58 21.95 2.48 45.406378 11.895191 1 0
6.33 -8.72 1.62 22.17 2.48 45.406378 11.895191 1 0
5.68 -8.7 1.67 21.95 2.48 45.406378 11.895191 1 0
5.21 -7.94 1.64 22.55 2.48 45.406378 11.895191 1 0
5.65 -7.36 1.67 22.16 2.48 45.406378 11.895191 1 0
6.07 -7.61 1.78 21.95 2.48 45.406378 11.895191 1 0
