6.03 -8.04 1.98 21.76 3.02 45.407943 11.888152 1
6.02 -8.04 1.98 21.75 3.02 45.407943 11.888152 1
6.01 -8.05 1.98 21.76 3.02 45.407943 11.888152 1
6.01 -8.04 1.99 21.75 3.02 45.407943 11.888152 1
6.03 -8.03 1.97 21.75 3.02 45.407943 11.888152 1
6.03 -8.04 1.97 21.75 3.02 45.407943 11.888152 1
6.01 -8.04 1.98 21.75 3.02 45.407943 11.888152 1
6.03 -8.05 1.97 21.76 3.02 45.407943 11.888152 1
6.03 -8.04 1.99 21.75 3.02 45.407943 11.888152 1
6.02 -8.03 1.97 21.74 3.02 45.407943 11.888152 1
6.03 -8.04 1.99 21.76 3.02 45.407943 11.888152 1
6.01 -8.04 1.98 21.75 3.02 45.407943 11.888152 1
6.02 -8.04 1.98 21.75 3.02 45.407943 11.888152 1
6.02 -8.03 1.97 21.76 3.02 45.407943 11.888152 1
6.02 -8.04 1.98 21.75 3.02 45.407943 11.888152 1
6.02 -8.05 1.97 21.74 3.02 45.407943 11.888152 1
6.02 -8.05 1.98 21.75 3.02 45.407943 11.888152 1
6.01 -8.03 1.99 21.75 3.02 45.407943 11.888152 1
6.02 -8.03 1.98 21.74 3.02 45.407943 11.888152 1
6.02 -8.05 1.99 21.76 3.02 45.407943 11.888152 1
6.03 -8.03 1.99 21.76 3.02 45.407943 11.888152 1
6.02 -8.05 1.99 21.75 3.02 45.407943 11.888152 1
6.01 -8.04 1.98 21.75 3.02 45.407943 11.888152 1
6.02 -8.04 1.97 21.74 3.02 45.407943 11.888152 1
6.02 -8.05 1.97 21.74 3.02 45.407943 11.888152 1
6.01 -8.04 1.98 21.74 3.02 45.407943 11.888152 1
6.02 -8.04 1.98 21.76 3.02 45.407943 11.888152 1
6.02 -8.04 1.99 21.75 3.02 45.407943 11.888152 1
6.02 -8.04 1.98 21.75 3.02 45.407943 11.888152 1
6.02 -8.04 1.99 21.74 3.02 45.407943 11.888152 1
6.02 -8.03 1.99 21.75 3.02 45.407943 11.888152 1
6.02 -8.04 1.98 21.76 3.02 45.407943 11.888152 1
6.02 -8.04 1.97 21.75 3.02 45.407943 11.888152 1
6.02 -8.03 1.99 21.75 3.02 45.407943 11.888152 1
6.01 -8.04 1.99 21.75 3.02 45.407943 11.888152 1
