5.51 -7.94 2.27 22.52 1.55 45.407984 11.888708 0
5.69 -7.91 2.02 21.56 1.55 45.407984 11.888708 1
5.64 -8.09 1.64 22.36 1.55 45.407984 11.888708 1
5.32 -8.35 1.68 21.97 1.55 45.407984 11.888708 1
5.63 -8.14 1.54 22.02 1.55 45.407984 11.888708 1
5.73 -7.56 1.72 22.0 1.55 45.407984 11.888708 1
6.08 -7.83 1.64 21.8 1.55 45.407984 11.888708 1
6.01 -7.67 1.59 21.42 1.55 45.407984 11.888708 0
6.12 -7.53 1.8 21.3 1.55 45.407984 11.888708 1
6.4 -7.7 1.6 21.39 1.55 45.407984 11.888708 0
6.5 -7.76 1.69 22.0 1.55 45.407984 11.888708 1
6.35 -7.37 1.44 22.16 1.55 45.407984 11.888708 1
6.12 -7.41 1.33 21.75 1.55 45.407984 11.888708 1
6.17 -7.43 1.25 22.67 1.55 45.407984 11.888708 1
6.3 -7.75 1.39 22.0 1.55 45.407984 11.888708 1
5.94 -7.92 1.39 21.9 1.55 45.407984 11.888708 1
6.07 -8.26 1.39 22.0 1.55 45.407984 11.888708 1
5.62 -8.2 1.15 22.05 1.55 45.407984 11.888708 1
5.39 -7.9 1.53 22.05 1.55 45.407984 11.888708 1
5.93 -7.87 1.53 21.88 1.55 45.407984 11.888708 1
5.92 -7.68 1.64 22.31 1.55 45.407984 11.888708 1
6.08 -8.01 1.98 21.9 1.55 45.407984 11.888708 1
5.93 -7.97 2.0 21.92 1.55 45.407984 11.888708 1
6.13 -7.41 2.0 22.23 1.55 45.407984 11.888708 1
6.2 -7.37 1.96 21.81 1.55 45.407984 11.888708 1
6.13 -7.76 1.99 21.87 2.18 45.407989 11.888693 0
6.09 -7.84 1.75 21.44 2.18 45.407989 11.888693 1
5.91 -7.86 1.98 21.8 2.18 45.407989 11.888693 0
6.16 -7.65 2.12 21.8 2.18 45.407989 11.888693 1
6.39 -7.85 2.19 21.81 2.18 45.407989 11.888693 1
5.91 -7.83 2.06 21.97 2.18 45.407989 11.888693 1
5.75 -7.8 2.02 21.87 2.18 45.407989 11.888693 1
5.6 -7.85 2.07 21.99 2.18 45.407989 11.888693 1
5.8 -8.02 1.95 22.07 2.18 45.407989 11.888693 1
5.97 -7.91 2.01 22.12 2.18 45.407989 11.888693 1
