5.79 -7.76 1.81 22.57 2.5 45.408023 11.888517 1
5.85 -7.82 1.9 22.07 2.5 45.408023 11.888517 1
5.98 -8.01 1.77 22.52 2.5 45.408023 11.888517 1
5.86 -7.84 1.91 22.52 2.5 45.408023 11.888517 1
5.89 -7.93 1.85 22.11 2.5 45.408023 11.888517 1
6.14 -7.71 1.98 22.16 2.5 45.408023 11.888517 1
6.06 -7.67 2.02 21.87 2.5 45.408023 11.888517 1
6.0 -7.99 2.01 22.47 2.5 45.408023 11.888517 1
6.38 -7.58 1.87 22.9 2.31 45.408021 11.888485 0
6.37 -7.29 1.78 25.6 2.31 45.408021 11.888485 1
5.88 -7.89 1.91 21.75 2.31 45.408021 11.888485 0
6.16 -7.77 1.8 22.16 2.31 45.408021 11.888485 1
5.96 -7.56 1.54 22.16 2.31 45.408021 11.888485 1
6.3 -7.57 1.64 21.8 2.31 45.408021 11.888485 1
6.1 -8.07 1.34 22.66 2.31 45.408021 11.888485 1
5.85 -7.36 1.76 21.95 2.31 45.408021 11.888485 1
5.98 -7.14 1.6 21.56 2.31 45.408021 11.888485 1
5.99 -8.06 1.27 22.0 2.31 45.408021 11.888485 1
5.61 -7.75 1.82 21.97 2.31 45.408021 11.888485 1
6.33 -7.71 2.1 22.09 2.31 45.408021 11.888485 1
6.12 -7.52 1.79 22.26 2.31 45.408021 11.888485 1
6.08 -7.3 1.76 22.16 2.31 45.408021 11.888485 1
6.61 -7.75 1.62 21.9 2.31 45.408021 11.888485 1
6.25 -7.73 1.61 21.85 2.31 45.408021 11.888485 1
6.02 -7.87 1.82 22.26 2.31 45.408021 11.888485 1
6.01 -7.87 2.11 21.87 3.14 45.408018 11.888446 0
6.26 -6.98 2.0 21.85 3.14 45.408018 11.888446 1
6.07 -7.41 2.09 22.0 3.14 45.408018 11.888446 0
5.81 -8.23 1.89 22.09 3.14 45.408018 11.888446 1
5.72 -7.41 2.09 46.41 3.14 45.408018 11.888446 1
5.9 -7.85 1.94 22.76 3.14 45.408018 11.888446 1
5.83 -8.17 1.95 21.76 3.14 45.408018 11.888446 1
5.97 -7.61 1.72 22.26 3.14 45.408018 11.888446 1
6.3 -8.14 1.88 22.05 3.14 45.408018 11.888446 1
5.99 -7.0 1.87 22.26 3.14 45.408018 11.888446 1
