6.17 -7.7 1.9 22.0 2.51 45.407995 11.888642 1
5.81 -7.73 1.9 22.0 2.51 45.407995 11.888642 1
5.96 -7.67 1.69 22.0 2.51 45.407995 11.888642 1
5.92 -7.85 1.73 21.66 2.51 45.407995 11.888642 1
5.73 -7.86 1.55 22.02 2.51 45.407995 11.888642 1
5.71 -7.77 1.64 22.05 2.51 45.407995 11.888642 1
5.7 -7.98 1.57 21.9 2.51 45.407995 11.888642 1
5.93 -8.11 1.66 21.81 2.45 45.408003 11.888612 0
5.9 -7.85 1.81 21.45 2.45 45.408003 11.888612 1
5.86 -7.85 2.06 21.47 2.45 45.408003 11.888612 1
5.81 -7.82 1.79 21.9 2.45 45.408003 11.888612 0
6.0 -7.4 1.77 21.95 2.45 45.408003 11.888612 1
6.24 -8.01 1.79 21.9 2.45 45.408003 11.888612 1
5.84 -7.71 2.06 21.87 2.45 45.408003 11.888612 1
6.11 -7.81 1.8 21.87 2.45 45.408003 11.888612 1
6.05 -7.93 1.79 21.92 2.45 45.408003 11.888612 1
5.58 -7.81 1.78 21.93 2.45 45.408003 11.888612 1
5.86 -7.72 2.08 22.36 2.45 45.408003 11.888612 1
5.69 -8.18 1.9 21.56 2.45 45.408003 11.888612 1
6.02 -7.92 2.1 22.47 2.45 45.408003 11.888612 1
5.84 -7.57 1.72 21.61 2.45 45.408003 11.888612 1
6.05 -7.84 1.97 22.04 2.45 45.408003 11.888612 1
5.85 -7.75 2.01 22.05 2.45 45.408003 11.888612 1
6.04 -8.05 1.65 22.11 2.45 45.408003 11.888612 1
6.11 -7.47 1.74 21.97 2.45 45.408003 11.888612 1
5.91 -7.6 1.99 21.9 2.66 45.408011 11.888582 0
6.01 -7.81 1.86 21.85 2.66 45.408011 11.888582 1
6.21 -7.97 1.62 21.85 2.66 45.408011 11.888582 0
6.11 -7.58 1.75 21.81 2.66 45.408011 11.888582 1
5.94 -7.75 1.88 21.9 2.66 45.408011 11.888582 1
5.98 -7.81 1.7 21.9 2.66 45.408011 11.888582 1
5.94 -7.94 1.72 22.0 2.66 45.408011 11.888582 1
5.5 -7.62 1.7 22.05 2.66 45.408011 11.888582 1
5.81 -7.95 1.74 22.05 2.66 45.408011 11.888582 1
5.85 -8.09 1.72 23.74 2.66 45.408011 11.888582 1
