6.19 -7.45 2.01 22.16 3.14 45.408018 11.888446 1
5.92 -7.98 1.83 22.05 3.14 45.408018 11.888446 1
6.04 -7.9 1.82 21.93 3.14 45.408018 11.888446 1
6.45 -7.68 1.63 21.95 3.14 45.408018 11.888446 1
5.96 -8.14 1.41 22.05 3.14 45.408018 11.888446 1
5.77 -7.79 1.69 22.52 3.14 45.408018 11.888446 1
5.65 -7.83 1.6 21.97 3.14 45.408018 11.888446 1
5.68 -7.72 1.89 21.97 2.89 45.408004 11.888409 0
5.99 -7.94 1.92 22.76 2.89 45.408004 11.888409 1
6.08 -7.77 1.81 21.87 2.89 45.408004 11.888409 1
5.98 -7.85 1.75 21.9 2.89 45.408004 11.888409 0
6.15 -7.57 1.84 21.81 2.89 45.408004 11.888409 1
6.13 -7.53 1.78 21.78 2.89 45.408004 11.888409 1
6.01 -7.78 1.59 22.31 2.89 45.408004 11.888409 1
6.19 -7.7 2.07 21.9 2.89 45.408004 11.888409 1
6.14 -7.77 1.89 22.36 2.89 45.408004 11.888409 1
5.74 -7.73 1.94 22.07 2.89 45.408004 11.888409 1
5.84 -7.67 1.92 22.93 2.89 45.408004 11.888409 1
6.76 -8.31 1.99 22.93 2.89 45.408004 11.888409 1
5.07 -7.53 1.78 22.54 2.89 45.408004 11.888409 1
6.12 -8.23 1.84 22.57 2.89 45.408004 11.888409 1
5.79 -7.43 1.77 22.17 2.89 45.408004 11.888409 1
7.12 -7.33 1.89 21.95 2.89 45.408004 11.888409 1
7.43 -8.22 1.86 22.05 2.89 45.408004 11.888409 1
5.9 -6.58 1.17 22.07 2.89 45.408004 11.888409 1
6.41 -7.71 1.7 21.87 3.15 45.407997 11.888370 0
6.31 -6.84 1.49 22.16 3.15 45.407997 11.888370 1
6.34 -8.36 1.53 22.16 3.15 45.407997 11.888370 0
6.08 -7.5 1.68 21.85 3.15 45.407997 11.888370 1
6.21 -7.54 1.87 21.87 3.15 45.407997 11.888370 1
5.62 -7.82 2.03 21.76 3.15 45.407997 11.888370 1
5.75 -7.83 1.71 21.87 3.15 45.407997 11.888370 1
6.17 -7.71 1.79 21.71 3.15 45.407997 11.888370 1
6.23 -6.86 1.65 21.92 3.15 45.407997 11.888370 1
6.41 -7.9 1.82 21.92 3.15 45.407997 11.888370 1
