6.2 -7.96 1.67 22.24 1.63 45.406294 11.893966 0
6.12 -7.56 1.29 22.76 1.63 45.406294 11.893966 1
6.59 -7.29 1.43 21.99 1.63 45.406294 11.893966 1
5.96 -7.54 1.62 22.35 1.63 45.406294 11.893966 1
5.5 -8.19 1.56 22.45 1.63 45.406294 11.893966 1
5.52 -8.23 1.18 23.08 1.63 45.406294 11.893966 1
5.26 -7.91 1.99 24.04 1.63 45.406294 11.893966 1
6.08 -8.19 1.9 22.35 1.63 45.406294 11.893966 1
6.28 -7.89 1.74 22.35 1.63 45.406294 11.893966 1
5.98 -7.97 2.43 22.0 1.63 45.406294 11.893966 1
6.0 -7.47 2.13 21.9 1.63 45.406294 11.893966 1
5.91 -7.89 2.01 21.44 1.63 45.406294 11.893966 0
5.95 -8.09 2.04 22.09 1.63 45.406294 11.893966 1
6.34 -7.69 2.0 22.67 1.63 45.406294 11.893966 0
5.88 -7.6 1.96 23.56 1.63 45.406294 11.893966 1
6.28 -7.09 2.02 23.46 1.63 45.406294 11.893966 1
6.49 -7.41 2.16 22.72 1.63 45.406294 11.893966 1
6.16 -7.49 1.93 22.42 1.63 45.406294 11.893966 1
6.44 -8.34 1.79 21.49 1.63 45.406294 11.893966 1
5.94 -8.7 1.9 22.09 1.63 45.406294 11.893966 1
5.86 -7.87 2.21 22.02 1.63 45.406294 11.893966 1
5.72 -7.12 2.04 22.83 1.63 45.406294 11.893966 1
5.58 -8.56 1.95 21.95 1.63 45.406294 11.893966 1
5.82 -8.2 1.6 22.42 1.63 45.406294 11.893966 1
5.92 -7.79 1.65 21.95 1.63 45.406294 11.893966 1
5.72 -7.6 1.74 26.67 1.63 45.406294 11.893966 1
5.89 -7.93 1.81 21.69 1.63 45.406294 11.893966 1
6.42 -7.94 2.01 23.19 1.63 45.406294 11.893966 1
6.39 -7.78 2.04 22.5 2.16 45.406300 11.893988 0
5.59 -7.22 1.79 22.55 2.16 45.406300 11.893988 1
5.67 -7.44 1.63 23.0 2.16 45.406300 11.893988 0
6.17 -7.61 1.93 22.02 2.16 45.406300 11.893988 1
6.31 -7.41 2.15 21.8 2.16 45.406300 11.893988 1
6.7 -8.18 1.92 21.75 2.16 45.406300 11.893988 1
5.76 -8.86 1.8 21.85 2.16 45.406300 11.893988 1
