5.9 -7.84 1.87 21.83 1.48 45.407942 11.888179 1 0
5.85 -7.61 1.96 21.95 1.48 45.407942 11.888179 0 0
5.9 -7.81 2.02 21.87 1.48 45.407942 11.888179 1 0
6.12 -7.62 1.81 21.75 1.48 45.407942 11.888179 1 0
6.21 -7.66 1.87 21.4 1.48 45.407942 11.888179 1 0
6.21 -7.65 1.88 21.39 1.48 45.407942 11.888179 1 0
6.21 -7.66 1.87 21.41 1.48 45.407942 11.888179 1 0
6.2 -7.66 1.86 21.4 1.48 45.407942 11.888179 1 0
6.21 -7.67 1.87 21.4 1.48 45.407942 11.888179 1 0
6.21 -7.66 1.87 21.4 1.48 45.407942 11.888179 1 0
6.21 -7.66 1.86 21.4 1.48 45.407942 11.888179 1 0
6.22 -7.67 1.87 21.4 1.48 45.407942 11.888179 1 0
6.21 -7.66 1.86 21.4 1.48 45.407942 11.888179 1 0
6.22 -7.66 1.87 21.4 1.48 45.407942 11.888179 1 0
6.21 -7.67 1.86 21.4 1.48 45.407942 11.888179 1 0
6.21 -7.66 1.86 21.39 1.48 45.407942 11.888179 1 0
6.2 -7.66 1.87 21.41 1.48 45.407942 11.888179 1 0
6.22 -7.66 1.88 21.39 1.48 45.407942 11.888179 1 0
6.2 -7.66 1.86 21.4 1.48 45.407942 11.888179 1 0
6.21 -7.67 1.88 21.4 1.48 45.407942 11.888179 1 0
6.22 -7.66 1.87 21.41 1.48 45.407942 11.888179 1 0
6.2 -7.67 1.87 21.41 1.48 45.407942 11.888179 1 0
6.22 -7.67 1.86 21.41 1.48 45.407942 11.888179 1 0
6.21 -7.66 1.88 21.39 1.48 45.407942 11.888179 1 0
6.22 -7.65 1.86 21.39 1.48 45.407942 11.888179 1 0
6.21 -7.66 1.87 21.4 1.48 45.407942 11.888179 1 0
6.22 -7.65 1.87 21.4 1.48 45.407942 11.888179 1 0
6.21 -7.66 1.86 21.4 1.48 45.407942 11.888179 1 0
6.21 -7.66 1.86 21.41 1.48 45.407942 11.888179 1 0
6.21 -7.66 1.87 21.4 1.48 45.407942 11.888179 1 0
6.21 -7.66 1.86 21.4 1.48 45.407942 11.888179 1 0
6.22 -7.65 1.87 21.39 1.48 45.407942 11.888179 1 0
6.21 -7.66 1.88 21.41 1.48 45.407942 11.888179 1 0
6.21 -7.65 1.87 21.4 1.48 45.407942 11.888179 1 0
6.21 -7.66 1.86 21.4 1.48 45.407942 11.888179 1 0
