5.97 -8.54 1.58 21.49 2.76 45.408002 11.888340 1 0
5.43 -7.54 1.62 21.99 2.76 45.408002 11.888340 0 0
5.69 -7.54 1.81 21.95 2.76 45.408002 11.888340 1 0
6.01 -7.9 1.51 21.8 2.76 45.408002 11.888340 1 0
6.04 -8.04 1.87 21.95 2.76 45.408002 11.888340 1 0
5.94 -7.89 1.74 21.95 2.76 45.408002 11.888340 1 0
5.98 -7.09 2.35 21.93 2.76 45.408002 11.888340 1 0
6.08 -7.95 1.92 21.78 2.76 45.408002 11.888340 1 0
6.4 -7.61 2.01 22.0 2.76 45.408002 11.888340 1 0
6.25 -7.49 2.41 21.59 2.76 45.408002 11.888340 1 0
6.17 -7.77 1.94 22.07 2.76 45.408002 11.888340 1 0
5.79 -7.35 1.9 22.11 2.76 45.408002 11.888340 1 0
5.69 -8.0 1.79 22.05 2.76 45.408002 11.888340 1 0
5.46 -8.1 1.77 22.0 2.76 45.408002 11.888340 1 0
5.69 -8.22 1.71 21.97 2.76 45.408002 11.888340 1 0
5.8 -7.96 1.76 21.8 2.76 45.408002 11.888340 1 0
5.86 -7.72 1.81 21.93 2.76 45.408002 11.888340 1 0
6.0 -7.9 1.75 21.9 3.04 45.407997 11.888302 0 0
6.19 -7.7 1.61 21.92 3.04 45.407997 11.888302 1 0
6.28 -7.64 1.85 21.52 3.04 45.407997 11.888302 0 0
6.11 -7.87 1.44 22.04 3.04 45.407997 11.888302 1 0
5.94 -7.54 1.73 22.09 3.04 45.407997 11.888302 1 0
5.84 -7.75 1.8 22.0 3.04 45.407997 11.888302 1 0
6.03 -8.03 2.01 21.9 3.04 45.407997 11.888302 1 0
5.7 -8.18 1.7 21.8 3.04 45.407997 11.888302 1 0
5.74 -8.04 1.48 22.02 3.04 45.407997 11.888302 1 0
5.52 -7.99 1.78 22.11 3.04 45.407997 11.888302 1 0
5.82 -7.88 1.95 22.05 3.04 45.407997 11.888302 1 0
6.13 -7.59 2.04 22.0 3.04 45.407997 11.888302 1 0
6.22 -7.74 1.89 21.97 3.04 45.407997 11.888302 1 0
6.2 -7.84 1.81 22.54 3.04 45.407997 11.888302 1 0
6.11 -7.52 1.87 21.75 3.04 45.407997 11.888302 1 0
6.18 -7.52 1.77 22.16 3.04 45.407997 11.888302 1 0
6.04 -7.79 2.1 21.83 3.04 45.407997 11.888302 1 0
6.17 -7.88 1.89 21.92 2.76 45.407992 11.888264 0 0
