5.87 -8.09 1.77 22.33 2.82 45.408371 11.889924 1
5.68 -7.75 1.83 22.23 2.82 45.408371 11.889924 1
5.92 -7.42 1.99 21.87 2.82 45.408371 11.889924 1
5.95 -7.89 1.95 22.12 2.93 45.408365 11.889888 0
5.84 -8.6 2.09 22.09 2.93 45.408365 11.889888 1
5.54 -8.06 1.8 22.0 2.93 45.408365 11.889888 0
5.87 -7.98 1.97 22.0 2.93 45.408365 11.889888 1
5.47 -8.0 1.79 21.51 2.93 45.408365 11.889888 1
6.01 -7.84 1.31 21.92 2.93 45.408365 11.889888 1
6.02 -7.85 1.54 22.35 2.93 45.408365 11.889888 1
5.97 -8.06 1.82 21.93 2.93 45.408365 11.889888 1
6.25 -7.61 1.78 22.09 2.93 45.408365 11.889888 1
5.81 -7.6 1.85 22.04 2.93 45.408365 11.889888 1
6.04 -7.64 1.59 22.02 2.93 45.408365 11.889888 1
5.9 -7.96 1.7 21.97 2.93 45.408365 11.889888 1
5.9 -7.97 1.77 22.04 2.93 45.408365 11.889888 1
5.64 -7.79 1.76 22.14 2.93 45.408365 11.889888 1
5.97 -7.84 1.47 22.23 2.93 45.408365 11.889888 1
5.58 -7.88 1.44 22.17 2.93 45.408365 11.889888 1
5.9 -7.84 1.7 21.9 2.93 45.408365 11.889888 1
6.08 -8.02 1.84 21.97 2.63 45.408362 11.889856 0
6.1 -8.08 1.86 21.97 2.63 45.408362 11.889856 1
6.09 -7.73 2.02 21.99 2.63 45.408362 11.889856 0
6.01 -7.78 1.64 21.92 2.63 45.408362 11.889856 1
5.83 -7.65 2.06 21.93 2.63 45.408362 11.889856 1
5.94 -7.89 1.63 21.9 2.63 45.408362 11.889856 1
6.08 -7.98 1.83 21.51 2.63 45.408362 11.889856 1
5.88 -7.71 1.88 21.97 2.63 45.408362 11.889856 1
5.91 -8.04 2.05 22.02 2.63 45.408362 11.889856 1
5.72 -7.73 1.95 22.12 2.63 45.408362 11.889856 1
5.55 -7.79 1.81 23.34 2.63 45.408362 11.889856 1
5.97 -7.71 1.69 22.02 2.63 45.408362 11.889856 1
5.87 -8.16 1.79 21.56 2.63 45.408362 11.889856 1
6.07 -7.81 1.92 22.14 2.63 45.408362 11.889856 1
5.95 -7.62 1.65 22.23 2.63 45.408362 11.889856 1
