5.65 -8.0 1.8 22.23 3.11 45.408317 11.889709 1
5.98 -7.83 1.8 22.09 3.11 45.408317 11.889709 1
5.79 -7.92 1.9 21.97 3.11 45.408317 11.889709 1
6.31 -7.94 1.64 22.47 3.13 45.408308 11.889670 0
5.89 -7.97 1.64 22.02 3.13 45.408308 11.889670 1
5.94 -7.64 1.7 22.57 3.13 45.408308 11.889670 0
6.0 -7.86 1.81 22.02 3.13 45.408308 11.889670 1
6.14 -7.41 1.83 21.92 3.13 45.408308 11.889670 1
6.37 -8.45 2.08 21.83 3.13 45.408308 11.889670 1
5.7 -7.64 1.71 21.88 3.13 45.408308 11.889670 1
5.76 -7.9 1.42 21.81 3.13 45.408308 11.889670 1
5.42 -7.85 1.44 21.63 3.13 45.408308 11.889670 1
5.88 -7.98 1.59 21.99 3.13 45.408308 11.889670 1
6.09 -7.74 1.51 21.97 3.13 45.408308 11.889670 1
5.79 -7.85 1.62 22.12 3.13 45.408308 11.889670 1
5.78 -7.61 1.79 22.12 3.13 45.408308 11.889670 1
5.65 -7.59 1.98 22.04 3.13 45.408308 11.889670 1
6.04 -7.91 1.77 21.63 3.13 45.408308 11.889670 1
6.03 -7.91 2.09 22.43 3.13 45.408308 11.889670 1
6.04 -7.55 1.83 22.26 3.13 45.408308 11.889670 1
5.67 -7.45 1.93 22.36 3.3 45.408290 11.889631 0
6.06 -7.85 2.04 22.26 3.3 45.408290 11.889631 1
5.84 -7.85 2.06 22.24 3.3 45.408290 11.889631 0
5.95 -7.97 2.02 22.07 3.3 45.408290 11.889631 1
5.68 -7.86 1.87 21.61 3.3 45.408290 11.889631 1
5.6 -7.63 1.63 22.02 3.3 45.408290 11.889631 1
6.16 -7.95 1.52 21.92 3.3 45.408290 11.889631 1
5.91 -7.91 1.68 21.92 3.3 45.408290 11.889631 1
6.34 -7.45 1.78 21.95 3.3 45.408290 11.889631 1
6.02 -7.7 1.86 22.12 3.3 45.408290 11.889631 1
5.87 -7.53 1.81 22.07 3.3 45.408290 11.889631 1
6.07 -7.55 1.67 21.63 3.3 45.408290 11.889631 1
6.46 -8.09 1.41 21.95 3.3 45.408290 11.889631 1
6.14 -7.79 1.77 22.12 3.3 45.408290 11.889631 1
6.04 -7.85 1.48 22.23 3.3 45.408290 11.889631 1
