5.77 -7.73 1.47 22.48 2.23 45.408015 11.888609 1 0
5.75 -8.09 1.71 22.83 2.23 45.408015 11.888609 1 0
5.9 -7.67 2.05 22.0 2.23 45.408015 11.888609 1 0
6.39 -7.62 1.69 22.02 2.23 45.408015 11.888609 1 0
6.4 -7.61 1.84 22.07 2.23 45.408015 11.888609 1 0
6.04 -7.42 2.18 22.19 2.23 45.408015 11.888609 1 0
5.98 -7.55 1.85 22.0 2.23 45.408015 11.888609 1 0
6.2 -7.47 2.03 21.8 2.64 45.408023 11.888580 0 0
5.75 -8.02 2.02 21.35 2.64 45.408023 11.888580 1 0
6.01 -7.97 2.06 21.71 2.64 45.408023 11.888580 0 0
5.84 -7.74 1.57 21.9 2.64 45.408023 11.888580 1 0
5.66 -8.18 1.83 22.47 2.64 45.408023 11.888580 1 0
5.41 -7.79 1.91 22.88 2.64 45.408023 11.888580 1 0
5.9 -7.82 1.95 21.92 2.64 45.408023 11.888580 1 0
5.9 -7.83 1.81 21.78 2.64 45.408023 11.888580 1 0
6.0 -7.8 1.75 21.87 2.64 45.408023 11.888580 1 0
6.11 -7.91 1.58 22.04 2.64 45.408023 11.888580 1 0
6.11 -7.51 1.71 22.95 2.64 45.408023 11.888580 1 0
5.88 -7.74 1.87 22.16 2.64 45.408023 11.888580 1 0
6.11 -7.79 1.81 22.57 2.64 45.408023 11.888580 1 0
6.15 -7.69 1.4 22.07 2.64 45.408023 11.888580 1 0
5.88 -8.06 1.72 22.04 2.64 45.408023 11.888580 1 0
5.4 -8.12 1.3 22.52 2.64 45.408023 11.888580 1 0
5.56 -8.2 1.52 22.29 2.64 45.408023 11.888580 1 0
5.63 -7.71 1.69 21.9 2.64 45.408023 11.888580 1 0
5.9 -7.89 1.91 22.0 3.02 45.408034 11.888546 0 0
5.82 -7.77 1.95 21.95 3.02 45.408034 11.888546 1 0
5.88 -7.79 2.02 21.9 3.02 45.408034 11.888546 0 0
6.05 -7.67 2.03 21.8 3.02 45.408034 11.888546 1 0
6.28 -7.67 1.77 21.78 3.02 45.408034 11.888546 1 0
6.16 -7.7 1.59 21.9 3.02 45.408034 11.888546 1 0
5.74 -7.95 1.88 21.92 3.02 45.408034 11.888546 1 0
5.69 -7.95 1.92 22.38 3.02 45.408034 11.888546 1 0
5.86 -7.71 2.31 22.04 3.02 45.408034 11.888546 1 0
5.99 -7.55 2.4 22.54 3.02 45.408034 11.888546 1 0
