6.28 -7.54 1.76 21.9 3.52 45.407842 11.899712 1
6.02 -7.55 1.68 22.42 3.52 45.407842 11.899712 1
5.91 -7.46 1.62 21.71 3.52 45.407842 11.899712 1
6.18 -7.48 1.71 22.02 3.52 45.407842 11.899712 1
6.31 -7.81 1.77 22.0 3.52 45.407842 11.899712 1
5.95 -8.03 1.7 22.05 3.52 45.407842 11.899712 1
5.55 -7.94 1.67 22.11 3.52 45.407842 11.899712 1
5.55 -7.89 1.79 22.54 3.52 45.407842 11.899712 1
5.77 -7.96 1.96 21.99 3.52 45.407842 11.899712 1
5.89 -7.99 2.03 21.95 3.52 45.407842 11.899712 1
5.93 -7.93 1.98 21.59 3.52 45.407842 11.899712 1
5.91 -7.84 1.92 21.54 3.52 45.407842 11.899712 1
5.91 -7.67 2.01 21.49 3.25 45.407848 11.899754 0
6.07 -7.54 2.2 21.85 3.25 45.407848 11.899754 1
6.33 -7.56 2.27 21.37 3.25 45.407848 11.899754 0
6.43 -7.6 2.13 21.8 3.25 45.407848 11.899754 1
6.33 -7.51 2.0 21.9 3.25 45.407848 11.899754 1
6.14 -7.38 2.1 22.0 3.25 45.407848 11.899754 1
5.95 -7.46 2.25 21.83 3.25 45.407848 11.899754 1
5.85 -7.81 2.18 21.4 3.25 45.407848 11.899754 1
5.92 -8.07 1.98 21.56 3.25 45.407848 11.899754 1
5.96 -7.91 1.96 22.05 3.25 45.407848 11.899754 1
5.85 -7.66 2.06 22.11 3.25 45.407848 11.899754 1
5.8 -7.72 1.91 22.52 3.25 45.407848 11.899754 1
5.97 -7.84 1.57 22.02 3.25 45.407848 11.899754 1
6.07 -7.7 1.52 21.59 3.25 45.407848 11.899754 1
6.0 -7.6 1.85 22.0 3.25 45.407848 11.899754 1
6.11 -7.67 2.1 21.95 3.25 45.407848 11.899754 1
6.45 -7.57 1.96 21.73 3.25 45.407848 11.899754 1
6.51 -7.41 1.67 21.87 3.25 45.407848 11.899754 1
6.06 -7.66 1.62 21.87 3.25 45.407858 11.899793 0
5.54 -8.13 1.79 21.85 3.25 45.407858 11.899793 1
5.38 -8.27 1.92 21.84 3.25 45.407858 11.899793 1
5.45 -8.15 1.92 21.84 3.25 45.407858 11.899793 1
5.46 -8.16 1.89 21.85 3.25 45.407858 11.899793 1
