5.64 -8.36 1.83 21.87 2.56 45.407733 11.899173 0
5.96 -7.82 1.91 21.85 2.56 45.407733 11.899173 1
5.87 -7.76 1.83 21.97 2.56 45.407733 11.899173 1
5.67 -7.95 1.7 22.9 2.56 45.407733 11.899173 1
5.81 -7.92 1.71 23.27 2.56 45.407733 11.899173 1
6.15 -7.75 1.82 22.36 2.56 45.407733 11.899173 1
6.32 -7.75 1.88 22.36 2.56 45.407733 11.899173 1
6.28 -7.78 1.86 22.36 2.56 45.407733 11.899173 1
6.17 -7.63 1.88 22.31 2.56 45.407733 11.899173 1
5.9 -7.71 1.97 21.95 2.56 45.407733 11.899173 1
5.5 -8.22 1.97 22.36 2.56 45.407733 11.899173 1
5.32 -8.5 1.82 22.24 2.56 45.407733 11.899173 1
5.54 -8.13 1.7 21.88 2.56 45.407733 11.899173 0
5.87 -7.73 1.75 21.9 2.56 45.407733 11.899173 1
6.04 -7.71 1.84 25.12 2.56 45.407733 11.899173 0
6.13 -7.69 1.85 21.85 2.56 45.407733 11.899173 1
6.23 -7.6 1.88 22.19 2.56 45.407733 11.899173 1
6.26 -7.73 2.01 22.29 2.56 45.407733 11.899173 1
6.12 -7.88 2.08 21.87 2.56 45.407733 11.899173 1
5.87 -7.72 2.03 22.07 2.56 45.407733 11.899173 1
5.73 -7.64 1.98 22.02 2.56 45.407733 11.899173 1
5.76 -7.95 1.99 21.95 2.56 45.407733 11.899173 1
5.73 -8.23 1.94 22.86 2.56 45.407733 11.899173 1
5.44 -8.2 1.72 22.42 2.56 45.407733 11.899173 1
5.25 -8.09 1.51 21.92 2.56 45.407733 11.899173 1
5.5 -8.03 1.55 36.14 2.56 45.407733 11.899173 1
5.88 -7.93 1.74 21.95 2.56 45.407733 11.899173 1
6.01 -7.73 1.82 22.42 2.56 45.407733 11.899173 1
6.12 -7.46 1.82 21.76 2.56 45.407733 11.899173 1
6.32 -7.36 1.88 21.9 2.3 45.407739 11.899201 0
6.19 -7.68 1.87 22.14 2.3 45.407739 11.899201 1
5.8 -8.08 1.82 22.19 2.3 45.407739 11.899201 0
5.85 -8.02 2.06 22.11 2.3 45.407739 11.899201 1
6.29 -7.64 2.4 22.17 2.3 45.407739 11.899201 1
6.26 -7.49 2.18 21.92 2.3 45.407739 11.899201 1
