5.43 -8.22 1.9 21.85 3.25 45.407858 11.899793 1
5.44 -8.18 1.91 21.84 3.25 45.407858 11.899793 1
5.44 -8.16 1.9 21.86 3.25 45.407858 11.899793 1
5.43 -8.19 1.91 21.84 3.25 45.407858 11.899793 1
5.44 -8.18 1.91 21.85 3.25 45.407858 11.899793 1
5.45 -8.16 1.9 21.85 3.25 45.407858 11.899793 1
5.44 -8.18 1.89 21.86 3.25 45.407858 11.899793 1
5.43 -8.19 1.9 21.84 3.25 45.407858 11.899793 1
5.43 -8.17 1.9 21.85 3.25 45.407858 11.899793 1
5.43 -8.18 1.91 21.85 3.25 45.407858 11.899793 1
5.44 -8.2 1.9 21.85 3.25 45.407858 11.899793 1
5.44 -8.18 1.89 21.85 3.25 45.407858 11.899793 1
5.44 -8.17 1.89 21.85 3.25 45.407858 11.899793 1
5.44 -8.18 1.9 21.85 3.25 45.407858 11.899793 1
5.44 -8.18 1.9 21.85 3.25 45.407858 11.899793 1
5.44 -8.18 1.89 21.85 3.25 45.407858 11.899793 1
5.44 -8.18 1.9 21.84 3.25 45.407858 11.899793 1
5.44 -8.18 1.91 21.86 3.25 45.407858 11.899793 1
5.44 -8.18 1.9 21.85 3.25 45.407858 11.899793 1
5.44 -8.18 1.9 21.86 3.25 45.407858 11.899793 1
5.44 -8.19 1.91 21.84 3.25 45.407858 11.899793 1
5.44 -8.19 1.91 21.84 3.25 45.407858 11.899793 1
5.44 -8.19 1.9 21.84 3.25 45.407858 11.899793 1
5.44 -8.19 1.9 21.84 3.25 45.407858 11.899793 1
5.44 -8.17 1.9 21.84 3.25 45.407858 11.899793 1
5.44 -8.17 1.9 21.86 3.25 45.407858 11.899793 1
5.44 -8.18 1.9 21.85 3.25 45.407858 11.899793 1
5.43 -8.18 1.9 21.85 3.25 45.407858 11.899793 1
5.44 -8.17 1.91 21.86 3.25 45.407858 11.899793 1
5.44 -8.18 1.91 21.86 3.25 45.407858 11.899793 1
5.43 -8.18 1.9 21.84 3.25 45.407858 11.899793 1
5.43 -8.17 1.9 21.85 3.25 45.407858 11.899793 1
5.44 -8.18 1.9 21.86 3.25 45.407858 11.899793 1
5.44 -8.18 1.9 21.85 3.25 45.407858 11.899793 1
5.43 -8.18 1.9 21.85 3.25 45.407858 11.899793 1
