5.78 -7.81 1.68 22.17 2.86 45.408068 11.888513 1
5.98 -8.09 1.82 22.04 2.86 45.408068 11.888513 0
5.91 -8.21 1.99 23.07 2.86 45.408068 11.888513 1
5.78 -7.89 1.99 21.95 2.86 45.408068 11.888513 1
5.95 -7.48 1.76 22.64 2.86 45.408068 11.888513 1
6.15 -7.49 1.69 21.99 2.86 45.408068 11.888513 1
6.03 -7.7 1.92 21.97 2.86 45.408068 11.888513 1
5.8 -7.72 2.0 22.5 2.86 45.408068 11.888513 1
5.9 -7.76 1.84 22.4 2.86 45.408068 11.888513 1
6.13 -7.97 1.81 22.36 2.86 45.408068 11.888513 1
6.01 -7.99 1.88 22.02 2.86 45.408068 11.888513 1
5.67 -7.79 1.8 22.26 2.86 45.408068 11.888513 1
5.64 -7.76 1.81 22.19 2.86 45.408068 11.888513 1
5.93 -7.93 2.04 22.07 2.86 45.408068 11.888513 1
6.09 -8.07 2.05 22.02 2.86 45.408068 11.888513 1
6.05 -8.08 1.83 21.92 2.86 45.408068 11.888513 1
6.01 -7.93 1.84 22.33 2.86 45.408068 11.888513 1
5.96 -7.68 2.02 22.21 1.77 45.408074 11.888487 0
5.92 -7.7 1.89 21.8 1.77 45.408074 11.888487 1
6.0 -7.96 1.69 22.33 1.77 45.408074 11.888487 0
6.12 -8.05 1.82 21.92 1.77 45.408074 11.888487 1
6.01 -7.91 1.96 21.95 1.77 45.408074 11.888487 1
5.76 -7.92 1.85 22.0 1.77 45.408074 11.888487 1
5.64 -8.0 1.78 22.0 1.77 45.408074 11.888487 1
5.74 -7.94 1.84 22.48 1.77 45.408074 11.888487 1
5.94 -7.91 1.78 22.07 1.77 45.408074 11.888487 1
6.05 -7.92 1.65 22.47 1.77 45.408074 11.888487 1
5.98 -7.75 1.6 22.45 1.77 45.408074 11.888487 1
5.98 -7.67 1.54 22.02 1.77 45.408074 11.888487 1
6.26 -8.01 1.61 21.97 1.77 45.408074 11.888487 1
6.41 -8.18 1.89 28.21 1.77 45.408074 11.888487 1
6.09 -7.69 2.09 22.17 1.77 45.408074 11.888487 1
5.72 -7.29 2.02 22.57 1.77 45.408074 11.888487 1
5.75 -7.82 1.98 22.09 1.77 45.408074 11.888487 1
5.92 -8.58 2.02 21.93 3.25 45.408056 11.888446 0
