5.64 -8.39 1.69 21.99 2.76 45.408036 11.888365 1
5.6 -7.9 1.74 22.0 2.76 45.408036 11.888365 0
5.63 -7.66 1.89 21.95 2.76 45.408036 11.888365 1
6.03 -7.78 1.92 21.81 2.76 45.408036 11.888365 1
6.45 -7.9 1.7 21.76 2.76 45.408036 11.888365 1
6.23 -7.95 1.41 22.43 2.76 45.408036 11.888365 1
5.67 -7.84 1.43 22.04 2.76 45.408036 11.888365 1
5.53 -7.57 1.8 21.99 2.76 45.408036 11.888365 1
5.8 -7.7 2.08 21.83 2.76 45.408036 11.888365 1
5.94 -8.19 1.99 21.69 2.76 45.408036 11.888365 1
5.87 -8.09 1.79 21.45 2.76 45.408036 11.888365 1
5.66 -7.49 1.83 21.56 2.76 45.408036 11.888365 1
5.53 -7.41 1.97 22.23 2.76 45.408036 11.888365 1
5.92 -7.6 1.96 22.57 2.76 45.408036 11.888365 1
6.39 -7.54 1.8 22.72 2.76 45.408036 11.888365 1
6.02 -7.77 1.72 22.07 2.76 45.408036 11.888365 1
5.49 -7.98 1.84 21.97 1.16 45.408033 11.888343 0
5.79 -7.47 2.03 21.85 1.16 45.408033 11.888343 1
5.71 -7.61 1.94 21.61 1.16 45.408033 11.888343 0
4.83 -8.68 1.49 21.21 1.16 45.408033 11.888343 1
5.59 -8.36 1.16 20.51 1.16 45.408033 11.888343 1
7.79 -7.33 1.29 21.16 1.16 45.408033 11.888343 1
7.28 -8.07 1.58 23.55 1.16 45.408033 11.888343 1
4.24 -7.92 1.64 24.85 1.16 45.408033 11.888343 1
3.82 -4.99 1.44 24.71 1.16 45.408033 11.888343 1
6.45 -5.38 1.05 21.56 1.16 45.408033 11.888343 1
7.41 -11.16 0.77 20.39 1.16 45.408033 11.888343 1
5.9 -13.14 0.99 20.68 1.16 45.408033 11.888343 1
5.11 -7.78 1.37 21.83 1.16 45.408033 11.888343 1
5.6 -4.1 1.35 22.23 1.16 45.408033 11.888343 1
5.96 -6.38 1.34 22.02 1.16 45.408033 11.888343 1
6.26 -8.57 1.98 21.9 1.16 45.408033 11.888343 1
6.56 -8.05 2.53 21.73 1.16 45.408033 11.888343 1
6.08 -7.82 2.07 21.4 1.16 45.408033 11.888343 1
5.35 -8.04 1.41 22.11 1.76 45.408023 11.888318 0
