5.49 -7.56 1.66 21.9 1.76 45.408023 11.888318 1
5.98 -7.63 2.23 21.8 1.76 45.408023 11.888318 0
6.02 -8.25 2.13 21.39 1.76 45.408023 11.888318 1
5.97 -7.88 1.74 21.47 1.76 45.408023 11.888318 1
6.16 -7.21 1.79 21.99 1.76 45.408023 11.888318 1
6.24 -7.44 1.94 21.47 1.76 45.408023 11.888318 1
6.19 -7.74 1.73 21.47 1.76 45.408023 11.888318 1
6.26 -7.57 1.54 21.99 1.76 45.408023 11.888318 1
6.29 -7.6 1.67 22.09 1.76 45.408023 11.888318 1
6.13 -7.74 1.7 22.11 1.76 45.408023 11.888318 1
5.98 -7.69 1.4 22.07 1.76 45.408023 11.888318 1
5.9 -7.81 1.24 22.0 1.76 45.408023 11.888318 1
5.81 -8.07 1.55 21.61 1.76 45.408023 11.888318 1
5.8 -7.99 1.96 21.66 1.76 45.408023 11.888318 1
5.85 -7.78 2.06 22.12 1.76 45.408023 11.888318 1
5.87 -7.79 1.94 21.83 1.76 45.408023 11.888318 1
6.04 -7.74 1.88 22.33 1.76 45.408023 11.888318 1
6.38 -7.55 1.99 21.87 2.48 45.408003 11.888280 0
6.47 -7.51 2.09 21.51 2.48 45.408003 11.888280 1
6.18 -7.57 1.97 21.97 2.48 45.408003 11.888280 0
5.97 -7.56 1.69 21.92 2.48 45.408003 11.888280 1
6.0 -7.7 1.59 21.42 2.48 45.408003 11.888280 1
5.92 -7.98 1.75 21.37 2.48 45.408003 11.888280 1
5.69 -8.03 1.85 21.37 2.48 45.408003 11.888280 1
5.66 -7.86 1.74 21.93 2.48 45.408003 11.888280 1
5.84 -7.86 1.67 22.07 2.48 45.408003 11.888280 1
5.99 -7.9 1.78 22.09 2.48 45.408003 11.888280 1
6.06 -7.66 1.91 22.23 2.48 45.408003 11.888280 1
6.11 -7.43 1.99 22.17 2.48 45.408003 11.888280 1
6.14 -7.64 1.97 22.12 2.48 45.408003 11.888280 1
6.14 -7.95 1.82 21.99 2.48 45.408003 11.888280 1
6.14 -7.91 1.71 22.0 2.48 45.408003 11.888280 1
6.17 -7.7 1.74 22.11 2.48 45.408003 11.888280 1
6.17 -7.67 1.69 22.05 2.48 45.408003 11.888280 1
5.97 -7.73 1.49 22.02 2.01 45.407996 11.888252 0
