5.64 -7.88 1.5 21.45 2.01 45.407996 11.888252 1
5.61 -8.16 1.78 21.85 2.01 45.407996 11.888252 0
5.9 -8.21 1.97 21.87 2.01 45.407996 11.888252 1
6.02 -7.82 1.94 21.99 2.01 45.407996 11.888252 1
5.85 -7.48 1.88 22.0 2.01 45.407996 11.888252 1
5.85 -7.69 1.83 21.49 2.01 45.407996 11.888252 1
6.13 -8.07 1.79 21.8 2.01 45.407996 11.888252 1
6.33 -7.95 1.86 21.61 2.01 45.407996 11.888252 1
6.31 -7.49 1.93 22.07 2.01 45.407996 11.888252 1
6.18 -7.38 1.71 22.04 2.01 45.407996 11.888252 1
5.97 -7.78 1.39 22.02 2.01 45.407996 11.888252 1
5.81 -8.17 1.38 21.97 2.01 45.407996 11.888252 1
5.88 -8.18 1.6 21.57 2.01 45.407996 11.888252 1
6.0 -8.05 1.7 21.58 2.01 45.407996 11.888252 1
5.97 -8.06 1.65 21.57 2.01 45.407996 11.888252 1
5.92 -8.1 1.64 21.57 2.01 45.407996 11.888252 1
5.97 -8.07 1.67 21.57 2.01 45.407996 11.888252 1
5.99 -8.05 1.67 21.56 2.01 45.407996 11.888252 1
5.95 -8.08 1.65 21.57 2.01 45.407996 11.888252 1
5.96 -8.08 1.66 21.56 2.01 45.407996 11.888252 1
5.98 -8.06 1.66 21.57 2.01 45.407996 11.888252 1
5.97 -8.07 1.66 21.57 2.01 45.407996 11.888252 1
5.96 -8.08 1.67 21.58 2.01 45.407996 11.888252 1
5.97 -8.06 1.67 21.58 2.01 45.407996 11.888252 1
5.96 -8.06 1.66 21.56 2.01 45.407996 11.888252 1
5.95 -8.07 1.66 21.57 2.01 45.407996 11.888252 1
5.96 -8.07 1.66 21.58 2.01 45.407996 11.888252 1
5.97 -8.06 1.65 21.56 2.01 45.407996 11.888252 1
5.96 -8.06 1.66 21.56 2.01 45.407996 11.888252 1
5.96 -8.07 1.67 21.58 2.01 45.407996 11.888252 1
5.97 -8.07 1.66 21.57 2.01 45.407996 11.888252 1
5.96 -8.07 1.65 21.56 2.01 45.407996 11.888252 1
5.95 -8.08 1.66 21.58 2.01 45.407996 11.888252 1
5.95 -8.08 1.66 21.57 2.01 45.407996 11.888252 1
5.96 -8.07 1.65 21.56 2.01 45.407996 11.888252 1
