5.8 -8.0 1.77 22.24 2.15 45.408058 11.888574 1
5.69 -7.88 1.67 22.02 2.15 45.408058 11.888574 0
5.69 -7.72 1.66 22.02 2.15 45.408058 11.888574 1
5.96 -7.68 1.68 22.42 2.15 45.408058 11.888574 1
6.27 -7.72 1.72 21.39 2.15 45.408058 11.888574 1
6.21 -7.76 1.79 21.95 2.15 45.408058 11.888574 1
5.92 -7.78 1.81 21.56 2.15 45.408058 11.888574 1
5.93 -7.82 1.77 22.02 2.15 45.408058 11.888574 1
6.18 -7.85 1.76 22.02 2.15 45.408058 11.888574 1
6.18 -7.86 1.68 22.09 2.15 45.408058 11.888574 1
5.86 -7.87 1.55 22.52 2.15 45.408058 11.888574 1
5.63 -7.87 1.61 22.54 2.15 45.408058 11.888574 1
5.64 -7.86 1.86 22.04 2.15 45.408058 11.888574 1
5.82 -7.92 1.92 22.02 2.15 45.408058 11.888574 1
6.05 -7.98 1.7 22.0 2.15 45.408058 11.888574 1
6.12 -7.84 1.61 21.95 2.15 45.408058 11.888574 1
6.06 -7.53 1.85 22.11 1.69 45.408064 11.888550 0
6.09 -7.39 2.1 22.0 1.69 45.408064 11.888550 1
6.16 -7.63 2.08 21.92 1.69 45.408064 11.888550 1
6.08 -7.96 1.89 22.36 1.69 45.408064 11.888550 0
6.0 -7.98 1.77 22.0 1.69 45.408064 11.888550 1
6.02 -7.8 1.72 22.43 1.69 45.408064 11.888550 1
5.87 -7.77 1.68 22.14 1.69 45.408064 11.888550 1
5.59 -7.93 1.67 22.57 1.69 45.408064 11.888550 1
5.63 -8.01 1.71 21.61 1.69 45.408064 11.888550 1
5.92 -7.91 1.79 22.02 1.69 45.408064 11.888550 1
6.02 -7.8 1.84 22.29 1.69 45.408064 11.888550 1
5.95 -7.75 1.85 22.02 1.69 45.408064 11.888550 1
5.95 -7.67 1.82 22.07 1.69 45.408064 11.888550 1
5.92 -7.62 1.79 23.29 1.69 45.408064 11.888550 1
5.89 -7.72 1.8 22.42 1.69 45.408064 11.888550 1
6.09 -7.8 1.76 22.91 1.69 45.408064 11.888550 1
6.3 -7.72 1.61 22.52 1.69 45.408064 11.888550 1
6.1 -7.62 1.5 22.35 1.69 45.408064 11.888550 1
5.76 -7.65 1.56 21.95 2.86 45.408068 11.888513 0
