6.01 -7.62 1.92 21.87 3.09 45.407934 11.888158 1
5.99 -7.64 1.94 21.87 3.09 45.407934 11.888158 1
5.99 -7.63 1.93 21.87 3.09 45.407934 11.888158 1
6.01 -7.62 1.94 21.88 3.09 45.407934 11.888158 1
6.0 -7.62 1.94 21.87 3.09 45.407934 11.888158 1
6.01 -7.63 1.92 21.87 3.09 45.407934 11.888158 1
5.99 -7.62 1.92 21.87 3.09 45.407934 11.888158 1
6.0 -7.63 1.93 21.86 3.09 45.407934 11.888158 1
6.0 -7.62 1.93 21.87 3.09 45.407934 11.888158 1
6.0 -7.63 1.93 21.86 3.09 45.407934 11.888158 1
6.0 -7.63 1.93 21.87 3.09 45.407934 11.888158 1
6.01 -7.64 1.93 21.86 3.09 45.407934 11.888158 1
6.0 -7.63 1.92 21.86 3.09 45.407934 11.888158 1
6.0 -7.62 1.94 21.87 3.09 45.407934 11.888158 1
6.01 -7.64 1.94 21.87 3.09 45.407934 11.888158 1
6.0 -7.63 1.94 21.87 3.09 45.407934 11.888158 1
6.01 -7.63 1.93 21.88 3.09 45.407934 11.888158 1
6.0 -7.63 1.92 21.87 3.09 45.407934 11.888158 1
5.99 -7.63 1.93 21.88 3.09 45.407934 11.888158 1
6.0 -7.62 1.92 21.87 3.09 45.407934 11.888158 1
6.0 -7.63 1.93 21.88 3.09 45.407934 11.888158 1
6.0 -7.62 1.93 21.88 3.09 45.407934 11.888158 1
5.99 -7.64 1.93 21.86 3.09 45.407934 11.888158 1
6.01 -7.64 1.93 21.87 3.09 45.407934 11.888158 1
6.0 -7.63 1.92 21.88 3.09 45.407934 11.888158 1
6.0 -7.63 1.94 21.87 3.09 45.407934 11.888158 1
6.01 -7.63 1.94 21.87 3.09 45.407934 11.888158 1
6.0 -7.63 1.92 21.86 3.09 45.407934 11.888158 1
6.0 -7.64 1.93 21.87 3.09 45.407934 11.888158 1
6.01 -7.64 1.93 21.86 3.09 45.407934 11.888158 1
6.0 -7.62 1.94 21.86 3.09 45.407934 11.888158 1
6.0 -7.63 1.94 21.88 3.09 45.407934 11.888158 1
6.0 -7.64 1.93 21.86 3.09 45.407934 11.888158 1
6.01 -7.62 1.93 21.86 3.09 45.407934 11.888158 1
6.0 -7.63 1.94 21.87 3.09 45.407934 11.888158 1
