5.91 -7.51 1.29 22.4 1.95 45.408034 11.888675 0
5.97 -7.53 1.61 22.71 1.95 45.408034 11.888675 1
5.69 -7.29 2.37 22.66 1.95 45.408034 11.888675 1
5.97 -7.67 2.08 22.55 1.95 45.408034 11.888675 1
6.02 -8.12 2.02 21.92 1.95 45.408034 11.888675 1
6.24 -8.51 1.75 21.81 1.95 45.408034 11.888675 1
6.08 -8.12 1.73 21.9 1.95 45.408034 11.888675 1
6.08 -7.6 1.99 21.51 1.95 45.408034 11.888675 1
5.72 -7.95 2.06 22.31 1.95 45.408034 11.888675 1
6.09 -7.23 1.87 22.33 1.95 45.408034 11.888675 1
6.03 -7.9 1.75 21.95 1.95 45.408034 11.888675 1
5.75 -7.79 1.84 21.95 1.95 45.408034 11.888675 1
5.65 -7.98 1.9 22.12 1.95 45.408034 11.888675 1
5.55 -7.86 1.97 21.92 1.95 45.408034 11.888675 1
5.65 -7.89 1.65 21.95 1.95 45.408034 11.888675 0
5.93 -7.89 1.7 21.45 1.95 45.408034 11.888675 1
6.13 -7.74 1.95 21.85 1.95 45.408034 11.888675 0
6.17 -7.73 2.03 21.92 1.95 45.408034 11.888675 1
6.0 -7.63 1.77 21.95 1.95 45.408034 11.888675 1
6.1 -7.62 1.75 21.95 1.95 45.408034 11.888675 1
6.34 -7.83 1.84 21.95 1.95 45.408034 11.888675 1
6.07 -7.61 2.02 21.95 1.95 45.408034 11.888675 1
6.22 -7.6 1.75 22.11 1.95 45.408034 11.888675 1
6.11 -7.71 1.97 22.05 1.95 45.408034 11.888675 1
6.16 -7.8 1.72 22.48 1.95 45.408034 11.888675 1
5.78 -7.98 1.89 22.0 1.95 45.408034 11.888675 1
5.86 -8.03 1.55 22.11 1.95 45.408034 11.888675 1
5.76 -7.77 1.53 22.05 1.95 45.408034 11.888675 1
5.91 -7.82 1.74 22.11 1.95 45.408034 11.888675 1
6.14 -7.6 1.83 22.48 1.95 45.408034 11.888675 1
5.98 -8.07 1.64 21.9 1.95 45.408034 11.888675 1
5.78 -7.9 1.96 21.75 1.84 45.408041 11.888660 0
5.9 -8.04 1.92 21.8 1.84 45.408041 11.888660 1
6.11 -7.79 2.04 22.24 1.84 45.408041 11.888660 0
5.99 -7.66 1.94 21.85 1.84 45.408041 11.888660 1
