6.04 -8.18 1.88 22.29 3.05 45.406300 11.894262 1
5.81 -7.99 1.78 23.63 3.05 45.406300 11.894262 1
5.66 -7.35 1.46 22.98 3.05 45.406300 11.894262 1
5.48 -7.04 1.82 21.97 3.05 45.406300 11.894262 1
5.65 -8.0 2.18 21.69 3.05 45.406300 11.894262 1
6.28 -9.17 1.4 21.69 3.05 45.406300 11.894262 1
6.3 -8.75 0.63 21.66 3.05 45.406300 11.894262 1
5.46 -7.35 1.19 22.4 3.05 45.406300 11.894262 1
5.2 -6.95 1.86 22.47 3.05 45.406300 11.894262 1
5.86 -7.62 1.61 21.64 3.05 45.406300 11.894262 1
6.18 -8.14 1.42 21.25 3.05 45.406300 11.894262 1
6.01 -8.2 1.74 21.63 2.46 45.406298 11.894299 0
6.05 -8.02 1.83 21.93 2.46 45.406298 11.894299 1
6.0 -7.56 1.78 21.85 2.46 45.406298 11.894299 0
5.73 -7.19 1.92 21.8 2.46 45.406298 11.894299 1
5.94 -7.55 1.93 21.69 2.46 45.406298 11.894299 1
6.3 -8.29 1.79 21.88 2.46 45.406298 11.894299 1
5.93 -8.45 1.84 21.88 2.46 45.406298 11.894299 1
5.39 -7.92 1.78 21.68 2.46 45.406298 11.894299 1
5.41 -7.56 1.62 21.64 2.46 45.406298 11.894299 1
5.61 -7.74 1.9 21.54 2.46 45.406298 11.894299 1
5.81 -7.96 2.23 21.81 2.46 45.406298 11.894299 1
6.16 -7.89 2.01 21.64 2.46 45.406298 11.894299 1
6.12 -7.71 1.76 22.29 2.46 45.406298 11.894299 1
5.71 -7.68 1.83 23.22 2.46 45.406298 11.894299 1
5.74 -7.79 1.78 23.43 2.46 45.406298 11.894299 1
5.89 -7.89 1.71 22.52 2.46 45.406298 11.894299 1
5.59 -7.85 1.82 21.64 2.46 45.406298 11.894299 1
5.64 -8.02 1.68 21.49 1.25 45.406306 11.894316 0
5.89 -8.53 1.52 21.54 1.25 45.406306 11.894316 1
5.15 -8.12 1.82 23.07 1.25 45.406306 11.894316 0
4.8 -6.35 1.81 21.73 1.25 45.406306 11.894316 1
6.78 -6.03 1.43 21.13 1.25 45.406306 11.894316 1
8.59 -9.01 1.9 20.51 1.25 45.406306 11.894316 1
7.23 -11.25 2.25 21.93 1.25 45.406306 11.894316 1
