5.69 -7.97 1.88 21.93 2.01 45.406321 11.894451 1
5.6 -7.87 1.85 22.5 2.01 45.406321 11.894451 1
5.57 -7.77 1.69 22.19 2.01 45.406321 11.894451 1
5.58 -7.73 1.61 22.18 2.01 45.406321 11.894451 1
5.57 -7.73 1.63 22.2 2.01 45.406321 11.894451 1
5.56 -7.74 1.64 22.19 2.01 45.406321 11.894451 1
5.57 -7.74 1.63 22.19 2.01 45.406321 11.894451 1
5.57 -7.73 1.63 22.18 2.01 45.406321 11.894451 1
5.55 -7.72 1.64 22.2 2.01 45.406321 11.894451 1
5.55 -7.72 1.64 22.19 2.01 45.406321 11.894451 1
5.56 -7.72 1.63 22.2 2.01 45.406321 11.894451 1
5.55 -7.73 1.64 22.19 2.01 45.406321 11.894451 1
5.55 -7.73 1.64 22.19 2.01 45.406321 11.894451 1
5.56 -7.72 1.63 22.19 2.01 45.406321 11.894451 1
5.56 -7.72 1.63 22.2 2.01 45.406321 11.894451 1
5.56 -7.73 1.64 22.19 2.01 45.406321 11.894451 1
5.56 -7.73 1.64 22.2 2.01 45.406321 11.894451 1
5.56 -7.73 1.63 22.2 2.01 45.406321 11.894451 1
5.55 -7.73 1.63 22.19 2.01 45.406321 11.894451 1
5.55 -7.73 1.63 22.19 2.01 45.406321 11.894451 1
5.56 -7.73 1.62 22.18 2.01 45.406321 11.894451 1
5.56 -7.74 1.62 22.19 2.01 45.406321 11.894451 1
5.56 -7.74 1.63 22.19 2.01 45.406321 11.894451 1
5.56 -7.73 1.63 22.19 2.01 45.406321 11.894451 1
5.57 -7.73 1.62 22.19 2.01 45.406321 11.894451 1
5.57 -7.73 1.62 22.19 2.01 45.406321 11.894451 1
5.57 -7.73 1.63 22.19 2.01 45.406321 11.894451 1
5.56 -7.73 1.63 22.18 2.01 45.406321 11.894451 1
5.56 -7.74 1.63 22.19 2.01 45.406321 11.894451 1
5.56 -7.74 1.63 22.18 2.01 45.406321 11.894451 1
5.56 -7.73 1.63 22.19 2.01 45.406321 11.894451 1
5.56 -7.72 1.63 22.19 2.01 45.406321 11.894451 1
5.55 -7.73 1.64 22.2 2.01 45.406321 11.894451 1
5.56 -7.74 1.64 22.19 2.01 45.406321 11.894451 1
5.56 -7.72 1.62 22.19 2.01 45.406321 11.894451 1
