4.9 -8.4 0.99 25.26 1.25 45.406306 11.894316 1
4.49 -4.28 0.54 25.74 1.25 45.406306 11.894316 1
4.63 -5.76 2.89 23.98 1.25 45.406306 11.894316 1
4.25 -11.42 4.42 22.09 1.25 45.406306 11.894316 1
4.95 -13.64 2.66 20.41 1.25 45.406306 11.894316 1
6.27 -10.4 1.15 21.51 1.25 45.406306 11.894316 1
5.87 -6.63 1.74 22.4 1.25 45.406306 11.894316 1
4.58 -5.49 1.66 27.17 1.25 45.406306 11.894316 1
5.02 -5.96 0.72 22.81 1.25 45.406306 11.894316 1
6.69 -7.45 1.36 20.56 1.25 45.406306 11.894316 1
7.09 -9.45 2.48 20.22 1.25 45.406306 11.894316 1
5.75 -9.17 2.05 22.6 2.57 45.406314 11.894351 0
4.36 -6.01 1.54 24.35 2.57 45.406314 11.894351 1
4.67 -4.52 2.01 23.67 2.57 45.406314 11.894351 0
6.4 -7.17 2.04 23.8 2.57 45.406314 11.894351 1
7.06 -9.9 1.62 22.76 2.57 45.406314 11.894351 1
5.51 -9.25 1.92 22.42 2.57 45.406314 11.894351 1
4.52 -7.59 2.2 21.2 2.57 45.406314 11.894351 1
6.34 -7.7 1.66 20.13 2.57 45.406314 11.894351 1
8.44 -8.46 1.34 21.81 2.57 45.406314 11.894351 1
7.66 -8.06 1.49 23.39 2.57 45.406314 11.894351 1
5.32 -7.01 1.31 23.14 2.57 45.406314 11.894351 1
4.54 -6.7 1.38 22.4 2.57 45.406314 11.894351 1
5.54 -7.47 2.3 23.77 2.57 45.406314 11.894351 1
6.38 -8.41 2.7 22.04 2.57 45.406314 11.894351 1
6.04 -8.57 1.81 22.07 2.57 45.406314 11.894351 1
5.33 -8.03 1.1 22.93 2.57 45.406314 11.894351 1
5.41 -7.6 1.46 21.93 2.57 45.406314 11.894351 1
6.03 -7.82 1.9 21.28 2.99 45.406318 11.894391 0
6.14 -8.44 1.84 21.76 2.99 45.406318 11.894391 1
5.73 -8.61 1.89 21.8 2.99 45.406318 11.894391 0
5.52 -7.91 2.14 21.87 2.99 45.406318 11.894391 1
5.56 -7.16 2.09 22.64 2.99 45.406318 11.894391 1
5.71 -7.09 1.77 22.79 2.99 45.406318 11.894391 1
6.16 -7.34 1.66 22.21 2.99 45.406318 11.894391 1
