5.96 -7.75 1.86 22.21 2.15 45.406288 11.894190 1
5.8 -7.54 1.74 23.7 2.15 45.406288 11.894190 1
5.7 -7.61 1.73 22.19 2.15 45.406288 11.894190 1
5.79 -7.84 1.79 22.55 2.15 45.406288 11.894190 1
5.83 -8.03 1.83 23.75 2.15 45.406288 11.894190 1
5.73 -8.11 1.79 22.07 2.15 45.406288 11.894190 1
5.7 -8.08 1.73 22.16 2.15 45.406288 11.894190 1
5.83 -7.94 1.66 22.6 2.15 45.406288 11.894190 1
5.95 -7.82 1.56 22.91 2.15 45.406288 11.894190 1
5.97 -7.83 1.54 22.43 2.15 45.406288 11.894190 1
5.95 -7.8 1.83 22.62 2.15 45.406288 11.894190 1
5.91 -7.67 2.2 22.0 2.05 45.406296 11.894220 0
5.9 -7.61 2.11 23.1 2.05 45.406296 11.894220 1
5.94 -7.72 1.73 22.35 2.05 45.406296 11.894220 0
5.92 -7.81 1.67 22.35 2.05 45.406296 11.894220 1
5.88 -7.81 1.84 22.48 2.05 45.406296 11.894220 1
5.86 -7.86 1.73 22.04 2.05 45.406296 11.894220 1
5.74 -8.03 1.52 21.93 2.05 45.406296 11.894220 1
5.56 -8.07 1.64 21.93 2.05 45.406296 11.894220 1
5.63 -7.92 1.89 22.14 2.05 45.406296 11.894220 1
5.89 -7.86 1.87 21.75 2.05 45.406296 11.894220 1
5.98 -7.97 1.7 22.21 2.05 45.406296 11.894220 1
5.96 -8.03 1.61 21.78 2.05 45.406296 11.894220 1
6.07 -7.92 1.62 22.57 2.05 45.406296 11.894220 1
6.05 -7.87 1.74 22.12 2.05 45.406296 11.894220 1
5.73 -7.96 1.92 22.11 2.05 45.406296 11.894220 1
5.59 -7.96 2.0 22.14 2.05 45.406296 11.894220 1
5.77 -7.81 2.05 22.4 2.05 45.406296 11.894220 1
5.83 -7.84 2.11 21.45 3.05 45.406300 11.894262 0
5.73 -8.12 1.95 22.36 3.05 45.406300 11.894262 1
5.7 -8.18 1.73 22.45 3.05 45.406300 11.894262 0
5.58 -7.85 1.91 22.04 3.05 45.406300 11.894262 1
5.45 -7.63 2.13 22.48 3.05 45.406300 11.894262 1
5.7 -7.8 1.88 21.83 3.05 45.406300 11.894262 1
6.07 -8.06 1.68 22.91 3.05 45.406300 11.894262 1
