5.86 -7.39 1.55 21.9 3.0 45.408296 11.889779 1 1
5.73 -8.31 1.69 21.52 3.0 45.408296 11.889779 1 1
6.26 -7.81 1.87 21.47 3.0 45.408296 11.889779 0 1
5.99 -7.69 2.0 22.04 3.0 45.408296 11.889779 1 1
6.05 -7.91 1.49 22.0 3.0 45.408296 11.889779 1 1
6.05 -7.37 1.86 21.97 3.0 45.408296 11.889779 1 1
5.97 -7.94 1.93 21.49 3.0 45.408296 11.889779 1 1
5.71 -7.84 1.98 21.99 3.0 45.408296 11.889779 1 1
5.99 -8.15 2.19 22.09 3.0 45.408296 11.889779 1 1
5.7 -7.38 2.24 22.11 3.0 45.408296 11.889779 1 1
5.5 -8.0 1.6 21.71 3.0 45.408296 11.889779 1 1
5.8 -7.94 1.97 21.64 3.0 45.408296 11.889779 1 1
6.14 -8.01 1.65 21.59 3.0 45.408296 11.889779 1 1
6.13 -7.7 1.55 22.02 3.0 45.408296 11.889779 1 1
6.27 -7.78 1.59 22.14 3.0 45.408296 11.889779 1 1
6.04 -7.54 1.77 21.75 3.0 45.408296 11.889779 1 1
5.87 -7.79 1.42 21.87 3.0 45.408296 11.889779 1 1
6.22 -7.67 1.55 21.42 3.36 45.408277 11.889738 0 1
6.19 -7.89 1.79 21.78 3.36 45.408277 11.889738 1 1
6.17 -7.72 1.93 21.85 3.36 45.408277 11.889738 0 1
5.75 -8.1 1.54 22.0 3.36 45.408277 11.889738 1 1
5.27 -7.82 1.51 22.04 3.36 45.408277 11.889738 1 1
5.65 -8.64 1.76 21.47 3.36 45.408277 11.889738 1 1
5.55 -7.84 1.67 21.42 3.36 45.408277 11.889738 1 1
5.59 -8.05 1.56 21.93 3.36 45.408277 11.889738 1 1
5.46 -7.63 1.88 22.09 3.36 45.408277 11.889738 1 1
4.55 -6.29 1.74 21.54 3.36 45.408277 11.889738 1 1
5.77 -8.55 1.58 20.43 3.36 45.408277 11.889738 1 1
10.05 -6.72 2.59 20.67 3.36 45.408277 11.889738 1 1
5.07 -7.78 2.04 23.62 3.36 45.408277 11.889738 1 1
6.92 -8.55 2.62 25.21 3.36 45.408277 11.889738 1 1
3.57 -4.34 1.53 23.29 3.36 45.408277 11.889738 1 1
11.01 -14.67 2.41 26.67 3.36 45.408277 11.889738 1 1
6.03 -11.22 1.43 22.11 3.36 45.408277 11.889738 1 1
5.26 -6.73 0.94 21.61 3.05 45.408265 11.889699 0 1
