5.72 -8.34 1.72 21.95 1.7 45.408350 11.889965 1 0
5.67 -7.91 1.63 22.04 1.7 45.408350 11.889965 0 0
5.43 -7.21 1.84 21.47 1.7 45.408350 11.889965 1 0
6.34 -7.88 1.76 21.73 1.7 45.408350 11.889965 1 0
6.59 -7.87 2.0 21.44 1.7 45.408350 11.889965 1 0
6.35 -7.48 1.74 21.99 1.7 45.408350 11.889965 1 0
5.44 -7.77 1.66 22.0 1.7 45.408350 11.889965 1 0
5.84 -7.69 1.79 21.45 1.7 45.408350 11.889965 1 0
6.02 -8.21 1.72 21.56 1.7 45.408350 11.889965 1 0
6.06 -7.93 1.96 22.14 1.7 45.408350 11.889965 1 0
5.06 -8.15 1.79 22.26 1.7 45.408350 11.889965 1 0
5.49 -7.82 2.0 21.69 1.7 45.408350 11.889965 1 0
5.73 -7.8 1.87 21.56 1.7 45.408350 11.889965 1 0
6.33 -8.04 1.52 22.09 1.7 45.408350 11.889965 1 0
6.11 -7.82 2.05 22.24 1.7 45.408350 11.889965 1 0
5.93 -7.47 1.93 22.09 1.7 45.408350 11.889965 1 0
5.84 -7.62 2.14 21.8 1.7 45.408350 11.889965 1 0
6.12 -7.92 1.73 21.37 1.98 45.408347 11.889937 0 0
6.14 -7.94 1.97 21.78 1.98 45.408347 11.889937 1 0
5.91 -7.68 2.12 21.45 1.98 45.408347 11.889937 0 0
5.71 -8.22 1.94 21.54 1.98 45.408347 11.889937 1 0
5.79 -7.89 1.93 21.99 1.98 45.408347 11.889937 1 0
5.44 -7.83 1.65 21.52 1.98 45.408347 11.889937 1 0
5.7 -8.03 1.72 21.54 1.98 45.408347 11.889937 1 0
5.83 -7.92 1.82 21.85 1.98 45.408347 11.889937 1 0
6.16 -7.9 1.76 22.09 1.98 45.408347 11.889937 1 0
5.93 -7.75 1.78 22.14 1.98 45.408347 11.889937 1 0
5.93 -7.49 1.89 22.14 1.98 45.408347 11.889937 1 0
5.87 -7.78 1.78 22.04 1.98 45.408347 11.889937 1 0
6.11 -7.91 2.04 21.97 1.98 45.408347 11.889937 1 0
6.1 -8.18 1.74 22.04 1.98 45.408347 11.889937 1 0
5.68 -7.7 2.07 22.14 1.98 45.408347 11.889937 1 0
5.67 -7.71 1.78 22.6 1.98 45.408347 11.889937 1 0
5.69 -8.34 1.63 22.0 1.98 45.408347 11.889937 1 0
5.41 -8.22 1.66 22.31 1.99 45.408344 11.889909 0 0
