7.07 -7.30 1.10 21.68 1.42 45.395882 11.875905 0
6.06 -7.56 1.48 21.54 1.42 45.395882 11.875905 0
5.40 -8.90 1.68 21.80 1.42 45.395882 11.875905 0
5.14 -8.17 1.51 21.85 1.42 45.395882 11.875905 0
6.27 -7.88 1.96 21.76 1.42 45.395882 11.875905 0
6.48 -7.51 1.50 21.76 1.42 45.395882 11.875905 0
7.20 -7.37 1.76 21.44 1.42 45.395882 11.875905 0
7.81 -6.67 1.32 21.88 1.42 45.395882 11.875905 0
7.71 -7.02 0.45 21.49 1.42 45.395882 11.875905 0
7.31 -7.09 0.64 21.80 1.42 45.395882 11.875905 0
6.51 -8.15 0.23 21.63 1.42 45.395882 11.875905 0
6.45 -8.42 0.63 21.03 1.42 45.395882 11.875905 0
6.02 -8.49 0.91 21.61 2.55 45.395894 11.875922 1
6.32 -7.04 1.41 21.57 2.55 45.395894 11.875922 0
6.19 -8.11 1.37 21.56 2.55 45.395894 11.875922 1
4.73 -8.66 2.48 21.64 2.55 45.395894 11.875922 0
4.79 -8.63 2.53 21.80 2.55 45.395894 11.875922 0
5.97 -7.79 2.49 21.73 2.55 45.395894 11.875922 0
6.46 -7.16 2.55 21.56 2.55 45.395894 11.875922 0
7.52 -7.20 2.63 21.33 2.55 45.395894 11.875922 0
7.62 -6.88 2.83 21.40 2.55 45.395894 11.875922 0
7.41 -7.21 2.42 21.40 2.55 45.395894 11.875922 0
6.92 -7.40 2.16 21.54 2.55 45.395894 11.875922 0
5.83 -8.09 1.57 22.11 2.55 45.395894 11.875922 0
5.80 -8.36 1.23 21.33 2.55 45.395894 11.875922 0
6.26 -7.67 1.41 21.52 2.55 45.395894 11.875922 0
6.13 -7.56 0.61 22.05 2.55 45.395894 11.875922 0
5.71 -8.22 0.58 22.36 2.55 45.395894 11.875922 0
5.17 -8.33 1.38 21.56 2.55 45.395894 11.875922 0
5.73 -8.25 0.85 21.32 2.55 45.395894 11.875922 0
5.88 -7.27 1.59 21.47 3.11 45.395910 11.875953 1
7.07 -7.19 1.27 21.71 3.11 45.395910 11.875953 0
7.12 -6.93 1.90 21.63 3.11 45.395910 11.875953 1
6.69 -7.35 2.46 21.75 3.11 45.395910 11.875953 0
6.25 -7.88 2.80 21.28 3.11 45.395910 11.875953 0
6.05 -7.78 2.21 21.68 3.11 45.395910 11.875953 0
6.12 -8.20 2.08 21.85 3.11 45.395910 11.875953 0
5.56 -7.65 2.02 21.69 3.11 45.395910 11.875953 0
6.24 -7.29 2.63 22.52 3.11 45.395910 11.875953 0
6.42 -7.48 1.58 22.09 3.11 45.395910 11.875953 0
4.70 -7.66 1.51 21.54 3.11 45.395910 11.875953 0
5.62 -8.74 1.01 21.76 3.11 45.395910 11.875953 0
3.19 -5.71 1.25 21.71 3.11 45.395910 11.875953 0
6.59 -11.40 1.59 19.40 3.11 45.395910 11.875953 0
8.50 -9.26 1.86 19.76 3.11 45.395910 11.875953 0
8.01 -5.37 1.07 28.76 3.11 45.395910 11.875953 0
5.18 -8.07 1.11 26.00 3.11 45.395910 11.875953 0
0.45 0.71 1.02 28.49 3.63 45.395932 11.875986 1
11.09 -17.74 7.42 27.20 3.63 45.395932 11.875986 0
4.60 -7.50 -1.62 25.55 3.63 45.395932 11.875986 1
5.95 -11.68 3.22 23.86 3.63 45.395932 11.875986 0
4.65 -9.29 0.49 22.69 3.63 45.395932 11.875986 0
4.63 -5.37 0.57 23.96 3.63 45.395932 11.875986 0
3.79 -4.76 3.41 324.94 3.63 45.395932 11.875986 0
4.93 -3.54 -0.18 22.71 3.63 45.395932 11.875986 0
8.68 -9.00 -0.28 23.36 3.63 45.395932 11.875986 0
5.80 -9.44 1.53 23.19 3.63 45.395932 11.875986 0
2.52 -7.61 4.54 24.04 3.63 45.395932 11.875986 0
3.70 -7.72 3.14 26.05 3.63 45.395932 11.875986 0
8.76 -6.93 3.34 22.71 3.63 45.395932 11.875986 0
7.69 -10.53 2.13 23.67 3.63 45.395932 11.875986 0
2.76 -3.71 3.34 23.14 3.37 45.395960 11.876008 1
7.71 -7.88 0.59 23.29 3.37 45.395960 11.876008 0
7.34 -7.05 4.77 25.76 3.37 45.395960 11.876008 1
1.45 -6.36 3.55 23.46 3.37 45.395960 11.876008 0
5.82 -8.90 1.90 22.64 3.37 45.395960 11.876008 0
5.03 -9.29 1.29 23.91 3.37 45.395960 11.876008 0
5.43 -6.62 1.50 21.93 3.37 45.395960 11.876008 0
5.13 -10.84 1.36 24.23 3.37 45.395960 11.876008 0
5.57 -10.99 -0.05 24.99 3.37 45.395960 11.876008 0
5.19 -4.85 0.54 24.18 3.37 45.395960 11.876008 0
7.81 -5.80 -0.28 28.40 3.37 45.395960 11.876008 0
3.58 -8.02 8.52 27.22 3.37 45.395960 11.876008 0
6.79 -8.57 -2.51 25.11 3.37 45.395960 11.876008 0
2.81 -8.16 4.53 23.43 3.37 45.395960 11.876008 0
8.58 -11.01 2.11 24.01 3.37 45.395960 11.876008 0
3.04 -8.82 5.16 23.62 3.37 45.395960 11.876008 0
6.82 -5.77 5.75 22.35 3.37 45.395960 11.876008 0
6.71 -8.38 -0.05 23.55 3.58 45.395992 11.876020 1
5.27 -7.17 3.89 22.00 3.58 45.395992 11.876020 0
6.55 -7.94 1.63 26.72 3.58 45.395992 11.876020 0
5.38 -7.12 3.38 31.32 3.58 45.395992 11.876020 1
6.27 -4.77 0.97 25.79 3.58 45.395992 11.876020 0
4.66 -7.16 2.11 21.97 3.58 45.395992 11.876020 0
6.54 -9.12 1.44 22.79 3.58 45.395992 11.876020 0
4.52 -10.22 2.89 579.60 3.58 45.395992 11.876020 0
6.53 -10.99 1.15 21.49 3.58 45.395992 11.876020 0
5.95 -7.10 -0.96 22.09 3.58 45.395992 11.876020 0
4.03 -7.72 1.56 22.95 3.58 45.395992 11.876020 0
6.80 -7.73 2.86 24.15 3.58 45.395992 11.876020 0
5.70 -7.22 1.07 27.73 3.58 45.395992 11.876020 0
5.19 -7.66 0.44 23.38 3.58 45.395992 11.876020 0
7.43 -7.75 1.66 23.24 3.58 45.395992 11.876020 0
5.23 -8.37 2.94 27.70 3.58 45.395992 11.876020 0
6.59 -6.97 4.21 25.78 3.58 45.395992 11.876020 0
5.44 -8.16 1.84 274.04 2.22 45.396010 11.876033 1
5.96 -8.43 -2.44 23.65 2.22 45.396010 11.876033 1
6.26 -7.88 3.91 26.03 2.22 45.396010 11.876033 0
5.01 -7.17 2.97 23.70 2.22 45.396010 11.876033 0
6.51 -5.43 1.69 23.67 2.22 45.396010 11.876033 0
5.04 -8.34 3.85 25.47 2.22 45.396010 11.876033 0
4.52 -7.12 1.70 22.76 2.22 45.396010 11.876033 0
5.09 -8.62 2.70 310.26 2.22 45.396010 11.876033 0
6.16 -11.01 0.89 22.98 2.22 45.396010 11.876033 0
5.83 -7.84 1.12 24.75 2.22 45.396010 11.876033 0
6.35 -9.07 0.56 23.51 2.22 45.396010 11.876033 0
4.49 -3.52 1.89 22.17 3.14 45.396042 11.876043 1
6.46 -7.45 1.09 25.95 3.14 45.396042 11.876043 0
4.01 -8.19 2.20 23.58 3.14 45.396042 11.876043 1
3.71 -5.97 0.10 24.08 3.14 45.396042 11.876043 0
5.59 -7.60 1.61 24.37 3.14 45.396042 11.876043 0
8.11 -9.54 3.09 24.32 3.14 45.396042 11.876043 0
3.33 -6.43 4.23 23.72 3.14 45.396042 11.876043 0
7.65 -9.14 1.64 25.57 3.14 45.396042 11.876043 0
6.86 -8.38 1.77 22.95 3.14 45.396042 11.876043 0
5.58 -7.70 1.87 24.27 3.14 45.396042 11.876043 0
5.06 -5.83 1.62 23.84 3.14 45.396042 11.876043 0
6.37 -9.00 2.74 23.08 3.14 45.396042 11.876043 0
6.17 -8.22 2.08 24.78 3.14 45.396042 11.876043 0
4.41 -6.09 2.25 1344.53 3.14 45.396042 11.876043 0
6.49 -10.82 1.24 23.24 3.14 45.396042 11.876043 0
4.77 -8.31 0.61 24.94 3.14 45.396042 11.876043 0
5.70 -6.51 1.22 23.51 3.82 45.396075 11.876058 1
6.96 -5.82 1.17 23.31 3.82 45.396075 11.876058 0
6.00 -7.44 1.94 23.75 3.82 45.396075 11.876058 1
5.97 -8.31 2.14 23.58 3.82 45.396075 11.876058 0
6.33 -7.70 1.32 23.60 3.82 45.396075 11.876058 0
6.21 -7.06 2.19 24.01 3.82 45.396075 11.876058 0
6.88 -8.09 0.33 24.80 3.82 45.396075 11.876058 0
6.53 -8.86 1.73 280.76 3.82 45.396075 11.876058 0
7.19 -8.90 2.05 22.04 3.82 45.396075 11.876058 0
6.02 -8.23 -1.43 24.94 3.82 45.396075 11.876058 0
4.89 -8.49 2.06 23.74 3.82 45.396075 11.876058 0
4.83 -6.30 1.75 22.55 3.82 45.396075 11.876058 0
3.74 -6.98 1.30 26.05 3.82 45.396075 11.876058 0
7.18 -10.94 1.71 22.81 3.82 45.396075 11.876058 0
6.08 -8.08 1.17 23.41 3.23 45.396107 11.876080 1
7.85 -9.40 -0.63 28.85 3.23 45.396107 11.876080 0
