5.67 -7.66 1.44 21.69 1.53 45.395895 11.875900 0
5.14 -8.67 1.91 22.11 1.53 45.395895 11.875900 0
5.40 -8.57 0.32 21.56 1.53 45.395895 11.875900 0
5.54 -8.01 1.66 21.56 2.43 45.395911 11.875903 1
6.07 -7.80 1.62 21.52 2.43 45.395911 11.875903 0
6.42 -7.11 1.72 21.83 2.43 45.395911 11.875903 1
7.44 -7.14 1.41 21.40 2.43 45.395911 11.875903 0
7.99 -6.84 0.96 21.37 2.43 45.395911 11.875903 0
8.04 -6.31 1.37 21.40 2.43 45.395911 11.875903 0
8.28 -6.43 0.89 21.37 2.43 45.395911 11.875903 0
6.85 -7.00 0.93 21.57 2.43 45.395911 11.875903 0
5.75 -7.92 1.41 21.64 2.43 45.395911 11.875903 0
5.46 -8.44 1.09 21.54 2.43 45.395911 11.875903 0
5.65 -8.09 1.57 21.59 2.43 45.395911 11.875903 0
5.64 -8.38 1.78 21.64 2.43 45.395911 11.875903 0
5.11 -8.05 2.21 21.69 2.43 45.395911 11.875903 0
5.26 -8.27 2.04 22.17 2.43 45.395911 11.875903 0
5.36 -7.93 1.73 22.07 2.43 45.395911 11.875903 0
6.32 -7.49 2.21 22.00 2.43 45.395911 11.875903 0
7.24 -7.45 2.67 21.63 2.43 45.395911 11.875903 0
7.58 -6.20 2.91 21.59 2.43 45.395911 11.875903 0
8.16 -6.58 2.92 22.36 2.91 45.395934 11.875919 1
7.45 -6.98 2.44 21.69 2.91 45.395934 11.875919 0
6.52 -7.04 2.01 21.64 2.91 45.395934 11.875919 1
5.68 -7.78 1.50 21.32 2.91 45.395934 11.875919 0
5.92 -8.02 1.03 21.83 2.91 45.395934 11.875919 0
6.79 -7.80 0.96 21.85 2.91 45.395934 11.875919 0
6.37 -7.10 1.24 21.87 2.91 45.395934 11.875919 0
5.14 -8.27 1.82 21.64 2.91 45.395934 11.875919 0
4.79 -8.78 1.40 21.59 2.91 45.395934 11.875919 0
5.49 -8.59 1.20 21.61 2.91 45.395934 11.875919 0
6.44 -7.44 1.11 21.64 2.91 45.395934 11.875919 0
6.91 -7.33 1.61 21.80 2.91 45.395934 11.875919 0
6.70 -6.90 2.27 21.75 2.91 45.395934 11.875919 0
6.54 -7.18 2.20 22.09 2.91 45.395934 11.875919 0
6.05 -7.74 1.53 21.49 2.91 45.395934 11.875919 0
6.18 -8.06 1.45 21.95 2.91 45.395934 11.875919 0
5.77 -7.79 1.69 21.88 2.91 45.395934 11.875919 0
5.60 -7.82 2.10 21.59 3.41 45.395956 11.875946 1
5.42 -8.09 1.68 21.52 3.41 45.395956 11.875946 0
2.56 -6.09 1.83 20.85 3.41 45.395956 11.875946 1
8.35 -11.31 2.15 20.03 3.41 45.395956 11.875946 0
5.39 -9.92 1.79 19.50 3.41 45.395956 11.875946 0
7.60 -6.46 1.65 21.13 3.41 45.395956 11.875946 0
5.87 -6.15 2.32 25.66 3.41 45.395956 11.875946 0
4.82 -3.92 1.16 26.77 3.41 45.395956 11.875946 0
9.94 -10.67 1.21 24.63 3.41 45.395956 11.875946 0
2.95 -5.15 3.60 23.38 3.41 45.395956 11.875946 0
4.90 -11.91 4.56 21.80 3.41 45.395956 11.875946 0
5.92 -11.65 4.79 21.85 3.41 45.395956 11.875946 0
5.56 -6.71 1.29 22.71 3.41 45.395956 11.875946 0
5.57 -6.08 5.28 24.03 3.41 45.395956 11.875946 0
3.82 -5.46 1.06 23.41 3.41 45.395956 11.875946 0
5.45 -9.50 8.70 27.94 3.41 45.395956 11.875946 0
5.10 -10.27 -1.83 23.87 3.41 45.395956 11.875946 0
5.73 -8.12 -1.70 22.91 2.21 45.395964 11.875972 1
4.77 -9.34 8.26 23.46 2.21 45.395964 11.875972 0
7.57 -6.83 0.75 22.71 2.21 45.395964 11.875972 0
4.66 -7.30 1.63 24.23 2.21 45.395964 11.875972 1
6.70 -7.42 -0.19 299.51 2.21 45.395964 11.875972 0
7.50 -11.57 1.65 22.05 2.21 45.395964 11.875972 0
6.03 -5.18 1.74 23.26 2.21 45.395964 11.875972 0
2.36 -5.60 2.14 27.15 2.21 45.395964 11.875972 0
6.36 -6.92 3.06 24.39 2.21 45.395964 11.875972 0
5.06 -7.72 4.55 26.67 2.21 45.395964 11.875972 0
8.09 -10.53 -0.50 23.48 2.21 45.395964 11.875972 0
6.04 -8.56 1.65 23.92 2.21 45.395964 11.875972 0
3.83 -5.61 2.08 26.19 2.21 45.395964 11.875972 0
5.13 -9.86 3.41 27.95 2.21 45.395964 11.875972 0
6.46 -6.71 0.83 25.11 3.12 45.395985 11.875998 1
6.98 -8.26 1.90 24.68 3.12 45.395985 11.875998 0
3.45 -7.34 2.43 24.03 3.12 45.395985 11.875998 1
5.79 -8.72 -2.05 21.85 3.12 45.395985 11.875998 0
5.61 -9.49 7.65 25.76 3.12 45.395985 11.875998 0
6.93 -8.29 0.46 23.87 3.12 45.395985 11.875998 0
6.97 -8.31 3.59 188.62 3.12 45.395985 11.875998 0
5.91 -6.84 3.90 22.62 3.12 45.395985 11.875998 0
7.33 -9.14 -0.79 23.77 3.12 45.395985 11.875998 0
5.96 -8.84 0.96 23.07 3.12 45.395985 11.875998 0
5.37 -7.23 2.43 26.03 3.12 45.395985 11.875998 0
4.81 -8.58 1.24 24.59 3.12 45.395985 11.875998 0
5.44 -9.59 2.60 24.37 3.12 45.395985 11.875998 0
5.75 -9.57 0.24 22.93 3.12 45.395985 11.875998 0
6.83 -9.13 0.81 23.55 3.12 45.395985 11.875998 0
5.18 -7.46 1.51 286.56 3.01 45.396007 11.876026 1
8.95 -8.86 0.59 24.49 3.01 45.396007 11.876026 1
5.21 -9.08 1.57 23.14 3.01 45.396007 11.876026 0
4.98 -11.01 4.83 25.60 3.01 45.396007 11.876026 0
3.20 -7.88 -0.14 23.00 3.01 45.396007 11.876026 0
5.13 -5.92 1.92 32.05 3.01 45.396007 11.876026 0
6.03 -7.24 -0.34 24.13 3.01 45.396007 11.876026 0
4.78 -8.58 2.09 297.16 3.01 45.396007 11.876026 0
5.30 -4.54 2.12 22.12 3.01 45.396007 11.876026 0
5.56 -9.42 0.64 24.34 3.01 45.396007 11.876026 0
5.60 -5.10 -0.16 31.71 3.01 45.396007 11.876026 0
6.57 -6.42 0.18 26.21 3.01 45.396007 11.876026 0
7.30 -8.19 0.76 24.61 3.01 45.396007 11.876026 0
5.19 -8.69 2.40 23.87 3.34 45.396037 11.876040 1
5.44 -12.19 3.61 25.36 3.34 45.396037 11.876040 0
5.10 -5.21 2.53 23.38 3.34 45.396037 11.876040 1
7.63 -10.18 4.88 25.71 3.34 45.396037 11.876040 0
4.65 -3.97 3.13 27.06 3.34 45.396037 11.876040 0
4.76 -8.38 2.22 22.62 3.34 45.396037 11.876040 0
7.13 -10.09 1.41 25.18 3.34 45.396037 11.876040 0
3.73 -7.49 2.19 23.46 3.34 45.396037 11.876040 0
4.58 -9.05 2.59 23.67 3.34 45.396037 11.876040 0
7.29 -7.41 1.17 22.36 3.34 45.396037 11.876040 0
5.65 -5.34 0.43 25.45 3.34 45.396037 11.876040 0
4.73 -9.07 2.38 27.39 3.34 45.396037 11.876040 0
5.76 -6.48 1.89 1187.95 3.34 45.396037 11.876040 0
9.24 -7.68 1.72 23.60 3.34 45.396037 11.876040 0
7.13 -7.98 -1.32 25.35 3.34 45.396037 11.876040 0
5.61 -8.15 2.94 26.48 3.57 45.396069 11.876059 1
6.21 -10.87 -0.88 26.15 3.57 45.396069 11.876059 0
4.43 -6.23 1.17 28.21 3.57 45.396069 11.876059 1
6.38 -7.99 1.95 22.95 3.57 45.396069 11.876059 0
4.91 -6.15 -0.53 22.83 3.57 45.396069 11.876059 0
9.11 -6.98 0.03 989.90 3.57 45.396069 11.876059 0
6.32 -6.27 2.58 23.17 3.57 45.396069 11.876059 0
7.03 -8.91 0.93 22.91 3.57 45.396069 11.876059 0
5.48 -6.59 2.40 22.60 3.57 45.396069 11.876059 0
5.18 -8.36 2.12 22.52 3.57 45.396069 11.876059 0
7.33 -10.22 0.72 22.66 3.57 45.396069 11.876059 0
4.11 -6.25 1.56 23.02 3.57 45.396069 11.876059 0
6.68 -7.27 3.10 24.28 3.57 45.396069 11.876059 0
5.59 -5.95 1.43 25.21 3.57 45.396069 11.876059 0
6.44 -8.38 2.93 24.49 3.57 45.396069 11.876059 0
5.43 -7.96 0.36 23.92 3.57 45.396069 11.876059 0
6.85 -7.00 1.59 23.55 3.54 45.396101 11.876080 1
7.58 -6.30 -0.24 23.51 3.54 45.396101 11.876080 0
5.43 -6.64 0.69 26.62 3.54 45.396101 11.876080 1
5.50 -6.18 1.27 23.80 3.54 45.396101 11.876080 0
7.43 -9.34 0.51 23.39 3.54 45.396101 11.876080 0
7.45 -10.00 2.42 24.16 3.54 45.396101 11.876080 0
5.39 -8.58 1.11 24.54 3.54 45.396101 11.876080 0
5.54 -8.24 3.48 23.98 3.54 45.396101 11.876080 0
4.12 -8.05 1.93 21.87 3.54 45.396101 11.876080 0
4.35 -5.94 -0.63 24.37 3.54 45.396101 11.876080 0
3.76 -6.82 2.75 23.87 3.54 45.396101 11.876080 0
6.65 -6.51 1.83 23.38 3.54 45.396101 11.876080 0
4.88 -6.97 3.14 23.19 3.54 45.396101 11.876080 0
7.30 -8.28 2.22 24.08 3.54 45.396101 11.876080 0
6.02 -10.78 0.85 22.45 3.54 45.396101 11.876080 0
5.86 -10.42 0.56 24.64 3.54 45.396101 11.876080 0
6.92 -8.46 2.21 23.08 3.54 45.396101 11.876080 0
6.22 -5.23 0.78 25.95 3.54 45.396101 11.876080 0
6.87 -7.21 4.27 23.94 3.90 45.396136 11.876094 1
3.74 -4.47 -0.00 23.79 3.90 45.396136 11.876094 0
5.25 -10.20 1.22 22.71 3.90 45.396136 11.876094 1
