5.45 -7.03 2.24 23.12 2.78 45.877633 12.307448 0
6.37 -7.49 2.61 22.74 2.78 45.877633 12.307448 1
6.45 -7.00 2.30 23.82 2.78 45.877633 12.307448 0
7.05 -7.35 1.78 23.87 2.78 45.877633 12.307448 0
6.69 -7.78 1.40 23.60 2.78 45.877633 12.307448 0
6.31 -7.17 1.41 26.31 2.78 45.877633 12.307448 0
6.21 -7.59 2.73 22.69 2.78 45.877633 12.307448 0
6.48 -6.80 2.03 22.64 2.78 45.877633 12.307448 0
6.33 -8.19 2.30 23.55 2.78 45.877633 12.307448 0
5.70 -7.69 1.11 23.03 2.78 45.877633 12.307448 0
5.69 -8.15 2.43 23.98 2.78 45.877633 12.307448 0
5.47 -7.94 2.00 22.86 2.78 45.877633 12.307448 0
5.28 -7.28 1.70 23.46 2.78 45.877633 12.307448 0
5.60 -7.42 1.68 23.19 2.78 45.877633 12.307448 0
6.14 -8.63 1.55 22.78 2.78 45.877633 12.307448 0
5.56 -7.37 1.91 23.36 2.78 45.877633 12.307448 0
6.46 -7.55 1.87 23.34 2.86 45.877628 12.307417 1
7.05 -5.53 2.19 22.93 2.86 45.877628 12.307417 0
6.52 -7.10 2.38 23.10 2.86 45.877628 12.307417 1
6.83 -8.42 1.63 24.13 2.86 45.877628 12.307417 0
6.13 -7.28 1.22 22.05 2.86 45.877628 12.307417 0
6.30 -9.15 1.57 22.59 2.86 45.877628 12.307417 0
6.25 -7.88 0.96 22.95 2.86 45.877628 12.307417 0
5.71 -7.40 1.50 23.00 2.86 45.877628 12.307417 0
5.68 -7.20 2.36 23.36 2.86 45.877628 12.307417 0
5.35 -7.84 1.91 22.78 2.86 45.877628 12.307417 0
6.67 -7.36 1.31 24.75 2.86 45.877628 12.307417 0
5.91 -8.43 1.56 24.13 2.86 45.877628 12.307417 0
5.98 -7.44 2.04 23.12 2.86 45.877628 12.307417 0
6.20 -7.30 1.78 22.98 2.86 45.877628 12.307417 0
6.24 -6.90 1.15 22.95 2.86 45.877628 12.307417 0
6.35 -7.06 1.84 23.67 2.86 45.877628 12.307417 0
5.73 -8.81 2.42 23.20 2.86 45.877628 12.307417 0
6.48 -6.92 1.61 25.43 2.75 45.877623 12.307386 1
6.24 -7.35 2.42 23.74 2.75 45.877623 12.307386 0
6.42 -8.51 1.94 27.47 2.75 45.877623 12.307386 1
6.22 -7.75 1.86 22.86 2.75 45.877623 12.307386 0
5.52 -7.62 1.66 22.84 2.75 45.877623 12.307386 0
6.16 -8.36 1.88 23.17 2.75 45.877623 12.307386 0
5.74 -8.84 1.94 22.90 2.75 45.877623 12.307386 0
6.72 -7.23 1.62 23.51 2.75 45.877623 12.307386 0
6.14 -8.07 1.27 24.47 2.75 45.877623 12.307386 0
5.77 -7.26 1.90 23.68 2.75 45.877623 12.307386 0
6.76 -7.21 2.29 22.81 2.75 45.877623 12.307386 0
6.21 -7.24 1.99 23.22 2.75 45.877623 12.307386 0
5.87 -7.77 2.22 26.63 2.75 45.877623 12.307386 0
6.31 -7.41 1.69 22.93 2.75 45.877623 12.307386 0
6.07 -8.06 2.28 22.86 2.75 45.877623 12.307386 0
7.17 -7.23 1.59 25.93 2.75 45.877623 12.307386 0
5.22 -8.97 1.88 23.36 2.75 45.877623 12.307386 0
5.54 -6.75 1.49 24.46 2.99 45.877619 12.307352 1
6.60 -8.17 2.06 23.20 2.99 45.877619 12.307352 0
5.33 -8.34 1.75 22.55 2.99 45.877619 12.307352 1
5.91 -8.02 1.60 22.48 2.99 45.877619 12.307352 0
5.97 -7.01 1.83 23.46 2.99 45.877619 12.307352 0
6.41 -8.27 1.96 26.53 2.99 45.877619 12.307352 0
6.77 -7.99 2.08 22.59 2.99 45.877619 12.307352 0
5.71 -7.99 2.39 25.47 2.99 45.877619 12.307352 0
5.90 -7.25 2.13 24.13 2.99 45.877619 12.307352 0
5.77 -7.38 1.87 22.62 2.99 45.877619 12.307352 0
5.71 -7.68 2.11 23.12 2.99 45.877619 12.307352 0
6.44 -8.60 1.80 23.67 2.99 45.877619 12.307352 0
5.67 -7.73 1.87 23.36 2.99 45.877619 12.307352 0
5.78 -7.75 2.36 22.78 2.99 45.877619 12.307352 0
5.96 -7.82 1.56 23.03 2.99 45.877619 12.307352 0
6.01 -8.37 1.91 23.00 2.99 45.877619 12.307352 0
5.98 -7.88 2.06 23.56 2.99 45.877619 12.307352 0
6.05 -7.79 1.94 22.84 2.36 45.877616 12.307322 1
6.02 -7.67 1.70 23.17 2.36 45.877616 12.307322 0
5.89 -7.67 2.12 22.54 2.36 45.877616 12.307322 1
6.09 -7.57 1.39 24.68 2.36 45.877616 12.307322 0
6.30 -8.11 1.60 23.08 2.36 45.877616 12.307322 0
6.21 -7.69 1.74 23.05 2.36 45.877616 12.307322 0
6.55 -7.61 1.78 22.50 2.36 45.877616 12.307322 0
6.09 -7.79 2.32 23.62 2.36 45.877616 12.307322 0
5.40 -7.90 1.87 23.03 2.36 45.877616 12.307322 0
5.54 -8.47 1.38 23.03 2.36 45.877616 12.307322 0
5.41 -7.74 3.23 22.19 2.36 45.877616 12.307322 0
6.14 -7.78 2.04 22.29 2.36 45.877616 12.307322 0
6.32 -7.84 1.85 23.22 2.36 45.877616 12.307322 0
5.99 -7.66 1.55 23.17 2.36 45.877616 12.307322 0
5.58 -7.67 2.34 23.20 2.36 45.877616 12.307322 0
5.75 -7.67 1.93 23.15 2.36 45.877616 12.307322 0
6.11 -7.80 1.94 22.96 3.04 45.877608 12.307289 1
6.08 -7.36 1.71 23.91 3.04 45.877608 12.307289 0
6.34 -8.14 1.78 23.10 3.04 45.877608 12.307289 1
6.00 -8.01 1.80 24.47 3.04 45.877608 12.307289 0
5.77 -7.75 1.87 24.95 3.04 45.877608 12.307289 0
5.81 -7.88 1.55 22.98 3.04 45.877608 12.307289 0
6.09 -8.13 1.61 22.67 3.04 45.877608 12.307289 0
5.85 -7.43 1.53 23.20 3.04 45.877608 12.307289 0
6.05 -7.54 1.86 23.32 3.04 45.877608 12.307289 0
6.02 -7.65 1.76 22.86 3.04 45.877608 12.307289 0
6.26 -7.48 1.81 22.79 3.04 45.877608 12.307289 0
5.86 -7.55 1.48 23.58 3.04 45.877608 12.307289 0
6.11 -7.97 1.42 24.10 3.04 45.877608 12.307289 0
6.00 -7.71 1.40 23.15 3.04 45.877608 12.307289 0
6.06 -7.55 1.90 23.07 3.04 45.877608 12.307289 0
6.28 -7.72 1.35 23.46 3.04 45.877608 12.307289 0
5.73 -8.02 1.38 22.91 3.04 45.877608 12.307289 0
5.52 -8.09 1.56 24.32 3.27 45.877602 12.307250 1
5.39 -7.58 2.11 23.20 3.27 45.877602 12.307250 0
6.14 -7.88 2.01 22.81 3.27 45.877602 12.307250 1
6.04 -7.60 2.34 22.64 3.27 45.877602 12.307250 0
6.33 -7.75 2.03 22.40 3.27 45.877602 12.307250 0
6.06 -8.10 1.92 23.65 3.27 45.877602 12.307250 0
5.99 -7.54 1.83 22.74 3.27 45.877602 12.307250 0
6.23 -8.24 1.85 23.36 3.27 45.877602 12.307250 0
5.96 -7.65 1.64 22.60 3.27 45.877602 12.307250 0
6.09 -8.32 2.21 23.46 3.27 45.877602 12.307250 0
5.92 -8.02 1.92 22.71 3.27 45.877602 12.307250 0
5.75 -7.66 1.92 23.17 3.27 45.877602 12.307250 0
5.93 -8.01 1.85 23.20 3.27 45.877602 12.307250 0
5.88 -7.96 1.92 24.08 3.27 45.877602 12.307250 0
6.28 -8.01 1.90 23.98 3.27 45.877602 12.307250 0
6.17 -7.67 1.92 22.72 3.27 45.877602 12.307250 0
6.19 -8.05 1.93 23.05 3.27 45.877602 12.307250 0
6.21 -7.88 2.18 23.07 2.97 45.877595 12.307214 1
6.26 -7.89 2.18 25.33 2.97 45.877595 12.307214 0
6.11 -7.46 1.81 23.51 2.97 45.877595 12.307214 1
6.46 -8.21 1.84 23.02 2.97 45.877595 12.307214 0
6.04 -7.61 1.33 23.05 2.97 45.877595 12.307214 0
5.87 -8.10 1.81 23.15 2.97 45.877595 12.307214 0
5.85 -7.60 1.49 24.42 2.97 45.877595 12.307214 0
5.80 -7.90 1.65 24.08 2.97 45.877595 12.307214 0
5.70 -7.78 2.33 28.55 2.97 45.877595 12.307214 0
5.98 -8.06 1.85 23.56 2.97 45.877595 12.307214 0
6.12 -7.89 1.80 22.78 2.97 45.877595 12.307214 0
5.90 -7.58 2.32 23.03 2.97 45.877595 12.307214 0
6.11 -7.51 1.96 23.98 2.97 45.877595 12.307214 0
6.48 -8.09 2.21 23.12 2.97 45.877595 12.307214 0
5.99 -7.49 2.59 23.10 2.97 45.877595 12.307214 0
5.89 -7.97 2.15 22.67 2.97 45.877595 12.307214 0
5.71 -7.64 1.79 23.07 2.97 45.877595 12.307214 0
5.76 -7.75 2.16 23.44 2.95 45.877589 12.307178 1
5.74 -7.17 1.81 22.66 2.95 45.877589 12.307178 0
5.87 -7.97 2.07 22.66 2.95 45.877589 12.307178 1
6.02 -8.00 1.78 22.98 2.95 45.877589 12.307178 0
5.66 -7.38 1.44 22.64 2.95 45.877589 12.307178 0
5.96 -7.57 1.73 22.57 2.95 45.877589 12.307178 0
6.26 -8.21 1.80 22.48 2.95 45.877589 12.307178 0
6.12 -7.64 1.95 23.12 2.95 45.877589 12.307178 0
5.88 -7.58 1.95 22.76 2.95 45.877589 12.307178 0
5.53 -7.41 1.83 24.49 2.95 45.877589 12.307178 0
5.99 -7.62 2.01 23.53 2.95 45.877589 12.307178 0
6.15 -8.04 2.45 23.15 2.95 45.877589 12.307178 0
6.19 -7.92 1.94 22.81 2.95 45.877589 12.307178 0
5.44 -7.71 1.78 22.86 2.95 45.877589 12.307178 0
5.54 -7.76 1.88 24.15 2.95 45.877589 12.307178 0
5.97 -8.09 1.53 23.39 2.95 45.877589 12.307178 0
6.12 -8.23 2.30 23.05 2.95 45.877589 12.307178 0
5.82 -7.47 1.81 23.38 3.31 45.877587 12.307137 1
5.83 -7.35 2.09 22.52 3.31 45.877587 12.307137 0
5.97 -7.98 2.03 23.10 3.31 45.877587 12.307137 1
6.37 -7.86 2.28 23.38 3.31 45.877587 12.307137 0
6.23 -7.95 2.05 23.48 3.31 45.877587 12.307137 0
5.95 -7.72 1.86 23.07 3.31 45.877587 12.307137 0
6.38 -8.13 1.91 23.53 3.31 45.877587 12.307137 0
5.98 -7.79 1.80 23.26 3.31 45.877587 12.307137 0
5.67 -8.30 1.73 23.20 3.31 45.877587 12.307137 0
5.79 -7.72 1.81 24.10 3.31 45.877587 12.307137 0
5.74 -7.87 1.83 26.26 3.31 45.877587 12.307137 0
6.01 -8.23 1.80 23.98 3.31 45.877587 12.307137 0
5.95 -7.68 1.73 28.16 3.31 45.877587 12.307137 0
6.38 -7.96 1.54 24.08 3.31 45.877587 12.307137 0
5.92 -8.04 1.73 24.03 3.31 45.877587 12.307137 0
6.26 -7.76 1.77 24.64 3.31 45.877587 12.307137 0
6.53 -7.92 1.77 22.95 3.45 45.877578 12.307095 1
5.94 -7.79 1.73 28.13 3.45 45.877578 12.307095 0
5.72 -7.87 1.82 22.55 3.45 45.877578 12.307095 1
5.90 -7.83 1.48 23.15 3.45 45.877578 12.307095 0
5.91 -8.16 1.59 23.56 3.45 45.877578 12.307095 0
5.88 -8.16 1.88 24.32 3.45 45.877578 12.307095 0
5.65 -7.62 1.72 23.15 3.45 45.877578 12.307095 0
6.08 -7.26 2.10 23.96 3.45 45.877578 12.307095 0
6.03 -7.81 2.04 23.26 3.45 45.877578 12.307095 0
5.95 -7.78 2.28 24.49 3.45 45.877578 12.307095 0
5.84 -7.63 1.78 27.47 3.45 45.877578 12.307095 0
5.75 -7.52 1.98 23.63 3.45 45.877578 12.307095 0
5.85 -8.10 2.02 23.67 3.45 45.877578 12.307095 0
6.11 -8.02 2.28 22.81 3.45 45.877578 12.307095 0
6.01 -7.71 2.06 23.20 3.45 45.877578 12.307095 0
5.47 -7.84 2.14 31.09 3.45 45.877578 12.307095 0
5.82 -7.87 1.60 23.14 3.45 45.877578 12.307095 0
6.02 -8.02 2.07 24.20 3.07 45.877570 12.307057 1
6.39 -8.20 2.00 22.74 3.07 45.877570 12.307057 0
6.42 -8.05 1.59 22.69 3.07 45.877570 12.307057 1
6.64 -7.81 1.71 23.07 3.07 45.877570 12.307057 0
6.50 -7.61 1.60 23.19 3.07 45.877570 12.307057 0
6.18 -7.55 2.02 23.15 3.07 45.877570 12.307057 0
6.05 -7.65 0.96 23.41 3.07 45.877570 12.307057 0
5.78 -8.02 1.30 22.48 3.07 45.877570 12.307057 0
6.20 -7.83 1.06 23.58 3.07 45.877570 12.307057 0
5.63 -7.56 1.51 23.67 3.07 45.877570 12.307057 0
5.91 -7.85 1.74 24.22 3.07 45.877570 12.307057 0
5.95 -7.56 1.56 23.68 3.07 45.877570 12.307057 0
6.37 -7.83 2.12 23.67 3.07 45.877570 12.307057 0
6.04 -8.10 1.81 22.81 3.07 45.877570 12.307057 0
6.17 -7.30 1.84 23.62 3.07 45.877570 12.307057 0
6.17 -7.76 1.82 22.67 3.07 45.877570 12.307057 0
5.91 -7.55 2.51 23.03 3.07 45.877570 12.307057 0
6.44 -7.67 2.46 22.19 3.49 45.877563 12.307014 1
6.34 -7.70 2.35 23.14 3.49 45.877563 12.307014 0
5.90 -7.54 2.40 23.53 3.49 45.877563 12.307014 1
5.87 -8.12 2.31 23.05 3.49 45.877563 12.307014 0
5.28 -7.31 2.18 23.05 3.49 45.877563 12.307014 0
5.85 -8.04 2.46 22.93 3.49 45.877563 12.307014 0
5.92 -7.40 1.40 23.00 3.49 45.877563 12.307014 0
6.65 -7.36 1.79 23.98 3.49 45.877563 12.307014 0
6.65 -7.18 1.73 23.15 3.49 45.877563 12.307014 0
6.13 -7.67 1.92 22.74 3.49 45.877563 12.307014 0
6.01 -7.64 1.79 309.49 3.49 45.877563 12.307014 0
5.56 -7.69 1.83 6.14 3.49 45.877563 12.307014 0
6.16 -7.51 0.62 23.24 3.49 45.877563 12.307014 0
6.07 -8.47 1.69 23.48 3.03 45.877555 12.306974 1
6.26 -7.99 1.66 22.90 3.03 45.877555 12.306974 0
6.32 -7.79 2.56 22.90 3.03 45.877555 12.306974 1
5.83 -7.39 1.76 23.44 3.03 45.877555 12.306974 0
6.30 -7.41 1.98 23.41 3.03 45.877555 12.306974 0
5.68 -8.07 2.12 23.75 3.03 45.877555 12.306974 0
6.02 -7.89 1.48 23.79 3.03 45.877555 12.306974 0
6.07 -7.60 2.08 22.60 3.03 45.877555 12.306974 0
5.78 -7.50 1.68 23.34 3.03 45.877555 12.306974 0
5.82 -8.15 1.90 23.62 3.03 45.877555 12.306974 0
6.09 -7.67 1.57 23.26 3.03 45.877555 12.306974 0
6.03 -8.21 1.36 23.22 3.03 45.877555 12.306974 0
5.63 -7.64 1.14 23.20 3.03 45.877555 12.306974 0
6.43 -7.92 1.31 22.76 3.03 45.877555 12.306974 0
5.43 -7.71 1.18 23.05 3.03 45.877555 12.306974 0
5.98 -7.38 1.79 24.46 3.03 45.877555 12.306974 0
6.05 -7.60 1.91 27.99 3.03 45.877555 12.306974 0
5.69 -7.42 1.73 22.96 3.24 45.877554 12.306933 1
5.65 -8.46 1.96 23.03 3.24 45.877554 12.306933 0
5.70 -8.03 1.49 22.59 3.24 45.877554 12.306933 1
6.31 -8.16 1.57 23.38 3.24 45.877554 12.306933 0
6.39 -7.90 1.53 23.02 3.24 45.877554 12.306933 0
6.00 -7.55 1.47 22.40 3.24 45.877554 12.306933 0
5.83 -8.39 1.21 22.54 3.24 45.877554 12.306933 0
5.88 -7.66 2.14 22.86 3.24 45.877554 12.306933 0
6.24 -7.38 2.09 22.91 3.24 45.877554 12.306933 0
6.10 -7.85 1.06 22.78 3.24 45.877554 12.306933 0
5.94 -8.48 2.16 23.75 3.24 45.877554 12.306933 0
5.47 -7.70 2.24 22.96 3.24 45.877554 12.306933 0
5.64 -7.44 1.57 24.13 3.24 45.877554 12.306933 0
5.15 -6.52 1.80 22.86 3.24 45.877554 12.306933 0
9.12 -9.75 3.17 21.52 3.24 45.877554 12.306933 0
7.79 -12.25 1.74 21.63 3.24 45.877554 12.306933 0
6.39 -8.62 2.10 24.42 3.24 45.877554 12.306933 0
5.48 -5.40 2.75 24.08 3.71 45.877545 12.306887 1
15.42 -9.17 2.62 22.26 3.71 45.877545 12.306887 0
12.01 -8.74 2.18 23.63 3.71 45.877545 12.306887 1
7.64 -12.09 -0.46 22.69 3.71 45.877545 12.306887 0
5.07 -4.37 0.55 24.20 3.71 45.877545 12.306887 0
7.07 -11.22 0.55 22.54 3.71 45.877545 12.306887 0
8.73 -8.37 2.03 21.87 3.71 45.877545 12.306887 0
5.85 -15.16 0.58 22.04 3.71 45.877545 12.306887 0
6.29 -7.84 2.51 22.79 3.71 45.877545 12.306887 0
4.84 -2.86 1.42 22.66 3.71 45.877545 12.306887 0
7.24 -8.42 1.59 23.43 3.71 45.877545 12.306887 0
5.89 -5.88 2.32 22.90 3.71 45.877545 12.306887 0
4.66 -7.18 3.00 24.27 3.71 45.877545 12.306887 0
5.91 -8.24 2.39 23.05 3.71 45.877545 12.306887 0
7.26 -10.00 2.49 22.50 3.71 45.877545 12.306887 0
4.04 -7.08 2.12 21.90 3.71 45.877545 12.306887 0
5.82 -8.55 1.69 21.99 3.71 45.877545 12.306887 0
5.33 -8.58 1.64 22.71 3.81 45.877522 12.306848 1
6.37 -8.46 1.80 22.90 3.81 45.877522 12.306848 0
6.48 -6.12 1.34 22.69 3.81 45.877522 12.306848 1
2.84 -5.62 0.93 28.79 3.81 45.877522 12.306848 0
4.72 -19.61 0.38 22.28 3.81 45.877522 12.306848 0
4.09 -9.19 1.38 23.65 3.81 45.877522 12.306848 0
4.80 -7.24 2.70 27.34 3.81 45.877522 12.306848 0
5.02 -7.32 1.55 23.07 3.81 45.877522 12.306848 0
4.90 -3.27 2.85 20.61 3.81 45.877522 12.306848 0
1.03 -9.68 3.07 22.64 3.81 45.877522 12.306848 0
9.48 -5.91 2.38 22.59 3.81 45.877522 12.306848 0
5.95 -6.11 2.59 22.93 3.81 45.877522 12.306848 0
6.71 -8.81 1.31 23.67 3.81 45.877522 12.306848 0
5.41 -6.84 1.24 28.88 3.81 45.877522 12.306848 0
5.51 -8.26 3.09 22.14 3.81 45.877522 12.306848 0
6.23 -7.61 2.35 23.10 3.81 45.877522 12.306848 0
6.81 -7.01 1.97 22.07 3.81 45.877522 12.306848 0
4.72 -6.97 2.09 22.04 3.28 45.877495 12.306821 1
6.31 -7.86 1.70 22.83 3.28 45.877495 12.306821 0
5.75 -8.39 1.55 22.00 3.28 45.877495 12.306821 1
5.38 -7.92 0.78 22.59 3.28 45.877495 12.306821 0
5.06 -8.31 1.23 24.25 3.28 45.877495 12.306821 0
7.19 -5.67 1.36 22.40 3.28 45.877495 12.306821 0
5.89 -7.65 1.66 21.51 3.28 45.877495 12.306821 0
6.90 -9.17 1.02 22.28 3.28 45.877495 12.306821 0
6.28 -8.03 2.04 24.32 3.28 45.877495 12.306821 0
6.12 -8.94 0.78 23.24 3.28 45.877495 12.306821 0
4.95 -6.67 2.16 23.24 3.28 45.877495 12.306821 0
6.21 -8.00 1.92 22.23 3.28 45.877495 12.306821 0
6.18 -8.72 1.48 22.19 3.28 45.877495 12.306821 0
6.74 -11.30 3.08 24.58 3.28 45.877495 12.306821 0
6.27 -8.21 2.26 21.68 3.28 45.877495 12.306821 0
6.26 -9.21 3.54 21.97 3.28 45.877495 12.306821 0
5.85 -9.00 3.06 23.77 3.48 45.877464 12.306816 1
6.07 -9.31 2.49 25.48 3.48 45.877464 12.306816 0
6.94 -8.32 2.16 23.44 3.48 45.877464 12.306816 1
3.69 -8.12 0.97 21.95 3.48 45.877464 12.306816 0
4.94 -8.22 1.91 20.85 3.48 45.877464 12.306816 0
5.94 -11.27 1.68 22.55 3.48 45.877464 12.306816 0
5.43 -7.57 2.26 21.92 3.48 45.877464 12.306816 0
4.63 -3.78 2.60 23.92 3.48 45.877464 12.306816 0
8.45 -8.69 1.13 22.98 3.48 45.877464 12.306816 0
7.56 -9.58 2.94 20.92 3.48 45.877464 12.306816 0
5.55 -11.18 0.66 21.47 3.48 45.877464 12.306816 0
7.71 -7.60 1.50 21.42 3.48 45.877464 12.306816 0
4.14 -6.76 0.69 22.04 3.48 45.877464 12.306816 0
6.38 -5.11 1.80 27.65 3.48 45.877464 12.306816 0
6.06 -6.13 1.26 23.70 3.48 45.877464 12.306816 0
5.89 -6.66 2.12 22.64 3.48 45.877464 12.306816 0
5.56 -11.74 0.56 21.04 3.48 45.877464 12.306816 0
5.63 -9.46 1.77 20.89 3.69 45.877438 12.306840 1
5.39 -9.09 2.87 22.47 3.69 45.877438 12.306840 0
5.80 -7.21 1.42 23.20 3.69 45.877438 12.306840 1
6.68 -7.20 1.74 22.52 3.69 45.877438 12.306840 0
5.75 -10.92 2.27 21.20 3.69 45.877438 12.306840 0
5.61 -9.09 2.59 22.05 3.69 45.877438 12.306840 0
6.32 -6.99 3.79 23.43 3.69 45.877438 12.306840 0
5.87 -7.96 2.97 25.42 3.69 45.877438 12.306840 0
4.19 -6.56 1.57 23.19 3.69 45.877438 12.306840 0
4.05 -3.69 1.94 22.50 3.69 45.877438 12.306840 0
4.63 -14.75 2.03 24.88 3.69 45.877438 12.306840 0
4.96 -7.55 3.43 23.70 3.69 45.877438 12.306840 0
5.32 -7.20 1.52 22.60 3.69 45.877438 12.306840 0
4.79 -8.04 1.99 22.48 3.69 45.877438 12.306840 0
5.99 -7.21 2.46 21.83 3.69 45.877438 12.306840 0
6.34 -8.30 1.02 22.45 3.69 45.877438 12.306840 0
5.75 -8.72 2.20 22.42 3.69 45.877438 12.306840 0
4.46 -8.21 2.37 22.96 3.76 45.877430 12.306884 1
4.86 -7.86 1.47 23.56 3.76 45.877430 12.306884 0
5.82 -8.81 2.02 23.39 3.76 45.877430 12.306884 1
5.65 -7.63 2.16 22.36 3.76 45.877430 12.306884 0
5.82 -8.33 1.88 22.71 3.76 45.877430 12.306884 0
5.56 -7.29 2.61 22.59 3.76 45.877430 12.306884 0
6.08 -8.24 2.26 22.60 3.76 45.877430 12.306884 0
6.39 -8.00 1.52 22.45 3.76 45.877430 12.306884 0
6.49 -8.72 2.66 23.38 3.76 45.877430 12.306884 0
5.91 -7.44 1.54 23.07 3.76 45.877430 12.306884 0
5.73 -8.00 1.54 23.80 3.76 45.877430 12.306884 0
5.88 -8.01 1.48 22.79 3.76 45.877430 12.306884 0
5.86 -7.68 1.39 22.45 3.76 45.877430 12.306884 0
6.46 -9.84 1.31 23.38 3.76 45.877430 12.306884 0
5.39 -7.03 1.88 23.29 3.76 45.877430 12.306884 0
6.66 -7.37 1.50 22.95 3.76 45.877430 12.306884 0
6.08 -8.20 2.04 23.08 3.76 45.877430 12.306884 0
6.41 -8.05 1.56 22.54 3.22 45.877434 12.306926 1
6.39 -7.48 1.84 22.48 3.22 45.877434 12.306926 0
5.14 -7.93 1.65 23.03 3.22 45.877434 12.306926 1
5.66 -7.72 2.37 22.57 3.22 45.877434 12.306926 0
5.87 -8.00 1.94 23.51 3.22 45.877434 12.306926 0
5.70 -8.15 1.56 22.72 3.22 45.877434 12.306926 0
5.82 -8.13 1.47 23.56 3.22 45.877434 12.306926 0
5.72 -7.93 2.01 22.79 3.22 45.877434 12.306926 0
5.89 -7.81 1.86 23.22 3.22 45.877434 12.306926 0
5.76 -7.54 1.76 23.20 3.22 45.877434 12.306926 0
5.97 -7.43 2.31 22.64 3.22 45.877434 12.306926 0
5.82 -7.48 1.97 22.69 3.22 45.877434 12.306926 0
5.65 -7.84 2.11 22.74 3.22 45.877434 12.306926 0
5.96 -7.84 2.09 22.79 3.22 45.877434 12.306926 0
5.76 -7.98 1.84 26.45 3.22 45.877434 12.306926 0
5.81 -7.64 2.06 23.50 3.22 45.877434 12.306926 0
5.78 -7.62 1.70 22.66 3.41 45.877440 12.306969 1
6.00 -8.00 1.69 23.00 3.41 45.877440 12.306969 0
5.62 -7.63 2.05 22.79 3.41 45.877440 12.306969 1
5.60 -7.86 1.66 22.69 3.41 45.877440 12.306969 0
6.20 -7.77 1.35 23.00 3.41 45.877440 12.306969 0
6.09 -7.84 1.96 24.25 3.41 45.877440 12.306969 0
6.34 -7.97 1.63 23.15 3.41 45.877440 12.306969 0
6.00 -7.74 1.76 23.56 3.41 45.877440 12.306969 0
5.99 -8.13 2.01 23.31 3.41 45.877440 12.306969 0
6.05 -7.66 1.71 24.73 3.41 45.877440 12.306969 0
5.50 -8.38 1.81 22.66 3.41 45.877440 12.306969 0
5.46 -7.91 2.46 24.82 3.41 45.877440 12.306969 0
5.65 -8.11 1.90 24.01 3.41 45.877440 12.306969 0
5.44 -7.90 1.46 22.79 3.41 45.877440 12.306969 0
5.99 -8.07 2.11 22.86 3.41 45.877440 12.306969 0
5.52 -8.71 2.04 24.92 3.41 45.877440 12.306969 0
5.41 -7.59 1.27 23.24 3.41 45.877440 12.306969 0
5.20 -8.90 1.42 23.41 3.37 45.877447 12.307011 1
5.72 -8.38 1.25 23.02 3.37 45.877447 12.307011 0
5.52 -8.25 1.81 23.46 3.37 45.877447 12.307011 1
5.16 -7.78 2.24 22.98 3.37 45.877447 12.307011 0
5.25 -8.09 1.69 22.79 3.37 45.877447 12.307011 0
5.49 -7.98 2.05 22.79 3.37 45.877447 12.307011 0
5.72 -8.34 1.75 23.98 3.37 45.877447 12.307011 0
