4.98 -7.56 1.57 23.55 2.45 45.877645 12.307515 0
5.12 -8.01 2.24 23.12 2.87 45.877635 12.307487 1
6.15 -7.53 1.79 24.23 2.87 45.877635 12.307487 0
5.86 -7.49 1.42 23.63 2.87 45.877635 12.307487 1
6.07 -7.80 1.89 22.19 2.87 45.877635 12.307487 0
6.40 -7.29 2.44 22.64 2.87 45.877635 12.307487 0
6.48 -7.31 2.09 22.60 2.87 45.877635 12.307487 0
6.14 -7.67 2.06 23.60 2.87 45.877635 12.307487 0
6.37 -7.45 2.19 24.56 2.87 45.877635 12.307487 0
6.19 -6.84 1.63 23.22 2.87 45.877635 12.307487 0
5.83 -7.99 1.71 23.98 2.87 45.877635 12.307487 0
5.90 -8.29 1.22 24.39 2.87 45.877635 12.307487 0
5.28 -7.65 1.85 24.47 2.87 45.877635 12.307487 0
5.75 -8.32 1.70 24.03 2.87 45.877635 12.307487 0
5.20 -7.90 2.15 23.19 2.87 45.877635 12.307487 0
5.66 -8.04 2.37 22.78 2.87 45.877635 12.307487 0
6.13 -8.40 1.88 23.62 2.87 45.877635 12.307487 0
6.22 -7.16 1.70 22.54 2.66 45.877629 12.307455 1
6.64 -7.17 1.75 24.22 2.66 45.877629 12.307455 0
6.17 -7.86 2.09 22.48 2.66 45.877629 12.307455 1
5.80 -6.97 1.95 23.31 2.66 45.877629 12.307455 0
6.15 -6.97 1.48 22.55 2.66 45.877629 12.307455 0
6.17 -8.18 2.15 23.29 2.66 45.877629 12.307455 0
5.74 -7.33 2.06 22.71 2.66 45.877629 12.307455 0
5.84 -8.04 1.89 23.00 2.66 45.877629 12.307455 0
5.06 -7.79 1.80 22.72 2.66 45.877629 12.307455 0
4.85 -7.73 1.56 23.07 2.66 45.877629 12.307455 0
5.58 -7.75 1.52 23.17 2.66 45.877629 12.307455 0
5.83 -7.74 1.25 23.41 2.66 45.877629 12.307455 0
6.20 -7.81 1.32 23.79 2.66 45.877629 12.307455 0
6.55 -7.59 0.48 23.12 2.66 45.877629 12.307455 0
7.77 -6.71 0.86 23.51 2.66 45.877629 12.307455 0
6.25 -7.55 0.99 23.51 2.66 45.877629 12.307455 0
6.01 -7.82 1.18 23.63 2.66 45.877629 12.307455 0
6.44 -7.76 1.30 24.06 2.35 45.877631 12.307425 1
6.35 -7.76 2.04 23.07 2.35 45.877631 12.307425 0
7.16 -8.50 2.11 23.02 2.35 45.877631 12.307425 1
5.94 -7.91 1.73 23.60 2.35 45.877631 12.307425 0
5.43 -8.27 1.76 23.26 2.35 45.877631 12.307425 0
5.70 -7.91 1.69 22.55 2.35 45.877631 12.307425 0
5.99 -8.67 1.29 23.27 2.35 45.877631 12.307425 0
5.42 -8.29 2.28 23.79 2.35 45.877631 12.307425 0
6.18 -7.37 2.10 22.29 2.35 45.877631 12.307425 0
5.89 -6.61 1.93 23.94 2.35 45.877631 12.307425 0
6.29 -7.15 2.16 22.83 2.35 45.877631 12.307425 0
6.08 -7.70 1.94 23.15 2.35 45.877631 12.307425 0
6.92 -8.57 2.10 31.50 2.35 45.877631 12.307425 0
6.28 -8.76 2.04 22.67 2.35 45.877631 12.307425 0
5.91 -7.68 2.14 41.66 2.35 45.877631 12.307425 0
6.02 -8.64 1.91 23.05 2.35 45.877631 12.307425 0
6.01 -7.87 2.06 22.38 2.35 45.877631 12.307425 0
6.16 -7.65 2.09 23.31 2.40 45.877625 12.307397 1
5.98 -8.06 1.44 25.31 2.40 45.877625 12.307397 0
6.37 -7.06 1.44 23.84 2.40 45.877625 12.307397 1
6.62 -6.97 1.39 26.70 2.40 45.877625 12.307397 0
6.73 -8.36 0.92 23.50 2.40 45.877625 12.307397 0
5.78 -7.50 2.09 23.46 2.40 45.877625 12.307397 0
5.76 -7.85 2.22 23.38 2.40 45.877625 12.307397 0
5.98 -7.24 2.05 24.08 2.40 45.877625 12.307397 0
6.55 -9.02 1.99 23.53 2.40 45.877625 12.307397 0
5.37 -7.41 1.35 30.44 2.40 45.877625 12.307397 0
5.57 -8.09 1.82 23.36 2.40 45.877625 12.307397 0
5.99 -7.72 1.87 23.02 2.40 45.877625 12.307397 0
5.95 -7.77 2.28 22.59 2.40 45.877625 12.307397 0
6.10 -7.59 1.84 23.02 2.40 45.877625 12.307397 0
5.71 -6.94 2.02 23.26 2.40 45.877625 12.307397 0
6.34 -7.93 1.97 23.46 2.40 45.877625 12.307397 0
6.04 -7.70 1.92 23.92 2.40 45.877625 12.307397 0
6.05 -7.76 1.67 23.02 2.99 45.877619 12.307362 1
5.84 -7.70 2.01 24.64 2.99 45.877619 12.307362 0
5.97 -7.59 1.83 24.03 2.99 45.877619 12.307362 1
5.95 -7.66 2.05 22.76 2.99 45.877619 12.307362 0
6.10 -7.92 2.07 23.92 2.99 45.877619 12.307362 0
6.17 -7.83 2.10 23.38 2.99 45.877619 12.307362 0
5.58 -7.91 1.84 23.92 2.99 45.877619 12.307362 0
5.83 -8.51 1.96 23.19 2.99 45.877619 12.307362 0
5.58 -7.54 1.57 23.22 2.99 45.877619 12.307362 0
5.73 -7.54 1.73 24.08 2.99 45.877619 12.307362 0
5.81 -7.99 1.83 22.57 2.99 45.877619 12.307362 0
5.82 -7.52 1.43 23.02 2.99 45.877619 12.307362 0
6.13 -7.44 1.46 22.71 2.99 45.877619 12.307362 0
6.11 -7.95 1.84 23.56 2.99 45.877619 12.307362 0
5.95 -8.15 1.85 23.20 2.99 45.877619 12.307362 0
5.95 -7.42 1.75 23.48 2.99 45.877619 12.307362 0
6.24 -8.15 1.59 22.29 2.93 45.877610 12.307325 1
6.25 -8.11 2.50 23.10 2.93 45.877610 12.307325 0
6.11 -7.81 2.60 22.93 2.93 45.877610 12.307325 1
5.40 -7.99 1.71 23.05 2.93 45.877610 12.307325 0
5.75 -7.73 1.92 29.52 2.93 45.877610 12.307325 0
5.88 -7.72 1.95 23.07 2.93 45.877610 12.307325 0
5.92 -8.11 1.92 26.96 2.93 45.877610 12.307325 0
5.87 -7.85 2.09 22.86 2.93 45.877610 12.307325 0
6.04 -8.15 1.92 24.04 2.93 45.877610 12.307325 0
5.87 -7.60 2.03 23.87 2.93 45.877610 12.307325 0
6.30 -7.80 2.12 24.08 2.93 45.877610 12.307325 0
6.20 -7.68 2.43 22.81 2.93 45.877610 12.307325 0
6.01 -8.05 1.88 23.68 2.93 45.877610 12.307325 0
6.10 -8.48 1.91 23.22 2.93 45.877610 12.307325 0
5.68 -8.05 1.50 23.62 2.93 45.877610 12.307325 0
5.66 -7.83 1.84 22.71 2.93 45.877610 12.307325 0
5.55 -7.90 2.14 22.52 2.93 45.877610 12.307325 0
5.91 -7.78 2.48 22.50 2.96 45.877603 12.307287 1
5.92 -7.76 2.20 25.16 2.96 45.877603 12.307287 0
5.69 -8.12 1.82 22.72 2.96 45.877603 12.307287 1
6.03 -7.39 1.54 22.90 2.96 45.877603 12.307287 0
6.00 -7.33 1.58 22.79 2.96 45.877603 12.307287 0
6.04 -7.84 1.87 22.67 2.96 45.877603 12.307287 0
6.17 -8.26 2.00 23.15 2.96 45.877603 12.307287 0
6.06 -7.65 1.95 27.37 2.96 45.877603 12.307287 0
5.90 -7.86 1.73 22.78 2.96 45.877603 12.307287 0
5.89 -7.92 1.51 23.20 2.96 45.877603 12.307287 0
5.58 -7.76 1.69 23.20 2.96 45.877603 12.307287 0
6.13 -7.84 1.77 23.15 2.96 45.877603 12.307287 0
5.65 -7.76 1.76 23.53 2.96 45.877603 12.307287 0
6.16 -7.62 1.98 22.40 2.96 45.877603 12.307287 0
6.00 -7.94 1.96 22.86 2.96 45.877603 12.307287 0
6.15 -7.59 2.20 24.18 2.96 45.877603 12.307287 0
5.82 -7.39 1.95 22.78 2.96 45.877603 12.307287 0
5.96 -7.76 1.77 22.59 3.07 45.877597 12.307248 1
6.08 -7.72 1.81 22.52 3.07 45.877597 12.307248 0
5.97 -8.00 1.70 22.59 3.07 45.877597 12.307248 1
5.88 -7.75 1.99 23.10 3.07 45.877597 12.307248 0
5.83 -7.68 1.57 23.14 3.07 45.877597 12.307248 0
5.90 -7.69 1.91 22.69 3.07 45.877597 12.307248 0
5.98 -8.01 1.73 22.31 3.07 45.877597 12.307248 0
6.17 -7.86 1.68 22.91 3.07 45.877597 12.307248 0
5.72 -7.60 1.86 23.29 3.07 45.877597 12.307248 0
6.06 -7.62 1.93 22.83 3.07 45.877597 12.307248 0
5.91 -7.44 1.43 23.20 3.07 45.877597 12.307248 0
5.95 -7.73 1.87 23.62 3.07 45.877597 12.307248 0
6.10 -7.94 1.93 23.14 3.07 45.877597 12.307248 0
5.87 -7.76 1.83 23.99 3.07 45.877597 12.307248 0
5.83 -7.90 1.73 22.76 3.07 45.877597 12.307248 0
5.95 -7.83 1.52 22.71 3.07 45.877597 12.307248 0
5.97 -7.86 1.87 22.93 3.07 45.877597 12.307248 0
5.74 -7.68 1.68 23.14 3.14 45.877585 12.307211 1
5.74 -7.75 1.51 22.60 3.14 45.877585 12.307211 0
5.94 -7.72 1.82 22.45 3.14 45.877585 12.307211 1
6.11 -7.64 1.85 22.69 3.14 45.877585 12.307211 0
5.92 -7.54 1.94 22.66 3.14 45.877585 12.307211 0
5.56 -7.61 1.94 23.17 3.14 45.877585 12.307211 0
6.05 -8.14 2.10 22.96 3.14 45.877585 12.307211 0
6.30 -7.74 1.96 23.44 3.14 45.877585 12.307211 0
6.18 -7.71 1.82 23.08 3.14 45.877585 12.307211 0
5.71 -7.47 1.96 23.15 3.14 45.877585 12.307211 0
5.73 -7.89 1.77 23.27 3.14 45.877585 12.307211 0
5.79 -7.55 1.79 22.76 3.14 45.877585 12.307211 0
6.05 -8.07 1.92 22.72 3.14 45.877585 12.307211 0
5.90 -7.74 1.90 23.53 3.14 45.877585 12.307211 0
5.68 -8.03 2.05 22.71 3.14 45.877585 12.307211 0
5.90 -7.69 2.00 23.00 3.14 45.877585 12.307211 0
5.74 -7.79 1.94 23.48 3.14 45.877585 12.307211 0
5.58 -7.55 1.92 23.75 2.54 45.877584 12.307176 1
6.26 -7.73 1.80 23.38 2.54 45.877584 12.307176 0
6.27 -7.46 1.59 29.28 2.54 45.877584 12.307176 1
6.07 -8.71 1.67 23.92 2.54 45.877584 12.307176 0
5.82 -7.74 1.84 22.76 2.54 45.877584 12.307176 0
6.09 -7.87 1.88 24.06 2.54 45.877584 12.307176 0
5.72 -8.15 1.94 23.38 2.54 45.877584 12.307176 0
5.94 -7.75 1.86 22.71 2.54 45.877584 12.307176 0
5.77 -8.16 1.69 23.19 2.54 45.877584 12.307176 0
5.40 -8.01 1.51 23.24 2.54 45.877584 12.307176 0
5.71 -7.61 2.00 22.76 2.54 45.877584 12.307176 0
6.13 -7.67 1.69 23.20 2.54 45.877584 12.307176 0
6.47 -8.01 1.72 22.81 2.54 45.877584 12.307176 0
5.85 -8.04 2.09 23.72 2.54 45.877584 12.307176 0
6.15 -7.97 1.52 24.03 2.54 45.877584 12.307176 0
5.89 -7.62 1.79 25.69 2.54 45.877584 12.307176 0
6.01 -7.77 1.74 23.27 3.12 45.877578 12.307137 1
6.45 -7.64 2.07 22.96 3.12 45.877578 12.307137 0
6.37 -7.93 1.78 23.12 3.12 45.877578 12.307137 1
5.86 -7.77 1.65 23.17 3.12 45.877578 12.307137 0
6.17 -7.85 1.65 26.86 3.12 45.877578 12.307137 0
5.96 -8.00 1.76 23.56 3.12 45.877578 12.307137 0
5.48 -7.80 1.81 23.02 3.12 45.877578 12.307137 0
5.86 -7.73 1.85 23.77 3.12 45.877578 12.307137 0
6.04 -7.67 1.99 23.26 3.12 45.877578 12.307137 0
5.91 -8.29 1.84 22.86 3.12 45.877578 12.307137 0
5.87 -7.36 1.38 23.24 3.12 45.877578 12.307137 0
5.69 -7.62 1.65 23.17 3.12 45.877578 12.307137 0
5.67 -7.54 1.94 23.17 3.12 45.877578 12.307137 0
6.60 -8.14 1.81 23.17 3.12 45.877578 12.307137 0
6.00 -7.76 1.83 23.22 3.12 45.877578 12.307137 0
5.82 -7.75 1.48 25.06 3.12 45.877578 12.307137 0
5.60 -7.79 1.55 22.98 3.12 45.877578 12.307137 0
5.68 -7.60 1.54 24.27 3.18 45.877570 12.307098 1
5.58 -7.90 2.32 25.24 3.18 45.877570 12.307098 0
6.00 -8.00 1.93 23.05 3.18 45.877570 12.307098 1
5.94 -8.18 2.10 23.58 3.18 45.877570 12.307098 0
5.71 -7.60 2.10 23.26 3.18 45.877570 12.307098 0
5.59 -7.71 1.79 23.05 3.18 45.877570 12.307098 0
5.74 -7.93 2.56 22.98 3.18 45.877570 12.307098 0
6.13 -7.75 2.08 23.51 3.18 45.877570 12.307098 0
6.02 -7.87 1.82 24.90 3.18 45.877570 12.307098 0
5.79 -7.39 1.82 23.32 3.18 45.877570 12.307098 0
6.27 -7.93 2.19 24.10 3.18 45.877570 12.307098 0
6.24 -7.81 1.47 23.79 3.18 45.877570 12.307098 0
5.41 -7.68 1.52 22.84 3.18 45.877570 12.307098 0
5.92 -8.04 1.87 23.98 3.18 45.877570 12.307098 0
5.93 -8.36 1.83 23.20 3.18 45.877570 12.307098 0
6.60 -7.52 1.52 24.56 3.18 45.877570 12.307098 0
5.64 -7.42 1.86 23.62 3.18 45.877570 12.307098 0
5.90 -7.45 1.23 23.12 3.03 45.877560 12.307061 1
6.51 -7.87 1.63 29.09 3.03 45.877560 12.307061 0
6.40 -7.22 1.00 23.98 3.03 45.877560 12.307061 1
6.61 -8.18 2.01 23.07 3.03 45.877560 12.307061 0
5.28 -7.66 1.78 24.54 3.03 45.877560 12.307061 0
6.11 -7.47 1.62 26.50 3.03 45.877560 12.307061 0
5.32 -7.73 1.55 23.12 3.03 45.877560 12.307061 0
5.48 -8.47 2.23 23.15 3.03 45.877560 12.307061 0
5.72 -7.98 1.51 23.22 3.03 45.877560 12.307061 0
5.23 -7.95 1.90 22.86 3.03 45.877560 12.307061 0
5.44 -7.67 1.72 23.72 3.03 45.877560 12.307061 0
6.40 -8.46 1.30 23.19 3.03 45.877560 12.307061 0
6.29 -7.82 2.43 23.19 3.03 45.877560 12.307061 0
6.15 -7.58 2.38 23.62 3.03 45.877560 12.307061 0
6.73 -7.38 1.80 22.76 3.03 45.877560 12.307061 0
6.04 -7.45 1.82 23.15 3.03 45.877560 12.307061 0
6.35 -7.95 2.24 24.28 3.03 45.877560 12.307061 0
6.30 -7.77 1.54 22.67 2.88 45.877554 12.307023 1
5.68 -7.74 1.90 22.33 2.88 45.877554 12.307023 0
6.31 -7.48 2.16 23.07 2.88 45.877554 12.307023 1
6.21 -7.76 1.97 24.47 2.88 45.877554 12.307023 0
5.83 -7.68 1.65 23.15 2.88 45.877554 12.307023 0
5.93 -8.52 1.61 24.23 2.88 45.877554 12.307023 0
6.37 -8.26 1.28 23.79 2.88 45.877554 12.307023 0
6.07 -7.67 1.55 25.40 2.88 45.877554 12.307023 0
6.41 -7.74 1.94 22.88 2.88 45.877554 12.307023 0
6.00 -7.44 1.93 24.61 2.88 45.877554 12.307023 0
6.38 -7.75 1.99 23.32 2.88 45.877554 12.307023 0
6.34 -7.45 1.42 90.35 2.88 45.877554 12.307023 0
6.07 -7.10 1.89 23.48 2.88 45.877554 12.307023 0
6.63 -6.85 1.34 23.03 2.88 45.877554 12.307023 0
6.09 -7.19 2.05 23.31 2.88 45.877554 12.307023 0
6.15 -8.00 1.95 22.98 2.88 45.877554 12.307023 0
5.99 -7.67 1.24 24.32 3.10 45.877549 12.306983 1
5.41 -7.60 2.26 23.02 3.10 45.877549 12.306983 0
6.01 -8.51 1.20 23.34 3.10 45.877549 12.306983 1
5.82 -7.27 1.97 22.64 3.10 45.877549 12.306983 0
6.32 -8.04 1.70 22.62 3.10 45.877549 12.306983 0
5.48 -7.60 2.13 23.12 3.10 45.877549 12.306983 0
6.12 -7.86 2.38 23.20 3.10 45.877549 12.306983 0
6.50 -8.21 2.46 23.60 3.10 45.877549 12.306983 0
6.39 -7.40 1.92 23.67 3.10 45.877549 12.306983 0
6.85 -8.06 1.58 23.91 3.10 45.877549 12.306983 0
5.66 -7.74 1.78 23.58 3.10 45.877549 12.306983 0
5.84 -7.98 1.65 24.03 3.10 45.877549 12.306983 0
5.80 -7.12 1.42 22.76 3.10 45.877549 12.306983 0
5.93 -7.94 1.71 23.84 3.10 45.877549 12.306983 0
5.64 -7.76 0.91 23.19 3.10 45.877549 12.306983 0
5.50 -7.49 1.51 23.14 3.10 45.877549 12.306983 0
5.87 -7.77 1.76 24.20 3.10 45.877549 12.306983 0
6.00 -7.96 2.12 23.07 2.97 45.877543 12.306944 1
6.62 -7.88 0.88 23.46 2.97 45.877543 12.306944 0
6.28 -7.25 0.99 22.90 2.97 45.877543 12.306944 1
6.07 -7.67 1.11 22.57 2.97 45.877543 12.306944 0
6.62 -7.33 1.83 25.14 2.97 45.877543 12.306944 0
6.14 -7.74 1.47 22.91 2.97 45.877543 12.306944 0
5.78 -8.41 1.81 25.09 2.97 45.877543 12.306944 0
6.05 -8.53 2.09 23.72 2.97 45.877543 12.306944 0
5.55 -8.53 1.30 23.29 2.97 45.877543 12.306944 0
5.43 -8.00 1.39 22.71 2.97 45.877543 12.306944 0
5.50 -7.53 1.61 23.05 2.97 45.877543 12.306944 0
5.59 -7.94 2.08 21.95 2.97 45.877543 12.306944 0
7.65 -11.48 2.92 21.09 2.97 45.877543 12.306944 0
7.44 -9.12 1.40 20.68 2.97 45.877543 12.306944 0
5.83 -7.62 3.81 23.43 2.97 45.877543 12.306944 0
4.16 -7.33 2.48 24.88 2.97 45.877543 12.306944 0
4.08 -3.89 3.48 22.64 2.97 45.877543 12.306944 0
2.19 -9.92 2.62 23.50 3.47 45.877533 12.306901 1
7.34 -12.36 1.59 21.95 3.47 45.877533 12.306901 0
7.43 -9.06 0.97 23.86 3.47 45.877533 12.306901 1
5.90 -5.60 0.94 23.80 3.47 45.877533 12.306901 0
6.06 -11.08 2.87 22.48 3.47 45.877533 12.306901 0
6.96 -5.96 3.06 20.25 3.47 45.877533 12.306901 0
6.13 -13.52 0.97 21.01 3.47 45.877533 12.306901 0
4.78 -10.85 2.87 23.15 3.47 45.877533 12.306901 0
5.17 -2.60 1.13 23.43 3.47 45.877533 12.306901 0
7.97 -8.20 0.71 21.93 3.47 45.877533 12.306901 0
7.89 -7.18 1.53 24.27 3.47 45.877533 12.306901 0
6.16 -9.43 1.67 23.77 3.47 45.877533 12.306901 0
5.18 -9.81 2.44 22.62 3.47 45.877533 12.306901 0
4.21 -8.00 2.99 23.12 3.47 45.877533 12.306901 0
6.81 -10.21 1.04 22.38 3.47 45.877533 12.306901 0
4.34 -6.24 0.98 24.78 3.47 45.877533 12.306901 0
6.06 -8.34 1.53 21.95 3.47 45.877533 12.306901 0
6.50 -8.50 2.36 22.64 3.49 45.877512 12.306866 1
5.89 -7.26 2.13 22.09 3.49 45.877512 12.306866 0
7.03 -6.84 1.65 23.75 3.49 45.877512 12.306866 1
8.56 -6.41 3.68 23.48 3.49 45.877512 12.306866 0
4.62 -7.07 2.69 22.40 3.49 45.877512 12.306866 0
7.65 -9.62 1.17 22.81 3.49 45.877512 12.306866 0
4.08 -9.69 3.31 24.40 3.49 45.877512 12.306866 0
4.17 -5.68 2.70 24.83 3.49 45.877512 12.306866 0
4.19 -5.09 3.93 24.08 3.49 45.877512 12.306866 0
8.19 -8.81 1.45 20.94 3.49 45.877512 12.306866 0
4.95 -10.78 1.26 21.28 3.49 45.877512 12.306866 0
6.60 -7.47 0.18 22.81 3.49 45.877512 12.306866 0
5.98 -6.39 1.18 22.66 3.49 45.877512 12.306866 0
6.80 -8.18 1.75 23.36 3.49 45.877512 12.306866 0
5.40 -5.76 0.57 24.59 3.49 45.877512 12.306866 0
6.28 -8.70 1.43 22.04 3.49 45.877512 12.306866 0
5.77 -9.62 1.88 22.55 3.49 45.877512 12.306866 0
3.65 -5.81 1.28 22.83 3.56 45.877484 12.306842 1
5.86 -8.43 1.29 22.35 3.56 45.877484 12.306842 0
6.08 -7.33 1.46 22.38 3.56 45.877484 12.306842 1
6.21 -9.00 1.70 22.12 3.56 45.877484 12.306842 0
7.00 -8.33 3.48 22.29 3.56 45.877484 12.306842 0
7.05 -7.13 2.11 22.40 3.56 45.877484 12.306842 0
6.36 -8.86 1.90 23.15 3.56 45.877484 12.306842 0
5.52 -6.71 1.74 23.53 3.56 45.877484 12.306842 0
6.18 -8.23 1.75 21.93 3.56 45.877484 12.306842 0
6.82 -8.72 2.19 22.29 3.56 45.877484 12.306842 0
6.01 -8.60 1.62 22.42 3.56 45.877484 12.306842 0
5.70 -9.40 2.56 22.05 3.56 45.877484 12.306842 0
5.26 -9.72 2.44 21.63 3.56 45.877484 12.306842 0
5.80 -8.28 1.66 24.63 3.56 45.877484 12.306842 0
5.82 -8.24 1.82 22.95 3.56 45.877484 12.306842 0
6.37 -7.75 1.89 22.95 3.56 45.877484 12.306842 0
6.55 -8.46 2.53 21.93 3.74 45.877451 12.306838 1
7.04 -8.49 2.34 21.30 3.74 45.877451 12.306838 0
5.05 -6.64 1.08 21.47 3.74 45.877451 12.306838 1
5.81 -8.77 1.60 21.13 3.74 45.877451 12.306838 0
6.49 -7.04 3.83 21.47 3.74 45.877451 12.306838 0
6.84 -8.59 3.68 21.69 3.74 45.877451 12.306838 0
4.86 -8.08 1.97 24.06 3.74 45.877451 12.306838 0
4.85 -8.83 0.91 21.08 3.74 45.877451 12.306838 0
6.66 -8.78 1.63 21.33 3.74 45.877451 12.306838 0
6.12 -8.52 2.07 21.80 3.74 45.877451 12.306838 0
5.91 -8.27 3.61 22.31 3.74 45.877451 12.306838 0
6.13 -7.30 2.11 21.69 3.74 45.877451 12.306838 0
5.09 -8.01 2.05 20.92 3.74 45.877451 12.306838 0
6.63 -11.15 2.26 29.26 3.74 45.877451 12.306838 0
5.98 -8.64 2.31 21.54 3.74 45.877451 12.306838 0
5.68 -7.97 1.68 22.00 3.74 45.877451 12.306838 0
4.66 -8.88 2.67 22.69 3.74 45.877451 12.306838 0
5.34 -7.40 2.08 22.90 3.58 45.877423 12.306860 1
6.17 -8.21 2.38 22.79 3.58 45.877423 12.306860 0
6.37 -9.11 0.96 23.26 3.58 45.877423 12.306860 1
5.81 -8.25 2.24 22.24 3.58 45.877423 12.306860 0
6.02 -7.99 2.38 24.34 3.58 45.877423 12.306860 0
6.43 -8.55 2.46 22.19 3.58 45.877423 12.306860 0
5.50 -8.86 1.90 24.70 3.58 45.877423 12.306860 0
5.31 -7.88 1.40 21.93 3.58 45.877423 12.306860 0
5.27 -8.73 1.53 22.14 3.58 45.877423 12.306860 0
5.33 -7.84 2.29 22.79 3.58 45.877423 12.306860 0
5.87 -8.02 1.45 22.50 3.58 45.877423 12.306860 0
5.56 -7.89 1.94 23.31 3.58 45.877423 12.306860 0
6.11 -8.63 2.12 23.99 3.58 45.877423 12.306860 0
6.04 -7.99 2.15 22.91 3.58 45.877423 12.306860 0
5.75 -7.77 1.92 23.10 3.58 45.877423 12.306860 0
5.85 -7.16 1.67 23.56 3.58 45.877423 12.306860 0
6.09 -8.14 1.83 24.95 3.58 45.877423 12.306860 0
5.88 -7.75 1.62 22.55 3.23 45.877417 12.306897 1
5.94 -7.19 1.85 23.80 3.23 45.877417 12.306897 0
5.49 -7.18 1.76 22.93 3.23 45.877417 12.306897 1
6.38 -8.92 2.25 22.88 3.23 45.877417 12.306897 0
6.42 -8.49 0.67 22.59 3.23 45.877417 12.306897 0
5.29 -7.70 1.91 22.76 3.23 45.877417 12.306897 0
5.30 -7.43 1.74 23.65 3.23 45.877417 12.306897 0
5.54 -7.63 2.11 23.48 3.23 45.877417 12.306897 0
6.61 -6.74 2.11 22.40 3.23 45.877417 12.306897 0
5.93 -8.51 2.04 22.88 3.23 45.877417 12.306897 0
5.07 -7.97 1.73 22.83 3.23 45.877417 12.306897 0
6.05 -7.91 2.79 22.66 3.23 45.877417 12.306897 0
5.36 -6.91 2.37 22.66 3.23 45.877417 12.306897 0
5.16 -7.50 2.58 23.51 3.23 45.877417 12.306897 0
6.26 -7.91 1.49 21.81 3.23 45.877417 12.306897 0
5.08 -6.00 2.12 22.36 3.23 45.877417 12.306897 0
5.69 -10.52 1.62 23.29 3.23 45.877417 12.306897 0
5.85 -7.50 2.59 23.12 2.96 45.877419 12.306936 1
5.92 -7.59 1.81 24.01 2.96 45.877419 12.306936 0
5.50 -8.27 1.89 24.94 2.96 45.877419 12.306936 1
5.94 -7.75 1.75 22.90 2.96 45.877419 12.306936 0
6.15 -8.77 2.23 22.54 2.96 45.877419 12.306936 0
6.39 -7.21 2.49 23.10 2.96 45.877419 12.306936 0
6.06 -7.57 2.03 23.41 2.96 45.877419 12.306936 0
5.83 -7.38 2.30 22.83 2.96 45.877419 12.306936 0
5.65 -7.69 2.16 22.81 2.96 45.877419 12.306936 0
6.04 -7.36 1.87 24.59 2.96 45.877419 12.306936 0
5.76 -8.33 2.11 22.83 2.96 45.877419 12.306936 0
5.60 -7.65 2.01 22.78 2.96 45.877419 12.306936 0
5.64 -7.93 1.94 22.79 2.96 45.877419 12.306936 0
6.15 -8.04 1.82 22.81 2.96 45.877419 12.306936 0
5.96 -7.98 2.43 23.99 2.96 45.877419 12.306936 0
5.74 -7.28 2.40 22.54 2.96 45.877419 12.306936 0
6.31 -7.50 2.19 23.10 2.96 45.877419 12.306936 0
5.69 -7.65 2.24 22.60 3.45 45.877423 12.306978 1
6.11 -8.13 1.96 23.80 3.45 45.877423 12.306978 0
6.08 -7.53 1.85 23.10 3.45 45.877423 12.306978 1
5.41 -7.79 1.87 40.53 3.45 45.877423 12.306978 0
5.61 -7.76 2.04 22.67 3.45 45.877423 12.306978 0
5.48 -7.77 1.57 22.81 3.45 45.877423 12.306978 0
5.94 -7.71 1.94 23.27 3.45 45.877423 12.306978 0
5.49 -8.09 1.58 23.92 3.45 45.877423 12.306978 0
6.01 -7.10 1.92 23.48 3.45 45.877423 12.306978 0
