6.65 -7.08 1.26 22.38 2.51 45.877665 12.307458 0
7.23 -7.36 2.18 23.43 2.51 45.877665 12.307458 0
6.65 -7.31 1.31 24.70 2.51 45.877665 12.307458 0
6.03 -7.51 0.75 23.02 2.51 45.877665 12.307458 0
6.40 -8.33 2.49 23.08 2.51 45.877665 12.307458 0
5.80 -7.93 1.03 23.34 2.51 45.877665 12.307458 0
5.76 -8.40 1.85 23.14 2.51 45.877665 12.307458 0
6.16 -7.79 1.78 23.48 2.51 45.877665 12.307458 0
5.37 -7.95 1.77 24.51 2.51 45.877665 12.307458 0
6.85 -8.38 2.61 23.29 2.51 45.877665 12.307458 0
6.48 -7.06 1.83 23.22 2.51 45.877665 12.307458 0
7.25 -8.36 2.01 22.23 2.35 45.877658 12.307435 1
6.87 -7.35 2.20 26.91 2.35 45.877658 12.307435 0
7.33 -8.12 2.38 23.48 2.35 45.877658 12.307435 1
6.23 -7.99 2.55 24.64 2.35 45.877658 12.307435 0
6.60 -7.46 2.43 22.72 2.35 45.877658 12.307435 0
6.80 -7.37 2.59 22.96 2.35 45.877658 12.307435 0
6.45 -9.01 2.15 22.52 2.35 45.877658 12.307435 0
4.94 -8.99 3.09 23.02 2.35 45.877658 12.307435 0
4.65 -8.01 2.16 22.79 2.35 45.877658 12.307435 0
5.70 -8.04 1.97 22.76 2.35 45.877658 12.307435 0
6.66 -7.78 2.21 23.22 2.35 45.877658 12.307435 0
5.86 -8.23 2.74 22.74 2.35 45.877658 12.307435 0
5.59 -7.84 1.69 23.10 2.35 45.877658 12.307435 0
6.85 -8.44 1.37 23.92 2.35 45.877658 12.307435 0
5.95 -7.04 1.86 22.78 2.35 45.877658 12.307435 0
5.87 -7.13 1.60 22.40 2.35 45.877658 12.307435 0
6.21 -8.44 1.55 25.45 2.35 45.877658 12.307435 0
6.33 -7.03 1.22 23.07 2.38 45.877648 12.307411 1
5.95 -7.71 1.48 23.08 2.38 45.877648 12.307411 0
6.06 -8.71 0.58 22.12 2.38 45.877648 12.307411 1
6.13 -7.63 1.88 22.62 2.38 45.877648 12.307411 0
6.20 -7.87 2.12 23.17 2.38 45.877648 12.307411 0
6.07 -8.37 1.55 22.76 2.38 45.877648 12.307411 0
5.74 -8.23 1.55 22.91 2.38 45.877648 12.307411 0
5.80 -7.85 1.64 22.96 2.38 45.877648 12.307411 0
6.83 -7.82 1.91 22.64 2.38 45.877648 12.307411 0
6.45 -7.58 2.08 25.12 2.38 45.877648 12.307411 0
5.39 -7.10 2.23 23.53 2.38 45.877648 12.307411 0
5.95 -7.61 1.22 24.04 2.38 45.877648 12.307411 0
6.37 -6.81 2.36 22.95 2.38 45.877648 12.307411 0
6.29 -7.07 2.50 23.03 2.38 45.877648 12.307411 0
6.10 -7.90 2.14 23.08 2.38 45.877648 12.307411 0
5.92 -8.09 1.91 23.32 2.38 45.877648 12.307411 0
5.24 -7.56 2.01 22.96 2.38 45.877648 12.307411 0
5.80 -8.20 1.84 23.20 2.76 45.877642 12.307381 1
5.23 -8.47 1.98 22.47 2.76 45.877642 12.307381 0
5.72 -7.14 1.75 24.92 2.76 45.877642 12.307381 1
5.56 -7.51 2.05 23.02 2.76 45.877642 12.307381 0
5.88 -7.46 1.17 23.58 2.76 45.877642 12.307381 0
6.88 -7.98 2.29 23.48 2.76 45.877642 12.307381 0
5.86 -6.93 0.94 25.40 2.76 45.877642 12.307381 0
6.24 -8.52 1.98 22.91 2.76 45.877642 12.307381 0
6.62 -8.13 2.23 28.98 2.76 45.877642 12.307381 0
5.75 -6.72 1.76 23.34 2.76 45.877642 12.307381 0
5.45 -8.19 1.10 23.94 2.76 45.877642 12.307381 0
5.52 -6.83 1.57 22.79 2.76 45.877642 12.307381 0
5.53 -8.12 1.54 22.79 2.76 45.877642 12.307381 0
5.45 -7.91 2.42 23.12 2.76 45.877642 12.307381 0
6.25 -8.37 1.81 23.03 2.76 45.877642 12.307381 0
5.92 -6.99 2.09 22.74 2.76 45.877642 12.307381 0
6.70 -7.23 1.48 22.42 2.76 45.877642 12.307381 0
6.20 -8.61 1.76 23.12 3.20 45.877636 12.307345 1
5.16 -7.50 2.31 22.54 3.20 45.877636 12.307345 0
5.92 -7.33 1.68 23.12 3.20 45.877636 12.307345 1
6.17 -7.63 2.18 22.69 3.20 45.877636 12.307345 0
6.02 -7.67 2.01 22.67 3.20 45.877636 12.307345 0
6.31 -8.40 2.24 22.95 3.20 45.877636 12.307345 0
5.32 -6.94 1.64 22.60 3.20 45.877636 12.307345 0
5.76 -8.01 1.56 23.15 3.20 45.877636 12.307345 0
6.15 -8.40 1.92 23.03 3.20 45.877636 12.307345 0
6.12 -7.66 1.77 23.58 3.20 45.877636 12.307345 0
6.03 -8.08 2.06 26.75 3.20 45.877636 12.307345 0
6.02 -7.62 1.21 23.65 3.20 45.877636 12.307345 0
5.86 -7.66 1.73 23.12 3.20 45.877636 12.307345 0
5.76 -7.42 1.73 23.53 3.20 45.877636 12.307345 0
5.83 -8.32 1.20 22.54 3.20 45.877636 12.307345 0
6.46 -7.51 1.64 22.86 3.20 45.877636 12.307345 0
6.17 -7.67 1.80 22.71 3.20 45.877636 12.307345 0
5.37 -7.26 1.80 24.30 3.04 45.877629 12.307308 1
5.76 -8.05 2.03 23.38 3.04 45.877629 12.307308 0
5.55 -8.16 2.37 24.58 3.04 45.877629 12.307308 1
5.98 -8.10 2.14 23.82 3.04 45.877629 12.307308 0
5.67 -7.46 1.82 22.93 3.04 45.877629 12.307308 0
5.86 -7.55 1.90 23.75 3.04 45.877629 12.307308 0
5.91 -7.12 1.88 23.12 3.04 45.877629 12.307308 0
6.05 -7.98 1.93 22.79 3.04 45.877629 12.307308 0
6.41 -7.71 1.78 23.68 3.04 45.877629 12.307308 0
6.20 -7.85 1.72 22.78 3.04 45.877629 12.307308 0
6.08 -7.80 1.57 23.12 3.04 45.877629 12.307308 0
5.86 -8.13 1.91 24.80 3.04 45.877629 12.307308 0
5.61 -7.45 2.05 23.31 3.04 45.877629 12.307308 0
6.06 -7.98 1.94 23.20 3.04 45.877629 12.307308 0
5.98 -8.03 1.85 22.83 3.04 45.877629 12.307308 0
5.86 -7.87 2.03 22.86 3.04 45.877629 12.307308 0
6.22 -7.55 1.83 23.29 3.08 45.877619 12.307273 1
5.96 -7.80 1.71 23.10 3.08 45.877619 12.307273 0
6.23 -7.68 1.56 22.71 3.08 45.877619 12.307273 1
6.13 -8.08 1.69 22.93 3.08 45.877619 12.307273 0
5.94 -7.56 1.86 22.71 3.08 45.877619 12.307273 0
5.98 -7.84 1.90 23.38 3.08 45.877619 12.307273 0
5.97 -7.71 1.72 23.36 3.08 45.877619 12.307273 0
5.84 -7.89 1.53 22.00 3.08 45.877619 12.307273 0
5.91 -8.01 1.54 24.46 3.08 45.877619 12.307273 0
6.01 -7.85 1.84 23.29 3.08 45.877619 12.307273 0
5.74 -7.50 1.88 23.38 3.08 45.877619 12.307273 0
6.02 -7.55 2.10 22.81 3.08 45.877619 12.307273 0
5.88 -7.61 2.18 25.38 3.08 45.877619 12.307273 0
5.86 -7.67 1.77 23.22 3.08 45.877619 12.307273 0
6.20 -7.93 2.01 23.58 3.08 45.877619 12.307273 0
6.19 -8.41 1.81 23.55 3.08 45.877619 12.307273 0
5.92 -7.54 2.15 22.47 3.08 45.877619 12.307273 0
6.10 -7.69 1.90 23.31 2.62 45.877613 12.307241 1
5.79 -7.89 2.05 22.52 2.62 45.877613 12.307241 0
5.74 -8.08 2.02 22.57 2.62 45.877613 12.307241 1
5.94 -8.34 1.63 23.12 2.62 45.877613 12.307241 0
5.74 -7.53 1.99 23.27 2.62 45.877613 12.307241 0
6.00 -7.99 1.54 23.07 2.62 45.877613 12.307241 0
6.11 -7.69 1.24 22.45 2.62 45.877613 12.307241 0
6.07 -8.10 1.66 22.91 2.62 45.877613 12.307241 0
5.79 -7.45 1.60 22.76 2.62 45.877613 12.307241 0
5.80 -7.73 2.04 23.20 2.62 45.877613 12.307241 0
5.96 -7.76 2.06 24.40 2.62 45.877613 12.307241 0
6.35 -8.01 1.92 23.55 2.62 45.877613 12.307241 0
5.93 -7.82 1.74 22.42 2.62 45.877613 12.307241 0
5.64 -7.86 1.44 23.32 2.62 45.877613 12.307241 0
5.59 -7.85 1.30 23.22 2.62 45.877613 12.307241 0
5.83 -7.59 1.46 24.01 2.62 45.877613 12.307241 0
6.03 -7.81 1.71 23.34 2.62 45.877613 12.307241 0
6.12 -7.80 1.92 23.50 3.04 45.877607 12.307204 1
5.67 -7.52 2.13 22.50 3.04 45.877607 12.307204 0
5.74 -7.69 2.12 22.62 3.04 45.877607 12.307204 1
6.12 -8.20 1.85 22.93 3.04 45.877607 12.307204 0
6.03 -7.60 2.02 22.45 3.04 45.877607 12.307204 0
5.88 -7.45 1.69 23.02 3.04 45.877607 12.307204 0
6.09 -7.72 1.68 23.03 3.04 45.877607 12.307204 0
5.96 -7.80 1.62 22.66 3.04 45.877607 12.307204 0
6.00 -7.59 1.69 23.65 3.04 45.877607 12.307204 0
5.91 -8.10 1.75 22.79 3.04 45.877607 12.307204 0
5.85 -7.66 1.83 23.17 3.04 45.877607 12.307204 0
5.97 -7.75 2.03 27.73 3.04 45.877607 12.307204 0
6.20 -7.79 1.99 23.19 3.04 45.877607 12.307204 0
6.03 -7.91 1.91 23.58 3.04 45.877607 12.307204 0
5.91 -7.83 2.02 22.67 3.04 45.877607 12.307204 0
6.11 -7.43 1.62 23.48 3.04 45.877607 12.307204 0
6.20 -7.42 1.67 22.98 3.04 45.877607 12.307204 0
5.95 -8.54 1.57 23.02 2.93 45.877600 12.307167 1
5.58 -7.68 1.70 23.10 2.93 45.877600 12.307167 0
6.09 -8.15 1.58 23.19 2.93 45.877600 12.307167 1
5.88 -7.49 1.87 23.12 2.93 45.877600 12.307167 0
5.87 -7.88 1.55 22.62 2.93 45.877600 12.307167 0
6.26 -8.13 2.11 22.96 2.93 45.877600 12.307167 0
5.93 -7.76 2.39 23.58 2.93 45.877600 12.307167 0
6.29 -8.20 2.08 23.20 2.93 45.877600 12.307167 0
5.89 -8.01 1.92 23.19 2.93 45.877600 12.307167 0
6.00 -7.51 2.01 22.83 2.93 45.877600 12.307167 0
6.07 -7.85 1.77 22.79 2.93 45.877600 12.307167 0
5.90 -7.56 1.79 25.26 2.93 45.877600 12.307167 0
5.94 -8.12 2.07 23.27 2.93 45.877600 12.307167 0
5.65 -7.85 2.16 23.22 2.93 45.877600 12.307167 0
5.71 -7.91 1.54 23.24 2.93 45.877600 12.307167 0
5.99 -7.74 1.85 24.39 2.93 45.877600 12.307167 0
5.73 -7.54 2.03 23.12 2.93 45.877600 12.307167 0
6.48 -7.88 1.93 23.12 3.02 45.877593 12.307130 1
6.03 -7.52 1.69 23.53 3.02 45.877593 12.307130 0
6.19 -7.92 1.89 26.58 3.02 45.877593 12.307130 1
5.91 -7.25 1.87 22.60 3.02 45.877593 12.307130 0
6.26 -7.23 1.72 23.17 3.02 45.877593 12.307130 0
5.58 -8.07 1.63 23.94 3.02 45.877593 12.307130 0
5.62 -7.83 1.84 22.54 3.02 45.877593 12.307130 0
5.75 -8.04 1.88 24.10 3.02 45.877593 12.307130 0
5.35 -8.23 1.61 22.83 3.02 45.877593 12.307130 0
5.57 -8.04 1.70 24.06 3.02 45.877593 12.307130 0
5.77 -7.71 1.87 22.78 3.02 45.877593 12.307130 0
6.40 -7.46 1.71 24.04 3.02 45.877593 12.307130 0
6.12 -7.99 2.40 23.14 3.02 45.877593 12.307130 0
5.77 -7.24 2.28 22.74 3.02 45.877593 12.307130 0
6.04 -7.24 2.44 25.11 3.02 45.877593 12.307130 0
6.09 -7.75 2.33 22.71 3.02 45.877593 12.307130 0
5.98 -7.98 1.91 25.21 3.19 45.877586 12.307089 1
5.72 -8.53 2.30 23.08 3.19 45.877586 12.307089 0
5.61 -8.58 1.80 26.15 3.19 45.877586 12.307089 1
5.54 -7.90 1.87 23.00 3.19 45.877586 12.307089 0
5.76 -7.84 1.99 25.30 3.19 45.877586 12.307089 0
6.19 -7.69 1.79 23.89 3.19 45.877586 12.307089 0
6.16 -7.30 1.69 23.07 3.19 45.877586 12.307089 0
6.17 -7.46 1.83 23.14 3.19 45.877586 12.307089 0
6.07 -7.41 1.98 22.86 3.19 45.877586 12.307089 0
6.04 -7.65 2.02 23.86 3.19 45.877586 12.307089 0
6.35 -7.80 2.32 22.74 3.19 45.877586 12.307089 0
6.14 -7.85 1.76 24.04 3.19 45.877586 12.307089 0
5.22 -8.58 1.83 23.48 3.19 45.877586 12.307089 0
5.52 -7.71 2.77 24.51 3.19 45.877586 12.307089 0
5.57 -8.01 1.68 23.22 3.19 45.877586 12.307089 0
6.22 -8.71 2.14 23.38 3.19 45.877586 12.307089 0
6.05 -7.98 2.35 23.62 3.19 45.877586 12.307089 0
7.11 -8.53 1.87 23.48 3.39 45.877579 12.307045 1
5.52 -7.57 1.88 23.91 3.39 45.877579 12.307045 0
6.36 -7.78 1.80 25.78 3.39 45.877579 12.307045 1
6.10 -7.86 2.33 23.72 3.39 45.877579 12.307045 0
5.82 -8.00 2.12 22.62 3.39 45.877579 12.307045 0
6.25 -7.85 2.05 23.58 3.39 45.877579 12.307045 0
6.45 -7.84 1.86 23.46 3.39 45.877579 12.307045 0
5.81 -7.35 1.95 23.91 3.39 45.877579 12.307045 0
5.71 -7.99 2.18 22.83 3.39 45.877579 12.307045 0
5.78 -8.16 1.77 22.69 3.39 45.877579 12.307045 0
5.59 -8.00 2.18 22.79 3.39 45.877579 12.307045 0
5.68 -7.55 1.71 24.04 3.39 45.877579 12.307045 0
6.41 -7.01 1.60 23.14 3.39 45.877579 12.307045 0
5.87 -8.03 1.60 27.46 3.39 45.877579 12.307045 0
6.04 -8.19 1.61 23.34 3.39 45.877579 12.307045 0
5.79 -6.88 1.75 24.95 3.39 45.877579 12.307045 0
5.67 -7.58 1.50 23.62 3.39 45.877579 12.307045 0
5.68 -8.62 1.17 23.31 3.05 45.877573 12.307004 1
5.73 -7.87 2.06 23.86 3.05 45.877573 12.307004 0
5.32 -7.97 1.71 23.48 3.05 45.877573 12.307004 1
5.69 -7.28 1.82 23.38 3.05 45.877573 12.307004 0
5.77 -8.38 2.17 23.17 3.05 45.877573 12.307004 0
6.01 -7.62 2.09 22.67 3.05 45.877573 12.307004 0
6.48 -8.71 2.40 23.87 3.05 45.877573 12.307004 0
6.17 -7.79 1.65 23.12 3.05 45.877573 12.307004 0
6.00 -7.99 2.00 22.84 3.05 45.877573 12.307004 0
6.22 -7.89 1.71 25.54 3.05 45.877573 12.307004 0
5.83 -7.67 1.64 23.19 3.05 45.877573 12.307004 0
5.48 -8.79 2.11 23.14 3.05 45.877573 12.307004 0
5.46 -7.55 2.05 23.91 3.05 45.877573 12.307004 0
5.90 -7.48 2.01 22.84 3.05 45.877573 12.307004 0
5.93 -7.85 2.37 23.19 3.05 45.877573 12.307004 0
5.98 -7.60 1.83 24.08 3.05 45.877573 12.307004 0
6.19 -8.10 1.77 23.56 3.05 45.877573 12.307004 0
5.91 -7.55 1.43 23.08 3.37 45.877566 12.306962 1
5.99 -7.44 1.70 22.55 3.37 45.877566 12.306962 0
6.14 -7.87 1.62 26.07 3.37 45.877566 12.306962 1
5.86 -7.18 1.87 22.66 3.37 45.877566 12.306962 0
5.82 -7.85 2.33 25.21 3.37 45.877566 12.306962 0
6.04 -7.74 1.73 27.51 3.37 45.877566 12.306962 0
5.64 -8.40 1.57 23.74 3.37 45.877566 12.306962 0
5.73 -8.06 1.37 23.99 3.37 45.877566 12.306962 0
5.91 -8.20 1.59 22.81 3.37 45.877566 12.306962 0
5.79 -7.82 2.01 24.03 3.37 45.877566 12.306962 0
5.88 -7.88 1.87 24.82 3.37 45.877566 12.306962 0
6.08 -8.06 1.74 23.53 3.37 45.877566 12.306962 0
6.21 -7.69 1.73 23.24 3.37 45.877566 12.306962 0
5.65 -7.20 1.40 24.01 3.37 45.877566 12.306962 0
5.52 -7.58 1.85 23.03 3.37 45.877566 12.306962 0
6.07 -8.49 1.85 23.22 3.37 45.877566 12.306962 0
5.99 -8.17 2.02 23.17 3.14 45.877559 12.306920 1
6.05 -8.08 1.66 22.95 3.14 45.877559 12.306920 0
5.86 -7.60 1.56 23.12 3.14 45.877559 12.306920 1
4.52 -7.89 1.90 22.69 3.14 45.877559 12.306920 0
3.33 -6.63 1.49 21.63 3.14 45.877559 12.306920 0
5.88 -7.72 1.77 20.91 3.14 45.877559 12.306920 0
8.96 -10.09 1.92 21.28 3.14 45.877559 12.306920 0
5.77 -8.52 2.11 24.61 3.14 45.877559 12.306920 0
5.45 -5.77 2.27 24.64 3.14 45.877559 12.306920 0
6.53 -6.31 3.07 22.38 3.14 45.877559 12.306920 0
6.59 -7.68 1.54 22.57 3.14 45.877559 12.306920 0
5.00 -15.71 -0.20 21.92 3.14 45.877559 12.306920 0
3.75 -5.28 1.36 22.91 3.14 45.877559 12.306920 0
7.84 -7.52 1.13 22.45 3.14 45.877559 12.306920 0
2.82 -4.21 1.96 22.43 3.14 45.877559 12.306920 0
5.52 -11.80 1.22 25.86 3.14 45.877559 12.306920 0
5.19 -9.27 2.66 24.18 3.14 45.877559 12.306920 0
3.74 -12.36 2.24 22.52 3.24 45.877543 12.306884 1
3.93 -2.32 2.54 25.12 3.24 45.877543 12.306884 0
5.81 -5.10 1.73 21.56 3.24 45.877543 12.306884 1
8.29 -9.93 2.39 24.42 3.24 45.877543 12.306884 0
5.84 -8.74 3.33 23.79 3.24 45.877543 12.306884 0
5.72 -7.69 4.11 23.38 3.24 45.877543 12.306884 0
5.13 -4.47 2.95 22.05 3.24 45.877543 12.306884 0
5.76 -9.51 2.06 23.27 3.24 45.877543 12.306884 0
5.89 -9.75 0.12 22.31 3.24 45.877543 12.306884 0
4.47 -8.28 0.14 23.43 3.24 45.877543 12.306884 0
4.99 -7.33 0.92 23.36 3.24 45.877543 12.306884 0
6.79 -8.14 1.99 22.42 3.24 45.877543 12.306884 0
7.97 -5.21 2.96 23.14 3.24 45.877543 12.306884 0
5.58 -5.47 1.65 22.98 3.24 45.877543 12.306884 0
2.81 -16.57 1.07 22.47 3.24 45.877543 12.306884 0
5.45 -6.15 1.29 23.39 3.24 45.877543 12.306884 0
7.62 -9.19 1.69 32.31 3.24 45.877543 12.306884 0
4.98 -6.92 1.54 24.73 3.48 45.877517 12.306856 1
3.05 -0.38 1.67 22.12 3.48 45.877517 12.306856 0
18.56 -17.59 -0.91 21.04 3.48 45.877517 12.306856 1
4.60 -9.76 3.41 21.15 3.48 45.877517 12.306856 0
6.67 -4.28 -0.24 22.31 3.48 45.877517 12.306856 0
4.77 -5.13 2.32 22.21 3.48 45.877517 12.306856 0
5.73 -7.40 0.72 22.93 3.48 45.877517 12.306856 0
6.34 -8.02 1.64 22.05 3.48 45.877517 12.306856 0
5.63 -8.40 2.07 22.83 3.48 45.877517 12.306856 0
7.19 -9.51 0.50 22.38 3.48 45.877517 12.306856 0
4.03 -5.24 2.18 22.90 3.48 45.877517 12.306856 0
6.59 -7.67 1.95 22.67 3.48 45.877517 12.306856 0
6.20 -7.98 1.62 22.83 3.48 45.877517 12.306856 0
5.85 -9.22 2.03 22.23 3.48 45.877517 12.306856 0
5.82 -8.27 2.10 22.84 3.48 45.877517 12.306856 0
4.78 -6.86 1.90 22.42 3.48 45.877517 12.306856 0
5.44 -7.90 1.62 22.67 3.48 45.877517 12.306856 0
6.52 -7.82 1.87 22.48 3.53 45.877485 12.306844 1
5.91 -8.52 2.05 22.52 3.53 45.877485 12.306844 0
6.05 -7.21 2.14 24.47 3.53 45.877485 12.306844 1
6.11 -7.66 1.52 21.90 3.53 45.877485 12.306844 0
5.52 -8.53 2.54 22.78 3.53 45.877485 12.306844 0
4.32 -8.62 1.57 23.12 3.53 45.877485 12.306844 0
5.07 -7.85 1.64 22.00 3.53 45.877485 12.306844 0
6.74 -6.51 1.18 22.79 3.53 45.877485 12.306844 0
6.13 -9.24 1.50 23.08 3.53 45.877485 12.306844 0
5.55 -7.73 1.43 21.93 3.53 45.877485 12.306844 0
7.24 -9.14 0.94 22.14 3.53 45.877485 12.306844 0
4.09 -5.95 2.36 22.38 3.53 45.877485 12.306844 0
6.41 -7.92 0.39 22.62 3.53 45.877485 12.306844 0
6.48 -8.29 0.92 21.25 3.53 45.877485 12.306844 0
5.08 -7.26 1.70 22.07 3.53 45.877485 12.306844 0
6.54 -8.17 2.30 23.08 3.53 45.877485 12.306844 0
7.68 -5.92 2.68 21.11 3.53 45.877485 12.306844 0
7.96 -11.04 2.27 20.94 3.48 45.877454 12.306848 1
4.79 -8.60 2.14 21.81 3.48 45.877454 12.306848 0
4.32 -7.11 2.42 23.48 3.48 45.877454 12.306848 1
6.14 -7.53 1.59 24.30 3.48 45.877454 12.306848 0
5.77 -8.16 1.39 21.90 3.48 45.877454 12.306848 0
7.61 -11.00 0.89 20.79 3.48 45.877454 12.306848 0
6.29 -9.62 2.87 20.68 3.48 45.877454 12.306848 0
5.38 -5.92 2.18 22.07 3.48 45.877454 12.306848 0
6.46 -8.60 1.70 23.05 3.48 45.877454 12.306848 0
5.41 -9.53 0.98 24.92 3.48 45.877454 12.306848 0
6.04 -8.36 0.95 22.16 3.48 45.877454 12.306848 0
6.61 -12.08 2.34 22.12 3.48 45.877454 12.306848 0
4.52 -9.40 2.33 23.36 3.48 45.877454 12.306848 0
7.88 -8.30 1.82 22.57 3.48 45.877454 12.306848 0
5.49 -9.28 1.71 25.57 3.48 45.877454 12.306848 0
4.99 -9.43 1.73 21.32 3.48 45.877454 12.306848 0
5.97 -7.97 2.39 21.52 3.50 45.877427 12.306871 1
6.52 -7.56 1.34 23.84 3.50 45.877427 12.306871 0
5.69 -7.87 1.97 22.31 3.50 45.877427 12.306871 1
5.27 -9.51 2.39 23.10 3.50 45.877427 12.306871 0
5.38 -8.61 1.50 24.34 3.50 45.877427 12.306871 0
5.69 -7.36 2.56 22.91 3.50 45.877427 12.306871 0
6.10 -7.77 1.87 23.60 3.50 45.877427 12.306871 0
5.84 -9.76 2.09 21.76 3.50 45.877427 12.306871 0
6.51 -8.96 1.10 22.35 3.50 45.877427 12.306871 0
5.48 -8.11 1.71 25.11 3.50 45.877427 12.306871 0
5.62 -8.39 2.13 22.42 3.50 45.877427 12.306871 0
5.68 -7.77 2.23 23.00 3.50 45.877427 12.306871 0
5.74 -7.20 2.71 22.54 3.50 45.877427 12.306871 0
5.80 -8.73 2.52 22.62 3.50 45.877427 12.306871 0
6.04 -8.00 1.79 22.28 3.50 45.877427 12.306871 0
5.71 -8.15 1.97 22.93 3.50 45.877427 12.306871 0
5.73 -7.53 1.55 22.57 3.50 45.877427 12.306871 0
4.99 -7.55 1.06 24.99 3.34 45.877424 12.306911 1
5.65 -7.55 1.45 24.25 3.34 45.877424 12.306911 0
5.68 -7.85 1.44 22.69 3.34 45.877424 12.306911 1
6.26 -8.19 1.13 23.17 3.34 45.877424 12.306911 0
5.13 -7.82 1.83 22.72 3.34 45.877424 12.306911 0
6.06 -8.16 1.57 24.85 3.34 45.877424 12.306911 0
5.94 -7.50 1.31 22.52 3.34 45.877424 12.306911 0
5.79 -8.69 2.11 22.31 3.34 45.877424 12.306911 0
6.41 -9.13 2.55 22.23 3.34 45.877424 12.306911 0
6.18 -6.90 1.03 22.88 3.34 45.877424 12.306911 0
5.36 -8.16 1.98 23.20 3.34 45.877424 12.306911 0
5.15 -8.33 1.44 22.33 3.34 45.877424 12.306911 0
6.36 -7.57 1.97 22.28 3.34 45.877424 12.306911 0
6.44 -7.93 2.39 22.14 3.34 45.877424 12.306911 0
6.10 -9.46 1.52 23.12 3.34 45.877424 12.306911 0
5.72 -6.85 1.86 24.20 3.34 45.877424 12.306911 0
5.33 -7.23 1.74 23.48 3.34 45.877424 12.306911 0
6.04 -8.78 1.73 22.74 3.00 45.877430 12.306949 1
6.51 -8.20 1.76 22.81 3.00 45.877430 12.306949 0
5.53 -8.35 2.32 23.92 3.00 45.877430 12.306949 1
5.52 -7.63 2.02 22.59 3.00 45.877430 12.306949 0
5.82 -8.12 2.48 23.38 3.00 45.877430 12.306949 0
6.12 -7.98 1.63 24.97 3.00 45.877430 12.306949 0
5.77 -7.81 2.48 22.23 3.00 45.877430 12.306949 0
5.55 -7.68 2.11 22.35 3.00 45.877430 12.306949 0
5.39 -8.03 2.09 23.56 3.00 45.877430 12.306949 0
6.17 -8.41 1.65 23.26 3.00 45.877430 12.306949 0
5.67 -8.08 1.93 23.29 3.00 45.877430 12.306949 0
5.97 -7.63 1.87 22.88 3.00 45.877430 12.306949 0
6.04 -8.64 1.91 23.60 3.00 45.877430 12.306949 0
5.87 -8.30 1.86 23.19 3.00 45.877430 12.306949 0
6.30 -7.74 0.45 23.24 3.00 45.877430 12.306949 0
5.61 -8.76 1.81 23.05 3.00 45.877430 12.306949 0
6.15 -7.95 1.87 22.64 3.00 45.877430 12.306949 0
5.87 -7.54 2.41 24.76 3.09 45.877438 12.306986 1
5.56 -7.62 2.19 23.53 3.09 45.877438 12.306986 0
5.75 -8.24 1.94 25.91 3.09 45.877438 12.306986 1
5.72 -8.09 1.24 24.01 3.09 45.877438 12.306986 0
5.43 -7.72 1.61 22.64 3.09 45.877438 12.306986 0
6.10 -8.07 1.61 23.89 3.09 45.877438 12.306986 0
5.65 -8.25 1.91 23.65 3.09 45.877438 12.306986 0
5.68 -8.03 2.35 23.17 3.09 45.877438 12.306986 0
