5.69 -7.96 1.38 23.94 2.19 45.877642 12.307558 0
5.66 -8.29 1.18 23.12 2.19 45.877642 12.307558 0
6.49 -6.68 1.11 23.12 2.19 45.877642 12.307558 0
6.38 -7.47 1.96 23.91 2.19 45.877642 12.307558 0
5.88 -6.16 1.21 24.30 2.19 45.877642 12.307558 0
7.61 -7.15 1.70 23.08 2.19 45.877642 12.307558 0
6.22 -6.82 1.37 23.60 2.19 45.877642 12.307558 0
6.51 -7.54 1.57 22.76 2.54 45.877639 12.307535 1
5.70 -8.00 1.14 22.72 2.54 45.877639 12.307535 0
5.16 -7.91 2.31 23.86 2.54 45.877639 12.307535 1
4.92 -9.94 1.76 23.75 2.54 45.877639 12.307535 0
5.59 -9.05 1.27 49.08 2.54 45.877639 12.307535 0
5.19 -7.54 2.09 23.79 2.54 45.877639 12.307535 0
5.78 -6.84 1.83 23.60 2.54 45.877639 12.307535 0
6.08 -6.75 1.25 24.85 2.54 45.877639 12.307535 0
6.65 -6.83 2.16 23.14 2.54 45.877639 12.307535 0
6.93 -7.34 1.93 23.60 2.54 45.877639 12.307535 0
6.76 -7.67 1.63 22.78 2.54 45.877639 12.307535 0
6.56 -7.16 2.09 23.26 2.54 45.877639 12.307535 0
6.89 -7.29 3.03 25.36 2.54 45.877639 12.307535 0
5.98 -7.68 2.30 23.19 2.54 45.877639 12.307535 0
5.95 -7.73 2.43 22.69 2.54 45.877639 12.307535 0
5.73 -8.42 2.02 23.56 2.54 45.877639 12.307535 0
5.41 -8.24 1.71 22.98 2.54 45.877639 12.307535 0
4.95 -7.81 2.87 23.12 2.94 45.877634 12.307504 1
5.56 -8.08 1.78 22.74 2.94 45.877634 12.307504 0
5.49 -7.31 1.71 23.02 2.94 45.877634 12.307504 1
7.15 -7.69 2.00 23.08 2.94 45.877634 12.307504 0
6.02 -7.06 2.57 23.74 2.94 45.877634 12.307504 0
6.18 -7.37 1.54 24.10 2.94 45.877634 12.307504 0
5.42 -7.56 0.63 23.32 2.94 45.877634 12.307504 0
5.81 -8.06 1.50 23.14 2.94 45.877634 12.307504 0
6.20 -7.64 0.98 22.55 2.94 45.877634 12.307504 0
6.87 -8.01 1.19 22.98 2.94 45.877634 12.307504 0
7.47 -6.92 1.27 27.25 2.94 45.877634 12.307504 0
5.12 -7.59 2.24 23.92 2.94 45.877634 12.307504 0
5.52 -8.05 2.05 25.04 2.94 45.877634 12.307504 0
5.67 -9.35 3.00 23.19 2.94 45.877634 12.307504 0
6.19 -7.52 1.99 23.34 2.94 45.877634 12.307504 0
5.84 -7.76 2.22 23.46 2.94 45.877634 12.307504 0
6.46 -7.78 2.28 22.98 2.94 45.877634 12.307504 0
6.63 -7.95 2.26 23.05 3.14 45.877626 12.307471 1
5.59 -7.58 1.90 22.72 3.14 45.877626 12.307471 0
6.94 -7.82 1.62 25.06 3.14 45.877626 12.307471 1
6.11 -7.11 1.71 23.50 3.14 45.877626 12.307471 0
6.29 -7.23 1.97 23.10 3.14 45.877626 12.307471 0
5.76 -8.62 1.91 23.08 3.14 45.877626 12.307471 0
6.00 -7.51 1.36 22.69 3.14 45.877626 12.307471 0
5.67 -7.66 1.67 22.84 3.14 45.877626 12.307471 0
5.98 -7.39 2.01 26.41 3.14 45.877626 12.307471 0
6.85 -8.45 2.12 24.46 3.14 45.877626 12.307471 0
5.93 -7.78 1.43 22.48 3.14 45.877626 12.307471 0
6.93 -7.56 2.21 23.44 3.14 45.877626 12.307471 0
6.29 -7.23 2.04 22.79 3.14 45.877626 12.307471 0
6.27 -7.57 1.08 23.19 3.14 45.877626 12.307471 0
5.49 -7.83 1.69 23.79 3.14 45.877626 12.307471 0
5.42 -6.47 1.41 25.38 3.14 45.877626 12.307471 0
5.64 -7.43 0.52 23.08 3.14 45.877626 12.307471 0
6.04 -7.97 1.39 25.43 3.16 45.877626 12.307434 1
5.74 -7.83 1.57 22.88 3.16 45.877626 12.307434 0
5.32 -6.76 2.53 22.78 3.16 45.877626 12.307434 1
6.14 -7.99 2.41 23.89 3.16 45.877626 12.307434 0
6.73 -7.20 2.31 23.20 3.16 45.877626 12.307434 0
6.14 -8.22 1.39 23.27 3.16 45.877626 12.307434 0
5.81 -7.08 1.61 22.67 3.16 45.877626 12.307434 0
5.80 -7.81 1.91 22.78 3.16 45.877626 12.307434 0
6.86 -8.74 1.45 23.86 3.16 45.877626 12.307434 0
5.82 -7.30 2.57 23.44 3.16 45.877626 12.307434 0
6.19 -7.15 1.67 23.19 3.16 45.877626 12.307434 0
5.90 -8.20 1.76 23.75 3.16 45.877626 12.307434 0
5.97 -7.79 2.70 23.36 3.16 45.877626 12.307434 0
5.73 -7.84 2.39 23.44 3.16 45.877626 12.307434 0
5.68 -7.68 1.87 23.43 3.16 45.877626 12.307434 0
5.79 -7.94 1.73 22.91 3.16 45.877626 12.307434 0
5.31 -7.60 1.95 22.72 2.91 45.877626 12.307397 1
4.56 -8.28 1.32 22.40 2.91 45.877626 12.307397 0
6.57 -7.33 1.10 22.93 2.91 45.877626 12.307397 1
5.16 -7.67 0.41 54.54 2.91 45.877626 12.307397 0
6.42 -7.97 1.21 23.17 2.91 45.877626 12.307397 0
6.44 -8.25 2.38 22.64 2.91 45.877626 12.307397 0
5.88 -6.94 1.97 22.74 2.91 45.877626 12.307397 0
6.29 -8.38 1.62 22.35 2.91 45.877626 12.307397 0
5.66 -8.05 1.33 23.67 2.91 45.877626 12.307397 0
6.96 -7.79 0.58 23.39 2.91 45.877626 12.307397 0
5.65 -7.11 1.01 24.71 2.91 45.877626 12.307397 0
6.00 -7.51 2.47 25.57 2.91 45.877626 12.307397 0
6.37 -7.41 1.50 23.60 2.91 45.877626 12.307397 0
6.64 -9.13 1.39 23.19 2.91 45.877626 12.307397 0
6.38 -8.75 1.99 23.08 2.91 45.877626 12.307397 0
6.05 -7.59 2.36 23.20 2.91 45.877626 12.307397 0
6.14 -7.76 2.00 24.35 2.91 45.877626 12.307397 0
4.94 -6.69 1.73 23.48 3.53 45.877619 12.307357 1
5.86 -7.81 1.46 23.63 3.53 45.877619 12.307357 0
5.87 -8.34 1.70 23.55 3.53 45.877619 12.307357 1
5.69 -7.52 2.00 24.42 3.53 45.877619 12.307357 0
6.09 -9.35 1.59 22.60 3.53 45.877619 12.307357 0
5.98 -6.71 1.66 22.67 3.53 45.877619 12.307357 0
6.24 -7.89 1.65 22.67 3.53 45.877619 12.307357 0
5.89 -8.44 1.60 23.53 3.53 45.877619 12.307357 0
5.76 -7.89 1.85 23.14 3.53 45.877619 12.307357 0
5.63 -7.65 1.86 22.71 3.53 45.877619 12.307357 0
5.94 -7.78 1.85 23.62 3.53 45.877619 12.307357 0
6.43 -7.54 1.61 23.60 3.53 45.877619 12.307357 0
6.08 -8.14 1.51 23.19 3.53 45.877619 12.307357 0
5.97 -8.55 1.13 23.05 3.53 45.877619 12.307357 0
5.59 -8.25 1.93 24.08 3.53 45.877619 12.307357 0
5.60 -7.68 2.16 22.72 3.53 45.877619 12.307357 0
6.30 -7.51 1.67 22.57 3.53 45.877619 12.307357 0
5.92 -7.79 2.09 23.38 3.26 45.877609 12.307319 1
6.45 -7.58 1.94 28.67 3.26 45.877609 12.307319 0
6.17 -7.56 2.02 22.98 3.26 45.877609 12.307319 1
6.23 -7.65 1.85 22.96 3.26 45.877609 12.307319 0
5.87 -7.94 1.84 22.67 3.26 45.877609 12.307319 0
5.43 -8.23 1.85 23.14 3.26 45.877609 12.307319 0
5.46 -7.74 1.52 24.30 3.26 45.877609 12.307319 0
5.73 -8.01 2.32 22.76 3.26 45.877609 12.307319 0
6.05 -7.84 1.75 23.24 3.26 45.877609 12.307319 0
6.04 -7.86 2.35 22.88 3.26 45.877609 12.307319 0
6.38 -7.73 2.07 23.51 3.26 45.877609 12.307319 0
6.28 -7.75 1.85 24.66 3.26 45.877609 12.307319 0
6.02 -7.41 2.50 23.94 3.26 45.877609 12.307319 0
6.30 -7.71 2.12 22.98 3.26 45.877609 12.307319 0
6.44 -7.53 1.42 23.72 3.26 45.877609 12.307319 0
5.86 -8.09 1.36 23.24 3.26 45.877609 12.307319 0
5.49 -8.45 1.77 23.14 3.26 45.877609 12.307319 0
5.13 -7.71 1.25 22.69 3.50 45.877600 12.307278 1
5.44 -8.04 2.27 22.42 3.50 45.877600 12.307278 0
6.25 -8.13 2.05 22.86 3.50 45.877600 12.307278 1
6.37 -7.38 1.97 22.36 3.50 45.877600 12.307278 0
6.23 -7.74 2.14 22.64 3.50 45.877600 12.307278 0
6.38 -7.38 1.97 23.58 3.50 45.877600 12.307278 0
6.22 -7.34 2.15 23.05 3.50 45.877600 12.307278 0
6.03 -7.83 2.67 23.29 3.50 45.877600 12.307278 0
6.65 -8.01 1.92 23.63 3.50 45.877600 12.307278 0
5.88 -7.60 2.21 22.83 3.50 45.877600 12.307278 0
5.91 -8.26 2.11 22.90 3.50 45.877600 12.307278 0
5.43 -7.45 1.62 22.84 3.50 45.877600 12.307278 0
5.32 -7.78 1.87 22.69 3.50 45.877600 12.307278 0
5.92 -8.40 1.76 23.14 3.50 45.877600 12.307278 0
5.70 -7.47 1.68 23.24 3.50 45.877600 12.307278 0
6.37 -7.53 2.01 23.22 3.50 45.877600 12.307278 0
6.49 -7.52 1.38 23.19 3.72 45.877589 12.307234 1
6.05 -8.06 1.60 22.95 3.72 45.877589 12.307234 0
6.28 -8.13 2.06 22.47 3.72 45.877589 12.307234 1
6.22 -7.93 1.83 22.26 3.72 45.877589 12.307234 0
5.76 -7.68 1.37 29.81 3.72 45.877589 12.307234 0
5.29 -7.77 1.45 22.64 3.72 45.877589 12.307234 0
6.01 -8.05 2.06 22.26 3.72 45.877589 12.307234 0
5.97 -7.40 1.70 23.05 3.72 45.877589 12.307234 0
6.19 -8.02 2.10 23.29 3.72 45.877589 12.307234 0
6.10 -7.52 2.11 23.60 3.72 45.877589 12.307234 0
6.08 -8.18 2.20 23.10 3.72 45.877589 12.307234 0
6.31 -8.11 1.94 23.50 3.72 45.877589 12.307234 0
6.16 -7.63 2.31 23.14 3.72 45.877589 12.307234 0
5.99 -7.81 2.57 24.10 3.72 45.877589 12.307234 0
5.60 -8.22 2.12 23.15 3.72 45.877589 12.307234 0
5.77 -7.68 1.47 22.78 3.72 45.877589 12.307234 0
5.88 -7.47 1.31 22.67 3.72 45.877589 12.307234 0
5.73 -7.57 1.66 23.08 3.54 45.877582 12.307189 1
6.11 -7.15 1.50 23.02 3.54 45.877582 12.307189 0
6.23 -7.68 1.62 22.67 3.54 45.877582 12.307189 1
6.32 -7.32 1.80 23.00 3.54 45.877582 12.307189 0
6.04 -7.93 1.59 22.52 3.54 45.877582 12.307189 0
6.42 -7.75 1.74 23.03 3.54 45.877582 12.307189 0
6.12 -7.68 1.85 23.08 3.54 45.877582 12.307189 0
5.93 -7.73 2.24 22.64 3.54 45.877582 12.307189 0
5.66 -7.95 1.54 22.69 3.54 45.877582 12.307189 0
5.24 -7.50 1.85 32.24 3.54 45.877582 12.307189 0
6.34 -8.03 1.87 23.19 3.54 45.877582 12.307189 0
6.21 -7.51 1.89 23.20 3.54 45.877582 12.307189 0
6.13 -8.25 2.11 23.20 3.54 45.877582 12.307189 0
5.51 -7.39 1.79 23.19 3.54 45.877582 12.307189 0
6.26 -8.31 1.93 23.65 3.54 45.877582 12.307189 0
6.04 -8.02 1.64 23.65 3.54 45.877582 12.307189 0
5.77 -6.87 1.57 22.69 3.54 45.877582 12.307189 0
6.10 -8.21 2.30 23.53 3.30 45.877575 12.307147 1
5.61 -7.57 1.62 23.82 3.30 45.877575 12.307147 0
5.65 -8.13 1.82 23.46 3.30 45.877575 12.307147 1
5.96 -8.13 1.99 23.08 3.30 45.877575 12.307147 0
5.49 -7.35 1.56 23.98 3.30 45.877575 12.307147 0
5.92 -7.31 1.77 23.08 3.30 45.877575 12.307147 0
6.57 -7.35 1.68 24.51 3.30 45.877575 12.307147 0
6.92 -7.91 1.97 23.19 3.30 45.877575 12.307147 0
5.95 -7.68 0.89 23.98 3.30 45.877575 12.307147 0
5.95 -8.41 1.91 27.39 3.30 45.877575 12.307147 0
5.71 -7.88 1.62 23.56 3.30 45.877575 12.307147 0
6.17 -8.09 1.85 23.51 3.30 45.877575 12.307147 0
5.44 -8.14 1.97 24.16 3.30 45.877575 12.307147 0
5.65 -7.85 1.66 24.10 3.30 45.877575 12.307147 0
6.12 -7.17 1.85 24.51 3.30 45.877575 12.307147 0
5.95 -7.58 2.32 23.41 3.30 45.877575 12.307147 0
5.88 -7.85 2.48 23.12 3.30 45.877575 12.307147 0
6.41 -7.86 1.47 23.39 3.69 45.877567 12.307103 1
5.65 -7.21 1.75 23.08 3.69 45.877567 12.307103 0
5.80 -7.68 1.60 24.75 3.69 45.877567 12.307103 1
5.53 -7.96 1.95 22.98 3.69 45.877567 12.307103 0
5.77 -7.88 1.88 23.60 3.69 45.877567 12.307103 0
5.91 -8.38 1.62 23.02 3.69 45.877567 12.307103 0
5.91 -7.58 1.58 23.08 3.69 45.877567 12.307103 0
5.87 -8.23 2.39 23.68 3.69 45.877567 12.307103 0
5.73 -7.50 1.24 23.19 3.69 45.877567 12.307103 0
6.18 -7.30 1.63 23.24 3.69 45.877567 12.307103 0
5.32 -7.05 2.65 23.29 3.69 45.877567 12.307103 0
6.08 -8.01 1.64 23.19 3.69 45.877567 12.307103 0
6.17 -8.17 2.21 24.42 3.69 45.877567 12.307103 0
5.77 -7.88 2.11 23.29 3.69 45.877567 12.307103 0
5.21 -8.53 2.34 22.93 3.69 45.877567 12.307103 0
5.77 -8.24 1.48 23.03 3.69 45.877567 12.307103 0
6.09 -8.20 2.02 22.64 3.69 45.877567 12.307103 0
5.98 -7.58 1.73 23.53 3.78 45.877559 12.307054 1
5.68 -7.65 1.51 23.36 3.78 45.877559 12.307054 0
5.71 -7.39 1.73 22.72 3.78 45.877559 12.307054 1
6.85 -7.29 1.46 22.67 3.78 45.877559 12.307054 0
5.64 -8.45 2.85 23.50 3.78 45.877559 12.307054 0
5.88 -7.87 2.23 23.02 3.78 45.877559 12.307054 0
5.56 -7.60 2.09 23.41 3.78 45.877559 12.307054 0
5.60 -8.03 1.87 23.63 3.78 45.877559 12.307054 0
6.02 -7.89 1.47 23.65 3.78 45.877559 12.307054 0
5.97 -7.67 1.17 24.20 3.78 45.877559 12.307054 0
5.52 -7.58 1.79 22.88 3.78 45.877559 12.307054 0
6.06 -7.54 2.07 23.15 3.78 45.877559 12.307054 0
6.54 -7.76 1.55 23.19 3.78 45.877559 12.307054 0
5.95 -7.01 1.91 23.60 3.78 45.877559 12.307054 0
5.80 -7.86 1.24 23.08 3.78 45.877559 12.307054 0
5.80 -8.05 2.31 22.60 3.78 45.877559 12.307054 0
5.04 -7.86 2.31 24.25 3.32 45.877551 12.307011 1
5.44 -7.75 1.95 23.15 3.32 45.877551 12.307011 0
5.23 -8.41 1.53 24.39 3.32 45.877551 12.307011 1
5.24 -7.76 1.36 22.54 3.32 45.877551 12.307011 0
5.86 -7.60 1.53 25.79 3.32 45.877551 12.307011 0
5.62 -7.67 2.54 23.53 3.32 45.877551 12.307011 0
6.03 -7.45 1.75 23.72 3.32 45.877551 12.307011 0
5.91 -8.04 1.80 23.07 3.32 45.877551 12.307011 0
6.59 -7.96 2.08 24.30 3.32 45.877551 12.307011 0
6.60 -7.64 1.50 26.46 3.32 45.877551 12.307011 0
5.83 -7.91 1.84 23.31 3.32 45.877551 12.307011 0
5.40 -7.24 2.19 23.39 3.32 45.877551 12.307011 0
5.44 -7.67 1.84 25.97 3.32 45.877551 12.307011 0
6.04 -8.25 2.42 23.46 3.32 45.877551 12.307011 0
6.09 -7.59 1.62 23.15 3.32 45.877551 12.307011 0
5.60 -7.49 1.90 23.34 3.32 45.877551 12.307011 0
6.32 -7.64 2.03 23.55 3.32 45.877551 12.307011 0
5.31 -7.11 1.72 24.10 3.66 45.877540 12.306968 1
5.78 -8.01 1.46 22.57 3.66 45.877540 12.306968 0
6.63 -7.68 1.04 22.62 3.66 45.877540 12.306968 1
6.05 -7.62 1.29 22.71 3.66 45.877540 12.306968 0
6.03 -7.86 0.96 22.98 3.66 45.877540 12.306968 0
5.08 -7.78 1.90 22.67 3.66 45.877540 12.306968 0
5.93 -8.17 1.80 23.03 3.66 45.877540 12.306968 0
6.31 -8.16 1.76 22.62 3.66 45.877540 12.306968 0
6.36 -8.01 1.82 23.20 3.66 45.877540 12.306968 0
5.59 -7.35 1.74 27.18 3.66 45.877540 12.306968 0
6.38 -7.88 2.12 22.78 3.66 45.877540 12.306968 0
6.19 -7.03 1.47 22.67 3.66 45.877540 12.306968 0
5.73 -8.26 1.79 23.05 3.66 45.877540 12.306968 0
5.46 -7.95 2.03 23.08 3.66 45.877540 12.306968 0
5.85 -7.66 1.69 25.28 3.66 45.877540 12.306968 0
5.53 -8.14 2.05 22.47 3.66 45.877540 12.306968 0
5.24 -7.84 1.94 23.96 3.66 45.877540 12.306968 0
5.55 -8.45 2.38 22.40 3.73 45.877529 12.306921 1
6.15 -7.15 1.47 22.31 3.73 45.877529 12.306921 0
4.46 -6.27 1.73 22.48 3.73 45.877529 12.306921 1
9.18 -7.60 1.35 21.35 3.73 45.877529 12.306921 0
11.36 -8.16 3.06 22.31 3.73 45.877529 12.306921 0
4.98 -6.63 1.83 24.94 3.73 45.877529 12.306921 0
5.03 -6.55 3.34 23.19 3.73 45.877529 12.306921 0
9.79 -10.04 -4.49 22.09 3.73 45.877529 12.306921 0
5.93 -13.71 -1.81 22.38 3.73 45.877529 12.306921 0
7.97 -10.06 2.22 23.08 3.73 45.877529 12.306921 0
2.96 -4.74 1.90 25.28 3.73 45.877529 12.306921 0
6.18 -8.83 1.02 22.09 3.73 45.877529 12.306921 0
7.42 -9.02 2.72 20.70 3.73 45.877529 12.306921 0
5.04 -12.36 1.77 21.78 3.73 45.877529 12.306921 0
5.78 -4.84 2.15 22.54 3.73 45.877529 12.306921 0
7.19 -7.15 1.57 21.92 3.73 45.877529 12.306921 0
6.39 -8.05 1.91 22.45 3.73 45.877529 12.306921 0
6.44 -8.62 2.21 26.99 4.04 45.877510 12.306878 1
6.41 -9.92 1.54 22.43 4.04 45.877510 12.306878 0
4.44 -6.06 1.30 23.00 4.04 45.877510 12.306878 1
4.81 -9.56 0.72 21.92 4.04 45.877510 12.306878 0
6.25 -8.54 1.09 22.07 4.04 45.877510 12.306878 0
5.56 -7.69 1.37 22.23 4.04 45.877510 12.306878 0
5.31 -7.06 1.77 22.47 4.04 45.877510 12.306878 0
6.57 -6.80 1.72 23.46 4.04 45.877510 12.306878 0
9.01 -6.78 2.31 23.60 4.04 45.877510 12.306878 0
1.32 -5.74 2.53 22.43 4.04 45.877510 12.306878 0
7.49 -4.75 -1.86 23.14 4.04 45.877510 12.306878 0
7.05 -7.97 -1.18 25.50 4.04 45.877510 12.306878 0
5.96 -6.77 0.82 29.74 4.04 45.877510 12.306878 0
2.60 -2.89 1.17 22.62 4.04 45.877510 12.306878 0
19.61 -19.61 -1.12 21.81 4.04 45.877510 12.306878 0
5.72 -8.64 -0.74 21.63 4.04 45.877510 12.306878 0
4.87 -4.82 0.38 22.78 4.04 45.877510 12.306878 0
4.51 -7.08 1.81 24.44 3.82 45.877483 12.306843 1
5.37 -5.55 1.27 24.04 3.82 45.877483 12.306843 0
6.40 -7.28 0.13 24.44 3.82 45.877483 12.306843 1
5.70 -9.78 1.39 22.31 3.82 45.877483 12.306843 0
5.08 -8.31 0.59 22.14 3.82 45.877483 12.306843 0
5.36 -8.12 0.89 23.00 3.82 45.877483 12.306843 0
6.15 -8.10 1.50 23.12 3.82 45.877483 12.306843 0
5.35 -6.51 2.16 24.01 3.82 45.877483 12.306843 0
6.78 -8.05 2.01 23.12 3.82 45.877483 12.306843 0
6.62 -9.33 1.20 22.21 3.82 45.877483 12.306843 0
6.20 -6.46 1.71 22.38 3.82 45.877483 12.306843 0
7.39 -9.23 1.10 22.14 3.82 45.877483 12.306843 0
7.25 -8.59 1.34 22.69 3.82 45.877483 12.306843 0
8.39 -7.29 2.21 22.28 3.82 45.877483 12.306843 0
5.87 -8.60 3.74 28.38 3.82 45.877483 12.306843 0
5.34 -7.68 2.28 26.12 3.82 45.877483 12.306843 0
7.32 -9.79 1.42 23.36 3.84 45.877451 12.306830 1
5.94 -10.14 2.58 21.09 3.84 45.877451 12.306830 0
6.36 -9.52 2.14 21.27 3.84 45.877451 12.306830 1
5.96 -8.12 1.52 21.42 3.84 45.877451 12.306830 0
6.37 -7.38 2.50 21.56 3.84 45.877451 12.306830 0
6.07 -8.58 1.88 23.17 3.84 45.877451 12.306830 0
5.55 -6.96 2.28 21.83 3.84 45.877451 12.306830 0
5.79 -9.92 1.50 24.13 3.84 45.877451 12.306830 0
5.09 -7.99 1.59 22.05 3.84 45.877451 12.306830 0
6.78 -8.06 1.35 21.85 3.84 45.877451 12.306830 0
5.60 -7.26 1.96 21.11 3.84 45.877451 12.306830 0
9.00 -12.75 2.97 21.63 3.84 45.877451 12.306830 0
5.94 -9.02 1.50 26.70 3.84 45.877451 12.306830 0
4.14 -6.72 1.50 23.26 3.84 45.877451 12.306830 0
4.51 -4.47 1.04 22.17 3.84 45.877451 12.306830 0
6.19 -13.75 0.87 21.27 3.84 45.877451 12.306830 0
6.75 -8.73 2.53 20.96 3.84 45.877451 12.306830 0
5.78 -7.59 1.96 22.50 4.04 45.877420 12.306847 1
4.16 -5.67 2.04 24.58 4.04 45.877420 12.306847 0
5.55 -9.13 0.69 23.63 4.04 45.877420 12.306847 1
6.05 -7.47 3.36 22.07 4.04 45.877420 12.306847 0
7.58 -12.22 2.49 21.56 4.04 45.877420 12.306847 0
5.77 -9.73 3.00 22.07 4.04 45.877420 12.306847 0
6.76 -9.49 2.67 21.64 4.04 45.877420 12.306847 0
5.70 -8.98 2.19 21.97 4.04 45.877420 12.306847 0
4.89 -6.95 2.73 22.96 4.04 45.877420 12.306847 0
2.90 -6.87 2.59 21.99 4.04 45.877420 12.306847 0
5.82 -7.25 1.61 22.84 4.04 45.877420 12.306847 0
9.08 -9.06 1.84 22.79 4.04 45.877420 12.306847 0
4.72 -8.48 2.43 28.30 4.04 45.877420 12.306847 0
5.26 -6.92 0.10 24.83 4.04 45.877420 12.306847 0
5.13 -6.84 0.86 23.96 4.04 45.877420 12.306847 0
10.47 -15.20 2.75 21.03 4.04 45.877420 12.306847 0
6.88 -6.06 1.75 21.66 4.04 45.877420 12.306847 0
4.90 -6.90 1.96 22.98 3.61 45.877405 12.306886 1
6.55 -6.92 1.19 22.19 3.61 45.877405 12.306886 0
6.28 -7.13 1.59 25.14 3.61 45.877405 12.306886 1
5.95 -8.43 1.38 22.12 3.61 45.877405 12.306886 0
5.94 -9.20 1.89 23.03 3.61 45.877405 12.306886 0
5.64 -8.08 3.00 23.62 3.61 45.877405 12.306886 0
5.04 -7.76 1.94 22.33 3.61 45.877405 12.306886 0
6.22 -8.32 2.38 22.52 3.61 45.877405 12.306886 0
5.92 -8.51 2.58 22.54 3.61 45.877405 12.306886 0
6.65 -8.32 2.58 22.40 3.61 45.877405 12.306886 0
5.52 -7.89 1.50 23.27 3.61 45.877405 12.306886 0
5.42 -8.18 2.33 22.52 3.61 45.877405 12.306886 0
5.55 -7.94 2.35 22.50 3.61 45.877405 12.306886 0
5.11 -8.01 1.78 22.90 3.61 45.877405 12.306886 0
4.99 -7.42 1.18 22.74 3.61 45.877405 12.306886 0
5.25 -7.32 1.65 23.41 3.61 45.877405 12.306886 0
5.88 -8.25 1.45 22.12 3.61 45.877405 12.306886 0
6.51 -7.17 1.57 22.57 3.59 45.877410 12.306929 1
7.82 -8.95 2.07 22.79 3.59 45.877410 12.306929 0
5.60 -7.47 2.22 23.53 3.59 45.877410 12.306929 1
5.70 -5.73 1.76 23.31 3.59 45.877410 12.306929 0
6.22 -8.72 2.03 22.98 3.59 45.877410 12.306929 0
6.68 -8.65 1.72 23.92 3.59 45.877410 12.306929 0
5.71 -7.93 1.75 22.40 3.59 45.877410 12.306929 0
5.58 -8.69 1.92 23.03 3.59 45.877410 12.306929 0
4.91 -8.09 1.83 23.05 3.59 45.877410 12.306929 0
5.03 -7.76 2.20 22.81 3.59 45.877410 12.306929 0
5.55 -7.01 1.84 24.95 3.59 45.877410 12.306929 0
6.18 -7.18 1.84 23.10 3.59 45.877410 12.306929 0
7.01 -8.39 1.27 23.58 3.59 45.877410 12.306929 0
7.72 -8.68 1.73 22.96 3.59 45.877410 12.306929 0
6.73 -8.65 1.84 22.86 3.59 45.877410 12.306929 0
5.64 -7.62 1.92 23.15 3.59 45.877410 12.306929 0
5.47 -7.69 1.96 25.09 3.59 45.877410 12.306929 0
5.20 -8.41 2.18 24.66 3.54 45.877420 12.306973 1
6.55 -7.63 2.20 23.02 3.54 45.877420 12.306973 0
5.16 -8.29 1.99 23.63 3.54 45.877420 12.306973 1
5.26 -8.32 2.55 23.43 3.54 45.877420 12.306973 0
5.62 -7.69 2.07 22.59 3.54 45.877420 12.306973 0
6.60 -7.53 2.24 22.55 3.54 45.877420 12.306973 0
6.12 -7.36 2.72 23.86 3.54 45.877420 12.306973 0
6.18 -7.55 1.53 23.48 3.54 45.877420 12.306973 0
6.02 -8.21 0.95 28.88 3.54 45.877420 12.306973 0
