5.66 -8.21 2.17 21.45 3.01 45.408173 11.889508 1 0
5.66 -8.22 2.17 21.45 3.01 45.408173 11.889508 1 0
5.66 -8.21 2.15 21.45 3.01 45.408173 11.889508 1 0
5.66 -8.21 2.16 21.46 3.01 45.408173 11.889508 1 0
5.67 -8.2 2.15 21.45 3.01 45.408173 11.889508 1 0
5.66 -8.21 2.16 21.45 3.01 45.408173 11.889508 1 0
5.66 -8.2 2.17 21.45 3.01 45.408173 11.889508 1 0
5.66 -8.21 2.16 21.45 3.01 45.408173 11.889508 1 0
5.67 -8.2 2.17 21.46 3.01 45.408173 11.889508 1 0
5.65 -8.22 2.17 21.44 3.01 45.408173 11.889508 1 0
5.65 -8.21 2.16 21.44 3.01 45.408173 11.889508 1 0
5.65 -8.21 2.15 21.45 3.01 45.408173 11.889508 1 0
5.65 -8.2 2.16 21.46 3.01 45.408173 11.889508 1 0
5.66 -8.21 2.16 21.45 3.01 45.408173 11.889508 1 0
5.66 -8.21 2.15 21.44 3.01 45.408173 11.889508 1 0
5.66 -8.21 2.16 21.45 3.01 45.408173 11.889508 1 0
5.65 -8.21 2.16 21.45 3.01 45.408173 11.889508 1 0
5.66 -8.21 2.16 21.44 3.01 45.408173 11.889508 1 0
5.66 -8.21 2.15 21.45 3.01 45.408173 11.889508 1 0
5.66 -8.21 2.17 21.44 3.01 45.408173 11.889508 1 0
5.66 -8.2 2.16 21.44 3.01 45.408173 11.889508 1 0
5.67 -8.2 2.17 21.44 3.01 45.408173 11.889508 1 0
5.67 -8.21 2.17 21.45 3.01 45.408173 11.889508 1 0
5.65 -8.21 2.16 21.46 3.01 45.408173 11.889508 1 0
5.66 -8.22 2.16 21.45 3.01 45.408173 11.889508 1 0
5.66 -8.21 2.15 21.45 3.01 45.408173 11.889508 1 0
5.67 -8.21 2.16 21.44 3.01 45.408173 11.889508 1 0
5.66 -8.22 2.16 21.44 3.01 45.408173 11.889508 1 0
5.65 -8.21 2.16 21.45 3.01 45.408173 11.889508 1 0
5.65 -8.21 2.16 21.45 3.01 45.408173 11.889508 1 0
5.65 -8.21 2.16 21.46 3.01 45.408173 11.889508 1 0
5.67 -8.2 2.16 21.45 3.01 45.408173 11.889508 1 0
5.67 -8.2 2.15 21.45 3.01 45.408173 11.889508 1 0
5.65 -8.2 2.17 21.44 3.01 45.408173 11.889508 1 0
5.67 -8.21 2.16 21.45 3.01 45.408173 11.889508 1 0
