5.87 -7.73 2.31 21.73 2.34 45.407779 11.899451 0 0
6.08 -8.62 2.22 21.61 2.34 45.407779 11.899451 1 0
5.74 -8.43 1.93 22.05 2.34 45.407779 11.899451 0 0
5.49 -7.05 1.81 22.19 2.34 45.407779 11.899451 1 0
5.7 -6.64 1.79 21.73 2.34 45.407779 11.899451 1 0
6.03 -7.64 1.59 21.44 2.34 45.407779 11.899451 1 0
6.18 -8.26 1.47 21.66 2.34 45.407779 11.899451 1 0
6.35 -7.99 1.67 21.25 2.34 45.407779 11.899451 1 0
6.53 -7.83 1.79 21.69 2.34 45.407779 11.899451 1 0
6.28 -7.7 1.59 22.66 2.34 45.407779 11.899451 1 0
5.7 -7.01 1.54 22.95 2.34 45.407779 11.899451 1 0
5.6 -6.77 1.75 22.5 2.34 45.407779 11.899451 1 0
6.17 -8.02 1.67 22.91 2.34 45.407779 11.899451 1 0
6.58 -9.41 1.39 21.61 2.34 45.407779 11.899451 1 0
6.17 -9.12 1.57 21.85 2.34 45.407779 11.899451 1 0
5.46 -7.76 2.06 22.0 2.34 45.407779 11.899451 1 0
5.37 -7.14 2.07 22.4 2.34 45.407779 11.899451 1 0
6.0 -7.51 1.74 21.69 2.34 45.407779 11.899451 1 0
6.53 -7.94 1.69 21.44 2.8 45.407783 11.899489 0 0
6.45 -7.9 1.84 21.57 2.8 45.407783 11.899489 1 0
6.13 -7.45 1.91 21.93 2.8 45.407783 11.899489 0 0
6.09 -7.0 2.06 22.09 2.8 45.407783 11.899489 1 0
6.25 -7.18 2.31 21.42 2.8 45.407783 11.899489 1 0
6.25 -7.91 2.37 22.66 2.8 45.407783 11.899489 1 0
6.08 -8.3 2.25 22.38 2.8 45.407783 11.899489 1 0
5.84 -7.96 2.12 22.4 2.8 45.407783 11.899489 1 0
5.55 -7.54 1.92 22.5 2.8 45.407783 11.899489 1 0
5.43 -7.7 1.72 21.75 2.8 45.407783 11.899489 1 0
5.77 -8.29 1.68 21.8 2.8 45.407783 11.899489 1 0
6.3 -8.53 1.73 21.75 2.8 45.407783 11.899489 1 0
6.42 -7.99 1.74 22.04 2.8 45.407783 11.899489 1 0
6.1 -7.22 1.76 22.31 2.8 45.407783 11.899489 1 0
5.92 -7.08 1.73 22.28 2.8 45.407783 11.899489 1 0
6.13 -7.58 1.55 21.95 2.8 45.407783 11.899489 1 0
6.31 -8.12 1.5 21.44 2.8 45.407783 11.899489 1 0
