5.91 -7.94 1.8 21.78 2.98 45.407751 11.899333 0 0
5.93 -7.56 1.69 22.33 2.98 45.407751 11.899333 1 0
6.02 -7.47 1.62 22.26 2.98 45.407751 11.899333 0 0
6.15 -7.6 1.75 21.68 2.98 45.407751 11.899333 1 0
6.18 -7.78 1.83 21.73 2.98 45.407751 11.899333 1 0
6.09 -7.86 1.72 22.64 2.98 45.407751 11.899333 1 0
6.05 -7.68 1.64 21.78 2.98 45.407751 11.899333 1 0
6.11 -7.47 1.76 22.64 2.98 45.407751 11.899333 1 0
6.03 -7.67 1.88 21.9 2.98 45.407751 11.899333 1 0
5.71 -8.06 1.82 21.9 2.98 45.407751 11.899333 1 0
5.51 -8.11 1.71 22.76 2.98 45.407751 11.899333 1 0
5.71 -7.91 1.71 22.35 2.98 45.407751 11.899333 1 0
5.96 -7.88 1.79 22.31 2.98 45.407751 11.899333 1 0
5.96 -7.84 1.87 22.76 2.98 45.407751 11.899333 1 0
6.01 -7.63 1.89 21.95 2.98 45.407751 11.899333 1 0
6.2 -7.65 1.94 21.85 2.98 45.407751 11.899333 1 0
6.2 -7.88 2.04 23.02 2.98 45.407751 11.899333 1 0
6.13 -7.82 1.99 22.16 2.98 45.407751 11.899333 1 0
6.24 -7.6 1.81 22.24 2.23 45.407764 11.899359 0 0
6.13 -7.75 1.9 21.83 2.23 45.407764 11.899359 1 0
5.64 -8.01 2.28 22.26 2.23 45.407764 11.899359 0 0
5.48 -7.87 2.51 23.1 2.23 45.407764 11.899359 1 0
5.87 -7.72 2.44 21.39 2.23 45.407764 11.899359 1 0
5.99 -7.91 2.35 22.24 2.23 45.407764 11.899359 1 0
5.67 -8.02 2.19 22.19 2.23 45.407764 11.899359 1 0
5.67 -7.86 1.92 23.29 2.23 45.407764 11.899359 1 0
6.08 -7.76 1.89 22.45 2.23 45.407764 11.899359 1 0
6.25 -7.67 2.11 22.6 2.23 45.407764 11.899359 1 0
6.09 -7.47 1.97 22.11 2.23 45.407764 11.899359 1 0
5.95 -7.54 1.55 21.97 2.23 45.407764 11.899359 1 0
5.94 -7.9 1.45 21.95 2.23 45.407764 11.899359 1 0
6.1 -7.88 1.56 21.95 2.23 45.407764 11.899359 1 0
6.33 -7.53 1.42 21.95 2.23 45.407764 11.899359 1 0
6.22 -7.61 1.29 22.0 2.23 45.407764 11.899359 1 0
5.79 -7.98 1.47 21.44 2.23 45.407764 11.899359 1 0
