5.86 -7.68 1.57 21.69 3.21 45.407860 11.899760 1 0
5.87 -7.68 1.56 21.68 3.21 45.407860 11.899760 1 0
5.87 -7.68 1.56 21.7 3.21 45.407860 11.899760 1 0
5.87 -7.68 1.57 21.7 3.21 45.407860 11.899760 1 0
5.87 -7.69 1.57 21.69 3.21 45.407860 11.899760 1 0
5.87 -7.7 1.57 21.7 3.21 45.407860 11.899760 1 0
5.87 -7.69 1.56 21.69 3.21 45.407860 11.899760 1 0
5.86 -7.68 1.56 21.69 3.21 45.407860 11.899760 1 0
5.87 -7.68 1.56 21.69 3.21 45.407860 11.899760 1 0
5.87 -7.69 1.56 21.68 3.21 45.407860 11.899760 1 0
5.87 -7.69 1.57 21.69 3.21 45.407860 11.899760 1 0
5.86 -7.69 1.57 21.69 3.21 45.407860 11.899760 1 0
5.86 -7.69 1.57 21.68 3.21 45.407860 11.899760 1 0
5.87 -7.69 1.57 21.69 3.21 45.407860 11.899760 1 0
5.88 -7.69 1.57 21.68 3.21 45.407860 11.899760 1 0
5.87 -7.69 1.57 21.68 3.21 45.407860 11.899760 1 0
5.87 -7.69 1.57 21.7 3.21 45.407860 11.899760 1 0
5.86 -7.69 1.57 21.68 3.21 45.407860 11.899760 1 0
5.86 -7.69 1.58 21.69 3.21 45.407860 11.899760 1 0
5.87 -7.7 1.57 21.68 3.21 45.407860 11.899760 1 0
5.87 -7.69 1.56 21.7 3.21 45.407860 11.899760 1 0
5.87 -7.68 1.57 21.69 3.21 45.407860 11.899760 1 0
5.87 -7.69 1.58 21.7 3.21 45.407860 11.899760 1 0
5.87 -7.69 1.57 21.7 3.21 45.407860 11.899760 1 0
5.87 -7.69 1.57 21.69 3.21 45.407860 11.899760 1 0
5.87 -7.69 1.57 21.69 3.21 45.407860 11.899760 1 0
5.87 -7.68 1.58 21.69 3.21 45.407860 11.899760 1 0
5.87 -7.68 1.58 21.69 3.21 45.407860 11.899760 1 0
5.88 -7.68 1.57 21.68 3.21 45.407860 11.899760 1 0
5.88 -7.69 1.57 21.68 3.21 45.407860 11.899760 1 0
5.88 -7.69 1.57 21.7 3.21 45.407860 11.899760 1 0
5.87 -7.69 1.56 21.68 3.21 45.407860 11.899760 1 0
5.87 -7.69 1.56 21.7 3.21 45.407860 11.899760 1 0
5.88 -7.7 1.56 21.7 3.21 45.407860 11.899760 1 0
5.88 -7.69 1.57 21.69 3.21 45.407860 11.899760 1 0
