5.89 -7.21 1.74 24.08 2.79 45.877633 12.307474 0 0
5.1 -7.61 1.85 23.87 2.79 45.877633 12.307474 0 0
6.19 -8.34 1.8 23.24 2.79 45.877633 12.307474 0 0
5.07 -7.6 2.45 22.66 2.79 45.877633 12.307474 0 0
5.06 -7.66 1.57 23.62 2.79 45.877633 12.307474 0 0
6.08 -8.8 1.48 25.52 2.79 45.877633 12.307474 0 0
6.19 -6.89 1.76 23.58 2.79 45.877633 12.307474 0 0
7.44 -8.05 0.69 22.72 2.79 45.877633 12.307474 0 0
6.63 -7.31 1.73 23.31 2.79 45.877633 12.307474 0 0
6.42 -7.66 1.15 22.78 2.79 45.877633 12.307474 0 0
6.51 -6.71 0.89 23.12 2.79 45.877633 12.307474 0 0
6.76 -7.07 1.92 22.74 2.65 45.877628 12.307443 1 0
6.28 -8.48 1.31 22.84 2.65 45.877628 12.307443 0 0
6.16 -6.99 1.43 24.63 2.65 45.877628 12.307443 1 0
6.03 -7.67 1.67 23.31 2.65 45.877628 12.307443 0 0
5.96 -7.76 1.65 23.41 2.65 45.877628 12.307443 0 0
5.96 -7.33 1.65 22.57 2.65 45.877628 12.307443 0 0
5.51 -7.14 1.83 34.66 2.65 45.877628 12.307443 0 0
5.37 -8.98 1.4 23.68 2.65 45.877628 12.307443 0 0
6.31 -7.76 1.24 24.63 2.65 45.877628 12.307443 0 0
5.66 -7.46 1.3 23.32 2.65 45.877628 12.307443 0 0
6.31 -7.48 1.81 23.38 2.65 45.877628 12.307443 0 0
6.0 -7.68 1.83 24.49 2.65 45.877628 12.307443 0 0
5.91 -8.03 2.13 23.53 2.65 45.877628 12.307443 0 0
6.82 -8.54 1.97 22.71 2.65 45.877628 12.307443 0 0
6.44 -7.79 1.95 24.28 2.65 45.877628 12.307443 0 0
6.14 -7.69 1.02 25.97 2.65 45.877628 12.307443 0 0
5.44 -7.02 1.99 22.79 3.0 45.877622 12.307409 1 0
6.0 -7.74 1.64 22.64 3.0 45.877622 12.307409 0 0
6.23 -8.01 1.65 22.93 3.0 45.877622 12.307409 1 0
5.73 -8.93 2.02 23.58 3.0 45.877622 12.307409 0 0
5.71 -7.29 1.93 23.41 3.0 45.877622 12.307409 0 0
5.77 -8.23 1.82 24.27 3.0 45.877622 12.307409 0 0
5.46 -6.49 2.03 22.4 3.0 45.877622 12.307409 0 0
6.7 -8.27 1.72 23.15 3.0 45.877622 12.307409 0 0
