5.37 -8.36 1.97 21.49 3.15 45.877468 12.306831 0 1
5.97 -9.14 1.76 21.37 3.15 45.877468 12.306831 0 1
5.0 -8.39 1.87 22.29 3.15 45.877468 12.306831 0 1
4.55 -8.48 1.26 22.09 3.15 45.877468 12.306831 0 1
6.56 -9.45 1.31 21.47 3.15 45.877468 12.306831 0 1
6.79 -8.6 2.35 21.47 3.15 45.877468 12.306831 0 1
6.02 -8.11 1.96 22.54 3.15 45.877468 12.306831 0 1
6.85 -7.56 2.32 21.81 3.15 45.877468 12.306831 0 1
5.14 -8.52 3.5 22.24 3.55 45.877444 12.306850 1 1
6.28 -8.36 1.92 22.47 3.55 45.877444 12.306850 0 1
5.51 -9.69 2.03 23.56 3.55 45.877444 12.306850 1 1
5.35 -8.61 2.69 21.92 3.55 45.877444 12.306850 0 1
7.69 -10.01 2.41 21.73 3.55 45.877444 12.306850 0 1
3.46 -8.04 2.76 22.6 3.55 45.877444 12.306850 0 1
4.93 -8.41 1.32 22.29 3.55 45.877444 12.306850 0 1
5.54 -7.2 2.26 24.46 3.55 45.877444 12.306850 0 1
6.33 -8.73 2.15 22.24 3.55 45.877444 12.306850 0 1
5.37 -7.68 2.44 22.35 3.55 45.877444 12.306850 0 1
5.92 -6.56 2.33 23.03 3.55 45.877444 12.306850 0 1
5.74 -6.43 2.89 23.02 3.55 45.877444 12.306850 0 1
4.92 -7.94 2.05 22.48 3.55 45.877444 12.306850 0 1
5.46 -8.3 0.45 22.86 3.55 45.877444 12.306850 0 1
6.31 -7.56 0.68 22.91 3.55 45.877444 12.306850 0 1
6.59 -8.9 1.8 23.19 3.55 45.877444 12.306850 0 1
5.23 -7.21 1.23 24.52 3.55 45.877444 12.306850 0 1
5.95 -8.95 1.71 22.6 3.09 45.877436 12.306886 1 1
6.02 -7.68 2.22 22.9 3.09 45.877436 12.306886 0 1
5.48 -7.43 1.75 23.51 3.09 45.877436 12.306886 1 1
5.99 -7.87 1.14 23.0 3.09 45.877436 12.306886 0 1
6.35 -7.18 1.74 22.64 3.09 45.877436 12.306886 0 1
5.72 -8.01 2.43 22.78 3.09 45.877436 12.306886 0 1
6.09 -7.53 1.69 23.1 3.09 45.877436 12.306886 0 1
5.97 -7.83 2.06 23.2 3.09 45.877436 12.306886 0 1
5.66 -7.82 2.15 25.04 3.09 45.877436 12.306886 0 1
6.33 -7.94 2.02 22.98 3.09 45.877436 12.306886 0 1
