6.15 -7.56 2.51 22.24 3.02 45.877559 12.307012 0 0
5.66 -8.08 2.06 25.64 3.02 45.877559 12.307012 1 0
6.15 -8.02 2.3 22.76 3.02 45.877559 12.307012 0 0
6.04 -8.4 2.12 23.56 3.02 45.877559 12.307012 0 0
5.87 -7.63 1.78 24.87 3.02 45.877559 12.307012 0 0
5.58 -7.38 1.81 23.12 3.02 45.877559 12.307012 0 0
5.58 -7.81 1.48 27.59 3.02 45.877559 12.307012 0 0
5.81 -8.39 1.67 22.54 3.02 45.877559 12.307012 0 0
6.2 -8.38 1.11 23.92 3.02 45.877559 12.307012 0 0
5.76 -7.98 1.91 23.67 3.02 45.877559 12.307012 0 0
5.58 -6.99 1.44 22.86 3.02 45.877559 12.307012 0 0
6.09 -7.4 1.71 23.32 3.02 45.877559 12.307012 0 0
5.9 -7.72 1.99 24.68 3.02 45.877559 12.307012 0 0
6.32 -7.18 1.62 22.67 3.02 45.877559 12.307012 0 0
7.3 -8.11 1.54 24.71 3.02 45.877559 12.307012 0 0
6.17 -8.38 1.9 23.87 2.69 45.877553 12.306978 1 0
6.89 -7.33 2.55 22.64 2.69 45.877553 12.306978 0 0
5.75 -7.85 1.41 24.82 2.69 45.877553 12.306978 1 0
5.47 -8.06 2.06 22.91 2.69 45.877553 12.306978 0 0
5.48 -8.06 2.64 25.33 2.69 45.877553 12.306978 0 0
5.79 -8.1 1.67 22.55 2.69 45.877553 12.306978 0 0
5.83 -8.04 2.27 23.87 2.69 45.877553 12.306978 0 0
5.6 -7.84 1.8 23.0 2.69 45.877553 12.306978 0 0
6.13 -7.64 1.65 23.14 2.69 45.877553 12.306978 0 0
5.24 -8.09 3.67 23.14 2.69 45.877553 12.306978 0 0
6.36 -7.96 2.42 24.52 2.69 45.877553 12.306978 0 0
5.89 -8.27 2.05 54.02 2.69 45.877553 12.306978 0 0
5.71 -7.58 1.94 22.35 2.69 45.877553 12.306978 0 0
6.22 -7.55 1.59 23.55 2.69 45.877553 12.306978 0 0
6.29 -7.74 2.24 23.22 2.69 45.877553 12.306978 0 0
6.31 -8.28 1.69 23.26 2.69 45.877553 12.306978 0 0
5.34 -7.2 1.99 22.64 2.69 45.877553 12.306978 0 0
5.78 -8.01 1.58 24.18 2.82 45.877547 12.306941 1 0
5.4 -8.51 1.46 23.08 2.82 45.877547 12.306941 0 0
4.88 -8.57 1.34 25.09 2.82 45.877547 12.306941 1 0
