5.92 -7.93 1.98 22.86 2.72 45.877615 12.307341 0 0
5.7 -7.74 1.77 24.44 2.72 45.877615 12.307341 0 0
5.72 -7.76 1.39 23.63 2.72 45.877615 12.307341 0 0
6.2 -7.89 1.55 23.03 2.72 45.877615 12.307341 0 0
5.98 -7.53 1.63 23.07 2.72 45.877615 12.307341 0 0
6.14 -7.99 1.72 24.28 2.72 45.877615 12.307341 0 0
5.94 -7.49 1.69 24.35 2.72 45.877615 12.307341 0 0
5.86 -7.68 1.95 23.07 2.72 45.877615 12.307341 0 0
5.74 -7.78 1.56 23.53 2.69 45.877607 12.307309 1 0
5.8 -7.72 1.92 23.15 2.69 45.877607 12.307309 0 0
6.02 -7.87 1.93 23.05 2.69 45.877607 12.307309 1 0
5.65 -8.0 1.75 23.0 2.69 45.877607 12.307309 0 0
6.03 -8.06 1.77 22.64 2.69 45.877607 12.307309 0 0
6.1 -7.52 1.2 23.08 2.69 45.877607 12.307309 0 0
6.06 -8.32 1.51 23.07 2.69 45.877607 12.307309 0 0
5.73 -7.85 2.28 24.44 2.69 45.877607 12.307309 0 0
6.16 -7.86 2.09 23.82 2.69 45.877607 12.307309 0 0
5.84 -7.49 1.76 23.22 2.69 45.877607 12.307309 0 0
6.1 -8.11 1.91 23.31 2.69 45.877607 12.307309 0 0
6.1 -7.37 1.62 23.36 2.69 45.877607 12.307309 0 0
5.76 -7.74 1.87 23.17 2.69 45.877607 12.307309 0 0
5.87 -7.79 2.06 22.81 2.69 45.877607 12.307309 0 0
5.83 -7.84 2.12 24.1 2.69 45.877607 12.307309 0 0
5.43 -7.52 1.82 22.66 2.69 45.877607 12.307309 0 0
5.6 -7.69 1.8 23.41 2.8 45.877602 12.307275 1 0
5.66 -7.91 1.7 22.48 2.8 45.877602 12.307275 0 0
5.97 -7.73 1.92 22.79 2.8 45.877602 12.307275 1 0
5.88 -7.75 2.03 22.47 2.8 45.877602 12.307275 0 0
6.03 -7.47 1.84 23.51 2.8 45.877602 12.307275 0 0
6.05 -7.98 1.79 22.6 2.8 45.877602 12.307275 0 0
5.83 -7.23 1.6 27.65 2.8 45.877602 12.307275 0 0
6.08 -7.68 1.94 23.15 2.8 45.877602 12.307275 0 0
6.2 -7.81 1.94 22.78 2.8 45.877602 12.307275 0 0
5.99 -7.84 2.23 22.91 2.8 45.877602 12.307275 0 0
5.86 -7.54 1.84 24.58 2.8 45.877602 12.307275 0 0
