6.17 -7.87 1.98 23.96 3.21 45.868411 12.306964 0
5.89 -7.78 1.97 26.41 3.21 45.868411 12.306964 0
5.37 -8.15 1.15 22.84 3.21 45.868411 12.306964 0
5.99 -7.76 1.47 23.84 3.21 45.868411 12.306964 0
5.81 -7.68 1.92 22.95 3.21 45.868411 12.306964 0
5.88 -7.83 1.56 22.84 3.21 45.868411 12.306964 0
5.89 -7.49 1.79 22.88 3.21 45.868411 12.306964 0
5.93 -8.09 2.07 22.88 3.21 45.868411 12.306964 0
5.77 -7.51 1.95 22.93 3.21 45.868411 12.306964 0
6.05 -7.93 1.87 24.42 3.21 45.868411 12.306964 0
6.04 -7.72 2.4 22.64 3.21 45.868411 12.306964 0
5.95 -7.8 1.56 22.62 3.2 45.868382 12.306971 1
5.94 -7.41 1.97 22.52 3.2 45.868382 12.306971 0
5.94 -7.92 2.0 23.53 3.2 45.868382 12.306971 1
5.86 -7.84 2.16 23.14 3.2 45.868382 12.306971 0
5.99 -7.76 2.09 24.01 3.2 45.868382 12.306971 0
6.08 -7.68 1.54 22.67 3.2 45.868382 12.306971 0
6.31 -7.78 1.86 22.76 3.2 45.868382 12.306971 0
6.0 -7.74 2.03 22.36 3.2 45.868382 12.306971 0
5.47 -7.57 1.93 23.79 3.2 45.868382 12.306971 0
5.95 -7.94 1.61 23.74 3.2 45.868382 12.306971 0
6.13 -7.85 1.81 22.72 3.2 45.868382 12.306971 0
6.18 -7.6 1.86 23.63 3.2 45.868382 12.306971 0
6.1 -8.01 2.01 23.15 3.2 45.868382 12.306971 0
5.86 -7.48 1.73 23.22 3.2 45.868382 12.306971 0
5.72 -7.73 1.87 23.24 3.2 45.868382 12.306971 0
5.97 -7.56 1.75 23.14 3.2 45.868382 12.306971 0
6.26 -7.91 1.69 22.55 3.2 45.868382 12.306971 0
5.43 -7.94 1.56 22.54 3.22 45.868353 12.306978 1
5.33 -8.1 2.33 23.08 3.22 45.868353 12.306978 0
6.16 -7.79 1.87 23.14 3.22 45.868353 12.306978 1
6.52 -7.85 2.16 23.24 3.22 45.868353 12.306978 0
5.76 -7.96 1.58 23.08 3.22 45.868353 12.306978 0
5.95 -7.62 2.18 22.67 3.22 45.868353 12.306978 0
6.29 -7.16 1.78 22.62 3.22 45.868353 12.306978 0
