5.97 -7.98 1.84 23.03 3.09 45.868467 12.306952 0
5.97 -7.96 1.82 22.31 3.09 45.868467 12.306952 0
5.85 -7.5 2.2 22.21 3.09 45.868467 12.306952 0
5.58 -8.43 1.93 22.9 3.09 45.868467 12.306952 0
5.82 -7.36 1.57 23.38 3.09 45.868467 12.306952 0
6.25 -8.04 1.44 23.44 3.09 45.868467 12.306952 0
5.16 -7.29 1.01 23.41 3.09 45.868467 12.306952 0
6.11 -8.03 1.39 22.9 3.09 45.868467 12.306952 0
6.29 -8.09 1.81 23.5 3.09 45.868467 12.306952 0
6.24 -7.87 2.15 23.6 3.09 45.868467 12.306952 0
6.19 -8.04 1.69 22.83 3.09 45.868467 12.306952 0
5.7 -7.66 1.52 24.16 3.09 45.868467 12.306952 0
5.84 -7.66 1.99 22.72 3.09 45.868467 12.306952 0
5.66 -7.98 2.2 22.07 3.16 45.868439 12.306958 1
6.11 -8.5 1.93 23.02 3.16 45.868439 12.306958 0
5.67 -7.99 2.14 22.81 3.16 45.868439 12.306958 1
5.42 -7.87 2.31 23.34 3.16 45.868439 12.306958 0
5.62 -7.34 1.72 22.81 3.16 45.868439 12.306958 0
5.97 -7.83 2.33 22.69 3.16 45.868439 12.306958 0
6.04 -7.96 2.07 22.31 3.16 45.868439 12.306958 0
5.96 -7.7 2.17 22.9 3.16 45.868439 12.306958 0
5.64 -7.72 2.27 22.42 3.16 45.868439 12.306958 0
5.67 -7.69 1.94 22.67 3.16 45.868439 12.306958 0
6.38 -8.18 2.09 23.03 3.16 45.868439 12.306958 0
6.03 -7.94 1.92 22.79 3.16 45.868439 12.306958 0
5.89 -7.69 1.62 22.54 3.16 45.868439 12.306958 0
5.76 -7.81 1.81 22.95 3.16 45.868439 12.306958 0
6.47 -7.95 1.87 22.93 3.16 45.868439 12.306958 0
5.91 -8.47 1.97 22.67 3.16 45.868439 12.306958 0
5.92 -7.88 2.01 23.05 3.16 45.868439 12.306958 0
6.08 -8.3 1.89 23.63 3.21 45.868411 12.306964 1
5.52 -7.6 1.82 22.43 3.21 45.868411 12.306964 0
5.86 -7.41 1.73 23.22 3.21 45.868411 12.306964 1
6.08 -7.68 2.04 22.57 3.21 45.868411 12.306964 0
6.04 -8.07 1.78 22.66 3.21 45.868411 12.306964 0
