5.8 -7.89 2.16 23.12 3.32 45.868581 12.306915 0
6.06 -8.18 1.74 22.45 3.32 45.868581 12.306915 1
6.03 -8.59 1.78 23.41 3.32 45.868581 12.306915 0
5.8 -7.64 1.39 24.7 3.32 45.868581 12.306915 0
5.3 -7.59 1.63 23.6 3.32 45.868581 12.306915 0
6.03 -7.67 1.75 22.66 3.32 45.868581 12.306915 0
6.35 -8.01 1.81 23.43 3.32 45.868581 12.306915 0
5.88 -8.31 1.78 22.71 3.32 45.868581 12.306915 0
5.43 -8.17 1.85 22.96 3.32 45.868581 12.306915 0
5.61 -7.61 1.47 22.95 3.32 45.868581 12.306915 0
6.37 -7.86 1.83 22.24 3.32 45.868581 12.306915 0
6.35 -7.92 1.57 23.5 3.32 45.868581 12.306915 0
5.94 -8.45 1.93 23.79 3.32 45.868581 12.306915 0
5.04 -8.05 1.51 23.5 3.32 45.868581 12.306915 0
5.44 -7.5 1.81 23.14 3.32 45.868581 12.306915 0
6.27 -7.63 2.23 23.34 3.32 45.868581 12.306915 0
6.21 -8.17 1.98 23.79 3.3 45.868552 12.306924 1
5.47 -8.43 1.99 22.78 3.3 45.868552 12.306924 0
5.18 -7.15 1.76 23.31 3.3 45.868552 12.306924 1
5.92 -7.56 1.87 22.81 3.3 45.868552 12.306924 0
6.07 -7.86 1.72 22.36 3.3 45.868552 12.306924 0
5.53 -8.1 2.02 23.62 3.3 45.868552 12.306924 0
5.6 -8.28 1.77 22.45 3.3 45.868552 12.306924 0
5.9 -7.57 2.0 22.84 3.3 45.868552 12.306924 0
5.9 -6.94 2.1 23.19 3.3 45.868552 12.306924 0
5.78 -7.79 1.72 23.03 3.3 45.868552 12.306924 0
6.27 -7.86 1.6 22.36 3.3 45.868552 12.306924 0
6.05 -8.06 1.68 22.19 3.3 45.868552 12.306924 0
5.67 -8.03 1.83 22.83 3.3 45.868552 12.306924 0
5.49 -8.34 2.07 23.79 3.3 45.868552 12.306924 0
5.9 -7.59 1.85 22.83 3.3 45.868552 12.306924 0
6.53 -7.63 2.06 23.17 3.3 45.868552 12.306924 0
5.54 -8.46 1.58 23.44 3.29 45.868522 12.306934 1
6.03 -8.46 1.8 22.98 3.29 45.868522 12.306934 0
5.59 -7.72 1.69 22.45 3.29 45.868522 12.306934 1
