6.16 -7.83 1.89 22.07 2.55 45.408055 11.888584 1
5.87 -7.63 1.87 22.42 2.55 45.408055 11.888584 1
5.93 -7.75 1.9 21.56 2.16 45.408064 11.888558 0
5.96 -7.7 1.72 21.85 2.16 45.408064 11.888558 1
5.86 -8.01 2.08 21.83 2.16 45.408064 11.888558 0
5.71 -7.77 1.84 22.31 2.16 45.408064 11.888558 1
5.91 -7.94 1.9 22.29 2.16 45.408064 11.888558 1
5.76 -7.81 1.95 21.9 2.16 45.408064 11.888558 1
5.83 -7.94 1.89 21.97 2.16 45.408064 11.888558 1
5.99 -7.84 2.09 22.81 2.16 45.408064 11.888558 1
6.16 -7.89 1.68 22.48 2.16 45.408064 11.888558 1
6.14 -7.56 1.67 22.45 2.16 45.408064 11.888558 1
6.06 -7.72 1.7 22.17 2.16 45.408064 11.888558 1
6.04 -7.65 1.88 22.54 2.16 45.408064 11.888558 1
5.93 -7.58 1.86 22.07 2.16 45.408064 11.888558 1
6.09 -8.22 1.55 21.93 2.16 45.408064 11.888558 1
5.99 -7.63 1.49 21.61 2.16 45.408064 11.888558 1
6.0 -8.02 1.49 21.99 2.16 45.408064 11.888558 1
5.65 -7.86 1.65 21.9 2.16 45.408064 11.888558 1
5.62 -7.99 1.73 22.02 2.61 45.408066 11.888524 0
6.09 -7.64 1.62 21.97 2.61 45.408066 11.888524 1
6.1 -7.87 1.6 21.87 2.61 45.408066 11.888524 1
5.77 -8.01 1.77 21.97 2.61 45.408066 11.888524 0
6.01 -7.81 1.95 22.42 2.61 45.408066 11.888524 1
5.96 -7.64 2.06 22.0 2.61 45.408066 11.888524 1
6.12 -7.75 1.87 22.07 2.61 45.408066 11.888524 1
6.31 -7.9 1.77 22.09 2.61 45.408066 11.888524 1
5.71 -7.41 2.04 22.79 2.61 45.408066 11.888524 1
5.96 -7.88 1.78 22.4 2.61 45.408066 11.888524 1
5.69 -8.1 2.19 21.87 2.61 45.408066 11.888524 1
5.68 -7.85 1.99 21.87 2.61 45.408066 11.888524 1
5.7 -8.17 1.84 21.97 2.61 45.408066 11.888524 1
5.68 -7.75 1.75 21.97 2.61 45.408066 11.888524 1
6.03 -7.43 1.94 22.84 2.61 45.408066 11.888524 1
6.01 -8.07 2.03 21.97 2.61 45.408066 11.888524 1
