5.78 -8.0 1.64 21.97 2.94 45.408042 11.888446 1
6.44 -7.67 1.71 22.04 2.94 45.408042 11.888446 1
5.72 -8.17 1.64 21.93 2.95 45.408029 11.888404 0
6.08 -7.83 1.91 22.21 2.95 45.408029 11.888404 1
5.7 -7.56 1.86 21.66 2.95 45.408029 11.888404 0
6.13 -7.32 1.9 22.4 2.95 45.408029 11.888404 1
6.17 -8.93 1.69 22.05 2.95 45.408029 11.888404 1
5.83 -6.51 1.84 22.19 2.95 45.408029 11.888404 1
5.73 -8.43 1.84 21.88 2.95 45.408029 11.888404 1
5.83 -7.18 1.79 21.76 2.95 45.408029 11.888404 1
5.75 -9.01 1.43 21.47 2.95 45.408029 11.888404 1
6.12 -7.58 1.92 22.5 2.95 45.408029 11.888404 1
5.75 -7.69 1.87 21.66 2.95 45.408029 11.888404 1
6.1 -7.25 1.72 22.07 2.95 45.408029 11.888404 1
6.19 -8.03 1.91 21.97 2.95 45.408029 11.888404 1
6.16 -7.7 1.8 21.57 2.95 45.408029 11.888404 1
5.9 -8.02 1.66 21.99 2.95 45.408029 11.888404 1
6.02 -7.26 1.6 21.61 2.95 45.408029 11.888404 1
6.08 -7.98 1.68 21.45 2.95 45.408029 11.888404 1
6.12 -7.67 1.64 21.8 3.23 45.408020 11.888360 0
5.68 -7.91 1.85 22.29 3.23 45.408020 11.888360 1
5.76 -7.83 1.53 22.28 3.23 45.408020 11.888360 1
5.57 -7.86 1.48 21.87 3.23 45.408020 11.888360 0
5.71 -7.9 1.53 22.26 3.23 45.408020 11.888360 1
5.76 -7.92 1.73 21.8 3.23 45.408020 11.888360 1
5.92 -8.0 1.9 21.45 3.23 45.408020 11.888360 1
5.98 -7.84 2.06 21.9 3.23 45.408020 11.888360 1
5.85 -7.68 1.77 21.51 3.23 45.408020 11.888360 1
6.07 -7.73 1.82 22.07 3.23 45.408020 11.888360 1
5.83 -7.86 1.78 21.66 3.23 45.408020 11.888360 1
6.01 -7.7 1.79 21.66 3.23 45.408020 11.888360 1
5.87 -8.08 1.91 22.12 3.23 45.408020 11.888360 1
5.94 -7.91 1.96 22.19 3.23 45.408020 11.888360 1
5.66 -7.88 1.74 22.21 3.23 45.408020 11.888360 1
5.91 -7.92 1.81 22.54 3.23 45.408020 11.888360 1
