6.15 -7.59 1.79 22.02 2.61 45.408066 11.888524 1
6.33 -7.8 1.79 22.31 2.61 45.408066 11.888524 1
6.22 -7.62 1.83 22.0 3.04 45.408057 11.888486 0
5.94 -7.44 1.51 22.47 3.04 45.408057 11.888486 1
6.37 -7.47 1.81 22.28 3.04 45.408057 11.888486 0
6.15 -8.1 1.58 21.76 3.04 45.408057 11.888486 1
5.58 -7.89 1.82 22.26 3.04 45.408057 11.888486 1
5.76 -8.49 1.65 22.0 3.04 45.408057 11.888486 1
5.58 -7.55 1.66 21.9 3.04 45.408057 11.888486 1
6.06 -7.44 1.78 21.85 3.04 45.408057 11.888486 1
6.39 -8.6 1.38 22.09 3.04 45.408057 11.888486 1
5.73 -7.51 1.96 22.12 3.04 45.408057 11.888486 1
5.83 -7.64 2.13 21.97 3.04 45.408057 11.888486 1
6.06 -7.48 1.91 21.92 3.04 45.408057 11.888486 1
6.13 -8.11 1.92 21.78 3.04 45.408057 11.888486 1
6.24 -7.56 2.1 22.05 3.04 45.408057 11.888486 1
5.95 -7.71 2.13 22.23 3.04 45.408057 11.888486 1
5.57 -7.26 2.2 22.67 3.04 45.408057 11.888486 1
6.12 -7.75 1.98 22.38 3.04 45.408057 11.888486 1
6.12 -7.73 1.84 21.81 2.94 45.408042 11.888446 0
5.76 -8.43 2.02 21.9 2.94 45.408042 11.888446 1
5.68 -8.12 1.79 23.17 2.94 45.408042 11.888446 1
5.85 -7.3 1.89 22.84 2.94 45.408042 11.888446 0
6.11 -7.83 1.77 21.92 2.94 45.408042 11.888446 1
5.95 -7.79 1.9 22.36 2.94 45.408042 11.888446 1
6.21 -7.64 1.6 22.24 2.94 45.408042 11.888446 1
6.33 -7.97 1.7 21.78 2.94 45.408042 11.888446 1
6.03 -7.59 1.64 22.31 2.94 45.408042 11.888446 1
5.85 -7.79 1.64 22.02 2.94 45.408042 11.888446 1
5.94 -7.59 1.88 22.02 2.94 45.408042 11.888446 1
6.36 -8.02 1.56 21.97 2.94 45.408042 11.888446 1
5.79 -7.98 1.57 22.5 2.94 45.408042 11.888446 1
5.66 -8.15 1.79 22.17 2.94 45.408042 11.888446 1
5.9 -8.13 1.62 22.17 2.94 45.408042 11.888446 1
5.72 -7.38 1.8 22.07 2.94 45.408042 11.888446 1
