5.92 -7.82 1.58 22.07 2.06 45.408038 11.888638 1
5.69 -7.59 1.67 21.87 2.06 45.408038 11.888638 1
5.63 -8.22 1.61 21.87 2.33 45.408047 11.888613 0
5.81 -7.89 1.8 22.31 2.33 45.408047 11.888613 1
5.93 -7.82 1.77 22.23 2.33 45.408047 11.888613 0
5.76 -7.77 1.52 22.23 2.33 45.408047 11.888613 1
6.0 -7.84 1.78 21.85 2.33 45.408047 11.888613 1
5.87 -7.63 1.95 21.95 2.33 45.408047 11.888613 1
6.14 -7.76 1.64 22.02 2.33 45.408047 11.888613 1
5.95 -7.89 1.87 22.02 2.33 45.408047 11.888613 1
6.09 -7.57 1.53 22.52 2.33 45.408047 11.888613 1
6.05 -7.66 1.91 22.02 2.33 45.408047 11.888613 1
5.79 -8.02 2.21 21.52 2.33 45.408047 11.888613 1
5.86 -8.02 2.18 21.93 2.33 45.408047 11.888613 1
5.69 -8.05 1.85 21.97 2.33 45.408047 11.888613 1
5.71 -8.02 1.77 22.07 2.33 45.408047 11.888613 1
5.89 -7.75 1.79 22.98 2.33 45.408047 11.888613 1
5.99 -7.82 1.89 22.66 2.33 45.408047 11.888613 1
5.87 -7.52 1.79 22.07 2.33 45.408047 11.888613 1
6.07 -7.76 1.83 21.92 2.55 45.408055 11.888584 0
6.24 -7.75 1.52 21.88 2.55 45.408055 11.888584 1
6.02 -7.86 1.68 21.87 2.55 45.408055 11.888584 0
5.93 -7.74 1.96 22.42 2.55 45.408055 11.888584 1
6.04 -7.61 1.81 22.47 2.55 45.408055 11.888584 1
6.22 -7.61 1.82 21.93 2.55 45.408055 11.888584 1
6.2 -7.73 1.61 21.93 2.55 45.408055 11.888584 1
5.98 -8.01 1.87 21.88 2.55 45.408055 11.888584 1
5.49 -8.1 1.56 21.92 2.55 45.408055 11.888584 1
5.63 -8.19 1.69 22.5 2.55 45.408055 11.888584 1
5.86 -7.72 1.96 22.14 2.55 45.408055 11.888584 1
5.92 -7.65 1.85 22.12 2.55 45.408055 11.888584 1
6.0 -7.79 1.79 22.54 2.55 45.408055 11.888584 1
5.86 -7.78 1.75 22.07 2.55 45.408055 11.888584 1
6.0 -7.74 1.79 22.45 2.55 45.408055 11.888584 1
6.06 -7.67 1.9 22.02 2.55 45.408055 11.888584 1
