5.89 -7.67 1.86 23.58 2.75  45.406312 11.893947
5.60 -7.59 1.90 21.99
5.49 -8.23 2.15 22.91
5.33 -8.44 1.17 22.50
5.42 -7.87 1.55 22.83
5.82 -7.80 1.42 26.03
5.88 -7.76 1.42 28.01
5.60 -7.93 1.76 27.20
6.02 -7.73 1.94 22.02
6.20 -7.64 2.01 22.05
6.02 -7.63 2.24 25.09
5.92 -7.59 1.90 22.09 2.75  45.406312 11.893947
5.85 -7.94 1.61 22.86
6.37 -7.63 1.46 21.90 2.75  45.406312 11.893947
6.63 -7.43 1.73 22.29
5.59 -8.16 2.05 24.75
5.70 -7.91 1.78 22.35
5.71 -8.23 1.56 21.83
5.45 -8.01 1.61 26.75
5.78 -7.97 1.63 22.16
6.06 -7.77 1.72 22.96
5.56 -7.94 2.05 22.66
5.57 -8.14 1.45 22.55
6.36 -7.91 1.92 22.57
6.15 -7.51 2.06 22.98
5.77 -7.75 2.31 22.17
5.96 -7.90 2.29 23.38
5.96 -7.71 2.12 21.99
5.67 -7.70 1.87 22.35 2.58  45.406320 11.893975
5.92 -7.81 1.80 21.92
5.86 -8.22 2.05 22.76 2.58  45.406320 11.893975
5.53 -7.68 1.79 23.26
5.67 -7.72 1.69 23.20
6.22 -8.05 1.42 28.73
5.77 -7.63 1.67 21.90
5.77 -7.88 1.79 22.26
5.87 -7.72 1.60 23.08
5.86 -7.68 1.84 22.86
6.11 -7.86 1.34 22.02
5.92 -7.87 1.72 22.50
5.89 -7.72 1.65 22.66
5.66 -8.00 1.86 23.07
6.05 -7.76 1.61 22.52
5.68 -7.97 1.52 22.48
5.40 -8.43 1.53 22.93
5.72 -7.86 1.78 21.99
5.81 -7.99 2.14 22.45 2.68  45.406326 11.894007
5.97 -7.61 2.01 23.27
5.70 -7.94 1.63 23.07 2.68  45.406326 11.894007
6.01 -7.56 1.61 22.42
5.84 -7.52 2.12 22.24
5.67 -7.52 1.77 21.93
6.12 -8.08 1.81 21.78
5.53 -7.56 2.22 22.45
5.84 -7.47 1.92 22.50
5.62 -8.23 1.81 22.42
5.80 -7.89 1.92 22.36
5.53 -7.87 2.43 22.45
6.03 -7.82 1.99 22.50
5.75 -8.11 1.54 22.66
6.13 -7.82 1.74 23.43
6.05 -7.67 1.81 22.09
6.02 -7.85 1.81 22.26
5.89 -7.76 1.81 22.21 1.86  45.406327 11.894032
6.15 -8.16 1.67 22.86
5.74 -7.70 1.76 21.90
6.18 -7.62 1.82 22.36 1.86  45.406327 11.894032
5.79 -8.00 1.41 22.36
5.74 -7.93 1.60 22.71
5.86 -8.09 1.72 21.95
5.24 -7.64 1.94 23.26
5.62 -7.81 1.88 22.45
6.40 -7.72 2.08 22.04
5.86 -8.26 1.53 22.00
5.95 -7.31 1.82 22.50
5.94 -7.97 1.78 22.88
5.72 -7.53 2.10 22.36
6.11 -7.99 0.96 22.71
6.82 -7.92 1.61 21.95
5.48 -8.20 2.09 22.45
5.06 -7.33 1.75 21.93
5.81 -7.97 2.23 21.37 2.42  45.406323 11.894062
5.57 -8.05 1.66 21.23
6.18 -7.91 1.33 21.33 2.42  45.406323 11.894062
6.52 -7.96 1.22 22.52
4.63 -7.16 1.68 22.90
7.38 -8.19 1.44 22.24
5.60 -7.60 1.66 21.39
6.16 -7.52 1.68 21.75
6.36 -9.07 1.90 23.15
5.53 -7.18 1.97 22.00
6.08 -7.61 2.24 21.85
6.01 -8.58 1.74 22.00
5.75 -8.07 1.75 22.07
5.15 -7.65 1.93 22.11
5.80 -8.02 1.54 22.00
5.60 -7.97 1.91 22.38
5.80 -8.12 1.73 22.31
5.89 -7.66 1.67 21.57 2.08  45.406315 11.894090
5.80 -8.17 1.76 22.04
6.08 -7.22 2.07 23.41
5.20 -8.59 1.94 21.80 2.08  45.406315 11.894090
6.33 -7.77 1.70 21.69
5.99 -8.49 1.85 22.02
5.89 -7.85 1.90 23.07
5.40 -8.17 1.96 22.35
5.51 -6.20 1.89 22.04
5.63 -8.47 1.87 22.50
5.95 -8.03 1.99 22.00
5.83 -8.32 1.81 22.02
5.60 -7.74 1.60 22.14
5.81 -7.29 1.72 22.86
6.06 -7.65 1.81 22.04
6.26 -8.07 1.57 21.97
5.86 -7.67 1.86 22.00
5.83 -7.75 1.82 21.90
5.67 -7.66 1.84 22.40 1.55  45.406318 11.894111
6.19 -7.99 1.59 23.27
5.74 -7.92 1.86 23.36 1.55  45.406318 11.894111
5.69 -7.88 1.53 21.63
5.48 -7.99 1.65 21.97
5.77 -8.11 1.72 22.42
6.01 -7.66 1.92 22.00
6.05 -7.81 2.28 22.45
5.82 -7.78 1.87 22.88
5.90 -7.81 1.80 22.50
5.99 -7.88 1.96 22.12
5.88 -7.78 1.70 23.79
5.94 -7.74 1.89 22.96
5.86 -7.76 1.92 22.96
5.76 -7.82 1.94 22.04
5.86 -8.08 1.75 21.57
5.62 -7.91 1.53 21.93
6.07 -8.14 1.86 23.15 1.82  45.406321 11.894136
5.26 -7.53 2.01 22.00
5.78 -7.92 1.74 22.45
5.89 -8.03 1.94 21.42 1.82  45.406321 11.894136
6.04 -7.84 1.71 21.44
6.00 -7.35 1.81 21.81
6.21 -7.82 1.47 21.40
5.95 -7.46 1.70 21.85
5.57 -7.78 2.06 21.51
5.84 -8.06 2.10 21.56
5.96 -8.12 1.81 22.02
5.67 -8.16 1.36 22.09
5.32 -8.00 1.47 22.62
5.44 -7.97 1.74 22.05
5.89 -7.92 1.78 21.97
6.04 -8.09 1.60 21.64
5.55 -7.85 1.71 21.59
5.82 -7.60 1.84 21.83
5.77 -7.80 1.90 21.42 2.29  45.406322 11.894169
6.01 -7.39 2.04 21.33
5.98 -8.12 2.02 21.69 2.29  45.406322 11.894169
5.99 -7.51 1.76 21.42
6.11 -7.75 1.84 22.48
5.77 -7.84 1.80 22.04
5.51 -8.10 1.65 22.09
5.61 -8.01 1.67 22.45
5.81 -8.19 1.89 23.41
5.94 -7.87 1.71 22.09
5.98 -8.04 1.95 22.50
5.80 -7.80 1.70 22.52
6.12 -7.70 1.98 22.47
6.03 -7.87 1.78 22.96
6.10 -7.72 1.86 22.50
5.99 -7.72 1.86 22.00
6.06 -7.58 1.76 22.21
5.71 -7.91 1.84 22.62
5.73 -8.04 1.61 23.56 2.60  45.406324 11.894204
5.83 -7.85 1.61 22.64
5.54 -7.89 1.72 21.81 2.60  45.406324 11.894204
5.76 -7.97 1.78 21.69
5.83 -7.85 1.79 22.74
5.90 -7.94 1.83 21.83
5.70 -7.68 1.81 21.83
6.10 -7.68 2.06 21.88
5.92 -7.88 1.94 22.40
5.98 -7.71 1.55 22.35
5.74 -7.99 1.93 22.35
5.85 -7.81 1.89 22.35
5.59 -7.92 2.12 22.83
5.60 -8.25 2.13 23.63
5.71 -8.02 1.61 22.95
5.61 -7.76 1.74 22.52
5.76 -8.09 1.79 21.83
5.81 -7.82 1.65 22.19 2.36  45.406322 11.894239
5.88 -7.92 1.84 21.73
5.71 -7.90 1.85 21.75 2.36  45.406322 11.894239
5.75 -7.78 2.04 21.85
5.59 -7.98 1.84 24.32
5.58 -8.09 1.89 21.78
5.85 -7.88 1.71 21.83
6.19 -8.14 1.50 22.40
6.06 -7.49 1.71 23.03
5.58 -7.63 1.64 22.17
5.72 -8.03 1.67 22.14
5.64 -8.04 1.70 22.45
5.87 -8.10 1.66 21.69
6.04 -8.24 1.68 22.98
5.87 -7.69 1.90 23.86
5.51 -7.97 1.75 22.52
5.79 -8.03 1.61 22.24
6.17 -7.80 1.97 21.49 2.94  45.406324 11.894278
5.65 -8.19 1.98 21.83
5.87 -7.77 1.80 22.50
5.49 -7.82 1.73 22.31 2.94  45.406324 11.894278
5.65 -7.64 1.96 27.94
5.90 -7.99 1.99 22.26
5.78 -7.87 1.78 22.24
5.67 -8.00 1.80 21.80
5.84 -7.74 1.86 22.31
5.65 -7.75 1.94 22.00
5.97 -7.72 1.64 21.92
5.80 -7.95 1.52 22.04
5.54 -8.10 1.55 21.54
4.96 -7.56 1.75 21.78
7.28 -7.29 1.77 22.43
6.30 -8.50 2.06 22.66
5.10 -7.55 2.12 24.27
5.38 -7.38 2.34 23.36
6.09 -7.97 1.49 21.44 2.92  45.406319 11.894318
7.33 -9.30 0.32 21.27
5.55 -9.10 2.84 21.45 2.92  45.406319 11.894318
5.93 -7.59 0.33 22.19
5.51 -7.57 1.51 21.69
5.61 -7.56 1.79 21.37
6.35 -8.19 2.00 21.52
5.78 -9.00 1.84 21.54
5.32 -7.61 1.63 22.19
5.52 -7.96 1.45 21.99
5.98 -7.83 1.59 21.90
6.05 -7.88 1.93 21.59
6.10 -7.99 1.95 22.17
5.67 -7.78 2.04 21.90
5.56 -7.86 1.48 22.66
5.76 -7.61 1.53 22.50
5.72 -8.33 1.33 21.75
5.57 -7.85 2.02 21.92
5.99 -8.46 1.76 21.45 2.16  45.406309 11.894346
5.41 -7.28 1.75 21.59
6.03 -7.79 1.89 21.78 2.16  45.406309 11.894346
6.14 -7.20 1.50 21.08
2.24 -5.66 1.79 21.09
6.87 -7.95 2.09 20.89
8.01 -11.04 2.39 22.83
3.35 -6.50 1.94 25.45
4.97 -5.54 1.90 26.10
3.34 -3.57 0.85 23.10
8.21 -12.58 -0.95 21.23
5.36 -12.67 2.84 20.56
5.99 -9.97 1.48 21.20
5.12 -8.04 1.20 21.75
3.15 -4.95 2.15 23.92
5.45 -7.31 1.26 21.80
6.34 -5.97 1.67 20.19
8.35 -9.13 2.18 20.48 2.53  45.406301 11.894379
6.58 -7.86 2.26 21.52
5.72 -7.54 1.90 24.11 2.53  45.406301 11.894379
4.50 -6.56 2.32 24.25
3.32 -8.02 1.75 24.47
6.46 -8.38 2.52 22.84
5.96 -12.52 0.86 22.95
5.00 -8.00 1.50 24.64
4.99 -6.93 1.76 21.15
5.63 -6.61 1.78 20.41
6.78 -10.35 2.51 20.37
6.54 -8.48 1.75 22.50
5.19 -6.51 1.08 23.14
6.55 -5.94 1.33 23.27
6.03 -5.85 1.72 22.84
7.49 -9.44 1.76 23.58
6.51 -9.30 1.33 22.48
4.09 -7.74 1.46 23.26
4.81 -7.17 1.88 22.09 2.63  45.406298 11.894415
5.72 -8.88 1.22 22.24
6.38 -7.67 2.17 22.76 2.63  45.406298 11.894415
4.99 -8.97 1.74 21.73
5.30 -9.69 1.22 23.51
6.58 -5.77 2.19 22.55
5.01 -7.45 1.66 22.19
5.59 -7.39 2.15 22.76
6.21 -7.84 1.84 22.36
6.11 -7.69 1.27 22.26
6.44 -8.85 1.01 21.64
5.55 -8.49 1.68 21.93
5.55 -7.10 1.85 21.45
5.67 -7.69 1.87 21.73
5.81 -7.82 1.68 22.09
5.97 -8.12 1.64 21.90
5.48 -7.66 1.81 22.59
5.64 -8.03 1.70 22.19 2.90  45.406299 11.894456
5.83 -7.14 1.70 22.55
6.32 -8.70 1.53 22.52 2.90  45.406299 11.894456
6.14 -8.22 1.81 22.45
5.61 -7.92 1.74 22.74
5.41 -7.21 1.82 22.19
5.96 -8.50 1.68 21.93
6.12 -8.41 1.74 21.78
5.46 -8.17 1.85 21.99
5.42 -8.14 2.04 22.42
6.19 -7.80 1.88 22.09
6.10 -7.61 1.90 22.76
5.44 -8.14 1.92 22.16
5.87 -7.86 1.66 22.57
5.65 -7.55 1.82 22.57
5.81 -8.19 2.05 22.00
5.90 -8.37 1.95 21.78
5.68 -8.43 1.75 21.49
5.47 -7.71 1.76 22.04 2.31  45.406301 11.894491
5.79 -7.70 1.88 21.52
6.23 -7.58 1.90 21.85 2.31  45.406301 11.894491
6.20 -7.89 1.72 22.35
5.79 -8.03 1.70 22.04
5.91 -7.78 1.50 22.09
5.55 -7.83 1.80 22.04
5.91 -7.87 1.62 22.02
5.69 -8.08 1.68 21.97
5.69 -8.11 1.63 22.00
5.67 -7.97 2.02 22.00
5.61 -8.00 1.56 21.95
5.90 -7.85 1.59 22.07
5.95 -7.76 1.96 22.55
