5.61 -7.74 1.67 22.02 3.34 45.408312 11.889854 1 0
5.85 -7.93 1.76 21.45 2.67 45.408300 11.889823 0 0
5.89 -8.1 1.81 21.92 2.67 45.408300 11.889823 1 0
5.58 -8.2 1.76 22.02 2.67 45.408300 11.889823 0 0
5.49 -8.08 1.82 21.63 2.67 45.408300 11.889823 1 0
5.85 -7.68 1.99 22.04 2.67 45.408300 11.889823 1 0
6.22 -7.47 1.98 22.04 2.67 45.408300 11.889823 1 0
6.22 -7.69 1.76 21.92 2.67 45.408300 11.889823 1 0
5.92 -7.89 1.6 22.36 2.67 45.408300 11.889823 1 0
5.65 -7.83 1.62 22.26 2.67 45.408300 11.889823 1 0
5.67 -7.83 1.74 22.02 2.67 45.408300 11.889823 1 0
5.92 -7.93 1.84 22.91 2.67 45.408300 11.889823 1 0
6.06 -7.9 1.79 22.12 2.67 45.408300 11.889823 1 0
5.85 -7.96 1.66 22.17 2.67 45.408300 11.889823 1 0
5.58 -8.2 1.69 22.23 2.67 45.408300 11.889823 1 0
5.58 -8.14 1.84 22.24 2.67 45.408300 11.889823 1 0
5.76 -7.78 1.89 22.17 2.67 45.408300 11.889823 1 0
5.92 -7.72 1.87 22.09 2.67 45.408300 11.889823 1 0
6.02 -7.93 1.93 21.85 2.67 45.408300 11.889823 1 0
5.98 -7.87 2.01 21.95 2.95 45.408288 11.889789 0 0
5.88 -7.66 1.98 21.42 2.95 45.408288 11.889789 1 0
5.94 -7.7 1.89 21.87 2.95 45.408288 11.889789 0 0
6.1 -7.85 1.78 21.81 2.95 45.408288 11.889789 1 0
6.03 -7.85 1.78 21.85 2.95 45.408288 11.889789 1 0
5.77 -7.85 2.02 21.78 2.95 45.408288 11.889789 1 0
5.7 -7.85 2.17 21.93 2.95 45.408288 11.889789 1 0
5.83 -7.8 1.86 22.29 2.95 45.408288 11.889789 1 0
5.84 -7.84 1.51 22.17 2.95 45.408288 11.889789 1 0
5.72 -8.02 1.66 22.04 2.95 45.408288 11.889789 1 0
5.71 -8.01 1.91 22.07 2.95 45.408288 11.889789 1 0
5.87 -7.79 1.74 22.02 2.95 45.408288 11.889789 1 0
6.02 -7.74 1.58 21.97 2.95 45.408288 11.889789 1 0
6.01 -7.83 1.84 21.57 2.95 45.408288 11.889789 1 0
5.93 -7.78 1.97 22.17 2.95 45.408288 11.889789 1 0
5.97 -7.71 1.71 22.54 2.95 45.408288 11.889789 1 0
