2.82 -5.75 1.87 26.57 3.27 45.407825 11.899651 1
4.64 -9.19 1.65 18.3 3.27 45.407825 11.899651 1
6.24 -12.98 2.22 16.41 3.27 45.407825 11.899651 1
6.08 -11.58 2.82 19.0 3.27 45.407825 11.899651 1
5.29 -6.8 2.54 21.71 3.27 45.407825 11.899651 1
4.85 -3.99 1.56 25.36 3.27 45.407825 11.899651 1
5.18 -4.16 1.34 24.7 3.27 45.407825 11.899651 1
6.65 -6.03 2.76 23.36 3.27 45.407825 11.899651 1
8.05 -9.13 4.22 21.16 3.27 45.407825 11.899651 1
7.46 -11.35 3.55 20.89 3.27 45.407825 11.899651 1
5.45 -10.32 1.55 22.05 3.27 45.407825 11.899651 1
4.43 -7.77 0.74 22.54 3.27 45.407825 11.899651 1
5.0 -6.85 1.32 22.38 3.27 45.407825 11.899651 1
5.83 -7.57 1.61 21.83 3.27 45.407825 11.899651 1
6.13 -8.41 1.35 21.59 3.27 45.407825 11.899651 1
6.08 -8.69 1.43 21.56 3.08 45.407835 11.899690 0
5.96 -8.19 1.82 21.71 3.08 45.407835 11.899690 1
6.04 -7.28 1.99 21.85 3.08 45.407835 11.899690 0
6.39 -6.97 2.06 21.85 3.08 45.407835 11.899690 1
6.61 -7.36 2.26 21.76 3.08 45.407835 11.899690 1
6.41 -7.67 2.37 21.71 3.08 45.407835 11.899690 1
6.1 -7.75 2.24 21.4 3.08 45.407835 11.899690 1
5.97 -7.82 2.12 22.07 3.08 45.407835 11.899690 1
5.88 -7.76 2.2 22.17 3.08 45.407835 11.899690 1
5.79 -7.66 2.3 21.8 3.08 45.407835 11.899690 1
5.91 -7.75 2.27 21.85 3.08 45.407835 11.899690 1
6.09 -7.93 2.19 22.16 3.08 45.407835 11.899690 1
6.01 -8.08 2.1 22.05 3.08 45.407835 11.899690 1
5.83 -8.18 1.88 22.02 3.08 45.407835 11.899690 1
5.92 -8.01 1.64 22.11 3.08 45.407835 11.899690 1
6.15 -7.59 1.61 22.16 3.08 45.407835 11.899690 1
6.23 -7.42 1.61 21.95 3.08 45.407835 11.899690 1
6.23 -7.63 1.49 21.95 3.26 45.407843 11.899730 0
6.26 -7.76 1.62 21.8 3.26 45.407843 11.899730 1
6.09 -7.72 1.97 21.81 3.26 45.407843 11.899730 0
