6.61 -7.41 1.36 22.42 2.51 45.407724 11.899257 0
7.14 -6.69 1.48 23.41 2.51 45.407724 11.899257 1
7.13 -7.15 1.14 22.04 2.51 45.407724 11.899257 1
6.95 -6.95 1.18 22.95 2.51 45.407724 11.899257 1
6.91 -7.27 1.55 22.31 2.51 45.407724 11.899257 1
6.07 -7.74 2.32 22.36 2.51 45.407724 11.899257 1
5.53 -8.13 2.3 22.36 2.51 45.407724 11.899257 1
4.87 -8.12 1.72 21.92 2.51 45.407724 11.899257 1
5.15 -9.01 1.78 22.36 2.51 45.407724 11.899257 1
5.61 -7.93 1.96 22.36 2.51 45.407724 11.899257 1
5.95 -7.6 2.09 21.95 2.51 45.407724 11.899257 1
5.79 -7.54 2.14 22.38 2.51 45.407724 11.899257 1
6.29 -7.7 2.18 21.87 2.51 45.407724 11.899257 1
6.46 -7.66 2.05 21.75 2.51 45.407724 11.899257 1
6.06 -7.9 1.65 21.85 2.51 45.407724 11.899257 0
5.85 -7.8 1.75 22.79 2.51 45.407724 11.899257 1
6.1 -7.55 1.56 22.33 2.51 45.407724 11.899257 0
6.35 -7.87 1.88 21.78 2.51 45.407724 11.899257 1
5.93 -8.11 2.26 22.35 2.51 45.407724 11.899257 1
5.84 -7.85 2.22 22.05 2.51 45.407724 11.899257 1
5.62 -7.78 1.84 22.47 2.51 45.407724 11.899257 1
5.69 -8.18 1.96 22.38 2.51 45.407724 11.899257 1
5.75 -7.75 1.57 21.97 2.51 45.407724 11.899257 1
6.15 -7.84 1.84 21.95 2.51 45.407724 11.899257 1
6.05 -7.78 2.14 22.42 2.51 45.407724 11.899257 1
6.14 -7.68 1.74 21.9 2.51 45.407724 11.899257 1
6.3 -7.45 2.04 22.0 2.51 45.407724 11.899257 1
6.13 -7.34 1.86 22.4 2.51 45.407724 11.899257 1
6.03 -7.71 1.72 22.52 2.51 45.407724 11.899257 1
6.08 -7.73 1.49 22.42 2.51 45.407724 11.899257 1
6.16 -7.49 1.85 22.0 2.51 45.407724 11.899257 1
5.59 -7.74 1.85 21.81 2.51 45.407724 11.899257 1
5.75 -8.49 1.44 21.76 2.55 45.407731 11.899281 0
5.76 -8.14 1.58 21.85 2.55 45.407731 11.899281 1
5.68 -7.88 2.02 22.42 2.55 45.407731 11.899281 0
