6.17 -7.67 1.7 21.85 2.78 45.407773 11.899449 1
6.44 -7.93 1.45 22.0 2.78 45.407773 11.899449 1
5.69 -7.69 2.07 21.68 2.78 45.407773 11.899449 1
6.3 -7.73 2.07 22.24 2.78 45.407773 11.899449 1
6.31 -7.26 2.57 21.9 2.78 45.407773 11.899449 1
6.06 -7.74 2.38 22.0 2.78 45.407773 11.899449 1
5.82 -7.8 1.94 22.52 2.78 45.407773 11.899449 1
5.66 -8.05 1.67 22.47 2.78 45.407773 11.899449 1
5.43 -7.89 2.02 21.93 2.78 45.407773 11.899449 1
5.35 -7.28 1.58 22.21 2.78 45.407773 11.899449 1
7.87 -9.4 2.07 21.69 2.78 45.407773 11.899449 1
6.2 -6.54 2.15 22.02 2.78 45.407773 11.899449 1
5.67 -7.76 1.98 23.14 2.78 45.407773 11.899449 1
6.03 -7.7 1.63 24.76 2.78 45.407773 11.899449 1
6.75 -7.62 2.03 21.71 2.78 45.407773 11.899449 1
6.26 -7.36 2.81 22.09 3.1 45.407779 11.899487 0
5.44 -8.8 1.59 22.09 3.1 45.407779 11.899487 1
6.05 -6.84 1.73 21.81 3.1 45.407779 11.899487 0
5.7 -7.98 2.11 20.8 3.1 45.407779 11.899487 1
5.9 -9.76 1.78 21.8 3.1 45.407779 11.899487 1
5.65 -7.41 2.17 22.09 3.1 45.407779 11.899487 1
5.31 -6.69 1.45 22.81 3.1 45.407779 11.899487 1
6.33 -6.68 1.44 22.31 3.1 45.407779 11.899487 1
5.96 -8.22 1.65 21.9 3.1 45.407779 11.899487 1
5.9 -7.65 2.01 21.39 3.1 45.407779 11.899487 1
5.91 -8.51 2.21 21.06 3.1 45.407779 11.899487 1
7.38 -8.43 2.03 21.33 3.1 45.407779 11.899487 1
6.22 -7.92 2.52 21.35 3.1 45.407779 11.899487 1
5.86 -7.67 1.96 22.69 3.1 45.407779 11.899487 1
5.59 -7.2 2.07 22.64 3.1 45.407779 11.899487 1
5.97 -6.42 1.53 21.9 3.1 45.407779 11.899487 1
6.89 -8.06 1.52 21.54 3.1 45.407779 11.899487 1
5.4 -8.92 1.77 21.88 1.9 45.407789 11.899509 0
6.12 -8.9 2.01 21.66 1.9 45.407789 11.899509 1
5.35 -6.91 1.88 21.81 1.9 45.407789 11.899509 0
