5.8 -7.88 1.91 22.29 2.58 45.407745 11.899325 1
5.57 -7.98 1.86 21.8 2.58 45.407745 11.899325 1
5.74 -7.81 1.83 23.44 2.58 45.407745 11.899325 1
6.05 -8.25 1.87 22.64 2.58 45.407745 11.899325 1
5.93 -7.82 2.06 21.95 2.58 45.407745 11.899325 1
5.94 -7.61 1.86 22.42 2.58 45.407745 11.899325 1
6.0 -7.76 1.89 22.38 2.58 45.407745 11.899325 1
6.1 -7.8 1.8 22.0 2.58 45.407745 11.899325 1
6.1 -7.6 1.71 21.95 2.58 45.407745 11.899325 1
6.26 -7.68 1.65 21.95 2.58 45.407745 11.899325 1
6.12 -7.66 1.6 21.92 2.58 45.407745 11.899325 1
6.22 -7.78 1.88 27.41 2.58 45.407745 11.899325 1
5.87 -7.77 1.58 22.11 2.58 45.407745 11.899325 1
5.69 -7.74 1.66 22.0 2.58 45.407745 11.899325 1
5.59 -8.05 1.54 22.29 2.21 45.407758 11.899344 0
5.87 -8.01 1.96 21.81 2.21 45.407758 11.899344 1
5.79 -7.8 2.17 21.78 2.21 45.407758 11.899344 1
5.95 -7.8 2.08 21.9 2.21 45.407758 11.899344 0
6.0 -7.62 1.87 22.31 2.21 45.407758 11.899344 1
6.02 -7.47 1.96 22.35 2.21 45.407758 11.899344 1
6.39 -7.57 2.12 21.81 2.21 45.407758 11.899344 1
6.23 -7.9 2.13 22.23 2.21 45.407758 11.899344 1
6.21 -7.7 2.02 22.36 2.21 45.407758 11.899344 1
6.0 -7.71 2.11 22.43 2.21 45.407758 11.899344 1
5.55 -7.82 2.08 22.52 2.21 45.407758 11.899344 1
5.91 -7.88 1.71 22.0 2.21 45.407758 11.899344 1
5.74 -7.92 1.88 22.42 2.21 45.407758 11.899344 1
5.62 -8.1 1.98 22.05 2.21 45.407758 11.899344 1
5.96 -7.87 1.77 22.02 2.21 45.407758 11.899344 1
5.46 -7.79 1.66 22.48 2.21 45.407758 11.899344 1
5.77 -8.01 1.9 22.0 2.21 45.407758 11.899344 1
6.32 -7.98 1.92 22.96 2.21 45.407758 11.899344 1
6.55 -7.5 1.91 22.5 2.84 45.407767 11.899376 0
6.8 -7.6 1.56 21.71 2.84 45.407767 11.899376 1
6.07 -7.51 1.83 22.26 2.84 45.407767 11.899376 0
