6.08 -7.56 1.59 22.67 2.05 45.406315 11.894002 0 0
6.44 -7.98 1.41 21.93 2.05 45.406315 11.894002 1 0
5.7 -7.87 1.53 24.18 2.05 45.406315 11.894002 1 0
5.41 -7.69 1.47 22.36 2.05 45.406315 11.894002 1 0
5.09 -8.24 1.59 23.29 2.05 45.406315 11.894002 1 0
5.37 -8.19 2.06 21.88 2.05 45.406315 11.894002 1 0
5.89 -7.63 1.94 22.86 2.05 45.406315 11.894002 1 0
6.31 -7.1 1.92 22.12 2.05 45.406315 11.894002 1 0
6.25 -7.42 2.04 22.95 2.05 45.406315 11.894002 1 0
6.06 -7.52 2.24 22.4 2.05 45.406315 11.894002 1 0
5.49 -7.66 2.21 21.54 2.05 45.406315 11.894002 1 0
6.12 -7.84 2.22 22.42 2.05 45.406315 11.894002 1 0
6.38 -7.41 1.93 22.66 2.05 45.406315 11.894002 1 0
6.03 -7.91 2.12 22.54 2.05 45.406315 11.894002 0 0
5.88 -7.94 2.0 22.28 2.05 45.406315 11.894002 1 0
5.69 -7.79 1.88 22.26 2.05 45.406315 11.894002 0 0
5.73 -8.01 1.48 22.33 2.05 45.406315 11.894002 1 0
5.45 -8.13 1.98 22.35 2.05 45.406315 11.894002 1 0
5.82 -8.14 1.9 21.93 2.05 45.406315 11.894002 1 0
5.9 -7.78 1.89 21.87 2.05 45.406315 11.894002 1 0
6.26 -7.48 1.85 22.02 2.05 45.406315 11.894002 1 0
5.9 -7.58 2.11 22.4 2.05 45.406315 11.894002 1 0
6.07 -7.69 1.95 22.4 2.05 45.406315 11.894002 1 0
5.81 -7.71 1.89 21.88 2.05 45.406315 11.894002 1 0
6.39 -8.03 1.77 23.82 2.05 45.406315 11.894002 1 0
5.99 -7.84 1.67 22.47 2.05 45.406315 11.894002 1 0
5.82 -7.49 1.73 22.54 2.05 45.406315 11.894002 1 0
5.66 -7.7 1.91 22.6 2.05 45.406315 11.894002 1 0
5.54 -8.12 1.65 22.91 2.05 45.406315 11.894002 1 0
5.87 -8.24 1.5 22.55 2.05 45.406315 11.894002 1 0
5.56 -8.09 1.39 22.35 2.05 45.406315 11.894002 1 0
5.6 -7.55 1.94 23.24 2.08 45.406323 11.894021 0 0
5.82 -7.73 1.82 22.84 2.08 45.406323 11.894021 1 0
6.29 -7.88 1.59 22.31 2.08 45.406323 11.894021 0 0
6.11 -8.05 2.13 23.19 2.08 45.406323 11.894021 1 0
