5.26 -7.25 2.4 21.9 1.57 45.406346 11.894108 1 0
6.45 -7.58 1.82 21.8 1.57 45.406346 11.894108 1 0
6.39 -8.34 1.99 21.8 1.57 45.406346 11.894108 1 0
6.06 -7.72 1.87 21.95 1.57 45.406346 11.894108 1 0
5.75 -8.04 2.09 22.05 1.57 45.406346 11.894108 1 0
5.94 -7.81 1.8 22.6 1.57 45.406346 11.894108 1 0
5.02 -7.36 1.89 22.88 1.57 45.406346 11.894108 1 0
6.43 -7.99 1.93 22.36 1.57 45.406346 11.894108 1 0
5.73 -8.26 1.7 22.19 1.57 45.406346 11.894108 1 0
5.77 -8.26 1.98 22.19 1.57 45.406346 11.894108 1 0
5.96 -8.01 2.15 22.78 1.57 45.406346 11.894108 1 0
5.47 -7.11 1.72 24.75 1.57 45.406346 11.894108 1 0
6.21 -7.92 1.9 22.29 1.57 45.406346 11.894108 1 0
6.24 -8.15 1.7 22.95 1.57 45.406346 11.894108 1 0
6.07 -7.89 1.93 21.73 1.88 45.406345 11.894129 0 0
5.74 -7.87 1.78 21.9 1.88 45.406345 11.894129 1 0
5.57 -7.6 1.91 22.29 1.88 45.406345 11.894129 0 0
5.95 -7.75 1.64 21.76 1.88 45.406345 11.894129 1 0
5.75 -8.21 1.94 22.71 1.88 45.406345 11.894129 1 0
5.85 -7.66 1.78 21.93 1.88 45.406345 11.894129 1 0
5.64 -7.7 1.92 22.23 1.88 45.406345 11.894129 1 0
5.76 -8.08 1.93 21.99 1.88 45.406345 11.894129 1 0
6.16 -7.91 1.61 22.55 1.88 45.406345 11.894129 1 0
6.05 -7.51 1.57 22.14 1.88 45.406345 11.894129 1 0
5.93 -7.72 2.22 22.09 1.88 45.406345 11.894129 1 0
5.97 -7.98 1.77 22.11 1.88 45.406345 11.894129 1 0
5.8 -7.71 2.19 22.07 1.88 45.406345 11.894129 1 0
5.98 -7.82 2.01 22.09 1.88 45.406345 11.894129 1 0
5.79 -8.14 2.2 23.31 1.88 45.406345 11.894129 1 0
5.81 -7.77 2.14 22.04 1.88 45.406345 11.894129 1 0
5.78 -7.82 1.95 21.95 1.88 45.406345 11.894129 1 0
5.84 -7.91 1.96 22.36 1.52 45.406341 11.894151 0 0
5.57 -7.77 1.82 21.97 1.52 45.406341 11.894151 1 0
6.05 -7.8 1.79 21.99 1.52 45.406341 11.894151 0 0
5.57 -7.66 1.82 22.71 1.52 45.406341 11.894151 1 0
