5.63 -8.09 2.23 21.51 0.87 45.406357 11.894995 1
6.13 -7.77 1.89 21.54 0.87 45.406357 11.894995 1
6.37 -7.65 1.72 21.56 0.87 45.406357 11.894995 1
6.32 -7.55 1.87 21.49 0.87 45.406357 11.894995 1
6.52 -7.28 1.93 21.49 2.43 45.406356 11.895016 0
6.91 -7.13 1.73 21.49 2.43 45.406356 11.895016 1
6.95 -7.25 1.54 21.95 2.43 45.406356 11.895016 0
6.77 -7.27 1.43 22.07 2.43 45.406356 11.895016 1
6.72 -7.11 1.44 21.57 2.43 45.406356 11.895016 1
6.38 -7.31 1.57 21.57 2.43 45.406356 11.895016 1
5.45 -8.08 1.61 21.54 2.43 45.406356 11.895016 1
4.72 -8.77 1.52 22.09 2.43 45.406356 11.895016 1
4.89 -8.7 1.71 21.9 2.43 45.406356 11.895016 1
5.52 -8.01 2.19 22.54 2.43 45.406356 11.895016 1
5.88 -7.41 2.23 22.16 2.43 45.406356 11.895016 1
6.02 -7.33 1.68 22.11 2.43 45.406356 11.895016 1
6.22 -7.62 1.36 22.11 2.43 45.406356 11.895016 1
6.42 -7.83 1.61 22.12 2.43 45.406356 11.895016 1
6.42 -7.67 1.9 22.26 2.43 45.406356 11.895016 1
6.32 -7.39 1.98 22.21 2.43 45.406356 11.895016 1
6.3 -7.44 2.06 22.05 2.43 45.406356 11.895016 1
6.3 -7.75 2.21 22.02 2.43 45.406356 11.895016 1
6.07 -7.94 2.22 22.45 2.45 45.406361 11.895039 0
5.67 -8.0 2.04 22.86 2.45 45.406361 11.895039 1
5.53 -8.1 1.74 22.02 2.45 45.406361 11.895039 0
5.72 -8.12 1.53 22.02 2.45 45.406361 11.895039 1
5.78 -8.06 1.63 22.91 2.45 45.406361 11.895039 1
5.6 -8.07 1.82 22.14 2.45 45.406361 11.895039 1
5.6 -8.05 1.78 22.11 2.45 45.406361 11.895039 1
5.9 -7.86 1.66 22.11 2.45 45.406361 11.895039 1
6.18 -7.75 1.76 22.0 2.45 45.406361 11.895039 1
6.34 -7.77 1.93 22.0 2.45 45.406361 11.895039 1
6.34 -7.67 1.95 21.92 2.45 45.406361 11.895039 1
6.03 -7.48 1.95 21.9 2.45 45.406361 11.895039 1
5.63 -7.54 1.99 21.95 2.45 45.406361 11.895039 1
