4.66 -7.95 2.0 23.22 2.76 45.406368 11.895440 1
4.68 -6.96 2.02 25.4 2.76 45.406368 11.895440 1
6.82 -7.95 1.86 23.12 2.76 45.406368 11.895440 1
8.47 -9.08 1.61 22.21 2.76 45.406368 11.895440 1
7.04 -8.74 1.88 23.63 3.14 45.406366 11.895482 0
4.4 -8.3 2.49 24.42 3.14 45.406366 11.895482 1
4.46 -8.03 2.43 23.75 3.14 45.406366 11.895482 0
6.43 -7.87 2.01 20.97 3.14 45.406366 11.895482 1
6.49 -9.44 2.31 21.28 3.14 45.406366 11.895482 1
4.78 -10.86 2.83 21.85 3.14 45.406366 11.895482 1
4.1 -8.24 2.45 23.14 3.14 45.406366 11.895482 1
4.66 -4.74 1.72 22.6 3.14 45.406366 11.895482 1
5.42 -6.16 1.55 21.32 3.14 45.406366 11.895482 1
6.35 -9.85 1.65 20.17 3.14 45.406366 11.895482 1
6.55 -10.17 1.66 21.8 3.14 45.406366 11.895482 1
5.15 -7.88 1.71 24.39 3.14 45.406366 11.895482 1
4.03 -6.04 1.61 24.04 3.14 45.406366 11.895482 1
5.11 -5.48 1.45 22.98 3.14 45.406366 11.895482 1
6.96 -7.04 1.76 21.69 3.14 45.406366 11.895482 1
7.14 -9.81 2.27 21.4 3.14 45.406366 11.895482 1
5.67 -10.16 2.17 22.31 3.14 45.406366 11.895482 1
4.53 -7.78 1.66 21.95 3.14 45.406366 11.895482 1
5.14 -6.51 1.53 22.28 2.59 45.406368 11.895518 0
6.55 -7.47 1.81 21.64 2.59 45.406368 11.895518 1
6.7 -8.41 1.96 22.02 2.59 45.406368 11.895518 0
5.54 -8.49 1.78 21.85 2.59 45.406368 11.895518 1
4.96 -8.15 1.52 22.45 2.59 45.406368 11.895518 1
5.58 -7.54 1.52 22.4 2.59 45.406368 11.895518 1
6.22 -7.36 1.75 21.85 2.59 45.406368 11.895518 1
6.17 -8.05 1.87 22.6 2.59 45.406368 11.895518 1
5.8 -8.6 1.81 21.92 2.59 45.406368 11.895518 1
5.45 -8.29 1.86 22.05 2.59 45.406368 11.895518 1
5.37 -7.78 1.89 22.05 2.59 45.406368 11.895518 1
5.73 -7.7 1.62 21.87 2.59 45.406368 11.895518 1
6.14 -7.93 1.36 21.8 2.59 45.406368 11.895518 1
