5.86 -7.55 1.55 24.27 1.77 45.406357 11.894410 1
5.74 -7.75 1.43 22.9 1.77 45.406357 11.894410 0
5.73 -7.8 1.64 21.9 1.77 45.406357 11.894410 1
5.77 -8.03 1.62 21.78 1.77 45.406357 11.894410 1
5.92 -8.02 1.74 21.73 1.77 45.406357 11.894410 1
5.71 -8.19 1.78 21.81 1.77 45.406357 11.894410 1
5.85 -7.85 1.8 21.57 1.77 45.406357 11.894410 1
5.5 -7.69 2.02 22.66 1.77 45.406357 11.894410 1
5.82 -7.62 1.86 24.03 1.77 45.406357 11.894410 1
5.99 -7.74 1.6 22.6 1.77 45.406357 11.894410 1
6.11 -8.16 1.69 22.26 1.77 45.406357 11.894410 1
5.94 -7.99 1.74 22.26 1.77 45.406357 11.894410 1
5.85 -8.06 1.63 22.69 1.77 45.406357 11.894410 1
5.77 -7.88 1.6 22.6 1.77 45.406357 11.894410 1
6.09 -7.85 1.74 22.47 1.77 45.406357 11.894410 1
5.86 -8.08 1.9 21.81 1.77 45.406357 11.894410 1
5.81 -8.39 1.66 21.73 1.64 45.406358 11.894433 0
5.65 -8.08 1.52 21.88 1.64 45.406358 11.894433 1
5.77 -7.84 1.68 22.84 1.64 45.406358 11.894433 0
5.77 -7.85 1.69 22.84 1.64 45.406358 11.894433 1
5.76 -7.84 1.68 22.83 1.64 45.406358 11.894433 1
5.76 -7.84 1.67 22.84 1.64 45.406358 11.894433 1
5.77 -7.85 1.68 22.84 1.64 45.406358 11.894433 1
5.77 -7.83 1.68 22.85 1.64 45.406358 11.894433 1
5.77 -7.83 1.68 22.83 1.64 45.406358 11.894433 1
5.77 -7.83 1.68 22.83 1.64 45.406358 11.894433 1
5.76 -7.84 1.67 22.85 1.64 45.406358 11.894433 1
5.76 -7.85 1.69 22.83 1.64 45.406358 11.894433 1
5.78 -7.83 1.68 22.85 1.64 45.406358 11.894433 1
5.77 -7.84 1.68 22.84 1.64 45.406358 11.894433 1
5.76 -7.84 1.68 22.85 1.64 45.406358 11.894433 1
5.77 -7.84 1.69 22.83 1.64 45.406358 11.894433 1
5.77 -7.84 1.68 22.84 1.64 45.406358 11.894433 1
5.77 -7.84 1.69 22.84 1.64 45.406358 11.894433 1
5.78 -7.83 1.69 22.85 1.64 45.406358 11.894433 1
