5.86 -7.65 1.35 26.21 1.77 45.406323 11.893995 0
6.38 -8.24 2.02 22.74 1.77 45.406323 11.893995 1
6.08 -7.79 1.45 23.48 1.77 45.406323 11.893995 1
5.5 -7.67 2.53 22.11 1.77 45.406323 11.893995 1
5.65 -7.91 1.92 23.48 1.77 45.406323 11.893995 1
5.88 -7.53 1.97 26.55 1.77 45.406323 11.893995 1
6.06 -7.83 2.0 21.76 1.77 45.406323 11.893995 1
5.88 -8.14 2.09 23.2 1.77 45.406323 11.893995 1
6.09 -7.71 2.35 22.35 1.77 45.406323 11.893995 1
6.0 -7.87 1.93 22.04 1.77 45.406323 11.893995 1
6.01 -7.58 2.14 23.58 1.77 45.406323 11.893995 1
5.42 -7.94 1.5 22.47 1.77 45.406323 11.893995 1
5.91 -7.78 1.96 22.91 1.77 45.406323 11.893995 1
5.54 -7.87 2.19 22.48 1.77 45.406323 11.893995 1
5.66 -7.74 1.64 22.66 1.77 45.406323 11.893995 1
5.73 -7.59 1.9 21.99 1.77 45.406323 11.893995 1
6.03 -7.35 1.85 22.23 2.17 45.406313 11.894017 0
4.82 -8.34 1.86 22.04 2.17 45.406313 11.894017 1
6.53 -7.38 2.23 23.53 2.17 45.406313 11.894017 0
6.04 -8.32 1.7 26.14 2.17 45.406313 11.894017 1
5.6 -6.99 2.09 22.67 2.17 45.406313 11.894017 1
5.86 -8.02 1.43 21.75 2.17 45.406313 11.894017 1
4.71 -6.38 1.58 22.42 2.17 45.406313 11.894017 1
7.55 -11.25 2.04 20.77 2.17 45.406313 11.894017 1
5.4 -8.16 1.33 22.07 2.17 45.406313 11.894017 1
5.84 -8.03 1.87 22.47 2.17 45.406313 11.894017 1
5.3 -6.79 1.61 23.32 2.17 45.406313 11.894017 1
5.83 -7.34 1.51 22.29 2.17 45.406313 11.894017 1
6.18 -6.88 1.85 22.66 2.17 45.406313 11.894017 1
5.85 -9.92 2.18 22.24 2.17 45.406313 11.894017 1
6.53 -8.07 1.93 22.81 2.17 45.406313 11.894017 1
5.57 -7.06 1.9 22.64 2.17 45.406313 11.894017 1
6.03 -7.26 1.78 21.99 2.17 45.406313 11.894017 1
5.85 -7.76 1.98 21.9 0.64 45.406312 11.894029 0
5.9 -8.13 2.15 21.87 0.64 45.406312 11.894029 1
