5.67 -8.01 2.18 22.52 2.93 45.408366 11.890121 0
5.51 -8.15 1.88 22.02 2.93 45.408366 11.890121 1
5.54 -8.13 1.83 22.05 2.93 45.408366 11.890121 1
5.69 -8.05 1.9 21.87 2.93 45.408366 11.890121 1
5.77 -7.95 1.93 21.64 2.93 45.408366 11.890121 1
5.8 -7.7 1.96 22.04 2.93 45.408366 11.890121 0
5.97 -7.48 2.03 21.95 2.93 45.408366 11.890121 1
6.18 -7.63 2.04 21.87 2.93 45.408366 11.890121 0
6.12 -7.94 2.0 22.31 2.93 45.408366 11.890121 1
5.82 -7.96 1.91 22.42 2.93 45.408366 11.890121 1
5.72 -7.78 1.77 21.59 2.93 45.408366 11.890121 1
5.98 -7.79 1.68 21.52 2.93 45.408366 11.890121 1
6.12 -7.88 1.7 21.88 2.93 45.408366 11.890121 1
5.87 -7.83 1.67 22.16 2.93 45.408366 11.890121 1
5.69 -7.81 1.46 22.16 2.93 45.408366 11.890121 1
5.85 -7.94 1.35 22.05 2.93 45.408366 11.890121 1
5.99 -8.03 1.52 21.97 2.93 45.408366 11.890121 1
5.91 -7.97 1.68 22.11 2.93 45.408366 11.890121 1
5.9 -7.84 1.67 22.14 2.93 45.408366 11.890121 1
6.08 -7.69 1.75 21.75 2.93 45.408366 11.890121 1
6.18 -7.6 1.97 22.12 2.93 45.408366 11.890121 1
6.08 -7.71 2.05 21.99 2.93 45.408366 11.890121 1
6.02 -7.87 1.91 21.83 3.0 45.408352 11.890089 0
6.08 -7.85 1.85 21.35 3.0 45.408352 11.890089 1
6.07 -7.76 1.96 21.85 3.0 45.408352 11.890089 0
5.91 -7.81 2.05 22.04 3.0 45.408352 11.890089 1
5.78 -7.85 1.92 21.88 3.0 45.408352 11.890089 1
5.79 -7.83 1.68 21.93 3.0 45.408352 11.890089 1
5.84 -7.93 1.6 21.54 3.0 45.408352 11.890089 1
5.83 -8.04 1.67 21.99 3.0 45.408352 11.890089 1
5.77 -7.86 1.7 22.05 3.0 45.408352 11.890089 1
5.81 -7.69 1.63 22.11 3.0 45.408352 11.890089 1
6.02 -7.86 1.62 22.0 3.0 45.408352 11.890089 1
6.22 -7.97 1.74 22.11 3.0 45.408352 11.890089 1
6.15 -7.69 1.86 21.76 3.0 45.408352 11.890089 1
