5.81 -7.8 1.57 22.05 3.71 45.408253 11.889803 1
5.92 -7.79 1.6 22.11 3.71 45.408253 11.889803 1
5.94 -7.9 1.6 22.52 3.71 45.408253 11.889803 1
5.96 -7.85 1.66 22.11 3.71 45.408253 11.889803 1
6.07 -7.69 1.88 22.0 3.71 45.408253 11.889803 1
6.0 -7.86 2.05 21.95 3.67 45.408231 11.889767 0
5.55 -8.29 1.95 22.0 3.67 45.408231 11.889767 1
5.2 -8.29 1.75 22.04 3.67 45.408231 11.889767 0
5.5 -7.87 1.63 22.0 3.67 45.408231 11.889767 1
6.08 -7.77 1.62 21.44 3.67 45.408231 11.889767 1
6.18 -7.95 1.72 21.9 3.67 45.408231 11.889767 1
5.86 -7.88 1.87 21.88 3.67 45.408231 11.889767 1
5.79 -7.66 1.92 22.83 3.67 45.408231 11.889767 1
6.02 -7.63 1.92 22.31 3.67 45.408231 11.889767 1
6.09 -7.64 1.97 22.12 3.67 45.408231 11.889767 1
5.96 -7.68 1.99 22.09 3.67 45.408231 11.889767 1
5.88 -7.92 1.9 22.05 3.67 45.408231 11.889767 1
5.85 -8.07 1.9 21.64 3.67 45.408231 11.889767 1
5.81 -7.85 2.04 22.04 3.67 45.408231 11.889767 1
5.82 -7.75 2.03 21.69 3.67 45.408231 11.889767 1
5.86 -8.01 1.85 22.11 3.67 45.408231 11.889767 1
5.86 -8.08 1.73 22.04 3.67 45.408231 11.889767 1
5.89 -7.82 1.7 22.17 3.46 45.408210 11.889736 0
6.04 -7.73 1.66 22.04 3.46 45.408210 11.889736 1
6.19 -7.89 1.65 22.04 3.46 45.408210 11.889736 1
6.17 -7.91 1.68 21.51 3.46 45.408210 11.889736 0
6.08 -7.9 1.71 21.97 3.46 45.408210 11.889736 1
6.1 -8.06 1.74 21.95 3.46 45.408210 11.889736 1
6.08 -8.1 1.75 22.09 3.46 45.408210 11.889736 1
5.78 -7.84 1.7 22.69 3.46 45.408210 11.889736 1
5.45 -7.71 1.69 22.14 3.46 45.408210 11.889736 1
5.59 -7.94 1.83 22.02 3.46 45.408210 11.889736 1
6.06 -8.16 2.04 21.59 3.46 45.408210 11.889736 1
6.2 -8.01 2.12 22.6 3.46 45.408210 11.889736 1
5.96 -7.7 2.0 22.16 3.46 45.408210 11.889736 1
