6.1 -8.02 1.9 22.35 2.93 45.407724 11.899237 0
5.86 -7.77 1.81 22.86 2.93 45.407724 11.899237 1
5.42 -8.43 2.37 23.19 2.93 45.407724 11.899237 1
6.14 -7.5 1.88 21.92 2.93 45.407724 11.899237 1
6.17 -8.04 1.52 22.35 2.93 45.407724 11.899237 1
5.61 -7.92 1.72 22.86 2.93 45.407724 11.899237 1
5.48 -8.03 1.67 22.09 2.93 45.407724 11.899237 1
5.51 -7.65 1.76 22.11 2.93 45.407724 11.899237 1
5.7 -7.87 1.4 22.42 2.93 45.407724 11.899237 1
6.11 -7.81 1.68 22.35 2.93 45.407724 11.899237 1
6.06 -7.95 2.15 22.24 2.93 45.407724 11.899237 0
6.36 -7.5 1.9 21.75 2.93 45.407724 11.899237 1
6.08 -7.79 1.73 21.73 2.93 45.407724 11.899237 0
5.92 -7.72 2.13 21.68 2.93 45.407724 11.899237 1
5.99 -8.12 2.2 39.48 2.93 45.407724 11.899237 1
6.08 -7.45 2.43 22.16 2.93 45.407724 11.899237 1
5.99 -8.07 2.32 21.8 2.93 45.407724 11.899237 1
5.53 -7.73 2.32 22.42 2.93 45.407724 11.899237 1
5.51 -7.91 1.96 21.95 2.93 45.407724 11.899237 1
6.1 -7.92 1.6 22.35 2.93 45.407724 11.899237 1
5.98 -8.15 1.49 22.81 2.93 45.407724 11.899237 1
5.88 -7.54 1.73 22.45 2.93 45.407724 11.899237 1
5.89 -7.59 1.77 22.0 2.93 45.407724 11.899237 1
6.13 -7.72 1.68 22.76 2.93 45.407724 11.899237 1
6.15 -8.02 1.7 21.88 2.93 45.407724 11.899237 1
6.14 -7.56 1.73 22.4 2.93 45.407724 11.899237 1
6.19 -8.03 1.66 22.28 2.93 45.407724 11.899237 1
5.94 -7.42 1.55 21.88 2.77 45.407733 11.899270 0
5.84 -7.98 1.62 21.8 2.77 45.407733 11.899270 1
5.77 -7.96 1.95 21.88 2.77 45.407733 11.899270 0
5.37 -7.99 2.12 22.59 2.77 45.407733 11.899270 1
5.78 -7.98 1.91 21.88 2.77 45.407733 11.899270 1
5.65 -7.74 1.71 22.19 2.77 45.407733 11.899270 1
6.04 -7.66 1.62 21.85 2.77 45.407733 11.899270 1
5.93 -8.06 1.76 22.26 2.77 45.407733 11.899270 1
