6.35 -7.86 1.96 22.24 2.4 45.407789 11.899452 1
6.09 -7.84 2.3 22.11 2.4 45.407789 11.899452 1
6.12 -7.64 2.08 22.24 2.4 45.407789 11.899452 1
5.58 -6.86 1.32 21.4 2.4 45.407789 11.899452 1
6.62 -8.02 1.5 22.04 2.4 45.407789 11.899452 1
6.69 -8.5 1.65 21.68 2.4 45.407789 11.899452 1
6.56 -7.84 1.79 22.29 2.4 45.407789 11.899452 1
5.76 -7.45 2.03 22.62 2.4 45.407789 11.899452 1
5.45 -7.28 2.11 22.31 2.4 45.407789 11.899452 1
5.9 -7.95 1.48 21.68 2.4 45.407789 11.899452 1
5.61 -8.9 1.85 21.39 3.36 45.407801 11.899491 0
5.98 -9.14 2.29 21.69 3.36 45.407801 11.899491 1
6.36 -7.59 2.03 22.02 3.36 45.407801 11.899491 0
5.72 -6.48 2.04 22.17 3.36 45.407801 11.899491 1
6.28 -7.02 1.79 22.0 3.36 45.407801 11.899491 1
6.19 -7.3 1.96 21.61 3.36 45.407801 11.899491 1
6.54 -8.62 1.85 21.08 3.36 45.407801 11.899491 1
6.12 -8.35 2.12 21.45 3.36 45.407801 11.899491 1
5.65 -7.38 2.58 22.11 3.36 45.407801 11.899491 1
5.55 -6.9 1.79 22.14 3.36 45.407801 11.899491 1
5.49 -7.93 1.51 21.93 3.36 45.407801 11.899491 1
5.71 -8.41 1.61 21.8 3.36 45.407801 11.899491 1
5.61 -8.55 1.66 21.52 3.36 45.407801 11.899491 1
6.21 -7.4 1.77 22.04 3.36 45.407801 11.899491 1
6.17 -7.36 1.82 22.09 3.36 45.407801 11.899491 1
6.03 -7.4 2.07 22.14 3.36 45.407801 11.899491 1
6.27 -7.94 1.77 21.95 3.36 45.407801 11.899491 1
6.38 -7.69 1.49 21.95 3.35 45.407810 11.899535 0
6.44 -7.69 1.93 21.52 3.35 45.407810 11.899535 1
5.97 -7.64 1.97 21.88 3.35 45.407810 11.899535 0
5.94 -7.75 1.87 21.8 3.35 45.407810 11.899535 1
5.49 -8.01 1.71 21.75 3.35 45.407810 11.899535 1
5.55 -8.47 1.6 21.8 3.35 45.407810 11.899535 1
5.71 -7.84 1.81 21.85 3.35 45.407810 11.899535 1
5.99 -7.75 1.83 21.85 3.35 45.407810 11.899535 1
