4.67 -12.98 2.48 16.76 3.06 45.407837 11.899605 1
6.94 -12.35 1.33 17.82 3.06 45.407837 11.899605 1
5.97 -4.53 2.52 21.13 3.06 45.407837 11.899605 1
5.33 -4.51 1.36 24.78 3.06 45.407837 11.899605 1
5.16 -5.87 1.92 25.04 3.06 45.407837 11.899605 1
4.73 -3.66 1.75 23.31 3.06 45.407837 11.899605 1
9.62 -10.79 4.04 21.2 3.06 45.407837 11.899605 1
5.26 -8.47 3.89 21.52 3.06 45.407837 11.899605 1
6.78 -11.54 1.17 22.04 3.06 45.407837 11.899605 1
4.59 -7.24 0.71 22.28 3.06 45.407837 11.899605 1
4.77 -7.12 2.12 22.09 2.87 45.407851 11.899640 0
5.51 -7.64 0.66 21.42 2.87 45.407851 11.899640 1
6.27 -8.53 2.21 21.44 2.87 45.407851 11.899640 0
5.83 -8.81 1.24 21.61 2.87 45.407851 11.899640 1
5.66 -7.4 2.3 21.87 2.87 45.407851 11.899640 1
6.07 -7.11 1.75 21.78 2.87 45.407851 11.899640 1
6.31 -7.41 1.65 21.78 2.87 45.407851 11.899640 1
6.08 -7.77 1.81 21.8 2.87 45.407851 11.899640 1
6.34 -7.84 2.06 21.88 2.87 45.407851 11.899640 1
6.3 -7.64 1.84 21.59 2.87 45.407851 11.899640 1
6.1 -7.4 2.02 21.64 2.87 45.407851 11.899640 1
5.98 -7.61 2.41 22.09 2.87 45.407851 11.899640 1
5.79 -7.98 2.52 21.69 2.87 45.407851 11.899640 1
5.86 -7.84 2.18 21.8 2.87 45.407851 11.899640 1
5.8 -7.97 2.26 21.71 2.87 45.407851 11.899640 1
5.93 -7.48 2.39 22.04 2.87 45.407851 11.899640 1
5.92 -8.33 2.57 21.87 2.87 45.407851 11.899640 1
5.84 -8.27 2.01 21.47 2.7 45.407862 11.899673 0
5.92 -7.8 1.55 21.97 2.7 45.407862 11.899673 1
5.96 -7.39 1.56 21.42 2.7 45.407862 11.899673 0
6.51 -7.63 1.92 21.42 2.7 45.407862 11.899673 1
6.3 -7.57 1.75 21.78 2.7 45.407862 11.899673 1
6.27 -7.54 1.33 21.66 2.7 45.407862 11.899673 1
6.32 -8.01 1.41 21.78 2.7 45.407862 11.899673 1
6.22 -7.75 1.52 21.88 2.7 45.407862 11.899673 1
