6.19 -7.67 1.5 22.04 2.77 45.407733 11.899270 1
6.32 -7.42 1.56 22.0 2.77 45.407733 11.899270 1
6.08 -7.54 1.95 22.45 2.77 45.407733 11.899270 1
5.79 -7.86 2.28 22.45 2.77 45.407733 11.899270 1
5.9 -7.72 1.77 22.04 2.77 45.407733 11.899270 1
5.84 -7.83 1.82 21.51 2.77 45.407733 11.899270 1
5.65 -8.11 2.07 21.42 2.77 45.407733 11.899270 1
5.74 -8.05 1.84 22.35 2.77 45.407733 11.899270 1
5.67 -8.0 1.85 22.24 2.77 45.407733 11.899270 1
5.66 -7.49 1.48 21.32 2.77 45.407733 11.899270 1
6.16 -7.82 1.88 21.85 2.31 45.407742 11.899299 0
6.34 -7.3 1.85 21.78 2.31 45.407742 11.899299 1
6.13 -7.89 1.78 22.04 2.31 45.407742 11.899299 0
6.03 -7.55 1.99 21.66 2.31 45.407742 11.899299 1
5.98 -7.8 1.91 21.61 2.31 45.407742 11.899299 1
6.34 -7.67 1.51 21.68 2.31 45.407742 11.899299 1
6.08 -7.84 1.49 21.78 2.31 45.407742 11.899299 1
6.2 -7.69 1.51 22.79 2.31 45.407742 11.899299 1
5.8 -7.94 1.42 21.9 2.31 45.407742 11.899299 1
5.71 -7.75 1.94 21.9 2.31 45.407742 11.899299 1
5.43 -8.18 1.9 22.21 2.31 45.407742 11.899299 1
5.86 -8.23 1.66 22.67 2.31 45.407742 11.899299 1
6.01 -7.89 1.85 22.35 2.31 45.407742 11.899299 1
5.99 -7.31 1.67 22.76 2.31 45.407742 11.899299 1
6.13 -7.71 1.6 23.15 2.31 45.407742 11.899299 1
6.25 -7.83 1.83 21.81 2.31 45.407742 11.899299 1
6.15 -7.62 2.06 21.8 2.31 45.407742 11.899299 1
6.31 -7.53 1.9 21.78 2.48 45.407748 11.899326 0
5.93 -7.57 2.08 22.23 2.48 45.407748 11.899326 1
5.63 -7.87 2.24 21.93 2.48 45.407748 11.899326 0
5.55 -8.3 2.19 22.26 2.48 45.407748 11.899326 1
5.89 -7.85 1.91 21.85 2.48 45.407748 11.899326 1
5.68 -8.15 1.98 22.29 2.48 45.407748 11.899326 1
5.96 -7.74 1.78 21.88 2.48 45.407748 11.899326 1
5.91 -7.6 2.01 22.14 2.48 45.407748 11.899326 1
