5.74 -7.75 1.81 22.21 2.62 45.406382 11.895213 1 0
5.83 -7.7 1.44 22.48 2.62 45.406382 11.895213 1 0
5.98 -7.6 1.34 22.76 2.62 45.406382 11.895213 1 0
6.14 -7.79 1.5 22.07 2.62 45.406382 11.895213 1 0
6.22 -8.29 1.62 21.95 2.62 45.406382 11.895213 1 0
5.95 -8.46 1.63 21.59 2.62 45.406382 11.895213 1 0
5.44 -8.1 1.77 22.09 2.62 45.406382 11.895213 1 0
5.38 -7.72 2.02 21.59 2.62 45.406382 11.895213 1 0
5.89 -7.66 1.98 21.95 2.62 45.406382 11.895213 1 0
6.13 -7.85 1.66 21.92 2.62 45.406382 11.895213 1 0
5.82 -8.08 1.49 21.9 2.62 45.406382 11.895213 1 0
5.61 -8.1 1.6 21.95 2.17 45.406382 11.895240 0 0
5.63 -7.86 1.67 22.45 2.17 45.406382 11.895240 1 0
5.59 -7.69 1.62 21.99 2.17 45.406382 11.895240 0 0
5.84 -7.75 1.71 22.45 2.17 45.406382 11.895240 1 0
6.44 -7.81 1.87 22.0 2.17 45.406382 11.895240 1 0
6.3 -7.85 1.88 22.93 2.17 45.406382 11.895240 1 0
5.29 -7.82 1.83 22.67 2.17 45.406382 11.895240 1 0
4.95 -7.62 1.84 22.42 2.17 45.406382 11.895240 1 0
5.69 -7.71 1.75 30.49 2.17 45.406382 11.895240 1 0
6.21 -8.54 1.58 21.4 2.17 45.406382 11.895240 1 0
6.05 -9.13 1.67 21.8 2.17 45.406382 11.895240 1 0
5.81 -8.37 1.94 21.92 2.17 45.406382 11.895240 1 0
5.58 -7.15 1.92 23.86 2.17 45.406382 11.895240 1 0
5.38 -6.89 1.59 23.51 2.17 45.406382 11.895240 1 0
5.71 -7.33 1.48 23.12 2.17 45.406382 11.895240 1 0
6.27 -7.65 1.72 22.42 2.17 45.406382 11.895240 1 0
6.29 -8.02 1.93 21.92 2.17 45.406382 11.895240 1 0
5.97 -8.52 1.91 22.0 2.17 45.406382 11.895240 1 0
5.91 -8.56 1.77 22.31 2.83 45.406381 11.895272 0 0
5.82 -8.05 1.68 22.35 2.83 45.406381 11.895272 1 0
5.53 -7.64 1.74 21.78 2.83 45.406381 11.895272 0 0
5.55 -7.68 1.84 22.09 2.83 45.406381 11.895272 1 0
5.86 -7.99 1.83 22.5 2.83 45.406381 11.895272 1 0
5.89 -8.31 1.77 21.85 2.83 45.406381 11.895272 1 0
