5.9 -8.07 1.66 22.04 3.05 45.406383 11.895076 0 0
5.68 -8.15 1.84 22.16 3.05 45.406383 11.895076 1 0
5.69 -8.08 1.69 22.21 3.05 45.406383 11.895076 1 0
5.5 -8.23 1.63 22.59 3.05 45.406383 11.895076 1 0
5.53 -8.16 1.93 22.54 3.05 45.406383 11.895076 1 0
6.05 -8.11 1.81 22.16 3.05 45.406383 11.895076 1 0
6.07 -7.71 1.59 22.26 3.05 45.406383 11.895076 1 0
5.91 -7.66 1.55 22.28 3.05 45.406383 11.895076 1 0
5.96 -7.72 1.89 22.59 3.05 45.406383 11.895076 1 0
6.19 -7.56 2.0 22.07 3.05 45.406383 11.895076 1 0
6.28 -8.07 1.99 21.93 3.05 45.406383 11.895076 1 0
6.08 -7.79 1.73 21.88 3.05 45.406383 11.895076 0 0
5.57 -7.76 1.66 22.36 3.05 45.406383 11.895076 1 0
5.75 -7.86 1.79 21.92 3.05 45.406383 11.895076 0 0
5.83 -8.13 1.84 21.9 3.05 45.406383 11.895076 1 0
5.7 -8.12 1.93 21.9 3.05 45.406383 11.895076 1 0
5.49 -7.82 1.76 21.93 3.05 45.406383 11.895076 1 0
5.52 -8.18 1.9 22.24 3.05 45.406383 11.895076 1 0
5.94 -7.88 1.89 21.95 3.05 45.406383 11.895076 1 0
5.84 -7.51 1.93 22.54 3.05 45.406383 11.895076 1 0
5.88 -7.89 1.89 22.11 3.05 45.406383 11.895076 1 0
5.71 -7.75 1.74 22.05 3.05 45.406383 11.895076 1 0
6.05 -7.85 1.41 21.95 3.05 45.406383 11.895076 1 0
5.94 -7.89 1.74 22.38 3.05 45.406383 11.895076 1 0
5.78 -7.84 1.62 22.05 3.05 45.406383 11.895076 1 0
6.06 -7.75 1.58 22.0 3.05 45.406383 11.895076 1 0
5.98 -7.64 1.62 22.88 3.05 45.406383 11.895076 1 0
6.0 -7.78 1.73 21.9 3.05 45.406383 11.895076 1 0
5.98 -7.68 1.51 21.85 3.05 45.406383 11.895076 1 0
5.9 -8.05 1.45 21.9 1.89 45.406380 11.895098 0 0
5.76 -8.12 1.78 22.09 1.89 45.406380 11.895098 1 0
5.62 -7.74 1.96 22.14 1.89 45.406380 11.895098 0 0
5.82 -8.0 1.6 21.52 1.89 45.406380 11.895098 1 0
5.97 -8.03 1.59 22.36 1.89 45.406380 11.895098 1 0
5.63 -8.11 2.0 21.83 1.89 45.406380 11.895098 1 0
