5.72 -8.19 1.92 21.69 2.83 45.406381 11.895272 1 0
5.41 -8.27 1.77 22.0 2.83 45.406381 11.895272 1 0
6.03 -7.73 1.98 22.16 2.83 45.406381 11.895272 1 0
5.34 -7.74 1.66 22.17 2.83 45.406381 11.895272 1 0
6.0 -7.92 1.72 22.54 2.83 45.406381 11.895272 1 0
5.93 -7.93 1.66 22.16 2.83 45.406381 11.895272 1 0
5.61 -7.86 1.64 22.11 2.83 45.406381 11.895272 1 0
5.8 -8.36 1.67 22.02 2.83 45.406381 11.895272 1 0
5.78 -7.86 1.89 21.97 2.83 45.406381 11.895272 1 0
5.61 -7.95 1.7 22.36 2.83 45.406381 11.895272 1 0
5.75 -8.06 1.43 22.74 2.83 45.406381 11.895272 1 0
5.69 -7.71 1.76 21.88 2.95 45.406377 11.895309 0 0
5.93 -7.7 1.57 22.78 2.95 45.406377 11.895309 1 0
5.8 -7.88 1.75 21.9 2.95 45.406377 11.895309 0 0
5.65 -7.93 1.94 21.88 2.95 45.406377 11.895309 1 0
5.78 -8.06 2.06 22.76 2.95 45.406377 11.895309 1 0
5.79 -7.78 1.55 21.92 2.95 45.406377 11.895309 1 0
5.56 -7.72 1.72 22.31 2.95 45.406377 11.895309 1 0
5.85 -7.86 1.76 21.85 2.95 45.406377 11.895309 1 0
5.91 -7.85 1.65 22.02 2.95 45.406377 11.895309 1 0
5.89 -7.68 1.86 22.43 2.95 45.406377 11.895309 1 0
5.67 -7.89 1.61 22.05 2.95 45.406377 11.895309 1 0
5.66 -7.98 1.96 21.69 2.95 45.406377 11.895309 1 0
5.76 -7.89 1.75 22.47 2.95 45.406377 11.895309 1 0
5.8 -7.85 1.6 22.52 2.95 45.406377 11.895309 1 0
5.6 -8.03 1.67 21.97 2.95 45.406377 11.895309 1 0
5.98 -7.85 1.34 21.95 2.95 45.406377 11.895309 1 0
5.88 -7.84 1.72 22.14 2.95 45.406377 11.895309 1 0
5.85 -8.19 1.73 21.9 2.95 45.406377 11.895309 1 0
6.02 -8.07 1.93 22.04 2.91 45.406377 11.895348 0 0
5.81 -7.92 1.85 23.5 2.91 45.406377 11.895348 1 0
5.75 -7.49 1.72 23.0 2.91 45.406377 11.895348 0 0
5.76 -8.37 1.58 23.79 2.91 45.406377 11.895348 1 0
6.13 -7.46 1.86 22.62 2.91 45.406377 11.895348 1 0
6.02 -8.71 1.84 22.04 2.91 45.406377 11.895348 1 0
