6.08 -8.16 1.5 22.31 2.59 45.406368 11.895518 1 0
5.75 -8.1 1.75 22.0 2.59 45.406368 11.895518 1 0
5.71 -7.79 1.79 22.02 2.59 45.406368 11.895518 1 0
5.9 -7.66 1.83 22.04 2.59 45.406368 11.895518 1 0
5.93 -7.77 1.91 22.84 2.65 45.406367 11.895553 0 0
5.83 -7.87 1.77 22.31 2.65 45.406367 11.895553 1 0
5.94 -8.05 1.56 21.8 2.65 45.406367 11.895553 0 0
6.13 -8.29 1.6 22.17 2.65 45.406367 11.895553 1 0
5.96 -8.16 1.78 21.85 2.65 45.406367 11.895553 1 0
5.64 -7.79 1.82 22.31 2.65 45.406367 11.895553 1 0
5.66 -7.75 1.75 21.92 2.65 45.406367 11.895553 1 0
5.89 -7.98 1.66 21.69 2.65 45.406367 11.895553 1 0
5.81 -8.05 1.62 22.67 2.65 45.406367 11.895553 1 0
5.61 -8.02 1.71 21.81 2.65 45.406367 11.895553 1 0
5.7 -8.03 1.71 22.67 2.65 45.406367 11.895553 1 0
5.84 -7.95 1.53 21.9 2.65 45.406367 11.895553 1 0
5.73 -7.81 1.64 22.81 2.65 45.406367 11.895553 1 0
5.7 -7.84 2.1 22.79 2.65 45.406367 11.895553 1 0
5.96 -8.04 2.13 21.92 2.65 45.406367 11.895553 1 0
6.0 -8.15 1.74 22.36 2.65 45.406367 11.895553 1 0
5.64 -7.98 1.71 22.05 2.65 45.406367 11.895553 1 0
5.57 -7.66 1.88 21.49 2.65 45.406367 11.895553 1 0
5.97 -7.63 1.71 22.09 2.28 45.406370 11.895583 0 0
6.08 -8.02 1.81 22.09 2.28 45.406370 11.895583 1 0
5.74 -8.36 2.31 22.21 2.28 45.406370 11.895583 0 0
5.78 -8.15 1.93 21.97 2.28 45.406370 11.895583 1 0
6.25 -7.55 0.75 22.54 2.28 45.406370 11.895583 1 0
6.21 -7.37 0.74 22.09 2.28 45.406370 11.895583 1 0
5.62 -8.0 1.96 22.29 2.28 45.406370 11.895583 1 0
5.4 -8.65 2.43 21.8 2.28 45.406370 11.895583 1 0
5.68 -8.38 1.79 22.0 2.28 45.406370 11.895583 1 0
5.76 -7.7 1.47 22.05 2.28 45.406370 11.895583 1 0
5.47 -7.69 1.85 22.55 2.28 45.406370 11.895583 1 0
5.28 -8.03 2.14 22.56 2.28 45.406370 11.895583 1 0
5.38 -7.9 2.04 22.55 2.28 45.406370 11.895583 1 0
