5.13 -7.65 1.54 23.02 2.52 45.406359 11.895210 1 1
5.61 -7.5 1.64 22.5 2.52 45.406359 11.895210 1 1
5.99 -7.94 1.82 21.45 2.52 45.406359 11.895210 1 1
6.03 -8.57 1.95 21.23 2.52 45.406359 11.895210 1 1
6.0 -8.41 2.0 21.44 2.45 45.406368 11.895238 0 1
5.69 -7.47 1.88 22.47 2.45 45.406368 11.895238 1 1
5.23 -6.85 1.62 22.6 2.45 45.406368 11.895238 0 1
5.47 -7.04 1.57 23.32 2.45 45.406368 11.895238 1 1
6.31 -7.73 1.82 22.47 2.45 45.406368 11.895238 1 1
6.54 -8.49 2.01 22.07 2.45 45.406368 11.895238 1 1
5.89 -8.67 1.95 22.71 2.45 45.406368 11.895238 1 1
5.43 -7.99 1.82 22.0 2.45 45.406368 11.895238 1 1
5.66 -7.36 1.74 22.33 2.45 45.406368 11.895238 1 1
5.99 -7.6 1.79 22.17 2.45 45.406368 11.895238 1 1
6.0 -8.09 1.97 22.5 2.45 45.406368 11.895238 1 1
5.92 -8.2 2.05 22.35 2.45 45.406368 11.895238 1 1
5.87 -8.19 1.95 22.0 2.45 45.406368 11.895238 1 1
5.71 -8.17 1.88 22.07 2.45 45.406368 11.895238 1 1
5.64 -7.9 1.91 22.96 2.45 45.406368 11.895238 1 1
5.8 -7.7 1.9 23.27 2.45 45.406368 11.895238 1 1
5.85 -7.91 1.88 22.74 2.45 45.406368 11.895238 1 1
5.65 -8.11 1.92 22.35 2.45 45.406368 11.895238 1 1
5.59 -8.0 1.89 22.29 2.97 45.406371 11.895274 0 1
5.8 -7.91 1.8 22.0 2.97 45.406371 11.895274 1 1
5.86 -7.94 1.8 21.92 2.97 45.406371 11.895274 0 1
5.67 -7.87 1.83 21.88 2.97 45.406371 11.895274 1 1
5.58 -7.82 1.76 21.93 2.97 45.406371 11.895274 1 1
5.63 -7.99 1.72 22.4 2.97 45.406371 11.895274 1 1
5.66 -8.16 1.72 22.35 2.97 45.406371 11.895274 1 1
5.74 -8.09 1.59 21.95 2.97 45.406371 11.895274 1 1
5.91 -8.03 1.5 22.35 2.97 45.406371 11.895274 1 1
5.95 -8.06 1.67 22.05 2.97 45.406371 11.895274 1 1
5.83 -7.93 1.79 22.16 2.97 45.406371 11.895274 1 1
5.76 -7.65 1.64 22.12 2.97 45.406371 11.895274 1 1
5.77 -7.63 1.61 22.5 2.97 45.406371 11.895274 1 1
