6.39 -7.57 1.9 21.87 1.84 45.408041 11.888660 1 0
6.18 -7.71 1.97 22.33 1.84 45.408041 11.888660 1 0
6.0 -7.91 2.1 21.81 1.84 45.408041 11.888660 1 0
6.0 -7.55 2.1 22.02 1.84 45.408041 11.888660 1 0
6.1 -7.6 2.08 21.99 1.84 45.408041 11.888660 1 0
5.66 -8.04 1.91 22.11 1.84 45.408041 11.888660 1 0
5.66 -7.93 1.79 22.38 1.84 45.408041 11.888660 1 0
5.66 -8.01 1.49 22.28 1.84 45.408041 11.888660 1 0
5.97 -8.28 1.76 22.42 1.84 45.408041 11.888660 1 0
5.87 -8.09 1.83 22.52 1.84 45.408041 11.888660 1 0
5.83 -7.56 1.85 22.26 1.84 45.408041 11.888660 1 0
6.18 -7.68 1.74 22.26 1.84 45.408041 11.888660 1 0
5.98 -7.48 1.55 22.12 1.84 45.408041 11.888660 1 0
6.22 -7.51 1.96 21.95 1.84 45.408041 11.888660 1 0
6.16 -8.04 1.66 21.9 2.11 45.408047 11.888636 0 0
5.7 -7.79 1.82 21.87 2.11 45.408047 11.888636 1 0
5.95 -7.75 1.66 21.9 2.11 45.408047 11.888636 0 0
6.14 -7.95 1.78 21.9 2.11 45.408047 11.888636 1 0
5.94 -7.84 1.59 22.72 2.11 45.408047 11.888636 1 0
5.64 -7.8 1.78 22.33 2.11 45.408047 11.888636 1 0
5.8 -8.24 1.8 21.87 2.11 45.408047 11.888636 1 0
5.9 -7.59 1.75 22.21 2.11 45.408047 11.888636 1 0
6.17 -7.79 1.88 21.99 2.11 45.408047 11.888636 1 0
5.99 -7.66 1.87 22.02 2.11 45.408047 11.888636 1 0
6.01 -7.63 1.98 22.05 2.11 45.408047 11.888636 1 0
6.19 -7.64 2.11 22.16 2.11 45.408047 11.888636 1 0
6.09 -7.72 2.03 22.5 2.11 45.408047 11.888636 1 0
6.09 -7.62 2.04 22.02 2.11 45.408047 11.888636 1 0
5.98 -7.84 1.94 22.0 2.11 45.408047 11.888636 1 0
6.05 -7.59 1.92 22.05 2.11 45.408047 11.888636 1 0
6.08 -7.87 1.87 21.9 2.11 45.408047 11.888636 1 0
5.8 -7.86 1.93 21.85 2.64 45.408039 11.888609 0 0
5.77 -7.88 2.06 21.39 2.64 45.408039 11.888609 1 0
5.96 -7.99 1.82 22.24 2.64 45.408039 11.888609 0 0
5.8 -7.88 1.65 21.56 2.64 45.408039 11.888609 1 0
