5.98 -7.64 1.88 21.45 3.07 45.407988 11.888316 1 1
6.59 -7.94 2.07 21.95 3.07 45.407988 11.888316 1 1
5.91 -7.54 2.05 21.9 3.07 45.407988 11.888316 1 1
6.21 -7.79 1.78 22.0 3.07 45.407988 11.888316 1 1
5.78 -7.77 1.99 21.8 3.07 45.407988 11.888316 1 1
5.65 -8.08 2.14 22.47 3.07 45.407988 11.888316 1 1
5.7 -8.29 1.96 22.09 3.07 45.407988 11.888316 1 1
5.89 -7.44 1.98 22.19 3.07 45.407988 11.888316 1 1
5.78 -7.62 1.77 22.16 3.07 45.407988 11.888316 1 1
6.03 -7.77 2.07 22.11 3.07 45.407988 11.888316 1 1
6.24 -7.74 1.91 22.05 3.07 45.407988 11.888316 1 1
6.2 -7.75 1.76 22.59 3.07 45.407988 11.888316 1 1
5.83 -7.61 1.62 22.16 3.07 45.407988 11.888316 1 1
6.07 -7.48 1.67 21.85 3.07 45.407988 11.888316 1 1
6.01 -7.76 1.71 21.85 2.39 45.407986 11.888284 0 1
5.89 -8.07 1.85 21.28 2.39 45.407986 11.888284 1 1
6.07 -7.85 1.65 21.76 2.39 45.407986 11.888284 0 1
5.41 -8.08 1.67 21.4 2.39 45.407986 11.888284 1 1
5.64 -7.14 1.79 22.16 2.39 45.407986 11.888284 1 1
6.16 -7.62 1.55 21.93 2.39 45.407986 11.888284 1 1
5.91 -7.82 1.8 22.19 2.39 45.407986 11.888284 1 1
5.97 -8.54 1.68 22.11 2.39 45.407986 11.888284 1 1
5.96 -7.06 1.93 22.05 2.39 45.407986 11.888284 1 1
5.5 -8.63 1.7 21.9 2.39 45.407986 11.888284 1 1
5.58 -7.63 1.68 21.75 2.39 45.407986 11.888284 1 1
5.79 -8.18 1.5 21.87 2.39 45.407986 11.888284 1 1
3.11 -7.24 1.59 20.67 2.39 45.407986 11.888284 1 1
8.76 -6.91 2.24 21.09 2.39 45.407986 11.888284 1 1
9.29 -7.15 2.32 22.76 2.39 45.407986 11.888284 1 1
3.69 -6.85 2.38 24.75 2.39 45.407986 11.888284 1 1
4.51 -7.15 1.09 24.64 2.39 45.407986 11.888284 1 1
3.76 -2.05 -0.89 26.27 2.39 45.407986 11.888284 1 1
4.03 -10.56 2.63 20.12 2.18 45.407981 11.888255 0 1
6.34 -15.97 1.57 20.84 2.18 45.407981 11.888255 1 1
4.95 -4.09 0.87 22.21 2.18 45.407981 11.888255 0 1
