5.74 -8.12 1.69 21.97 2.94 45.408033 11.888537 1 0
5.57 -7.92 1.69 21.97 2.94 45.408033 11.888537 1 0
5.42 -8.25 1.79 22.02 2.94 45.408033 11.888537 1 0
5.65 -8.04 1.68 22.0 2.94 45.408033 11.888537 1 0
6.03 -7.68 1.39 21.83 2.94 45.408033 11.888537 1 0
6.57 -7.65 1.72 22.52 2.94 45.408033 11.888537 1 0
5.81 -7.87 1.85 22.62 2.94 45.408033 11.888537 1 0
5.97 -7.43 2.0 22.48 2.94 45.408033 11.888537 1 0
6.13 -7.59 1.67 22.05 2.94 45.408033 11.888537 1 0
6.33 -7.85 1.75 21.61 2.94 45.408033 11.888537 1 0
6.14 -7.72 1.77 22.05 2.94 45.408033 11.888537 1 0
5.93 -7.88 1.78 22.54 2.94 45.408033 11.888537 1 0
5.92 -7.67 1.97 22.52 2.94 45.408033 11.888537 1 0
5.71 -7.87 1.99 22.83 2.94 45.408033 11.888537 1 0
5.5 -8.36 2.23 21.9 2.81 45.408029 11.888499 0 0
5.7 -7.83 1.68 21.81 2.81 45.408029 11.888499 1 0
6.02 -8.08 1.65 21.85 2.81 45.408029 11.888499 0 0
5.83 -7.81 1.76 21.95 2.81 45.408029 11.888499 1 0
6.12 -7.8 1.94 21.97 2.81 45.408029 11.888499 1 0
6.11 -7.61 1.84 21.92 2.81 45.408029 11.888499 1 0
6.03 -7.53 1.96 22.28 2.81 45.408029 11.888499 1 0
6.24 -7.99 1.78 21.81 2.81 45.408029 11.888499 1 0
6.24 -7.9 1.75 22.43 2.81 45.408029 11.888499 1 0
5.81 -7.7 2.1 22.9 2.81 45.408029 11.888499 1 0
5.95 -7.73 1.73 22.57 2.81 45.408029 11.888499 1 0
5.97 -8.18 1.6 23.58 2.81 45.408029 11.888499 1 0
5.44 -7.82 1.61 24.25 2.81 45.408029 11.888499 1 0
5.6 -8.06 1.38 22.47 2.81 45.408029 11.888499 1 0
6.23 -8.03 1.69 22.28 2.81 45.408029 11.888499 1 0
5.99 -7.67 1.65 22.71 2.81 45.408029 11.888499 1 0
6.09 -7.81 1.69 21.95 2.81 45.408029 11.888499 1 0
5.85 -7.84 1.99 22.42 2.43 45.408026 11.888463 0 0
5.98 -7.36 1.84 22.74 2.43 45.408026 11.888463 1 0
6.25 -7.77 1.84 22.33 2.43 45.408026 11.888463 0 0
5.92 -7.96 1.92 21.85 2.43 45.408026 11.888463 1 0
