6.11 -7.8 1.79 22.21 2.15 45.406288 11.894190 1 0
5.71 -7.53 1.71 23.7 2.15 45.406288 11.894190 1 0
5.7 -7.58 1.81 22.19 2.15 45.406288 11.894190 1 0
5.84 -7.91 1.75 22.55 2.15 45.406288 11.894190 1 0
5.79 -7.94 1.78 23.75 2.15 45.406288 11.894190 1 0
5.75 -8.17 1.89 22.07 2.15 45.406288 11.894190 1 0
5.69 -8.1 1.69 22.16 2.15 45.406288 11.894190 1 0
5.83 -7.84 1.58 22.6 2.15 45.406288 11.894190 1 0
5.99 -7.98 1.73 22.91 2.15 45.406288 11.894190 1 0
5.86 -7.65 1.37 22.43 2.15 45.406288 11.894190 1 0
6.11 -7.97 1.94 22.62 2.15 45.406288 11.894190 1 0
5.74 -7.53 2.15 22.0 2.05 45.406296 11.894220 0 0
6.03 -7.71 2.12 23.1 2.05 45.406296 11.894220 1 0
5.86 -7.64 1.77 22.35 2.05 45.406296 11.894220 0 0
5.95 -7.88 1.56 22.35 2.05 45.406296 11.894220 1 0
5.88 -7.74 2.0 22.48 2.05 45.406296 11.894220 1 0
5.87 -7.92 1.57 22.04 2.05 45.406296 11.894220 1 0
5.69 -8.02 1.62 21.93 2.05 45.406296 11.894220 1 0
5.66 -8.01 1.62 21.93 2.05 45.406296 11.894220 1 0
5.54 -8.03 1.86 22.14 2.05 45.406296 11.894220 1 0
5.92 -7.76 1.91 21.75 2.05 45.406296 11.894220 1 0
6.02 -8.03 1.69 22.21 2.05 45.406296 11.894220 1 0
5.88 -7.99 1.61 21.78 2.05 45.406296 11.894220 1 0
6.16 -7.99 1.6 22.57 2.05 45.406296 11.894220 1 0
5.95 -7.75 1.8 22.12 2.05 45.406296 11.894220 1 0
5.87 -8.05 1.86 22.11 2.05 45.406296 11.894220 1 0
5.44 -7.98 2.01 22.14 2.05 45.406296 11.894220 1 0
5.9 -7.68 2.09 22.4 2.05 45.406296 11.894220 1 0
5.74 -7.93 2.08 21.45 3.05 45.406300 11.894262 0 0
5.77 -8.22 1.91 22.36 3.05 45.406300 11.894262 1 0
5.72 -7.89 1.78 22.45 3.05 45.406300 11.894262 0 0
5.46 -8.1 1.95 22.04 3.05 45.406300 11.894262 1 0
5.65 -7.64 1.97 22.48 3.05 45.406300 11.894262 1 0
5.54 -7.56 2.03 21.83 3.05 45.406300 11.894262 1 0
6.08 -8.24 1.69 22.91 3.05 45.406300 11.894262 1 0
