6.04 -7.54 1.85 21.71 2.99 45.406318 11.894391 1 0
6.53 -8.58 1.75 21.33 2.99 45.406318 11.894391 1 0
5.15 -9.04 1.93 21.97 2.99 45.406318 11.894391 1 0
5.37 -7.02 1.79 22.0 2.99 45.406318 11.894391 1 0
5.07 -7.85 1.5 21.33 2.99 45.406318 11.894391 1 0
5.78 -7.66 2.15 21.23 2.99 45.406318 11.894391 1 0
6.17 -8.4 1.41 21.54 2.99 45.406318 11.894391 1 0
5.15 -7.92 1.5 22.21 2.99 45.406318 11.894391 1 0
6.19 -6.94 1.78 22.4 2.99 45.406318 11.894391 1 0
5.68 -7.04 1.25 22.66 2.99 45.406318 11.894391 1 0
5.73 -7.98 1.78 23.2 2.99 45.406318 11.894391 1 0
6.3 -8.28 1.99 21.81 1.6 45.406320 11.894421 0 0
5.25 -7.44 2.1 22.62 1.6 45.406320 11.894421 1 0
5.98 -8.73 1.17 24.03 1.6 45.406320 11.894421 0 0
6.03 -8.25 1.73 23.58 1.6 45.406320 11.894421 1 0
5.83 -7.97 1.75 22.31 1.6 45.406320 11.894421 1 0
5.39 -8.23 1.5 21.9 1.6 45.406320 11.894421 1 0
5.85 -8.06 1.76 21.93 1.6 45.406320 11.894421 1 0
6.02 -7.86 1.91 22.14 1.6 45.406320 11.894421 1 0
5.61 -7.86 1.68 22.45 1.6 45.406320 11.894421 1 0
5.95 -8.05 1.74 22.86 1.6 45.406320 11.894421 1 0
5.95 -7.51 1.74 22.6 1.6 45.406320 11.894421 1 0
5.98 -7.87 1.61 21.97 1.6 45.406320 11.894421 1 0
6.13 -8.4 1.78 22.43 1.6 45.406320 11.894421 1 0
5.79 -8.02 1.63 22.14 1.6 45.406320 11.894421 1 0
5.39 -8.03 1.68 22.09 1.6 45.406320 11.894421 1 0
5.61 -7.57 1.71 23.31 1.6 45.406320 11.894421 1 0
5.97 -7.91 2.01 21.75 1.6 45.406320 11.894421 1 0
5.93 -8.12 1.64 22.0 2.01 45.406321 11.894451 0 0
5.88 -7.83 1.65 21.97 2.01 45.406321 11.894451 1 0
5.53 -7.5 1.79 22.04 2.01 45.406321 11.894451 1 0
5.74 -7.95 1.7 22.0 2.01 45.406321 11.894451 0 0
5.93 -7.7 1.82 22.33 2.01 45.406321 11.894451 1 0
5.68 -8.18 1.68 21.69 2.01 45.406321 11.894451 1 0
5.91 -7.97 1.79 22.24 2.01 45.406321 11.894451 1 0
