6.21 -7.68 1.82 21.54 3.31 45.407974 11.888326 1 1
6.13 -7.88 1.64 22.11 3.31 45.407974 11.888326 1 1
5.99 -7.85 1.79 22.11 3.31 45.407974 11.888326 1 1
5.89 -7.76 2.28 22.11 3.31 45.407974 11.888326 1 1
5.78 -7.82 2.38 22.16 3.31 45.407974 11.888326 1 1
5.79 -7.86 1.95 22.07 3.31 45.407974 11.888326 1 1
5.96 -7.93 1.75 22.47 3.31 45.407974 11.888326 1 1
5.98 -8.09 1.99 21.71 3.31 45.407974 11.888326 1 1
5.76 -7.86 2.02 22.19 3.31 45.407974 11.888326 1 1
5.75 -7.27 1.74 22.07 3.31 45.407974 11.888326 1 1
6.03 -7.28 1.59 21.47 2.83 45.407971 11.888287 0 1
6.15 -7.9 1.62 22.04 2.83 45.407971 11.888287 1 1
6.09 -8.04 1.6 21.23 2.83 45.407971 11.888287 0 1
6.12 -7.65 1.7 22.19 2.83 45.407971 11.888287 1 1
6.2 -7.59 1.94 21.97 2.83 45.407971 11.888287 1 1
6.19 -7.79 1.95 21.81 2.83 45.407971 11.888287 1 1
6.01 -7.76 1.71 22.24 2.83 45.407971 11.888287 1 1
5.53 -7.82 1.61 21.88 2.83 45.407971 11.888287 1 1
5.19 -8.15 1.73 22.16 2.83 45.407971 11.888287 1 1
5.52 -8.28 1.77 21.97 2.83 45.407971 11.888287 1 1
5.84 -7.91 1.73 21.78 2.83 45.407971 11.888287 1 1
5.62 -6.91 1.77 21.51 2.83 45.407971 11.888287 1 1
6.23 -6.14 1.93 21.04 2.83 45.407971 11.888287 1 1
8.01 -7.58 2.21 21.13 2.83 45.407971 11.888287 1 1
8.14 -9.98 2.55 21.8 2.83 45.407971 11.888287 1 1
5.23 -8.44 2.61 24.95 2.83 45.407971 11.888287 1 1
2.75 -3.98 2.08 25.04 2.83 45.407971 11.888287 1 1
3.74 -4.77 1.38 22.11 2.52 45.407963 11.888255 0 1
6.04 -11.35 1.24 20.37 2.52 45.407963 11.888255 1 1
6.35 -13.54 1.59 20.77 2.52 45.407963 11.888255 0 1
5.32 -8.35 1.59 22.14 2.52 45.407963 11.888255 1 1
5.2 -4.66 1.2 22.45 2.52 45.407963 11.888255 1 1
6.04 -6.39 1.27 21.85 2.52 45.407963 11.888255 1 1
6.69 -8.1 1.99 21.75 2.52 45.407963 11.888255 1 1
6.82 -7.6 2.39 21.49 2.52 45.407963 11.888255 1 1
