6.01 -7.08 1.42 21.69 3.19 45.398501 11.877899 0
7.09 -7.46 1.63 22.05 3.19 45.398501 11.877899 0
5.78 -7.57 2.4 22.19 3.19 45.398501 11.877899 0
4.95 -8.18 1.8 22.14 3.19 45.398501 11.877899 0
5.63 -8.39 1.84 21.59 3.19 45.398501 11.877899 0
5.71 -8.08 1.69 21.56 3.19 45.398501 11.877899 0
6.36 -7.44 1.62 21.71 3.19 45.398501 11.877899 0
6.51 -7.3 1.31 22.0 3.19 45.398501 11.877899 0
6.44 -7.19 1.28 21.9 3.53 45.398532 11.877887 1
6.11 -7.86 1.4 21.56 3.53 45.398532 11.877887 0
5.6 -8.58 1.63 21.52 3.53 45.398532 11.877887 0
5.51 -7.89 1.66 21.9 3.53 45.398532 11.877887 1
5.9 -7.94 2.03 21.95 3.53 45.398532 11.877887 0
5.79 -7.72 1.58 22.02 3.53 45.398532 11.877887 0
5.74 -7.88 1.92 21.95 3.53 45.398532 11.877887 0
5.68 -7.77 2.25 21.83 3.53 45.398532 11.877887 0
6.06 -7.67 1.85 21.88 3.53 45.398532 11.877887 0
6.03 -7.91 1.4 22.07 3.53 45.398532 11.877887 0
6.34 -7.91 1.74 22.59 3.53 45.398532 11.877887 0
6.13 -7.64 1.9 22.12 3.53 45.398532 11.877887 0
5.77 -7.95 2.18 22.16 3.53 45.398532 11.877887 0
5.54 -8.05 2.6 22.16 3.53 45.398532 11.877887 0
5.31 -8.09 2.15 22.11 3.53 45.398532 11.877887 0
5.7 -8.03 2.12 22.05 3.53 45.398532 11.877887 0
6.39 -7.95 2.32 21.61 3.53 45.398532 11.877887 0
5.48 -7.99 2.08 22.02 3.53 45.398532 11.877887 0
5.65 -7.71 2.14 22.0 3.64 45.398564 11.877873 1
