5.85 -7.81 2.02 22.67 3.45 45.398448 11.877921 0
5.82 -7.47 1.93 22.31 3.45 45.398448 11.877921 0
6.0 -7.72 2.23 22.09 3.45 45.398448 11.877921 0
6.29 -6.9 1.83 21.52 3.45 45.398448 11.877921 0
6.19 -8.99 1.71 22.09 3.45 45.398448 11.877921 0
5.62 -7.53 2.45 22.12 3.45 45.398448 11.877921 0
5.88 -7.86 1.82 22.19 3.45 45.398448 11.877921 0
6.03 -7.58 1.97 21.92 3.45 45.398448 11.877921 0
6.09 -8.12 1.7 21.99 3.45 45.398448 11.877921 0
6.27 -7.99 1.25 21.68 3.17 45.398473 11.877905 1
5.75 -6.64 0.86 22.14 3.17 45.398473 11.877905 0
3.11 -11.03 0.46 21.37 3.17 45.398473 11.877905 1
8.98 -5.18 1.14 21.93 3.17 45.398473 11.877905 0
5.18 -7.91 -1.32 23.26 3.17 45.398473 11.877905 0
4.93 -7.69 1.7 26.03 3.17 45.398473 11.877905 0
5.18 -9.03 0.48 21.95 3.17 45.398473 11.877905 0
3.77 -0.29 0.94 20.97 3.17 45.398473 11.877905 0
3.49 -13.45 0.99 21.54 3.17 45.398473 11.877905 0
7.66 -4.6 -1.89 21.66 3.17 45.398473 11.877905 0
5.72 -7.44 -0.64 22.26 3.17 45.398473 11.877905 0
5.4 -6.61 0.96 22.04 3.17 45.398473 11.877905 0
5.45 -8.63 0.24 22.26 3.17 45.398473 11.877905 0
5.35 -7.74 1.86 21.63 3.17 45.398473 11.877905 0
7.18 -8.39 1.61 21.87 3.17 45.398473 11.877905 0
5.83 -8.22 1.05 22.0 3.17 45.398473 11.877905 0
5.93 -7.84 1.49 22.14 3.17 45.398473 11.877905 0
5.87 -7.66 1.97 22.57 3.19 45.398501 11.877899 1
5.91 -7.5 2.17 21.64 3.19 45.398501 11.877899 0
6.32 -7.89 1.96 21.44 3.19 45.398501 11.877899 1
6.42 -8.11 1.67 21.54 3.19 45.398501 11.877899 0
5.75 -7.7 1.97 22.45 3.19 45.398501 11.877899 0
6.0 -7.56 2.18 21.95 3.19 45.398501 11.877899 0
5.44 -7.57 2.24 21.33 3.19 45.398501 11.877899 0
5.82 -8.2 2.53 22.11 3.19 45.398501 11.877899 0
5.88 -7.57 2.31 21.81 3.19 45.398501 11.877899 0
