6.05 -7.87 2.51 23.43 3.4 45.877553 12.307014 0 0
6.18 -7.84 2.4 23.2 3.4 45.877553 12.307014 0 0
6.09 -7.6 2.2 22.36 3.4 45.877553 12.307014 0 0
5.87 -7.22 2.16 23.17 3.4 45.877553 12.307014 0 0
5.86 -7.63 1.21 22.79 3.4 45.877553 12.307014 0 0
5.54 -8.08 1.95 22.79 3.4 45.877553 12.307014 0 0
5.67 -8.44 1.63 23.19 3.4 45.877553 12.307014 0 0
5.89 -8.35 1.51 22.88 3.4 45.877553 12.307014 0 0
5.8 -7.94 1.42 23.74 3.4 45.877553 12.307014 0 0
5.57 -7.62 1.65 23.5 3.4 45.877553 12.307014 0 0
5.98 -7.98 1.37 23.12 3.27 45.877544 12.306974 1 0
6.05 -7.66 1.86 24.15 3.27 45.877544 12.306974 0 0
6.17 -8.18 1.92 23.39 3.27 45.877544 12.306974 1 0
6.19 -7.85 1.64 24.28 3.27 45.877544 12.306974 0 0
5.94 -8.08 1.93 23.17 3.27 45.877544 12.306974 0 0
5.49 -7.88 1.63 22.52 3.27 45.877544 12.306974 0 0
5.64 -8.11 1.59 23.08 3.27 45.877544 12.306974 0 0
5.64 -7.78 1.34 22.67 3.27 45.877544 12.306974 0 0
5.5 -8.04 1.95 24.1 3.27 45.877544 12.306974 0 0
5.98 -7.98 2.05 24.15 3.27 45.877544 12.306974 0 0
5.91 -7.68 1.76 23.24 3.27 45.877544 12.306974 0 0
6.63 -7.89 1.99 22.83 3.27 45.877544 12.306974 0 0
6.41 -7.79 1.38 23.74 3.27 45.877544 12.306974 0 0
6.32 -7.55 1.78 22.78 3.27 45.877544 12.306974 0 0
6.1 -7.32 2.0 95.85 3.27 45.877544 12.306974 0 0
5.55 -7.27 1.82 24.8 3.27 45.877544 12.306974 0 0
5.94 -7.95 1.91 22.12 3.27 45.877544 12.306974 0 0
6.04 -7.23 1.71 23.03 3.49 45.877538 12.306930 1 0
5.57 -7.92 1.93 22.9 3.49 45.877538 12.306930 0 0
5.59 -7.79 1.66 23.02 3.49 45.877538 12.306930 1 0
6.21 -7.48 1.02 26.36 3.49 45.877538 12.306930 0 0
5.98 -7.42 1.58 23.53 3.49 45.877538 12.306930 0 0
5.86 -7.49 2.16 23.0 3.49 45.877538 12.306930 0 0
6.01 -7.67 1.77 24.59 3.49 45.877538 12.306930 0 0
6.51 -7.9 1.39 22.59 3.49 45.877538 12.306930 0 0
