6.22 -7.86 2.11 23.03 3.25 45.877590 12.307177 0 0
6.31 -8.01 1.99 22.9 3.25 45.877590 12.307177 0 0
6.01 -7.73 1.89 23.91 3.25 45.877590 12.307177 0 0
5.77 -7.91 2.09 23.12 3.25 45.877590 12.307177 0 0
5.95 -7.45 1.76 24.4 3.25 45.877590 12.307177 0 0
5.85 -7.63 2.15 23.19 3.25 45.877590 12.307177 0 0
5.61 -8.37 2.29 22.17 3.25 45.877590 12.307177 0 0
5.57 -7.73 2.01 22.74 3.25 45.877590 12.307177 0 0
6.24 -7.69 2.24 22.93 3.25 45.877590 12.307177 0 0
5.91 -7.92 1.82 22.98 3.25 45.877590 12.307177 0 0
5.76 -7.85 1.79 23.05 3.25 45.877590 12.307177 0 0
6.07 -7.35 1.28 22.64 3.25 45.877590 12.307177 0 0
5.86 -8.09 1.71 23.07 3.25 45.877590 12.307177 0 0
6.24 -7.98 1.53 23.55 3.38 45.877578 12.307139 1 0
5.52 -7.23 1.45 23.17 3.38 45.877578 12.307139 0 0
6.5 -7.88 1.54 23.53 3.38 45.877578 12.307139 1 0
6.12 -8.04 1.81 22.98 3.38 45.877578 12.307139 0 0
5.8 -7.68 1.88 23.02 3.38 45.877578 12.307139 0 0
5.53 -8.19 1.97 23.87 3.38 45.877578 12.307139 0 0
5.59 -8.02 1.92 24.46 3.38 45.877578 12.307139 0 0
6.11 -7.98 1.81 24.15 3.38 45.877578 12.307139 0 0
5.97 -7.42 1.66 23.24 3.38 45.877578 12.307139 0 0
6.25 -7.62 2.03 30.0 3.38 45.877578 12.307139 0 0
6.05 -7.86 1.68 23.68 3.38 45.877578 12.307139 0 0
5.88 -7.65 2.41 23.56 3.38 45.877578 12.307139 0 0
6.18 -7.88 1.67 29.36 3.38 45.877578 12.307139 0 0
6.15 -7.88 2.11 23.26 3.38 45.877578 12.307139 0 0
5.73 -7.54 1.95 24.63 3.38 45.877578 12.307139 0 0
5.97 -7.59 2.38 23.74 3.38 45.877578 12.307139 0 0
6.2 -7.83 2.04 24.7 3.38 45.877578 12.307139 0 0
5.41 -7.98 2.2 24.28 3.36 45.877568 12.307099 1 0
5.74 -8.16 1.73 22.64 3.36 45.877568 12.307099 0 0
5.36 -7.4 1.79 24.47 3.36 45.877568 12.307099 1 0
6.56 -8.01 1.84 29.26 3.36 45.877568 12.307099 0 0
6.5 -7.84 1.11 24.35 3.36 45.877568 12.307099 0 0
