5.82 -7.25 1.77 23.75 3.09 45.877411 12.306873 0 1
6.52 -8.2 1.73 22.48 3.09 45.877411 12.306873 0 1
5.99 -7.84 1.85 23.15 3.09 45.877411 12.306873 0 1
6.81 -8.06 1.72 22.95 3.09 45.877411 12.306873 0 1
5.61 -7.3 1.41 22.55 3.09 45.877411 12.306873 0 1
5.83 -8.23 1.34 22.86 3.16 45.877412 12.306912 1 1
5.28 -8.68 1.54 21.44 3.16 45.877412 12.306912 0 1
6.0 -7.92 1.54 22.83 3.16 45.877412 12.306912 1 1
6.89 -9.69 1.32 27.03 3.16 45.877412 12.306912 0 1
4.84 -6.3 1.8 26.22 3.16 45.877412 12.306912 0 1
5.2 -8.1 2.7 24.82 3.16 45.877412 12.306912 0 1
5.27 -5.79 2.08 22.91 3.16 45.877412 12.306912 0 1
6.01 -9.39 0.94 22.59 3.16 45.877412 12.306912 0 1
7.16 -9.12 2.1 22.36 3.16 45.877412 12.306912 0 1
6.16 -7.67 2.04 22.64 3.16 45.877412 12.306912 0 1
5.53 -6.91 2.34 23.87 3.16 45.877412 12.306912 0 1
5.79 -7.52 2.49 23.58 3.16 45.877412 12.306912 0 1
5.97 -7.95 2.13 24.61 3.16 45.877412 12.306912 0 1
5.19 -7.66 2.68 23.7 3.16 45.877412 12.306912 0 1
4.98 -7.56 1.75 23.75 3.16 45.877412 12.306912 0 1
6.09 -7.96 1.95 23.07 3.16 45.877412 12.306912 0 1
6.0 -7.87 1.68 23.43 3.16 45.877412 12.306912 0 1
5.99 -7.76 1.42 23.46 3.33 45.877422 12.306952 1 1
5.39 -7.24 1.4 22.62 3.33 45.877422 12.306952 0 1
6.07 -6.77 1.97 22.64 3.33 45.877422 12.306952 1 1
6.36 -7.57 1.9 24.49 3.33 45.877422 12.306952 0 1
7.07 -7.36 1.21 24.1 3.33 45.877422 12.306952 0 1
5.53 -7.05 1.94 24.68 3.33 45.877422 12.306952 0 1
5.98 -8.04 2.2 23.08 3.33 45.877422 12.306952 0 1
5.72 -7.22 2.36 22.79 3.33 45.877422 12.306952 0 1
5.65 -8.09 1.79 22.83 3.33 45.877422 12.306952 0 1
6.8 -8.07 2.15 23.34 3.33 45.877422 12.306952 0 1
6.35 -8.52 2.14 22.9 3.33 45.877422 12.306952 0 1
5.61 -7.64 2.0 23.91 3.33 45.877422 12.306952 0 1
5.74 -7.99 1.58 23.63 3.33 45.877422 12.306952 0 1
