3.56 -5.85 2.19 25.23 3.59 45.877520 12.306853 0
1.76 -13.03 1.5 21.03 3.59 45.877520 12.306853 1
7.12 -6.39 -0.39 26.09 3.59 45.877520 12.306853 0
7.15 -10.27 1.67 24.8 3.59 45.877520 12.306853 0
4.28 -4.72 1.85 23.91 3.59 45.877520 12.306853 0
4.61 -0.45 3.07 22.0 3.59 45.877520 12.306853 0
13.18 -17.52 -0.4 21.66 3.59 45.877520 12.306853 0
6.53 -10.9 0.7 21.49 3.59 45.877520 12.306853 0
4.27 -6.28 2.13 25.69 3.59 45.877520 12.306853 0
6.09 -4.67 0.78 22.67 3.59 45.877520 12.306853 0
5.4 -7.11 0.06 23.53 3.59 45.877520 12.306853 0
6.05 -7.18 0.13 22.83 3.59 45.877520 12.306853 0
5.51 -8.46 1.71 22.45 3.59 45.877520 12.306853 0
3.99 -9.28 1.19 22.64 3.59 45.877520 12.306853 0
5.82 -5.58 1.8 24.2 3.59 45.877520 12.306853 0
6.73 -6.26 0.64 22.93 3.59 45.877520 12.306853 0
5.18 -7.58 3.18 23.84 3.54 45.877491 12.306830 1
5.48 -8.9 2.58 22.09 3.54 45.877491 12.306830 0
6.46 -8.57 2.06 23.08 3.54 45.877491 12.306830 1
6.31 -6.6 1.76 23.34 3.54 45.877491 12.306830 0
6.57 -8.58 2.11 23.2 3.54 45.877491 12.306830 0
5.74 -9.13 2.39 22.52 3.54 45.877491 12.306830 0
6.52 -9.26 2.22 22.9 3.54 45.877491 12.306830 0
5.32 -9.21 1.44 21.61 3.54 45.877491 12.306830 0
6.51 -9.09 1.17 21.81 3.54 45.877491 12.306830 0
5.24 -7.43 0.53 22.54 3.54 45.877491 12.306830 0
5.52 -7.91 1.62 25.24 3.54 45.877491 12.306830 0
5.85 -8.19 2.48 22.84 3.54 45.877491 12.306830 0
5.86 -7.8 1.88 21.52 3.54 45.877491 12.306830 0
7.61 -9.21 2.02 21.01 3.54 45.877491 12.306830 0
5.76 -7.87 3.09 22.14 3.54 45.877491 12.306830 0
5.11 -7.72 2.64 27.2 3.54 45.877491 12.306830 0
5.82 -8.01 3.13 20.94 3.54 45.877491 12.306830 0
5.75 -8.74 1.94 20.67 3.09 45.877461 12.306827 1
5.12 -8.62 1.79 24.27 3.09 45.877461 12.306827 0
