5.5 -7.32 2.0 24.61 3.04 45.877561 12.306975 0
5.99 -7.28 1.92 23.19 3.3 45.877555 12.306933 1
5.7 -8.09 1.39 23.32 3.3 45.877555 12.306933 0
5.88 -8.01 1.65 23.27 3.3 45.877555 12.306933 1
5.75 -8.25 1.73 22.93 3.3 45.877555 12.306933 0
6.05 -7.83 1.88 29.43 3.3 45.877555 12.306933 0
6.21 -7.8 1.53 27.82 3.3 45.877555 12.306933 0
5.95 -7.94 1.5 22.31 3.3 45.877555 12.306933 0
5.62 -7.1 1.93 23.55 3.3 45.877555 12.306933 0
4.98 -6.88 1.85 23.65 3.3 45.877555 12.306933 0
3.18 -6.66 1.68 46.44 3.3 45.877555 12.306933 0
7.28 -7.93 3.0 20.77 3.3 45.877555 12.306933 0
9.26 -8.69 2.81 21.73 3.3 45.877555 12.306933 0
4.91 -7.01 1.44 24.27 3.3 45.877555 12.306933 0
5.83 -5.18 2.09 23.75 3.3 45.877555 12.306933 0
9.06 -8.31 3.07 22.38 3.3 45.877555 12.306933 0
7.62 -10.86 2.6 22.16 3.3 45.877555 12.306933 0
5.69 -13.49 1.19 22.4 3.3 45.877555 12.306933 0
3.86 -1.91 2.81 25.54 3.61 45.877542 12.306890 1
6.4 -7.21 3.39 23.48 3.61 45.877542 12.306890 0
3.16 -4.75 1.49 21.47 3.61 45.877542 12.306890 1
5.45 -13.79 0.78 22.54 3.61 45.877542 12.306890 0
5.76 -9.5 3.27 22.23 3.61 45.877542 12.306890 0
5.58 -5.15 1.76 23.75 3.61 45.877542 12.306890 0
6.23 -7.84 1.91 23.14 3.61 45.877542 12.306890 0
4.76 -7.62 1.31 22.81 3.61 45.877542 12.306890 0
7.21 -9.72 2.84 23.03 3.61 45.877542 12.306890 0
5.3 -8.13 1.6 23.14 3.61 45.877542 12.306890 0
5.29 -6.48 1.89 23.51 3.61 45.877542 12.306890 0
7.7 -9.36 0.42 22.0 3.61 45.877542 12.306890 0
5.85 -7.87 2.74 24.56 3.61 45.877542 12.306890 0
5.54 -8.4 1.8 21.57 3.61 45.877542 12.306890 0
5.75 -7.86 2.1 21.97 3.61 45.877542 12.306890 0
6.83 -7.35 2.27 22.6 3.61 45.877542 12.306890 0
6.16 -5.98 2.87 22.78 3.59 45.877520 12.306853 1
