6.42 -7.41 1.82 22.64 3.05 45.877570 12.307053 0
6.03 -7.51 2.34 23.03 3.05 45.877570 12.307053 0
5.98 -7.51 2.15 23.08 2.99 45.877566 12.307014 1
6.1 -8.13 2.2 22.45 2.99 45.877566 12.307014 0
6.03 -8.07 1.95 22.59 2.99 45.877566 12.307014 1
5.69 -8.09 2.44 23.19 2.99 45.877566 12.307014 0
6.1 -7.55 2.32 23.17 2.99 45.877566 12.307014 0
5.74 -7.35 1.99 70.81 2.99 45.877566 12.307014 0
5.88 -8.31 1.74 22.93 2.99 45.877566 12.307014 0
6.69 -7.69 1.03 24.51 2.99 45.877566 12.307014 0
5.8 -7.46 1.5 23.65 2.99 45.877566 12.307014 0
6.19 -7.96 1.44 22.84 2.99 45.877566 12.307014 0
6.09 -6.82 1.49 23.26 2.99 45.877566 12.307014 0
6.13 -7.81 2.16 23.67 2.99 45.877566 12.307014 0
6.17 -8.24 1.86 22.83 2.99 45.877566 12.307014 0
5.83 -8.72 1.57 23.24 2.99 45.877566 12.307014 0
5.38 -8.49 1.6 23.2 2.99 45.877566 12.307014 0
5.79 -8.01 1.74 23.26 2.99 45.877566 12.307014 0
5.59 -7.78 2.32 23.53 2.99 45.877566 12.307014 0
6.66 -8.07 1.9 23.1 3.04 45.877561 12.306975 1
6.42 -8.18 1.64 43.96 3.04 45.877561 12.306975 0
6.01 -7.86 1.85 22.62 3.04 45.877561 12.306975 1
6.08 -7.8 1.82 23.1 3.04 45.877561 12.306975 0
5.78 -7.59 1.91 22.64 3.04 45.877561 12.306975 0
5.83 -7.49 1.58 23.32 3.04 45.877561 12.306975 0
6.45 -8.28 2.28 24.16 3.04 45.877561 12.306975 0
5.32 -7.75 1.58 26.34 3.04 45.877561 12.306975 0
5.46 -8.2 1.6 22.79 3.04 45.877561 12.306975 0
5.39 -7.67 1.71 24.04 3.04 45.877561 12.306975 0
5.25 -7.07 2.1 23.63 3.04 45.877561 12.306975 0
6.14 -8.38 1.55 23.67 3.04 45.877561 12.306975 0
5.93 -7.43 1.68 24.42 3.04 45.877561 12.306975 0
6.23 -7.74 1.8 23.55 3.04 45.877561 12.306975 0
6.19 -7.77 1.75 23.14 3.04 45.877561 12.306975 0
6.07 -7.65 1.9 22.6 3.04 45.877561 12.306975 0
