5.63 -8.77 2.3 21.57 2.73 45.406362 11.894448 1 1
5.82 -8.02 1.67 21.57 2.73 45.406362 11.894448 1 1
5.2 -9.58 1.76 22.55 2.73 45.406362 11.894448 1 1
5.33 -7.02 1.34 22.79 2.73 45.406362 11.894448 1 1
4.9 -7.53 1.6 21.8 2.73 45.406362 11.894448 1 1
6.49 -7.47 1.4 21.52 2.73 45.406362 11.894448 1 1
6.5 -8.77 1.99 21.68 2.73 45.406362 11.894448 1 1
5.4 -8.3 1.98 21.99 2.73 45.406362 11.894448 1 1
5.28 -7.71 1.88 22.93 2.73 45.406362 11.894448 1 1
5.73 -7.15 1.32 23.22 2.73 45.406362 11.894448 1 1
6.26 -7.45 1.71 22.9 2.73 45.406362 11.894448 1 1
6.38 -8.37 1.72 22.57 2.59 45.406367 11.894482 0 1
5.91 -8.5 2.02 22.64 2.59 45.406367 11.894482 1 1
5.39 -7.59 1.88 22.59 2.59 45.406367 11.894482 0 1
5.59 -8.05 1.85 22.29 2.59 45.406367 11.894482 1 1
6.29 -7.78 1.81 22.64 2.59 45.406367 11.894482 1 1
6.05 -8.15 1.46 21.83 2.59 45.406367 11.894482 1 1
5.63 -8.36 1.64 22.93 2.59 45.406367 11.894482 1 1
5.51 -7.77 1.6 22.14 2.59 45.406367 11.894482 1 1
5.93 -7.59 1.99 24.37 2.59 45.406367 11.894482 1 1
5.84 -7.96 2.0 24.23 2.59 45.406367 11.894482 1 1
5.99 -7.99 1.78 22.59 2.59 45.406367 11.894482 1 1
5.74 -7.97 1.58 23.05 2.59 45.406367 11.894482 1 1
6.0 -8.16 1.58 22.62 2.59 45.406367 11.894482 1 1
5.65 -7.62 1.61 22.62 2.59 45.406367 11.894482 1 1
5.78 -7.93 1.76 22.24 2.59 45.406367 11.894482 1 1
5.75 -7.83 1.89 23.36 2.59 45.406367 11.894482 1 1
5.54 -7.86 2.06 22.33 2.59 45.406367 11.894482 1 1
6.31 -8.07 1.85 21.71 2.4 45.406371 11.894512 0 1
5.9 -8.02 1.66 22.81 2.4 45.406371 11.894512 1 1
5.67 -7.68 1.56 23.02 2.4 45.406371 11.894512 0 1
5.66 -7.82 1.71 22.14 2.4 45.406371 11.894512 1 1
5.82 -7.62 1.78 22.4 2.4 45.406371 11.894512 1 1
5.94 -7.91 1.73 21.83 2.4 45.406371 11.894512 1 1
5.66 -8.58 1.48 21.73 2.4 45.406371 11.894512 1 1
