6.06 -7.8 2.0 22.14 3.02 45.408265 11.889712 1 0
5.75 -7.95 1.61 22.14 3.02 45.408265 11.889712 1 0
5.9 -7.86 1.74 22.24 3.02 45.408265 11.889712 1 0
5.6 -8.01 1.65 22.31 3.02 45.408265 11.889712 1 0
5.77 -7.64 1.83 22.24 3.02 45.408265 11.889712 1 0
6.1 -8.18 1.83 22.19 3.02 45.408265 11.889712 1 0
5.96 -8.11 1.64 21.99 3.02 45.408265 11.889712 1 0
6.13 -8.33 1.61 22.0 3.02 45.408265 11.889712 1 0
5.78 -7.9 1.78 21.97 2.97 45.408262 11.889675 0 0
6.24 -7.58 2.04 21.59 2.97 45.408262 11.889675 1 0
6.14 -8.04 2.05 22.14 2.97 45.408262 11.889675 0 0
5.86 -7.36 1.86 22.57 2.97 45.408262 11.889675 1 0
5.93 -8.04 1.83 21.99 2.97 45.408262 11.889675 1 0
6.02 -7.85 1.74 21.93 2.97 45.408262 11.889675 1 0
5.7 -8.54 1.85 22.28 2.97 45.408262 11.889675 1 0
5.64 -7.88 1.79 21.61 2.97 45.408262 11.889675 1 0
5.41 -8.08 1.56 22.19 2.97 45.408262 11.889675 1 0
5.38 -7.67 1.73 22.04 2.97 45.408262 11.889675 1 0
6.36 -8.08 1.92 21.51 2.97 45.408262 11.889675 1 0
5.69 -8.06 1.71 21.52 2.97 45.408262 11.889675 1 0
5.97 -7.94 1.82 22.14 2.97 45.408262 11.889675 1 0
6.04 -7.68 1.72 22.09 2.97 45.408262 11.889675 1 0
5.55 -7.28 1.83 22.47 2.97 45.408262 11.889675 1 0
6.11 -8.45 1.74 22.04 2.97 45.408262 11.889675 1 0
5.83 -7.73 1.7 21.93 2.97 45.408262 11.889675 1 0
5.77 -8.18 1.67 21.99 3.08 45.408243 11.889640 0 0
5.63 -7.83 1.59 22.45 3.08 45.408243 11.889640 1 0
5.58 -7.9 1.5 21.95 3.08 45.408243 11.889640 0 0
5.81 -7.98 1.66 21.99 3.08 45.408243 11.889640 1 0
5.8 -8.03 1.82 21.93 3.08 45.408243 11.889640 1 0
5.66 -7.86 1.91 21.99 3.08 45.408243 11.889640 1 0
6.0 -7.64 2.1 21.57 3.08 45.408243 11.889640 1 0
6.11 -7.58 1.76 21.87 3.08 45.408243 11.889640 1 0
5.96 -8.08 1.63 22.45 3.08 45.408243 11.889640 1 0
5.98 -7.59 1.62 22.14 3.08 45.408243 11.889640 1 0
