6.18 -7.45 1.71 22.11 2.66 45.408353 11.890041 1 0
6.06 -7.6 1.91 22.0 2.66 45.408353 11.890041 1 0
6.39 -8.33 1.7 21.97 2.66 45.408353 11.890041 1 0
5.88 -7.71 1.6 22.09 2.66 45.408353 11.890041 1 0
5.73 -7.92 1.41 22.19 2.66 45.408353 11.890041 1 0
5.7 -7.67 1.54 22.19 2.66 45.408353 11.890041 1 0
5.92 -7.92 1.81 21.9 2.66 45.408353 11.890041 1 0
6.06 -7.9 1.72 21.47 2.66 45.408353 11.890041 1 0
5.79 -8.19 1.75 21.95 2.73 45.408345 11.890010 0 0
6.0 -7.39 1.86 22.11 2.73 45.408345 11.890010 1 0
6.07 -7.56 1.86 22.14 2.73 45.408345 11.890010 0 0
6.07 -7.52 2.02 21.97 2.73 45.408345 11.890010 1 0
6.22 -7.88 1.87 21.28 2.73 45.408345 11.890010 1 0
6.45 -8.01 1.7 22.21 2.73 45.408345 11.890010 1 0
6.19 -7.61 2.04 21.9 2.73 45.408345 11.890010 1 0
5.62 -7.72 1.75 22.0 2.73 45.408345 11.890010 1 0
5.86 -7.67 1.81 22.04 2.73 45.408345 11.890010 1 0
5.7 -8.04 1.89 21.45 2.73 45.408345 11.890010 1 0
6.03 -7.99 1.75 21.99 2.73 45.408345 11.890010 1 0
5.86 -7.95 1.64 22.66 2.73 45.408345 11.890010 1 0
5.78 -7.8 1.78 22.4 2.73 45.408345 11.890010 1 0
5.64 -7.13 1.95 21.92 2.73 45.408345 11.890010 1 0
6.17 -7.82 1.87 22.09 2.73 45.408345 11.890010 1 0
6.12 -7.85 1.59 23.51 2.73 45.408345 11.890010 1 0
6.1 -8.21 1.81 21.63 2.73 45.408345 11.890010 1 0
6.31 -8.12 1.58 21.87 2.69 45.408335 11.889981 0 0
6.12 -7.3 1.87 21.97 2.69 45.408335 11.889981 1 0
6.07 -7.14 1.77 21.8 2.69 45.408335 11.889981 0 0
5.98 -7.69 1.48 21.87 2.69 45.408335 11.889981 1 0
5.91 -8.26 1.42 21.87 2.69 45.408335 11.889981 1 0
5.92 -7.92 1.94 21.87 2.69 45.408335 11.889981 1 0
5.74 -7.89 1.63 22.38 2.69 45.408335 11.889981 1 0
5.95 -7.56 2.23 22.12 2.69 45.408335 11.889981 1 0
5.81 -7.84 1.75 22.47 2.69 45.408335 11.889981 1 0
6.03 -8.0 1.57 21.95 2.69 45.408335 11.889981 1 0
