6.52 -7.17 0.66 22.79 2.86 45.877633 12.307442 0
6.62 -7.27 2.74 23.36 3.02 45.877627 12.307407 1
6.19 -8.05 2.81 23.24 3.02 45.877627 12.307407 0
5.94 -8.09 1.56 23.89 3.02 45.877627 12.307407 1
5.13 -7.22 1.36 23.0 3.02 45.877627 12.307407 0
6.55 -8.63 1.41 23.91 3.02 45.877627 12.307407 0
6.43 -8.12 2.12 23.43 3.02 45.877627 12.307407 0
5.7 -7.51 1.62 22.59 3.02 45.877627 12.307407 0
6.29 -7.11 2.43 23.58 3.02 45.877627 12.307407 0
6.2 -8.27 2.25 24.58 3.02 45.877627 12.307407 0
6.34 -9.05 2.29 23.26 3.02 45.877627 12.307407 0
6.29 -7.37 1.55 23.34 3.02 45.877627 12.307407 0
4.96 -6.99 2.15 23.08 3.02 45.877627 12.307407 0
6.25 -7.16 2.43 23.75 3.02 45.877627 12.307407 0
6.58 -8.77 2.2 22.23 3.02 45.877627 12.307407 0
6.59 -6.85 2.44 23.2 3.02 45.877627 12.307407 0
4.93 -7.76 1.44 23.2 3.02 45.877627 12.307407 0
5.32 -7.13 1.87 25.31 2.92 45.877622 12.307371 1
6.7 -8.35 2.41 23.29 2.92 45.877622 12.307371 0
6.82 -8.38 1.32 22.57 2.92 45.877622 12.307371 1
6.44 -8.44 2.06 23.24 2.92 45.877622 12.307371 0
6.48 -7.83 2.37 22.67 2.92 45.877622 12.307371 0
6.36 -8.41 1.73 23.02 2.92 45.877622 12.307371 0
6.39 -8.18 2.53 22.96 2.92 45.877622 12.307371 0
5.97 -7.47 1.81 23.07 2.92 45.877622 12.307371 0
5.84 -7.99 0.96 24.06 2.92 45.877622 12.307371 0
6.29 -7.68 2.22 23.08 2.92 45.877622 12.307371 0
5.76 -7.47 1.73 22.72 2.92 45.877622 12.307371 0
5.51 -7.95 1.73 24.39 2.92 45.877622 12.307371 0
5.59 -7.83 1.86 24.06 2.92 45.877622 12.307371 0
6.05 -7.8 1.86 22.72 2.92 45.877622 12.307371 0
5.86 -7.9 2.02 23.53 2.92 45.877622 12.307371 0
6.18 -7.93 1.92 23.91 2.92 45.877622 12.307371 0
5.94 -7.47 2.33 23.03 2.92 45.877622 12.307371 0
6.14 -7.85 1.9 23.51 3.16 45.877617 12.307333 1
5.91 -7.68 1.71 22.67 3.16 45.877617 12.307333 0
6.04 -7.91 2.06 25.0 3.16 45.877617 12.307333 1
6.05 -8.09 1.88 23.32 3.16 45.877617 12.307333 0
5.77 -7.9 1.93 22.64 3.16 45.877617 12.307333 0
6.03 -7.71 2.04 22.93 3.16 45.877617 12.307333 0
5.78 -8.03 1.88 23.87 3.16 45.877617 12.307333 0
5.43 -7.89 1.86 26.98 3.16 45.877617 12.307333 0
5.85 -7.73 1.71 23.65 3.16 45.877617 12.307333 0
5.51 -7.33 1.41 23.96 3.16 45.877617 12.307333 0
6.02 -7.65 1.24 23.12 3.16 45.877617 12.307333 0
6.15 -7.58 1.66 23.24 3.16 45.877617 12.307333 0
6.04 -7.65 1.21 23.65 3.16 45.877617 12.307333 0
5.75 -8.04 1.39 22.78 3.16 45.877617 12.307333 0
5.94 -7.62 2.14 23.68 3.16 45.877617 12.307333 0
5.94 -7.64 1.46 22.83 3.16 45.877617 12.307333 0
5.98 -7.98 1.7 23.8 3.16 45.877617 12.307333 0
6.0 -7.8 1.85 22.6 3.02 45.877611 12.307295 1
5.87 -7.78 1.75 22.59 3.02 45.877611 12.307295 0
5.72 -7.69 1.87 23.55 3.02 45.877611 12.307295 1
5.67 -7.92 1.78 23.07 3.02 45.877611 12.307295 0
6.39 -8.42 2.05 23.29 3.02 45.877611 12.307295 0
5.82 -7.59 1.7 22.62 3.02 45.877611 12.307295 0
5.86 -7.75 2.45 24.42 3.02 45.877611 12.307295 0
6.02 -7.74 1.78 23.74 3.02 45.877611 12.307295 0
6.28 -7.46 2.2 23.08 3.02 45.877611 12.307295 0
6.27 -7.44 2.11 23.63 3.02 45.877611 12.307295 0
6.14 -8.13 2.02 23.63 3.02 45.877611 12.307295 0
5.9 -7.62 1.85 23.15 3.02 45.877611 12.307295 0
5.63 -7.54 2.01 22.21 3.02 45.877611 12.307295 0
5.69 -8.16 2.15 22.93 3.02 45.877611 12.307295 0
5.9 -8.16 1.74 22.62 3.02 45.877611 12.307295 0
5.79 -7.46 1.82 22.67 3.02 45.877611 12.307295 0
5.93 -7.59 1.98 27.34 3.02 45.877611 12.307295 0
5.84 -7.29 1.72 22.9 3.37 45.877606 12.307254 1
6.56 -7.41 1.6 22.72 3.37 45.877606 12.307254 0
5.83 -8.03 0.89 22.67 3.37 45.877606 12.307254 1
6.15 -8.35 1.66 23.1 3.37 45.877606 12.307254 0
5.83 -7.94 1.45 22.67 3.37 45.877606 12.307254 0
5.92 -7.56 1.89 23.02 3.37 45.877606 12.307254 0
6.02 -8.05 1.66 22.9 3.37 45.877606 12.307254 0
6.05 -7.84 1.91 22.47 3.37 45.877606 12.307254 0
5.72 -8.12 1.66 23.46 3.37 45.877606 12.307254 0
5.89 -8.01 2.06 22.67 3.37 45.877606 12.307254 0
5.83 -7.81 1.81 22.72 3.37 45.877606 12.307254 0
6.03 -7.73 1.92 23.19 3.37 45.877606 12.307254 0
6.09 -8.01 2.08 22.67 3.37 45.877606 12.307254 0
6.31 -7.73 2.14 23.46 3.37 45.877606 12.307254 0
6.27 -8.21 1.95 23.0 3.37 45.877606 12.307254 0
5.83 -7.82 1.97 23.48 3.37 45.877606 12.307254 0
5.71 -7.55 1.94 23.41 3.09 45.877599 12.307216 1
5.91 -7.86 2.09 23.32 3.09 45.877599 12.307216 0
5.94 -7.8 2.43 22.55 3.09 45.877599 12.307216 1
5.95 -8.16 2.07 23.08 3.09 45.877599 12.307216 0
5.73 -7.95 2.3 22.78 3.09 45.877599 12.307216 0
5.6 -7.41 1.8 23.08 3.09 45.877599 12.307216 0
6.04 -7.86 1.62 22.76 3.09 45.877599 12.307216 0
6.03 -8.01 1.85 22.62 3.09 45.877599 12.307216 0
5.92 -7.64 1.69 23.6 3.09 45.877599 12.307216 0
6.03 -7.85 1.33 23.56 3.09 45.877599 12.307216 0
6.09 -7.59 1.01 22.78 3.09 45.877599 12.307216 0
5.93 -7.62 1.49 23.99 3.09 45.877599 12.307216 0
6.11 -7.44 1.26 23.56 3.09 45.877599 12.307216 0
6.21 -7.74 1.46 22.59 3.09 45.877599 12.307216 0
5.82 -7.81 1.85 22.29 3.09 45.877599 12.307216 0
5.64 -7.44 1.88 23.19 3.09 45.877599 12.307216 0
5.77 -7.68 1.76 23.03 3.09 45.877599 12.307216 0
5.98 -8.3 1.7 22.48 3.25 45.877590 12.307177 1
6.13 -8.05 2.09 23.12 3.25 45.877590 12.307177 0
6.07 -7.66 1.94 23.12 3.25 45.877590 12.307177 1
5.88 -7.45 2.25 22.93 3.25 45.877590 12.307177 0
6.22 -7.86 2.11 23.03 3.25 45.877590 12.307177 0
6.31 -8.01 1.99 22.9 3.25 45.877590 12.307177 0
6.01 -7.73 1.89 23.91 3.25 45.877590 12.307177 0
5.77 -7.91 2.09 23.12 3.25 45.877590 12.307177 0
5.95 -7.45 1.76 24.4 3.25 45.877590 12.307177 0
5.85 -7.63 2.15 23.19 3.25 45.877590 12.307177 0
5.61 -8.37 2.29 22.17 3.25 45.877590 12.307177 0
5.57 -7.73 2.01 22.74 3.25 45.877590 12.307177 0
6.24 -7.69 2.24 22.93 3.25 45.877590 12.307177 0
5.91 -7.92 1.82 22.98 3.25 45.877590 12.307177 0
5.76 -7.85 1.79 23.05 3.25 45.877590 12.307177 0
6.07 -7.35 1.28 22.64 3.25 45.877590 12.307177 0
5.86 -8.09 1.71 23.07 3.25 45.877590 12.307177 0
6.24 -7.98 1.53 23.55 3.38 45.877578 12.307139 1
5.52 -7.23 1.45 23.17 3.38 45.877578 12.307139 0
6.5 -7.88 1.54 23.53 3.38 45.877578 12.307139 1
6.12 -8.04 1.81 22.98 3.38 45.877578 12.307139 0
5.8 -7.68 1.88 23.02 3.38 45.877578 12.307139 0
5.53 -8.19 1.97 23.87 3.38 45.877578 12.307139 0
5.59 -8.02 1.92 24.46 3.38 45.877578 12.307139 0
6.11 -7.98 1.81 24.15 3.38 45.877578 12.307139 0
5.97 -7.42 1.66 23.24 3.38 45.877578 12.307139 0
6.25 -7.62 2.03 30.0 3.38 45.877578 12.307139 0
6.05 -7.86 1.68 23.68 3.38 45.877578 12.307139 0
5.88 -7.65 2.41 23.56 3.38 45.877578 12.307139 0
6.18 -7.88 1.67 29.36 3.38 45.877578 12.307139 0
6.15 -7.88 2.11 23.26 3.38 45.877578 12.307139 0
5.73 -7.54 1.95 24.63 3.38 45.877578 12.307139 0
5.97 -7.59 2.38 23.74 3.38 45.877578 12.307139 0
6.2 -7.83 2.04 24.7 3.38 45.877578 12.307139 0
5.41 -7.98 2.2 24.28 3.36 45.877568 12.307099 1
5.74 -8.16 1.73 22.64 3.36 45.877568 12.307099 0
5.36 -7.4 1.79 24.47 3.36 45.877568 12.307099 1
6.56 -8.01 1.84 29.26 3.36 45.877568 12.307099 0
6.5 -7.84 1.11 24.35 3.36 45.877568 12.307099 0
6.28 -7.67 0.8 23.02 3.36 45.877568 12.307099 0
6.42 -7.61 1.68 23.86 3.36 45.877568 12.307099 0
6.3 -7.48 2.15 24.64 3.36 45.877568 12.307099 0
6.29 -7.99 2.61 23.65 3.36 45.877568 12.307099 0
6.04 -7.68 1.59 24.46 3.36 45.877568 12.307099 0
5.89 -8.01 1.78 24.04 3.36 45.877568 12.307099 0
5.45 -7.88 1.62 22.84 3.36 45.877568 12.307099 0
5.16 -7.76 1.78 24.22 3.36 45.877568 12.307099 0
5.49 -8.4 1.85 22.88 3.36 45.877568 12.307099 0
6.19 -7.86 2.49 22.88 3.36 45.877568 12.307099 0
6.49 -7.55 1.46 22.72 3.36 45.877568 12.307099 0
6.14 -8.0 1.54 23.96 3.36 45.877568 12.307099 0
6.17 -8.12 1.63 22.67 3.41 45.877560 12.307057 1
6.25 -7.34 1.9 22.74 3.41 45.877560 12.307057 0
5.97 -7.37 2.09 23.19 3.41 45.877560 12.307057 1
6.1 -7.48 1.7 23.02 3.41 45.877560 12.307057 0
5.74 -7.9 2.15 22.67 3.41 45.877560 12.307057 0
5.88 -7.55 1.9 23.44 3.41 45.877560 12.307057 0
5.89 -8.67 2.18 22.57 3.41 45.877560 12.307057 0
5.71 -8.05 1.89 25.48 3.41 45.877560 12.307057 0
5.98 -8.05 1.41 22.93 3.41 45.877560 12.307057 0
5.12 -7.73 1.73 23.27 3.41 45.877560 12.307057 0
6.71 -7.12 0.72 23.65 3.41 45.877560 12.307057 0
6.7 -7.98 2.1 23.29 3.41 45.877560 12.307057 0
5.6 -7.67 0.99 22.78 3.41 45.877560 12.307057 0
5.8 -7.97 1.37 23.58 3.41 45.877560 12.307057 0
5.94 -7.76 1.59 25.48 3.41 45.877560 12.307057 0
5.99 -7.81 1.86 22.57 3.41 45.877560 12.307057 0
5.94 -7.65 1.92 23.58 3.4 45.877553 12.307014 1
5.92 -7.11 1.68 23.1 3.4 45.877553 12.307014 0
5.52 -7.99 1.56 22.67 3.4 45.877553 12.307014 1
6.0 -8.36 2.23 23.34 3.4 45.877553 12.307014 0
5.99 -7.87 2.06 23.05 3.4 45.877553 12.307014 0
5.9 -7.02 1.86 25.16 3.4 45.877553 12.307014 0
6.45 -7.4 1.82 22.95 3.4 45.877553 12.307014 0
6.05 -7.87 2.51 23.43 3.4 45.877553 12.307014 0
6.18 -7.84 2.4 23.2 3.4 45.877553 12.307014 0
6.09 -7.6 2.2 22.36 3.4 45.877553 12.307014 0
5.87 -7.22 2.16 23.17 3.4 45.877553 12.307014 0
5.86 -7.63 1.21 22.79 3.4 45.877553 12.307014 0
5.54 -8.08 1.95 22.79 3.4 45.877553 12.307014 0
5.67 -8.44 1.63 23.19 3.4 45.877553 12.307014 0
5.89 -8.35 1.51 22.88 3.4 45.877553 12.307014 0
5.8 -7.94 1.42 23.74 3.4 45.877553 12.307014 0
5.57 -7.62 1.65 23.5 3.4 45.877553 12.307014 0
5.98 -7.98 1.37 23.12 3.27 45.877544 12.306974 1
6.05 -7.66 1.86 24.15 3.27 45.877544 12.306974 0
6.17 -8.18 1.92 23.39 3.27 45.877544 12.306974 1
6.19 -7.85 1.64 24.28 3.27 45.877544 12.306974 0
5.94 -8.08 1.93 23.17 3.27 45.877544 12.306974 0
5.49 -7.88 1.63 22.52 3.27 45.877544 12.306974 0
5.64 -8.11 1.59 23.08 3.27 45.877544 12.306974 0
5.64 -7.78 1.34 22.67 3.27 45.877544 12.306974 0
5.5 -8.04 1.95 24.1 3.27 45.877544 12.306974 0
5.98 -7.98 2.05 24.15 3.27 45.877544 12.306974 0
5.91 -7.68 1.76 23.24 3.27 45.877544 12.306974 0
6.63 -7.89 1.99 22.83 3.27 45.877544 12.306974 0
6.41 -7.79 1.38 23.74 3.27 45.877544 12.306974 0
6.32 -7.55 1.78 22.78 3.27 45.877544 12.306974 0
6.1 -7.32 2.0 95.85 3.27 45.877544 12.306974 0
5.55 -7.27 1.82 24.8 3.27 45.877544 12.306974 0
5.94 -7.95 1.91 22.12 3.27 45.877544 12.306974 0
6.04 -7.23 1.71 23.03 3.49 45.877538 12.306930 1
5.57 -7.92 1.93 22.9 3.49 45.877538 12.306930 0
5.59 -7.79 1.66 23.02 3.49 45.877538 12.306930 1
6.21 -7.48 1.02 26.36 3.49 45.877538 12.306930 0
5.98 -7.42 1.58 23.53 3.49 45.877538 12.306930 0
5.86 -7.49 2.16 23.0 3.49 45.877538 12.306930 0
6.01 -7.67 1.77 24.59 3.49 45.877538 12.306930 0
6.51 -7.9 1.39 22.59 3.49 45.877538 12.306930 0
6.03 -8.0 1.41 23.5 3.49 45.877538 12.306930 0
6.17 -7.74 1.37 24.25 3.49 45.877538 12.306930 0
5.85 -7.45 1.82 23.91 3.49 45.877538 12.306930 0
6.32 -7.94 1.12 22.93 3.49 45.877538 12.306930 0
5.74 -8.01 1.56 23.34 3.49 45.877538 12.306930 0
6.28 -8.29 1.4 23.14 3.49 45.877538 12.306930 0
5.75 -8.19 1.16 22.98 3.49 45.877538 12.306930 0
5.07 -7.54 1.19 23.38 3.49 45.877538 12.306930 0
3.11 -7.86 1.68 21.06 3.49 45.877538 12.306930 0
5.99 -6.74 1.64 20.96 3.5 45.877530 12.306886 1
8.01 -8.46 1.43 24.94 3.5 45.877530 12.306886 0
5.34 -6.05 2.28 24.08 3.5 45.877530 12.306886 1
5.09 -5.42 1.74 23.8 3.5 45.877530 12.306886 0
6.39 -9.79 4.14 22.21 3.5 45.877530 12.306886 0
6.21 -10.16 2.76 21.59 3.5 45.877530 12.306886 0
6.48 -12.76 1.7 24.06 3.5 45.877530 12.306886 0
7.09 -5.43 2.45 24.2 3.5 45.877530 12.306886 0
6.13 -10.19 3.55 24.03 3.5 45.877530 12.306886 0
5.5 -6.44 2.28 22.02 3.5 45.877530 12.306886 0
5.14 -15.26 0.81 20.6 3.5 45.877530 12.306886 0
6.41 -8.51 1.78 23.14 3.5 45.877530 12.306886 0
6.73 -4.78 1.24 23.34 3.5 45.877530 12.306886 0
7.49 -8.4 1.73 22.78 3.5 45.877530 12.306886 0
5.94 -6.64 2.21 22.29 3.5 45.877530 12.306886 0
6.56 -8.56 0.91 23.22 3.5 45.877530 12.306886 0
6.51 -7.71 2.71 22.59 3.5 45.877530 12.306886 0
4.1 -7.99 1.46 23.22 3.52 45.877512 12.306850 1
5.52 -9.11 0.57 22.71 3.52 45.877512 12.306850 0
5.05 -6.7 1.49 24.13 3.52 45.877512 12.306850 1
5.96 -9.18 1.18 22.09 3.52 45.877512 12.306850 0
6.49 -7.82 0.95 22.17 3.52 45.877512 12.306850 0
6.58 -6.63 2.08 22.24 3.52 45.877512 12.306850 0
5.81 -5.94 1.55 23.15 3.52 45.877512 12.306850 0
5.81 -6.13 1.52 22.88 3.52 45.877512 12.306850 0
4.72 -8.48 2.78 21.95 3.52 45.877512 12.306850 0
5.81 -9.01 2.14 24.92 3.52 45.877512 12.306850 0
5.62 -9.07 3.05 25.54 3.52 45.877512 12.306850 0
3.44 -4.23 1.53 24.4 3.52 45.877512 12.306850 0
6.2 -5.96 1.85 22.79 3.52 45.877512 12.306850 0
8.18 -11.27 -0.61 21.33 3.52 45.877512 12.306850 0
6.99 -9.8 2.1 21.13 3.52 45.877512 12.306850 0
5.79 -5.42 1.15 22.17 3.52 45.877512 12.306850 0
4.94 -6.34 1.59 23.43 3.6 45.877485 12.306824 1
5.09 -8.26 2.1 23.17 3.6 45.877485 12.306824 0
6.33 -8.2 2.28 22.33 3.6 45.877485 12.306824 1
6.38 -8.06 2.07 22.55 3.6 45.877485 12.306824 0
3.58 -8.93 1.05 22.36 3.6 45.877485 12.306824 0
5.37 -6.63 2.43 25.85 3.6 45.877485 12.306824 0
6.17 -7.73 1.7 22.16 3.6 45.877485 12.306824 0
6.43 -8.68 2.61 21.52 3.6 45.877485 12.306824 0
5.85 -9.11 2.15 23.19 3.6 45.877485 12.306824 0
6.0 -7.97 1.52 22.5 3.6 45.877485 12.306824 0
5.69 -7.82 2.6 22.93 3.6 45.877485 12.306824 0
6.43 -7.49 2.16 22.54 3.6 45.877485 12.306824 0
6.06 -8.58 2.21 22.54 3.6 45.877485 12.306824 0
6.07 -8.58 2.22 24.32 3.6 45.877485 12.306824 0
5.9 -8.56 1.78 22.28 3.6 45.877485 12.306824 0
4.93 -7.64 2.19 22.38 3.6 45.877485 12.306824 0
5.47 -8.59 2.3 22.26 3.6 45.877485 12.306824 0
4.41 -8.73 1.44 22.09 3.52 45.877454 12.306819 1
5.72 -8.48 1.68 21.92 3.52 45.877454 12.306819 0
4.98 -8.45 1.44 21.61 3.52 45.877454 12.306819 1
6.15 -8.01 1.73 22.69 3.52 45.877454 12.306819 0
6.12 -6.93 1.63 22.26 3.52 45.877454 12.306819 0
6.2 -7.94 1.28 22.52 3.52 45.877454 12.306819 0
6.07 -7.7 2.14 21.76 3.52 45.877454 12.306819 0
6.6 -7.99 1.37 22.21 3.52 45.877454 12.306819 0
6.32 -8.77 2.25 22.72 3.52 45.877454 12.306819 0
5.27 -7.99 1.37 22.26 3.52 45.877454 12.306819 0
6.21 -7.5 3.43 21.52 3.52 45.877454 12.306819 0
6.62 -9.81 2.95 22.17 3.52 45.877454 12.306819 0
4.99 -9.19 1.89 22.23 3.52 45.877454 12.306819 0
6.19 -9.33 2.13 22.84 3.52 45.877454 12.306819 0
5.43 -7.83 2.25 22.23 3.52 45.877454 12.306819 0
4.88 -9.04 2.26 21.42 3.52 45.877454 12.306819 0
5.89 -10.69 1.07 22.62 3.52 45.877454 12.306819 0
7.51 -7.54 1.75 22.47 3.79 45.877425 12.306838 1
5.31 -8.74 3.17 21.97 3.79 45.877425 12.306838 0
5.47 -6.15 2.07 25.04 3.79 45.877425 12.306838 1
6.25 -8.76 2.11 22.26 3.79 45.877425 12.306838 0
5.56 -8.68 2.45 21.75 3.79 45.877425 12.306838 0
5.46 -9.05 2.35 22.29 3.79 45.877425 12.306838 0
6.15 -8.24 1.53 22.42 3.79 45.877425 12.306838 0
4.86 -8.4 1.78 22.6 3.79 45.877425 12.306838 0
5.83 -6.78 2.56 22.74 3.79 45.877425 12.306838 0
5.6 -8.74 1.42 22.69 3.79 45.877425 12.306838 0
4.17 -8.07 1.87 25.12 3.79 45.877425 12.306838 0
11.46 -5.35 1.21 24.01 3.79 45.877425 12.306838 0
7.75 -6.6 4.7 23.17 3.79 45.877425 12.306838 0
5.58 -7.56 2.18 23.55 3.79 45.877425 12.306838 0
5.4 -7.48 1.5 23.17 3.79 45.877425 12.306838 0
5.27 -5.96 2.65 23.96 3.79 45.877425 12.306838 0
7.12 -11.47 2.27 20.97 3.79 45.877425 12.306838 0
5.32 -8.44 2.31 24.76 3.09 45.877411 12.306873 1
5.27 -7.5 2.13 23.53 3.09 45.877411 12.306873 0
6.0 -6.92 1.78 22.96 3.09 45.877411 12.306873 1
6.1 -7.64 1.28 22.24 3.09 45.877411 12.306873 0
6.03 -8.68 2.2 22.26 3.09 45.877411 12.306873 0
5.53 -8.01 2.72 22.67 3.09 45.877411 12.306873 0
5.8 -7.48 2.29 22.21 3.09 45.877411 12.306873 0
6.27 -7.62 1.42 24.49 3.09 45.877411 12.306873 0
5.4 -8.32 2.59 23.58 3.09 45.877411 12.306873 0
5.6 -7.47 2.2 23.56 3.09 45.877411 12.306873 0
5.1 -7.58 1.98 22.02 3.09 45.877411 12.306873 0
5.63 -7.68 2.17 22.17 3.09 45.877411 12.306873 0
5.82 -7.25 1.77 23.75 3.09 45.877411 12.306873 0
6.52 -8.2 1.73 22.48 3.09 45.877411 12.306873 0
5.99 -7.84 1.85 23.15 3.09 45.877411 12.306873 0
6.81 -8.06 1.72 22.95 3.09 45.877411 12.306873 0
5.61 -7.3 1.41 22.55 3.09 45.877411 12.306873 0
5.83 -8.23 1.34 22.86 3.16 45.877412 12.306912 1
5.28 -8.68 1.54 21.44 3.16 45.877412 12.306912 0
6.0 -7.92 1.54 22.83 3.16 45.877412 12.306912 1
6.89 -9.69 1.32 27.03 3.16 45.877412 12.306912 0
4.84 -6.3 1.8 26.22 3.16 45.877412 12.306912 0
5.2 -8.1 2.7 24.82 3.16 45.877412 12.306912 0
5.27 -5.79 2.08 22.91 3.16 45.877412 12.306912 0
6.01 -9.39 0.94 22.59 3.16 45.877412 12.306912 0
7.16 -9.12 2.1 22.36 3.16 45.877412 12.306912 0
6.16 -7.67 2.04 22.64 3.16 45.877412 12.306912 0
5.53 -6.91 2.34 23.87 3.16 45.877412 12.306912 0
5.79 -7.52 2.49 23.58 3.16 45.877412 12.306912 0
5.97 -7.95 2.13 24.61 3.16 45.877412 12.306912 0
5.19 -7.66 2.68 23.7 3.16 45.877412 12.306912 0
4.98 -7.56 1.75 23.75 3.16 45.877412 12.306912 0
6.09 -7.96 1.95 23.07 3.16 45.877412 12.306912 0
6.0 -7.87 1.68 23.43 3.16 45.877412 12.306912 0
5.99 -7.76 1.42 23.46 3.33 45.877422 12.306952 1
5.39 -7.24 1.4 22.62 3.33 45.877422 12.306952 0
6.07 -6.77 1.97 22.64 3.33 45.877422 12.306952 1
6.36 -7.57 1.9 24.49 3.33 45.877422 12.306952 0
7.07 -7.36 1.21 24.1 3.33 45.877422 12.306952 0
5.53 -7.05 1.94 24.68 3.33 45.877422 12.306952 0
5.98 -8.04 2.2 23.08 3.33 45.877422 12.306952 0
5.72 -7.22 2.36 22.79 3.33 45.877422 12.306952 0
5.65 -8.09 1.79 22.83 3.33 45.877422 12.306952 0
6.8 -8.07 2.15 23.34 3.33 45.877422 12.306952 0
6.35 -8.52 2.14 22.9 3.33 45.877422 12.306952 0
5.61 -7.64 2.0 23.91 3.33 45.877422 12.306952 0
5.74 -7.99 1.58 23.63 3.33 45.877422 12.306952 0
