6.76 -6.66 1.88 22.62 2.53 45.877630 12.307492 0
6.63 -7.32 2.21 23.22 2.53 45.877630 12.307492 0
6.7 -6.67 2.4 22.67 2.53 45.877630 12.307492 0
6.67 -7.96 1.38 22.66 2.53 45.877630 12.307492 0
6.14 -7.82 2.52 22.5 2.53 45.877630 12.307492 0
5.79 -7.35 1.42 23.43 2.63 45.877625 12.307465 1
6.05 -8.43 2.22 22.86 2.63 45.877625 12.307465 0
5.83 -8.2 2.08 22.66 2.63 45.877625 12.307465 1
5.44 -7.54 1.8 23.86 2.63 45.877625 12.307465 0
6.18 -8.36 2.09 25.81 2.63 45.877625 12.307465 0
5.93 -7.35 1.88 23.05 2.63 45.877625 12.307465 0
6.26 -6.65 1.24 32.36 2.63 45.877625 12.307465 0
6.74 -7.96 0.95 22.76 2.63 45.877625 12.307465 0
6.16 -7.43 1.56 23.19 2.63 45.877625 12.307465 0
6.37 -7.66 1.76 23.58 2.63 45.877625 12.307465 0
6.19 -8.23 0.76 23.07 2.63 45.877625 12.307465 0
6.19 -8.27 1.36 22.76 2.63 45.877625 12.307465 0
6.69 -8.49 1.8 23.19 2.63 45.877625 12.307465 0
4.98 -7.32 1.54 22.86 2.63 45.877625 12.307465 0
5.6 -7.83 0.65 23.12 2.63 45.877625 12.307465 0
5.84 -7.64 2.03 23.12 2.63 45.877625 12.307465 0
5.97 -8.48 1.88 22.52 2.63 45.877625 12.307465 0
5.31 -7.93 2.11 23.36 2.83 45.877619 12.307435 1
6.85 -8.57 1.72 22.96 2.83 45.877619 12.307435 0
6.16 -7.49 2.11 22.91 2.83 45.877619 12.307435 1
6.28 -7.02 1.8 23.56 2.83 45.877619 12.307435 0
5.9 -8.18 2.51 23.34 2.83 45.877619 12.307435 0
5.86 -7.46 2.27 23.29 2.83 45.877619 12.307435 0
6.86 -7.55 2.49 23.03 2.83 45.877619 12.307435 0
5.88 -7.76 1.91 22.66 2.83 45.877619 12.307435 0
5.86 -7.67 2.41 23.19 2.83 45.877619 12.307435 0
5.83 -7.37 1.61 23.94 2.83 45.877619 12.307435 0
5.76 -8.45 1.85 23.82 2.83 45.877619 12.307435 0
6.13 -8.12 1.49 23.19 2.83 45.877619 12.307435 0
6.1 -7.0 2.99 23.63 2.83 45.877619 12.307435 0
6.04 -8.68 2.22 24.37 2.83 45.877619 12.307435 0
6.41 -8.64 0.96 24.04 2.83 45.877619 12.307435 0
6.08 -7.78 1.85 23.24 2.83 45.877619 12.307435 0
6.89 -6.88 1.97 22.81 2.83 45.877619 12.307435 0
5.97 -7.53 0.85 24.23 2.95 45.877613 12.307401 1
5.25 -8.68 1.36 22.81 2.95 45.877613 12.307401 0
5.73 -8.65 1.38 22.95 2.95 45.877613 12.307401 1
6.56 -7.6 0.75 23.02 2.95 45.877613 12.307401 0
5.73 -7.16 1.12 25.54 2.95 45.877613 12.307401 0
5.2 -8.37 1.83 23.77 2.95 45.877613 12.307401 0
5.58 -8.61 1.47 26.1 2.95 45.877613 12.307401 0
5.24 -8.13 1.85 22.81 2.95 45.877613 12.307401 0
5.71 -6.67 1.52 24.15 2.95 45.877613 12.307401 0
7.31 -8.54 2.14 24.73 2.95 45.877613 12.307401 0
6.35 -7.82 1.94 26.03 2.95 45.877613 12.307401 0
5.41 -7.77 2.35 30.8 2.95 45.877613 12.307401 0
6.1 -7.56 1.84 23.34 2.95 45.877613 12.307401 0
6.29 -7.89 1.5 22.93 2.95 45.877613 12.307401 0
5.93 -7.71 2.76 22.86 2.95 45.877613 12.307401 0
5.61 -7.82 2.26 22.81 2.95 45.877613 12.307401 0
5.77 -7.32 1.79 23.41 2.95 45.877613 12.307401 0
6.15 -8.32 2.12 23.46 2.99 45.877609 12.307365 1
5.2 -8.93 1.87 24.2 2.99 45.877609 12.307365 0
5.65 -8.02 1.96 22.98 2.99 45.877609 12.307365 1
5.52 -7.5 1.94 22.48 2.99 45.877609 12.307365 0
5.52 -7.68 1.7 23.43 2.99 45.877609 12.307365 0
6.95 -8.02 1.91 23.17 2.99 45.877609 12.307365 0
5.54 -7.15 1.73 23.41 2.99 45.877609 12.307365 0
5.57 -8.27 2.11 22.86 2.99 45.877609 12.307365 0
6.35 -7.56 1.49 23.43 2.99 45.877609 12.307365 0
5.97 -7.73 1.88 23.15 2.99 45.877609 12.307365 0
6.64 -8.1 1.92 23.22 2.99 45.877609 12.307365 0
5.43 -7.25 1.27 23.24 2.99 45.877609 12.307365 0
5.91 -7.58 1.33 23.58 2.99 45.877609 12.307365 0
5.7 -8.29 1.49 22.71 2.99 45.877609 12.307365 0
6.07 -8.06 2.0 23.53 2.99 45.877609 12.307365 0
5.9 -7.94 2.29 26.98 2.99 45.877609 12.307365 0
5.79 -7.35 2.14 23.17 2.99 45.877609 12.307365 0
6.05 -7.79 1.79 22.69 3.1 45.877604 12.307328 1
6.05 -8.05 2.13 22.59 3.1 45.877604 12.307328 0
6.14 -7.67 1.91 22.91 3.1 45.877604 12.307328 1
5.9 -7.8 2.04 25.95 3.1 45.877604 12.307328 0
6.22 -7.9 1.84 22.59 3.1 45.877604 12.307328 0
5.59 -7.67 2.17 23.03 3.1 45.877604 12.307328 0
5.68 -7.79 2.37 23.41 3.1 45.877604 12.307328 0
5.67 -7.83 2.17 23.48 3.1 45.877604 12.307328 0
5.67 -7.97 1.73 23.07 3.1 45.877604 12.307328 0
5.73 -8.07 2.03 23.44 3.1 45.877604 12.307328 0
5.63 -7.74 1.7 23.22 3.1 45.877604 12.307328 0
6.12 -7.66 1.28 24.03 3.1 45.877604 12.307328 0
6.54 -7.61 1.3 24.59 3.1 45.877604 12.307328 0
6.07 -8.03 1.8 23.22 3.1 45.877604 12.307328 0
6.63 -7.46 1.73 23.22 3.1 45.877604 12.307328 0
5.87 -7.75 1.96 23.41 3.1 45.877604 12.307328 0
6.0 -7.91 1.26 22.96 2.99 45.877599 12.307292 1
6.16 -7.95 2.27 23.51 2.99 45.877599 12.307292 0
4.98 -7.73 2.12 23.1 2.99 45.877599 12.307292 1
5.64 -7.68 2.2 23.39 2.99 45.877599 12.307292 0
5.2 -7.53 2.04 23.29 2.99 45.877599 12.307292 0
5.75 -7.77 1.77 23.6 2.99 45.877599 12.307292 0
6.22 -7.78 1.1 24.04 2.99 45.877599 12.307292 0
6.03 -7.82 2.12 23.41 2.99 45.877599 12.307292 0
6.43 -7.31 1.98 23.08 2.99 45.877599 12.307292 0
6.25 -7.94 2.12 23.17 2.99 45.877599 12.307292 0
6.11 -7.54 1.56 23.62 2.99 45.877599 12.307292 0
6.13 -7.7 1.88 23.96 2.99 45.877599 12.307292 0
5.67 -7.51 2.22 22.91 2.99 45.877599 12.307292 0
6.27 -8.44 1.84 22.57 2.99 45.877599 12.307292 0
5.91 -8.19 1.74 23.05 2.99 45.877599 12.307292 0
5.59 -7.58 1.9 22.86 2.99 45.877599 12.307292 0
5.63 -7.86 2.26 23.5 2.99 45.877599 12.307292 0
5.78 -8.12 2.22 23.05 3.18 45.877593 12.307253 1
6.35 -8.02 1.75 22.71 3.18 45.877593 12.307253 0
6.51 -7.91 1.6 22.78 3.18 45.877593 12.307253 1
6.35 -7.98 1.55 23.15 3.18 45.877593 12.307253 0
6.33 -7.6 1.89 22.71 3.18 45.877593 12.307253 0
6.25 -7.43 1.7 28.76 3.18 45.877593 12.307253 0
6.07 -8.19 1.51 23.02 3.18 45.877593 12.307253 0
5.86 -8.49 1.87 22.95 3.18 45.877593 12.307253 0
6.19 -7.56 1.91 23.12 3.18 45.877593 12.307253 0
5.88 -7.46 1.98 23.08 3.18 45.877593 12.307253 0
5.66 -7.95 1.95 22.76 3.18 45.877593 12.307253 0
5.79 -8.32 1.44 22.86 3.18 45.877593 12.307253 0
5.81 -7.75 2.06 23.36 3.18 45.877593 12.307253 0
6.02 -7.81 1.95 22.43 3.18 45.877593 12.307253 0
5.73 -7.66 1.82 22.72 3.18 45.877593 12.307253 0
6.2 -8.18 1.98 23.22 3.18 45.877593 12.307253 0
5.88 -7.67 2.01 23.82 3.18 45.877593 12.307253 0
5.96 -7.89 1.95 23.58 3.26 45.877583 12.307215 1
6.19 -7.59 1.9 24.06 3.26 45.877583 12.307215 0
6.28 -7.97 1.64 22.71 3.26 45.877583 12.307215 1
5.8 -8.48 2.05 23.12 3.26 45.877583 12.307215 0
5.75 -7.93 1.98 23.17 3.26 45.877583 12.307215 0
5.81 -7.63 2.0 24.3 3.26 45.877583 12.307215 0
5.64 -7.87 1.86 23.14 3.26 45.877583 12.307215 0
5.81 -7.63 1.79 27.61 3.26 45.877583 12.307215 0
6.06 -7.95 1.84 22.81 3.26 45.877583 12.307215 0
5.98 -7.28 1.97 23.17 3.26 45.877583 12.307215 0
6.14 -7.87 1.71 23.08 3.26 45.877583 12.307215 0
6.14 -7.73 1.71 23.51 3.26 45.877583 12.307215 0
6.13 -8.04 1.72 22.76 3.26 45.877583 12.307215 0
5.9 -7.73 1.73 23.58 3.26 45.877583 12.307215 0
6.15 -8.08 1.71 23.6 3.26 45.877583 12.307215 0
6.16 -7.62 1.7 23.19 3.26 45.877583 12.307215 0
6.11 -8.03 2.17 23.12 3.26 45.877583 12.307215 0
5.56 -7.33 1.77 26.7 2.17 45.877577 12.307185 1
5.8 -8.22 1.65 22.69 2.17 45.877577 12.307185 0
5.95 -8.04 1.62 22.86 2.17 45.877577 12.307185 1
6.02 -7.88 1.85 23.0 2.17 45.877577 12.307185 0
5.89 -7.62 2.11 24.73 2.17 45.877577 12.307185 0
5.77 -7.41 1.93 23.31 2.17 45.877577 12.307185 0
6.36 -7.61 2.02 23.36 2.17 45.877577 12.307185 0
6.28 -7.96 2.27 22.71 2.17 45.877577 12.307185 0
5.75 -7.44 2.08 23.08 2.17 45.877577 12.307185 0
5.76 -7.93 2.28 22.71 2.17 45.877577 12.307185 0
5.93 -8.3 2.25 23.2 2.17 45.877577 12.307185 0
5.55 -8.16 2.23 23.67 2.17 45.877577 12.307185 0
5.34 -7.81 2.23 22.88 2.17 45.877577 12.307185 0
5.66 -8.17 1.78 23.72 2.17 45.877577 12.307185 0
6.21 -8.07 2.07 22.81 2.17 45.877577 12.307185 0
6.64 -8.05 2.17 23.53 2.17 45.877577 12.307185 0
6.06 -7.88 1.45 23.08 2.17 45.877577 12.307185 0
6.17 -7.47 1.72 23.46 3.06 45.877574 12.307149 1
6.21 -7.57 1.92 23.38 3.06 45.877574 12.307149 0
6.31 -7.8 2.19 23.48 3.06 45.877574 12.307149 1
5.98 -7.41 1.97 23.91 3.06 45.877574 12.307149 0
6.27 -7.53 1.54 23.1 3.06 45.877574 12.307149 0
5.9 -7.87 1.29 22.67 3.06 45.877574 12.307149 0
5.29 -7.85 1.34 22.6 3.06 45.877574 12.307149 0
5.63 -8.35 1.51 24.49 3.06 45.877574 12.307149 0
5.26 -7.94 2.22 24.49 3.06 45.877574 12.307149 0
6.55 -8.16 1.58 23.12 3.06 45.877574 12.307149 0
6.22 -7.19 2.04 23.14 3.06 45.877574 12.307149 0
6.49 -7.67 2.02 24.66 3.06 45.877574 12.307149 0
6.34 -8.14 1.86 25.79 3.06 45.877574 12.307149 0
6.39 -7.78 2.12 24.51 3.06 45.877574 12.307149 0
6.09 -7.08 2.72 23.15 3.06 45.877574 12.307149 0
6.34 -7.38 2.1 23.98 3.06 45.877574 12.307149 0
6.7 -7.55 2.08 24.92 3.41 45.877561 12.307111 1
6.56 -7.51 2.07 23.02 3.41 45.877561 12.307111 0
6.21 -7.54 1.22 23.72 3.41 45.877561 12.307111 1
5.83 -7.62 1.53 22.95 3.41 45.877561 12.307111 0
5.73 -7.58 1.8 22.98 3.41 45.877561 12.307111 0
6.01 -7.75 1.34 23.82 3.41 45.877561 12.307111 0
6.19 -7.84 1.51 22.57 3.41 45.877561 12.307111 0
5.85 -7.52 1.85 23.29 3.41 45.877561 12.307111 0
7.14 -6.97 1.61 22.66 3.41 45.877561 12.307111 0
6.36 -7.32 1.39 23.17 3.41 45.877561 12.307111 0
6.11 -6.77 1.37 29.28 3.41 45.877561 12.307111 0
6.75 -7.65 1.07 24.42 3.41 45.877561 12.307111 0
6.47 -7.1 1.76 23.15 3.41 45.877561 12.307111 0
5.79 -7.26 1.67 23.68 3.41 45.877561 12.307111 0
6.09 -8.01 2.21 23.55 3.41 45.877561 12.307111 0
5.6 -8.16 2.61 23.58 3.41 45.877561 12.307111 0
6.21 -7.73 0.98 22.98 3.41 45.877561 12.307111 0
6.59 -7.62 2.66 22.57 3.59 45.877548 12.307071 1
6.82 -7.0 1.63 23.07 3.59 45.877548 12.307071 0
5.63 -6.94 1.7 23.12 3.59 45.877548 12.307071 1
6.34 -7.35 2.19 22.57 3.59 45.877548 12.307071 0
6.16 -6.85 1.89 23.15 3.59 45.877548 12.307071 0
6.68 -8.65 3.31 24.15 3.59 45.877548 12.307071 0
4.79 -8.61 2.9 23.2 3.59 45.877548 12.307071 0
6.31 -7.7 2.22 23.75 3.59 45.877548 12.307071 0
5.58 -7.63 1.21 23.27 3.59 45.877548 12.307071 0
5.99 -8.18 2.04 23.58 3.59 45.877548 12.307071 0
6.17 -7.87 2.03 27.71 3.59 45.877548 12.307071 0
6.48 -7.35 1.95 23.19 3.59 45.877548 12.307071 0
6.14 -8.08 2.17 22.66 3.59 45.877548 12.307071 0
6.04 -7.52 1.6 23.56 3.59 45.877548 12.307071 0
5.49 -7.5 1.82 22.86 3.59 45.877548 12.307071 0
5.83 -7.83 2.21 23.68 3.59 45.877548 12.307071 0
5.53 -8.36 1.14 22.69 3.59 45.877548 12.307071 0
5.48 -8.49 1.78 23.0 3.86 45.877540 12.307023 1
6.29 -8.05 1.95 23.07 3.86 45.877540 12.307023 0
6.64 -7.67 1.88 22.96 3.86 45.877540 12.307023 1
6.07 -7.59 2.07 23.87 3.86 45.877540 12.307023 0
6.14 -7.04 1.11 23.46 3.86 45.877540 12.307023 0
6.18 -7.2 2.0 23.48 3.86 45.877540 12.307023 0
5.65 -7.13 2.34 23.02 3.86 45.877540 12.307023 0
5.51 -7.37 2.35 23.03 3.86 45.877540 12.307023 0
5.91 -7.84 1.87 23.17 3.86 45.877540 12.307023 0
5.4 -7.52 1.98 23.74 3.86 45.877540 12.307023 0
6.13 -7.61 1.01 22.93 3.86 45.877540 12.307023 0
5.43 -7.6 2.18 23.77 3.86 45.877540 12.307023 0
6.27 -7.92 2.17 23.92 3.86 45.877540 12.307023 0
6.22 -8.03 1.83 23.63 3.86 45.877540 12.307023 0
6.16 -7.66 2.13 22.78 3.86 45.877540 12.307023 0
6.61 -6.95 1.77 23.19 3.86 45.877540 12.307023 0
6.4 -6.83 1.72 23.82 3.86 45.877540 12.307023 0
5.8 -7.73 1.96 23.41 3.76 45.877534 12.306975 1
5.66 -8.05 1.49 23.96 3.76 45.877534 12.306975 0
5.42 -7.91 1.62 24.99 3.76 45.877534 12.306975 1
6.22 -7.72 1.95 23.92 3.76 45.877534 12.306975 0
6.21 -7.62 2.52 24.13 3.76 45.877534 12.306975 0
5.76 -6.87 2.31 23.05 3.76 45.877534 12.306975 0
5.96 -8.25 1.9 22.5 3.76 45.877534 12.306975 0
5.87 -7.54 1.99 24.52 3.76 45.877534 12.306975 0
5.6 -7.2 2.0 23.24 3.76 45.877534 12.306975 0
6.0 -7.67 1.75 22.76 3.76 45.877534 12.306975 0
5.88 -8.26 1.38 23.92 3.76 45.877534 12.306975 0
5.52 -7.8 2.01 24.39 3.76 45.877534 12.306975 0
5.29 -8.55 2.19 24.01 3.76 45.877534 12.306975 0
5.95 -7.45 1.75 22.71 3.76 45.877534 12.306975 0
5.72 -8.04 1.89 23.02 3.76 45.877534 12.306975 0
6.21 -7.91 2.39 22.45 3.76 45.877534 12.306975 0
6.03 -7.31 2.07 23.19 4.16 45.877525 12.306923 1
6.66 -7.9 1.98 23.77 4.16 45.877525 12.306923 0
5.76 -7.79 1.42 23.87 4.16 45.877525 12.306923 1
6.62 -8.09 2.1 22.31 4.16 45.877525 12.306923 0
6.11 -7.9 1.71 23.31 4.16 45.877525 12.306923 0
4.01 -6.96 1.18 24.76 4.16 45.877525 12.306923 0
7.73 -10.89 1.54 21.23 4.16 45.877525 12.306923 0
5.99 -13.82 1.82 21.23 4.16 45.877525 12.306923 0
6.24 -6.76 3.93 24.95 4.16 45.877525 12.306923 0
5.88 -5.42 3.9 24.11 4.16 45.877525 12.306923 0
14.51 -9.52 -3.38 22.17 4.16 45.877525 12.306923 0
9.03 -12.84 -3.3 22.29 4.16 45.877525 12.306923 0
5.74 -11.95 2.08 23.46 4.16 45.877525 12.306923 0
3.06 -4.69 2.19 23.51 4.16 45.877525 12.306923 0
1.76 -3.08 0.18 23.03 4.16 45.877525 12.306923 0
8.64 -11.44 -0.58 21.13 4.16 45.877525 12.306923 0
8.36 -11.17 0.83 23.26 4.16 45.877525 12.306923 0
6.47 -5.66 4.23 24.66 3.81 45.877510 12.306878 1
6.81 -7.88 1.21 22.33 3.81 45.877510 12.306878 0
5.22 -5.78 1.93 23.36 3.81 45.877510 12.306878 1
6.71 -5.81 2.51 23.56 3.81 45.877510 12.306878 0
6.2 -8.39 2.25 23.7 3.81 45.877510 12.306878 0
5.82 -8.92 2.13 22.21 3.81 45.877510 12.306878 0
2.78 -8.6 1.15 22.33 3.81 45.877510 12.306878 0
5.08 -8.62 1.16 23.41 3.81 45.877510 12.306878 0
5.43 -8.49 2.86 22.23 3.81 45.877510 12.306878 0
4.75 -6.85 3.0 22.31 3.81 45.877510 12.306878 0
6.29 -7.01 1.33 22.6 3.81 45.877510 12.306878 0
1.44 -6.13 -0.88 22.5 3.81 45.877510 12.306878 0
10.22 -3.14 -2.33 23.12 3.81 45.877510 12.306878 0
8.13 -5.39 2.8 24.71 3.81 45.877510 12.306878 0
6.79 -6.97 1.12 24.75 3.81 45.877510 12.306878 0
1.17 -0.53 0.45 22.28 3.81 45.877510 12.306878 0
3.53 -19.61 -1.31 21.3 3.81 45.877510 12.306878 0
8.44 -7.16 2.78 29.55 3.79 45.877485 12.306845 1
3.68 -7.62 3.11 22.43 3.79 45.877485 12.306845 0
3.66 -7.82 -1.02 25.06 3.79 45.877485 12.306845 1
5.32 -7.24 -0.27 22.66 3.79 45.877485 12.306845 0
7.73 -8.04 0.93 22.05 3.79 45.877485 12.306845 0
7.8 -7.85 1.63 22.42 3.79 45.877485 12.306845 0
5.38 -6.76 1.92 22.16 3.79 45.877485 12.306845 0
6.33 -9.05 1.04 26.55 3.79 45.877485 12.306845 0
6.22 -8.33 1.66 22.52 3.79 45.877485 12.306845 0
6.1 -7.95 2.31 22.42 3.79 45.877485 12.306845 0
5.66 -8.28 2.89 22.21 3.79 45.877485 12.306845 0
6.18 -7.62 2.78 21.97 3.79 45.877485 12.306845 0
6.9 -8.71 2.22 21.78 3.79 45.877485 12.306845 0
6.08 -9.57 2.49 22.43 3.79 45.877485 12.306845 0
5.49 -8.5 2.11 21.51 3.79 45.877485 12.306845 0
5.33 -10.98 2.01 21.64 3.79 45.877485 12.306845 0
5.21 -9.83 0.6 23.03 3.79 45.877485 12.306845 0
7.36 -8.54 3.79 23.43 4.1 45.877451 12.306825 1
5.66 -9.69 2.69 23.27 4.1 45.877451 12.306825 0
6.76 -9.36 2.23 22.07 4.1 45.877451 12.306825 1
4.89 -6.46 2.98 23.17 4.1 45.877451 12.306825 0
4.91 -8.01 2.08 23.15 4.1 45.877451 12.306825 0
7.11 -11.63 2.17 23.41 4.1 45.877451 12.306825 0
4.17 -8.24 2.77 21.81 4.1 45.877451 12.306825 0
6.24 -8.41 1.85 22.35 4.1 45.877451 12.306825 0
5.85 -9.44 0.9 22.79 4.1 45.877451 12.306825 0
5.22 -8.49 0.48 21.75 4.1 45.877451 12.306825 0
5.15 -11.03 1.25 21.15 4.1 45.877451 12.306825 0
4.97 -5.75 3.15 22.71 4.1 45.877451 12.306825 0
6.83 -8.99 4.04 24.64 4.1 45.877451 12.306825 0
5.99 -6.86 2.92 26.14 4.1 45.877451 12.306825 0
7.1 -5.91 1.82 20.58 4.1 45.877451 12.306825 0
3.91 -9.56 1.51 20.53 4.1 45.877451 12.306825 0
7.7 -10.3 0.74 20.79 4.1 45.877451 12.306825 0
6.54 -7.64 1.68 23.02 4.15 45.877420 12.306842 1
5.36 -5.77 2.51 23.12 4.15 45.877420 12.306842 0
8.02 -6.59 2.89 21.95 4.15 45.877420 12.306842 1
7.4 -5.69 0.85 21.3 4.15 45.877420 12.306842 0
6.72 -10.77 1.32 27.49 4.15 45.877420 12.306842 0
4.03 -6.98 1.8 22.36 4.15 45.877420 12.306842 0
3.68 -6.39 1.62 20.8 4.15 45.877420 12.306842 0
8.67 -6.67 -0.59 22.47 4.15 45.877420 12.306842 0
5.62 -8.78 1.48 22.11 4.15 45.877420 12.306842 0
6.97 -9.35 1.21 22.19 4.15 45.877420 12.306842 0
5.8 -6.49 2.04 22.19 4.15 45.877420 12.306842 0
8.44 -10.74 0.58 22.67 4.15 45.877420 12.306842 0
5.96 -8.07 4.73 21.71 4.15 45.877420 12.306842 0
7.31 -9.53 3.45 23.03 4.15 45.877420 12.306842 0
5.93 -8.12 2.0 22.42 4.15 45.877420 12.306842 0
6.35 -7.11 3.1 23.19 4.15 45.877420 12.306842 0
5.07 -7.41 1.56 23.65 3.78 45.877404 12.306882 1
5.54 -9.87 1.39 22.33 3.78 45.877404 12.306882 0
5.47 -9.42 2.15 22.07 3.78 45.877404 12.306882 1
5.77 -7.76 1.62 22.16 3.78 45.877404 12.306882 0
5.92 -7.36 1.77 22.43 3.78 45.877404 12.306882 0
5.9 -6.8 2.49 22.21 3.78 45.877404 12.306882 0
6.47 -8.25 1.97 23.1 3.78 45.877404 12.306882 0
5.98 -8.23 2.06 22.88 3.78 45.877404 12.306882 0
6.01 -7.53 1.34 22.71 3.78 45.877404 12.306882 0
5.73 -7.8 1.9 23.91 3.78 45.877404 12.306882 0
6.03 -8.03 1.25 22.98 3.78 45.877404 12.306882 0
5.05 -8.7 1.15 22.98 3.78 45.877404 12.306882 0
5.79 -7.74 1.98 23.34 3.78 45.877404 12.306882 0
6.07 -8.04 2.39 23.5 3.78 45.877404 12.306882 0
5.51 -7.86 2.94 22.84 3.78 45.877404 12.306882 0
5.32 -7.32 1.56 22.83 3.78 45.877404 12.306882 0
6.3 -7.69 2.51 22.9 3.78 45.877404 12.306882 0
5.12 -7.36 1.8 22.31 3.82 45.877407 12.306929 1
7.71 -7.07 2.13 22.5 3.82 45.877407 12.306929 0
6.95 -7.8 2.23 24.3 3.82 45.877407 12.306929 1
5.75 -8.69 1.54 26.29 3.82 45.877407 12.306929 0
4.89 -5.95 1.84 23.53 3.82 45.877407 12.306929 0
8.49 -11.16 1.61 22.59 3.82 45.877407 12.306929 0
5.37 -8.3 2.7 23.5 3.82 45.877407 12.306929 0
6.08 -6.03 1.6 23.39 3.82 45.877407 12.306929 0
5.03 -7.02 1.11 22.88 3.82 45.877407 12.306929 0
