6.82 -8.24 2.15 22.98 2.92 45.877644 12.307418 0
6.33 -7.44 2.37 23.44 2.54 45.877638 12.307388 0
6.09 -8.09 1.9 23.68 2.54 45.877638 12.307388 0
6.0 -8.61 2.21 24.13 2.54 45.877638 12.307388 0
6.39 -6.85 2.24 23.08 2.54 45.877638 12.307388 0
5.79 -7.56 2.62 24.3 2.54 45.877638 12.307388 0
5.91 -8.25 0.79 23.36 2.54 45.877638 12.307388 0
6.74 -8.3 1.83 23.39 2.54 45.877638 12.307388 0
5.13 -6.41 1.81 22.83 2.54 45.877638 12.307388 0
6.05 -8.11 1.56 24.8 2.54 45.877638 12.307388 0
5.3 -7.74 1.52 23.44 2.54 45.877638 12.307388 0
5.49 -6.66 2.24 24.94 2.95 45.877631 12.307355 1
6.96 -9.42 1.9 22.0 2.95 45.877631 12.307355 0
5.55 -8.47 1.96 23.43 2.95 45.877631 12.307355 1
6.21 -7.55 1.92 23.53 2.95 45.877631 12.307355 0
6.32 -7.31 2.16 23.38 2.95 45.877631 12.307355 0
6.06 -7.8 1.86 23.07 2.95 45.877631 12.307355 0
5.39 -6.89 1.69 22.81 2.95 45.877631 12.307355 0
6.24 -7.39 2.15 22.26 2.95 45.877631 12.307355 0
6.11 -7.79 2.11 22.47 2.95 45.877631 12.307355 0
5.88 -8.19 2.49 22.72 2.95 45.877631 12.307355 0
5.58 -7.63 1.5 23.12 2.95 45.877631 12.307355 0
5.11 -7.52 1.32 23.38 2.95 45.877631 12.307355 0
6.11 -7.69 1.87 23.58 2.95 45.877631 12.307355 0
6.12 -7.83 2.15 24.71 2.95 45.877631 12.307355 0
6.15 -8.36 1.89 23.08 2.95 45.877631 12.307355 0
6.17 -7.64 1.79 23.17 2.95 45.877631 12.307355 0
6.32 -7.9 1.75 23.22 2.95 45.877631 12.307355 0
5.61 -7.57 2.01 52.79 3.02 45.877625 12.307320 1
6.62 -7.81 2.05 24.23 3.02 45.877625 12.307320 0
6.32 -7.69 1.94 27.46 3.02 45.877625 12.307320 1
5.46 -7.94 1.96 23.34 3.02 45.877625 12.307320 0
5.25 -7.67 2.19 23.53 3.02 45.877625 12.307320 0
5.4 -7.63 2.1 23.58 3.02 45.877625 12.307320 0
5.83 -8.23 1.52 23.05 3.02 45.877625 12.307320 0
5.91 -7.73 1.79 23.72 3.02 45.877625 12.307320 0
5.98 -7.36 2.27 23.1 3.02 45.877625 12.307320 0
6.11 -7.96 2.24 23.2 3.02 45.877625 12.307320 0
5.64 -7.72 1.77 23.24 3.02 45.877625 12.307320 0
6.06 -7.91 2.14 23.63 3.02 45.877625 12.307320 0
6.27 -7.54 1.92 22.81 3.02 45.877625 12.307320 0
6.19 -7.85 1.91 25.38 3.02 45.877625 12.307320 0
5.79 -7.69 1.98 23.19 3.02 45.877625 12.307320 0
5.91 -7.81 2.17 23.14 3.02 45.877625 12.307320 0
5.78 -8.01 2.11 22.69 3.02 45.877625 12.307320 0
5.41 -8.09 1.82 23.86 3.26 45.877618 12.307281 1
5.97 -7.45 1.67 23.1 3.26 45.877618 12.307281 0
6.43 -7.64 1.98 23.07 3.26 45.877618 12.307281 1
6.06 -7.8 1.78 23.02 3.26 45.877618 12.307281 0
6.33 -7.99 1.8 22.79 3.26 45.877618 12.307281 0
5.79 -7.19 1.94 22.78 3.26 45.877618 12.307281 0
6.03 -7.94 1.57 23.44 3.26 45.877618 12.307281 0
6.09 -7.95 1.65 23.08 3.26 45.877618 12.307281 0
6.0 -7.98 1.72 23.24 3.26 45.877618 12.307281 0
6.15 -7.67 1.92 22.72 3.26 45.877618 12.307281 0
5.86 -7.91 2.02 22.67 3.26 45.877618 12.307281 0
5.52 -8.17 1.65 23.05 3.26 45.877618 12.307281 0
5.85 -8.19 1.85 22.59 3.26 45.877618 12.307281 0
6.24 -7.67 1.98 39.12 3.26 45.877618 12.307281 0
5.96 -8.21 1.78 24.2 3.26 45.877618 12.307281 0
6.25 -7.42 2.08 24.16 3.26 45.877618 12.307281 0
5.97 -7.86 2.07 22.29 3.26 45.877618 12.307281 0
6.05 -7.83 1.8 22.72 3.1 45.877609 12.307244 1
6.12 -7.83 2.21 23.17 3.1 45.877609 12.307244 0
5.92 -7.29 2.15 22.64 3.1 45.877609 12.307244 1
5.8 -8.12 2.44 23.03 3.1 45.877609 12.307244 0
5.66 -7.61 2.04 22.45 3.1 45.877609 12.307244 0
5.84 -7.67 1.87 23.91 3.1 45.877609 12.307244 0
5.81 -7.57 1.7 23.36 3.1 45.877609 12.307244 0
6.14 -7.52 2.04 22.72 3.1 45.877609 12.307244 0
6.4 -8.05 1.37 25.28 3.1 45.877609 12.307244 0
6.06 -7.54 2.0 25.67 3.1 45.877609 12.307244 0
6.17 -8.0 1.77 22.88 3.1 45.877609 12.307244 0
6.09 -7.87 2.24 24.27 3.1 45.877609 12.307244 0
6.34 -8.21 2.24 23.51 3.1 45.877609 12.307244 0
6.0 -7.6 1.79 23.63 3.1 45.877609 12.307244 0
6.16 -7.59 1.95 22.72 3.1 45.877609 12.307244 0
5.71 -7.38 1.72 23.43 3.1 45.877609 12.307244 0
6.1 -8.05 1.79 22.69 3.1 45.877609 12.307244 0
5.77 -7.68 2.14 22.78 3.54 45.877599 12.307203 1
5.79 -7.58 2.21 22.74 3.54 45.877599 12.307203 0
5.55 -7.69 1.82 22.93 3.54 45.877599 12.307203 1
6.04 -7.71 2.2 22.93 3.54 45.877599 12.307203 0
5.79 -7.56 2.19 23.39 3.54 45.877599 12.307203 0
5.59 -7.68 1.99 24.4 3.54 45.877599 12.307203 0
5.75 -7.66 2.03 22.5 3.54 45.877599 12.307203 0
6.17 -8.01 1.86 23.1 3.54 45.877599 12.307203 0
5.83 -7.37 2.28 23.08 3.54 45.877599 12.307203 0
6.53 -7.62 2.2 22.72 3.54 45.877599 12.307203 0
5.69 -7.7 2.23 24.15 3.54 45.877599 12.307203 0
5.66 -7.97 1.76 23.1 3.54 45.877599 12.307203 0
5.49 -8.04 1.89 22.69 3.54 45.877599 12.307203 0
5.8 -7.76 1.95 22.81 3.54 45.877599 12.307203 0
6.08 -7.66 1.64 23.19 3.54 45.877599 12.307203 0
6.18 -7.59 1.68 23.0 3.54 45.877599 12.307203 0
5.95 -7.8 1.68 23.12 2.87 45.877593 12.307165 1
6.14 -8.14 1.61 23.84 2.87 45.877593 12.307165 0
5.63 -7.3 1.7 23.53 2.87 45.877593 12.307165 1
6.02 -7.66 1.89 22.62 2.87 45.877593 12.307165 0
6.03 -7.79 1.55 22.88 2.87 45.877593 12.307165 0
5.74 -7.54 1.77 23.91 2.87 45.877593 12.307165 0
6.71 -7.91 1.89 23.38 2.87 45.877593 12.307165 0
5.81 -8.12 1.51 28.04 2.87 45.877593 12.307165 0
5.74 -8.04 1.98 23.75 2.87 45.877593 12.307165 0
5.65 -7.35 1.8 23.24 2.87 45.877593 12.307165 0
6.1 -7.47 2.06 22.72 2.87 45.877593 12.307165 0
5.99 -8.7 2.7 22.78 2.87 45.877593 12.307165 0
6.08 -7.44 2.41 22.79 2.87 45.877593 12.307165 0
6.14 -7.42 2.37 22.74 2.87 45.877593 12.307165 0
5.91 -7.92 1.84 23.53 2.87 45.877593 12.307165 0
5.53 -8.37 1.9 23.53 2.87 45.877593 12.307165 0
5.77 -8.22 1.93 23.34 2.87 45.877593 12.307165 0
5.7 -7.61 2.01 23.07 3.25 45.877586 12.307127 1
5.78 -7.62 2.02 22.64 3.25 45.877586 12.307127 0
5.99 -7.68 2.04 22.52 3.25 45.877586 12.307127 1
6.14 -7.83 1.69 24.3 3.25 45.877586 12.307127 0
6.1 -7.52 1.35 22.69 3.25 45.877586 12.307127 0
6.51 -7.75 1.52 23.41 3.25 45.877586 12.307127 0
6.17 -7.91 1.58 24.04 3.25 45.877586 12.307127 0
6.19 -7.68 1.9 24.4 3.25 45.877586 12.307127 0
5.83 -7.35 1.7 24.46 3.25 45.877586 12.307127 0
6.46 -7.95 1.7 24.27 3.25 45.877586 12.307127 0
5.88 -7.77 1.78 23.56 3.25 45.877586 12.307127 0
6.21 -8.28 1.01 22.86 3.25 45.877586 12.307127 0
5.72 -8.16 1.86 23.19 3.25 45.877586 12.307127 0
6.08 -7.69 1.42 24.52 3.25 45.877586 12.307127 0
5.8 -7.74 1.99 23.2 3.25 45.877586 12.307127 0
6.01 -7.56 1.91 23.63 3.25 45.877586 12.307127 0
5.87 -7.8 2.26 23.12 3.25 45.877586 12.307127 0
5.73 -7.22 2.03 24.13 3.44 45.877577 12.307085 1
5.81 -7.23 2.42 24.25 3.44 45.877577 12.307085 0
5.85 -7.55 2.12 23.5 3.44 45.877577 12.307085 1
5.7 -7.68 1.88 23.41 3.44 45.877577 12.307085 0
5.95 -7.86 1.75 24.37 3.44 45.877577 12.307085 0
5.87 -8.07 1.88 23.58 3.44 45.877577 12.307085 0
5.87 -7.91 1.82 24.49 3.44 45.877577 12.307085 0
6.35 -7.69 1.84 23.65 3.44 45.877577 12.307085 0
6.36 -8.3 2.16 23.24 3.44 45.877577 12.307085 0
5.69 -7.48 1.89 22.84 3.44 45.877577 12.307085 0
5.82 -7.79 1.57 22.74 3.44 45.877577 12.307085 0
6.08 -7.55 1.66 24.46 3.44 45.877577 12.307085 0
5.89 -7.52 1.55 25.11 3.44 45.877577 12.307085 0
6.03 -7.65 1.8 23.6 3.44 45.877577 12.307085 0
5.56 -7.46 1.68 23.6 3.44 45.877577 12.307085 0
5.69 -7.69 1.92 24.49 3.44 45.877577 12.307085 0
5.68 -7.6 1.71 25.3 3.44 45.877577 12.307085 0
5.71 -7.52 1.65 23.08 3.37 45.877569 12.307043 1
5.74 -8.31 2.13 23.07 3.37 45.877569 12.307043 0
5.85 -8.06 2.46 23.62 3.37 45.877569 12.307043 1
6.11 -7.99 1.85 25.24 3.37 45.877569 12.307043 0
6.87 -7.95 1.68 22.95 3.37 45.877569 12.307043 0
5.62 -7.91 1.84 22.67 3.37 45.877569 12.307043 0
5.8 -7.38 2.44 23.43 3.37 45.877569 12.307043 0
5.83 -7.66 2.2 23.14 3.37 45.877569 12.307043 0
5.69 -7.78 2.06 23.14 3.37 45.877569 12.307043 0
5.91 -8.49 1.91 23.14 3.37 45.877569 12.307043 0
5.78 -8.22 1.92 27.92 3.37 45.877569 12.307043 0
5.51 -7.68 1.77 24.1 3.37 45.877569 12.307043 0
5.75 -8.05 2.01 24.15 3.37 45.877569 12.307043 0
5.64 -7.69 1.82 22.83 3.37 45.877569 12.307043 0
6.31 -7.85 1.61 22.79 3.37 45.877569 12.307043 0
6.07 -7.67 1.81 23.91 3.37 45.877569 12.307043 0
6.27 -8.09 1.92 22.9 3.37 45.877569 12.307043 0
5.99 -7.73 1.6 23.92 2.98 45.877563 12.307004 1
5.88 -7.53 1.77 23.65 2.98 45.877563 12.307004 0
5.63 -7.64 1.56 24.46 2.98 45.877563 12.307004 1
5.76 -7.79 2.05 24.04 2.98 45.877563 12.307004 0
5.5 -7.46 2.0 22.14 2.98 45.877563 12.307004 0
5.89 -7.77 1.87 23.24 2.98 45.877563 12.307004 0
5.71 -8.2 1.81 22.72 2.98 45.877563 12.307004 0
5.7 -7.24 2.17 28.67 2.98 45.877563 12.307004 0
5.92 -7.16 2.33 22.9 2.98 45.877563 12.307004 0
6.13 -7.77 2.03 23.26 2.98 45.877563 12.307004 0
6.4 -7.87 2.21 22.72 2.98 45.877563 12.307004 0
5.98 -7.65 1.35 23.53 2.98 45.877563 12.307004 0
5.85 -7.89 1.87 23.29 2.98 45.877563 12.307004 0
5.87 -7.74 2.09 24.97 2.98 45.877563 12.307004 0
6.05 -7.36 1.77 23.19 2.98 45.877563 12.307004 0
6.18 -8.11 2.26 24.44 2.98 45.877563 12.307004 0
5.79 -7.96 1.71 25.23 2.1 45.877561 12.306976 1
6.11 -8.21 1.4 23.55 2.1 45.877561 12.306976 0
6.03 -7.84 1.54 23.53 2.1 45.877561 12.306976 1
6.06 -7.63 1.71 23.17 2.1 45.877561 12.306976 0
6.42 -7.92 2.31 25.52 2.1 45.877561 12.306976 0
6.45 -7.41 1.91 23.12 2.1 45.877561 12.306976 0
6.29 -8.26 1.69 22.47 2.1 45.877561 12.306976 0
5.9 -8.07 1.62 22.57 2.1 45.877561 12.306976 0
6.0 -8.01 1.37 23.05 2.1 45.877561 12.306976 0
5.91 -7.75 2.18 23.6 2.1 45.877561 12.306976 0
5.37 -7.75 1.7 23.94 2.1 45.877561 12.306976 0
5.65 -8.01 1.64 23.46 2.1 45.877561 12.306976 0
5.64 -8.08 2.02 23.99 2.1 45.877561 12.306976 0
6.55 -7.85 2.05 23.75 2.1 45.877561 12.306976 0
5.54 -7.63 1.87 22.74 2.1 45.877561 12.306976 0
5.98 -7.99 1.69 24.52 2.1 45.877561 12.306976 0
5.77 -7.63 1.87 22.62 2.1 45.877561 12.306976 0
5.8 -7.05 1.86 23.07 3.08 45.877557 12.306936 1
6.31 -7.83 2.07 23.43 3.08 45.877557 12.306936 0
6.34 -7.88 1.95 22.83 3.08 45.877557 12.306936 1
5.93 -7.64 1.61 22.47 3.08 45.877557 12.306936 0
6.23 -8.17 1.75 22.9 3.08 45.877557 12.306936 0
5.51 -8.14 1.19 22.93 3.08 45.877557 12.306936 0
5.63 -8.09 1.83 22.96 3.08 45.877557 12.306936 0
5.16 -7.45 2.36 23.29 3.08 45.877557 12.306936 0
4.96 -6.8 2.48 23.43 3.08 45.877557 12.306936 0
10.51 -9.29 1.0 20.79 3.08 45.877557 12.306936 0
7.61 -11.67 2.88 20.65 3.08 45.877557 12.306936 0
6.02 -8.95 3.15 24.37 3.08 45.877557 12.306936 0
4.9 -4.38 2.7 24.51 3.08 45.877557 12.306936 0
5.99 -4.41 2.19 23.68 3.08 45.877557 12.306936 0
3.95 -10.7 0.74 22.47 3.08 45.877557 12.306936 0
5.35 -14.0 0.43 22.24 3.08 45.877557 12.306936 0
7.1 -7.9 3.05 22.76 3.08 45.877557 12.306936 0
3.36 -4.61 0.82 24.25 3.53 45.877544 12.306894 1
5.59 -8.78 -0.48 27.66 3.53 45.877544 12.306894 0
7.73 -10.55 1.95 20.48 3.53 45.877544 12.306894 1
7.21 -14.14 1.29 21.66 3.53 45.877544 12.306894 0
6.15 -9.06 2.77 22.29 3.53 45.877544 12.306894 0
4.58 -2.77 0.9 22.36 3.53 45.877544 12.306894 0
7.96 -7.69 1.49 22.28 3.53 45.877544 12.306894 0
6.05 -8.37 2.25 23.63 3.53 45.877544 12.306894 0
6.98 -8.57 3.0 23.77 3.53 45.877544 12.306894 0
6.17 -9.35 2.53 22.72 3.53 45.877544 12.306894 0
4.97 -5.95 1.36 22.42 3.53 45.877544 12.306894 0
5.02 -10.7 1.62 22.12 3.53 45.877544 12.306894 0
5.23 -7.99 1.48 22.19 3.53 45.877544 12.306894 0
5.27 -7.95 2.01 21.93 3.53 45.877544 12.306894 0
5.7 -7.32 1.88 22.28 3.53 45.877544 12.306894 0
6.12 -8.63 1.5 22.59 3.53 45.877544 12.306894 0
6.64 -6.03 2.0 24.94 3.53 45.877544 12.306894 0
5.0 -5.77 1.57 23.56 3.65 45.877519 12.306860 1
5.18 -16.63 0.82 21.11 3.65 45.877519 12.306860 0
6.16 -6.81 2.36 23.44 3.65 45.877519 12.306860 1
6.55 -9.83 2.79 25.81 3.65 45.877519 12.306860 0
3.15 -5.0 0.38 27.39 3.65 45.877519 12.306860 0
5.16 -2.95 1.69 22.84 3.65 45.877519 12.306860 0
10.56 -14.13 0.26 20.39 3.65 45.877519 12.306860 0
5.81 -11.75 1.9 22.19 3.65 45.877519 12.306860 0
5.99 -3.96 2.09 23.55 3.65 45.877519 12.306860 0
5.58 -5.85 2.8 22.78 3.65 45.877519 12.306860 0
7.45 -8.54 2.11 23.96 3.65 45.877519 12.306860 0
6.34 -7.29 2.42 23.8 3.65 45.877519 12.306860 0
6.97 -8.81 1.44 23.14 3.65 45.877519 12.306860 0
5.6 -9.26 2.66 22.59 3.65 45.877519 12.306860 0
4.57 -5.47 1.12 23.63 3.65 45.877519 12.306860 0
6.03 -8.48 1.8 38.02 3.65 45.877519 12.306860 0
5.48 -7.69 2.21 23.1 3.32 45.877489 12.306839 1
5.89 -8.76 3.01 22.79 3.32 45.877489 12.306839 0
6.32 -7.7 1.32 23.22 3.32 45.877489 12.306839 1
6.01 -7.02 1.43 22.64 3.32 45.877489 12.306839 0
5.96 -7.72 1.77 23.31 3.32 45.877489 12.306839 0
6.32 -7.64 0.97 25.91 3.32 45.877489 12.306839 0
6.45 -7.89 1.18 22.62 3.32 45.877489 12.306839 0
6.78 -8.09 2.01 25.93 3.32 45.877489 12.306839 0
5.84 -7.65 2.29 22.28 3.32 45.877489 12.306839 0
9.01 -9.25 1.95 21.54 3.32 45.877489 12.306839 0
6.05 -7.44 1.95 23.8 3.32 45.877489 12.306839 0
4.97 -8.78 1.77 24.2 3.32 45.877489 12.306839 0
4.64 -8.65 2.68 23.8 3.32 45.877489 12.306839 0
6.36 -8.27 1.82 21.4 3.32 45.877489 12.306839 0
6.63 -8.29 1.73 23.26 3.32 45.877489 12.306839 0
7.83 -9.26 1.97 21.35 3.32 45.877489 12.306839 0
4.87 -7.64 1.38 22.31 3.32 45.877489 12.306839 0
6.16 -7.01 1.61 23.65 3.49 45.877456 12.306836 1
6.34 -7.98 1.66 23.74 3.49 45.877456 12.306836 0
6.17 -6.99 2.0 21.64 3.49 45.877456 12.306836 1
5.58 -9.52 1.34 22.21 3.49 45.877456 12.306836 0
4.74 -6.7 1.81 24.2 3.49 45.877456 12.306836 0
6.55 -9.48 1.63 21.25 3.49 45.877456 12.306836 0
8.49 -6.95 2.13 22.88 3.49 45.877456 12.306836 0
6.5 -9.64 1.17 24.56 3.49 45.877456 12.306836 0
5.5 -8.42 0.97 23.53 3.49 45.877456 12.306836 0
2.77 -4.2 1.46 21.68 3.49 45.877456 12.306836 0
7.24 -12.33 1.72 20.46 3.49 45.877456 12.306836 0
6.6 -8.72 1.69 20.22 3.49 45.877456 12.306836 0
6.21 -8.41 2.34 21.66 3.49 45.877456 12.306836 0
7.36 -9.48 1.72 22.83 3.49 45.877456 12.306836 0
3.45 -9.6 1.04 23.08 3.49 45.877456 12.306836 0
7.38 -7.74 2.54 22.52 3.49 45.877456 12.306836 0
6.37 -8.42 2.45 22.48 3.49 45.877456 12.306836 0
4.01 -9.66 1.45 21.32 3.59 45.877429 12.306859 1
6.31 -9.09 1.7 20.84 3.59 45.877429 12.306859 0
6.12 -9.66 2.31 21.13 3.59 45.877429 12.306859 1
6.37 -8.72 1.62 22.79 3.59 45.877429 12.306859 0
6.31 -7.98 2.22 21.8 3.59 45.877429 12.306859 0
6.57 -7.72 2.51 21.75 3.59 45.877429 12.306859 0
6.33 -8.22 3.48 23.07 3.59 45.877429 12.306859 0
6.95 -9.53 2.75 22.29 3.59 45.877429 12.306859 0
5.78 -8.85 1.57 23.58 3.59 45.877429 12.306859 0
4.9 -8.59 1.12 25.54 3.59 45.877429 12.306859 0
5.34 -5.62 2.4 23.65 3.59 45.877429 12.306859 0
5.29 -7.34 2.07 21.47 3.59 45.877429 12.306859 0
4.9 -13.28 1.58 21.97 3.59 45.877429 12.306859 0
5.93 -6.54 1.24 22.86 3.59 45.877429 12.306859 0
5.62 -7.18 2.41 22.74 3.59 45.877429 12.306859 0
5.61 -7.55 2.23 22.69 3.59 45.877429 12.306859 0
6.68 -8.42 1.29 22.86 3.59 45.877429 12.306859 0
7.07 -8.74 1.16 21.81 3.36 45.877418 12.306898 1
4.9 -7.7 2.11 22.59 3.36 45.877418 12.306898 0
4.59 -7.94 1.74 22.98 3.36 45.877418 12.306898 1
5.52 -7.9 1.97 22.71 3.36 45.877418 12.306898 0
5.59 -7.92 1.74 22.57 3.36 45.877418 12.306898 0
6.09 -7.53 1.47 23.48 3.36 45.877418 12.306898 0
5.95 -7.76 2.01 23.7 3.36 45.877418 12.306898 0
5.78 -6.62 1.37 23.14 3.36 45.877418 12.306898 0
7.11 -8.2 1.96 23.51 3.36 45.877418 12.306898 0
5.58 -7.4 2.36 22.98 3.36 45.877418 12.306898 0
6.42 -8.3 2.25 22.54 3.36 45.877418 12.306898 0
4.76 -7.26 2.16 22.9 3.36 45.877418 12.306898 0
5.2 -7.23 1.6 23.05 3.36 45.877418 12.306898 0
5.39 -7.22 2.0 22.74 3.36 45.877418 12.306898 0
4.56 -7.64 2.01 22.38 3.36 45.877418 12.306898 0
4.39 -7.61 1.81 22.21 3.36 45.877418 12.306898 0
6.22 -7.81 2.33 23.15 3.36 45.877418 12.306898 0
5.04 -8.61 1.84 24.15 3.32 45.877421 12.306940 1
5.99 -7.27 1.44 23.96 3.32 45.877421 12.306940 0
4.88 -4.89 1.96 25.06 3.32 45.877421 12.306940 1
5.56 -7.86 1.67 25.11 3.32 45.877421 12.306940 0
6.4 -8.42 0.94 22.48 3.32 45.877421 12.306940 0
7.32 -7.34 1.22 22.78 3.32 45.877421 12.306940 0
5.68 -7.76 2.43 24.06 3.32 45.877421 12.306940 0
5.79 -7.4 2.39 23.39 3.32 45.877421 12.306940 0
5.01 -7.75 1.92 24.68 3.32 45.877421 12.306940 0
5.03 -8.0 2.08 22.6 3.32 45.877421 12.306940 0
5.37 -7.11 1.62 23.19 3.32 45.877421 12.306940 0
5.08 -7.56 2.26 23.86 3.32 45.877421 12.306940 0
6.66 -8.69 1.64 23.91 3.32 45.877421 12.306940 0
6.16 -8.08 2.09 23.39 3.32 45.877421 12.306940 0
5.12 -7.1 2.36 25.52 3.32 45.877421 12.306940 0
5.82 -5.99 2.71 22.57 3.32 45.877421 12.306940 0
6.22 -8.18 1.3 22.84 3.11 45.877426 12.306980 1
5.78 -9.13 2.61 22.93 3.11 45.877426 12.306980 0
6.5 -7.5 1.51 23.65 3.11 45.877426 12.306980 1
5.07 -7.16 2.53 23.19 3.11 45.877426 12.306980 0
5.47 -7.57 1.67 23.15 3.11 45.877426 12.306980 0
7.14 -7.99 2.15 22.52 3.11 45.877426 12.306980 0
5.44 -7.63 2.52 22.54 3.11 45.877426 12.306980 0
5.9 -7.87 1.71 23.14 3.11 45.877426 12.306980 0
5.53 -7.04 1.88 23.36 3.11 45.877426 12.306980 0
6.02 -7.98 2.14 23.24 3.11 45.877426 12.306980 0
5.91 -7.29 1.43 23.6 3.11 45.877426 12.306980 0
6.38 -8.34 1.87 23.15 3.11 45.877426 12.306980 0
6.04 -8.05 1.84 22.81 3.11 45.877426 12.306980 0
5.92 -7.38 2.23 23.68 3.11 45.877426 12.306980 0
5.61 -8.01 1.9 24.47 3.11 45.877426 12.306980 0
6.06 -7.98 1.48 23.72 3.11 45.877426 12.306980 0
5.62 -7.82 1.41 22.96 3.11 45.877426 12.306980 0
6.16 -8.25 1.38 23.48 3.13 45.877433 12.307018 1
6.16 -7.94 1.5 22.98 3.13 45.877433 12.307018 0
6.0 -7.3 1.71 22.62 3.13 45.877433 12.307018 1
