5.63 -7.77 1.98 21.4 1.97 45.407362 11.879746 0
5.88 -8.11 1.72 21.54 1.97 45.407362 11.879746 0
5.93 -7.79 1.8 22.16 1.97 45.407362 11.879746 0
5.71 -7.48 1.8 22.26 1.97 45.407362 11.879746 0
5.69 -7.69 1.81 21.75 1.97 45.407362 11.879746 0
5.5 -7.14 1.57 22.57 1.97 45.407362 11.879746 0
6.53 -9.22 1.8 21.09 1.97 45.407362 11.879746 0
6.05 -8.07 1.79 21.44 2.76 45.407355 11.879709 1
6.7 -7.73 2.16 22.62 2.76 45.407355 11.879709 0
5.71 -6.66 1.33 25.98 2.76 45.407355 11.879709 1
5.71 -8.81 2.07 22.81 2.76 45.407355 11.879709 0
4.31 -6.03 1.46 22.45 2.76 45.407355 11.879709 0
8.6 -9.86 -0.14 22.05 2.76 45.407355 11.879709 0
7.74 -7.91 2.83 23.58 2.76 45.407355 11.879709 0
4.62 -11.25 1.55 22.52 2.76 45.407355 11.879709 0
5.71 -6.87 1.67 23.02 2.76 45.407355 11.879709 0
4.57 -6.48 0.62 23.68 2.76 45.407355 11.879709 0
5.31 -7.68 2.35 23.63 2.76 45.407355 11.879709 0
4.79 -7.98 1.87 23.12 2.76 45.407355 11.879709 0
5.9 -8.92 2.83 22.0 2.76 45.407355 11.879709 0
4.62 -6.55 4.77 22.33 2.76 45.407355 11.879709 0
6.09 -6.84 2.15 21.61 2.76 45.407355 11.879709 0
5.59 -8.31 2.0 22.07 2.76 45.407355 11.879709 0
5.66 -8.78 1.58 22.66 2.76 45.407355 11.879709 0
5.39 -6.74 1.65 22.6 2.09 45.407344 11.879680 1
7.0 -7.12 1.9 27.01 2.09 45.407344 11.879680 0
6.31 -7.64 1.67 22.31 2.09 45.407344 11.879680 1
4.97 -9.07 2.27 22.23 2.09 45.407344 11.879680 0
4.7 -6.54 2.23 21.99 2.09 45.407344 11.879680 0
7.49 -6.54 3.0 22.66 2.09 45.407344 11.879680 0
4.15 -6.61 1.78 22.57 2.09 45.407344 11.879680 0
6.14 -8.12 1.41 22.45 2.09 45.407344 11.879680 0
4.86 -7.32 2.12 21.45 2.09 45.407344 11.879680 0
5.9 -7.57 1.47 22.78 2.09 45.407344 11.879680 0
5.35 -9.12 -0.3 21.59 2.09 45.407344 11.879680 0
