6.37 -9.65 1.52 22.09 2.73 45.407335 11.879533 0
5.18 -6.21 1.01 22.5 2.73 45.407335 11.879533 0
7.5 -7.05 2.12 22.83 2.73 45.407335 11.879533 0
4.91 -5.38 1.12 22.96 2.73 45.407335 11.879533 0
5.95 -8.18 3.2 22.76 2.73 45.407335 11.879533 0
7.53 -8.37 2.32 27.17 2.73 45.407335 11.879533 0
3.22 -10.43 0.54 23.07 2.83 45.407349 11.879499 1
7.11 -5.61 0.08 23.82 2.83 45.407349 11.879499 0
7.59 -10.42 -0.08 22.74 2.83 45.407349 11.879499 1
5.42 -6.88 0.96 22.9 2.83 45.407349 11.879499 0
5.95 -9.58 3.23 22.9 2.83 45.407349 11.879499 0
4.45 -6.15 0.79 22.86 2.83 45.407349 11.879499 0
5.12 -7.47 3.01 21.88 2.83 45.407349 11.879499 0
6.63 -9.03 2.99 22.0 2.83 45.407349 11.879499 0
4.89 -9.04 3.94 23.55 2.83 45.407349 11.879499 0
5.8 -7.49 1.04 23.22 2.83 45.407349 11.879499 0
5.68 -8.48 3.03 23.98 2.83 45.407349 11.879499 0
4.38 -7.12 0.2 23.26 2.83 45.407349 11.879499 0
6.86 -11.1 2.31 23.6 2.83 45.407349 11.879499 0
5.28 -7.06 3.95 23.39 2.83 45.407349 11.879499 0
5.71 -6.65 2.48 23.07 2.83 45.407349 11.879499 0
5.68 -6.99 2.17 22.57 2.83 45.407349 11.879499 0
4.65 -7.73 0.01 24.08 2.83 45.407349 11.879499 0
5.33 -8.12 4.28 22.67 3.0 45.407361 11.879464 1
5.87 -8.43 2.66 23.19 3.0 45.407361 11.879464 0
4.25 -9.26 0.84 22.64 3.0 45.407361 11.879464 1
4.79 -7.71 1.67 22.05 3.0 45.407361 11.879464 0
4.74 -8.37 2.94 22.24 3.0 45.407361 11.879464 0
6.44 -9.62 1.8 23.62 3.0 45.407361 11.879464 0
