6.07 -8.21 1.77 22.11 1.75 45.407368 11.879795 0
5.95 -8.03 1.95 22.35 1.75 45.407368 11.879795 0
5.85 -7.89 1.74 22.04 1.75 45.407368 11.879795 0
5.89 -7.47 2.03 22.42 1.75 45.407368 11.879795 0
5.94 -7.55 2.08 22.07 1.75 45.407368 11.879795 0
5.89 -7.76 2.01 21.69 1.75 45.407368 11.879795 0
6.12 -8.05 1.73 21.51 1.75 45.407368 11.879795 0
5.96 -8.28 1.55 21.42 1.95 45.407365 11.879771 1
5.72 -7.95 1.59 21.51 1.95 45.407365 11.879771 0
5.65 -7.67 2.11 21.83 1.95 45.407365 11.879771 1
5.69 -7.84 2.16 21.68 1.95 45.407365 11.879771 0
5.79 -7.78 2.01 21.3 1.95 45.407365 11.879771 0
5.96 -7.92 2.07 21.33 1.95 45.407365 11.879771 0
5.89 -7.98 1.81 21.85 1.95 45.407365 11.879771 0
5.5 -8.01 1.86 22.16 1.95 45.407365 11.879771 0
5.89 -7.84 2.09 22.31 1.95 45.407365 11.879771 0
5.52 -7.62 1.83 22.4 1.95 45.407365 11.879771 0
5.68 -7.68 1.87 22.55 1.95 45.407365 11.879771 0
5.99 -7.82 1.72 21.87 1.95 45.407365 11.879771 0
6.16 -7.97 1.7 21.81 1.95 45.407365 11.879771 0
6.22 -7.97 1.7 21.85 1.95 45.407365 11.879771 0
5.73 -8.0 1.79 22.16 1.95 45.407365 11.879771 0
5.61 -7.46 1.81 22.0 1.95 45.407365 11.879771 0
6.06 -8.0 1.47 21.88 1.95 45.407365 11.879771 0
6.16 -7.59 1.63 22.16 1.97 45.407362 11.879746 1
6.05 -7.46 1.45 22.0 1.97 45.407362 11.879746 0
5.99 -7.7 1.77 21.88 1.97 45.407362 11.879746 1
5.84 -8.39 1.39 21.64 1.97 45.407362 11.879746 0
5.69 -8.5 1.4 21.39 1.97 45.407362 11.879746 0
5.48 -7.8 1.61 21.76 1.97 45.407362 11.879746 0
5.59 -7.4 1.74 21.33 1.97 45.407362 11.879746 0
5.67 -7.99 1.79 21.8 1.97 45.407362 11.879746 0
5.9 -8.08 1.82 21.27 1.97 45.407362 11.879746 0
5.76 -7.99 1.94 21.21 1.97 45.407362 11.879746 0
5.53 -7.59 2.08 21.25 1.97 45.407362 11.879746 0
