5.97 -7.64 1.76 22.0 1.68 45.407375 11.879848 0
6.24 -7.75 1.73 21.87 1.68 45.407375 11.879848 0
6.0 -8.02 1.82 21.97 1.68 45.407375 11.879848 0
5.88 -7.96 1.74 22.23 1.68 45.407375 11.879848 0
5.66 -8.03 1.76 22.05 1.68 45.407375 11.879848 0
5.82 -7.6 1.76 22.05 1.68 45.407375 11.879848 0
6.0 -7.36 1.75 22.6 1.68 45.407375 11.879848 0
6.03 -7.59 1.68 22.07 2.47 45.407364 11.879819 1
5.79 -8.4 1.79 21.88 2.47 45.407364 11.879819 0
5.76 -8.62 1.9 21.78 2.47 45.407364 11.879819 1
5.99 -7.56 1.96 22.0 2.47 45.407364 11.879819 0
6.06 -7.59 1.62 22.0 2.47 45.407364 11.879819 0
5.71 -7.8 1.63 22.0 2.47 45.407364 11.879819 0
5.81 -7.81 1.47 21.83 2.47 45.407364 11.879819 0
6.05 -8.18 1.51 22.11 2.47 45.407364 11.879819 0
5.94 -8.1 1.84 22.19 2.47 45.407364 11.879819 0
5.86 -7.87 1.99 22.28 2.47 45.407364 11.879819 0
5.69 -7.66 1.71 22.42 2.47 45.407364 11.879819 0
5.77 -7.85 1.73 22.52 2.47 45.407364 11.879819 0
5.8 -7.82 1.77 21.8 2.47 45.407364 11.879819 0
6.04 -7.88 1.97 21.9 2.47 45.407364 11.879819 0
5.83 -7.74 2.21 21.64 2.47 45.407364 11.879819 0
6.19 -8.47 2.0 21.54 2.47 45.407364 11.879819 0
5.69 -8.49 1.74 21.61 2.47 45.407364 11.879819 0
5.71 -7.89 1.76 22.09 1.75 45.407368 11.879795 1
5.74 -7.21 1.72 22.83 1.75 45.407368 11.879795 0
5.91 -7.44 1.54 22.4 1.75 45.407368 11.879795 1
6.09 -7.64 1.49 22.09 1.75 45.407368 11.879795 0
6.35 -7.69 1.32 21.44 1.75 45.407368 11.879795 0
6.07 -8.24 1.69 21.44 1.75 45.407368 11.879795 0
5.39 -8.33 1.65 22.0 1.75 45.407368 11.879795 0
5.43 -8.11 1.91 22.21 1.75 45.407368 11.879795 0
5.77 -7.92 1.63 22.17 1.75 45.407368 11.879795 0
5.91 -7.51 1.66 22.07 1.75 45.407368 11.879795 0
6.14 -7.64 1.68 22.02 1.75 45.407368 11.879795 0
