5.97 -8.22 1.6 21.92 3.14 45.408292 11.889785 1 1
5.73 -7.71 1.68 21.76 3.46 45.408271 11.889742 0 1
5.76 -7.96 1.96 21.9 3.46 45.408271 11.889742 1 1
5.94 -7.76 2.06 22.0 3.46 45.408271 11.889742 0 1
5.95 -7.12 2.01 21.92 3.46 45.408271 11.889742 1 1
5.95 -7.84 1.85 21.44 3.46 45.408271 11.889742 1 1
5.89 -7.75 1.97 21.88 3.46 45.408271 11.889742 1 1
6.07 -7.93 1.8 21.85 3.46 45.408271 11.889742 1 1
5.63 -7.71 1.84 21.8 3.46 45.408271 11.889742 1 1
5.95 -7.85 2.01 22.07 3.46 45.408271 11.889742 1 1
5.68 -7.76 1.76 22.47 3.46 45.408271 11.889742 1 1
5.55 -7.89 1.64 22.04 3.46 45.408271 11.889742 1 1
6.16 -8.18 1.64 22.11 3.46 45.408271 11.889742 1 1
5.62 -7.68 2.05 21.66 3.46 45.408271 11.889742 1 1
5.37 -7.72 1.75 21.56 3.46 45.408271 11.889742 1 1
6.31 -7.98 2.06 21.99 3.46 45.408271 11.889742 1 1
5.65 -7.91 2.36 22.64 3.46 45.408271 11.889742 1 1
5.47 -7.66 1.63 22.21 3.46 45.408271 11.889742 1 1
4.56 -5.82 1.6 21.81 3.01 45.408253 11.889706 0 1
9.81 -7.93 1.67 21.8 3.01 45.408253 11.889706 1 1
4.04 -7.25 0.47 22.52 3.01 45.408253 11.889706 0 1
9.33 -7.93 1.84 24.54 3.01 45.408253 11.889706 1 1
4.83 -8.63 0.84 22.96 3.01 45.408253 11.889706 1 1
7.86 -8.23 1.44 23.62 3.01 45.408253 11.889706 1 1
6.27 -8.73 1.68 22.19 3.01 45.408253 11.889706 1 1
9.43 -6.49 1.36 21.03 3.01 45.408253 11.889706 1 1
3.78 -9.03 0.46 22.19 3.01 45.408253 11.889706 1 1
6.63 -7.56 0.96 25.12 3.01 45.408253 11.889706 1 1
5.95 -6.61 2.21 22.78 3.01 45.408253 11.889706 1 1
5.46 -7.24 1.59 22.23 3.01 45.408253 11.889706 1 1
5.54 -8.65 1.62 21.76 3.01 45.408253 11.889706 1 1
6.06 -8.03 1.62 21.99 3.01 45.408253 11.889706 1 1
5.47 -7.69 1.36 21.87 3.01 45.408253 11.889706 1 1
5.65 -7.72 1.88 22.17 3.01 45.408253 11.889706 1 1
5.52 -7.64 1.76 21.92 3.01 45.408253 11.889706 1 1
