5.97 -7.44 1.96 22.0 3.02 45.408355 11.890035 0 0
5.93 -7.61 1.71 21.92 3.02 45.408355 11.890035 1 0
6.15 -7.94 1.72 21.75 3.02 45.408355 11.890035 1 0
6.1 -7.85 1.79 22.35 3.02 45.408355 11.890035 0 0
6.06 -7.68 1.74 22.0 3.02 45.408355 11.890035 1 0
5.8 -7.71 1.81 21.97 3.02 45.408355 11.890035 1 0
5.6 -7.86 1.56 21.95 3.02 45.408355 11.890035 1 0
6.31 -7.87 1.49 21.9 3.02 45.408355 11.890035 1 0
5.54 -8.08 1.7 21.44 3.02 45.408355 11.890035 1 0
5.55 -7.72 1.96 21.61 3.02 45.408355 11.890035 1 0
6.04 -8.27 1.74 22.07 3.02 45.408355 11.890035 1 0
5.85 -7.27 1.91 22.19 3.02 45.408355 11.890035 1 0
5.97 -7.97 1.93 22.31 3.02 45.408355 11.890035 1 0
6.08 -7.41 2.04 22.0 3.02 45.408355 11.890035 1 0
6.36 -7.83 2.12 21.9 3.02 45.408355 11.890035 1 0
5.95 -8.21 1.99 21.52 3.02 45.408355 11.890035 1 0
6.31 -7.86 2.01 22.57 3.02 45.408355 11.890035 1 0
5.69 -7.53 2.16 22.17 3.02 45.408355 11.890035 1 0
5.49 -7.56 1.84 21.69 3.32 45.408344 11.889992 0 0
5.58 -7.86 1.86 22.26 3.32 45.408344 11.889992 1 0
5.85 -7.83 1.92 21.28 3.32 45.408344 11.889992 0 0
5.85 -8.67 1.84 21.8 3.32 45.408344 11.889992 1 0
5.8 -7.54 1.85 22.11 3.32 45.408344 11.889992 1 0
6.17 -7.37 1.78 21.69 3.32 45.408344 11.889992 1 0
5.74 -7.23 1.82 22.17 3.32 45.408344 11.889992 1 0
6.03 -7.89 1.78 21.87 3.32 45.408344 11.889992 1 0
6.14 -7.84 1.45 21.71 3.32 45.408344 11.889992 1 0
6.11 -8.24 1.52 21.37 3.32 45.408344 11.889992 1 0
6.16 -7.78 1.6 22.05 3.32 45.408344 11.889992 1 0
5.37 -7.9 1.66 22.36 3.32 45.408344 11.889992 1 0
5.65 -7.72 1.95 21.97 3.32 45.408344 11.889992 1 0
5.62 -7.79 2.01 22.14 3.32 45.408344 11.889992 1 0
6.22 -8.07 1.53 21.66 3.32 45.408344 11.889992 1 0
6.06 -8.03 1.86 21.66 3.32 45.408344 11.889992 1 0
6.02 -7.66 2.03 22.11 3.32 45.408344 11.889992 1 0
