5.72 -7.62 1.57 22.05 3.71 45.408253 11.889803 1
5.94 -8.02 1.52 22.11 3.71 45.408253 11.889803 1
5.98 -7.66 1.71 22.52 3.71 45.408253 11.889803 1
5.9 -8.01 1.58 22.11 3.71 45.408253 11.889803 1
6.12 -7.67 1.89 22.0 3.71 45.408253 11.889803 1
6.0 -7.79 2.08 21.95 3.67 45.408231 11.889767 0
5.49 -8.32 1.94 22.0 3.67 45.408231 11.889767 1
5.28 -8.38 1.71 22.04 3.67 45.408231 11.889767 0
5.47 -7.68 1.7 22.0 3.67 45.408231 11.889767 1
6.01 -7.98 1.55 21.44 3.67 45.408231 11.889767 1
6.33 -7.75 1.79 21.9 3.67 45.408231 11.889767 1
5.73 -8.09 1.77 21.88 3.67 45.408231 11.889767 1
5.83 -7.41 2.04 22.83 3.67 45.408231 11.889767 1
6.05 -7.89 1.83 22.31 3.67 45.408231 11.889767 1
6.05 -7.4 1.99 22.12 3.67 45.408231 11.889767 1
5.98 -7.88 2.05 22.09 3.67 45.408231 11.889767 1
5.86 -7.77 1.8 22.05 3.67 45.408231 11.889767 1
5.93 -8.14 2.0 21.64 3.67 45.408231 11.889767 1
5.66 -7.86 1.95 22.04 3.67 45.408231 11.889767 1
6.01 -7.7 2.09 21.69 3.67 45.408231 11.889767 1
5.69 -8.01 1.82 22.11 3.67 45.408231 11.889767 1
5.99 -8.18 1.72 22.04 3.67 45.408231 11.889767 1
5.81 -7.66 1.69 22.17 3.46 45.408210 11.889736 0
6.05 -7.84 1.73 22.04 3.46 45.408210 11.889736 1
6.26 -7.88 1.52 22.04 3.46 45.408210 11.889736 1
6.05 -7.84 1.77 21.51 3.46 45.408210 11.889736 0
6.18 -7.97 1.76 21.97 3.46 45.408210 11.889736 1
6.09 -8.05 1.56 21.95 3.46 45.408210 11.889736 1
6.0 -8.06 1.97 22.09 3.46 45.408210 11.889736 1
5.89 -7.91 1.56 22.69 3.46 45.408210 11.889736 1
5.37 -7.61 1.75 22.14 3.46 45.408210 11.889736 1
5.63 -8.08 1.75 22.02 3.46 45.408210 11.889736 1
6.02 -8.0 2.2 21.59 3.46 45.408210 11.889736 1
6.22 -8.12 1.92 22.6 3.46 45.408210 11.889736 1
6.01 -7.75 2.13 22.16 3.46 45.408210 11.889736 1
