6.0 -7.33 1.8 22.05 3.23 45.408326 11.890019 1
6.05 -7.54 1.85 22.02 3.23 45.408326 11.890019 1
6.36 -7.96 1.74 22.05 3.23 45.408326 11.890019 1
5.78 -7.84 1.93 22.04 3.23 45.408326 11.890019 1
5.4 -7.98 1.7 21.9 3.23 45.408326 11.890019 1
5.9 -7.92 1.84 21.78 2.73 45.408319 11.889981 0
5.97 -8.09 1.91 21.75 2.73 45.408319 11.889981 1
5.99 -7.84 1.82 23.44 2.73 45.408319 11.889981 0
5.8 -7.94 1.77 22.36 2.73 45.408319 11.889981 1
5.6 -7.13 1.98 23.05 2.73 45.408319 11.889981 1
5.99 -7.8 1.76 21.9 2.73 45.408319 11.889981 1
6.29 -8.27 1.81 21.69 2.73 45.408319 11.889981 1
6.47 -7.95 1.88 22.16 2.73 45.408319 11.889981 1
5.72 -7.57 1.57 21.61 2.73 45.408319 11.889981 1
5.78 -7.76 1.48 22.07 2.73 45.408319 11.889981 1
5.99 -7.94 1.79 22.11 2.73 45.408319 11.889981 1
5.78 -7.59 1.52 22.21 2.73 45.408319 11.889981 1
5.64 -8.3 1.77 22.12 2.73 45.408319 11.889981 1
5.62 -7.81 1.78 21.85 2.73 45.408319 11.889981 1
5.95 -7.89 2.03 21.85 2.73 45.408319 11.889981 1
5.86 -8.56 1.76 21.59 2.73 45.408319 11.889981 1
6.09 -7.45 2.01 22.16 2.73 45.408319 11.889981 1
5.88 -7.3 2.14 21.95 2.91 45.408315 11.889941 0
5.83 -7.44 2.0 21.64 2.91 45.408315 11.889941 1
5.84 -8.29 1.87 21.83 2.91 45.408315 11.889941 0
6.32 -7.77 1.79 21.71 2.91 45.408315 11.889941 1
6.12 -7.83 1.72 21.66 2.91 45.408315 11.889941 1
5.74 -7.89 1.98 21.93 2.91 45.408315 11.889941 1
5.98 -7.91 2.02 21.69 2.91 45.408315 11.889941 1
5.8 -7.3 2.02 21.75 2.91 45.408315 11.889941 1
5.63 -8.1 1.93 21.73 2.91 45.408315 11.889941 1
6.02 -8.1 1.75 22.11 2.91 45.408315 11.889941 1
5.71 -7.92 1.35 21.92 2.91 45.408315 11.889941 1
6.13 -7.99 1.7 21.85 2.91 45.408315 11.889941 1
6.02 -8.01 1.45 21.56 2.91 45.408315 11.889941 1
