5.93 -7.5 1.82 22.21 3.0 45.408352 11.890089 1
5.86 -7.78 1.82 22.09 3.0 45.408352 11.890089 1
5.98 -8.04 1.72 21.56 3.0 45.408352 11.890089 1
6.01 -8.2 1.61 21.76 3.0 45.408352 11.890089 1
5.44 -8.23 1.69 21.54 3.0 45.408352 11.890089 1
5.53 -7.84 1.49 21.56 3.15 45.408340 11.890052 0
5.87 -7.84 1.67 21.49 3.15 45.408340 11.890052 1
5.97 -7.61 1.53 21.39 3.15 45.408340 11.890052 0
6.39 -8.43 1.53 21.64 3.15 45.408340 11.890052 1
6.02 -7.66 1.65 22.23 3.15 45.408340 11.890052 1
5.63 -7.3 1.9 22.26 3.15 45.408340 11.890052 1
5.95 -7.49 2.12 22.0 3.15 45.408340 11.890052 1
5.97 -8.08 2.08 21.69 3.15 45.408340 11.890052 1
6.02 -8.32 1.91 21.8 3.15 45.408340 11.890052 1
5.83 -8.1 2.15 21.97 3.15 45.408340 11.890052 1
5.65 -7.62 2.02 22.14 3.15 45.408340 11.890052 1
5.75 -7.69 1.93 22.16 3.15 45.408340 11.890052 1
5.43 -7.72 1.86 22.05 3.15 45.408340 11.890052 1
6.06 -7.99 2.03 22.0 3.15 45.408340 11.890052 1
5.93 -8.1 1.71 22.07 3.15 45.408340 11.890052 1
5.91 -7.57 2.07 22.16 3.15 45.408340 11.890052 1
5.75 -7.69 1.8 22.45 3.15 45.408340 11.890052 1
5.66 -7.66 1.85 21.97 3.23 45.408326 11.890019 0
6.18 -7.95 1.77 21.44 3.23 45.408326 11.890019 1
6.44 -7.83 1.65 21.85 3.23 45.408326 11.890019 0
6.11 -7.63 1.42 21.51 3.23 45.408326 11.890019 1
5.78 -8.05 1.74 21.92 3.23 45.408326 11.890019 1
5.72 -7.76 1.73 21.95 3.23 45.408326 11.890019 1
5.75 -8.02 1.53 21.97 3.23 45.408326 11.890019 1
5.91 -8.06 1.5 22.04 3.23 45.408326 11.890019 1
5.78 -7.83 1.35 22.09 3.23 45.408326 11.890019 1
5.74 -7.42 1.7 22.16 3.23 45.408326 11.890019 1
5.98 -8.07 1.86 21.97 3.23 45.408326 11.890019 1
6.23 -8.07 1.9 22.0 3.23 45.408326 11.890019 1
5.91 -7.89 1.65 22.11 3.23 45.408326 11.890019 1
