5.68 -8.36 1.83 21.69 2.83 45.406381 11.895272 1
5.63 -8.09 1.9 22.0 2.83 45.406381 11.895272 1
5.67 -7.82 1.84 22.16 2.83 45.406381 11.895272 1
5.69 -7.78 1.75 22.17 2.83 45.406381 11.895272 1
5.82 -7.84 1.71 22.54 2.83 45.406381 11.895272 1
5.89 -7.91 1.64 22.16 2.83 45.406381 11.895272 1
5.76 -8.03 1.62 22.11 2.83 45.406381 11.895272 1
5.69 -8.12 1.75 22.02 2.83 45.406381 11.895272 1
5.77 -8.03 1.82 21.97 2.83 45.406381 11.895272 1
5.71 -7.94 1.67 22.36 2.83 45.406381 11.895272 1
5.63 -7.94 1.57 22.74 2.83 45.406381 11.895272 1
5.77 -7.83 1.61 21.88 2.95 45.406377 11.895309 0
5.9 -7.68 1.64 22.78 2.95 45.406377 11.895309 1
5.78 -7.8 1.75 21.9 2.95 45.406377 11.895309 0
5.69 -8.05 1.96 21.88 2.95 45.406377 11.895309 1
5.77 -8.0 1.96 22.76 2.95 45.406377 11.895309 1
5.75 -7.77 1.7 21.92 2.95 45.406377 11.895309 1
5.64 -7.76 1.62 22.31 2.95 45.406377 11.895309 1
5.77 -7.86 1.75 21.85 2.95 45.406377 11.895309 1
5.96 -7.79 1.76 22.02 2.95 45.406377 11.895309 1
5.88 -7.75 1.69 22.43 2.95 45.406377 11.895309 1
5.66 -7.87 1.77 22.05 2.95 45.406377 11.895309 1
5.67 -7.95 1.85 21.69 2.95 45.406377 11.895309 1
5.77 -7.9 1.78 22.47 2.95 45.406377 11.895309 1
5.75 -7.91 1.66 22.52 2.95 45.406377 11.895309 1
5.71 -7.94 1.55 21.97 2.95 45.406377 11.895309 1
5.84 -7.88 1.48 21.95 2.95 45.406377 11.895309 1
5.96 -7.9 1.6 22.14 2.95 45.406377 11.895309 1
5.9 -8.09 1.82 21.9 2.95 45.406377 11.895309 1
5.87 -8.13 1.89 22.04 2.91 45.406377 11.895348 0
5.92 -7.86 1.83 23.5 2.91 45.406377 11.895348 1
5.78 -7.69 1.74 23.0 2.91 45.406377 11.895348 0
5.67 -7.9 1.64 23.79 2.91 45.406377 11.895348 1
6.06 -8.14 1.7 22.62 2.91 45.406377 11.895348 1
6.41 -8.05 2.0 22.04 2.91 45.406377 11.895348 1
