5.88 -7.8 2.13 22.35 2.91 45.406377 11.895348 1
5.04 -7.59 1.92 22.86 2.91 45.406377 11.895348 1
5.13 -7.44 1.78 22.67 2.91 45.406377 11.895348 1
5.87 -7.7 1.88 22.02 2.91 45.406377 11.895348 1
6.11 -8.43 1.8 22.59 2.91 45.406377 11.895348 1
5.76 -8.62 1.52 23.55 2.91 45.406377 11.895348 1
5.52 -7.72 1.4 22.57 2.91 45.406377 11.895348 1
5.71 -6.97 1.39 22.86 2.91 45.406377 11.895348 1
6.08 -7.43 1.36 22.81 2.91 45.406377 11.895348 1
6.08 -8.14 1.5 22.48 2.91 45.406377 11.895348 1
5.56 -8.04 1.82 21.97 2.91 45.406377 11.895348 1
5.21 -7.61 1.99 22.26 2.85 45.406370 11.895387 0
5.61 -7.61 1.86 22.19 2.85 45.406370 11.895387 1
6.08 -7.95 1.63 21.64 2.85 45.406370 11.895387 0
5.85 -8.2 1.63 21.8 2.85 45.406370 11.895387 1
5.42 -8.13 1.95 22.24 2.85 45.406370 11.895387 1
5.51 -7.77 2.3 21.45 2.85 45.406370 11.895387 1
5.82 -7.58 2.3 21.92 2.85 45.406370 11.895387 1
5.81 -7.77 2.03 22.33 2.85 45.406370 11.895387 1
5.63 -7.94 1.87 22.42 2.85 45.406370 11.895387 1
5.62 -7.84 1.97 22.02 2.85 45.406370 11.895387 1
5.69 -7.79 2.12 21.64 2.85 45.406370 11.895387 1
5.73 -7.85 2.06 22.09 2.85 45.406370 11.895387 1
5.86 -7.87 1.8 23.8 2.85 45.406370 11.895387 1
5.96 -7.92 1.62 22.11 2.85 45.406370 11.895387 1
5.83 -8.03 1.68 22.91 2.85 45.406370 11.895387 1
5.66 -7.99 1.64 22.52 2.85 45.406370 11.895387 1
5.83 -7.85 1.35 21.85 2.85 45.406370 11.895387 1
6.05 -7.83 1.22 22.36 2.85 45.406370 11.895387 1
5.91 -7.86 1.45 21.95 3.26 45.406366 11.895427 0
5.72 -7.84 1.72 21.81 3.26 45.406366 11.895427 1
5.79 -7.93 1.81 22.4 3.26 45.406366 11.895427 0
5.84 -8.03 1.81 22.35 3.26 45.406366 11.895427 1
5.76 -7.96 1.69 22.26 3.26 45.406366 11.895427 1
5.88 -8.0 1.53 21.71 3.26 45.406366 11.895427 1
