5.66 -7.8 1.86 22.07 2.75 45.408346 11.889786 1 0
5.77 -8.22 1.78 21.56 2.75 45.408346 11.889786 1 0
6.1 -7.83 1.94 21.97 2.75 45.408346 11.889786 1 0
5.75 -7.81 1.9 22.47 3.06 45.408333 11.889747 0 0
6.1 -7.68 1.95 22.12 3.06 45.408333 11.889747 1 0
5.74 -7.73 2.1 21.52 3.06 45.408333 11.889747 0 0
6.01 -7.88 1.72 22.36 3.06 45.408333 11.889747 1 0
5.67 -8.14 1.63 21.97 3.06 45.408333 11.889747 1 0
5.71 -7.93 1.72 21.97 3.06 45.408333 11.889747 1 0
5.93 -7.91 2.12 21.85 3.06 45.408333 11.889747 1 0
5.72 -7.77 1.53 22.26 3.06 45.408333 11.889747 1 0
5.96 -7.65 1.7 22.12 3.06 45.408333 11.889747 1 0
5.97 -7.91 2.04 22.07 3.06 45.408333 11.889747 1 0
5.6 -7.37 1.38 22.02 3.06 45.408333 11.889747 1 0
5.82 -8.24 1.65 21.8 3.06 45.408333 11.889747 1 0
6.16 -7.46 1.71 21.57 3.06 45.408333 11.889747 1 0
6.38 -8.08 1.94 22.07 3.06 45.408333 11.889747 1 0
5.81 -7.37 1.92 22.38 3.06 45.408333 11.889747 1 0
5.66 -7.76 1.72 21.87 3.06 45.408333 11.889747 1 0
5.86 -7.39 1.89 21.75 3.06 45.408333 11.889747 1 0
5.98 -8.38 1.81 21.71 3.11 45.408317 11.889709 0 0
6.2 -8.32 1.97 22.11 3.11 45.408317 11.889709 1 0
5.47 -8.04 1.92 22.02 3.11 45.408317 11.889709 0 0
5.39 -7.26 1.82 22.04 3.11 45.408317 11.889709 1 0
5.61 -7.82 1.47 21.95 3.11 45.408317 11.889709 1 0
6.45 -7.76 2.08 21.51 3.11 45.408317 11.889709 1 0
5.98 -8.07 1.86 21.92 3.11 45.408317 11.889709 1 0
5.99 -7.61 1.95 22.21 3.11 45.408317 11.889709 1 0
5.97 -7.78 1.94 22.23 3.11 45.408317 11.889709 1 0
5.99 -7.47 1.85 22.26 3.11 45.408317 11.889709 1 0
6.26 -8.24 1.61 22.59 3.11 45.408317 11.889709 1 0
6.01 -7.93 1.74 22.55 3.11 45.408317 11.889709 1 0
5.91 -8.06 1.87 22.59 3.11 45.408317 11.889709 1 0
5.85 -8.05 1.75 22.12 3.11 45.408317 11.889709 1 0
5.83 -7.85 2.07 21.76 3.11 45.408317 11.889709 1 0
