5.54 -8.01 1.73 22.17 3.41 45.408260 11.889551 1 0
5.42 -7.65 1.73 22.17 3.41 45.408260 11.889551 1 0
6.3 -7.45 1.42 21.87 3.41 45.408260 11.889551 1 0
6.19 -8.0 1.72 21.25 3.27 45.408251 11.889510 0 0
5.84 -8.58 1.9 21.8 3.27 45.408251 11.889510 1 0
6.27 -7.58 1.52 21.9 3.27 45.408251 11.889510 0 0
5.82 -7.28 1.85 21.9 3.27 45.408251 11.889510 1 0
5.66 -7.75 2.0 21.81 3.27 45.408251 11.889510 1 0
6.16 -8.13 1.75 21.9 3.27 45.408251 11.889510 1 0
6.01 -8.29 1.67 21.92 3.27 45.408251 11.889510 1 0
5.7 -7.95 1.6 22.21 3.27 45.408251 11.889510 1 0
5.42 -7.89 1.86 22.31 3.27 45.408251 11.889510 1 0
5.87 -7.53 1.76 22.26 3.27 45.408251 11.889510 1 0
6.09 -8.03 1.47 22.04 3.27 45.408251 11.889510 1 0
5.76 -7.95 1.72 22.16 3.27 45.408251 11.889510 1 0
6.27 -8.26 1.38 22.62 3.27 45.408251 11.889510 1 0
6.11 -7.75 1.43 22.11 3.27 45.408251 11.889510 1 0
6.06 -7.73 1.56 22.12 3.27 45.408251 11.889510 1 0
5.74 -7.98 1.83 22.05 3.27 45.408251 11.889510 1 0
5.88 -7.9 1.84 21.97 3.27 45.408251 11.889510 1 0
5.73 -8.27 1.8 21.85 3.14 45.408242 11.889473 0 0
5.83 -7.68 1.66 22.0 3.14 45.408242 11.889473 1 0
5.5 -8.09 1.43 22.0 3.14 45.408242 11.889473 0 0
5.78 -8.09 1.67 22.4 3.14 45.408242 11.889473 1 0
5.72 -8.09 2.04 21.95 3.14 45.408242 11.889473 1 0
5.95 -7.92 1.66 22.11 3.14 45.408242 11.889473 1 0
5.94 -7.72 1.67 22.09 3.14 45.408242 11.889473 1 0
5.6 -7.64 1.66 21.85 3.14 45.408242 11.889473 1 0
5.77 -8.14 1.85 21.8 3.14 45.408242 11.889473 1 0
6.08 -8.05 1.64 21.9 3.14 45.408242 11.889473 1 0
5.7 -8.3 1.76 22.0 3.14 45.408242 11.889473 1 0
5.75 -7.8 1.54 22.21 3.14 45.408242 11.889473 1 0
5.69 -7.78 1.87 22.12 3.14 45.408242 11.889473 1 0
6.06 -7.49 1.65 22.11 3.14 45.408242 11.889473 1 0
5.93 -8.14 1.83 22.05 3.14 45.408242 11.889473 1 0
