5.66 -7.75 1.76 21.87 2.89 45.406375 11.895257 1 0
5.81 -7.92 1.52 21.39 3.97 45.406366 11.895302 0 0
5.88 -8.05 1.44 21.44 3.97 45.406366 11.895302 1 0
5.82 -7.93 1.67 22.31 3.97 45.406366 11.895302 0 0
5.77 -7.77 1.94 22.29 3.97 45.406366 11.895302 1 0
5.79 -7.77 1.95 21.88 3.97 45.406366 11.895302 1 0
5.78 -7.82 1.8 22.86 3.97 45.406366 11.895302 1 0
5.72 -7.87 1.78 22.79 3.97 45.406366 11.895302 1 0
5.61 -8.05 1.84 21.52 3.97 45.406366 11.895302 1 0
5.55 -8.17 1.74 23.79 3.97 45.406366 11.895302 1 0
5.6 -8.02 1.64 22.05 3.97 45.406366 11.895302 1 0
5.69 -7.85 1.79 23.38 3.97 45.406366 11.895302 1 0
5.68 -7.93 2.03 22.0 3.97 45.406366 11.895302 1 0
5.66 -8.01 2.01 22.28 3.97 45.406366 11.895302 1 0
5.83 -7.99 1.82 21.81 3.97 45.406366 11.895302 1 0
6.02 -8.03 1.83 22.91 3.97 45.406366 11.895302 1 0
5.96 -7.91 2.0 22.4 3.97 45.406366 11.895302 1 0
5.73 -7.5 1.95 23.1 3.97 45.406366 11.895302 1 0
5.68 -7.49 1.66 22.29 3.42 45.406362 11.895350 0 0
6.03 -8.22 1.55 22.26 3.42 45.406362 11.895350 1 0
6.38 -8.74 1.66 22.86 3.42 45.406362 11.895350 0 0
6.06 -8.37 1.67 23.27 3.42 45.406362 11.895350 1 0
5.31 -7.73 1.53 23.63 3.42 45.406362 11.895350 1 0
5.3 -7.57 1.53 22.6 3.42 45.406362 11.895350 1 0
6.16 -7.97 1.66 21.9 3.42 45.406362 11.895350 1 0
6.5 -8.54 1.71 23.62 3.42 45.406362 11.895350 1 0
5.79 -8.66 1.68 22.71 3.42 45.406362 11.895350 1 0
5.27 -8.08 1.63 22.11 3.42 45.406362 11.895350 1 0
5.69 -7.59 1.63 21.97 3.42 45.406362 11.895350 1 0
6.15 -7.9 1.78 21.54 3.42 45.406362 11.895350 1 0
5.88 -8.33 1.9 24.03 3.42 45.406362 11.895350 1 0
5.35 -8.11 1.73 22.14 3.42 45.406362 11.895350 1 0
5.22 -7.79 1.5 22.96 3.42 45.406362 11.895350 1 0
5.49 -7.99 1.59 21.61 3.42 45.406362 11.895350 1 0
5.81 -8.24 1.81 22.0 3.42 45.406362 11.895350 1 0
