5.45 -7.9 2.37 23.41 3.4 45.876147 12.305662 0 0
5.79 -8.33 1.72 22.64 3.4 45.876147 12.305662 0 0
5.78 -8.36 1.27 23.41 3.4 45.876147 12.305662 0 0
5.81 -7.84 2.01 22.55 3.4 45.876147 12.305662 0 0
6.33 -7.47 2.36 22.47 3.4 45.876147 12.305662 0 0
6.11 -7.24 2.33 22.71 3.4 45.876147 12.305662 0 0
5.93 -7.51 2.63 22.72 3.4 45.876147 12.305662 0 0
5.94 -7.47 2.13 22.69 3.4 45.876147 12.305662 0 0
5.83 -7.99 2.25 22.64 3.4 45.876147 12.305662 0 0
5.89 -7.79 2.03 23.03 3.4 45.876147 12.305662 0 0
5.68 -7.76 2.14 22.71 3.4 45.876147 12.305662 0 0
5.36 -8.08 1.87 22.29 3.4 45.876147 12.305662 0 0
5.17 -7.95 1.87 22.69 3.4 45.876147 12.305662 0 0
5.86 -7.95 1.73 22.19 3.47 45.876120 12.305639 1 0
6.04 -7.76 1.95 22.57 3.47 45.876120 12.305639 0 0
6.41 -7.63 1.32 22.11 3.47 45.876120 12.305639 1 0
6.29 -7.57 1.81 23.56 3.47 45.876120 12.305639 0 0
6.11 -7.35 1.68 22.67 3.47 45.876120 12.305639 0 0
5.94 -7.97 1.94 22.67 3.47 45.876120 12.305639 0 0
6.07 -7.99 1.9 22.57 3.47 45.876120 12.305639 0 0
5.37 -8.27 1.76 22.17 3.47 45.876120 12.305639 0 0
5.43 -8.43 2.01 22.76 3.47 45.876120 12.305639 0 0
5.52 -8.26 1.9 22.76 3.47 45.876120 12.305639 0 0
5.82 -7.75 2.37 22.78 3.47 45.876120 12.305639 0 0
6.07 -7.34 2.01 22.66 3.47 45.876120 12.305639 0 0
5.72 -7.63 1.71 22.67 3.47 45.876120 12.305639 0 0
6.12 -7.8 2.16 22.71 3.47 45.876120 12.305639 0 0
5.93 -7.59 2.39 22.67 3.47 45.876120 12.305639 0 0
5.99 -7.88 2.39 22.71 3.47 45.876120 12.305639 0 0
5.96 -7.64 2.0 22.09 3.47 45.876120 12.305639 0 0
6.0 -7.73 1.98 23.05 3.83 45.876090 12.305614 1 0
5.57 -8.02 2.05 22.26 3.83 45.876090 12.305614 0 0
5.7 -7.85 1.82 22.66 3.83 45.876090 12.305614 1 0
5.82 -8.32 1.8 22.16 3.83 45.876090 12.305614 0 0
6.13 -7.67 1.66 22.6 3.83 45.876090 12.305614 0 0
