5.65 -7.95 1.7 22.54 4.26 45.876034 12.305556 0 1
6.21 -8.41 2.35 22.62 4.26 45.876034 12.305556 0 1
5.56 -7.26 2.02 22.24 4.26 45.876034 12.305556 0 1
5.67 -8.69 1.16 22.52 4.26 45.876034 12.305556 0 1
5.93 -7.38 1.36 22.52 4.26 45.876034 12.305556 0 1
5.55 -7.07 2.25 22.09 4.26 45.876034 12.305556 0 1
6.55 -7.06 2.15 22.04 4.26 45.876034 12.305556 0 1
4.05 -7.07 1.72 20.89 4.26 45.876034 12.305556 0 1
7.22 -6.98 1.64 22.19 4.26 45.876034 12.305556 0 1
6.12 -6.97 1.69 23.51 4.26 45.876034 12.305556 0 1
6.32 -8.17 1.81 24.28 3.82 45.876004 12.305527 1 1
5.81 -5.84 2.23 25.62 3.82 45.876004 12.305527 0 1
5.89 -10.87 2.32 23.31 3.82 45.876004 12.305527 1 1
3.44 -10.7 1.8 19.98 3.82 45.876004 12.305527 0 1
0.43 -7.78 1.33 19.71 3.82 45.876004 12.305527 0 1
10.07 -7.67 -1.11 21.47 3.82 45.876004 12.305527 0 1
11.78 -7.16 3.56 21.69 3.82 45.876004 12.305527 0 1
4.69 -1.8 2.44 27.22 3.82 45.876004 12.305527 0 1
1.18 -1.76 0.71 25.64 3.82 45.876004 12.305527 0 1
19.61 -18.38 0.8 26.19 3.82 45.876004 12.305527 0 1
3.77 -8.48 6.73 22.52 3.82 45.876004 12.305527 0 1
7.71 -10.0 1.5 22.91 3.82 45.876004 12.305527 0 1
4.65 -6.77 0.61 22.86 3.82 45.876004 12.305527 0 1
4.9 -8.35 1.82 23.46 3.82 45.876004 12.305527 0 1
5.2 -7.23 1.12 22.29 3.82 45.876004 12.305527 0 1
5.64 -7.94 1.89 22.67 3.82 45.876004 12.305527 0 1
5.91 -8.44 1.37 23.02 3.82 45.876004 12.305527 0 1
4.77 -8.27 0.73 22.55 4.26 45.875970 12.305499 1 1
6.53 -7.77 1.75 22.23 4.26 45.875970 12.305499 0 1
6.24 -7.12 1.83 24.32 4.26 45.875970 12.305499 1 1
5.46 -6.51 1.59 23.8 4.26 45.875970 12.305499 0 1
8.72 -7.34 1.99 22.28 4.26 45.875970 12.305499 0 1
6.43 -8.29 1.77 22.07 4.26 45.875970 12.305499 0 1
4.22 -6.44 1.37 22.04 4.26 45.875970 12.305499 0 1
5.25 -10.04 2.26 22.48 4.26 45.875970 12.305499 0 1
