5.34 -6.8 1.54 22.72 4.26 45.875970 12.305499 0 1
4.72 -7.56 2.9 22.74 4.26 45.875970 12.305499 0 1
5.36 -7.4 1.76 23.58 4.26 45.875970 12.305499 0 1
4.52 -6.75 1.49 22.4 4.26 45.875970 12.305499 0 1
8.12 -8.49 1.33 22.11 4.26 45.875970 12.305499 0 1
6.93 -7.57 2.36 22.76 4.26 45.875970 12.305499 0 1
5.73 -7.91 2.13 23.2 4.26 45.875970 12.305499 0 1
5.07 -6.64 1.92 23.32 4.26 45.875970 12.305499 0 1
7.38 -8.34 3.35 22.9 4.26 45.875970 12.305499 0 1
7.1 -8.9 1.62 22.33 4.02 45.875942 12.305465 1 1
5.73 -8.74 1.47 23.91 4.02 45.875942 12.305465 0 1
4.65 -7.84 1.98 23.6 4.02 45.875942 12.305465 1 1
5.25 -7.08 1.72 22.24 4.02 45.875942 12.305465 0 1
6.73 -8.46 1.81 28.11 4.02 45.875942 12.305465 0 1
6.52 -8.19 0.83 23.24 4.02 45.875942 12.305465 0 1
5.28 -6.92 1.7 22.76 4.02 45.875942 12.305465 0 1
6.32 -8.09 2.39 23.1 4.02 45.875942 12.305465 0 1
6.32 -7.52 1.5 23.02 4.02 45.875942 12.305465 0 1
5.6 -8.79 1.76 23.1 4.02 45.875942 12.305465 0 1
5.93 -8.25 1.84 22.91 4.02 45.875942 12.305465 0 1
6.59 -7.86 1.76 22.54 4.02 45.875942 12.305465 0 1
5.99 -8.45 1.94 23.19 4.02 45.875942 12.305465 0 1
5.25 -6.21 1.87 23.17 4.02 45.875942 12.305465 0 1
5.7 -8.79 1.34 22.69 4.02 45.875942 12.305465 0 1
5.94 -8.5 2.23 22.24 4.02 45.875942 12.305465 0 1
6.35 -7.85 1.73 22.47 4.02 45.875942 12.305465 0 1
5.92 -8.8 2.3 22.48 3.43 45.875919 12.305431 1 1
5.6 -6.85 2.5 22.86 3.43 45.875919 12.305431 0 1
6.09 -7.98 2.15 22.74 3.43 45.875919 12.305431 1 1
5.55 -7.85 2.17 23.07 3.43 45.875919 12.305431 0 1
6.28 -7.94 1.85 23.12 3.43 45.875919 12.305431 0 1
5.55 -8.26 1.87 23.41 3.43 45.875919 12.305431 0 1
5.94 -8.33 1.76 22.38 3.43 45.875919 12.305431 0 1
5.89 -7.33 2.13 22.69 3.43 45.875919 12.305431 0 1
5.42 -7.96 2.18 23.31 3.43 45.875919 12.305431 0 1
