5.52 -7.36 1.53 21.9 1.76 45.408023 11.888318 1 0
6.06 -8.1 2.1 21.8 1.76 45.408023 11.888318 0 0
5.88 -8.09 2.4 21.39 1.76 45.408023 11.888318 1 0
6.08 -7.63 1.5 21.47 1.76 45.408023 11.888318 1 0
6.13 -7.53 1.89 21.99 1.76 45.408023 11.888318 1 0
6.22 -7.34 1.94 21.47 1.76 45.408023 11.888318 1 0
6.22 -7.72 1.7 21.47 1.76 45.408023 11.888318 1 0
6.23 -7.47 1.54 21.99 1.76 45.408023 11.888318 1 0
6.36 -7.82 1.67 22.09 1.76 45.408023 11.888318 1 0
6.02 -7.63 1.75 22.11 1.76 45.408023 11.888318 1 0
6.1 -7.55 1.3 22.07 1.76 45.408023 11.888318 1 0
5.84 -8.07 1.34 22.0 1.76 45.408023 11.888318 1 0
5.79 -7.91 1.52 21.61 1.76 45.408023 11.888318 1 0
5.89 -7.96 1.92 21.66 1.76 45.408023 11.888318 1 0
5.75 -7.87 2.12 22.12 1.76 45.408023 11.888318 1 0
5.95 -7.78 1.91 21.83 1.76 45.408023 11.888318 1 0
6.0 -7.65 1.85 22.33 1.76 45.408023 11.888318 1 0
6.4 -7.63 2.03 21.87 2.48 45.408003 11.888280 0 0
6.44 -7.5 2.08 21.51 2.48 45.408003 11.888280 1 0
6.24 -7.52 1.94 21.97 2.48 45.408003 11.888280 0 0
5.91 -7.6 1.72 21.92 2.48 45.408003 11.888280 1 0
6.04 -7.69 1.6 21.42 2.48 45.408003 11.888280 1 0
5.89 -8.0 1.72 21.37 2.48 45.408003 11.888280 1 0
5.75 -7.96 1.85 21.37 2.48 45.408003 11.888280 1 0
5.55 -7.94 1.81 21.93 2.48 45.408003 11.888280 1 0
5.97 -7.84 1.57 22.07 2.48 45.408003 11.888280 1 0
5.91 -7.84 1.83 22.09 2.48 45.408003 11.888280 1 0
6.07 -7.75 1.94 22.23 2.48 45.408003 11.888280 1 0
6.1 -7.39 1.92 22.17 2.48 45.408003 11.888280 1 0
6.21 -7.61 1.98 22.12 2.48 45.408003 11.888280 1 0
6.02 -7.99 1.9 21.99 2.48 45.408003 11.888280 1 0
6.22 -7.93 1.6 22.0 2.48 45.408003 11.888280 1 0
6.22 -7.63 1.79 22.11 2.48 45.408003 11.888280 1 0
6.03 -7.72 1.7 22.05 2.48 45.408003 11.888280 1 0
6.1 -7.75 1.47 22.02 2.01 45.407996 11.888252 0 0
