5.93 -7.84 1.75 22.17 2.86 45.408068 11.888513 1 0
5.95 -8.1 1.77 22.04 2.86 45.408068 11.888513 0 0
5.86 -8.03 1.95 23.07 2.86 45.408068 11.888513 1 0
5.83 -8.23 2.09 21.95 2.86 45.408068 11.888513 1 0
5.93 -7.15 1.65 22.64 2.86 45.408068 11.888513 1 0
6.13 -7.59 1.77 21.99 2.86 45.408068 11.888513 1 0
6.08 -7.91 1.85 21.97 2.86 45.408068 11.888513 1 0
5.72 -7.34 2.1 22.5 2.86 45.408068 11.888513 1 0
6.0 -8.08 1.71 22.4 2.86 45.408068 11.888513 1 0
6.05 -7.84 1.93 22.36 2.86 45.408068 11.888513 1 0
6.01 -7.95 1.82 22.02 2.86 45.408068 11.888513 1 0
5.77 -7.86 1.78 22.26 2.86 45.408068 11.888513 1 0
5.51 -7.78 1.88 22.19 2.86 45.408068 11.888513 1 0
6.01 -7.78 1.96 22.07 2.86 45.408068 11.888513 1 0
6.1 -8.29 2.09 22.02 2.86 45.408068 11.888513 1 0
5.97 -7.89 1.85 21.92 2.86 45.408068 11.888513 1 0
6.09 -8.01 1.79 22.33 2.86 45.408068 11.888513 1 0
5.89 -7.69 2.05 22.21 1.77 45.408074 11.888487 0 0
6.01 -7.69 1.89 21.8 1.77 45.408074 11.888487 1 0
5.86 -7.89 1.7 22.33 1.77 45.408074 11.888487 0 0
6.29 -8.18 1.77 21.92 1.77 45.408074 11.888487 1 0
5.86 -7.81 2.03 21.95 1.77 45.408074 11.888487 1 0
5.86 -7.91 1.81 22.0 1.77 45.408074 11.888487 1 0
5.58 -8.08 1.78 22.0 1.77 45.408074 11.888487 1 0
5.77 -7.88 1.8 22.48 1.77 45.408074 11.888487 1 0
5.97 -7.92 1.92 22.07 1.77 45.408074 11.888487 1 0
5.98 -7.93 1.45 22.47 1.77 45.408074 11.888487 1 0
6.05 -7.72 1.73 22.45 1.77 45.408074 11.888487 1 0
6.0 -7.8 1.55 22.02 1.77 45.408074 11.888487 1 0
6.08 -7.68 1.54 21.97 1.77 45.408074 11.888487 1 0
6.74 -8.69 1.85 28.21 1.77 45.408074 11.888487 1 0
5.63 -7.21 2.32 22.17 1.77 45.408074 11.888487 1 0
6.27 -7.48 1.69 22.57 1.77 45.408074 11.888487 1 0
5.17 -8.09 2.24 22.09 1.77 45.408074 11.888487 1 0
6.4 -7.88 1.91 21.93 3.25 45.408056 11.888446 0 0
