5.72 -7.92 1.72 22.24 2.15 45.408058 11.888574 1 0
5.76 -8.03 1.66 22.02 2.15 45.408058 11.888574 0 0
5.69 -7.52 1.71 22.02 2.15 45.408058 11.888574 1 0
5.88 -7.86 1.66 22.42 2.15 45.408058 11.888574 1 0
6.38 -7.63 1.66 21.39 2.15 45.408058 11.888574 1 0
6.1 -7.74 1.9 21.95 2.15 45.408058 11.888574 1 0
5.98 -7.83 1.74 21.56 2.15 45.408058 11.888574 1 0
5.97 -7.82 1.75 22.02 2.15 45.408058 11.888574 1 0
6.02 -7.75 1.87 22.02 2.15 45.408058 11.888574 1 0
6.42 -8.01 1.53 22.09 2.15 45.408058 11.888574 1 0
5.65 -7.73 1.67 22.52 2.15 45.408058 11.888574 1 0
5.71 -7.95 1.54 22.54 2.15 45.408058 11.888574 1 0
5.68 -7.84 1.87 22.04 2.15 45.408058 11.888574 1 0
5.75 -7.9 1.94 22.02 2.15 45.408058 11.888574 1 0
6.06 -8.03 1.68 22.0 2.15 45.408058 11.888574 1 0
6.18 -7.78 1.62 21.95 2.15 45.408058 11.888574 1 0
5.99 -7.55 1.83 22.11 1.69 45.408064 11.888550 0 0
6.12 -7.46 2.13 22.0 1.69 45.408064 11.888550 1 0
6.17 -7.45 2.04 21.92 1.69 45.408064 11.888550 1 0
6.08 -8.19 1.9 22.36 1.69 45.408064 11.888550 0 0
5.99 -7.81 1.81 22.0 1.69 45.408064 11.888550 1 0
6.01 -7.85 1.66 22.43 1.69 45.408064 11.888550 1 0
5.87 -7.8 1.72 22.14 1.69 45.408064 11.888550 1 0
5.66 -7.93 1.69 22.57 1.69 45.408064 11.888550 1 0
5.43 -7.92 1.65 21.61 1.69 45.408064 11.888550 1 0
6.22 -8.04 1.84 22.02 1.69 45.408064 11.888550 1 0
5.73 -7.75 1.83 22.29 1.69 45.408064 11.888550 1 0
6.13 -7.67 1.84 22.02 1.69 45.408064 11.888550 1 0
5.92 -7.8 1.79 22.07 1.69 45.408064 11.888550 1 0
5.85 -7.57 1.86 23.29 1.69 45.408064 11.888550 1 0
5.94 -7.65 1.75 22.42 1.69 45.408064 11.888550 1 0
6.13 -7.91 1.74 22.91 1.69 45.408064 11.888550 1 0
6.13 -7.67 1.69 22.52 1.69 45.408064 11.888550 1 0
6.35 -7.6 1.44 22.35 1.69 45.408064 11.888550 1 0
5.52 -7.66 1.54 21.95 2.86 45.408068 11.888513 0 0
