5.9 -7.76 1.89 22.0 2.72 45.408035 11.888639 1 0
6.03 -7.62 1.82 21.99 2.72 45.408035 11.888639 0 0
6.1 -7.73 1.85 21.97 2.72 45.408035 11.888639 1 0
6.11 -7.94 1.68 22.36 2.72 45.408035 11.888639 1 0
6.11 -7.87 1.52 22.35 2.72 45.408035 11.888639 1 0
6.09 -7.63 1.72 22.47 2.72 45.408035 11.888639 1 0
6.06 -7.6 1.98 21.85 2.72 45.408035 11.888639 1 0
6.07 -7.78 1.94 22.07 2.72 45.408035 11.888639 1 0
6.09 -7.82 1.8 22.12 2.72 45.408035 11.888639 1 0
5.99 -7.71 1.82 22.59 2.72 45.408035 11.888639 1 0
5.83 -7.73 1.85 22.09 2.72 45.408035 11.888639 1 0
5.8 -7.95 1.81 22.42 2.72 45.408035 11.888639 1 0
5.91 -8.09 1.82 21.97 2.72 45.408035 11.888639 1 0
6.05 -7.98 1.86 21.97 2.72 45.408035 11.888639 1 0
6.16 -7.82 1.8 22.02 2.72 45.408035 11.888639 1 0
6.18 -7.7 1.74 21.9 2.72 45.408035 11.888639 1 0
6.09 -7.56 1.74 22.11 2.76 45.408043 11.888601 0 0
6.03 -7.49 1.75 21.99 2.76 45.408043 11.888601 1 0
6.18 -7.64 1.77 21.83 2.76 45.408043 11.888601 1 0
6.33 -7.79 1.83 21.85 2.76 45.408043 11.888601 0 0
6.15 -7.75 1.76 21.54 2.76 45.408043 11.888601 1 0
5.78 -7.75 1.59 22.07 2.76 45.408043 11.888601 1 0
5.61 -7.93 1.6 22.04 2.76 45.408043 11.888601 1 0
5.71 -8.06 1.74 21.99 2.76 45.408043 11.888601 1 0
5.91 -7.99 1.72 22.48 2.76 45.408043 11.888601 1 0
6.0 -7.83 1.69 21.99 2.76 45.408043 11.888601 1 0
5.92 -7.69 1.86 22.12 2.76 45.408043 11.888601 1 0
5.81 -7.64 1.97 22.17 2.76 45.408043 11.888601 1 0
5.91 -7.72 1.87 22.07 2.76 45.408043 11.888601 1 0
6.21 -7.8 1.9 22.4 2.76 45.408043 11.888601 1 0
6.37 -7.75 2.09 22.02 2.76 45.408043 11.888601 1 0
6.18 -7.63 2.05 22.48 2.76 45.408043 11.888601 1 0
5.89 -7.64 1.79 22.07 2.76 45.408043 11.888601 1 0
5.8 -7.81 1.73 22.23 2.76 45.408043 11.888601 1 0
5.83 -7.97 1.81 21.8 2.15 45.408058 11.888574 0 0
