6.4 -7.47 2.16 22.57 2.47 45.876361 12.305904 0
6.6 -7.56 2.04 22.72 2.47 45.876361 12.305904 0
6.45 -7.27 1.99 22.76 2.47 45.876361 12.305904 0
6.45 -7.68 2.1 23.14 2.47 45.876361 12.305904 0
6.21 -7.48 2.23 23.1 2.47 45.876361 12.305904 0
6.22 -7.45 2.25 22.71 2.47 45.876361 12.305904 0
6.11 -7.63 2.31 23.19 2.47 45.876361 12.305904 0
6.32 -8.03 2.51 22.72 2.47 45.876361 12.305904 0
5.66 -7.69 2.1 22.64 2.47 45.876361 12.305904 0
5.72 -7.99 1.72 22.54 2.47 45.876361 12.305904 0
5.39 -8.06 1.84 22.62 2.69 45.876344 12.305886 1
6.05 -7.96 1.64 22.93 2.69 45.876344 12.305886 0
6.23 -7.6 1.71 22.57 2.69 45.876344 12.305886 1
5.9 -7.81 2.05 22.66 2.69 45.876344 12.305886 0
5.99 -7.4 1.79 23.17 2.69 45.876344 12.305886 0
6.5 -7.59 1.95 22.91 2.69 45.876344 12.305886 0
6.23 -7.32 2.02 22.5 2.69 45.876344 12.305886 0
6.39 -7.47 1.74 23.02 2.69 45.876344 12.305886 0
6.18 -7.75 1.7 22.84 2.69 45.876344 12.305886 0
6.16 -7.2 2.02 23.68 2.69 45.876344 12.305886 0
5.93 -7.6 1.92 22.42 2.69 45.876344 12.305886 0
5.84 -8.06 2.11 23.27 2.69 45.876344 12.305886 0
5.35 -8.01 2.27 23.2 2.69 45.876344 12.305886 0
5.24 -8.26 1.91 22.74 2.69 45.876344 12.305886 0
5.73 -8.21 1.39 22.31 2.69 45.876344 12.305886 0
5.96 -7.78 1.76 22.57 2.69 45.876344 12.305886 0
6.1 -7.84 1.46 22.98 2.69 45.876344 12.305886 0
6.24 -8.01 1.33 22.64 2.74 45.876328 12.305862 1
6.32 -7.23 1.88 23.39 2.74 45.876328 12.305862 1
6.78 -7.02 1.51 22.66 2.74 45.876328 12.305862 0
6.53 -7.55 1.41 22.09 2.74 45.876328 12.305862 0
6.32 -8.12 1.29 22.62 2.74 45.876328 12.305862 0
6.1 -7.59 1.22 22.96 2.74 45.876328 12.305862 0
6.26 -7.74 1.94 22.5 2.74 45.876328 12.305862 0
6.05 -7.75 1.46 22.47 2.74 45.876328 12.305862 0
5.99 -7.71 1.58 23.14 2.74 45.876328 12.305862 0
5.9 -7.81 1.81 22.64 2.74 45.876328 12.305862 0
5.88 -7.89 2.08 23.5 2.74 45.876328 12.305862 0
6.07 -8.16 1.77 22.26 2.74 45.876328 12.305862 0
5.91 -7.46 2.04 23.24 2.74 45.876328 12.305862 0
5.94 -7.39 2.09 22.78 2.74 45.876328 12.305862 0
5.95 -7.71 1.9 22.74 2.74 45.876328 12.305862 0
6.28 -8.0 1.67 22.48 2.74 45.876328 12.305862 0
6.11 -7.75 1.68 24.34 2.71 45.876312 12.305838 1
6.04 -7.76 1.93 22.66 2.71 45.876312 12.305838 0
5.7 -7.59 1.69 23.29 2.71 45.876312 12.305838 1
6.42 -7.82 1.61 22.54 2.71 45.876312 12.305838 0
6.11 -7.94 1.83 22.91 2.71 45.876312 12.305838 0
6.15 -8.09 1.94 22.55 2.71 45.876312 12.305838 0
5.58 -8.25 1.79 22.62 2.71 45.876312 12.305838 0
5.5 -7.49 1.97 23.58 2.71 45.876312 12.305838 0
6.0 -7.62 1.97 23.12 2.71 45.876312 12.305838 0
5.81 -7.94 1.71 22.59 2.71 45.876312 12.305838 0
5.91 -7.84 2.01 22.69 2.71 45.876312 12.305838 0
5.91 -7.81 2.07 24.47 2.71 45.876312 12.305838 0
5.93 -7.35 2.01 23.05 2.71 45.876312 12.305838 0
6.01 -7.49 1.72 22.59 2.71 45.876312 12.305838 0
6.33 -8.06 1.78 23.03 2.71 45.876312 12.305838 0
6.03 -7.58 1.92 23.08 2.71 45.876312 12.305838 0
5.84 -7.82 1.98 22.91 2.71 45.876312 12.305838 0
5.83 -7.75 1.99 22.76 3.14 45.876291 12.305813 1
5.84 -7.63 1.65 23.5 3.14 45.876291 12.305813 0
5.62 -7.47 1.73 22.91 3.14 45.876291 12.305813 1
5.91 -8.08 1.73 22.62 3.14 45.876291 12.305813 0
5.93 -7.67 1.76 22.62 3.14 45.876291 12.305813 0
5.72 -8.08 2.27 22.52 3.14 45.876291 12.305813 0
5.77 -7.77 2.12 23.29 3.14 45.876291 12.305813 0
6.23 -7.75 1.56 22.55 3.14 45.876291 12.305813 0
6.48 -7.7 1.85 22.72 3.14 45.876291 12.305813 0
5.87 -7.76 1.58 22.67 3.14 45.876291 12.305813 0
5.4 -8.39 2.08 22.57 3.14 45.876291 12.305813 0
6.33 -7.81 1.75 22.52 3.14 45.876291 12.305813 0
6.37 -7.59 1.87 23.0 3.14 45.876291 12.305813 0
5.54 -7.86 1.91 23.1 3.14 45.876291 12.305813 0
5.88 -8.06 1.81 22.69 3.14 45.876291 12.305813 0
5.79 -7.84 2.04 23.07 3.14 45.876291 12.305813 0
5.73 -7.8 1.98 22.52 3.14 45.876291 12.305813 0
6.11 -8.02 2.17 22.93 2.47 45.876275 12.305789 1
6.07 -7.83 1.9 22.79 2.47 45.876275 12.305789 0
5.83 -7.69 1.76 22.54 2.47 45.876275 12.305789 1
6.01 -7.59 2.07 22.17 2.47 45.876275 12.305789 0
5.85 -7.88 1.88 22.5 2.47 45.876275 12.305789 0
5.99 -7.56 2.13 22.57 2.47 45.876275 12.305789 0
6.17 -7.8 1.82 22.59 2.47 45.876275 12.305789 0
5.89 -7.69 2.04 22.57 2.47 45.876275 12.305789 0
6.04 -7.86 1.94 22.35 2.47 45.876275 12.305789 0
5.9 -7.72 1.79 22.78 2.47 45.876275 12.305789 0
5.79 -7.76 1.75 22.78 2.47 45.876275 12.305789 0
5.94 -7.78 1.73 22.72 2.47 45.876275 12.305789 0
6.06 -8.08 1.86 22.74 2.47 45.876275 12.305789 0
6.1 -7.94 1.47 22.72 2.47 45.876275 12.305789 0
6.21 -7.76 2.01 22.31 2.47 45.876275 12.305789 0
6.1 -7.61 1.52 22.67 2.47 45.876275 12.305789 0
6.0 -7.68 2.17 22.28 2.47 45.876275 12.305789 0
5.73 -7.34 1.93 22.62 3.06 45.876255 12.305765 1
6.08 -7.79 1.92 22.07 3.06 45.876255 12.305765 0
6.09 -7.99 1.88 22.52 3.06 45.876255 12.305765 1
5.97 -7.71 2.03 22.59 3.06 45.876255 12.305765 0
5.61 -7.87 1.7 22.5 3.06 45.876255 12.305765 0
5.63 -8.11 1.58 22.5 3.06 45.876255 12.305765 0
6.17 -7.93 1.86 22.59 3.06 45.876255 12.305765 0
5.76 -7.62 2.05 22.78 3.06 45.876255 12.305765 0
5.87 -7.82 1.9 22.79 3.06 45.876255 12.305765 0
5.97 -7.59 2.2 22.24 3.06 45.876255 12.305765 0
6.37 -7.63 1.81 22.88 3.06 45.876255 12.305765 0
6.28 -7.79 2.17 22.62 3.06 45.876255 12.305765 0
5.99 -8.49 2.07 22.88 3.06 45.876255 12.305765 0
5.75 -6.99 2.14 22.47 3.06 45.876255 12.305765 0
6.11 -7.95 2.03 23.08 3.06 45.876255 12.305765 0
6.09 -8.06 1.98 22.5 3.06 45.876255 12.305765 0
5.95 -8.19 1.82 23.65 3.06 45.876255 12.305765 0
5.69 -7.69 1.73 22.59 3.18 45.876232 12.305742 1
5.66 -8.34 1.81 22.86 3.18 45.876232 12.305742 0
5.79 -7.34 1.88 22.91 3.18 45.876232 12.305742 1
5.84 -7.98 1.95 23.46 3.18 45.876232 12.305742 0
5.98 -7.33 2.05 22.52 3.18 45.876232 12.305742 0
5.92 -7.96 1.67 22.83 3.18 45.876232 12.305742 0
5.77 -7.53 1.95 22.62 3.18 45.876232 12.305742 0
6.13 -7.29 2.08 23.07 3.18 45.876232 12.305742 0
5.67 -7.27 2.22 23.92 3.18 45.876232 12.305742 0
6.22 -8.55 1.74 24.35 3.18 45.876232 12.305742 0
6.23 -7.8 1.86 26.24 3.18 45.876232 12.305742 0
5.48 -7.63 2.11 22.69 3.18 45.876232 12.305742 0
5.95 -8.12 1.7 22.84 3.18 45.876232 12.305742 0
5.92 -8.28 1.98 22.88 3.18 45.876232 12.305742 0
5.42 -8.05 2.24 22.93 3.18 45.876232 12.305742 0
6.05 -7.67 1.75 22.0 3.18 45.876232 12.305742 0
6.29 -7.95 1.78 22.29 3.18 45.876208 12.305720 1
6.11 -8.32 2.19 22.52 3.18 45.876208 12.305720 0
6.08 -7.78 2.16 26.82 3.18 45.876208 12.305720 1
6.01 -7.62 2.35 25.78 3.18 45.876208 12.305720 0
5.49 -7.39 1.91 22.43 3.18 45.876208 12.305720 0
5.72 -7.86 2.01 22.31 3.18 45.876208 12.305720 0
6.17 -8.42 1.85 22.71 3.18 45.876208 12.305720 0
6.64 -7.73 2.13 27.9 3.18 45.876208 12.305720 0
6.0 -9.38 2.39 22.23 3.18 45.876208 12.305720 0
6.09 -8.03 1.06 22.71 3.18 45.876208 12.305720 0
5.6 -7.38 1.98 23.29 3.18 45.876208 12.305720 0
6.32 -7.72 1.33 25.88 3.18 45.876208 12.305720 0
6.85 -9.21 1.33 23.39 3.18 45.876208 12.305720 0
5.48 -5.39 1.99 22.98 3.18 45.876208 12.305720 0
5.32 -8.52 1.71 23.7 3.18 45.876208 12.305720 0
6.59 -7.54 2.14 23.08 3.18 45.876208 12.305720 0
6.4 -7.82 1.84 26.55 3.18 45.876208 12.305720 0
5.62 -8.32 1.36 22.91 3.51 45.876182 12.305699 1
4.33 -6.51 1.6 23.74 3.51 45.876182 12.305699 0
6.51 -8.19 0.91 22.17 3.51 45.876182 12.305699 1
5.94 -7.6 2.06 22.23 3.51 45.876182 12.305699 0
6.25 -8.56 1.93 22.42 3.51 45.876182 12.305699 0
5.77 -7.7 1.88 23.02 3.51 45.876182 12.305699 0
5.77 -7.69 2.15 22.62 3.51 45.876182 12.305699 0
5.92 -7.75 1.87 22.88 3.51 45.876182 12.305699 0
6.15 -7.59 1.76 23.94 3.51 45.876182 12.305699 0
5.97 -7.86 1.91 22.19 3.51 45.876182 12.305699 0
5.91 -6.98 1.72 23.0 3.51 45.876182 12.305699 0
6.68 -8.01 1.8 22.67 3.51 45.876182 12.305699 0
6.27 -7.69 1.66 24.61 3.51 45.876182 12.305699 0
5.71 -7.84 2.0 23.82 3.51 45.876182 12.305699 0
5.44 -7.47 1.78 23.36 3.51 45.876182 12.305699 0
5.45 -7.53 1.76 23.8 3.51 45.876182 12.305699 0
5.86 -8.12 1.83 23.31 3.51 45.876182 12.305699 0
6.27 -8.18 1.94 23.12 3.11 45.876157 12.305679 1
5.78 -7.7 1.76 22.84 3.11 45.876157 12.305679 0
5.61 -7.42 1.51 22.64 3.11 45.876157 12.305679 1
5.96 -7.8 1.68 22.07 3.11 45.876157 12.305679 0
6.51 -8.03 1.76 22.23 3.11 45.876157 12.305679 0
6.0 -7.96 1.91 22.21 3.11 45.876157 12.305679 0
5.9 -8.16 1.95 22.19 3.11 45.876157 12.305679 0
5.65 -7.31 1.69 23.74 3.11 45.876157 12.305679 0
6.37 -7.18 1.81 23.8 3.11 45.876157 12.305679 0
5.88 -7.88 1.87 22.72 3.11 45.876157 12.305679 0
6.09 -7.65 1.54 23.34 3.11 45.876157 12.305679 0
5.9 -7.41 2.02 22.93 3.11 45.876157 12.305679 0
5.86 -7.3 1.5 22.64 3.11 45.876157 12.305679 0
5.93 -8.82 2.27 22.74 3.11 45.876157 12.305679 0
5.58 -6.43 2.86 48.89 3.11 45.876157 12.305679 0
5.97 -8.06 1.88 22.12 3.11 45.876157 12.305679 0
6.19 -7.88 2.19 22.5 3.11 45.876157 12.305679 0
6.85 -8.52 2.37 22.78 2.31 45.876139 12.305671 1
5.91 -7.49 1.88 22.96 2.31 45.876139 12.305671 0
5.79 -7.48 2.22 23.17 2.31 45.876139 12.305671 1
5.98 -7.83 2.36 23.08 2.31 45.876139 12.305671 0
5.57 -7.74 2.07 22.86 2.31 45.876139 12.305671 0
5.97 -8.47 1.88 22.54 2.31 45.876139 12.305671 0
6.41 -7.77 1.65 23.53 2.31 45.876139 12.305671 0
5.89 -7.25 2.09 22.17 2.31 45.876139 12.305671 0
6.05 -8.16 2.1 23.14 2.31 45.876139 12.305671 0
6.02 -8.27 1.91 22.67 2.31 45.876139 12.305671 0
5.91 -7.89 1.59 23.0 2.31 45.876139 12.305671 0
6.14 -7.29 1.54 23.08 2.31 45.876139 12.305671 0
6.53 -7.14 1.32 23.08 2.31 45.876139 12.305671 0
6.33 -7.47 1.8 23.94 2.31 45.876139 12.305671 0
5.84 -7.93 1.87 22.19 2.31 45.876139 12.305671 0
5.46 -7.61 1.91 23.44 2.31 45.876139 12.305671 0
5.34 -8.05 1.94 22.96 3.17 45.876114 12.305658 1
5.33 -7.92 2.04 22.57 3.17 45.876114 12.305658 0
6.03 -7.81 1.86 24.88 3.17 45.876114 12.305658 1
6.17 -7.81 1.78 23.0 3.17 45.876114 12.305658 0
6.15 -7.25 2.11 22.57 3.17 45.876114 12.305658 0
6.37 -7.14 1.74 22.66 3.17 45.876114 12.305658 0
6.36 -7.13 1.83 23.12 3.17 45.876114 12.305658 0
5.98 -7.55 2.13 22.55 3.17 45.876114 12.305658 0
6.41 -7.95 2.19 22.57 3.17 45.876114 12.305658 0
5.95 -7.84 2.86 22.26 3.17 45.876114 12.305658 0
5.5 -7.74 2.2 23.58 3.17 45.876114 12.305658 0
5.35 -7.78 2.55 22.72 3.17 45.876114 12.305658 0
5.59 -8.26 1.94 22.26 3.17 45.876114 12.305658 0
6.04 -7.87 1.79 22.72 3.17 45.876114 12.305658 0
5.92 -7.58 1.68 22.71 3.17 45.876114 12.305658 0
6.6 -7.07 1.87 22.79 3.17 45.876114 12.305658 0
6.44 -7.04 2.07 22.11 3.17 45.876114 12.305658 0
6.46 -7.62 2.02 22.66 3.47 45.876086 12.305637 1
6.33 -7.24 1.98 22.09 3.47 45.876086 12.305637 0
6.47 -8.09 2.45 22.64 3.47 45.876086 12.305637 1
6.03 -7.6 2.06 23.03 3.47 45.876086 12.305637 0
5.89 -7.92 1.94 22.07 3.47 45.876086 12.305637 0
6.04 -7.7 1.68 24.94 3.47 45.876086 12.305637 0
5.47 -7.38 1.53 22.67 3.47 45.876086 12.305637 0
5.79 -7.79 1.69 22.84 3.47 45.876086 12.305637 0
6.1 -7.82 1.6 22.72 3.47 45.876086 12.305637 0
5.72 -7.94 2.14 22.31 3.47 45.876086 12.305637 0
5.94 -7.46 2.25 22.72 3.47 45.876086 12.305637 0
6.18 -7.72 2.43 22.24 3.47 45.876086 12.305637 0
6.1 -7.81 2.08 22.74 3.47 45.876086 12.305637 0
6.09 -7.67 1.97 22.74 3.47 45.876086 12.305637 0
5.9 -7.74 2.01 22.78 3.47 45.876086 12.305637 0
5.96 -8.03 2.21 22.31 3.47 45.876086 12.305637 0
5.6 -7.8 2.04 22.88 3.47 45.876086 12.305637 0
5.54 -7.9 1.98 22.57 3.53 45.876058 12.305617 1
5.82 -7.86 1.66 22.54 3.53 45.876058 12.305617 0
5.76 -7.76 1.71 22.5 3.53 45.876058 12.305617 1
6.3 -7.39 1.65 22.59 3.53 45.876058 12.305617 0
6.18 -7.7 1.66 22.17 3.53 45.876058 12.305617 0
5.72 -7.67 2.27 22.6 3.53 45.876058 12.305617 0
6.01 -7.68 1.98 22.42 3.53 45.876058 12.305617 0
6.4 -7.78 1.5 22.11 3.53 45.876058 12.305617 0
6.15 -7.79 1.75 22.64 3.53 45.876058 12.305617 0
5.66 -7.7 1.87 22.74 3.53 45.876058 12.305617 0
5.63 -7.75 2.2 22.26 3.53 45.876058 12.305617 0
5.47 -8.38 1.91 22.72 3.53 45.876058 12.305617 0
5.31 -8.2 1.72 22.36 3.53 45.876058 12.305617 0
6.14 -8.33 1.7 22.35 3.53 45.876058 12.305617 0
6.13 -7.51 1.85 22.78 3.53 45.876058 12.305617 0
6.13 -7.64 1.7 22.78 3.53 45.876058 12.305617 0
5.85 -7.91 1.92 22.16 3.53 45.876058 12.305617 0
5.93 -7.69 2.24 22.59 3.62 45.876029 12.305595 1
5.99 -7.85 2.1 22.16 3.62 45.876029 12.305595 0
5.82 -7.83 1.99 22.0 3.62 45.876029 12.305595 1
6.0 -8.02 1.98 22.12 3.62 45.876029 12.305595 0
5.53 -7.86 1.87 22.21 3.62 45.876029 12.305595 0
5.49 -8.15 1.89 22.66 3.62 45.876029 12.305595 0
5.67 -7.71 1.84 22.57 3.62 45.876029 12.305595 0
5.86 -7.76 2.05 22.19 3.62 45.876029 12.305595 0
5.8 -7.84 1.97 22.31 3.62 45.876029 12.305595 0
5.87 -7.91 1.95 22.69 3.62 45.876029 12.305595 0
5.91 -7.69 1.78 22.62 3.62 45.876029 12.305595 0
6.13 -7.41 2.09 22.69 3.62 45.876029 12.305595 0
6.24 -7.85 1.98 22.26 3.62 45.876029 12.305595 0
5.68 -7.93 2.03 23.19 3.62 45.876029 12.305595 0
5.82 -7.93 1.76 22.79 3.62 45.876029 12.305595 0
5.73 -8.2 1.87 23.14 3.62 45.876029 12.305595 0
5.68 -7.72 1.67 22.59 3.62 45.876029 12.305595 0
5.85 -7.86 2.07 22.54 3.46 45.876002 12.305571 1
6.33 -7.88 1.82 23.41 3.46 45.876002 12.305571 0
6.73 -7.49 1.81 22.69 3.46 45.876002 12.305571 1
6.62 -7.49 1.89 22.36 3.46 45.876002 12.305571 0
6.38 -7.75 2.23 23.24 3.46 45.876002 12.305571 0
6.22 -7.75 2.3 22.67 3.46 45.876002 12.305571 0
5.81 -7.29 2.26 22.05 3.46 45.876002 12.305571 0
6.27 -8.31 2.43 22.81 3.46 45.876002 12.305571 0
5.68 -7.43 2.33 22.31 3.46 45.876002 12.305571 0
5.39 -7.9 2.2 23.19 3.46 45.876002 12.305571 0
6.05 -8.2 2.45 22.67 3.46 45.876002 12.305571 0
6.48 -7.56 2.02 22.67 3.46 45.876002 12.305571 0
5.42 -7.99 1.85 23.03 3.46 45.876002 12.305571 0
5.58 -7.7 1.6 22.23 3.46 45.876002 12.305571 0
6.11 -7.29 1.33 22.28 3.46 45.876002 12.305571 0
4.53 -7.86 1.77 21.8 3.46 45.876002 12.305571 0
5.98 -7.75 2.09 21.45 3.62 45.875972 12.305549 1
6.74 -8.23 1.82 21.59 3.62 45.875972 12.305549 0
8.38 -7.67 2.12 22.24 3.62 45.875972 12.305549 1
7.12 -6.8 2.17 23.43 3.62 45.875972 12.305549 0
6.59 -6.5 2.24 24.35 3.62 45.875972 12.305549 0
7.03 -4.96 2.79 25.86 3.62 45.875972 12.305549 0
3.34 -11.32 2.26 23.92 3.62 45.875972 12.305549 0
4.42 -11.51 1.67 22.33 3.62 45.875972 12.305549 0
5.13 -8.55 1.67 22.62 3.62 45.875972 12.305549 0
2.84 -6.63 1.57 19.23 3.62 45.875972 12.305549 0
11.17 -11.36 1.21 19.23 3.62 45.875972 12.305549 0
9.45 -9.99 2.44 20.97 3.62 45.875972 12.305549 0
8.34 -4.46 2.18 25.97 3.62 45.875972 12.305549 0
4.8 -4.18 0.79 27.06 3.62 45.875972 12.305549 0
1.13 0.05 1.93 25.72 3.62 45.875972 12.305549 0
14.29 -13.64 5.52 23.58 3.62 45.875972 12.305549 0
5.79 -12.13 1.62 22.98 3.62 45.875972 12.305549 0
4.15 -10.17 2.72 22.76 3.37 45.875945 12.305527 1
4.16 -6.55 1.16 23.55 3.37 45.875945 12.305527 0
4.99 -8.49 2.06 22.35 3.37 45.875945 12.305527 1
6.91 -7.25 1.97 21.64 3.37 45.875945 12.305527 0
7.18 -8.01 1.7 23.48 3.37 45.875945 12.305527 0
5.09 -8.08 1.99 22.72 3.37 45.875945 12.305527 0
5.55 -6.87 1.94 23.27 3.37 45.875945 12.305527 0
5.77 -7.97 1.73 22.69 3.37 45.875945 12.305527 0
6.02 -8.54 1.57 22.67 3.37 45.875945 12.305527 0
5.12 -8.19 2.02 23.74 3.37 45.875945 12.305527 0
5.16 -7.44 1.93 22.47 3.37 45.875945 12.305527 0
5.75 -7.53 2.03 23.6 3.37 45.875945 12.305527 0
5.99 -7.86 1.91 24.2 3.37 45.875945 12.305527 0
5.61 -7.86 2.2 25.24 3.37 45.875945 12.305527 0
5.53 -7.89 2.22 25.3 3.37 45.875945 12.305527 0
5.29 -6.71 2.26 23.68 3.37 45.875945 12.305527 0
6.36 -7.48 2.48 22.6 3.37 45.875945 12.305527 0
6.03 -7.81 2.16 22.24 3.58 45.875917 12.305500 1
6.75 -8.21 1.84 22.45 3.58 45.875917 12.305500 0
5.67 -7.83 2.01 23.65 3.58 45.875917 12.305500 1
5.33 -6.92 1.87 23.56 3.58 45.875917 12.305500 0
5.59 -7.64 1.75 25.69 3.58 45.875917 12.305500 0
6.01 -7.66 1.86 22.62 3.58 45.875917 12.305500 0
6.27 -8.4 1.63 22.55 3.58 45.875917 12.305500 0
5.97 -7.66 1.95 23.1 3.58 45.875917 12.305500 0
6.01 -7.41 2.01 22.91 3.58 45.875917 12.305500 0
6.0 -7.21 2.04 23.12 3.58 45.875917 12.305500 0
5.63 -7.37 2.05 24.44 3.58 45.875917 12.305500 0
6.01 -7.54 1.77 22.76 3.58 45.875917 12.305500 0
5.67 -7.09 1.7 22.07 3.58 45.875917 12.305500 0
6.02 -8.4 2.05 22.59 3.58 45.875917 12.305500 0
5.51 -7.91 2.02 23.08 3.58 45.875917 12.305500 0
5.47 -8.12 2.12 22.86 3.58 45.875917 12.305500 0
5.55 -8.0 1.8 22.6 3.58 45.875917 12.305500 0
5.47 -7.79 1.7 22.54 3.34 45.875892 12.305473 1
6.04 -8.63 1.66 22.54 3.34 45.875892 12.305473 0
6.26 -7.95 1.84 22.86 3.34 45.875892 12.305473 1
5.81 -8.31 1.99 22.81 3.34 45.875892 12.305473 0
5.99 -7.86 2.11 23.15 3.34 45.875892 12.305473 0
5.68 -7.05 1.57 23.08 3.34 45.875892 12.305473 0
6.11 -7.86 1.93 22.81 3.34 45.875892 12.305473 0
7.09 -8.35 1.4 22.47 3.34 45.875892 12.305473 0
5.98 -8.03 2.2 23.87 3.34 45.875892 12.305473 0
5.55 -7.55 1.81 23.34 3.34 45.875892 12.305473 0
5.18 -7.15 1.94 23.07 3.34 45.875892 12.305473 0
6.06 -7.47 2.01 21.73 3.34 45.875892 12.305473 0
6.51 -9.64 1.77 22.12 3.34 45.875892 12.305473 0
5.94 -7.87 1.66 22.47 3.34 45.875892 12.305473 0
5.21 -7.34 1.93 22.64 3.34 45.875892 12.305473 0
5.39 -7.29 2.51 22.59 3.34 45.875892 12.305473 0
6.06 -7.65 2.07 22.5 3.34 45.875892 12.305473 0
5.77 -7.97 1.53 22.14 3.34 45.875869 12.305443 1
5.32 -8.02 1.79 22.36 3.34 45.875869 12.305443 0
5.85 -7.79 1.96 21.75 3.34 45.875869 12.305443 1
6.27 -8.15 1.87 24.59 3.34 45.875869 12.305443 0
