6.95 -6.96 1.77 21.4 1.53 45.395918 11.875920 0
7.21 -6.65 1.87 21.42 1.53 45.395930 11.875929 1
7.31 -6.58 1.94 21.97 1.53 45.395930 11.875929 0
7.58 -6.49 1.89 21.57 1.53 45.395930 11.875929 1
7.78 -6.4 1.93 21.39 1.53 45.395930 11.875929 0
7.3 -6.59 1.69 21.47 1.53 45.395930 11.875929 0
6.81 -7.07 1.67 21.33 1.53 45.395930 11.875929 0
6.49 -7.56 1.96 21.37 1.53 45.395930 11.875929 0
6.06 -7.59 2.26 21.45 1.53 45.395930 11.875929 0
6.04 -7.83 1.73 21.49 1.53 45.395930 11.875929 0
6.42 -7.27 1.83 21.99 1.53 45.395930 11.875929 0
6.31 -7.71 1.35 21.93 1.53 45.395930 11.875929 0
6.01 -7.55 1.16 21.88 1.53 45.395930 11.875929 0
6.24 -7.9 1.49 21.49 1.53 45.395930 11.875929 0
5.6 -8.64 1.18 21.85 1.53 45.395930 11.875929 0
5.55 -7.97 1.24 21.95 1.53 45.395930 11.875929 0
6.19 -7.46 1.94 21.52 1.53 45.395930 11.875929 0
6.77 -7.38 1.62 21.83 1.53 45.395930 11.875929 0
6.59 -7.62 1.56 21.42 1.53 45.395930 11.875929 0
6.33 -7.76 1.75 21.87 1.9 45.395940 11.875946 1
6.46 -7.61 1.78 21.47 1.9 45.395940 11.875946 0
6.61 -7.26 2.08 22.04 1.9 45.395940 11.875946 1
6.05 -7.8 2.03 21.52 1.9 45.395940 11.875946 0
6.32 -7.74 0.72 21.52 1.9 45.395940 11.875946 0
6.56 -7.83 1.29 21.85 1.9 45.395940 11.875946 0
6.17 -7.37 1.31 21.37 1.9 45.395940 11.875946 0
6.46 -8.23 1.04 21.85 1.9 45.395940 11.875946 0
5.5 -7.16 1.15 21.95 1.9 45.395940 11.875946 0
1.47 -6.63 1.83 22.19 1.9 45.395940 11.875946 0
8.95 -11.18 2.89 19.91 1.9 45.395940 11.875946 0
7.49 -10.1 2.46 19.55 1.9 45.395940 11.875946 0
6.53 -6.96 2.55 23.56 1.9 45.395940 11.875946 0
8.06 -7.88 1.5 28.19 1.9 45.395940 11.875946 0
4.84 -5.34 2.2 932.51 1.9 45.395940 11.875946 0
7.94 -4.97 -3.0 22.07 1.9 45.395940 11.875946 0
