5.95 -8.98 0.26 24.58 3.04 45.396084 11.876058 0
4.59 -3.86 0.79 24.08 3.04 45.396084 11.876058 1
9.09 -10.34 2.84 22.9 3.04 45.396084 11.876058 0
7.41 -7.29 1.15 25.81 3.04 45.396084 11.876058 0
6.45 -6.31 0.93 26.57 3.04 45.396084 11.876058 0
6.78 -8.61 1.49 22.95 3.04 45.396084 11.876058 0
3.82 -7.98 1.21 23.32 3.04 45.396084 11.876058 0
5.47 -8.72 -0.36 24.42 3.04 45.396084 11.876058 0
6.23 -8.82 2.17 22.9 3.04 45.396084 11.876058 0
3.94 -6.56 1.8 23.26 3.04 45.396084 11.876058 0
6.19 -7.28 1.75 30.08 3.04 45.396084 11.876058 0
4.82 -6.6 1.06 26.29 3.04 45.396084 11.876058 0
7.13 -7.83 1.18 26.93 3.04 45.396084 11.876058 0
7.77 -8.94 2.0 26.15 3.04 45.396084 11.876058 0
5.4 -5.17 0.28 23.32 3.04 45.396084 11.876058 0
5.64 -8.1 0.22 24.44 3.04 45.396084 11.876058 0
7.43 -9.93 2.17 23.1 3.48 45.396110 11.876081 1
6.05 -7.5 0.28 23.1 3.48 45.396110 11.876081 0
5.24 -7.49 2.94 23.12 3.48 45.396110 11.876081 1
6.33 -6.1 0.22 24.78 3.48 45.396110 11.876081 0
4.37 -6.85 3.01 24.73 3.48 45.396110 11.876081 0
6.29 -9.57 1.43 22.45 3.48 45.396110 11.876081 0
2.66 -7.08 2.76 23.56 3.48 45.396110 11.876081 0
7.37 -7.95 3.67 24.97 3.48 45.396110 11.876081 0
6.17 -7.43 4.55 24.13 3.48 45.396110 11.876081 0
12.04 -10.19 0.62 23.17 3.48 45.396110 11.876081 0
4.64 -6.49 3.66 23.15 3.48 45.396110 11.876081 0
7.54 -9.27 0.75 25.11 3.48 45.396110 11.876081 0
4.6 -8.9 1.85 25.47 3.48 45.396110 11.876081 0
6.04 -8.24 0.15 22.26 3.48 45.396110 11.876081 0
3.53 -7.72 0.7 26.21 3.48 45.396110 11.876081 0
8.64 -11.72 -0.08 23.65 3.48 45.396110 11.876081 0
3.36 -7.22 2.77 25.19 3.48 45.396110 11.876081 0
