6.01 -7.7 1.85 22.74 2.11 45.407760 11.899323 1 0
6.26 -7.8 1.69 21.9 2.11 45.407760 11.899323 1 0
6.33 -7.69 1.62 22.31 2.11 45.407760 11.899323 1 0
6.24 -7.53 1.66 22.26 2.11 45.407760 11.899323 1 0
6.2 -7.47 1.59 21.85 2.11 45.407760 11.899323 1 0
6.15 -7.51 1.48 21.75 2.94 45.407767 11.899353 0 0
6.04 -7.67 1.53 22.16 2.94 45.407767 11.899353 1 0
6.03 -7.83 1.6 22.17 2.94 45.407767 11.899353 0 0
6.04 -7.81 1.6 21.9 2.94 45.407767 11.899353 1 0
5.78 -7.76 1.81 22.31 2.94 45.407767 11.899353 1 0
5.56 -7.92 2.17 21.8 2.94 45.407767 11.899353 1 0
5.82 -8.1 2.17 21.87 2.94 45.407767 11.899353 1 0
6.25 -7.98 1.85 22.0 2.94 45.407767 11.899353 1 0
6.28 -7.69 1.8 21.92 2.94 45.407767 11.899353 1 0
6.12 -7.52 2.03 22.02 2.94 45.407767 11.899353 1 0
6.16 -7.52 1.98 22.42 2.94 45.407767 11.899353 1 0
6.24 -7.65 1.76 21.92 2.94 45.407767 11.899353 1 0
6.14 -7.81 1.87 21.92 2.94 45.407767 11.899353 1 0
6.04 -7.84 2.13 22.31 2.94 45.407767 11.899353 1 0
5.92 -7.74 2.1 21.97 2.94 45.407767 11.899353 1 0
5.68 -7.71 1.97 22.43 2.94 45.407767 11.899353 1 0
5.58 -7.84 1.97 22.31 2.94 45.407767 11.899353 1 0
5.81 -7.99 1.97 22.54 2.22 45.407778 11.899375 0 0
5.99 -7.97 1.88 21.85 2.22 45.407778 11.899375 1 0
5.92 -7.76 1.84 22.26 2.22 45.407778 11.899375 0 0
5.91 -7.61 1.85 22.26 2.22 45.407778 11.899375 1 0
6.07 -7.7 1.86 22.26 2.22 45.407778 11.899375 1 0
6.1 -7.79 1.87 22.31 2.22 45.407778 11.899375 1 0
6.05 -7.66 1.82 21.85 2.22 45.407778 11.899375 1 0
6.14 -7.55 1.73 21.85 2.22 45.407778 11.899375 1 0
6.15 -7.72 1.8 22.36 2.22 45.407778 11.899375 1 0
5.84 -7.96 1.93 21.95 2.22 45.407778 11.899375 1 0
5.61 -8.01 1.74 22.78 2.22 45.407778 11.899375 1 0
5.76 -8.01 1.46 21.97 2.22 45.407778 11.899375 1 0
5.91 -8.07 1.58 21.93 2.22 45.407778 11.899375 1 0
