5.84 -7.97 1.85 22.0 2.22 45.407778 11.899375 1 0
5.9 -7.7 1.85 23.29 2.22 45.407778 11.899375 1 0
6.16 -7.58 1.78 21.95 2.22 45.407778 11.899375 1 0
6.25 -7.69 1.88 21.64 2.22 45.407778 11.899375 1 0
6.17 -7.74 1.93 22.12 2.71 45.407786 11.899408 0 0
6.14 -7.66 1.93 21.69 2.71 45.407786 11.899408 1 0
6.1 -7.66 2.09 21.85 2.71 45.407786 11.899408 1 0
6.03 -7.71 2.23 22.76 2.71 45.407786 11.899408 0 0
6.04 -7.66 2.15 21.95 2.71 45.407786 11.899408 1 0
5.98 -7.69 2.12 22.72 2.71 45.407786 11.899408 1 0
5.73 -7.9 2.09 22.36 2.71 45.407786 11.899408 1 0
5.62 -8.06 1.78 22.31 2.71 45.407786 11.899408 1 0
5.78 -8.02 1.49 22.36 2.71 45.407786 11.899408 1 0
5.99 -7.84 1.7 22.23 2.71 45.407786 11.899408 1 0
6.17 -7.59 2.01 22.28 2.71 45.407786 11.899408 1 0
6.32 -7.51 1.96 22.24 2.71 45.407786 11.899408 1 0
6.15 -7.7 1.93 23.22 2.71 45.407786 11.899408 1 0
5.79 -7.8 2.07 22.36 2.71 45.407786 11.899408 1 0
5.81 -7.64 1.93 22.78 2.71 45.407786 11.899408 1 0
6.07 -7.69 1.6 22.29 2.71 45.407786 11.899408 1 0
6.08 -7.87 1.61 21.85 2.71 45.407786 11.899408 1 0
5.96 -7.66 1.68 22.16 2.71 45.407786 11.899408 1 0
5.91 -7.6 1.44 22.12 3.17 45.407795 11.899448 0 0
5.77 -8.13 1.46 22.23 3.17 45.407795 11.899448 1 0
5.64 -8.22 2.08 21.8 3.17 45.407795 11.899448 0 0
5.78 -7.46 2.44 21.8 3.17 45.407795 11.899448 1 0
6.05 -7.32 2.05 21.71 3.17 45.407795 11.899448 1 0
6.32 -8.05 1.69 22.17 3.17 45.407795 11.899448 1 0
6.47 -8.23 1.83 21.92 3.17 45.407795 11.899448 1 0
6.1 -7.78 1.93 22.38 3.17 45.407795 11.899448 1 0
5.47 -7.57 1.78 22.21 3.17 45.407795 11.899448 1 0
5.65 -7.45 1.87 23.14 3.17 45.407795 11.899448 1 0
6.44 -7.51 2.2 21.73 3.17 45.407795 11.899448 1 0
6.29 -8.18 2.21 21.97 3.17 45.407795 11.899448 1 0
5.23 -8.36 1.9 22.17 3.17 45.407795 11.899448 1 0
