5.73 -7.42 1.76 23.02 3.78 45.868283 12.307000 1 1
5.52 -7.04 2.06 24.44 3.78 45.868283 12.307000 0 1
5.51 -7.36 1.54 36.68 3.78 45.868283 12.307000 1 1
6.05 -8.17 1.86 22.5 3.78 45.868283 12.307000 0 1
5.08 -7.91 1.57 22.78 3.78 45.868283 12.307000 0 1
6.38 -9.93 1.4 22.04 3.78 45.868283 12.307000 0 1
6.0 -7.52 2.24 26.1 3.78 45.868283 12.307000 0 1
5.67 -7.25 2.06 26.94 3.78 45.868283 12.307000 0 1
5.43 -7.17 1.75 24.64 3.78 45.868283 12.307000 0 1
5.36 -4.96 1.35 353.84 3.78 45.868283 12.307000 0 1
6.4 -10.11 1.75 5.73 3.78 45.868283 12.307000 0 1
5.67 -9.02 0.45 23.08 3.78 45.868283 12.307000 0 1
5.8 -6.75 2.45 23.41 3.78 45.868283 12.307000 0 1
4.6 -7.65 1.81 25.48 3.71 45.868250 12.307011 1 1
7.66 -10.03 0.94 22.71 3.71 45.868250 12.307011 0 1
7.51 -9.41 2.08 22.35 3.71 45.868250 12.307011 1 1
5.68 -6.92 2.49 22.86 3.71 45.868250 12.307011 0 1
5.14 -6.49 3.32 23.22 3.71 45.868250 12.307011 0 1
6.17 -6.84 1.17 23.05 3.71 45.868250 12.307011 0 1
6.72 -7.09 1.71 22.72 3.71 45.868250 12.307011 0 1
6.0 -7.74 1.72 23.63 3.71 45.868250 12.307011 0 1
4.22 -7.49 1.91 23.15 3.71 45.868250 12.307011 0 1
5.03 -7.21 0.45 22.54 3.71 45.868250 12.307011 0 1
5.18 -8.54 1.6 22.71 3.71 45.868250 12.307011 0 1
6.0 -7.38 2.3 28.02 3.71 45.868250 12.307011 0 1
5.93 -7.98 2.49 23.84 3.71 45.868250 12.307011 0 1
5.43 -8.39 1.81 25.16 3.71 45.868250 12.307011 0 1
6.53 -8.68 2.01 300.42 3.52 45.868218 12.307021 1 1
6.28 -9.96 1.48 5.73 3.52 45.868218 12.307021 0 1
3.62 -8.22 2.0 23.87 3.52 45.868218 12.307021 1 1
5.42 -7.91 1.85 23.48 3.52 45.868218 12.307021 0 1
6.19 -6.84 1.67 23.67 3.52 45.868218 12.307021 0 1
5.44 -9.33 1.59 23.38 3.52 45.868218 12.307021 0 1
5.4 -8.96 1.5 25.02 3.52 45.868218 12.307021 0 1
7.47 -7.38 1.98 23.12 3.52 45.868218 12.307021 0 1
