5.87 -7.53 1.84 22.55 3.6 45.868380 12.306964 0 0
6.13 -8.0 2.46 23.39 3.62 45.868349 12.306974 1 0
6.35 -8.49 2.24 23.05 3.62 45.868349 12.306974 0 0
5.86 -7.98 2.42 23.12 3.62 45.868349 12.306974 1 0
5.65 -7.65 2.16 23.03 3.62 45.868349 12.306974 0 0
5.53 -8.2 2.03 22.47 3.62 45.868349 12.306974 0 0
5.78 -8.15 2.26 23.58 3.62 45.868349 12.306974 0 0
5.38 -7.75 2.12 24.82 3.62 45.868349 12.306974 0 0
5.25 -8.15 1.9 23.68 3.62 45.868349 12.306974 0 0
6.02 -7.85 1.66 22.71 3.62 45.868349 12.306974 0 0
6.82 -8.13 1.41 24.75 3.62 45.868349 12.306974 0 0
6.24 -7.76 1.74 23.65 3.62 45.868349 12.306974 0 0
5.93 -7.65 1.82 23.31 3.62 45.868349 12.306974 0 0
6.1 -7.72 2.03 23.24 3.62 45.868349 12.306974 0 0
5.98 -7.56 1.96 23.19 3.62 45.868349 12.306974 0 0
6.29 -7.99 1.95 25.67 3.62 45.868349 12.306974 0 0
5.93 -7.69 1.91 24.9 3.62 45.868349 12.306974 0 0
5.38 -7.64 1.75 22.57 3.62 45.868349 12.306974 0 0
5.56 -7.97 1.47 23.07 3.68 45.868316 12.306985 1 0
5.61 -7.6 1.84 23.5 3.68 45.868316 12.306985 0 0
6.02 -7.59 1.91 22.28 3.68 45.868316 12.306985 1 0
5.64 -7.41 2.2 22.71 3.68 45.868316 12.306985 0 0
5.91 -7.93 2.22 22.67 3.68 45.868316 12.306985 0 0
6.08 -7.64 2.17 22.67 3.68 45.868316 12.306985 0 0
6.25 -7.95 2.42 23.58 3.68 45.868316 12.306985 0 0
6.14 -7.38 1.66 22.79 3.68 45.868316 12.306985 0 0
5.81 -7.2 2.15 22.86 3.68 45.868316 12.306985 0 0
5.92 -8.16 2.15 23.22 3.68 45.868316 12.306985 0 0
5.48 -7.79 1.66 22.79 3.68 45.868316 12.306985 0 0
6.1 -8.21 1.8 22.47 3.68 45.868316 12.306985 0 0
5.5 -7.63 2.09 23.15 3.68 45.868316 12.306985 0 0
5.28 -7.38 2.02 23.17 3.68 45.868316 12.306985 0 0
5.76 -7.76 1.41 22.71 3.68 45.868316 12.306985 0 0
6.41 -8.32 1.78 22.45 3.68 45.868316 12.306985 0 0
6.25 -8.5 2.0 22.69 3.68 45.868316 12.306985 0 0
