5.6 -7.89 1.96 22.81 3.57 45.868444 12.306942 0 0
5.73 -7.88 1.64 22.71 3.57 45.868444 12.306942 0 0
5.84 -7.38 2.09 23.19 3.57 45.868444 12.306942 0 0
6.38 -7.84 2.05 22.62 3.6 45.868412 12.306952 1 0
6.23 -7.57 1.74 23.03 3.6 45.868412 12.306952 0 0
6.05 -7.63 1.75 22.67 3.6 45.868412 12.306952 1 0
6.13 -7.43 1.79 23.02 3.6 45.868412 12.306952 0 0
6.2 -7.69 1.7 23.22 3.6 45.868412 12.306952 0 0
5.89 -8.3 1.6 23.07 3.6 45.868412 12.306952 0 0
5.83 -7.83 1.79 23.53 3.6 45.868412 12.306952 0 0
5.32 -8.31 1.42 22.78 3.6 45.868412 12.306952 0 0
5.5 -8.15 1.66 23.17 3.6 45.868412 12.306952 0 0
6.31 -7.77 1.7 22.78 3.6 45.868412 12.306952 0 0
6.28 -7.35 1.9 23.98 3.6 45.868412 12.306952 0 0
6.32 -7.35 2.22 22.69 3.6 45.868412 12.306952 0 0
5.91 -7.83 2.57 23.17 3.6 45.868412 12.306952 0 0
6.2 -7.93 2.42 22.81 3.6 45.868412 12.306952 0 0
5.87 -7.44 2.29 24.08 3.6 45.868412 12.306952 0 0
6.09 -7.84 2.38 23.58 3.6 45.868412 12.306952 0 0
5.85 -7.87 2.15 23.15 3.6 45.868380 12.306964 1 0
5.54 -7.93 1.77 23.68 3.6 45.868380 12.306964 0 0
5.68 -8.22 1.95 22.93 3.6 45.868380 12.306964 1 0
5.94 -7.86 1.83 22.48 3.6 45.868380 12.306964 0 0
5.82 -7.92 1.93 23.43 3.6 45.868380 12.306964 0 0
6.14 -7.65 0.86 22.62 3.6 45.868380 12.306964 0 0
6.48 -7.26 2.17 23.2 3.6 45.868380 12.306964 0 0
6.13 -7.14 1.93 23.14 3.6 45.868380 12.306964 0 0
6.31 -7.24 1.78 23.24 3.6 45.868380 12.306964 0 0
6.26 -7.76 1.79 23.56 3.6 45.868380 12.306964 0 0
5.52 -7.8 1.6 23.74 3.6 45.868380 12.306964 0 0
5.78 -7.95 1.76 23.32 3.6 45.868380 12.306964 0 0
5.66 -8.25 1.84 23.32 3.6 45.868380 12.306964 0 0
5.42 -7.9 1.84 22.84 3.6 45.868380 12.306964 0 0
5.69 -7.73 2.02 22.84 3.6 45.868380 12.306964 0 0
6.08 -7.81 1.65 23.68 3.6 45.868380 12.306964 0 0
