5.75 -8.03 1.24 24.4 3.52 45.868218 12.307021 0 1
5.57 -5.66 1.9 23.86 3.52 45.868218 12.307021 0 1
5.51 -7.98 1.93 22.78 3.52 45.868218 12.307021 0 1
6.61 -9.48 2.06 23.22 3.52 45.868218 12.307021 0 1
4.76 -7.12 1.61 24.04 3.52 45.868218 12.307021 0 1
5.57 -6.09 1.68 23.07 3.52 45.868218 12.307021 0 1
6.79 -8.96 0.96 23.48 3.52 45.868218 12.307021 0 1
5.8 -8.01 2.8 22.67 3.52 45.868218 12.307021 0 1
4.29 -9.02 1.68 22.52 3.68 45.868185 12.307031 1 1
5.92 -7.33 2.76 23.38 3.68 45.868185 12.307031 0 1
6.83 -8.25 2.41 25.18 3.68 45.868185 12.307031 1 1
5.52 -6.08 0.77 24.15 3.68 45.868185 12.307031 0 1
6.15 -6.7 1.08 27.35 3.68 45.868185 12.307031 0 1
5.83 -8.87 1.99 22.4 3.68 45.868185 12.307031 0 1
4.69 -12.67 2.16 22.98 3.68 45.868185 12.307031 0 1
6.59 -9.08 1.76 23.82 3.68 45.868185 12.307031 0 1
6.12 -5.58 0.9 23.5 3.68 45.868185 12.307031 0 1
5.45 -5.78 2.09 24.04 3.68 45.868185 12.307031 0 1
6.53 -6.14 2.79 23.74 3.68 45.868185 12.307031 0 1
7.15 -8.27 1.65 23.36 3.68 45.868185 12.307031 0 1
6.5 -8.88 0.96 22.69 3.68 45.868185 12.307031 0 1
6.21 -8.64 1.26 22.91 3.68 45.868185 12.307031 0 1
5.92 -9.29 2.21 23.48 3.68 45.868185 12.307031 0 1
5.43 -9.26 2.95 23.12 3.68 45.868185 12.307031 0 1
5.02 -8.97 0.96 23.34 3.68 45.868185 12.307031 0 1
5.27 -7.75 2.93 23.07 3.55 45.868153 12.307040 1 1
5.2 -8.1 2.35 24.08 3.55 45.868153 12.307040 0 1
7.61 -7.45 3.16 22.47 3.55 45.868153 12.307040 1 1
6.47 -7.46 2.54 23.44 3.55 45.868153 12.307040 0 1
6.75 -8.67 3.02 23.39 3.55 45.868153 12.307040 0 1
6.38 -8.64 1.4 22.71 3.55 45.868153 12.307040 0 1
6.4 -6.94 1.1 23.03 3.55 45.868153 12.307040 0 1
6.63 -7.48 0.48 24.2 3.55 45.868153 12.307040 0 1
6.86 -8.66 1.14 23.41 3.55 45.868153 12.307040 0 1
6.54 -10.46 1.23 23.12 3.55 45.868153 12.307040 0 1
