5.59 -8.03 1.86 48.77 3.15 45.868682 12.306883 0 0
5.84 -8.2 1.67 23.82 3.15 45.868682 12.306883 0 0
5.76 -8.0 1.59 23.34 3.15 45.868682 12.306883 0 0
5.47 -7.68 1.78 25.0 3.15 45.868682 12.306883 0 0
5.33 -7.95 1.53 23.12 3.15 45.868682 12.306883 0 0
6.4 -7.95 1.22 23.8 3.15 45.868682 12.306883 0 0
6.29 -8.05 1.98 23.65 3.15 45.868682 12.306883 0 0
5.86 -7.78 1.58 23.05 3.15 45.868682 12.306883 0 0
5.7 -7.76 1.91 23.07 3.02 45.868654 12.306890 1 0
6.16 -7.17 1.59 23.94 3.02 45.868654 12.306890 0 0
6.35 -7.72 1.2 22.45 3.02 45.868654 12.306890 1 0
5.74 -8.22 1.43 23.29 3.02 45.868654 12.306890 0 0
5.56 -7.81 1.4 23.72 3.02 45.868654 12.306890 0 0
5.98 -8.05 1.7 23.46 3.02 45.868654 12.306890 0 0
5.53 -7.68 1.72 23.02 3.02 45.868654 12.306890 0 0
6.41 -8.66 1.39 23.68 3.02 45.868654 12.306890 0 0
6.36 -8.15 1.79 23.05 3.02 45.868654 12.306890 0 0
5.15 -7.46 1.77 27.89 3.02 45.868654 12.306890 0 0
5.83 -7.42 1.84 23.34 3.02 45.868654 12.306890 0 0
5.76 -8.01 1.62 23.44 3.02 45.868654 12.306890 0 0
6.56 -7.96 1.38 23.39 3.02 45.868654 12.306890 0 0
6.07 -8.06 1.7 24.49 3.02 45.868654 12.306890 0 0
5.31 -7.18 1.81 22.81 3.02 45.868654 12.306890 0 0
5.54 -7.85 2.06 22.81 3.02 45.868654 12.306890 0 0
6.2 -7.94 2.03 22.78 3.02 45.868654 12.306890 0 0
5.62 -7.72 2.84 22.79 3.25 45.868625 12.306898 1 0
5.88 -7.77 1.89 23.14 3.25 45.868625 12.306898 0 0
5.68 -8.15 1.7 23.03 3.25 45.868625 12.306898 1 0
5.96 -7.66 1.44 23.62 3.25 45.868625 12.306898 0 0
5.98 -8.02 1.54 23.2 3.25 45.868625 12.306898 0 0
5.9 -7.86 1.82 22.52 3.25 45.868625 12.306898 0 0
6.02 -8.19 1.71 22.55 3.25 45.868625 12.306898 0 0
6.09 -7.34 1.65 23.24 3.25 45.868625 12.306898 0 0
5.85 -7.92 1.79 23.27 3.25 45.868625 12.306898 0 0
6.02 -7.43 1.39 22.84 3.25 45.868625 12.306898 0 0
