5.66 -9.3 1.86 22.0 3.25 45.408056 11.888446 1
5.81 -6.5 1.57 22.31 3.25 45.408056 11.888446 0
6.05 -7.9 1.74 22.42 3.25 45.408056 11.888446 1
5.83 -7.13 1.79 21.85 3.25 45.408056 11.888446 1
6.09 -8.59 1.77 21.4 3.25 45.408056 11.888446 1
6.22 -7.84 1.65 21.95 3.25 45.408056 11.888446 1
5.94 -7.6 1.77 21.97 3.25 45.408056 11.888446 1
5.87 -7.47 1.74 22.02 3.25 45.408056 11.888446 1
5.99 -8.06 1.83 22.07 3.25 45.408056 11.888446 1
6.1 -7.87 1.48 22.04 3.25 45.408056 11.888446 1
5.49 -7.87 1.53 22.5 3.25 45.408056 11.888446 1
5.98 -7.81 1.68 22.07 3.25 45.408056 11.888446 1
5.78 -7.6 1.8 22.07 3.25 45.408056 11.888446 1
5.9 -7.93 1.78 22.07 3.25 45.408056 11.888446 1
5.83 -8.15 1.91 22.04 3.25 45.408056 11.888446 1
6.19 -7.75 1.79 21.56 3.25 45.408056 11.888446 1
6.08 -7.73 1.63 21.51 3.25 45.408056 11.888446 1
6.3 -7.54 1.8 21.51 2.79 45.408042 11.888403 0
6.17 -7.81 2.25 21.87 2.79 45.408042 11.888403 1
5.92 -7.86 1.76 21.51 2.79 45.408042 11.888403 0
5.73 -8.09 1.6 21.9 2.79 45.408042 11.888403 1
6.16 -7.63 1.65 21.51 2.79 45.408042 11.888403 1
5.51 -8.1 1.79 21.95 2.79 45.408042 11.888403 1
5.81 -7.98 1.95 21.95 2.79 45.408042 11.888403 1
5.86 -7.87 2.02 22.12 2.79 45.408042 11.888403 1
6.23 -7.78 1.7 22.23 2.79 45.408042 11.888403 1
5.84 -7.65 1.93 22.17 2.79 45.408042 11.888403 1
5.91 -7.58 1.9 22.04 2.79 45.408042 11.888403 1
5.94 -8.2 2.02 21.97 2.79 45.408042 11.888403 1
5.96 -7.78 1.51 21.97 2.79 45.408042 11.888403 1
6.27 -8.12 1.62 22.0 2.79 45.408042 11.888403 1
6.07 -7.45 1.43 22.52 2.79 45.408042 11.888403 1
6.0 -7.71 1.51 22.14 2.79 45.408042 11.888403 1
5.82 -7.86 1.7 21.85 2.79 45.408042 11.888403 1
5.52 -8.32 1.75 21.9 2.76 45.408036 11.888365 0
