5.58 -7.84 1.48 21.45 2.01 45.407996 11.888252 1
5.64 -8.12 1.82 21.85 2.01 45.407996 11.888252 0
5.84 -8.36 1.95 21.87 2.01 45.407996 11.888252 1
6.09 -7.62 1.92 21.99 2.01 45.407996 11.888252 1
5.87 -7.62 1.88 22.0 2.01 45.407996 11.888252 1
5.69 -7.64 1.91 21.49 2.01 45.407996 11.888252 1
6.33 -8.06 1.63 21.8 2.01 45.407996 11.888252 1
6.25 -7.96 2.05 21.61 2.01 45.407996 11.888252 1
6.21 -7.48 1.78 22.07 2.01 45.407996 11.888252 1
6.37 -7.44 1.78 22.04 2.01 45.407996 11.888252 1
5.84 -7.64 1.4 22.02 2.01 45.407996 11.888252 1
5.81 -8.33 1.33 21.97 2.01 45.407996 11.888252 1
5.96 -8.07 1.66 21.57 2.01 45.407996 11.888252 1
5.95 -8.08 1.67 21.58 2.01 45.407996 11.888252 1
5.96 -8.08 1.65 21.57 2.01 45.407996 11.888252 1
5.95 -8.08 1.66 21.57 2.01 45.407996 11.888252 1
5.97 -8.07 1.66 21.57 2.01 45.407996 11.888252 1
5.97 -8.07 1.67 21.56 2.01 45.407996 11.888252 1
5.97 -8.08 1.65 21.57 2.01 45.407996 11.888252 1
5.96 -8.07 1.66 21.56 2.01 45.407996 11.888252 1
5.97 -8.07 1.65 21.57 2.01 45.407996 11.888252 1
5.97 -8.07 1.67 21.57 2.01 45.407996 11.888252 1
5.97 -8.07 1.67 21.58 2.01 45.407996 11.888252 1
5.96 -8.06 1.67 21.58 2.01 45.407996 11.888252 1
5.96 -8.08 1.65 21.56 2.01 45.407996 11.888252 1
5.96 -8.06 1.67 21.57 2.01 45.407996 11.888252 1
5.95 -8.07 1.66 21.58 2.01 45.407996 11.888252 1
5.97 -8.06 1.65 21.56 2.01 45.407996 11.888252 1
5.96 -8.06 1.66 21.56 2.01 45.407996 11.888252 1
5.96 -8.07 1.67 21.58 2.01 45.407996 11.888252 1
5.97 -8.08 1.66 21.57 2.01 45.407996 11.888252 1
5.96 -8.07 1.65 21.56 2.01 45.407996 11.888252 1
5.95 -8.08 1.66 21.58 2.01 45.407996 11.888252 1
5.95 -8.08 1.66 21.57 2.01 45.407996 11.888252 1
5.96 -8.07 1.65 21.56 2.01 45.407996 11.888252 1
