6.21 -7.81 1.51 21.85 2.06 45.408014 11.888697 1
6.18 -7.39 1.7 21.92 2.06 45.408014 11.888697 0
6.33 -7.66 1.72 21.51 2.06 45.408014 11.888697 1
6.14 -7.59 1.78 21.9 2.06 45.408014 11.888697 1
6.08 -7.78 1.69 21.9 2.06 45.408014 11.888697 1
6.02 -7.72 1.33 21.95 2.06 45.408014 11.888697 1
5.92 -7.99 1.57 21.95 2.06 45.408014 11.888697 1
5.87 -7.63 1.49 22.09 2.06 45.408014 11.888697 1
5.89 -7.73 1.76 22.12 2.06 45.408014 11.888697 1
5.73 -8.2 1.87 21.97 2.06 45.408014 11.888697 1
6.07 -7.8 1.87 22.04 2.06 45.408014 11.888697 1
6.49 -7.64 2.16 21.99 2.06 45.408014 11.888697 1
6.25 -7.46 2.26 22.12 2.06 45.408014 11.888697 1
6.11 -7.71 1.74 22.23 2.06 45.408014 11.888697 1
5.73 -7.52 2.01 22.54 2.06 45.408014 11.888697 1
6.59 -7.64 1.69 21.97 2.06 45.408014 11.888697 1
6.27 -7.55 1.96 22.29 2.22 45.408026 11.888672 0
6.03 -7.95 2.01 21.42 2.22 45.408026 11.888672 1
6.04 -7.93 1.77 21.97 2.22 45.408026 11.888672 0
5.8 -7.84 1.72 22.69 2.22 45.408026 11.888672 1
5.59 -7.64 1.71 22.17 2.22 45.408026 11.888672 1
5.77 -8.12 1.53 21.4 2.22 45.408026 11.888672 1
5.83 -7.84 1.72 21.88 2.22 45.408026 11.888672 1
6.04 -7.92 1.92 21.87 2.22 45.408026 11.888672 1
6.19 -7.57 1.97 22.48 2.22 45.408026 11.888672 1
6.24 -7.69 2.0 22.02 2.22 45.408026 11.888672 1
6.28 -7.97 1.67 22.04 2.22 45.408026 11.888672 1
5.87 -7.8 1.63 22.42 2.22 45.408026 11.888672 1
6.21 -7.83 1.92 22.02 2.22 45.408026 11.888672 1
6.02 -8.0 1.88 21.99 2.22 45.408026 11.888672 1
6.0 -7.35 1.85 22.45 2.22 45.408026 11.888672 1
6.19 -7.92 1.35 21.97 2.22 45.408026 11.888672 1
5.74 -7.96 1.48 21.92 2.22 45.408026 11.888672 1
5.92 -7.64 1.92 22.26 2.22 45.408026 11.888672 1
5.87 -8.01 2.0 21.95 2.72 45.408035 11.888639 0
