5.79 -8.21 1.7 21.42 2.63 45.406322 11.894275 1
5.58 -8.1 1.56 22.48 2.63 45.406322 11.894275 1
5.59 -7.71 1.54 22.14 2.63 45.406322 11.894275 0
5.71 -7.64 1.64 22.84 2.63 45.406322 11.894275 1
5.88 -7.96 1.75 21.92 2.63 45.406322 11.894275 1
5.95 -8.23 1.74 21.85 2.63 45.406322 11.894275 1
5.7 -8.25 1.72 22.36 2.63 45.406322 11.894275 1
5.37 -8.1 1.84 22.81 2.63 45.406322 11.894275 1
5.47 -7.98 1.91 22.14 2.63 45.406322 11.894275 1
5.85 -7.94 1.69 22.14 2.63 45.406322 11.894275 1
5.91 -7.92 1.44 22.07 2.63 45.406322 11.894275 1
5.72 -7.9 1.61 22.5 2.63 45.406322 11.894275 1
5.67 -7.97 2.0 22.4 2.63 45.406322 11.894275 1
5.65 -8.06 2.01 21.95 2.63 45.406322 11.894275 1
5.58 -8.03 1.61 21.97 2.63 45.406322 11.894275 1
5.66 -7.94 1.39 22.09 2.63 45.406322 11.894275 1
5.86 -7.89 1.43 22.79 2.63 45.406322 11.894275 1
5.9 -7.86 1.37 24.68 2.55 45.406318 11.894313 0
5.82 -7.78 1.34 22.36 2.55 45.406318 11.894313 1
5.83 -7.78 1.56 22.33 2.55 45.406318 11.894313 0
5.86 -7.97 1.49 22.26 2.55 45.406318 11.894313 1
5.87 -8.07 0.97 22.19 2.55 45.406318 11.894313 1
5.93 -7.9 0.91 23.34 2.55 45.406318 11.894313 1
5.92 -7.82 1.48 23.31 2.55 45.406318 11.894313 1
5.78 -8.02 1.68 22.04 2.55 45.406318 11.894313 1
5.78 -8.13 1.41 21.8 2.55 45.406318 11.894313 1
5.94 -7.93 1.6 22.24 2.55 45.406318 11.894313 1
5.93 -7.75 2.09 22.26 2.55 45.406318 11.894313 1
5.73 -7.8 2.15 21.81 2.55 45.406318 11.894313 1
5.74 -8.02 2.06 22.04 2.55 45.406318 11.894313 1
5.91 -8.31 2.24 21.59 2.55 45.406318 11.894313 1
5.85 -8.44 2.31 23.32 2.55 45.406318 11.894313 1
5.66 -8.27 2.22 22.05 2.55 45.406318 11.894313 1
5.58 -8.14 2.43 21.88 2.55 45.406318 11.894313 1
5.49 -8.19 2.64 21.54 3.09 45.406323 11.894352 0
