5.83 -7.55 1.32 22.21 2.45 45.406334 11.894481 0
5.53 -7.62 1.67 22.86 2.45 45.406334 11.894481 1
5.89 -8.26 1.84 22.35 2.45 45.406334 11.894481 0
6.03 -8.47 1.74 22.29 2.45 45.406334 11.894481 1
5.61 -8.05 1.58 22.29 2.45 45.406334 11.894481 1
5.52 -7.75 1.58 21.78 2.45 45.406334 11.894481 1
5.97 -7.82 1.71 22.29 2.45 45.406334 11.894481 1
6.05 -7.84 1.88 22.48 2.45 45.406334 11.894481 1
5.66 -7.76 2.0 22.45 2.45 45.406334 11.894481 1
5.61 -7.77 1.96 23.63 2.45 45.406334 11.894481 1
5.96 -7.9 1.81 22.09 2.45 45.406334 11.894481 1
6.07 -8.13 1.73 21.99 2.45 45.406334 11.894481 1
5.77 -8.31 1.79 22.36 2.45 45.406334 11.894481 1
5.46 -8.12 1.82 22.98 2.45 45.406334 11.894481 1
5.46 -7.68 1.77 23.07 2.45 45.406334 11.894481 1
5.81 -7.57 1.74 22.52 2.45 45.406334 11.894481 1
6.11 -7.97 1.71 21.47 2.45 45.406334 11.894481 1
6.0 -8.21 1.66 22.45 1.97 45.406330 11.894513 0
5.69 -7.91 1.74 22.5 1.97 45.406330 11.894513 1
5.62 -7.57 1.87 23.27 1.97 45.406330 11.894513 0
5.84 -7.65 1.75 21.83 1.97 45.406330 11.894513 1
6.06 -7.81 1.59 21.73 1.97 45.406330 11.894513 1
6.0 -7.77 1.74 22.95 1.97 45.406330 11.894513 1
5.65 -7.94 1.95 22.16 1.97 45.406330 11.894513 1
5.39 -8.3 1.84 22.29 1.97 45.406330 11.894513 1
5.54 -8.14 1.62 22.62 1.97 45.406330 11.894513 1
5.78 -7.53 1.56 22.33 1.97 45.406330 11.894513 1
5.79 -7.45 1.55 22.29 1.97 45.406330 11.894513 1
5.89 -7.98 1.57 22.57 1.97 45.406330 11.894513 1
6.15 -8.23 1.61 22.66 1.97 45.406330 11.894513 1
6.01 -8.01 1.44 23.56 1.97 45.406330 11.894513 1
5.52 -7.89 1.14 22.23 1.97 45.406330 11.894513 1
5.42 -8.03 1.18 22.57 1.97 45.406330 11.894513 1
5.78 -8.14 1.52 22.24 1.97 45.406330 11.894513 1
6.12 -8.16 1.85 21.75 1.97 45.406330 11.894513 1
