6.69 -7.9 1.75 21.44 1.35 45.406346 11.894123 1
6.32 -7.76 1.48 22.36 1.35 45.406346 11.894123 0
5.66 -7.67 1.66 22.02 1.35 45.406346 11.894123 1
5.69 -7.79 1.74 23.36 1.35 45.406346 11.894123 1
6.2 -8.1 1.62 21.68 1.35 45.406346 11.894123 1
6.28 -8.42 1.75 21.59 1.35 45.406346 11.894123 1
5.83 -8.25 1.89 25.36 1.35 45.406346 11.894123 1
5.46 -7.51 1.62 22.36 1.35 45.406346 11.894123 1
5.46 -7.19 1.5 23.87 1.35 45.406346 11.894123 1
5.71 -7.86 2.05 22.4 1.35 45.406346 11.894123 1
6.03 -8.45 2.59 22.67 1.35 45.406346 11.894123 1
6.1 -8.05 2.55 21.97 1.35 45.406346 11.894123 1
5.78 -7.49 2.3 22.45 1.35 45.406346 11.894123 1
5.58 -7.55 2.11 22.04 1.35 45.406346 11.894123 1
5.8 -7.73 1.88 22.0 1.35 45.406346 11.894123 1
6.04 -7.71 1.82 21.97 1.35 45.406346 11.894123 1
5.96 -7.74 2.0 21.54 1.35 45.406346 11.894123 1
5.83 -7.81 1.99 21.97 0.6 45.406337 11.894126 0
5.84 -7.79 1.72 22.04 0.6 45.406337 11.894126 1
5.82 -7.86 1.65 21.93 0.6 45.406337 11.894126 0
5.72 -8.07 1.73 21.54 0.6 45.406337 11.894126 1
5.73 -8.18 1.6 22.5 0.6 45.406337 11.894126 1
5.84 -8.1 1.43 21.95 0.6 45.406337 11.894126 1
5.9 -7.98 1.44 24.06 0.6 45.406337 11.894126 1
5.91 -8.01 1.39 22.04 0.6 45.406337 11.894126 1
5.91 -8.19 1.3 22.52 0.6 45.406337 11.894126 1
5.88 -8.21 1.39 22.91 0.6 45.406337 11.894126 1
5.91 -7.9 1.49 23.02 0.6 45.406337 11.894126 1
5.99 -7.66 1.41 21.69 0.6 45.406337 11.894126 1
5.92 -7.81 1.48 23.34 0.6 45.406337 11.894126 1
5.72 -8.02 1.85 22.04 0.6 45.406337 11.894126 1
5.64 -7.99 1.98 22.04 0.6 45.406337 11.894126 1
5.7 -7.96 1.65 22.47 0.6 45.406337 11.894126 1
5.67 -8.06 1.4 21.8 0.6 45.406337 11.894126 1
5.59 -8.08 1.56 21.52 1.49 45.406331 11.894142 0
