6.05 -7.57 1.93 22.02 2.92 45.407980 11.888202 1 0
5.99 -7.83 1.99 22.47 2.92 45.407980 11.888202 1 0
5.77 -7.87 1.93 22.17 2.94 45.407965 11.888170 0 0
5.58 -7.66 1.77 22.07 2.94 45.407965 11.888170 1 0
5.7 -7.81 1.66 22.42 2.94 45.407965 11.888170 0 0
5.96 -8.16 1.65 21.75 2.94 45.407965 11.888170 1 0
6.05 -8.04 1.66 21.51 2.94 45.407965 11.888170 1 0
6.06 -7.66 1.72 22.0 2.94 45.407965 11.888170 1 0
6.1 -7.59 1.89 21.95 2.94 45.407965 11.888170 1 0
6.06 -7.63 2.05 21.95 2.94 45.407965 11.888170 1 0
6.02 -7.56 1.94 21.56 2.94 45.407965 11.888170 1 0
6.12 -7.68 1.64 21.56 2.94 45.407965 11.888170 1 0
6.08 -7.97 1.52 21.97 2.94 45.407965 11.888170 1 0
5.71 -7.99 1.63 21.63 2.94 45.407965 11.888170 1 0
5.45 -7.84 1.72 21.63 2.94 45.407965 11.888170 1 0
5.53 -7.86 1.69 21.63 2.94 45.407965 11.888170 1 0
5.6 -7.94 1.67 21.62 2.94 45.407965 11.888170 1 0
5.52 -7.88 1.7 21.64 2.94 45.407965 11.888170 1 0
5.51 -7.86 1.7 21.63 2.94 45.407965 11.888170 1 0
5.57 -7.91 1.69 21.63 2.94 45.407965 11.888170 1 0
5.55 -7.9 1.7 21.64 2.94 45.407965 11.888170 1 0
5.53 -7.87 1.7 21.63 2.94 45.407965 11.888170 1 0
5.55 -7.89 1.69 21.63 2.94 45.407965 11.888170 1 0
5.54 -7.91 1.7 21.62 2.94 45.407965 11.888170 1 0
5.52 -7.89 1.7 21.63 2.94 45.407965 11.888170 1 0
5.54 -7.89 1.69 21.63 2.94 45.407965 11.888170 1 0
5.56 -7.91 1.69 21.63 2.94 45.407965 11.888170 1 0
5.54 -7.9 1.7 21.63 2.94 45.407965 11.888170 1 0
5.53 -7.89 1.69 21.64 2.94 45.407965 11.888170 1 0
5.54 -7.9 1.69 21.63 2.94 45.407965 11.888170 1 0
5.53 -7.89 1.69 21.63 2.94 45.407965 11.888170 1 0
5.53 -7.88 1.69 21.64 2.94 45.407965 11.888170 1 0
5.54 -7.89 1.68 21.62 2.94 45.407965 11.888170 1 0
5.55 -7.89 1.68 21.62 2.94 45.407965 11.888170 1 0
5.54 -7.89 1.69 21.62 2.94 45.407965 11.888170 1 0
