5.92 -7.91 1.87 21.56 2.44 45.408320 11.889863 1 0
5.79 -7.69 2.04 22.47 2.78 45.408309 11.889824 0 0
5.63 -7.81 1.91 22.09 2.78 45.408309 11.889824 1 0
5.71 -8.04 1.69 21.59 2.78 45.408309 11.889824 0 0
5.95 -8.08 1.68 21.52 2.78 45.408309 11.889824 1 0
6.01 -7.95 1.86 22.42 2.78 45.408309 11.889824 1 0
5.91 -7.76 1.88 21.95 2.78 45.408309 11.889824 1 0
5.92 -7.64 1.74 22.0 2.78 45.408309 11.889824 1 0
6.0 -7.71 1.72 21.95 2.78 45.408309 11.889824 1 0
6.02 -7.86 1.89 22.21 2.78 45.408309 11.889824 1 0
5.99 -7.84 1.99 22.26 2.78 45.408309 11.889824 1 0
5.87 -7.76 1.95 22.28 2.78 45.408309 11.889824 1 0
5.63 -7.87 1.88 22.19 2.78 45.408309 11.889824 1 0
5.6 -8.05 1.81 22.12 2.78 45.408309 11.889824 1 0
5.97 -8.13 1.69 22.12 2.78 45.408309 11.889824 1 0
6.2 -8.14 1.58 22.11 2.78 45.408309 11.889824 1 0
5.99 -7.96 1.62 22.23 2.78 45.408309 11.889824 1 0
5.85 -7.65 1.74 22.14 2.78 45.408309 11.889824 1 0
6.06 -7.69 1.8 22.0 3.14 45.408292 11.889785 0 0
6.18 -8.14 1.79 21.81 3.14 45.408292 11.889785 1 0
6.0 -8.22 1.78 21.9 3.14 45.408292 11.889785 0 0
5.8 -7.74 1.78 22.0 3.14 45.408292 11.889785 1 0
5.65 -7.58 1.75 22.0 3.14 45.408292 11.889785 1 0
5.59 -8.03 1.8 21.85 3.14 45.408292 11.889785 1 0
5.76 -8.2 1.94 21.85 3.14 45.408292 11.889785 1 0
5.91 -7.81 1.96 21.97 3.14 45.408292 11.889785 1 0
5.72 -7.62 1.73 21.99 3.14 45.408292 11.889785 1 0
5.62 -7.82 1.61 21.63 3.14 45.408292 11.889785 1 0
5.98 -7.91 1.86 21.97 3.14 45.408292 11.889785 1 0
6.27 -7.84 2.12 21.56 3.14 45.408292 11.889785 1 0
6.06 -7.86 2.03 22.47 3.14 45.408292 11.889785 1 0
5.8 -7.82 1.84 22.02 3.14 45.408292 11.889785 1 0
5.83 -7.7 1.85 21.95 3.14 45.408292 11.889785 1 0
5.85 -7.8 1.85 21.56 3.14 45.408292 11.889785 1 0
5.75 -8.0 1.62 21.47 3.14 45.408292 11.889785 1 0
