6.92 -7.74 1.22 23.94 3.41 45.868141 12.307051 0
6.66 -9.43 2.77 24.78 3.41 45.868141 12.307051 0
2.9 -4.01 3.61 26.33 3.41 45.868141 12.307051 0
6.11 -8.2 1.15 23.41 3.41 45.868141 12.307051 0
6.79 -7.58 2.18 25.78 3.41 45.868110 12.307058 1
6.93 -9.01 2.23 23.14 3.41 45.868110 12.307058 0
5.16 -9.52 1.96 22.84 3.41 45.868110 12.307058 1
5.85 -5.43 2.63 23.98 3.41 45.868110 12.307058 0
7.48 -6.59 2.46 22.62 3.41 45.868110 12.307058 0
4.75 -10.4 2.07 22.29 3.41 45.868110 12.307058 0
5.56 -9.02 3.55 24.46 3.41 45.868110 12.307058 0
5.55 -7.16 1.53 22.76 3.41 45.868110 12.307058 0
3.2 -5.76 2.43 23.31 3.41 45.868110 12.307058 0
5.83 -8.81 1.67 22.88 3.41 45.868110 12.307058 0
6.92 -7.45 2.15 23.19 3.41 45.868110 12.307058 0
6.35 -6.92 1.65 22.83 3.41 45.868110 12.307058 0
5.71 -7.67 0.81 22.93 3.41 45.868110 12.307058 0
6.2 -8.19 1.61 22.84 3.41 45.868110 12.307058 0
5.73 -7.64 2.32 22.67 3.41 45.868110 12.307058 0
5.75 -7.41 2.12 22.62 3.41 45.868110 12.307058 0
6.53 -9.21 1.75 22.09 3.41 45.868110 12.307058 0
5.21 -9.1 1.39 22.83 3.46 45.868079 12.307065 1
5.86 -8.02 2.18 22.84 3.46 45.868079 12.307065 0
4.87 -6.93 1.73 24.9 3.46 45.868079 12.307065 1
5.21 -8.75 2.18 25.5 3.46 45.868079 12.307065 0
7.06 -9.21 1.19 23.62 3.46 45.868079 12.307065 0
6.03 -8.15 0.87 22.83 3.46 45.868079 12.307065 0
3.84 -7.14 1.96 23.32 3.46 45.868079 12.307065 0
5.73 -8.34 2.15 24.32 3.46 45.868079 12.307065 0
5.43 -8.22 0.53 22.42 3.46 45.868079 12.307065 0
6.42 -7.46 0.81 23.48 3.46 45.868079 12.307065 0
5.34 -7.12 2.45 24.76 3.46 45.868079 12.307065 0
4.12 -6.67 2.1 23.2 3.46 45.868079 12.307065 0
6.35 -8.98 1.69 24.9 3.46 45.868079 12.307065 0
5.83 -6.9 2.46 23.27 3.46 45.868079 12.307065 0
