5.89 -8.43 1.94 22.59 3.29 45.868378 12.306980 0
6.27 -7.82 1.9 23.19 3.29 45.868378 12.306980 0
6.17 -7.85 1.92 22.88 3.29 45.868378 12.306980 0
5.7 -7.62 1.96 22.84 3.29 45.868378 12.306980 0
5.86 -7.69 1.73 23.15 3.29 45.868378 12.306980 0
5.85 -7.72 1.76 38.95 3.29 45.868378 12.306980 0
5.77 -8.36 1.77 23.6 3.29 45.868378 12.306980 0
5.68 -8.07 1.95 23.31 3.29 45.868378 12.306980 0
5.92 -7.37 2.22 23.32 3.29 45.868378 12.306980 0
5.77 -7.37 2.17 27.18 3.29 45.868378 12.306980 0
6.09 -7.84 2.03 22.93 3.18 45.868350 12.306987 1
6.09 -7.86 2.11 23.53 3.18 45.868350 12.306987 0
5.64 -7.8 1.88 23.08 3.18 45.868350 12.306987 1
5.74 -7.93 2.17 23.2 3.18 45.868350 12.306987 0
5.75 -7.67 1.92 23.02 3.18 45.868350 12.306987 0
5.87 -8.38 2.03 22.93 3.18 45.868350 12.306987 0
5.37 -8.04 2.06 23.14 3.18 45.868350 12.306987 0
5.62 -8.19 1.92 26.81 3.18 45.868350 12.306987 0
5.99 -7.9 2.26 22.84 3.18 45.868350 12.306987 0
6.18 -8.0 2.25 23.31 3.18 45.868350 12.306987 0
6.03 -7.66 2.23 22.88 3.18 45.868350 12.306987 0
5.51 -7.18 1.97 22.88 3.18 45.868350 12.306987 0
5.97 -7.56 2.05 23.14 3.18 45.868350 12.306987 0
5.92 -8.28 1.7 23.05 3.18 45.868350 12.306987 0
6.4 -7.62 1.62 23.0 3.18 45.868350 12.306987 0
6.47 -7.77 1.85 22.78 3.18 45.868350 12.306987 0
6.02 -7.89 1.48 23.22 3.18 45.868350 12.306987 0
5.8 -7.76 1.37 22.9 3.22 45.868323 12.307001 1
5.58 -7.46 1.57 23.12 3.22 45.868323 12.307001 0
5.91 -8.28 1.48 22.57 3.22 45.868323 12.307001 1
5.93 -8.27 1.73 22.55 3.22 45.868323 12.307001 0
5.59 -7.95 2.11 23.14 3.22 45.868323 12.307001 0
5.93 -7.3 2.05 22.69 3.22 45.868323 12.307001 0
6.49 -7.75 1.91 22.71 3.22 45.868323 12.307001 0
5.87 -7.61 1.88 22.29 3.22 45.868323 12.307001 0
