6.13 -8.03 1.8 23.19 3.22 45.868323 12.307001 0
6.13 -7.45 1.95 22.81 3.22 45.868323 12.307001 0
6.05 -7.35 2.05 22.31 3.22 45.868323 12.307001 0
6.0 -7.47 1.94 22.84 3.22 45.868323 12.307001 0
5.82 -7.96 2.09 23.03 3.22 45.868323 12.307001 0
5.66 -7.38 1.86 23.38 3.22 45.868323 12.307001 0
5.66 -7.81 1.95 22.47 3.22 45.868323 12.307001 0
5.82 -7.98 1.73 22.21 3.22 45.868323 12.307001 0
6.25 -7.93 1.69 22.11 3.22 45.868323 12.307001 0
5.77 -7.24 1.69 22.62 3.37 45.868294 12.307014 1
6.0 -8.05 1.76 23.91 3.37 45.868294 12.307014 0
6.02 -7.79 1.49 23.5 3.37 45.868294 12.307014 1
6.21 -7.44 1.75 23.38 3.37 45.868294 12.307014 0
5.6 -6.93 1.82 22.81 3.37 45.868294 12.307014 0
5.71 -7.51 2.08 22.33 3.37 45.868294 12.307014 0
6.06 -8.26 1.63 22.62 3.37 45.868294 12.307014 0
6.22 -7.96 1.48 22.79 3.37 45.868294 12.307014 0
5.6 -8.07 1.66 23.14 3.37 45.868294 12.307014 0
4.9 -7.47 1.73 23.03 3.37 45.868294 12.307014 0
6.1 -8.05 2.04 23.41 3.37 45.868294 12.307014 0
5.95 -8.47 2.3 27.92 3.37 45.868294 12.307014 0
5.76 -7.73 2.06 23.39 3.37 45.868294 12.307014 0
5.67 -7.28 2.39 24.27 3.37 45.868294 12.307014 0
6.29 -6.81 2.16 22.24 3.37 45.868294 12.307014 0
6.94 -8.92 2.61 21.69 3.37 45.868294 12.307014 0
5.7 -6.52 2.35 23.29 3.36 45.868264 12.307024 1
5.3 -7.31 2.1 24.44 3.36 45.868264 12.307024 0
5.08 -5.83 2.86 25.12 3.36 45.868264 12.307024 1
6.97 -7.66 3.04 24.01 3.36 45.868264 12.307024 0
5.9 -9.31 1.79 22.71 3.36 45.868264 12.307024 0
6.55 -7.86 0.41 22.62 3.36 45.868264 12.307024 0
5.97 -8.44 1.73 22.6 3.36 45.868264 12.307024 0
6.09 -8.68 2.15 23.43 3.36 45.868264 12.307024 0
4.12 -5.16 2.06 24.39 3.36 45.868264 12.307024 0
4.82 -7.14 1.47 24.58 3.36 45.868264 12.307024 0
