5.93 -8.24 1.92 22.57 3.42 45.868437 12.306963 0
6.18 -8.3 2.0 22.6 3.42 45.868437 12.306963 0
5.82 -8.11 2.02 22.98 3.42 45.868437 12.306963 0
5.41 -7.74 1.82 22.96 3.42 45.868437 12.306963 0
5.23 -7.59 1.48 22.79 3.42 45.868437 12.306963 0
6.0 -8.13 2.15 22.24 3.42 45.868437 12.306963 0
6.39 -8.42 1.97 22.36 3.42 45.868437 12.306963 0
5.99 -7.75 1.96 22.98 3.42 45.868437 12.306963 0
5.64 -7.61 1.88 23.03 3.42 45.868437 12.306963 0
6.08 -7.87 1.63 23.7 3.42 45.868437 12.306963 0
6.34 -7.87 1.76 23.08 3.42 45.868437 12.306963 0
6.15 -8.36 1.83 22.5 3.31 45.868408 12.306973 1
5.97 -7.52 1.86 22.55 3.31 45.868408 12.306973 0
6.16 -7.85 2.03 22.17 3.31 45.868408 12.306973 1
5.68 -7.86 2.08 23.17 3.31 45.868408 12.306973 0
5.47 -7.62 1.78 25.11 3.31 45.868408 12.306973 0
5.54 -8.17 1.78 23.55 3.31 45.868408 12.306973 0
5.9 -8.15 2.01 23.53 3.31 45.868408 12.306973 0
5.98 -7.89 2.03 23.63 3.31 45.868408 12.306973 0
6.07 -7.97 1.97 23.38 3.31 45.868408 12.306973 0
5.97 -7.41 2.4 23.29 3.31 45.868408 12.306973 0
5.94 -7.4 2.01 22.88 3.31 45.868408 12.306973 0
6.12 -7.94 2.14 22.42 3.31 45.868408 12.306973 0
6.14 -7.66 2.23 23.19 3.31 45.868408 12.306973 0
5.65 -7.78 1.86 23.24 3.31 45.868408 12.306973 0
5.65 -8.15 1.76 23.15 3.31 45.868408 12.306973 0
5.58 -8.01 1.88 22.31 3.31 45.868408 12.306973 0
5.64 -8.14 2.13 23.17 3.31 45.868408 12.306973 0
5.48 -7.59 1.95 22.17 3.29 45.868378 12.306980 1
5.59 -8.3 2.04 23.2 3.29 45.868378 12.306980 0
5.98 -7.79 1.7 22.81 3.29 45.868378 12.306980 1
6.14 -8.06 1.26 23.22 3.29 45.868378 12.306980 0
5.92 -7.94 1.58 22.74 3.29 45.868378 12.306980 0
6.04 -7.64 1.76 23.19 3.29 45.868378 12.306980 0
6.15 -8.0 1.94 23.08 3.29 45.868378 12.306980 0
