5.83 -7.78 1.94 22.74 3.32 45.868497 12.306943 0
6.53 -7.58 1.78 23.02 3.32 45.868497 12.306943 0
5.53 -8.04 2.09 22.83 3.32 45.868497 12.306943 0
5.53 -8.17 1.65 22.96 3.32 45.868497 12.306943 0
5.7 -8.28 1.67 22.52 3.32 45.868497 12.306943 0
6.07 -7.35 1.66 23.6 3.32 45.868497 12.306943 0
5.86 -8.53 1.8 22.83 3.32 45.868497 12.306943 0
6.12 -7.35 2.16 23.72 3.32 45.868497 12.306943 0
5.83 -7.45 1.94 22.84 3.32 45.868497 12.306943 0
6.05 -8.08 1.81 22.83 3.32 45.868497 12.306943 0
6.04 -8.09 2.02 23.39 3.32 45.868497 12.306943 0
5.9 -7.88 1.99 22.93 3.32 45.868497 12.306943 0
5.91 -7.93 1.93 23.29 3.32 45.868497 12.306943 0
5.4 -7.86 1.91 22.96 3.35 45.868468 12.306953 1
5.62 -8.25 1.88 22.17 3.35 45.868468 12.306953 0
6.04 -7.74 1.94 21.97 3.35 45.868468 12.306953 1
5.94 -7.54 1.93 22.57 3.35 45.868468 12.306953 0
6.12 -8.25 1.83 22.79 3.35 45.868468 12.306953 0
5.51 -7.45 1.8 22.88 3.35 45.868468 12.306953 0
6.26 -7.99 2.05 22.9 3.35 45.868468 12.306953 0
5.49 -8.12 1.86 22.93 3.35 45.868468 12.306953 0
6.18 -7.85 2.01 22.79 3.35 45.868468 12.306953 0
5.87 -7.81 1.7 22.52 3.35 45.868468 12.306953 0
5.67 -7.89 1.54 23.99 3.35 45.868468 12.306953 0
5.78 -8.33 1.48 22.9 3.35 45.868468 12.306953 0
5.78 -6.97 1.9 22.9 3.35 45.868468 12.306953 0
5.64 -8.04 1.78 23.15 3.35 45.868468 12.306953 0
6.16 -8.04 1.86 22.71 3.35 45.868468 12.306953 0
5.82 -8.06 1.67 22.88 3.35 45.868468 12.306953 0
5.27 -7.8 1.7 22.71 3.35 45.868468 12.306953 0
5.6 -7.75 1.81 23.03 3.42 45.868437 12.306963 1
6.0 -7.9 2.23 22.67 3.42 45.868437 12.306963 0
6.39 -7.68 1.94 23.17 3.42 45.868437 12.306963 1
5.65 -7.83 2.01 22.69 3.42 45.868437 12.306963 0
5.65 -7.29 2.01 22.67 3.42 45.868437 12.306963 0
