5.62 -8.24 2.34 23.56 2.37 45.405666 11.882896 0
5.53 -8.21 1.07 22.71 2.37 45.405666 11.882896 0
5.32 -5.98 1.61 22.36 2.37 45.405666 11.882896 0
6.6 -10.22 2.32 20.91 2.37 45.405666 11.882896 0
5.4 -8.88 1.12 22.23 2.37 45.405666 11.882896 0
5.84 -9.35 1.79 21.64 2.57 45.405653 11.882870 1
5.2 -6.6 2.14 23.79 2.57 45.405653 11.882870 0
7.18 -7.49 1.48 21.49 2.57 45.405653 11.882870 1
4.2 -7.08 2.23 22.24 2.57 45.405653 11.882870 0
6.62 -9.07 1.13 21.85 2.57 45.405653 11.882870 0
5.25 -7.3 2.48 21.69 2.57 45.405653 11.882870 0
5.91 -7.41 1.82 22.71 2.57 45.405653 11.882870 0
5.59 -7.86 1.65 24.34 2.57 45.405653 11.882870 0
6.01 -9.52 2.17 22.47 2.57 45.405653 11.882870 0
6.24 -6.61 1.82 21.87 2.57 45.405653 11.882870 0
5.33 -8.47 1.5 22.17 2.57 45.405653 11.882870 0
6.29 -8.37 1.37 21.45 2.57 45.405653 11.882870 0
5.68 -7.33 2.45 22.6 2.57 45.405653 11.882870 0
5.6 -8.48 1.97 22.42 2.57 45.405653 11.882870 0
5.12 -6.69 2.15 22.36 2.57 45.405653 11.882870 0
6.02 -8.75 1.68 21.45 2.57 45.405653 11.882870 0
6.4 -8.27 1.8 22.26 2.57 45.405653 11.882870 0
