6.34 -7.76 1.86 22.79 1.53 45.405702 11.882952 0
6.45 -8.4 2.14 23.03 1.53 45.405702 11.882952 0
5.37 -6.86 2.21 24.04 1.53 45.405702 11.882952 0
6.28 -4.81 2.01 23.99 1.53 45.405702 11.882952 0
6.55 -7.1 1.52 23.0 1.53 45.405702 11.882952 0
7.86 -9.33 2.67 21.71 1.53 45.405702 11.882952 0
4.99 -9.17 1.48 21.44 2.31 45.405693 11.882930 1
5.34 -8.47 1.36 21.59 2.31 45.405693 11.882930 0
5.88 -7.75 1.97 21.63 2.31 45.405693 11.882930 1
6.7 -7.46 1.21 22.29 2.31 45.405693 11.882930 0
6.6 -6.84 1.49 22.11 2.31 45.405693 11.882930 0
5.86 -7.05 2.75 21.4 2.31 45.405693 11.882930 0
6.32 -7.43 2.7 21.69 2.31 45.405693 11.882930 0
7.3 -8.86 -0.41 22.52 2.31 45.405693 11.882930 0
6.7 -7.9 1.38 23.5 2.31 45.405693 11.882930 0
6.76 -8.37 0.06 23.07 2.31 45.405693 11.882930 0
5.82 -6.38 2.48 22.14 2.31 45.405693 11.882930 0
2.98 -8.24 5.78 22.57 2.31 45.405693 11.882930 0
6.74 -9.19 1.4 21.75 2.31 45.405693 11.882930 0
7.64 -9.01 1.92 22.23 2.31 45.405693 11.882930 0
9.22 -8.96 0.23 21.76 2.31 45.405693 11.882930 0
8.22 -5.86 3.13 21.69 2.31 45.405693 11.882930 0
7.12 -8.61 0.66 22.0 2.31 45.405693 11.882930 0
5.69 -8.09 1.58 24.23 2.72 45.405685 11.882930 1
5.89 -6.67 2.27 24.54 2.72 45.405685 11.882930 0
6.62 -7.85 0.91 22.69 2.72 45.405685 11.882930 1
6.99 -7.3 2.84 21.9 2.72 45.405685 11.882930 0
6.02 -8.17 1.9 21.75 2.72 45.405685 11.882930 0
6.54 -7.89 3.07 21.57 2.72 45.405685 11.882930 0
4.28 -9.4 1.56 21.49 2.72 45.405685 11.882930 0
6.05 -7.22 1.77 22.47 2.72 45.405685 11.882930 0
5.74 -7.76 1.4 22.67 2.72 45.405685 11.882930 0
5.83 -6.85 1.21 21.9 2.72 45.405685 11.882930 0
5.74 -7.79 3.0 22.26 2.72 45.405685 11.882930 0
6.32 -6.95 0.22 25.64 2.72 45.405685 11.882930 0
