5.31 -8.23 2.0 22.42 0.12 45.405723 11.882971 0
5.2 -8.2 2.19 22.42 0.12 45.405723 11.882971 0
5.73 -8.14 1.97 22.42 0.12 45.405723 11.882971 0
5.99 -7.69 2.44 22.36 0.12 45.405723 11.882971 0
6.44 -7.48 2.29 22.36 0.12 45.405723 11.882971 0
6.2 -7.65 2.26 22.67 0.12 45.405723 11.882971 0
6.2 -7.56 2.2 22.71 0.24 45.405724 11.882969 1
6.59 -7.31 2.02 22.26 0.24 45.405724 11.882969 0
6.78 -7.23 2.29 21.9 0.24 45.405724 11.882969 1
6.99 -7.0 2.04 22.35 0.24 45.405724 11.882969 0
7.22 -6.93 1.76 21.88 0.24 45.405724 11.882969 0
7.18 -7.1 1.88 22.35 0.24 45.405724 11.882969 0
7.02 -7.14 2.04 23.07 0.24 45.405724 11.882969 0
6.84 -6.35 1.76 22.86 0.24 45.405724 11.882969 0
7.51 -6.69 1.67 22.76 0.24 45.405724 11.882969 0
6.38 -6.99 2.4 22.07 0.24 45.405724 11.882969 0
6.62 -7.83 1.87 22.26 0.24 45.405724 11.882969 0
6.42 -7.62 1.68 22.05 0.24 45.405724 11.882969 0
6.34 -7.64 1.64 21.95 0.24 45.405724 11.882969 0
6.65 -7.44 1.54 22.76 0.24 45.405724 11.882969 0
6.51 -7.03 1.97 21.87 0.24 45.405724 11.882969 0
6.77 -7.25 2.3 23.17 0.24 45.405724 11.882969 0
6.35 -7.69 2.11 21.37 0.24 45.405724 11.882969 0
6.08 -7.52 2.25 22.14 0.16 45.405724 11.882967 1
6.3 -7.23 2.14 22.36 0.16 45.405724 11.882967 0
6.59 -7.21 2.17 22.47 0.16 45.405724 11.882967 1
6.22 -7.81 2.53 24.58 0.16 45.405724 11.882967 0
6.11 -7.76 2.12 22.42 0.16 45.405724 11.882967 0
5.8 -7.6 2.06 22.6 0.16 45.405724 11.882967 0
6.08 -7.15 2.37 22.24 0.16 45.405724 11.882967 0
6.0 -7.31 1.91 22.42 0.16 45.405724 11.882967 0
6.67 -8.58 2.91 21.64 0.16 45.405724 11.882967 0
6.23 -8.98 1.56 22.42 0.16 45.405724 11.882967 0
5.38 -8.0 1.5 21.95 0.16 45.405724 11.882967 0
6.04 -7.3 2.24 22.5 0.16 45.405724 11.882967 0
