5.59 -7.78 1.56 22.91 1.98 45.407370 11.879627 0
5.97 -6.81 1.61 22.67 1.98 45.407370 11.879627 0
6.54 -8.05 2.04 22.16 1.98 45.407370 11.879627 0
5.69 -8.47 2.19 21.49 1.98 45.407370 11.879627 0
6.1 -8.91 2.1 21.69 1.98 45.407370 11.879627 0
6.06 -7.88 1.75 21.69 1.98 45.407370 11.879627 0
6.16 -7.55 1.68 21.71 1.1 45.407369 11.879642 1
6.2 -7.68 1.76 21.73 1.1 45.407369 11.879642 1
6.09 -8.04 1.79 21.64 1.1 45.407369 11.879642 0
6.06 -8.21 1.77 22.14 1.1 45.407369 11.879642 0
5.88 -7.58 1.55 22.14 1.1 45.407369 11.879642 0
6.23 -7.95 1.48 23.07 1.1 45.407369 11.879642 0
6.48 -8.06 2.33 22.29 1.1 45.407369 11.879642 0
5.73 -7.93 1.89 24.1 1.1 45.407369 11.879642 0
5.87 -7.41 1.82 24.03 1.1 45.407369 11.879642 0
5.81 -8.87 1.92 22.96 1.1 45.407369 11.879642 0
5.89 -6.95 1.5 21.95 1.1 45.407369 11.879642 0
5.29 -7.6 1.33 20.17 1.1 45.407369 11.879642 0
6.78 -9.58 1.99 19.77 1.1 45.407369 11.879642 0
5.46 -9.98 1.89 20.46 1.1 45.407369 11.879642 0
5.85 -6.89 1.82 21.13 1.1 45.407369 11.879642 0
5.98 -7.48 1.7 21.64 1.1 45.407369 11.879642 0
5.42 -6.14 1.65 21.73 1.1 45.407369 11.879642 0
6.36 -8.09 1.86 21.57 1.85 45.407368 11.879668 1
6.23 -7.71 2.09 21.52 1.85 45.407368 11.879668 0
5.99 -8.1 1.56 21.95 1.85 45.407368 11.879668 1
5.38 -8.44 2.18 21.64 1.85 45.407368 11.879668 0
5.58 -8.08 2.12 21.52 1.85 45.407368 11.879668 0
5.35 -7.22 2.18 21.52 1.85 45.407368 11.879668 0
5.96 -7.94 1.7 21.08 1.85 45.407368 11.879668 0
6.59 -8.62 1.72 21.64 1.85 45.407368 11.879668 0
5.58 -7.36 1.71 21.71 1.85 45.407368 11.879668 0
5.91 -7.65 1.78 22.52 1.85 45.407368 11.879668 0
3.74 -6.34 1.44 22.29 1.85 45.407368 11.879668 0
6.1 -8.22 1.13 21.8 1.85 45.407368 11.879668 0
