7.46 -7.97 1.91 20.68 1.85 45.407368 11.879668 0
5.24 -8.5 2.07 20.8 1.85 45.407368 11.879668 0
5.75 -5.9 -0.45 22.71 1.85 45.407368 11.879668 0
6.5 -5.7 1.07 23.07 1.85 45.407368 11.879668 0
7.62 -9.35 1.86 25.95 1.85 45.407368 11.879668 0
6.21 -6.18 0.32 22.57 1.27 45.407365 11.879687 1
10.39 -6.86 -0.38 21.73 1.27 45.407365 11.879687 0
7.19 -9.85 0.37 21.78 1.27 45.407365 11.879687 1
5.26 -10.55 -1.78 22.52 1.27 45.407365 11.879687 0
8.04 -6.33 0.83 23.24 1.27 45.407365 11.879687 0
6.45 -5.32 2.86 22.43 1.27 45.407365 11.879687 0
3.89 -7.72 1.5 22.54 1.27 45.407365 11.879687 0
5.17 -9.63 0.8 22.29 1.27 45.407365 11.879687 0
4.72 -6.49 1.43 23.0 1.27 45.407365 11.879687 0
6.63 -7.41 1.78 23.79 1.27 45.407365 11.879687 0
7.01 -7.06 0.56 21.92 1.27 45.407365 11.879687 0
5.95 -10.4 0.22 23.07 1.27 45.407365 11.879687 0
5.72 -7.08 1.53 23.07 1.27 45.407365 11.879687 0
5.83 -6.99 0.75 21.56 1.27 45.407365 11.879687 0
7.13 -10.5 1.03 22.28 1.27 45.407365 11.879687 0
5.15 -7.34 2.35 22.23 1.27 45.407365 11.879687 0
5.79 -9.0 2.54 22.19 1.27 45.407365 11.879687 0
5.24 -6.89 1.39 21.33 1.27 45.407365 11.879687 0
5.44 -7.15 0.44 24.15 2.38 45.407358 11.879717 1
5.07 -6.41 1.82 22.93 2.38 45.407358 11.879717 0
4.68 -11.64 5.85 23.08 2.38 45.407358 11.879717 1
6.77 -7.63 1.1 22.96 2.38 45.407358 11.879717 0
4.63 -6.99 1.81 22.6 2.38 45.407358 11.879717 0
5.14 -9.12 0.94 23.46 2.38 45.407358 11.879717 0
4.43 -8.43 1.03 20.31 2.38 45.407358 11.879717 0
10.47 -6.56 0.52 21.2 2.38 45.407358 11.879717 0
8.05 -8.73 3.67 22.81 2.38 45.407358 11.879717 0
4.85 -4.93 1.42 24.9 2.38 45.407358 11.879717 0
4.62 -5.84 0.88 24.61 2.38 45.407358 11.879717 0
5.92 -7.5 2.28 22.35 2.38 45.407358 11.879717 0
