6.17 -7.31 2.35 22.29 0.16 45.407365 11.879572 0
6.68 -7.11 2.45 22.24 0.16 45.407365 11.879572 0
7.45 -6.73 2.36 22.24 0.16 45.407365 11.879572 0
7.83 -6.19 1.92 22.26 0.16 45.407365 11.879572 0
7.94 -6.21 2.25 22.23 0.16 45.407365 11.879572 0
7.66 -6.64 2.11 22.57 0.16 45.407365 11.879572 0
7.16 -6.77 2.13 22.14 0.12 45.407371 11.879573 1
7.14 -6.94 1.76 21.75 0.12 45.407371 11.879573 0
7.33 -6.7 2.25 22.19 0.12 45.407371 11.879573 1
7.0 -6.72 2.28 22.04 0.12 45.407371 11.879573 0
6.41 -7.3 2.31 22.0 0.12 45.407371 11.879573 0
5.98 -7.85 2.35 21.92 0.12 45.407371 11.879573 0
6.19 -7.69 2.17 21.83 0.12 45.407371 11.879573 0
6.85 -7.32 1.86 22.0 0.12 45.407371 11.879573 0
6.89 -6.8 1.8 21.9 0.12 45.407371 11.879573 0
7.02 -6.89 2.47 21.88 0.12 45.407371 11.879573 0
6.77 -7.16 2.49 21.85 0.12 45.407371 11.879573 0
6.79 -7.15 2.41 21.85 0.12 45.407371 11.879573 0
6.32 -7.86 1.82 21.85 0.12 45.407371 11.879573 0
6.09 -7.74 2.02 21.97 0.12 45.407371 11.879573 0
6.49 -7.4 2.14 22.6 0.12 45.407371 11.879573 0
5.7 -7.26 2.25 22.26 0.12 45.407371 11.879573 0
5.62 -7.94 1.8 21.68 0.12 45.407371 11.879573 0
6.51 -7.43 1.96 21.63 1.15 45.407373 11.879585 1
6.83 -7.31 1.52 21.78 1.15 45.407373 11.879585 0
5.92 -7.91 1.36 21.78 1.15 45.407373 11.879585 1
5.48 -7.85 1.4 21.88 1.15 45.407373 11.879585 0
5.85 -7.93 1.87 21.37 1.15 45.407373 11.879585 0
6.09 -7.56 2.06 21.33 1.15 45.407373 11.879585 0
5.85 -7.68 1.72 21.57 1.15 45.407373 11.879585 0
5.83 -8.18 1.69 21.28 1.15 45.407373 11.879585 0
6.13 -8.13 1.44 21.85 1.15 45.407373 11.879585 0
6.35 -7.87 1.86 21.75 1.15 45.407373 11.879585 0
6.39 -7.36 1.87 22.0 1.15 45.407373 11.879585 0
6.32 -7.23 1.9 22.54 1.15 45.407373 11.879585 0
