5.31 -5.75 1.58 22.09 2.38 45.407358 11.879717 0
8.34 -14.57 0.85 23.07 2.38 45.407358 11.879717 0
5.11 -6.45 0.72 22.04 2.38 45.407358 11.879717 0
4.74 -6.24 2.53 22.11 2.38 45.407358 11.879717 0
6.75 -7.46 -0.34 21.61 2.38 45.407358 11.879717 0
5.59 -8.82 1.83 21.51 2.0 45.407356 11.879743 1
4.29 -8.85 3.46 21.95 2.0 45.407356 11.879743 0
5.35 -5.47 2.96 22.17 2.0 45.407356 11.879743 1
6.11 -7.64 2.27 23.07 2.0 45.407356 11.879743 0
5.89 -7.12 2.05 21.63 2.0 45.407356 11.879743 0
6.99 -9.29 1.83 21.8 2.0 45.407356 11.879743 0
5.27 -8.04 1.75 22.74 2.0 45.407356 11.879743 0
4.36 -4.55 2.26 22.17 2.0 45.407356 11.879743 0
6.06 -7.38 2.41 22.64 2.0 45.407356 11.879743 0
5.02 -11.74 1.52 19.6 2.0 45.407356 11.879743 0
5.98 -7.11 2.22 19.96 2.0 45.407356 11.879743 0
7.11 -9.59 2.72 21.81 2.0 45.407356 11.879743 0
4.81 -8.71 1.4 24.92 2.0 45.407356 11.879743 0
4.47 -6.73 1.44 23.86 2.0 45.407356 11.879743 0
6.98 -5.22 1.92 25.93 2.0 45.407356 11.879743 0
6.06 -5.16 4.09 24.78 2.0 45.407356 11.879743 0
4.47 -10.72 1.29 23.89 2.0 45.407356 11.879743 0
5.83 -9.81 0.69 23.99 2.0 45.407356 11.879743 0
5.32 -9.24 1.6 24.03 1.89 45.407348 11.879766 1
7.56 -5.86 0.78 23.84 1.89 45.407348 11.879766 0
6.58 -8.41 3.24 22.67 1.89 45.407348 11.879766 1
4.46 -10.15 -1.27 24.16 1.89 45.407348 11.879766 0
7.61 -6.56 2.02 50.49 1.89 45.407348 11.879766 0
5.78 -6.14 -0.18 22.47 1.89 45.407348 11.879766 0
6.95 -10.64 -0.93 22.66 1.89 45.407348 11.879766 0
6.37 -6.9 1.92 23.44 1.89 45.407348 11.879766 0
4.1 -6.78 2.45 22.05 1.89 45.407348 11.879766 0
8.68 -9.23 1.86 23.03 1.89 45.407348 11.879766 0
5.38 -7.6 0.83 24.25 1.89 45.407348 11.879766 0
6.42 -10.3 0.29 22.35 1.89 45.407348 11.879766 0
