6.53 -8.2 0.43 22.96 1.62 45.406331 11.894366 1 0
5.18 -9.89 0.82 21.93 1.62 45.406331 11.894366 0 0
6.43 -6.42 2.12 22.78 1.62 45.406331 11.894366 1 0
4.88 -8.17 1.61 22.9 1.62 45.406331 11.894366 1 0
5.64 -7.34 1.9 22.48 1.62 45.406331 11.894366 1 0
6.24 -8.07 1.84 21.83 1.62 45.406331 11.894366 1 0
6.09 -7.13 1.74 21.52 1.62 45.406331 11.894366 1 0
5.36 -11.06 1.53 21.28 1.62 45.406331 11.894366 1 0
5.81 -7.33 1.61 22.81 1.62 45.406331 11.894366 1 0
4.78 -7.75 1.65 21.8 1.62 45.406331 11.894366 1 0
5.71 -7.46 1.63 22.17 1.62 45.406331 11.894366 1 0
6.42 -8.1 1.91 21.8 1.62 45.406331 11.894366 1 0
5.97 -7.72 1.85 23.22 1.62 45.406331 11.894366 1 0
5.09 -8.31 1.88 23.12 1.62 45.406331 11.894366 1 0
5.83 -7.11 1.59 22.35 1.62 45.406331 11.894366 1 0
6.25 -8.14 1.49 22.0 1.62 45.406331 11.894366 1 0
6.16 -8.15 1.85 22.43 1.55 45.406341 11.894391 0 0
5.95 -8.38 1.9 22.35 1.55 45.406341 11.894391 1 0
5.34 -7.09 1.92 22.19 1.55 45.406341 11.894391 0 0
5.8 -8.46 1.56 22.36 1.55 45.406341 11.894391 1 0
6.09 -8.07 1.86 21.83 1.55 45.406341 11.894391 1 0
5.54 -8.16 1.72 21.83 1.55 45.406341 11.894391 1 0
5.68 -8.46 1.7 21.44 1.55 45.406341 11.894391 1 0
6.12 -7.82 1.94 21.99 1.55 45.406341 11.894391 1 0
5.85 -7.66 1.9 22.81 1.55 45.406341 11.894391 1 0
5.82 -7.92 2.01 24.32 1.55 45.406341 11.894391 1 0
5.83 -7.6 1.76 22.35 1.55 45.406341 11.894391 1 0
5.93 -7.76 1.94 22.0 1.55 45.406341 11.894391 1 0
6.14 -8.58 1.72 21.92 1.55 45.406341 11.894391 1 0
6.02 -8.4 1.85 21.63 1.55 45.406341 11.894391 1 0
5.35 -7.86 1.51 22.66 1.55 45.406341 11.894391 1 0
5.66 -7.84 1.56 22.07 1.55 45.406341 11.894391 1 0
5.89 -7.6 1.59 23.12 1.55 45.406341 11.894391 1 0
6.18 -8.15 1.56 21.88 1.77 45.406357 11.894410 0 0
5.7 -8.2 1.71 22.45 1.77 45.406357 11.894410 1 0
