5.53 -7.56 1.74 21.33 1.73 45.406322 11.894303 0 1
5.37 -6.43 1.62 22.86 1.73 45.406322 11.894303 1 1
5.87 -7.24 1.88 21.06 1.73 45.406322 11.894303 1 1
5.27 -9.6 1.57 20.31 1.73 45.406322 11.894303 1 1
7.45 -10.04 2.08 21.23 1.73 45.406322 11.894303 1 1
7.85 -7.73 1.68 27.22 1.73 45.406322 11.894303 1 1
3.59 -8.12 1.67 25.76 1.73 45.406322 11.894303 1 1
3.5 -4.83 2.12 25.97 1.73 45.406322 11.894303 1 1
10.35 -13.78 6.22 21.11 1.73 45.406322 11.894303 1 1
6.02 -14.12 -1.32 19.77 1.73 45.406322 11.894303 1 1
8.56 -11.74 1.8 21.78 1.73 45.406322 11.894303 1 1
4.88 -6.86 0.45 21.69 1.73 45.406322 11.894303 1 1
2.75 -3.77 2.31 23.2 1.73 45.406322 11.894303 1 1
5.36 -7.49 2.12 22.11 1.73 45.406322 11.894303 1 1
5.01 -4.52 1.58 21.68 1.73 45.406322 11.894303 1 1
8.29 -10.23 1.23 20.36 1.73 45.406322 11.894303 1 1
6.78 -9.3 1.8 23.15 2.31 45.406324 11.894338 0 1
5.32 -8.21 1.81 24.85 2.31 45.406324 11.894338 1 1
5.69 -5.84 1.65 24.06 2.31 45.406324 11.894338 0 1
5.8 -6.91 1.64 23.62 2.31 45.406324 11.894338 1 1
7.1 -10.13 1.42 23.31 2.31 45.406324 11.894338 1 1
6.95 -10.58 0.57 22.95 2.31 45.406324 11.894338 1 1
4.0 -7.84 1.66 22.38 2.31 45.406324 11.894338 1 1
5.74 -9.25 3.41 21.23 2.31 45.406324 11.894338 1 1
7.36 -8.17 2.6 20.84 2.31 45.406324 11.894338 1 1
7.13 -8.22 0.98 21.8 2.31 45.406324 11.894338 1 1
5.83 -7.27 1.31 22.09 2.31 45.406324 11.894338 1 1
5.14 -6.87 1.66 22.52 2.31 45.406324 11.894338 1 1
5.44 -6.76 2.29 22.9 2.31 45.406324 11.894338 1 1
6.2 -7.6 2.41 22.66 2.31 45.406324 11.894338 1 1
6.99 -9.68 1.94 22.45 2.31 45.406324 11.894338 1 1
4.43 -8.36 1.58 22.36 2.31 45.406324 11.894338 1 1
4.55 -7.91 1.0 22.62 2.31 45.406324 11.894338 1 1
5.57 -8.31 2.09 22.0 1.62 45.406331 11.894366 0 1
7.18 -6.74 1.85 21.52 1.62 45.406331 11.894366 1 1
