5.97 -7.76 1.79 22.84 1.41 45.406317 11.893947 0 0
6.38 -7.76 1.95 22.45 1.41 45.406317 11.893947 1 0
5.87 -7.78 1.77 22.86 1.41 45.406317 11.893947 1 0
5.9 -7.6 1.76 21.93 1.41 45.406317 11.893947 1 0
5.8 -8.18 1.44 21.97 1.41 45.406317 11.893947 1 0
5.9 -7.75 1.63 22.28 1.41 45.406317 11.893947 1 0
5.69 -7.93 1.56 21.99 1.41 45.406317 11.893947 1 0
5.93 -7.84 1.54 22.91 1.41 45.406317 11.893947 1 0
5.93 -7.64 1.63 23.07 1.41 45.406317 11.893947 1 0
6.16 -8.16 1.65 22.04 1.41 45.406317 11.893947 1 0
5.97 -8.0 1.83 21.99 1.41 45.406317 11.893947 1 0
5.98 -7.29 1.99 22.42 1.41 45.406317 11.893947 1 0
5.9 -8.01 1.35 22.48 1.41 45.406317 11.893947 1 0
5.9 -7.84 1.6 22.09 1.41 45.406317 11.893947 1 0
6.24 -7.79 1.45 22.14 1.41 45.406317 11.893947 1 0
5.87 -7.65 2.03 22.42 1.41 45.406317 11.893947 1 0
5.8 -7.41 2.1 22.38 2.08 45.406321 11.893972 0 0
5.99 -7.89 1.81 22.35 2.08 45.406321 11.893972 1 0
6.16 -7.96 1.7 22.76 2.08 45.406321 11.893972 0 0
5.87 -7.96 1.97 22.31 2.08 45.406321 11.893972 1 0
5.63 -8.42 1.79 21.88 2.08 45.406321 11.893972 1 0
5.43 -7.9 2.21 22.84 2.08 45.406321 11.893972 1 0
5.71 -7.71 1.85 22.43 2.08 45.406321 11.893972 1 0
5.98 -7.83 1.28 24.11 2.08 45.406321 11.893972 1 0
5.96 -7.85 1.47 22.36 2.08 45.406321 11.893972 1 0
6.16 -8.09 1.86 23.68 2.08 45.406321 11.893972 1 0
5.83 -7.23 1.77 22.59 2.08 45.406321 11.893972 1 0
5.98 -8.0 1.87 22.45 2.08 45.406321 11.893972 1 0
6.04 -7.79 1.58 22.09 2.08 45.406321 11.893972 1 0
6.09 -7.79 1.78 21.95 2.08 45.406321 11.893972 1 0
5.95 -7.77 1.9 22.81 2.08 45.406321 11.893972 1 0
5.66 -7.91 1.98 23.72 2.08 45.406321 11.893972 1 0
6.28 -7.93 1.61 21.93 2.08 45.406321 11.893972 1 0
5.82 -8.11 1.55 22.59 1.77 45.406323 11.893995 0 0
5.92 -7.75 1.93 22.0 1.77 45.406323 11.893995 1 0
