5.71 -7.91 1.54 23.24 2.93 45.877600 12.307167 0
5.99 -7.74 1.85 24.39 2.93 45.877600 12.307167 0
5.73 -7.54 2.03 23.12 2.93 45.877600 12.307167 0
6.48 -7.88 1.93 23.12 3.02 45.877593 12.307130 1
6.03 -7.52 1.69 23.53 3.02 45.877593 12.307130 0
6.19 -7.92 1.89 26.58 3.02 45.877593 12.307130 1
5.91 -7.25 1.87 22.6 3.02 45.877593 12.307130 0
6.26 -7.23 1.72 23.17 3.02 45.877593 12.307130 0
5.58 -8.07 1.63 23.94 3.02 45.877593 12.307130 0
5.62 -7.83 1.84 22.54 3.02 45.877593 12.307130 0
5.75 -8.04 1.88 24.1 3.02 45.877593 12.307130 0
5.35 -8.23 1.61 22.83 3.02 45.877593 12.307130 0
5.57 -8.04 1.7 24.06 3.02 45.877593 12.307130 0
5.77 -7.71 1.87 22.78 3.02 45.877593 12.307130 0
6.4 -7.46 1.71 24.04 3.02 45.877593 12.307130 0
6.12 -7.99 2.4 23.14 3.02 45.877593 12.307130 0
5.77 -7.24 2.28 22.74 3.02 45.877593 12.307130 0
6.04 -7.24 2.44 25.11 3.02 45.877593 12.307130 0
6.09 -7.75 2.33 22.71 3.02 45.877593 12.307130 0
5.98 -7.98 1.91 25.21 3.19 45.877586 12.307089 1
5.72 -8.53 2.3 23.08 3.19 45.877586 12.307089 0
5.61 -8.58 1.8 26.15 3.19 45.877586 12.307089 1
5.54 -7.9 1.87 23.0 3.19 45.877586 12.307089 0
5.76 -7.84 1.99 25.3 3.19 45.877586 12.307089 0
6.19 -7.69 1.79 23.89 3.19 45.877586 12.307089 0
6.16 -7.3 1.69 23.07 3.19 45.877586 12.307089 0
6.17 -7.46 1.83 23.14 3.19 45.877586 12.307089 0
6.07 -7.41 1.98 22.86 3.19 45.877586 12.307089 0
6.04 -7.65 2.02 23.86 3.19 45.877586 12.307089 0
6.35 -7.8 2.32 22.74 3.19 45.877586 12.307089 0
6.14 -7.85 1.76 24.04 3.19 45.877586 12.307089 0
5.22 -8.58 1.83 23.48 3.19 45.877586 12.307089 0
5.52 -7.71 2.77 24.51 3.19 45.877586 12.307089 0
5.57 -8.01 1.68 23.22 3.19 45.877586 12.307089 0
6.22 -8.71 2.14 23.38 3.19 45.877586 12.307089 0
