5.91 -7.55 1.43 23.08 3.37 45.877566 12.306962 1
5.99 -7.44 1.7 22.55 3.37 45.877566 12.306962 0
6.14 -7.87 1.62 26.07 3.37 45.877566 12.306962 1
5.86 -7.18 1.87 22.66 3.37 45.877566 12.306962 0
5.82 -7.85 2.33 25.21 3.37 45.877566 12.306962 0
6.04 -7.74 1.73 27.51 3.37 45.877566 12.306962 0
5.64 -8.4 1.57 23.74 3.37 45.877566 12.306962 0
5.73 -8.06 1.37 23.99 3.37 45.877566 12.306962 0
5.91 -8.2 1.59 22.81 3.37 45.877566 12.306962 0
5.79 -7.82 2.01 24.03 3.37 45.877566 12.306962 0
5.88 -7.88 1.87 24.82 3.37 45.877566 12.306962 0
6.08 -8.06 1.74 23.53 3.37 45.877566 12.306962 0
6.21 -7.69 1.73 23.24 3.37 45.877566 12.306962 0
5.65 -7.2 1.4 24.01 3.37 45.877566 12.306962 0
5.52 -7.58 1.85 23.03 3.37 45.877566 12.306962 0
6.07 -8.49 1.85 23.22 3.37 45.877566 12.306962 0
5.99 -8.17 2.02 23.17 3.14 45.877559 12.306920 1
6.05 -8.08 1.66 22.95 3.14 45.877559 12.306920 0
5.86 -7.6 1.56 23.12 3.14 45.877559 12.306920 1
4.52 -7.89 1.9 22.69 3.14 45.877559 12.306920 0
3.33 -6.63 1.49 21.63 3.14 45.877559 12.306920 0
5.88 -7.72 1.77 20.91 3.14 45.877559 12.306920 0
8.96 -10.09 1.92 21.28 3.14 45.877559 12.306920 0
5.77 -8.52 2.11 24.61 3.14 45.877559 12.306920 0
5.45 -5.77 2.27 24.64 3.14 45.877559 12.306920 0
6.53 -6.31 3.07 22.38 3.14 45.877559 12.306920 0
6.59 -7.68 1.54 22.57 3.14 45.877559 12.306920 0
5.0 -15.71 -0.2 21.92 3.14 45.877559 12.306920 0
3.75 -5.28 1.36 22.91 3.14 45.877559 12.306920 0
7.84 -7.52 1.13 22.45 3.14 45.877559 12.306920 0
2.82 -4.21 1.96 22.43 3.14 45.877559 12.306920 0
5.52 -11.8 1.22 25.86 3.14 45.877559 12.306920 0
5.19 -9.27 2.66 24.18 3.14 45.877559 12.306920 0
3.74 -12.36 2.24 22.52 3.24 45.877543 12.306884 1
3.93 -2.32 2.54 25.12 3.24 45.877543 12.306884 0
