5.45 -8.19 1.1 23.94 2.76 45.877642 12.307381 0
5.52 -6.83 1.57 22.79 2.76 45.877642 12.307381 0
5.53 -8.12 1.54 22.79 2.76 45.877642 12.307381 0
5.45 -7.91 2.42 23.12 2.76 45.877642 12.307381 0
6.25 -8.37 1.81 23.03 2.76 45.877642 12.307381 0
5.92 -6.99 2.09 22.74 2.76 45.877642 12.307381 0
6.7 -7.23 1.48 22.42 2.76 45.877642 12.307381 0
6.2 -8.61 1.76 23.12 3.2 45.877636 12.307345 1
5.16 -7.5 2.31 22.54 3.2 45.877636 12.307345 0
5.92 -7.33 1.68 23.12 3.2 45.877636 12.307345 1
6.17 -7.63 2.18 22.69 3.2 45.877636 12.307345 0
6.02 -7.67 2.01 22.67 3.2 45.877636 12.307345 0
6.31 -8.4 2.24 22.95 3.2 45.877636 12.307345 0
5.32 -6.94 1.64 22.6 3.2 45.877636 12.307345 0
5.76 -8.01 1.56 23.15 3.2 45.877636 12.307345 0
6.15 -8.4 1.92 23.03 3.2 45.877636 12.307345 0
6.12 -7.66 1.77 23.58 3.2 45.877636 12.307345 0
6.03 -8.08 2.06 26.75 3.2 45.877636 12.307345 0
6.02 -7.62 1.21 23.65 3.2 45.877636 12.307345 0
5.86 -7.66 1.73 23.12 3.2 45.877636 12.307345 0
5.76 -7.42 1.73 23.53 3.2 45.877636 12.307345 0
5.83 -8.32 1.2 22.54 3.2 45.877636 12.307345 0
6.46 -7.51 1.64 22.86 3.2 45.877636 12.307345 0
6.17 -7.67 1.8 22.71 3.2 45.877636 12.307345 0
5.37 -7.26 1.8 24.3 3.04 45.877629 12.307308 1
5.76 -8.05 2.03 23.38 3.04 45.877629 12.307308 0
5.55 -8.16 2.37 24.58 3.04 45.877629 12.307308 1
5.98 -8.1 2.14 23.82 3.04 45.877629 12.307308 0
5.67 -7.46 1.82 22.93 3.04 45.877629 12.307308 0
5.86 -7.55 1.9 23.75 3.04 45.877629 12.307308 0
5.91 -7.12 1.88 23.12 3.04 45.877629 12.307308 0
6.05 -7.98 1.93 22.79 3.04 45.877629 12.307308 0
6.41 -7.71 1.78 23.68 3.04 45.877629 12.307308 0
6.2 -7.85 1.72 22.78 3.04 45.877629 12.307308 0
6.08 -7.8 1.57 23.12 3.04 45.877629 12.307308 0
