5.64 -7.86 1.44 23.32 2.62 45.877613 12.307241 0
5.59 -7.85 1.3 23.22 2.62 45.877613 12.307241 0
5.83 -7.59 1.46 24.01 2.62 45.877613 12.307241 0
6.03 -7.81 1.71 23.34 2.62 45.877613 12.307241 0
6.12 -7.8 1.92 23.5 3.04 45.877607 12.307204 1
5.67 -7.52 2.13 22.5 3.04 45.877607 12.307204 0
5.74 -7.69 2.12 22.62 3.04 45.877607 12.307204 1
6.12 -8.2 1.85 22.93 3.04 45.877607 12.307204 0
6.03 -7.6 2.02 22.45 3.04 45.877607 12.307204 0
5.88 -7.45 1.69 23.02 3.04 45.877607 12.307204 0
6.09 -7.72 1.68 23.03 3.04 45.877607 12.307204 0
5.96 -7.8 1.62 22.66 3.04 45.877607 12.307204 0
6.0 -7.59 1.69 23.65 3.04 45.877607 12.307204 0
5.91 -8.1 1.75 22.79 3.04 45.877607 12.307204 0
5.85 -7.66 1.83 23.17 3.04 45.877607 12.307204 0
5.97 -7.75 2.03 27.73 3.04 45.877607 12.307204 0
6.2 -7.79 1.99 23.19 3.04 45.877607 12.307204 0
6.03 -7.91 1.91 23.58 3.04 45.877607 12.307204 0
5.91 -7.83 2.02 22.67 3.04 45.877607 12.307204 0
6.11 -7.43 1.62 23.48 3.04 45.877607 12.307204 0
6.2 -7.42 1.67 22.98 3.04 45.877607 12.307204 0
5.95 -8.54 1.57 23.02 2.93 45.877600 12.307167 1
5.58 -7.68 1.7 23.1 2.93 45.877600 12.307167 0
6.09 -8.15 1.58 23.19 2.93 45.877600 12.307167 1
5.88 -7.49 1.87 23.12 2.93 45.877600 12.307167 0
5.87 -7.88 1.55 22.62 2.93 45.877600 12.307167 0
6.26 -8.13 2.11 22.96 2.93 45.877600 12.307167 0
5.93 -7.76 2.39 23.58 2.93 45.877600 12.307167 0
6.29 -8.2 2.08 23.2 2.93 45.877600 12.307167 0
5.89 -8.01 1.92 23.19 2.93 45.877600 12.307167 0
6.0 -7.51 2.01 22.83 2.93 45.877600 12.307167 0
6.07 -7.85 1.77 22.79 2.93 45.877600 12.307167 0
5.9 -7.56 1.79 25.26 2.93 45.877600 12.307167 0
5.94 -8.12 2.07 23.27 2.93 45.877600 12.307167 0
5.65 -7.85 2.16 23.22 2.93 45.877600 12.307167 0
