5.84 -8.38 1.24 21.57 3.78 45.398478 11.877873 0
5.92 -7.85 1.64 22.16 3.89 45.398512 11.877860 1
6.0 -7.2 2.07 22.23 3.89 45.398512 11.877860 0
5.91 -7.66 1.53 21.9 3.89 45.398512 11.877860 1
6.68 -8.16 1.54 21.81 3.89 45.398512 11.877860 0
6.27 -8.03 1.56 22.05 3.89 45.398512 11.877860 0
5.91 -7.84 1.82 22.07 3.89 45.398512 11.877860 0
5.66 -7.21 1.35 22.21 3.89 45.398512 11.877860 0
5.72 -8.3 1.86 21.97 3.89 45.398512 11.877860 0
5.75 -8.19 1.46 22.05 3.89 45.398512 11.877860 0
5.62 -8.27 1.45 22.12 3.89 45.398512 11.877860 0
5.71 -7.76 1.96 22.57 3.89 45.398512 11.877860 0
6.03 -7.77 2.02 22.16 3.89 45.398512 11.877860 0
