6.31 -7.68 2.08 22.55
6.28 -7.66 1.99 22.21
5.85 -7.78 2.24 22.12
6.20 -7.52 2.27 22.05
6.10 -7.51 2.23 22.35
5.96 -8.41 1.81 21.85 2.34  45.406274 11.895089
5.48 -7.79 1.65 21.87
5.61 -8.06 1.43 21.90 2.34  45.406274 11.895089
5.84 -8.07 1.35 22.35
5.68 -8.02 1.44 22.36
5.70 -7.76 1.64 22.42
5.74 -8.35 1.72 21.97
5.80 -7.67 2.10 22.31
6.02 -7.53 2.35 22.54
5.88 -7.61 1.86 21.66
5.96 -8.03 1.63 22.11
5.79 -8.25 1.83 23.02
5.51 -8.15 1.37 22.21
5.47 -7.95 1.50 23.03
6.09 -8.02 1.54 22.12
5.71 -7.98 1.85 22.11
5.90 -8.01 1.91 21.39
5.89 -7.98 1.32 22.76
5.60 -8.03 2.01 22.00 2.70  45.406280 11.895123
5.48 -8.16 2.01 22.00
5.73 -7.90 1.74 21.95 2.70  45.406280 11.895123
5.56 -7.66 1.83 22.76
6.02 -8.10 1.86 21.90
5.83 -7.94 1.79 21.88
5.65 -7.88 1.74 22.40
5.68 -7.96 1.52 22.11
5.79 -7.75 1.72 22.11
5.90 -7.98 1.35 22.09
5.76 -7.99 1.56 22.07
5.52 -8.03 1.90 22.11
5.70 -7.86 1.89 22.05
5.93 -7.90 1.83 22.04
5.74 -8.02 1.78 22.07
5.69 -7.82 1.80 22.12
5.65 -7.84 1.80 21.99
5.79 -7.87 1.89 22.35 2.40  45.406283 11.895156
5.90 -8.05 1.59 21.85
5.80 -7.91 1.81 21.85 2.40  45.406283 11.895156
5.75 -7.98 1.66 21.83
5.74 -7.94 1.82 21.87
5.79 -7.82 1.69 21.90
5.79 -7.89 1.72 21.85
5.79 -7.88 1.63 22.78
5.72 -7.79 1.76 22.59
5.86 -8.00 1.83 22.12
5.81 -7.92 1.79 22.19
5.88 -7.84 1.78 22.57
5.71 -8.01 1.72 22.11
5.94 -7.87 1.85 22.57
5.91 -8.15 1.74 22.16
5.77 -7.81 1.65 22.59
5.77 -7.93 1.46 22.07
5.85 -7.86 1.73 21.90
5.85 -8.19 1.56 21.93 2.38  45.406290 11.895189
5.84 -8.04 1.87 21.87
5.62 -7.87 1.83 21.95 2.38  45.406290 11.895189
5.87 -7.84 1.66 22.00
5.77 -8.19 1.66 21.97
5.70 -7.73 1.41 22.88
5.93 -7.59 1.73 21.95
5.83 -7.66 1.93 21.93
6.04 -7.83 1.43 21.56
5.66 -8.20 1.30 21.97
5.57 -7.72 1.84 22.05
6.11 -7.89 1.58 22.11
5.48 -7.44 2.12 22.11
6.15 -7.95 1.61 21.97
5.92 -7.61 2.20 21.90
6.33 -7.74 1.37 22.72
6.21 -7.98 1.62 21.88
5.94 -7.82 2.04 22.66 2.45  45.406301 11.895222
6.08 -7.27 1.69 22.31
5.87 -7.36 1.99 22.19 2.45  45.406301 11.895222
6.11 -7.48 1.99 22.47
6.03 -8.39 1.89 21.87
5.85 -8.11 1.79 22.57
5.75 -8.19 1.73 21.80
5.69 -7.81 2.00 21.95
5.80 -7.45 1.60 21.54
5.70 -8.04 1.78 21.90
5.80 -7.84 1.77 21.87
6.05 -7.87 1.82 21.95
5.60 -7.68 1.89 22.05
6.10 -7.33 1.76 22.02
6.05 -7.74 1.89 22.05
6.26 -7.66 1.58 21.64
6.10 -8.42 1.88 22.55
6.32 -7.50 1.82 22.47
5.00 -7.75 1.62 23.07 2.72  45.406307 11.895257
5.09 -7.63 1.64 23.58
5.53 -8.36 1.97 21.49 2.72  45.406307 11.895257
5.62 -8.07 1.48 21.25
6.10 -10.50 1.90 22.45
5.88 -7.72 2.32 22.42
5.60 -6.51 1.65 22.16
5.66 -7.01 1.62 23.24
5.80 -7.36 1.77 22.91
6.67 -7.27 1.75 22.12
6.75 -8.83 2.10 21.85
5.94 -8.49 2.07 48.65
5.96 -7.94 1.68 22.12
5.54 -8.18 2.00 22.26
5.57 -7.63 2.14 22.31
5.60 -8.05 1.92 22.57
5.94 -8.26 1.83 21.92
5.87 -7.79 1.70 21.71 2.71  45.406312 11.895292
5.85 -7.95 1.68 22.60
6.03 -8.29 1.88 22.00 2.71  45.406312 11.895292
5.95 -7.24 1.97 21.95
5.54 -7.56 1.72 22.04
5.99 -8.06 1.83 22.29
6.07 -7.71 1.53 21.95
6.08 -7.99 1.41 23.20
5.60 -7.77 1.47 22.86
5.66 -8.07 1.79 21.95
5.48 -8.00 1.84 22.05
5.84 -7.88 1.62 22.07
5.41 -7.37 1.97 22.52
5.89 -7.88 1.51 21.90
5.75 -8.30 2.58 21.95
5.54 -7.93 2.29 22.43
6.08 -7.52 1.79 49.03
5.60 -7.76 1.36 22.35
5.71 -7.93 1.90 21.88 2.44  45.406317 11.895325
5.84 -7.78 1.55 21.88
6.07 -7.93 1.52 21.80 2.44  45.406317 11.895325
5.53 -8.01 1.84 22.29
5.66 -8.02 1.79 22.00
5.34 -8.03 2.21 22.35
5.69 -7.80 1.95 22.47
5.73 -8.12 1.80 23.84
5.49 -8.06 1.84 23.44
5.84 -8.11 1.95 22.57
5.75 -8.03 1.80 22.74
5.82 -7.58 1.95 22.33
5.68 -7.73 1.77 22.24
5.85 -8.16 1.88 22.62
5.60 -7.86 1.82 22.93
6.16 -8.59 1.35 22.64
5.61 -7.89 1.55 22.09
5.81 -7.68 1.32 21.95 2.98  45.406321 11.895361
5.95 -7.99 1.20 22.86
5.50 -7.89 1.83 21.87 2.98  45.406321 11.895361
5.47 -8.37 1.78 21.85
5.25 -8.03 1.72 23.67
5.66 -7.86 1.47 22.45
5.80 -7.70 1.72 22.81
5.44 -7.98 1.80 25.35
5.88 -8.23 2.00 22.33
5.65 -8.09 2.09 28.93
5.37 -8.03 1.47 22.48
5.49 -7.72 1.97 24.08
5.87 -8.10 1.27 22.57
5.52 -7.70 1.60 23.32
5.71 -8.03 1.92 21.90
5.70 -7.91 1.51 22.43
5.68 -8.35 1.85 22.35
5.54 -7.35 1.61 21.88
5.92 -8.02 1.49 21.95 2.75  45.406322 11.895399
6.13 -8.01 1.77 21.92
5.60 -7.86 2.00 22.35 2.75  45.406322 11.895399
5.63 -7.87 2.08 21.88
5.80 -8.03 2.05 21.92
6.01 -8.05 1.74 22.26
5.74 -7.99 1.44 22.78
5.77 -7.84 1.29 21.61
5.91 -8.04 1.67 22.02
5.52 -8.21 1.73 22.09
5.74 -7.74 1.64 22.05
5.78 -8.05 1.72 22.05
6.05 -7.88 1.32 22.54
5.77 -7.66 1.52 22.11
5.44 -7.63 1.53 22.42
5.97 -7.90 1.69 22.36
6.12 -8.47 1.45 22.11
6.19 -7.86 1.76 22.31 3.08  45.406322 11.895438
5.43 -7.71 1.67 23.41
5.74 -7.93 1.87 22.29 3.08  45.406322 11.895438
5.85 -8.24 1.93 23.20
5.99 -7.11 1.68 21.93
5.79 -8.62 1.95 21.90
6.17 -8.12 1.82 22.19
5.65 -7.80 1.81 22.29
5.63 -7.98 1.61 29.24
5.70 -7.95 1.99 22.98
5.94 -8.37 1.27 22.02
5.43 -7.08 1.91 22.42
5.56 -8.68 1.62 21.85
6.00 -7.78 1.76 21.87
5.58 -7.87 1.83 21.87
5.54 -7.85 1.74 24.03
5.88 -8.04 1.66 21.95
6.20 -7.83 1.83 21.88
5.03 -7.58 1.79 21.69 2.80  45.406326 11.895475
3.92 -8.01 1.72 20.87
9.24 -7.16 1.94 21.64 2.80  45.406326 11.895475
4.72 -8.91 1.62 22.16
4.13 -7.18 1.23 24.23
6.68 -7.01 0.99 23.31
4.40 -4.95 1.30 21.49
6.96 -16.91 1.49 24.32
7.40 -7.94 1.92 23.38
3.41 -6.76 1.53 25.43
6.86 -9.07 2.00 23.20
6.03 -8.09 1.44 21.18
7.73 -5.37 1.74 22.11
6.25 -11.99 1.99 21.92
5.07 -4.90 0.81 23.07
2.98 -6.62 1.72 22.71
2.85 -5.31 1.76 21.08
5.77 -11.10 1.28 20.97 2.73  45.406329 11.895511
8.52 -8.74 2.30 21.23
4.10 -8.18 0.92 22.62 2.73  45.406329 11.895511
4.27 -7.54 1.54 22.95
5.28 -6.68 1.83 23.00
6.24 -5.80 2.35 21.95
7.22 -10.80 2.28 21.49
7.22 -8.35 1.86 22.14
4.65 -8.16 1.25 22.00
4.33 -7.81 1.59 21.97
5.59 -7.82 1.61 21.80
6.80 -8.04 1.61 21.75
5.97 -8.13 1.38 21.87
5.11 -8.21 1.77 22.00
5.64 -8.15 1.27 21.95
5.94 -7.80 1.63 22.40
5.97 -8.02 1.52 21.95
6.05 -7.95 1.69 21.85
5.63 -8.06 1.89 22.21 2.56  45.406335 11.895545
5.78 -7.81 1.94 22.31
5.59 -7.86 1.99 22.76 2.56  45.406335 11.895545
5.91 -7.98 1.64 22.26
5.74 -8.02 1.76 22.57
5.53 -8.08 1.70 22.26
5.98 -7.97 1.62 21.90
5.94 -7.90 1.67 21.93
5.83 -7.93 1.61 22.26
5.80 -7.85 2.03 24.80
5.69 -7.97 1.81 22.96
5.91 -7.86 1.83 22.36
5.87 -8.12 1.72 21.97
5.82 -8.27 1.49 22.11
5.51 -7.77 1.79 23.02
5.82 -7.89 1.84 22.16
5.91 -7.85 1.67 22.42
5.81 -7.91 1.54 21.88 1.59  45.406342 11.895566
5.72 -7.76 1.94 21.90
5.86 -8.10 1.62 21.85 1.59  45.406342 11.895566
5.71 -7.84 1.81 22.26
5.75 -8.00 1.27 22.72
5.93 -7.62 1.59 21.85
5.67 -8.26 2.05 22.71
5.62 -7.55 1.83 22.31
6.00 -7.93 1.58 21.95
6.08 -7.99 1.67 22.52
5.69 -7.80 1.64 22.12
5.64 -7.90 1.24 22.05
6.18 -8.28 1.57 22.35
6.02 -7.97 1.89 21.85
5.80 -8.37 1.54 21.95
5.77 -8.06 1.95 22.98
5.65 -7.56 1.77 22.62
5.86 -7.75 1.50 21.83
6.16 -8.06 1.72 21.85 2.49  45.406346 11.895599
