5.57 -8.06 1.57 22.00
5.91 -7.82 1.82 22.45 1.17  45.406338 11.894979
5.73 -7.67 1.64 22.36
5.97 -7.73 1.33 21.93 1.17  45.406338 11.894979
6.05 -8.11 1.23 21.88
5.90 -7.82 1.33 22.31
5.73 -7.89 1.49 21.90
5.77 -7.95 1.53 22.35
5.79 -7.98 1.48 21.90
5.83 -7.82 1.93 22.47
5.80 -7.79 1.95 22.23
5.78 -7.85 1.88 21.85
6.00 -7.99 2.14 22.21
5.85 -8.08 2.05 22.16
5.78 -8.11 1.85 21.27
5.57 -8.11 1.75 21.54
5.62 -8.09 1.84 21.56
5.82 -8.18 2.00 22.31
5.63 -8.05 1.92 21.80
5.57 -8.13 1.78 21.71 1.23  45.406341 11.894959
5.59 -8.32 1.77 21.73
5.96 -8.04 2.22 21.85 1.23  45.406341 11.894959
5.56 -8.15 1.88 21.69
5.61 -8.24 1.78 21.35
5.67 -8.24 1.85 21.83
5.55 -8.36 2.03 22.40
5.68 -8.13 2.12 21.81
5.75 -8.06 2.09 21.90
5.47 -8.11 1.83 21.81
5.68 -8.07 2.34 22.05
5.79 -8.40 2.13 22.35
5.68 -8.10 2.25 21.90
6.15 -7.87 2.34 21.27
6.12 -8.10 2.24 21.59
5.72 -8.36 1.87 21.56
5.88 -8.34 1.64 20.92
5.91 -8.26 1.90 21.80 0.74  45.406335 11.894945
5.91 -8.41 2.00 21.69
5.97 -8.07 2.31 21.28 0.74  45.406335 11.894945
5.80 -7.88 2.20 21.21
5.84 -8.30 2.25 20.70
5.81 -8.56 2.35 21.18
5.46 -8.52 2.07 21.20
5.31 -8.50 2.42 21.64
5.15 -8.77 2.52 21.35
5.11 -8.97 2.20 21.40
4.92 -8.71 2.16 25.33
4.95 -8.82 1.67 20.89
5.16 -8.95 1.84 20.87
5.07 -8.91 1.76 22.24
5.12 -8.92 1.64 21.06
5.35 -8.32 1.69 21.23
5.53 -8.16 1.78 21.13
5.39 -8.09 1.89 21.04
5.45 -8.32 1.66 21.30 1.25  45.406332 11.894947
6.28 -7.58 1.70 22.21
6.79 -7.39 1.09 21.78 1.25  45.406332 11.894947
6.64 -7.60 1.13 22.38
6.48 -7.01 1.41 22.14
6.48 -7.31 1.27 22.14
6.38 -7.34 0.89 22.29
6.69 -7.56 0.65 22.00
6.95 -7.24 0.94 22.00
7.85 -6.93 2.29 22.36
6.89 -7.37 1.41 22.98
6.78 -7.50 0.44 21.90
6.65 -7.36 0.43 22.35
6.51 -7.87 0.52 21.87
6.42 -7.56 0.81 21.85
6.71 -8.24 1.28 21.51
5.43 -7.86 0.74 21.95
4.91 -8.35 0.63 21.93 1.70  45.406331 11.894964
5.31 -8.44 1.37 21.90
5.69 -8.27 2.18 22.35 1.70  45.406331 11.894964
5.97 -7.49 2.07 21.95
6.14 -7.65 1.89 22.38
6.36 -7.27 2.36 21.95
6.50 -7.29 2.41 21.95
6.52 -7.18 2.58 21.95
6.84 -7.34 2.48 22.42
6.81 -6.96 2.44 21.85
7.25 -7.03 2.65 21.85
6.90 -7.26 2.84 21.87
6.27 -7.52 3.08 21.59
5.64 -7.64 2.58 22.57
5.43 -7.80 2.04 21.73
5.56 -8.50 1.61 22.21
5.48 -7.88 1.57 22.55
5.54 -8.12 1.49 21.90
5.97 -7.66 1.54 22.24 2.01  45.406331 11.894984
6.24 -7.37 1.39 21.75
6.47 -7.78 1.51 21.69 2.01  45.406331 11.894984
6.50 -7.13 1.48 21.85
6.30 -7.74 1.52 21.95
6.23 -7.44 1.46 22.50
5.98 -7.84 1.38 22.29
5.88 -8.00 1.90 22.62
5.78 -8.16 1.84 22.11
5.43 -8.45 1.70 22.21
5.73 -7.92 1.88 22.31
5.70 -8.07 1.87 22.64
5.50 -7.89 2.09 22.26
5.87 -7.77 1.99 22.62
6.09 -7.89 2.19 22.16
5.98 -7.78 2.03 22.02
6.05 -7.73 1.94 21.95
6.29 -7.77 1.69 21.93 2.35  45.406332 11.895008
6.11 -7.55 1.92 21.95
6.04 -7.64 2.13 22.05 2.35  45.406332 11.895008
5.75 -7.80 2.15 22.36
5.72 -8.17 2.17 22.88
5.98 -7.56 2.22 21.85
6.25 -7.72 2.00 22.60
5.89 -7.61 1.61 21.69
6.02 -8.22 1.04 22.05
6.25 -8.31 1.50 22.05
5.97 -7.81 1.54 21.63
5.95 -7.54 1.33 21.59
5.96 -7.40 1.32 22.00
6.13 -7.88 1.52 21.95
6.07 -7.53 1.67 22.38
6.06 -7.96 1.88 22.47
5.80 -7.83 1.94 22.00
5.51 -7.61 2.01 22.05
5.78 -8.05 1.65 21.49 2.63  45.406333 11.895038
6.04 -7.69 1.72 21.93
5.83 -8.20 1.54 21.87 2.63  45.406333 11.895038
5.58 -7.68 1.81 22.00
5.58 -8.00 1.87 21.80
5.80 -8.01 1.88 22.04
5.74 -8.06 1.96 21.88
5.59 -7.51 1.70 22.21
5.91 -7.94 1.69 22.16
5.91 -8.11 1.67 22.11
6.24 -7.64 1.72 22.07
5.66 -7.83 1.55 22.54
5.86 -7.91 1.48 22.57
5.81 -7.92 1.57 22.05
5.87 -8.10 1.62 22.47
5.66 -8.02 1.65 21.97
5.80 -8.10 1.48 21.95
5.91 -7.71 1.61 21.83 2.92  45.406338 11.895073
5.81 -7.84 1.62 21.90
5.73 -7.64 1.76 21.83 2.92  45.406338 11.895073
6.07 -8.02 1.72 22.19
5.62 -8.23 1.73 21.81
5.94 -7.56 1.66 22.36
5.72 -7.83 1.59 22.21
6.26 -7.95 1.64 21.90
5.34 -7.74 2.25 22.48
5.94 -8.12 1.89 22.21
5.82 -8.00 1.56 21.87
5.69 -8.68 1.85 21.69
5.83 -7.64 1.96 24.18
6.22 -7.94 2.22 22.00
6.20 -7.59 2.07 21.57
5.53 -8.11 2.02 22.00
5.40 -8.06 2.09 22.00
5.63 -8.04 1.81 21.88
5.88 -7.94 1.67 22.60 2.70  45.406340 11.895108
5.84 -7.69 1.67 22.29
5.84 -7.88 1.43 22.31 2.70  45.406340 11.895108
5.71 -7.85 1.67 21.95
5.60 -7.92 1.68 22.35
5.79 -7.87 1.71 21.92
6.00 -7.93 1.69 21.51
5.85 -7.78 1.51 21.85
5.80 -7.72 1.56 22.07
5.76 -8.15 1.64 22.05
5.90 -7.92 1.56 21.64
5.69 -7.64 1.92 22.09
5.59 -8.08 1.78 22.02
5.97 -7.96 1.78 22.05
5.78 -7.93 1.66 22.05
5.65 -7.78 1.77 22.42
5.83 -7.86 1.80 22.69
5.86 -8.03 1.90 21.81 2.65  45.406340 11.895141
5.90 -7.96 1.74 21.95
5.76 -8.02 1.65 21.88 2.65  45.406340 11.895141
5.71 -7.52 1.89 22.04
5.78 -7.95 1.82 22.47
5.98 -7.85 1.71 22.40
5.61 -8.00 1.77 21.88
5.86 -7.85 1.61 22.69
5.85 -7.98 1.82 22.16
5.66 -7.82 1.76 22.11
5.82 -7.91 1.70 22.05
5.86 -7.98 1.75 22.38
5.92 -7.92 1.85 22.00
5.72 -8.18 1.76 24.44
5.61 -7.71 1.80 22.52
5.73 -7.81 1.67 22.00
6.03 -8.21 1.89 22.79
5.95 -7.95 1.87 21.90
5.53 -8.12 1.68 21.87 2.93  45.406340 11.895178
5.83 -7.72 1.64 21.93
5.72 -7.81 1.78 21.88 2.93  45.406340 11.895178
5.82 -7.89 1.77 22.29
5.68 -7.80 1.77 21.90
5.74 -7.87 1.71 21.80
5.57 -7.60 1.83 21.44
5.34 -8.11 1.73 21.64
6.12 -7.72 2.10 21.69
5.86 -8.42 1.86 21.90
6.34 -7.89 1.76 22.47
5.28 -7.40 1.87 23.14
5.67 -7.59 1.72 22.64
6.41 -7.70 1.27 23.02
6.06 -8.45 1.75 22.16
6.07 -8.34 1.55 22.23
5.47 -8.77 1.81 21.81
5.58 -7.56 1.54 21.87 2.55  45.406352 11.895204
5.66 -7.65 1.62 21.78
6.04 -7.61 1.68 22.71 2.55  45.406352 11.895204
5.79 -8.13 1.71 21.49
5.66 -7.79 1.60 21.39
5.72 -7.78 1.80 21.93
5.48 -8.00 1.69 21.85
6.17 -7.73 1.70 21.90
5.73 -7.94 1.81 22.16
7.10 -8.26 1.69 22.57
4.81 -7.20 1.67 23.20
5.10 -7.91 1.47 22.57
6.51 -7.74 1.66 21.57
5.56 -8.03 1.80 20.99
5.44 -7.85 2.09 21.85
6.42 -9.68 1.99 21.90
5.31 -6.40 2.07 22.95
4.84 -7.28 1.64 23.98
6.13 -7.06 1.63 22.36 3.25  45.406356 11.895242
6.10 -7.47 1.70 22.09
6.68 -8.56 1.73 21.83 3.25  45.406356 11.895242
5.85 -8.81 1.73 22.17
5.96 -7.98 1.72 22.05
5.80 -8.29 1.78 22.60
6.08 -7.34 2.01 22.24
5.85 -7.75 1.94 22.12
5.96 -8.28 1.82 22.12
6.03 -8.04 1.96 23.20
5.25 -8.07 1.94 22.00
5.62 -8.24 1.77 51.28
5.60 -7.76 1.67 22.24
5.50 -7.78 1.92 22.16
6.29 -8.19 0.89 22.21
6.00 -7.92 1.72 22.48
5.99 -7.78 1.82 22.05
5.66 -7.73 1.95 22.40 3.17  45.406357 11.895281
5.85 -7.87 1.91 22.19
5.90 -7.93 1.84 21.90 3.17  45.406357 11.895281
5.95 -8.14 2.06 22.29
5.57 -7.66 2.10 21.90
5.79 -7.84 1.77 22.29
5.75 -7.86 1.72 22.69
5.76 -8.08 1.57 22.74
5.83 -7.86 1.63 22.11
5.88 -7.86 1.75 22.16
5.51 -7.86 1.78 22.62
5.77 -7.69 1.62 22.57
5.83 -8.01 1.61 22.43
5.84 -7.82 1.50 21.64
5.85 -7.71 1.93 22.05
5.71 -7.89 1.76 22.05
6.07 -7.97 1.85 22.48
5.91 -7.59 1.89 22.47
5.78 -7.67 1.59 21.95 2.94  45.406357 11.895321
5.75 -8.15 1.74 21.83
5.87 -8.17 1.73 21.93 2.94  45.406357 11.895321
5.94 -7.95 1.86 22.96
5.82 -7.66 1.70 22.14
5.65 -8.05 1.90 22.50
6.00 -7.71 1.83 23.51
6.13 -7.70 1.82 22.62
5.83 -9.15 1.31 22.62
6.18 -7.71 1.70 22.67
4.90 -7.58 1.57 22.00
5.78 -7.92 1.90 21.87
5.83 -8.53 1.82 23.63
6.27 -7.44 1.29 22.36
5.15 -8.53 1.70 23.38
5.64 -7.17 1.66 22.16
5.33 -8.02 2.05 21.90
6.01 -7.89 2.23 22.33 3.06  45.406353 11.895362
5.39 -8.42 2.20 22.00
5.99 -7.88 1.30 23.32 3.06  45.406353 11.895362
5.78 -7.56 1.07 22.42
5.97 -7.78 1.22 21.90
6.06 -7.92 1.49 21.90
5.74 -7.92 1.90 22.35
5.60 -7.94 1.97 22.40
5.73 -7.74 1.84 23.02
5.83 -7.97 1.83 22.52
5.90 -7.86 1.59 22.48
5.91 -7.83 1.70 22.52
5.33 -7.97 1.98 22.11
6.23 -8.00 1.81 22.11
5.72 -7.95 1.92 22.52
5.65 -7.79 1.87 22.07
5.78 -7.98 1.87 22.52
5.78 -8.01 1.53 22.24
5.93 -7.78 2.01 22.00 2.99  45.406352 11.895401
5.61 -8.12 1.55 22.38
5.96 -7.80 1.81 21.88 2.99  45.406352 11.895401
5.85 -7.93 1.96 21.85
6.24 -7.98 1.50 22.04
5.53 -8.01 1.56 22.31
5.92 -7.53 1.53 21.97
5.65 -8.23 1.42 22.26
6.21 -7.70 1.66 22.02
5.74 -8.16 1.82 23.39
5.65 -7.89 1.97 22.76
5.78 -7.62 1.81 22.55
6.25 -7.82 1.62 22.42
6.02 -8.90 1.52 22.07
5.28 -7.91 1.94 22.57
5.22 -8.00 1.65 22.11
5.74 -7.77 1.50 21.75
6.08 -8.38 1.79 22.12 2.94  45.406350 11.895440
5.71 -7.98 1.83 22.04
5.38 -7.94 2.15 22.14 2.94  45.406350 11.895440
5.54 -7.55 1.91 22.14
5.97 -7.67 1.60 21.95
5.79 -8.04 1.82 21.73
5.75 -8.59 1.56 21.80
5.71 -7.97 1.89 21.93
5.17 -7.90 1.60 21.95
5.42 -7.04 1.80 22.11
6.28 -7.22 1.69 21.15
9.02 -7.28 2.08 21.56
4.70 -7.94 2.47 22.31
4.62 -8.81 1.36 23.92
5.73 -6.89 2.01 24.13
4.07 -5.83 1.66 21.81
10.70 -9.51 1.16 23.12
3.65 -8.58 2.98 24.13
3.93 -6.31 2.97 24.39 3.07  45.406351 11.895480
5.17 -8.95 0.65 21.63
7.25 -5.30 1.41 20.97 3.07  45.406351 11.895480
5.25 -16.23 3.51 21.59
6.67 -6.53 3.15 23.10
3.31 -5.06 1.13 23.26
4.47 -7.02 1.64 23.20
7.03 -11.06 2.68 20.25
7.41 -8.29 1.75 20.97
6.19 -10.47 1.46 22.21
3.97 -6.84 1.81 23.98
5.39 -5.66 1.68 23.02
5.83 -5.17 1.70 21.97
6.99 -9.10 1.53 21.95
6.21 -10.75 2.36 21.64
5.13 -7.97 1.20 22.16
4.67 -6.86 1.25 22.00
5.65 -6.78 1.35 21.71 2.79  45.406351 11.895518
6.52 -7.69 2.38 22.45
5.34 -9.35 1.98 22.04
5.02 -8.67 1.66 21.78 2.79  45.406351 11.895518
5.45 -7.35 1.38 21.93
5.94 -7.18 1.71 21.75
6.31 -7.43 1.67 22.17
6.24 -8.42 1.53 21.61
5.69 -8.44 1.91 22.33
5.27 -7.59 1.53 22.36
5.68 -7.65 1.78 21.85
6.06 -7.83 1.95 21.75
5.93 -8.46 2.02 22.11
5.93 -8.19 1.90 22.11
5.80 -8.24 1.95 22.28
5.93 -7.65 1.64 22.00
5.98 -7.90 1.67 22.05
5.88 -7.76 2.00 21.83
5.97 -8.07 2.05 22.16 2.39  45.406354 11.895550
5.77 -8.26 1.73 21.75
5.45 -8.23 1.82 21.76 2.39  45.406354 11.895550
5.75 -7.86 1.60 21.90
5.79 -7.99 1.59 21.54
5.79 -7.83 1.52 22.00
5.96 -7.82 1.73 22.17
5.57 -7.87 1.90 21.75
5.78 -8.12 1.98 22.31
5.82 -8.17 1.49 22.31
5.74 -7.92 1.66 21.95
5.69 -7.83 1.75 21.97
5.95 -7.58 1.65 24.11
5.70 -7.93 1.66 22.00
5.78 -7.99 1.59 22.11
5.73 -7.76 1.64 22.52
5.67 -7.96 1.45 21.92
5.64 -7.95 1.73 22.69
6.00 -7.96 1.76 22.12 2.39  45.406357 11.895582
5.67 -8.45 1.79 22.42
5.51 -8.39 1.75 22.47 2.39  45.406357 11.895582
5.78 -7.51 1.28 22.55
6.18 -7.54 1.45 22.36
6.01 -8.29 1.52 21.90
5.96 -8.17 1.62 22.19
5.50 -8.01 1.62 22.05
5.60 -8.40 1.18 22.05
6.13 -6.78 1.76 22.57
6.37 -7.33 2.19 22.62
5.43 -7.88 2.22 22.17
5.41 -8.12 1.57 21.90
