6.13 -7.63 1.84 22.33
6.12 -7.89 1.68 21.93 2.25  45.406359 11.894932
6.04 -7.72 1.36 21.88
6.25 -7.61 1.45 21.83 2.25  45.406359 11.894932
5.85 -8.20 1.95 21.85
5.77 -8.10 2.03 22.71
5.89 -7.95 2.06 21.90
5.69 -7.77 2.05 21.88
5.71 -8.13 1.87 22.00
5.71 -8.03 1.89 21.61
6.06 -7.54 1.90 21.59
6.75 -7.75 1.93 22.00
6.29 -7.43 1.94 22.05
5.86 -7.94 1.72 22.07
6.13 -7.60 1.66 22.11
6.38 -7.38 1.72 22.52
6.27 -7.60 1.71 21.95
6.04 -7.51 1.71 21.87
5.84 -8.13 2.18 21.75 2.26  45.406364 11.894951
5.66 -7.99 2.33 22.45
5.85 -7.72 2.26 22.50 2.26  45.406364 11.894951
5.84 -7.75 1.79 22.04
5.57 -7.52 1.64 22.42
6.21 -8.85 1.73 21.90
5.94 -7.61 1.95 22.35
5.82 -7.91 1.70 21.42
5.94 -7.66 1.69 22.52
5.99 -7.67 1.92 22.00
6.17 -7.72 1.79 21.97
6.05 -7.78 2.15 22.36
5.92 -7.75 1.74 21.69
5.90 -7.98 1.64 22.52
6.00 -7.46 2.01 22.12
6.17 -7.69 2.06 22.54
5.60 -7.76 1.84 22.04
5.46 -8.07 1.35 21.57
5.57 -8.38 1.37 21.54 2.59  45.406371 11.894977
5.97 -7.94 1.69 22.40
5.78 -7.80 1.88 21.85 2.59  45.406371 11.894977
6.09 -7.50 1.83 21.99
6.10 -7.57 1.72 22.33
6.17 -7.93 1.76 21.78
6.01 -8.00 2.01 21.95
6.08 -8.04 1.72 22.09
5.68 -7.43 1.94 22.14
5.99 -7.68 1.92 22.50
6.03 -7.68 1.99 22.02
5.98 -7.97 1.93 22.04
5.90 -7.97 2.02 22.05
5.81 -7.93 1.93 22.14
5.50 -8.04 1.56 22.09
5.71 -7.99 1.76 22.11
5.80 -8.18 1.45 22.83
6.18 -7.41 1.73 22.31 2.11  45.406373 11.895001
6.11 -7.49 1.52 22.40
5.88 -7.90 1.13 22.29 2.11  45.406373 11.895001
5.76 -7.84 1.89 21.80
5.82 -7.93 2.16 21.81
5.98 -7.52 1.72 21.44
6.18 -7.40 2.16 21.80
6.24 -7.55 2.26 21.73
6.21 -7.51 2.74 22.36
6.06 -7.78 1.87 21.92
5.68 -7.61 1.69 22.36
5.51 -7.96 1.51 21.95
5.49 -8.27 1.57 22.31
6.02 -8.33 1.88 21.97
5.60 -7.41 2.21 22.62
5.73 -7.34 2.34 22.71
5.70 -7.93 1.93 22.45
6.18 -7.74 1.65 21.95
6.83 -7.61 1.95 21.88 2.45  45.406375 11.895027
6.87 -7.91 1.88 22.45
5.68 -7.81 1.86 22.96 2.45  45.406375 11.895027
5.58 -7.77 2.14 22.14
5.57 -8.25 1.38 22.45
5.48 -8.29 1.50 22.40
5.85 -8.17 1.52 23.20
5.89 -7.78 1.44 22.50
6.14 -7.68 2.11 22.96
5.97 -7.96 2.24 22.05
6.10 -7.48 2.25 22.11
6.35 -7.62 2.06 22.47
6.09 -7.76 2.12 22.04
6.00 -7.81 2.17 22.42
6.18 -7.99 2.24 21.59
5.79 -7.70 2.27 21.97
5.60 -7.93 2.17 22.29
5.01 -8.51 2.07 21.99 2.66  45.406374 11.895057
5.38 -7.77 1.57 21.92
5.44 -8.01 1.74 21.93 2.66  45.406374 11.895057
6.11 -7.88 1.55 21.73
6.11 -7.69 1.72 22.24
6.05 -7.63 1.99 21.93
6.17 -7.87 1.66 21.92
5.93 -7.44 1.65 22.36
6.54 -7.57 1.22 21.97
6.14 -7.65 1.57 22.07
5.66 -8.09 1.98 22.67
5.59 -7.71 1.98 22.16
6.00 -7.59 1.80 22.09
6.05 -8.22 1.95 22.00
5.57 -8.11 1.92 21.97
5.59 -8.11 1.82 22.11
5.78 -7.77 1.75 22.16
5.88 -7.95 1.75 22.40
5.80 -7.71 1.83 22.35 2.87  45.406376 11.895088
6.15 -7.81 1.78 21.93
5.79 -7.81 1.71 21.93 2.87  45.406376 11.895088
5.76 -7.94 1.50 21.88
6.11 -7.91 1.91 21.85
5.68 -7.91 1.78 21.95
6.02 -7.59 1.86 22.40
5.64 -7.68 1.75 22.29
5.76 -8.01 1.98 21.68
6.10 -8.14 1.73 22.09
5.91 -8.41 1.60 21.80
5.64 -7.79 1.68 22.76
5.86 -7.96 1.56 22.17
5.68 -7.43 1.74 22.11
5.97 -8.28 1.85 22.05
5.70 -8.32 1.75 21.95
5.84 -7.78 1.80 21.75
5.61 -7.99 1.67 21.87 2.71  45.406377 11.895123
5.80 -8.05 1.78 22.29
5.77 -7.66 1.83 21.83 2.71  45.406377 11.895123
5.94 -7.70 1.74 21.51
5.73 -8.33 1.71 22.81
5.87 -7.73 1.83 22.35
5.67 -7.87 1.68 22.04
5.77 -7.84 1.90 21.95
5.89 -7.87 1.79 22.47
5.87 -8.06 1.45 22.04
5.80 -7.90 1.84 22.50
5.64 -7.92 1.70 22.07
5.87 -7.79 1.73 22.09
5.79 -8.03 1.77 22.11
5.75 -7.72 1.93 22.05
5.81 -7.97 1.82 22.43
5.59 -8.02 1.63 21.95
5.86 -7.88 1.77 21.44
5.72 -8.08 1.86 21.88 3.30  45.406379 11.895162
5.89 -7.74 1.89 22.04
5.67 -7.84 1.68 22.12 3.30  45.406379 11.895162
5.74 -7.71 1.72 21.80
5.76 -8.04 1.84 22.00
6.26 -7.96 1.75 21.95
5.81 -8.24 1.62 22.40
5.84 -7.92 1.73 22.57
5.55 -7.81 1.69 23.86
5.73 -7.56 1.69 22.55
5.99 -8.19 1.56 22.00
5.94 -8.13 1.77 21.54
5.92 -8.07 1.94 22.02
5.50 -8.14 1.81 22.09
5.76 -7.61 1.71 22.16
5.73 -7.83 1.52 22.52
6.17 -7.96 1.91 23.12
5.75 -8.29 1.86 21.69
5.74 -8.12 2.14 21.78 2.48  45.406378 11.895191
5.66 -8.01 2.13 21.54
5.67 -7.64 1.88 22.69 2.48  45.406378 11.895191
5.57 -7.67 1.74 24.04
5.60 -7.99 1.62 22.14
6.11 -7.99 2.00 22.09
5.82 -8.41 1.94 22.96
6.16 -7.57 2.10 22.67
5.29 -7.75 1.82 23.17
5.56 -6.99 1.86 22.96
6.09 -8.26 1.45 21.95
6.30 -8.48 1.68 22.17
5.66 -8.94 1.69 21.95
5.30 -7.71 1.60 22.55
5.57 -7.51 1.68 22.16
6.04 -7.60 1.82 21.95
6.09 -8.02 1.83 22.17
5.81 -8.14 1.88 21.78 2.72  45.406377 11.895222
5.54 -7.98 1.83 21.88
5.63 -7.85 1.66 21.90 2.72  45.406377 11.895222
5.90 -7.77 1.65 22.42
6.04 -7.56 1.89 22.05
7.35 -8.01 1.91 22.79
4.67 -7.53 1.73 24.27
4.80 -7.57 1.84 22.79
6.31 -7.81 1.61 22.07
5.91 -8.31 1.74 20.84
5.53 -10.75 1.50 20.97
6.53 -7.69 1.87 23.94
4.49 -6.52 2.01 22.90
5.72 -7.24 1.58 23.80
5.89 -7.29 1.70 22.96
6.48 -6.44 1.75 22.16
5.61 -9.45 2.12 22.45
5.91 -8.53 1.93 22.40 2.89  45.406375 11.895257
5.45 -8.26 1.88 22.17
5.71 -7.18 2.03 22.59 2.89  45.406375 11.895257
5.70 -7.77 1.94 23.82
6.25 -7.99 1.80 21.93
6.05 -8.14 2.05 21.83
5.71 -8.26 1.98 21.87
5.57 -8.32 1.78 21.85
5.81 -7.55 1.94 22.16
5.84 -8.11 1.66 22.59
6.10 -7.70 1.87 23.91
5.64 -8.14 1.36 22.21
5.80 -7.78 1.33 22.11
5.80 -8.23 1.54 21.92
5.90 -7.81 1.79 21.54
5.73 -8.29 1.89 22.00
5.74 -7.68 1.95 22.05
5.62 -7.75 1.75 21.87
5.81 -7.90 1.49 21.39 3.97  45.406366 11.895302
5.88 -8.17 1.49 21.44
5.83 -7.72 1.65 22.31 3.97  45.406366 11.895302
5.74 -8.00 1.90 22.29
5.82 -7.60 2.02 21.88
5.76 -7.90 1.76 22.86
5.73 -7.85 1.76 22.79
5.62 -8.04 1.90 21.52
5.50 -8.16 1.69 23.79
5.71 -8.06 1.65 22.05
5.57 -7.78 1.80 23.38
5.73 -8.02 2.02 22.00
5.73 -7.89 2.01 22.28
5.68 -8.11 1.80 21.81
6.15 -7.95 1.88 22.91
5.87 -7.91 1.96 22.40
5.89 -7.50 1.93 23.10
5.29 -7.61 1.79 22.29 3.42  45.406362 11.895350
6.66 -7.93 1.33 22.26
5.71 -9.11 1.94 22.86 3.42  45.406362 11.895350
6.48 -8.08 1.33 23.27
5.26 -7.93 1.92 23.63
5.13 -7.27 1.16 22.60
6.28 -8.59 1.88 21.90
6.55 -7.61 1.75 23.62
5.66 -9.61 1.39 22.71
5.31 -7.44 2.03 22.11
5.79 -7.82 1.28 21.97
6.01 -7.89 2.01 21.54
5.94 -8.37 1.75 24.03
5.39 -7.98 1.86 22.14
5.15 -7.90 1.38 22.96
5.52 -8.03 1.66 21.61
5.84 -8.06 1.81 22.00
5.78 -8.24 1.78 22.04
5.75 -7.82 1.81 22.91 3.12  45.406360 11.895394
5.43 -7.67 1.92 27.29
5.92 -8.16 1.77 22.81 3.12  45.406360 11.895394
5.94 -8.10 1.89 21.87
5.96 -8.14 1.72 23.20
5.79 -8.20 1.73 22.76
5.77 -7.81 1.72 22.40
5.69 -7.84 1.78 22.52
5.64 -8.12 1.94 22.50
5.53 -7.72 1.98 23.27
5.85 -7.96 1.78 21.97
6.13 -7.84 1.78 22.88
5.63 -8.09 1.97 22.52
5.58 -7.56 1.88 22.16
5.79 -7.80 1.86 23.24
6.21 -7.91 1.90 22.31
5.43 -8.25 1.91 21.90
6.10 -7.93 1.17 23.19 3.17  45.406359 11.895436
5.51 -8.02 1.70 21.80
6.64 -7.66 1.75 22.00 3.17  45.406359 11.895436
5.74 -8.08 1.57 22.52
5.60 -7.78 1.86 24.20
5.68 -8.18 2.00 22.09
6.27 -7.52 1.33 22.35
5.85 -8.60 1.83 22.29
5.90 -8.62 1.65 21.85
5.89 -7.72 2.16 22.29
5.46 -8.07 1.52 22.76
6.08 -7.73 1.66 22.23
5.41 -8.28 2.02 23.43
5.35 -6.23 2.12 23.72
5.07 -8.97 2.04 22.60
6.14 -7.83 1.73 21.85
5.30 -8.34 1.37 21.92
5.47 -7.49 1.52 22.67
5.74 -7.90 1.82 21.87 3.05  45.406356 11.895478
5.66 -7.17 2.04 22.19
4.24 -6.61 2.12 22.14 3.05  45.406356 11.895478
9.08 -8.30 1.45 20.99
5.48 -7.92 2.35 21.95
4.99 -7.42 1.86 24.27
6.04 -8.31 1.74 23.56
4.85 -4.96 1.75 23.03
7.14 -13.99 1.54 23.80
8.12 -7.76 2.97 23.29
4.00 -8.40 2.54 24.97
5.97 -9.10 2.63 22.96
5.66 -9.28 2.06 21.59
8.37 -5.56 0.91 20.82
5.61 -13.52 2.02 22.23
5.02 -5.57 1.20 23.89
3.31 -6.40 1.26 22.64
3.07 -5.27 1.92 21.04 2.97  45.406355 11.895517
6.10 -10.54 -0.69 20.49
9.06 -9.51 2.47 21.66 2.97  45.406355 11.895517
4.06 -7.56 1.76 23.48
3.54 -6.07 2.29 23.05
5.36 -6.04 1.52 22.91
7.21 -5.66 1.86 21.57
7.13 -9.76 1.58 21.37
5.85 -8.98 2.13 22.33
4.47 -8.12 2.07 22.54
5.25 -7.14 2.06 21.59
6.14 -7.48 2.13 22.62
6.49 -8.59 1.70 21.81
5.00 -8.70 1.63 22.05
4.79 -7.90 1.49 22.55
5.65 -7.49 1.24 22.05
6.39 -7.77 1.83 22.78
6.00 -8.24 2.29 21.81
5.60 -8.24 1.88 21.90 2.86  45.406352 11.895554
5.70 -8.04 1.51 21.95
5.61 -7.87 1.58 22.42 2.86  45.406352 11.895554
5.81 -7.79 1.64 21.95
5.70 -7.90 1.73 21.85
6.19 -7.89 1.16 22.29
5.85 -7.99 1.53 21.90
5.75 -7.93 1.72 22.40
5.76 -7.68 1.81 22.57
5.75 -7.92 2.31 22.57
5.69 -7.83 2.28 22.11
5.74 -8.12 1.67 22.42
5.55 -8.37 1.71 21.92
5.94 -8.26 1.43 21.95
5.96 -7.63 1.86 22.52
5.43 -7.80 1.84 22.11
5.87 -7.58 1.90 22.35
5.87 -8.26 1.57 22.31 2.69  45.406355 11.895587
5.63 -7.82 1.66 22.96
5.80 -8.01 1.74 22.17 2.69  45.406355 11.895587
5.89 -8.12 1.85 22.09
5.59 -7.83 1.96 22.60
5.64 -7.83 1.92 22.76
5.68 -8.04 1.94 22.36
6.00 -7.84 1.90 22.29
5.80 -7.61 1.86 22.02
5.43 -8.07 1.87 22.02
5.96 -7.92 1.70 22.11
5.53 -7.77 1.71 21.95
5.76 -8.12 1.92 21.81
5.97 -8.13 1.95 22.33
5.88 -7.99 1.48 22.05
5.63 -7.76 1.56 22.31
5.53 -7.85 1.67 22.23
5.72 -7.65 1.80 22.26
5.84 -8.09 1.75 21.85 2.72  45.406352 11.895622
5.86 -8.12 1.57 22.74
5.75 -7.87 1.77 21.97 2.72  45.406352 11.895622
