5.60 -7.90 2.21 22.09
5.76 -7.99 1.89 22.07
5.82 -8.12 1.95 22.00
6.05 -7.74 1.91 22.05
5.97 -7.81 2.03 22.11
5.79 -8.16 1.78 22.07
5.71 -7.74 1.57 22.05
5.89 -7.81 1.88 21.88
5.96 -8.05 1.80 21.83
6.23 -7.68 1.78 21.93 1.95  45.406365 11.895044
5.66 -7.61 1.92 21.88
6.02 -7.86 1.76 21.83 1.95  45.406365 11.895044
6.05 -7.68 1.85 21.37
5.91 -8.03 1.43 22.19
6.17 -7.86 1.55 21.78
5.81 -7.84 1.91 22.24
5.95 -7.75 1.93 22.45
5.87 -7.77 1.97 22.47
5.88 -8.01 1.63 22.86
5.80 -8.00 1.41 22.16
5.73 -7.92 1.41 22.17
5.66 -7.88 1.63 22.62
5.79 -8.08 1.78 22.21
5.96 -7.62 1.86 22.57
6.25 -8.01 1.60 22.05
5.88 -7.88 2.02 21.92
5.79 -7.81 1.89 21.97 2.65  45.406364 11.895074
5.94 -7.96 2.01 22.00
5.95 -7.54 1.89 21.52 2.65  45.406364 11.895074
6.04 -7.76 1.87 21.90
6.06 -8.10 1.86 22.33
5.74 -8.03 1.74 21.95
5.82 -7.73 1.81 23.20
5.70 -7.71 1.87 22.35
5.81 -7.93 1.87 22.00
5.90 -8.29 1.92 22.86
5.81 -7.67 1.67 22.48
5.70 -8.02 1.67 22.05
5.74 -7.88 1.84 22.05
6.21 -7.86 1.89 22.05
5.67 -7.80 1.69 22.48
5.96 -7.91 1.84 22.04
5.83 -7.92 1.88 21.95
5.73 -8.06 1.71 21.64 2.71  45.406363 11.895108
5.83 -7.61 1.91 22.36
5.97 -7.92 1.73 22.05
6.01 -7.87 1.71 22.45 2.71  45.406363 11.895108
5.82 -7.90 1.78 21.59
5.70 -8.12 1.89 22.31
5.75 -7.66 1.80 21.95
5.75 -7.96 1.72 21.81
5.70 -7.96 1.80 21.92
5.86 -8.01 1.60 22.00
5.73 -8.02 1.69 21.59
5.75 -7.57 1.74 22.05
5.81 -7.80 1.72 22.05
5.80 -8.08 1.79 21.97
5.91 -7.80 1.74 22.11
5.76 -7.80 1.91 22.11
5.70 -7.67 1.83 22.05
5.84 -8.00 1.92 21.92
5.95 -8.16 1.91 22.42 2.58  45.406363 11.895141
5.88 -7.59 1.95 21.88
5.65 -8.01 1.64 21.85 2.58  45.406363 11.895141
6.00 -7.78 1.77 21.95
5.77 -8.15 1.81 22.00
5.80 -7.90 1.84 21.88
5.58 -7.79 1.83 21.88
5.78 -7.88 1.82 21.90
5.90 -8.01 1.90 21.92
5.91 -7.89 1.81 21.54
5.75 -7.86 1.75 22.00
5.82 -7.75 1.84 22.45
5.80 -7.81 1.91 22.02
6.16 -7.88 1.96 22.21
5.90 -7.73 1.72 22.26
5.65 -7.90 1.39 22.62
5.91 -7.95 1.31 22.02
6.12 -8.19 1.54 21.97
5.83 -7.72 1.78 21.87 2.22  45.406367 11.895168
5.99 -7.66 1.68 21.88
6.02 -7.78 1.77 22.04 2.22  45.406367 11.895168
5.98 -7.73 1.66 22.33
6.06 -7.82 1.81 22.42
6.08 -7.69 1.84 21.95
5.94 -7.79 1.83 21.75
6.09 -8.22 1.47 21.56
5.89 -8.03 1.73 22.05
5.92 -7.37 2.07 22.54
6.08 -7.82 2.13 22.14
5.76 -7.55 1.91 22.52
6.08 -7.79 1.72 22.47
5.62 -8.13 1.96 21.97
5.90 -7.67 1.95 21.97
5.82 -7.94 1.67 22.05
5.80 -7.56 1.99 21.95
5.76 -7.98 1.63 21.95 2.44  45.406368 11.895199
5.85 -7.83 1.67 22.71
5.92 -8.15 1.62 21.56 2.44  45.406368 11.895199
6.43 -7.60 1.68 22.55
6.08 -7.85 1.73 22.31
6.29 -7.69 1.89 22.47
5.85 -7.59 1.70 23.02
5.76 -6.99 1.75 22.52
5.89 -8.21 1.54 22.05
5.87 -8.38 1.69 21.78
5.83 -8.68 1.67 21.80
5.51 -8.59 1.84 22.05
5.57 -7.02 1.69 22.11
5.74 -7.53 1.53 22.05
5.71 -7.99 1.98 21.87
5.86 -8.03 2.01 22.81
5.78 -8.04 1.79 22.19
5.72 -7.67 1.89 21.90
5.67 -7.89 1.69 21.93 2.58  45.406373 11.895231
5.91 -8.11 1.72 21.90
5.84 -7.88 1.74 22.78 2.58  45.406373 11.895231
6.89 -8.63 1.76 23.07
5.29 -7.39 1.55 22.64
4.99 -8.00 1.64 22.42
5.83 -7.46 1.82 22.23
5.88 -8.25 1.77 21.81
5.49 -8.11 1.75 21.76
6.38 -10.39 1.69 22.16
5.45 -7.07 1.89 22.42
5.41 -6.84 1.61 22.45
5.59 -7.29 1.93 23.55
5.81 -7.41 1.76 22.38
6.03 -7.14 1.87 22.47
6.19 -9.63 1.65 22.26
5.82 -8.41 1.93 22.76
5.64 -8.08 1.66 21.73 2.87  45.406375 11.895267
5.67 -7.75 1.66 22.64
5.82 -7.63 1.73 22.52 2.87  45.406375 11.895267
5.98 -7.93 2.05 22.40
5.87 -8.43 1.79 21.90
5.84 -7.83 1.79 22.71
5.51 -8.07 1.64 22.86
5.97 -8.04 1.74 24.08
5.71 -7.79 1.74 22.09
5.88 -7.85 1.60 22.96
5.96 -8.10 1.81 21.69
5.99 -7.76 1.49 23.02
5.70 -7.64 2.02 22.57
5.54 -8.31 1.69 21.57
5.96 -7.79 1.69 22.36
5.66 -8.02 1.74 22.47
5.83 -7.86 1.55 23.10
5.74 -7.74 1.69 22.40
5.44 -7.70 1.89 21.90 3.07  45.406374 11.895305
5.90 -7.80 1.78 21.80
5.77 -8.15 1.77 22.11 3.07  45.406374 11.895305
5.77 -7.89 1.94 21.78
5.94 -7.84 1.73 21.83
5.65 -7.82 1.87 22.69
5.74 -7.68 2.04 22.36
5.81 -7.74 1.79 22.02
5.65 -7.99 1.93 22.07
5.90 -8.00 1.86 22.47
5.73 -8.00 1.85 22.86
5.77 -7.69 1.79 22.11
5.58 -7.73 1.69 22.48
5.98 -7.75 1.47 21.61
6.20 -7.87 1.64 22.00
5.96 -8.12 1.75 22.11
5.76 -7.82 1.74 22.17
5.74 -8.44 1.58 23.20 2.92  45.406376 11.895344
5.88 -7.68 1.69 23.10
5.92 -7.97 1.79 22.16 2.92  45.406376 11.895344
6.02 -8.01 1.85 22.52
5.77 -8.17 2.03 23.20
6.00 -8.04 1.65 23.27
5.84 -8.25 1.57 23.07
5.71 -8.19 1.36 22.55
5.65 -8.43 1.41 22.21
5.82 -7.98 1.53 22.00
5.56 -7.59 1.74 26.45
5.53 -8.00 1.64 22.52
5.28 -7.81 1.52 22.11
5.76 -7.90 1.28 22.04
5.94 -8.31 1.46 22.42
5.82 -8.10 1.68 22.43
5.51 -7.92 1.74 21.51
5.49 -7.93 1.90 22.45
5.86 -7.72 1.85 22.26 2.74  45.406374 11.895384
5.93 -7.56 1.83 21.69
5.82 -8.36 2.22 21.88 2.74  45.406374 11.895384
5.77 -8.17 1.59 21.88
5.48 -7.72 1.97 22.38
5.54 -7.81 2.16 22.84
6.12 -7.91 1.63 23.10
5.80 -7.75 1.64 22.50
5.79 -8.00 1.64 22.05
5.78 -7.97 1.86 22.52
5.79 -8.02 1.76 23.79
5.98 -7.95 1.92 22.11
5.76 -7.63 1.98 22.52
5.94 -8.05 1.38 22.09
5.73 -8.08 1.71 22.02
5.70 -7.87 1.69 22.16
5.81 -7.94 1.66 22.50
5.75 -7.89 1.76 22.29 3.00  45.406373 11.895425
5.90 -7.81 1.84 22.81
5.60 -7.83 1.83 22.35 3.00  45.406373 11.895425
5.97 -7.61 1.44 22.40
5.94 -8.11 1.52 21.97
5.74 -7.66 1.53 21.92
5.60 -8.22 1.97 21.76
5.92 -7.78 1.86 21.64
5.82 -8.05 1.99 22.54
5.91 -7.60 1.33 23.24
5.45 -7.71 1.97 22.71
5.67 -8.00 1.71 22.11
6.11 -7.95 1.77 22.91
5.73 -7.79 1.69 23.80
5.54 -8.44 1.70 22.28
6.23 -7.80 1.71 21.90
5.50 -8.08 1.82 23.92
5.75 -7.81 2.58 22.45
5.54 -7.76 2.08 22.04 3.00  45.406371 11.895465
5.64 -7.34 1.50 22.42
6.16 -7.90 1.42 21.80 3.00  45.406371 11.895465
5.88 -8.21 2.15 21.75
5.83 -8.25 1.78 22.16
5.41 -7.95 1.88 22.26
5.72 -7.41 1.68 21.81
5.72 -7.78 1.62 22.02
5.59 -7.54 1.58 21.81
4.86 -6.68 1.57 21.90
8.33 -9.82 1.74 21.13
6.14 -7.30 2.47 21.69
5.28 -8.11 0.81 22.72
4.62 -8.52 1.73 23.63
6.51 -6.59 1.98 23.79
4.03 -4.34 1.75 21.51
6.75 -14.31 1.93 22.90
6.05 -6.66 0.98 24.39 2.34  45.406368 11.895497
3.07 -5.97 0.77 24.23
6.99 -9.75 1.93 22.42 2.34  45.406368 11.895497
6.90 -7.72 2.35 21.11
7.08 -6.32 1.64 21.32
4.60 -11.90 2.70 21.93
5.85 -4.96 0.64 22.98
4.87 -6.19 2.59 21.61
4.70 -5.91 1.52 21.40
5.60 -12.48 2.43 20.17
6.41 -8.52 1.94 20.99
5.08 -7.40 0.90 22.36
4.48 -7.26 1.75 23.84
5.21 -6.21 1.84 22.93
7.02 -6.52 2.05 21.80
6.48 -9.92 2.14 21.95
6.42 -8.26 2.01 21.63
4.74 -7.83 1.20 24.80
5.20 -7.65 1.72 22.59 2.05  45.406372 11.895524
6.13 -7.69 2.02 22.16
6.27 -7.97 1.94 22.12 2.05  45.406372 11.895524
5.60 -8.33 1.95 21.80
5.44 -8.00 1.74 22.29
5.84 -8.02 1.78 21.95
5.80 -7.70 1.63 22.19
5.95 -7.96 1.77 22.40
5.95 -8.13 1.64 22.00
5.55 -7.87 1.70 23.27
5.67 -7.94 1.69 22.05
5.92 -7.96 1.67 22.00
5.93 -7.70 1.80 21.97
5.77 -7.89 1.68 21.90
5.88 -8.09 1.49 21.90
5.98 -7.73 1.37 21.97
6.02 -7.92 1.58 22.31
5.71 -7.76 1.81 27.75 2.69  45.406374 11.895559
5.81 -7.92 1.70 22.45
5.95 -7.89 1.62 22.31 2.69  45.406374 11.895559
5.73 -8.20 1.69 21.85
5.88 -8.29 1.33 21.39
5.95 -8.27 1.56 21.90
5.64 -7.91 1.89 22.29
5.63 -7.70 1.71 22.69
5.67 -8.19 1.59 22.50
5.78 -7.95 1.57 22.45
5.49 -8.28 1.71 21.95
5.84 -8.06 1.92 21.95
5.83 -7.96 1.73 22.79
5.80 -8.12 1.62 22.11
5.69 -7.95 1.72 22.88
5.86 -7.63 1.64 22.81
5.98 -8.11 1.63 22.24
5.87 -8.06 1.91 22.31
5.63 -7.71 2.01 21.99 2.16  45.406374 11.895589
5.79 -8.00 1.81 21.95
5.60 -7.78 1.81 23.68 2.16  45.406374 11.895589
6.08 -7.86 1.51 21.68
6.16 -8.28 1.58 22.54
5.66 -7.70 1.59 22.14
5.53 -7.81 1.95 23.84
5.71 -7.68 1.88 23.44
6.06 -7.71 1.74 22.00
5.75 -8.41 1.89 21.95
6.08 -8.31 1.62 21.95
5.80 -7.90 1.65 22.05
5.61 -7.74 1.69 22.54
5.66 -7.76 1.51 22.11
5.75 -8.03 1.56 22.05
6.00 -8.12 1.32 22.52
