6.24 -7.5 2.26 21.37 3.26 45.407815 11.899559 1
6.48 -7.64 2.28 21.73 3.26 45.407815 11.899559 1
6.11 -7.34 2.26 22.0 2.95 45.407822 11.899599 0
6.17 -7.32 2.32 21.9 2.95 45.407822 11.899599 1
5.85 -7.84 2.07 21.9 2.95 45.407822 11.899599 0
5.81 -8.18 1.78 21.88 2.95 45.407822 11.899599 1
5.82 -8.06 1.76 21.85 2.95 45.407822 11.899599 1
5.83 -7.47 2.04 21.85 2.95 45.407822 11.899599 1
5.76 -7.75 2.01 21.9 2.95 45.407822 11.899599 1
6.03 -7.94 1.74 21.35 2.95 45.407822 11.899599 1
6.3 -7.75 1.68 21.87 2.95 45.407822 11.899599 1
6.38 -7.81 1.88 21.47 2.95 45.407822 11.899599 1
6.32 -7.61 1.75 21.61 2.95 45.407822 11.899599 1
6.17 -7.37 1.81 22.11 2.95 45.407822 11.899599 1
6.44 -7.34 1.76 22.16 2.95 45.407822 11.899599 1
6.66 -7.45 1.62 22.54 2.95 45.407822 11.899599 1
6.8 -8.62 2.01 21.81 2.95 45.407822 11.899599 1
8.18 -7.54 1.98 23.53 2.95 45.407822 11.899599 1
3.51 -7.98 2.63 24.25 2.95 45.407822 11.899599 1
2.89 -7.21 1.41 24.8 2.95 45.407822 11.899599 1
5.37 -8.76 1.8 20.48 3.85 45.407829 11.899647 0
3.6 -6.37 2.46 18.04 3.85 45.407829 11.899647 1
7.55 -12.8 2.12 15.85 3.85 45.407829 11.899647 0
6.8 -12.02 3.42 18.4 3.85 45.407829 11.899647 1
3.82 -4.48 3.1 21.2 3.85 45.407829 11.899647 1
4.35 -4.82 1.7 24.35 3.85 45.407829 11.899647 1
6.28 -6.92 2.44 24.2 3.85 45.407829 11.899647 1
5.0 -2.19 2.17 23.24 3.85 45.407829 11.899647 1
10.56 -11.64 1.73 21.25 3.85 45.407829 11.899647 1
3.85 -9.86 4.92 22.02 3.85 45.407829 11.899647 1
7.15 -9.79 0.47 22.0 3.85 45.407829 11.899647 1
4.65 -7.74 3.07 21.95 3.85 45.407829 11.899647 1
5.23 -6.76 2.05 22.31 3.85 45.407829 11.899647 1
5.82 -7.35 2.16 21.97 3.85 45.407829 11.899647 1
6.01 -8.18 1.87 21.8 3.85 45.407829 11.899647 1
