6.31 -7.59 2.03 22.54 2.65 45.876365 12.305885 0 0
6.07 -7.75 2.24 22.59 2.65 45.876365 12.305885 0 0
6.36 -7.86 1.99 22.66 2.65 45.876365 12.305885 0 0
6.44 -7.01 2.27 22.88 2.65 45.876365 12.305885 0 0
6.24 -7.89 2.21 22.67 2.65 45.876365 12.305885 0 0
6.09 -7.33 2.02 22.84 2.65 45.876365 12.305885 0 0
5.87 -8.14 2.03 22.55 2.65 45.876365 12.305885 0 0
5.86 -7.75 1.97 22.71 2.65 45.876365 12.305885 0 0
5.85 -8.52 1.91 22.74 2.65 45.876365 12.305885 0 0
5.82 -7.66 1.59 22.78 2.65 45.876365 12.305885 0 0
5.87 -7.68 1.77 22.38 2.65 45.876365 12.305885 0 0
6.05 -8.03 1.59 22.35 2.65 45.876365 12.305885 0 0
5.87 -7.64 1.78 22.84 2.65 45.876365 12.305885 0 0
6.35 -7.81 1.7 22.64 2.65 45.876365 12.305885 0 0
6.38 -7.55 1.88 22.59 2.78 45.876347 12.305863 1 0
6.14 -7.86 1.8 22.59 2.78 45.876347 12.305863 0 0
5.83 -8.05 2.03 22.9 2.78 45.876347 12.305863 1 0
5.9 -7.68 2.12 22.95 2.78 45.876347 12.305863 0 0
6.36 -7.58 1.68 22.57 2.78 45.876347 12.305863 0 0
6.03 -7.84 1.77 22.45 2.78 45.876347 12.305863 0 0
5.48 -8.07 1.93 22.93 2.78 45.876347 12.305863 0 0
5.61 -7.78 2.01 22.59 2.78 45.876347 12.305863 0 0
6.05 -7.72 2.08 22.69 2.78 45.876347 12.305863 0 0
5.8 -7.51 2.14 22.67 2.78 45.876347 12.305863 0 0
5.95 -8.16 2.03 22.66 2.78 45.876347 12.305863 0 0
6.02 -7.89 1.85 22.29 2.78 45.876347 12.305863 0 0
5.97 -7.43 2.13 22.74 2.78 45.876347 12.305863 0 0
5.86 -7.59 1.88 23.14 2.78 45.876347 12.305863 0 0
6.19 -7.83 1.82 22.72 2.78 45.876347 12.305863 0 0
6.07 -7.58 1.74 22.6 2.78 45.876347 12.305863 0 0
6.14 -7.75 2.15 23.08 3.02 45.876328 12.305839 1 0
5.76 -7.8 2.01 22.47 3.02 45.876328 12.305839 0 0
5.81 -7.97 2.12 22.55 3.02 45.876328 12.305839 1 0
5.91 -7.87 1.74 22.74 3.02 45.876328 12.305839 0 0
5.89 -7.73 1.81 22.98 3.02 45.876328 12.305839 0 0
