5.86 -8.19 1.83 22.84 3.34 45.876136 12.305659 0 0
5.68 -7.95 1.84 22.71 3.34 45.876136 12.305659 0 0
5.81 -7.72 1.87 22.74 3.34 45.876136 12.305659 0 0
6.14 -7.44 1.57 23.2 3.34 45.876136 12.305659 0 0
6.18 -7.6 1.59 23.08 3.34 45.876136 12.305659 0 0
6.28 -7.7 1.78 22.54 3.34 45.876136 12.305659 0 0
6.46 -7.59 1.7 23.39 3.34 45.876136 12.305659 0 0
5.99 -7.83 1.79 22.96 3.78 45.876107 12.305634 1 0
5.47 -7.94 1.91 22.54 3.78 45.876107 12.305634 0 0
5.49 -7.76 1.95 22.55 3.78 45.876107 12.305634 1 0
5.61 -7.83 1.86 22.52 3.78 45.876107 12.305634 0 0
5.71 -8.29 2.09 22.17 3.78 45.876107 12.305634 0 0
6.17 -8.02 1.72 22.69 3.78 45.876107 12.305634 0 0
5.93 -7.38 1.61 22.67 3.78 45.876107 12.305634 0 0
5.99 -7.25 2.07 22.98 3.78 45.876107 12.305634 0 0
6.0 -7.82 1.86 22.16 3.78 45.876107 12.305634 0 0
6.15 -7.33 1.89 22.64 3.78 45.876107 12.305634 0 0
6.1 -7.84 2.32 22.72 3.78 45.876107 12.305634 0 0
5.62 -7.67 2.41 22.79 3.78 45.876107 12.305634 0 0
5.82 -7.91 2.41 22.35 3.78 45.876107 12.305634 0 0
5.74 -7.7 2.15 22.29 3.78 45.876107 12.305634 0 0
5.75 -7.82 1.78 22.78 3.78 45.876107 12.305634 0 0
5.76 -7.84 2.24 23.03 3.78 45.876107 12.305634 0 0
6.16 -7.91 1.72 22.47 3.48 45.876078 12.305613 1 0
5.98 -7.68 1.67 23.1 3.48 45.876078 12.305613 0 0
6.23 -7.67 1.75 22.24 3.48 45.876078 12.305613 1 0
6.29 -7.47 1.79 22.5 3.48 45.876078 12.305613 0 0
5.94 -7.52 1.92 22.17 3.48 45.876078 12.305613 0 0
6.11 -7.72 1.72 22.5 3.48 45.876078 12.305613 0 0
6.19 -7.8 1.92 22.57 3.48 45.876078 12.305613 0 0
5.62 -7.98 2.0 22.48 3.48 45.876078 12.305613 0 0
5.66 -7.84 1.91 22.64 3.48 45.876078 12.305613 0 0
5.4 -8.02 1.79 22.66 3.48 45.876078 12.305613 0 0
5.51 -7.66 2.13 22.74 3.48 45.876078 12.305613 0 0
5.86 -7.68 2.04 22.72 3.48 45.876078 12.305613 0 0
