5.58 -8.45 2.24 22.93 3.12 45.876234 12.305741 0 0
5.72 -7.44 1.78 22.71 3.12 45.876234 12.305741 0 0
5.77 -7.61 1.84 22.9 3.12 45.876234 12.305741 0 0
6.7 -7.56 1.62 24.47 3.12 45.876234 12.305741 0 0
5.74 -7.93 2.34 22.64 3.12 45.876234 12.305741 0 0
5.85 -7.64 1.96 23.12 3.12 45.876234 12.305741 0 0
6.16 -8.13 1.77 22.71 3.12 45.876234 12.305741 0 0
6.23 -7.23 1.98 22.78 3.12 45.876234 12.305741 0 0
5.79 -7.92 1.74 22.17 3.12 45.876234 12.305741 0 0
5.85 -7.51 1.87 22.36 3.26 45.876209 12.305722 1 0
6.09 -7.59 1.99 22.52 3.26 45.876209 12.305722 0 0
6.42 -8.08 2.05 23.1 3.26 45.876209 12.305722 1 0
5.41 -7.93 1.71 22.59 3.26 45.876209 12.305722 0 0
6.1 -7.77 1.56 23.02 3.26 45.876209 12.305722 0 0
5.86 -7.87 1.89 22.45 3.26 45.876209 12.305722 0 0
5.79 -8.58 1.94 22.36 3.26 45.876209 12.305722 0 0
5.45 -7.37 1.88 22.64 3.26 45.876209 12.305722 0 0
5.74 -6.24 1.58 22.98 3.26 45.876209 12.305722 0 0
6.25 -7.31 1.8 22.9 3.26 45.876209 12.305722 0 0
6.38 -7.57 2.12 22.66 3.26 45.876209 12.305722 0 0
5.65 -7.71 1.77 24.88 3.26 45.876209 12.305722 0 0
6.36 -7.49 1.73 23.55 3.26 45.876209 12.305722 0 0
6.88 -7.94 1.91 24.99 3.26 45.876209 12.305722 0 0
5.85 -9.68 1.64 24.06 3.26 45.876209 12.305722 0 0
5.68 -8.49 1.34 23.34 3.26 45.876209 12.305722 0 0
6.03 -7.5 1.88 23.79 3.26 45.876209 12.305722 0 0
6.39 -8.28 1.84 22.54 3.23 45.876185 12.305699 1 0
5.52 -9.33 1.87 23.03 3.23 45.876185 12.305699 0 0
6.53 -6.22 2.08 21.92 3.23 45.876185 12.305699 1 0
6.04 -8.1 1.9 22.76 3.23 45.876185 12.305699 0 0
5.54 -7.73 1.53 22.43 3.23 45.876185 12.305699 0 0
6.35 -7.81 1.75 22.5 3.23 45.876185 12.305699 0 0
5.96 -7.54 1.89 22.88 3.23 45.876185 12.305699 0 0
5.75 -8.06 1.76 22.16 3.23 45.876185 12.305699 0 0
5.98 -8.39 1.47 23.05 3.23 45.876185 12.305699 0 0
