6.02 -7.43 2.2 22.79 3.48 45.876078 12.305613 0 0
5.91 -7.68 1.91 23.15 3.48 45.876078 12.305613 0 0
6.0 -7.51 2.03 22.67 3.48 45.876078 12.305613 0 0
6.23 -7.82 2.12 22.23 3.48 45.876078 12.305613 0 0
5.93 -7.83 2.33 22.48 3.48 45.876078 12.305613 0 0
5.9 -7.77 2.32 22.17 3.47 45.876049 12.305595 1 0
5.6 -7.79 2.21 22.64 3.47 45.876049 12.305595 0 0
5.66 -8.05 2.1 22.54 3.47 45.876049 12.305595 1 0
5.5 -8.33 2.11 22.47 3.47 45.876049 12.305595 0 0
5.72 -7.89 1.85 22.59 3.47 45.876049 12.305595 0 0
5.75 -7.88 2.1 22.54 3.47 45.876049 12.305595 0 0
5.61 -7.4 1.68 22.62 3.47 45.876049 12.305595 0 0
6.39 -7.46 1.9 22.45 3.47 45.876049 12.305595 0 0
6.64 -7.41 1.8 22.23 3.47 45.876049 12.305595 0 0
5.98 -7.4 2.17 22.26 3.47 45.876049 12.305595 0 0
5.66 -7.83 1.9 22.74 3.47 45.876049 12.305595 0 0
6.17 -7.84 1.48 23.08 3.47 45.876049 12.305595 0 0
6.36 -7.37 1.62 22.24 3.47 45.876049 12.305595 0 0
6.03 -8.18 1.74 22.74 3.47 45.876049 12.305595 0 0
5.56 -7.63 1.86 22.79 3.47 45.876049 12.305595 0 0
5.66 -8.37 2.23 22.76 3.47 45.876049 12.305595 0 0
5.61 -7.89 2.27 22.6 3.47 45.876049 12.305595 0 0
5.8 -7.64 2.42 22.59 3.39 45.876026 12.305566 1 0
6.19 -7.53 2.29 22.91 3.39 45.876026 12.305566 0 0
6.29 -7.55 1.99 22.21 3.39 45.876026 12.305566 1 0
6.18 -7.41 2.02 22.23 3.39 45.876026 12.305566 0 0
5.96 -7.48 1.92 22.47 3.39 45.876026 12.305566 0 0
6.11 -7.71 1.92 22.55 3.39 45.876026 12.305566 0 0
5.89 -7.76 1.89 22.23 3.39 45.876026 12.305566 0 0
6.06 -8.07 2.27 22.6 3.39 45.876026 12.305566 0 0
5.56 -7.59 1.83 22.79 3.39 45.876026 12.305566 0 0
6.26 -8.05 1.75 23.15 3.39 45.876026 12.305566 0 0
6.02 -7.62 2.29 22.69 3.39 45.876026 12.305566 0 0
6.36 -7.97 1.89 22.69 3.39 45.876026 12.305566 0 0
6.32 -7.6 1.85 22.35 3.39 45.876026 12.305566 0 0
