6.54 -9.11 1.9 22.17 3.37 45.398457 11.877910 0
5.77 -7.67 1.39 22.04 3.37 45.398457 11.877910 0
5.43 -8.02 2.35 22.45 3.37 45.398457 11.877910 0
6.05 -7.49 1.68 21.92 3.37 45.398457 11.877910 0
6.11 -7.84 1.41 21.87 3.37 45.398457 11.877910 0
6.37 -7.92 1.61 21.88 3.37 45.398457 11.877910 0
6.07 -7.04 1.23 22.17 3.37 45.398457 11.877910 0
2.39 -10.45 0.98 20.96 3.37 45.398457 11.877910 0
7.99 -4.8 5.04 22.07 3.37 45.398457 11.877910 0
6.03 -8.2 2.16 23.92 3.37 45.398457 11.877910 0
4.11 -8.49 -0.08 25.79 3.37 45.398457 11.877910 0
4.2 -8.99 1.53 21.78 3.37 45.398457 11.877910 0
2.64 -3.04 2.15 20.92 3.37 45.398457 11.877910 0
1.49 -8.02 3.72 21.37 3.37 45.398457 11.877910 0
7.28 -7.66 3.43 21.88 3.37 45.398457 11.877910 0
6.14 -6.51 -0.79 21.95 3.4 45.398485 11.877895 1
6.06 -6.9 1.42 22.11 3.4 45.398485 11.877895 0
5.09 -7.82 2.03 22.07 3.4 45.398485 11.877895 1
5.37 -7.15 1.83 21.93 3.4 45.398485 11.877895 0
6.33 -8.31 2.11 21.87 3.4 45.398485 11.877895 0
6.19 -7.93 1.74 22.4 3.4 45.398485 11.877895 0
6.03 -7.55 2.01 22.54 3.4 45.398485 11.877895 0
5.73 -7.59 2.42 21.87 3.4 45.398485 11.877895 0
5.75 -8.13 2.05 22.12 3.4 45.398485 11.877895 0
5.74 -8.04 1.64 22.57 3.4 45.398485 11.877895 0
6.12 -7.47 1.67 22.19 3.4 45.398485 11.877895 0
6.09 -7.18 1.43 22.07 3.4 45.398485 11.877895 0
6.67 -7.42 1.73 21.97 3.4 45.398485 11.877895 0
6.76 -8.09 1.75 22.07 3.4 45.398485 11.877895 0
5.52 -7.85 1.59 22.23 3.4 45.398485 11.877895 0
5.68 -8.05 1.32 22.23 3.4 45.398485 11.877895 0
6.14 -7.32 1.31 21.81 3.4 45.398485 11.877895 0
6.62 -7.65 1.69 21.73 3.57 45.398514 11.877880 1
6.1 -8.09 1.66 21.97 3.57 45.398514 11.877880 0
5.61 -8.02 1.94 22.02 3.57 45.398514 11.877880 0
