6.29 -8.23 1.96 21.54 3.08 45.398357 11.877915 1
6.04 -8.37 2.09 21.16 3.08 45.398357 11.877915 0
6.11 -8.47 2.14 21.35 3.08 45.398357 11.877915 0
5.78 -8.36 2.23 21.47 3.08 45.398357 11.877915 0
5.75 -8.42 2.19 21.57 3.08 45.398357 11.877915 0
5.26 -8.88 1.54 21.21 3.08 45.398357 11.877915 0
5.36 -8.45 1.4 21.47 3.08 45.398357 11.877915 0
5.32 -8.29 1.91 21.57 3.08 45.398357 11.877915 0
5.65 -7.78 2.57 21.92 3.08 45.398357 11.877915 0
5.76 -7.37 2.8 22.02 3.08 45.398357 11.877915 0
6.06 -7.49 1.92 22.05 3.08 45.398357 11.877915 0
6.12 -7.18 1.98 22.0 3.08 45.398357 11.877915 0
6.36 -7.65 1.31 22.11 3.08 45.398357 11.877915 0
6.27 -7.57 1.59 22.17 3.08 45.398357 11.877915 0
6.49 -7.66 1.4 21.97 3.08 45.398357 11.877915 0
6.45 -7.38 1.55 22.04 2.74 45.398381 11.877922 1
6.32 -7.66 1.61 21.61 2.74 45.398381 11.877922 0
5.84 -7.81 1.56 21.83 2.74 45.398381 11.877922 1
5.75 -8.15 1.77 21.97 2.74 45.398381 11.877922 0
5.96 -7.95 1.91 21.95 2.74 45.398381 11.877922 0
6.24 -7.82 1.67 22.59 2.74 45.398381 11.877922 0
6.03 -7.84 1.33 21.97 2.74 45.398381 11.877922 0
5.78 -7.8 1.84 22.02 2.74 45.398381 11.877922 0
5.83 -8.1 2.27 22.17 2.74 45.398381 11.877922 0
5.86 -7.89 1.89 22.04 2.74 45.398381 11.877922 0
5.99 -7.82 1.93 22.23 2.74 45.398381 11.877922 0
6.09 -7.74 1.81 22.12 2.74 45.398381 11.877922 0
6.15 -7.65 1.73 22.17 2.74 45.398381 11.877922 0
5.93 -7.59 1.96 22.12 2.74 45.398381 11.877922 0
6.1 -7.73 1.79 22.11 2.74 45.398381 11.877922 0
6.03 -8.09 1.77 21.75 2.74 45.398381 11.877922 0
5.95 -7.87 1.67 22.09 2.74 45.398381 11.877922 0
5.52 -7.85 1.37 22.05 3.06 45.398406 11.877921 1
6.02 -8.0 1.47 22.02 3.06 45.398406 11.877921 0
5.88 -7.94 1.65 21.52 3.06 45.398406 11.877921 1
