5.69 -8.15 2.1 22.02 3.57 45.398514 11.877880 1
5.87 -7.87 1.67 22.9 3.57 45.398514 11.877880 0
6.26 -7.89 1.4 22.14 3.57 45.398514 11.877880 0
5.62 -7.62 1.27 21.95 3.57 45.398514 11.877880 0
6.14 -8.09 1.5 22.0 3.57 45.398514 11.877880 0
6.2 -7.77 1.72 21.92 3.57 45.398514 11.877880 0
6.07 -7.72 1.78 22.17 3.57 45.398514 11.877880 0
5.89 -7.95 2.05 21.8 3.57 45.398514 11.877880 0
5.91 -7.18 2.8 22.19 3.57 45.398514 11.877880 0
5.91 -8.0 2.03 22.4 3.57 45.398514 11.877880 0
5.46 -8.63 1.76 22.38 3.57 45.398514 11.877880 0
5.97 -8.04 1.67 22.59 3.57 45.398514 11.877880 0
