5.87 -7.64 1.68 22.19 2.1 45.408304 11.889879 1 0
5.89 -7.41 1.86 21.69 2.1 45.408304 11.889879 1 0
6.09 -7.88 1.83 21.81 2.1 45.408304 11.889879 1 0
6.25 -7.65 1.5 21.97 2.96 45.408285 11.889845 0 0
5.97 -8.19 1.79 21.88 2.96 45.408285 11.889845 1 0
5.72 -7.83 1.58 22.05 2.96 45.408285 11.889845 0 0
5.62 -7.76 1.82 22.04 2.96 45.408285 11.889845 1 0
5.6 -7.91 1.95 22.35 2.96 45.408285 11.889845 1 0
5.93 -7.94 1.71 21.37 2.96 45.408285 11.889845 1 0
5.94 -7.85 2.06 22.21 2.96 45.408285 11.889845 1 0
6.14 -7.71 1.99 22.72 2.96 45.408285 11.889845 1 0
5.72 -7.84 2.06 21.87 2.96 45.408285 11.889845 1 0
5.85 -7.67 1.91 22.07 2.96 45.408285 11.889845 1 0
6.05 -7.55 2.02 22.07 2.96 45.408285 11.889845 1 0
5.87 -7.6 1.77 22.09 2.96 45.408285 11.889845 1 0
5.92 -7.87 1.92 22.12 2.96 45.408285 11.889845 1 0
5.89 -7.9 1.71 22.07 2.96 45.408285 11.889845 1 0
5.78 -7.83 1.83 22.38 2.96 45.408285 11.889845 1 0
5.69 -8.23 1.78 21.99 2.96 45.408285 11.889845 1 0
5.87 -8.13 1.81 21.93 2.96 45.408285 11.889845 1 0
5.7 -7.45 1.61 21.68 2.96 45.408285 11.889845 1 0
5.95 -7.99 1.7 21.92 3.84 45.408262 11.889807 0 0
6.05 -7.71 1.5 21.87 3.84 45.408262 11.889807 1 0
6.05 -7.98 1.63 21.51 3.84 45.408262 11.889807 0 0
6.21 -7.84 1.71 22.38 3.84 45.408262 11.889807 1 0
5.86 -7.46 1.77 21.99 3.84 45.408262 11.889807 1 0
5.8 -7.92 1.8 21.99 3.84 45.408262 11.889807 1 0
5.83 -7.87 1.66 21.88 3.84 45.408262 11.889807 1 0
6.03 -8.23 1.46 21.39 3.84 45.408262 11.889807 1 0
5.91 -8.38 1.61 22.14 3.84 45.408262 11.889807 1 0
5.69 -7.55 1.26 22.26 3.84 45.408262 11.889807 1 0
5.79 -7.67 1.7 22.23 3.84 45.408262 11.889807 1 0
5.94 -7.78 1.83 21.93 3.84 45.408262 11.889807 1 0
5.93 -7.88 2.01 21.88 3.84 45.408262 11.889807 1 0
6.43 -8.44 1.68 22.35 3.84 45.408262 11.889807 1 0
