5.59 -8.09 1.95 22.11 3.33 45.408183 11.889552 1 0
6.13 -7.98 1.68 21.54 3.33 45.408183 11.889552 1 0
4.88 -8.58 2.89 21.63 3.33 45.408183 11.889552 1 0
5.66 -8.21 2.16 21.45 3.01 45.408173 11.889508 0 0
5.65 -8.2 2.17 21.45 3.01 45.408173 11.889508 1 0
5.65 -8.21 2.15 21.44 3.01 45.408173 11.889508 1 0
5.65 -8.21 2.16 21.45 3.01 45.408173 11.889508 1 0
5.65 -8.21 2.16 21.46 3.01 45.408173 11.889508 1 0
5.66 -8.22 2.15 21.46 3.01 45.408173 11.889508 1 0
5.67 -8.21 2.16 21.44 3.01 45.408173 11.889508 1 0
5.66 -8.2 2.16 21.44 3.01 45.408173 11.889508 1 0
5.67 -8.21 2.17 21.46 3.01 45.408173 11.889508 1 0
5.65 -8.21 2.16 21.44 3.01 45.408173 11.889508 1 0
5.65 -8.21 2.16 21.44 3.01 45.408173 11.889508 1 0
5.66 -8.21 2.16 21.44 3.01 45.408173 11.889508 1 0
5.67 -8.21 2.15 21.45 3.01 45.408173 11.889508 1 0
5.66 -8.22 2.17 21.46 3.01 45.408173 11.889508 1 0
5.66 -8.21 2.16 21.45 3.01 45.408173 11.889508 1 0
5.66 -8.21 2.15 21.44 3.01 45.408173 11.889508 1 0
5.65 -8.21 2.16 21.45 3.01 45.408173 11.889508 1 0
5.67 -8.21 2.15 21.46 3.01 45.408173 11.889508 1 0
5.66 -8.22 2.16 21.45 3.01 45.408173 11.889508 1 0
5.66 -8.22 2.17 21.46 3.01 45.408173 11.889508 1 0
5.66 -8.21 2.16 21.45 3.01 45.408173 11.889508 1 0
5.66 -8.2 2.16 21.45 3.01 45.408173 11.889508 1 0
5.66 -8.21 2.17 21.44 3.01 45.408173 11.889508 1 0
5.66 -8.22 2.16 21.46 3.01 45.408173 11.889508 1 0
5.65 -8.2 2.15 21.45 3.01 45.408173 11.889508 1 0
5.66 -8.2 2.16 21.45 3.01 45.408173 11.889508 1 0
5.65 -8.21 2.16 21.46 3.01 45.408173 11.889508 1 0
5.66 -8.21 2.17 21.44 3.01 45.408173 11.889508 1 0
5.67 -8.2 2.17 21.44 3.01 45.408173 11.889508 1 0
5.65 -8.21 2.16 21.46 3.01 45.408173 11.889508 1 0
5.65 -8.21 2.16 21.46 3.01 45.408173 11.889508 1 0
5.67 -8.21 2.15 21.45 3.01 45.408173 11.889508 1 0
