6.25 -7.77 1.68 21.2 2.1 45.407341 11.879621 0
6.13 -8.19 1.87 21.71 2.1 45.407341 11.879621 0
5.97 -7.79 2.26 21.92 2.1 45.407341 11.879621 0
5.69 -8.28 1.89 22.09 2.1 45.407341 11.879621 0
6.17 -7.77 1.73 22.5 1.09 45.407334 11.879634 1
5.56 -7.77 1.97 23.0 1.09 45.407334 11.879634 0
6.7 -8.71 1.55 22.38 1.09 45.407334 11.879634 1
5.65 -7.4 1.86 23.51 1.09 45.407334 11.879634 0
5.87 -7.7 1.98 23.2 1.09 45.407334 11.879634 0
4.89 -8.4 1.16 23.43 1.09 45.407334 11.879634 0
5.44 -7.47 2.09 22.23 1.09 45.407334 11.879634 0
5.59 -7.36 1.48 21.04 1.09 45.407334 11.879634 0
6.96 -8.11 2.35 20.58 1.09 45.407334 11.879634 0
5.52 -10.33 1.28 20.51 1.09 45.407334 11.879634 0
5.64 -9.14 2.24 21.71 1.09 45.407334 11.879634 0
5.86 -6.38 2.34 21.92 1.09 45.407334 11.879634 0
5.82 -6.02 1.92 22.19 1.09 45.407334 11.879634 0
6.8 -6.9 2.03 21.54 1.09 45.407334 11.879634 0
6.1 -7.66 1.97 21.9 1.09 45.407334 11.879634 0
6.02 -8.3 1.51 21.59 1.09 45.407334 11.879634 0
5.56 -8.03 1.89 22.02 1.09 45.407334 11.879634 0
5.51 -7.48 1.63 22.35 2.03 45.407332 11.879660 1
6.03 -7.27 1.27 21.28 2.03 45.407332 11.879660 0
6.11 -7.64 1.72 21.13 2.03 45.407332 11.879660 1
5.61 -8.54 1.52 20.92 2.03 45.407332 11.879660 0
5.53 -8.13 1.21 21.08 2.03 45.407332 11.879660 0
6.06 -8.03 1.47 21.83 2.03 45.407332 11.879660 0
5.35 -7.78 1.41 21.75 2.03 45.407332 11.879660 0
5.56 -7.75 1.57 22.04 2.03 45.407332 11.879660 0
5.52 -5.9 2.07 22.07 2.03 45.407332 11.879660 0
6.41 -8.51 1.77 21.15 2.03 45.407332 11.879660 0
4.07 -7.39 2.35 22.93 2.03 45.407332 11.879660 0
6.75 -7.99 1.63 19.71 2.03 45.407332 11.879660 0
6.49 -10.96 1.14 20.56 2.03 45.407332 11.879660 0
6.5 -7.27 0.79 24.58 2.03 45.407332 11.879660 0
