4.75 -6.75 1.62 23.87 2.03 45.407332 11.879660 0
6.31 -6.98 1.79 26.38 2.03 45.407332 11.879660 0
4.78 -5.46 2.57 24.28 2.03 45.407332 11.879660 0
7.37 -6.39 2.0 23.36 2.03 45.407332 11.879660 0
7.38 -11.96 2.75 21.64 2.41 45.407337 11.879692 1
5.46 -12.99 2.7 21.83 2.41 45.407337 11.879692 0
4.77 -8.72 3.34 22.55 2.41 45.407337 11.879692 1
6.28 -5.97 1.15 24.68 2.41 45.407337 11.879692 0
5.39 -6.14 2.04 23.43 2.41 45.407337 11.879692 0
5.08 -6.59 3.58 22.91 2.41 45.407337 11.879692 0
4.84 -9.19 3.45 22.67 2.41 45.407337 11.879692 0
5.39 -10.3 -0.22 22.16 2.41 45.407337 11.879692 0
6.28 -5.39 1.47 22.52 2.41 45.407337 11.879692 0
4.8 -8.45 1.6 22.02 2.41 45.407337 11.879692 0
3.75 -8.15 1.74 21.9 2.41 45.407337 11.879692 0
6.15 -7.78 3.32 22.91 2.41 45.407337 11.879692 0
6.13 -7.41 1.76 22.62 2.41 45.407337 11.879692 0
4.58 -5.08 -0.38 21.76 2.41 45.407337 11.879692 0
6.45 -8.28 2.01 22.93 2.41 45.407337 11.879692 0
5.71 -8.66 1.56 24.37 2.41 45.407337 11.879692 0
4.16 -6.79 2.26 22.38 2.41 45.407337 11.879692 0
5.53 -8.84 1.76 23.7 1.71 45.407338 11.879719 1
5.05 -7.79 1.63 20.55 1.71 45.407338 11.879719 0
6.0 -13.54 1.05 19.79 1.71 45.407338 11.879719 1
6.53 -5.8 0.31 21.93 1.71 45.407338 11.879719 0
5.65 -9.22 1.94 24.4 1.71 45.407338 11.879719 0
5.37 -5.61 2.74 24.1 1.71 45.407338 11.879719 0
7.06 -6.95 1.97 23.38 1.71 45.407338 11.879719 0
5.49 -7.86 1.71 22.26 1.71 45.407338 11.879719 0
8.06 -5.4 1.41 21.63 1.71 45.407338 11.879719 0
4.47 -11.88 1.07 22.33 1.71 45.407338 11.879719 0
5.65 -8.81 2.11 22.88 1.71 45.407338 11.879719 0
4.65 -5.98 2.01 22.54 1.71 45.407338 11.879719 0
8.46 -9.43 2.69 22.4 1.71 45.407338 11.879719 0
4.88 -6.41 2.68 22.62 1.71 45.407338 11.879719 0
