6.1 -7.93 1.68 22.09 1.52 45.407348 11.879582 0
5.96 -7.74 2.01 21.99 1.52 45.407348 11.879582 0
5.87 -7.98 1.49 21.9 1.52 45.407348 11.879582 0
5.59 -8.07 1.59 21.49 1.52 45.407348 11.879582 0
5.91 -7.8 1.47 21.52 1.46 45.407345 11.879596 1
5.76 -7.91 2.1 21.9 1.46 45.407345 11.879596 0
5.58 -7.65 2.1 21.54 1.46 45.407345 11.879596 1
5.7 -7.88 1.61 21.88 1.46 45.407345 11.879596 0
5.92 -8.0 1.9 21.92 1.46 45.407345 11.879596 0
5.71 -7.84 2.07 21.63 1.46 45.407345 11.879596 0
5.82 -7.65 2.01 22.0 1.46 45.407345 11.879596 0
6.05 -7.64 1.52 22.09 1.46 45.407345 11.879596 0
5.88 -7.63 1.85 21.44 1.46 45.407345 11.879596 0
5.84 -7.68 1.69 21.08 1.46 45.407345 11.879596 0
5.91 -7.51 1.37 21.06 1.46 45.407345 11.879596 0
5.78 -7.7 1.31 20.19 1.46 45.407345 11.879596 0
5.96 -8.1 1.29 20.44 1.46 45.407345 11.879596 0
5.83 -7.95 1.43 19.88 1.46 45.407345 11.879596 0
5.82 -7.83 1.07 20.36 1.46 45.407345 11.879596 0
5.32 -7.06 0.78 20.48 1.46 45.407345 11.879596 0
6.06 -8.54 0.8 20.2 1.46 45.407345 11.879596 0
6.12 -8.23 1.19 21.18 1.46 45.407345 11.879596 0
6.15 -7.06 1.18 22.11 2.1 45.407341 11.879621 1
5.57 -6.85 1.57 23.2 2.1 45.407341 11.879621 0
6.13 -7.17 1.37 23.96 2.1 45.407341 11.879621 1
6.3 -7.37 2.13 23.51 2.1 45.407341 11.879621 0
6.14 -7.42 2.27 22.64 2.1 45.407341 11.879621 0
6.53 -6.51 1.77 22.26 2.1 45.407341 11.879621 0
5.38 -10.67 2.02 22.45 2.1 45.407341 11.879621 0
5.56 -8.91 1.41 21.97 2.1 45.407341 11.879621 0
6.15 -7.66 1.69 21.93 2.1 45.407341 11.879621 0
6.38 -7.42 2.42 22.04 2.1 45.407341 11.879621 0
6.08 -8.36 2.04 21.85 2.1 45.407341 11.879621 0
5.88 -8.37 1.98 21.18 2.1 45.407341 11.879621 0
5.88 -8.38 2.01 21.23 2.1 45.407341 11.879621 0
