6.18 -8.08 2.17 22.16 2.72 45.407845 11.899683 1
6.18 -8.0 1.89 22.45 2.72 45.407845 11.899683 1
6.06 -7.8 2.42 21.92 2.72 45.407845 11.899683 1
6.32 -7.92 2.02 22.0 2.72 45.407845 11.899683 1
6.18 -7.4 1.86 22.09 2.72 45.407845 11.899683 1
6.5 -7.51 1.42 22.16 2.72 45.407845 11.899683 1
5.84 -7.68 1.3 22.0 2.72 45.407845 11.899683 1
6.01 -7.75 1.75 22.05 2.72 45.407845 11.899683 1
5.49 -8.43 1.44 21.33 2.72 45.407845 11.899683 1
5.53 -7.98 1.71 21.87 2.83 45.407854 11.899717 0
5.92 -7.68 1.91 21.73 2.83 45.407854 11.899717 1
5.9 -7.72 1.61 21.78 2.83 45.407854 11.899717 0
6.04 -7.78 1.78 21.83 2.83 45.407854 11.899717 1
5.59 -7.95 2.25 21.83 2.83 45.407854 11.899717 1
5.95 -7.64 2.27 21.9 2.83 45.407854 11.899717 1
6.28 -7.1 2.13 21.44 2.83 45.407854 11.899717 1
6.39 -7.79 1.88 21.49 2.83 45.407854 11.899717 1
6.16 -7.5 2.05 22.07 2.83 45.407854 11.899717 1
6.22 -7.83 2.01 21.64 2.83 45.407854 11.899717 1
6.07 -7.42 2.29 21.54 2.83 45.407854 11.899717 1
6.13 -8.06 2.08 22.0 2.83 45.407854 11.899717 1
5.76 -7.81 1.84 22.14 2.83 45.407854 11.899717 1
5.24 -7.94 1.83 21.97 2.83 45.407854 11.899717 1
5.78 -7.77 1.72 21.54 2.83 45.407854 11.899717 1
6.06 -8.09 2.05 21.9 2.83 45.407854 11.899717 1
6.05 -7.48 1.8 21.4 2.83 45.407854 11.899717 1
6.26 -7.66 1.55 21.39 2.83 45.407854 11.899717 1
6.39 -7.45 1.76 22.19 3.21 45.407860 11.899760 0
6.39 -7.39 1.9 21.37 3.21 45.407860 11.899760 1
6.2 -7.55 1.98 21.88 3.21 45.407860 11.899760 0
6.35 -7.31 1.88 21.81 3.21 45.407860 11.899760 1
6.57 -7.81 1.63 21.95 3.21 45.407860 11.899760 1
5.94 -7.74 1.55 21.88 3.21 45.407860 11.899760 1
5.63 -7.79 1.59 21.88 3.21 45.407860 11.899760 1
5.88 -7.74 1.84 21.64 3.21 45.407860 11.899760 1
