5.88 -7.77 2.21 22.72 3.27 45.868348 12.307014 0
6.13 -7.8 2.08 22.74 3.27 45.868348 12.307014 0
6.54 -7.63 1.84 22.98 3.27 45.868348 12.307014 0
6.21 -7.39 1.65 22.93 3.27 45.868348 12.307014 0
5.76 -7.83 1.46 22.86 3.27 45.868348 12.307014 0
5.78 -7.76 2.14 23.12 3.18 45.868320 12.307021 1
6.68 -8.14 1.92 22.67 3.18 45.868320 12.307021 0
6.06 -8.01 1.86 23.43 3.18 45.868320 12.307021 1
5.26 -8.16 1.87 22.71 3.18 45.868320 12.307021 0
5.36 -7.87 1.8 22.74 3.18 45.868320 12.307021 0
5.99 -7.92 2.02 22.72 3.18 45.868320 12.307021 0
5.4 -7.39 2.01 22.57 3.18 45.868320 12.307021 0
5.87 -7.91 1.81 23.19 3.18 45.868320 12.307021 0
6.09 -7.51 2.02 22.69 3.18 45.868320 12.307021 0
6.23 -7.82 2.13 22.88 3.18 45.868320 12.307021 0
6.05 -7.88 2.11 23.79 3.18 45.868320 12.307021 0
6.09 -7.5 2.32 22.98 3.18 45.868320 12.307021 0
6.05 -7.4 2.2 22.47 3.18 45.868320 12.307021 0
5.91 -7.92 2.28 22.74 3.18 45.868320 12.307021 0
5.78 -7.86 1.76 23.15 3.18 45.868320 12.307021 0
5.82 -8.13 1.91 22.52 3.18 45.868320 12.307021 0
5.79 -8.41 1.58 22.04 3.2 45.868291 12.307029 1
5.69 -8.16 1.56 22.96 3.2 45.868291 12.307029 0
5.8 -8.54 1.78 22.74 3.2 45.868291 12.307029 1
5.72 -7.82 1.83 22.96 3.2 45.868291 12.307029 0
6.13 -7.23 1.77 22.86 3.2 45.868291 12.307029 0
6.55 -7.56 1.61 22.19 3.2 45.868291 12.307029 0
6.46 -8.18 2.38 22.47 3.2 45.868291 12.307029 0
6.63 -7.39 1.63 22.24 3.2 45.868291 12.307029 0
5.79 -7.58 1.97 24.1 3.2 45.868291 12.307029 0
5.12 -6.9 1.87 23.63 3.2 45.868291 12.307029 0
5.23 -7.58 1.98 23.08 3.2 45.868291 12.307029 0
5.89 -8.54 1.78 22.36 3.2 45.868291 12.307029 0
5.8 -8.69 2.25 22.67 3.2 45.868291 12.307029 0
4.82 -7.72 1.68 23.44 3.2 45.868291 12.307029 0
