5.61 -7.72 1.86 22.36 2.86 45.406348 11.895447 1
5.09 -7.73 2.19 22.21 2.86 45.406348 11.895447 1
5.74 -7.55 2.41 20.63 2.86 45.406348 11.895447 1
6.53 -8.2 2.41 21.42 2.86 45.406348 11.895447 1
5.82 -8.73 2.14 21.95 2.86 45.406348 11.895447 1
4.46 -7.02 1.82 23.02 2.86 45.406348 11.895447 1
4.48 -5.54 1.61 26.57 2.86 45.406348 11.895447 1
5.9 -8.3 1.65 21.95 2.82 45.406349 11.895484 0
6.65 -12.09 2.19 23.55 2.82 45.406349 11.895484 1
5.4 -10.78 2.61 23.82 2.82 45.406349 11.895484 0
3.74 -6.33 1.99 340.82 2.82 45.406349 11.895484 1
4.12 -5.63 1.4 22.26 2.82 45.406349 11.895484 1
6.1 -9.09 2.5 20.99 2.82 45.406349 11.895484 1
7.2 -10.99 3.91 21.92 2.82 45.406349 11.895484 1
6.24 -8.85 3.25 22.76 2.82 45.406349 11.895484 1
4.27 -6.23 1.53 22.47 2.82 45.406349 11.895484 1
3.43 -6.59 1.12 22.05 2.82 45.406349 11.895484 1
5.08 -8.61 1.7 21.01 2.82 45.406349 11.895484 1
7.23 -9.55 1.94 21.51 2.82 45.406349 11.895484 1
6.57 -9.31 1.94 21.18 2.82 45.406349 11.895484 1
4.1 -8.44 1.88 23.22 2.82 45.406349 11.895484 1
3.78 -6.49 1.59 23.17 2.82 45.406349 11.895484 1
5.87 -5.04 1.68 22.64 2.82 45.406349 11.895484 1
7.15 -6.6 2.33 22.09 2.82 45.406349 11.895484 1
6.59 -9.41 2.49 21.9 2.83 45.406347 11.895521 0
5.65 -9.59 1.88 22.16 2.83 45.406347 11.895521 1
5.21 -7.72 1.49 22.0 2.83 45.406347 11.895521 0
5.41 -7.0 1.63 21.78 2.83 45.406347 11.895521 1
5.98 -7.72 1.72 21.61 2.83 45.406347 11.895521 1
6.04 -8.28 1.72 22.07 2.83 45.406347 11.895521 1
5.5 -8.36 1.79 22.23 2.83 45.406347 11.895521 1
5.4 -8.11 1.78 22.42 2.83 45.406347 11.895521 1
5.83 -7.66 1.72 22.86 2.83 45.406347 11.895521 1
6.02 -7.63 1.8 22.38 2.83 45.406347 11.895521 1
5.93 -8.15 1.78 21.95 2.83 45.406347 11.895521 1
