5.55 -7.98 1.91 21.69 3.08 45.406342 11.895134 1
5.61 -7.99 2.02 22.57 3.08 45.406342 11.895134 1
5.81 -7.88 1.81 23.44 3.08 45.406342 11.895134 1
5.84 -7.82 1.81 22.93 3.08 45.406342 11.895134 1
5.78 -7.88 1.87 22.11 3.08 45.406342 11.895134 1
5.75 -7.97 1.62 22.05 3.08 45.406342 11.895134 1
5.67 -8.01 1.58 21.93 3.08 45.406342 11.895134 1
5.59 -8.04 2.03 21.95 2.71 45.406344 11.895169 0
5.55 -8.03 2.26 22.0 2.71 45.406344 11.895169 1
5.4 -7.99 1.99 22.02 2.71 45.406344 11.895169 0
5.33 -7.95 1.73 22.0 2.71 45.406344 11.895169 1
5.65 -7.98 1.55 23.62 2.71 45.406344 11.895169 1
6.06 -8.02 1.27 21.95 2.71 45.406344 11.895169 1
6.04 -7.94 1.09 22.91 2.71 45.406344 11.895169 1
5.84 -7.7 1.03 22.11 2.71 45.406344 11.895169 1
5.89 -7.63 0.94 22.57 2.71 45.406344 11.895169 1
5.86 -7.93 1.13 21.95 2.71 45.406344 11.895169 1
5.61 -8.21 1.67 21.8 2.71 45.406344 11.895169 1
5.62 -8.18 1.99 21.78 2.71 45.406344 11.895169 1
5.92 -8.02 1.9 21.56 2.71 45.406344 11.895169 1
5.83 -7.8 1.85 22.47 2.71 45.406344 11.895169 1
5.35 -7.35 1.98 22.83 2.71 45.406344 11.895169 1
5.29 -7.13 2.09 23.48 2.71 45.406344 11.895169 1
5.86 -7.69 2.12 21.85 2.71 45.406344 11.895169 1
6.26 -8.46 2.13 21.66 2.87 45.406345 11.895205 0
5.93 -8.57 2.06 22.45 2.87 45.406345 11.895205 1
5.33 -8.1 1.95 21.85 2.87 45.406345 11.895205 0
5.24 -7.61 1.82 22.45 2.87 45.406345 11.895205 1
5.65 -7.44 1.66 21.95 2.87 45.406345 11.895205 1
5.94 -7.73 1.64 21.8 2.87 45.406345 11.895205 1
5.87 -8.09 1.79 21.4 2.87 45.406345 11.895205 1
5.66 -7.88 1.82 21.95 2.87 45.406345 11.895205 1
5.49 -7.56 1.71 22.11 2.87 45.406345 11.895205 1
5.63 -7.9 1.74 22.05 2.87 45.406345 11.895205 1
6.14 -8.25 1.88 22.47 2.87 45.406345 11.895205 1
