5.88 -8.33 1.61 22.86 2.83 45.406347 11.895521 1
5.68 -7.94 1.61 22.47 2.83 45.406347 11.895521 1
5.51 -7.73 1.67 22.02 2.83 45.406347 11.895521 1
5.79 -7.87 1.44 21.97 2.83 45.406347 11.895521 1
6.06 -7.92 1.26 21.87 2.83 45.406347 11.895521 1
5.84 -7.92 1.58 21.69 2.83 45.406347 11.895521 1
5.65 -8.0 2.01 22.26 2.83 45.406347 11.895521 1
5.8 -8.02 2.01 22.29 2.19 45.406351 11.895551 0
5.82 -7.92 1.72 21.9 2.19 45.406351 11.895551 1
5.72 -7.84 1.55 22.47 2.19 45.406351 11.895551 0
5.86 -7.84 1.5 21.95 2.19 45.406351 11.895551 1
6.0 -7.95 1.54 21.64 2.19 45.406351 11.895551 1
5.84 -8.18 1.75 22.16 2.19 45.406351 11.895551 1
5.75 -8.28 2.0 22.17 2.19 45.406351 11.895551 1
5.85 -8.06 2.05 21.92 2.19 45.406351 11.895551 1
5.8 -7.77 1.92 22.43 2.19 45.406351 11.895551 1
5.75 -7.71 1.76 22.11 2.19 45.406351 11.895551 1
5.97 -7.88 1.66 22.24 2.19 45.406351 11.895551 1
6.09 -8.1 1.61 21.9 2.19 45.406351 11.895551 1
5.79 -8.2 1.66 21.85 2.19 45.406351 11.895551 1
5.59 -8.11 1.74 22.33 2.19 45.406351 11.895551 1
5.75 -7.96 1.71 21.9 2.19 45.406351 11.895551 1
5.84 -7.92 1.62 21.95 2.19 45.406351 11.895551 1
5.75 -7.93 1.64 21.66 2.19 45.406351 11.895551 1
5.82 -7.87 1.73 21.76 2.23 45.406363 11.895574 0
5.97 -7.8 1.63 21.8 2.23 45.406363 11.895574 1
5.88 -7.77 1.43 22.4 2.23 45.406363 11.895574 0
5.71 -7.67 1.52 23.02 2.23 45.406363 11.895574 1
5.74 -7.68 1.84 22.4 2.23 45.406363 11.895574 1
5.94 -8.07 1.91 21.28 2.23 45.406363 11.895574 1
6.09 -8.42 1.65 21.8 2.23 45.406363 11.895574 1
6.01 -8.15 1.49 21.95 2.23 45.406363 11.895574 1
5.72 -7.63 1.61 23.02 2.23 45.406363 11.895574 1
5.6 -7.54 1.8 27.35 2.23 45.406363 11.895574 1
5.89 -7.81 1.85 22.0 2.23 45.406363 11.895574 1
