5.69 -7.88 1.67 22.48 3.05 45.406347 11.895370 1
5.97 -7.81 1.91 22.0 3.05 45.406347 11.895370 1
6.02 -7.84 1.91 23.27 3.05 45.406347 11.895370 1
5.69 -7.97 1.91 22.93 3.05 45.406347 11.895370 1
5.56 -8.08 1.93 22.02 3.05 45.406347 11.895370 1
5.78 -7.94 1.73 22.45 3.05 45.406347 11.895370 1
5.81 -7.71 1.58 22.84 3.05 45.406347 11.895370 1
5.73 -7.8 1.84 23.63 3.05 45.406348 11.895409 0
6.01 -8.1 2.15 21.8 3.05 45.406348 11.895409 1
6.2 -8.15 2.05 21.54 3.05 45.406348 11.895409 0
5.74 -7.92 1.83 23.08 3.05 45.406348 11.895409 1
5.34 -7.8 1.86 23.32 3.05 45.406348 11.895409 1
5.71 -7.86 1.89 21.83 3.05 45.406348 11.895409 1
6.1 -7.94 1.75 22.24 3.05 45.406348 11.895409 1
5.74 -8.02 1.66 22.05 3.05 45.406348 11.895409 1
5.31 -8.14 1.68 22.05 3.05 45.406348 11.895409 1
5.63 -8.06 1.69 22.07 3.05 45.406348 11.895409 1
6.18 -7.76 1.67 22.47 3.05 45.406348 11.895409 1
6.06 -7.77 1.62 23.43 3.05 45.406348 11.895409 1
5.55 -8.04 1.58 22.31 3.05 45.406348 11.895409 1
5.54 -7.88 1.73 22.83 3.05 45.406348 11.895409 1
5.99 -7.5 1.9 22.64 3.05 45.406348 11.895409 1
6.21 -7.84 1.66 22.54 3.05 45.406348 11.895409 1
5.96 -8.52 1.23 22.35 3.05 45.406348 11.895409 1
5.6 -8.5 1.23 22.6 2.86 45.406348 11.895447 0
5.47 -8.09 1.57 21.8 2.86 45.406348 11.895447 1
5.61 -7.99 1.73 22.14 2.86 45.406348 11.895447 0
5.75 -7.89 1.67 23.08 2.86 45.406348 11.895447 1
5.66 -7.67 1.55 22.02 2.86 45.406348 11.895447 1
5.69 -7.76 1.44 21.97 2.86 45.406348 11.895447 1
5.97 -7.98 1.58 21.71 2.86 45.406348 11.895447 1
5.88 -8.05 1.98 22.93 2.86 45.406348 11.895447 1
5.44 -8.07 2.07 21.9 2.86 45.406348 11.895447 1
5.58 -7.91 1.76 22.83 2.86 45.406348 11.895447 1
6.02 -7.64 1.62 22.38 2.86 45.406348 11.895447 1
