5.85 -8.03 1.68 23.26 3.03 45.406376 11.895293 1
5.73 -7.99 1.77 21.99 3.03 45.406376 11.895293 1
5.68 -7.99 1.81 22.0 3.03 45.406376 11.895293 1
5.73 -7.92 1.8 21.95 3.03 45.406376 11.895293 1
5.78 -7.85 1.81 22.81 3.03 45.406376 11.895293 1
5.77 -7.85 1.78 22.42 3.03 45.406376 11.895293 1
5.69 -7.77 1.73 22.47 3.03 45.406376 11.895293 1
5.54 -7.71 1.77 22.81 3.03 45.406376 11.895293 1
5.57 -7.91 1.82 22.31 3.03 45.406376 11.895293 1
5.82 -8.1 1.74 22.31 3.03 45.406376 11.895293 1
5.91 -8.02 1.73 21.85 3.03 45.406376 11.895293 1
5.66 -7.87 1.89 22.35 3.03 45.406376 11.895293 1
5.51 -7.81 1.86 22.72 3.27 45.406376 11.895333 0
5.73 -7.8 1.57 22.24 3.27 45.406376 11.895333 1
5.93 -7.92 1.53 21.88 3.27 45.406376 11.895333 0
5.83 -8.1 1.86 21.9 3.27 45.406376 11.895333 1
5.64 -8.04 2.06 22.45 3.27 45.406376 11.895333 1
5.51 -7.88 1.99 21.88 3.27 45.406376 11.895333 1
5.45 -8.02 1.89 21.88 3.27 45.406376 11.895333 1
5.5 -8.2 1.74 22.05 3.27 45.406376 11.895333 1
5.7 -8.01 1.54 22.0 3.27 45.406376 11.895333 1
5.93 -7.79 1.59 21.95 3.27 45.406376 11.895333 1
6.02 -8.04 1.77 22.48 3.27 45.406376 11.895333 1
5.89 -8.22 1.58 22.36 3.27 45.406376 11.895333 1
5.69 -7.76 1.32 22.96 3.27 45.406376 11.895333 1
5.7 -7.29 1.66 26.07 3.27 45.406376 11.895333 1
5.96 -7.74 2.1 23.32 3.27 45.406376 11.895333 1
6.26 -8.6 1.66 23.14 3.27 45.406376 11.895333 1
6.32 -8.63 0.77 22.62 3.27 45.406376 11.895333 1
5.94 -7.88 0.83 23.07 3.22 45.406376 11.895374 0
5.35 -7.45 1.9 22.19 3.22 45.406376 11.895374 1
5.23 -7.7 2.68 23.38 3.22 45.406376 11.895374 0
5.74 -8.02 2.41 21.9 3.22 45.406376 11.895374 1
6.06 -8.14 1.66 23.92 3.22 45.406376 11.895374 1
5.73 -8.2 1.27 21.9 3.22 45.406376 11.895374 1
