6.21 -8.45 1.8 21.64 2.73 45.406376 11.895216 1
6.1 -8.78 1.68 22.09 2.73 45.406376 11.895216 1
5.58 -8.26 1.54 22.0 2.73 45.406376 11.895216 1
5.39 -7.54 1.57 22.11 2.73 45.406376 11.895216 1
5.69 -7.37 1.76 22.02 2.73 45.406376 11.895216 1
5.89 -7.76 1.87 22.35 2.73 45.406376 11.895216 1
5.87 -8.12 1.82 21.95 2.73 45.406376 11.895216 1
5.87 -7.99 1.77 22.47 2.73 45.406376 11.895216 1
5.66 -7.71 1.76 22.07 2.73 45.406376 11.895216 1
5.41 -7.74 1.72 22.11 2.73 45.406376 11.895216 1
5.88 -7.83 1.73 21.95 2.73 45.406376 11.895216 1
6.62 -7.82 1.83 21.99 2.73 45.406376 11.895216 1
6.32 -7.95 1.84 22.91 3.14 45.406375 11.895255 0
5.37 -7.86 1.71 22.64 3.14 45.406375 11.895255 1
5.18 -7.32 1.68 23.2 3.14 45.406375 11.895255 0
5.62 -7.52 1.78 21.64 3.14 45.406375 11.895255 1
5.86 -8.89 1.78 21.61 3.14 45.406375 11.895255 1
5.94 -9.44 1.76 20.73 3.14 45.406375 11.895255 1
5.84 -8.2 1.93 22.42 3.14 45.406375 11.895255 1
5.34 -6.94 2.05 22.47 3.14 45.406375 11.895255 1
5.13 -6.76 1.88 24.71 3.14 45.406375 11.895255 1
5.69 -6.99 1.64 22.98 3.14 45.406375 11.895255 1
6.21 -7.67 1.68 22.16 3.14 45.406375 11.895255 1
6.13 -8.88 1.78 22.26 3.14 45.406375 11.895255 1
5.9 -9.15 1.72 22.86 3.14 45.406375 11.895255 1
5.7 -8.05 1.62 22.26 3.14 45.406375 11.895255 1
5.51 -7.27 1.65 22.33 3.14 45.406375 11.895255 1
5.7 -7.53 1.71 22.71 3.14 45.406375 11.895255 1
6.11 -7.91 1.74 22.04 3.14 45.406375 11.895255 1
6.05 -8.17 1.77 22.29 3.03 45.406376 11.895293 0
5.61 -8.45 1.78 21.92 3.03 45.406376 11.895293 1
5.51 -8.26 1.75 21.97 3.03 45.406376 11.895293 0
5.76 -7.71 1.73 22.04 3.03 45.406376 11.895293 1
5.93 -7.61 1.72 21.99 3.03 45.406376 11.895293 1
5.93 -7.92 1.67 22.0 3.03 45.406376 11.895293 1
