5.51 -7.90 1.52 22.14 3.49  45.408397 11.890154
5.56 -8.08 1.59 22.12
5.70 -7.72 1.77 22.02
6.03 -8.00 1.86 21.92 3.49  45.408397 11.890154
6.33 -7.93 1.75 21.76
6.33 -7.66 1.88 21.90
6.20 -7.60 1.74 21.69
6.17 -7.42 1.36 22.05
5.90 -7.72 1.56 21.87
5.64 -8.42 1.57 21.92
4.90 -9.30 1.55 21.56
5.28 -8.05 1.42 22.04
5.93 -7.52 1.87 22.52
5.85 -7.75 2.20 22.05
5.89 -7.94 1.90 22.11
5.92 -7.85 2.07 21.61
6.22 -7.52 2.36 22.04
6.22 -7.72 2.20 22.00
5.89 -7.86 2.03 21.85 2.64  45.408384 11.890124
5.88 -7.75 1.80 21.97
5.82 -8.27 1.73 22.00 2.64  45.408384 11.890124
5.57 -7.75 1.79 22.05
5.53 -8.23 1.76 21.93
5.80 -7.93 1.88 21.51
5.64 -7.97 2.03 21.54
5.78 -7.94 1.86 21.95
5.65 -7.69 1.89 22.07
5.81 -7.70 1.78 21.56
6.49 -8.16 1.66 21.97
5.87 -7.66 1.68 22.16
5.49 -7.87 1.70 22.12
5.89 -7.62 1.72 21.61
5.95 -8.33 1.57 21.52
5.93 -8.18 1.70 22.12
6.00 -7.63 1.85 21.75
5.75 -7.47 1.58 21.90 3.16  45.408372 11.890087
5.75 -7.92 1.91 21.40
6.05 -8.16 2.01 21.32
6.25 -7.91 1.76 21.37 3.16  45.408372 11.890087
5.64 -7.43 1.81 21.51
5.97 -7.57 1.54 21.39
5.93 -7.70 1.92 21.35
6.11 -8.10 2.11 22.04
5.85 -8.02 2.24 22.26
5.51 -7.40 2.06 22.31
5.51 -7.75 1.85 21.56
6.13 -8.29 2.05 21.75
6.35 -8.58 1.76 21.88
5.85 -7.53 1.42 22.14
5.83 -7.37 1.51 22.16
6.05 -7.63 1.30 22.52
6.23 -7.85 1.60 21.47
6.37 -7.97 1.87 21.42
5.94 -7.72 2.36 22.31 1.56  45.408364 11.890068
5.57 -7.51 1.91 21.95
5.31 -8.14 1.73 22.42 1.56  45.408364 11.890068
5.96 -8.07 1.56 21.42
5.98 -8.02 1.79 21.87
5.92 -7.78 1.64 22.00
5.67 -7.98 1.69 21.85
5.73 -7.45 2.09 21.95
6.15 -7.94 1.89 22.31
6.41 -7.40 2.01 23.08
5.85 -7.31 2.01 22.07
6.02 -8.08 1.73 21.47
5.95 -8.39 1.85 21.90
5.68 -8.11 2.02 22.07
5.63 -7.79 1.69 22.17
5.65 -7.64 1.74 21.68
5.74 -7.97 1.69 21.93
5.97 -7.44 1.96 22.00 3.02  45.408355 11.890035
5.93 -7.61 1.71 21.92
6.15 -7.94 1.72 21.75
6.10 -7.85 1.79 22.35 3.02  45.408355 11.890035
6.06 -7.68 1.74 22.00
5.80 -7.71 1.81 21.97
5.60 -7.86 1.56 21.95
6.31 -7.87 1.49 21.90
5.54 -8.08 1.70 21.44
5.55 -7.72 1.96 21.61
6.04 -8.27 1.74 22.07
5.85 -7.27 1.91 22.19
5.97 -7.97 1.93 22.31
6.08 -7.41 2.04 22.00
6.36 -7.83 2.12 21.90
5.95 -8.21 1.99 21.52
6.31 -7.86 2.01 22.57
5.69 -7.53 2.16 22.17
5.49 -7.56 1.84 21.69 3.32  45.408344 11.889992
5.58 -7.86 1.86 22.26
5.85 -7.83 1.92 21.28 3.32  45.408344 11.889992
5.85 -8.67 1.84 21.80
5.80 -7.54 1.85 22.11
6.17 -7.37 1.78 21.69
5.74 -7.23 1.82 22.17
6.03 -7.89 1.78 21.87
6.14 -7.84 1.45 21.71
6.11 -8.24 1.52 21.37
6.16 -7.78 1.60 22.05
5.37 -7.90 1.66 22.36
5.65 -7.72 1.95 21.97
5.62 -7.79 2.01 22.14
6.22 -8.07 1.53 21.66
6.06 -8.03 1.86 21.66
6.02 -7.66 2.03 22.11
5.72 -7.92 1.69 21.90 3.31  45.408336 11.889950
6.28 -7.65 2.07 21.45
6.02 -8.00 1.52 22.11
6.29 -7.82 1.60 21.80 3.31  45.408336 11.889950
5.64 -8.01 1.72 21.92
5.66 -7.66 2.12 22.24
5.73 -8.04 1.74 22.00
5.63 -8.10 1.61 22.00
5.74 -7.99 1.82 22.05
5.55 -7.86 1.90 22.05
6.27 -7.89 1.83 21.61
6.02 -7.90 1.84 22.14
6.08 -7.54 1.98 22.17
6.00 -7.72 1.67 21.71
5.93 -8.01 1.62 22.05
5.87 -8.17 1.64 22.04
5.73 -7.88 1.75 22.00
5.57 -7.77 1.41 21.92
5.91 -7.97 1.67 21.95 2.31  45.408334 11.889916
5.96 -7.77 1.59 21.95
5.88 -8.07 1.73 21.92 2.31  45.408334 11.889916
5.87 -7.73 1.87 21.95
6.09 -7.89 1.99 21.95
6.19 -7.76 2.19 22.00
6.01 -7.63 1.91 22.04
5.89 -7.64 1.69 21.97
5.88 -7.97 2.21 21.90
6.07 -8.28 1.91 22.00
5.50 -7.91 1.95 21.76
5.59 -7.85 1.77 21.80
5.82 -7.98 1.79 22.12
5.82 -7.76 1.83 22.05
5.97 -7.94 1.84 21.61
6.01 -7.78 1.68 22.02
6.03 -7.76 1.64 21.87
5.85 -7.66 1.85 21.90
6.02 -7.83 1.71 21.81 2.03  45.408327 11.889891
5.82 -7.81 1.83 21.92
5.97 -7.90 1.47 22.40 2.03  45.408327 11.889891
5.79 -8.04 1.59 22.07
5.46 -7.79 1.55 22.05
5.64 -8.22 1.73 21.97
5.97 -8.14 1.90 21.80
5.82 -8.05 2.24 21.95
5.84 -7.48 2.17 22.52
5.98 -7.78 1.80 22.47
6.23 -7.81 1.99 21.99
5.60 -7.75 1.79 21.99
6.20 -8.18 1.66 22.07
5.52 -7.83 1.66 22.16
5.71 -7.58 1.73 21.76
5.42 -7.91 1.66 22.43
6.08 -7.93 1.96 22.31
5.97 -8.07 2.06 21.87 2.44  45.408320 11.889863
5.79 -7.66 1.94 22.45
5.86 -7.67 1.59 22.05 2.44  45.408320 11.889863
5.90 -7.65 1.81 21.85
6.24 -7.67 1.77 21.87
5.84 -8.08 1.80 21.92
5.83 -7.65 1.87 21.97
5.74 -7.94 1.51 21.92
5.67 -8.24 1.64 22.42
5.71 -8.13 1.87 22.11
5.96 -7.44 1.98 22.04
5.87 -8.05 1.75 22.52
5.89 -8.00 2.14 22.16
5.90 -7.83 1.92 22.17
5.96 -7.71 1.97 21.93
5.83 -7.86 1.47 21.97
6.18 -8.03 1.76 21.97
5.63 -7.87 1.78 21.56
6.00 -7.87 2.06 22.47 2.78  45.408309 11.889824
5.58 -7.55 1.91 22.09
5.61 -8.23 1.75 21.59 2.78  45.408309 11.889824
6.08 -8.04 1.55 21.52
5.96 -7.85 2.01 22.42
5.81 -7.89 1.79 21.95
6.14 -7.55 1.76 22.00
5.76 -7.74 1.72 21.95
6.18 -7.88 1.94 22.21
5.96 -7.78 1.89 22.26
5.78 -7.87 2.05 22.28
5.77 -7.75 1.82 22.19
5.49 -8.11 1.83 22.12
6.04 -8.18 1.68 22.12
6.14 -8.02 1.61 22.11
6.05 -8.04 1.58 22.23
5.83 -7.66 1.74 22.14
5.99 -7.65 1.88 22.00 3.14  45.408292 11.889785
6.31 -8.08 1.65 21.81
5.87 -8.41 1.92 21.90 3.14  45.408292 11.889785
5.89 -7.53 1.69 22.00
5.56 -7.59 1.76 22.00
5.75 -8.33 1.84 21.85
5.54 -7.68 1.90 21.85
6.05 -8.27 1.98 21.97
5.76 -7.47 1.72 21.99
5.42 -7.59 1.65 21.63
6.20 -8.35 1.79 21.97
6.14 -7.44 2.18 21.56
6.12 -8.08 2.02 22.47
5.72 -7.76 1.79 22.02
5.95 -7.71 1.90 21.95
5.78 -7.81 1.86 21.56
5.68 -7.90 1.54 21.47
5.97 -8.22 1.60 21.92
5.73 -7.71 1.68 21.76 3.46  45.408271 11.889742
5.76 -7.96 1.96 21.90
5.94 -7.76 2.06 22.00 3.46  45.408271 11.889742
5.95 -7.12 2.01 21.92
5.95 -7.84 1.85 21.44
5.89 -7.75 1.97 21.88
6.07 -7.93 1.80 21.85
5.63 -7.71 1.84 21.80
5.95 -7.85 2.01 22.07
5.68 -7.76 1.76 22.47
5.55 -7.89 1.64 22.04
6.16 -8.18 1.64 22.11
5.62 -7.68 2.05 21.66
5.37 -7.72 1.75 21.56
6.31 -7.98 2.06 21.99
5.65 -7.91 2.36 22.64
5.47 -7.66 1.63 22.21
4.56 -5.82 1.60 21.81 3.01  45.408253 11.889706
9.81 -7.93 1.67 21.80
4.04 -7.25 0.47 22.52 3.01  45.408253 11.889706
9.33 -7.93 1.84 24.54
4.83 -8.63 0.84 22.96
7.86 -8.23 1.44 23.62
6.27 -8.73 1.68 22.19
9.43 -6.49 1.36 21.03
3.78 -9.03 0.46 22.19
6.63 -7.56 0.96 25.12
5.95 -6.61 2.21 22.78
5.46 -7.24 1.59 22.23
5.54 -8.65 1.62 21.76
6.06 -8.03 1.62 21.99
5.47 -7.69 1.36 21.87
5.65 -7.72 1.88 22.17
5.52 -7.64 1.76 21.92
5.84 -8.16 2.21 21.92
6.17 -7.82 1.65 21.97 2.32  45.408239 11.889676
6.13 -7.63 1.60 22.02
6.15 -7.41 1.31 22.36 2.32  45.408239 11.889676
5.89 -7.80 1.74 21.90
6.13 -7.98 2.09 22.74
5.75 -7.71 1.86 21.92
5.61 -7.91 1.56 21.80
5.90 -8.25 1.31 22.26
5.35 -7.96 1.65 22.02
5.54 -8.07 1.91 22.54
6.26 -7.48 2.00 22.04
5.54 -7.34 1.76 22.02
5.74 -8.14 2.07 22.07
5.99 -7.91 1.79 22.43
5.80 -7.77 2.01 22.02
5.45 -8.07 2.14 21.54
6.01 -7.61 2.19 21.81
5.99 -8.26 1.65 21.66 1.27  45.408226 11.889656
5.59 -7.68 1.66 22.24
5.66 -8.10 1.58 22.23 1.27  45.408226 11.889656
5.51 -7.71 1.69 21.93
5.69 -8.47 1.93 21.93
6.02 -7.92 1.83 21.81
6.01 -8.00 1.73 22.17
5.70 -7.79 1.84 22.23
5.84 -7.65 1.80 22.21
5.98 -8.21 1.80 22.07
5.90 -7.68 1.58 22.02
5.81 -8.68 1.63 22.02
5.67 -7.56 1.97 22.09
5.57 -8.06 1.93 22.55
5.79 -7.75 1.72 22.07
6.18 -7.97 1.81 22.12
5.53 -8.03 1.98 21.52
5.62 -7.79 1.93 21.99
5.87 -8.06 1.95 21.88 2.15  45.408236 11.889626
5.67 -7.80 1.68 21.85
5.69 -8.16 1.72 21.97 2.15  45.408236 11.889626
5.93 -8.34 1.51 22.33
5.56 -7.92 1.70 22.21
5.52 -8.13 1.87 22.23
5.50 -7.60 1.88 22.02
5.37 -8.02 1.67 21.81
6.01 -8.49 1.80 21.76
5.88 -8.45 1.82 21.92
5.39 -8.03 1.88 21.92
5.31 -7.50 1.36 22.00
5.51 -7.59 1.61 21.97
