6.50 -7.82 1.46 22.23
5.95 -7.59 1.63 22.19
5.73 -7.48 1.53 21.92
6.06 -8.23 1.68 21.25 2.85  45.408360 11.890121
6.11 -7.92 1.71 21.81
6.02 -8.01 1.89 21.99 2.85  45.408360 11.890121
5.01 -8.40 2.07 22.04
5.03 -8.37 1.78 21.95
6.21 -7.71 1.65 21.52
6.27 -7.82 1.63 21.97
5.60 -7.86 1.94 21.97
5.75 -7.88 1.48 21.92
6.17 -7.72 1.59 22.09
5.94 -7.90 1.79 22.12
5.96 -7.67 1.87 22.14
6.27 -7.70 1.79 22.09
5.59 -7.92 1.90 21.63
5.77 -8.05 1.88 21.57
5.94 -8.05 1.79 21.54
5.97 -7.64 1.95 21.93
5.43 -7.96 1.92 22.07
5.43 -7.89 1.74 21.93 3.24  45.408345 11.890087
5.76 -8.19 1.71 21.44
6.17 -8.33 2.11 22.43 3.24  45.408345 11.890087
5.81 -7.47 1.70 21.73
5.97 -7.61 1.78 21.93
6.23 -7.64 2.04 21.42
6.06 -8.11 1.91 21.85
5.90 -7.95 1.88 22.04
5.74 -7.71 1.68 22.21
5.52 -7.64 1.48 21.64
6.08 -8.11 1.56 21.52
5.84 -8.06 1.59 21.52
5.95 -8.11 1.67 22.09
5.52 -7.70 1.63 22.14
5.87 -7.40 1.78 21.63
6.10 -7.64 2.02 21.52
6.34 -8.13 1.64 22.31
5.93 -7.83 1.91 22.05 3.30  45.408333 11.890052
5.76 -7.32 1.85 22.12
5.77 -7.91 2.06 21.83 3.30  45.408333 11.890052
6.08 -8.19 2.14 21.68
6.02 -8.33 1.73 21.87
5.49 -8.14 1.83 21.99
5.50 -7.12 1.66 22.09
5.86 -7.54 1.80 22.24
5.99 -7.76 1.84 21.81
6.26 -7.79 1.60 22.02
6.03 -8.04 1.74 22.05
5.95 -7.66 1.86 22.17
5.88 -7.60 1.92 22.12
6.36 -7.74 2.11 21.97
6.02 -7.90 1.87 21.93
5.69 -8.18 1.66 22.04
5.54 -8.02 1.42 22.07
5.58 -7.63 1.59 21.97
6.23 -8.01 1.64 22.02 3.27  45.408324 11.890012
5.50 -8.04 1.91 22.07
5.92 -7.76 1.82 22.04 3.27  45.408324 11.890012
6.05 -7.83 1.77 21.87
6.18 -7.68 2.12 21.76
6.39 -8.30 1.75 21.45
5.58 -7.39 1.81 21.57
5.83 -8.03 2.06 21.95
5.80 -7.48 2.09 21.59
6.23 -7.97 1.92 22.23
5.70 -7.71 1.92 22.54
5.71 -7.88 1.64 22.04
6.16 -8.39 1.58 21.52
6.01 -7.83 1.84 22.52
6.08 -7.83 1.83 22.28
5.72 -7.52 1.78 22.33
5.86 -7.50 1.58 21.61
6.09 -8.27 1.67 21.37 2.94  45.408318 11.889972
6.28 -7.75 1.67 21.83
5.95 -8.16 1.51 21.92 2.94  45.408318 11.889972
5.84 -8.14 1.65 21.90
5.48 -7.60 1.75 22.05
5.75 -7.82 1.50 22.17
5.76 -7.59 1.70 22.36
6.01 -8.05 1.84 21.73
6.07 -8.19 2.00 21.42
5.85 -7.99 1.87 21.78
6.20 -7.66 2.08 22.28
5.57 -7.16 1.88 22.28
5.90 -8.04 1.73 22.05
5.98 -7.79 1.76 21.87
5.91 -8.18 1.95 21.88
5.63 -8.18 1.58 22.12
5.88 -8.00 1.81 22.04
5.92 -7.25 2.06 22.12
5.50 -8.17 1.59 22.19 2.39  45.408313 11.889940
5.95 -7.98 1.82 21.92
5.74 -7.84 1.51 21.40 2.39  45.408313 11.889940
6.12 -7.97 1.59 21.30
6.31 -8.17 1.50 21.83
6.15 -7.54 1.72 21.92
5.70 -7.62 1.81 22.09
5.67 -7.46 1.75 22.00
6.09 -8.02 1.81 21.97
5.70 -8.46 1.63 21.49
5.87 -8.22 1.79 22.17
5.73 -7.72 1.88 21.83
5.59 -7.51 1.81 21.73
5.88 -7.55 1.85 21.49
6.12 -8.16 1.83 21.92
6.33 -8.06 1.95 22.07
5.66 -7.65 2.06 22.02
5.79 -7.38 2.21 21.51 2.55  45.408306 11.889908
6.01 -7.82 2.01 21.88
6.12 -8.02 2.13 21.97 2.55  45.408306 11.889908
5.83 -7.57 2.01 21.68
5.57 -7.78 2.04 21.97
5.69 -8.14 1.67 22.33
5.73 -8.10 1.78 22.02
6.00 -7.89 1.52 22.47
5.77 -7.58 1.53 22.19
6.10 -7.87 1.52 21.68
6.04 -7.71 1.67 22.04
6.08 -7.95 1.72 21.90
5.97 -8.08 1.76 21.90
5.81 -7.66 1.80 22.04
5.67 -8.09 1.66 22.19
5.48 -7.76 1.55 22.19
5.48 -7.74 1.82 21.44
6.17 -7.92 1.85 21.83
5.82 -8.12 1.92 22.02 2.10  45.408304 11.889879
5.74 -7.83 1.95 21.73
5.64 -7.22 2.20 22.02 2.10  45.408304 11.889879
6.13 -7.78 2.04 21.78
6.32 -8.27 1.94 21.83
5.89 -7.95 1.91 21.97
5.63 -7.86 1.87 22.07
5.79 -7.67 2.02 22.02
5.91 -7.85 1.78 22.48
6.07 -8.00 1.88 22.14
5.62 -7.97 1.67 22.12
5.86 -7.56 1.74 21.99
6.02 -8.03 1.74 21.93
6.15 -7.68 1.77 22.09
5.87 -7.64 1.68 22.19
5.89 -7.41 1.86 21.69
6.09 -7.88 1.83 21.81
6.25 -7.65 1.50 21.97 2.96  45.408285 11.889845
5.97 -8.19 1.79 21.88
5.72 -7.83 1.58 22.05 2.96  45.408285 11.889845
5.62 -7.76 1.82 22.04
5.60 -7.91 1.95 22.35
5.93 -7.94 1.71 21.37
5.94 -7.85 2.06 22.21
6.14 -7.71 1.99 22.72
5.72 -7.84 2.06 21.87
5.85 -7.67 1.91 22.07
6.05 -7.55 2.02 22.07
5.87 -7.60 1.77 22.09
5.92 -7.87 1.92 22.12
5.89 -7.90 1.71 22.07
5.78 -7.83 1.83 22.38
5.69 -8.23 1.78 21.99
5.87 -8.13 1.81 21.93
5.70 -7.45 1.61 21.68
5.95 -7.99 1.70 21.92 3.84  45.408262 11.889807
6.05 -7.71 1.50 21.87
6.05 -7.98 1.63 21.51 3.84  45.408262 11.889807
6.21 -7.84 1.71 22.38
5.86 -7.46 1.77 21.99
5.80 -7.92 1.80 21.99
5.83 -7.87 1.66 21.88
6.03 -8.23 1.46 21.39
5.91 -8.38 1.61 22.14
5.69 -7.55 1.26 22.26
5.79 -7.67 1.70 22.23
5.94 -7.78 1.83 21.93
5.93 -7.88 2.01 21.88
6.43 -8.44 1.68 22.35
5.94 -7.47 1.65 22.48
5.93 -7.39 1.61 22.12
5.83 -7.87 2.01 21.92
6.11 -7.84 2.12 22.07 3.65  45.408243 11.889765
5.79 -7.71 2.00 22.02
5.74 -8.12 1.96 21.93 3.65  45.408243 11.889765
5.78 -8.12 1.63 21.87
5.81 -7.92 1.81 21.63
5.79 -7.86 1.81 22.07
6.25 -7.59 1.66 22.52
5.72 -7.64 1.46 22.42
6.32 -7.78 1.41 21.87
6.29 -7.86 1.66 21.93
5.78 -7.93 1.96 22.12
5.73 -7.96 1.75 22.19
5.63 -7.65 1.73 22.09
5.85 -7.90 1.83 22.05
5.59 -8.12 1.81 22.64
6.01 -8.01 1.98 22.17
5.69 -7.71 2.14 21.57
6.22 -7.84 1.66 21.80
6.09 -7.99 1.65 22.29 3.57  45.408226 11.889722
6.11 -7.72 1.99 22.42
5.82 -7.53 1.84 21.51 3.57  45.408226 11.889722
5.90 -7.88 1.69 22.36
5.88 -8.09 1.82 22.02
5.93 -7.67 1.81 22.12
5.77 -7.66 1.89 22.02
5.94 -8.00 1.80 22.02
5.67 -8.02 1.67 21.63
5.84 -7.78 1.57 21.68
5.97 -8.04 1.63 22.07
5.93 -7.33 1.72 22.04
6.19 -7.75 1.60 22.00
5.84 -8.11 1.77 22.02
5.94 -7.64 1.80 22.43
5.48 -7.93 1.71 22.00
6.10 -8.13 1.65 21.52
5.52 -8.03 1.74 21.92 3.70  45.408207 11.889678
5.47 -7.88 1.58 21.52
6.06 -7.86 1.76 21.81 3.70  45.408207 11.889678
6.13 -7.73 2.17 22.19
6.06 -7.89 1.82 22.40
5.88 -7.75 2.14 22.36
5.83 -7.49 1.84 22.31
6.19 -8.24 1.76 21.88
6.13 -7.68 2.16 21.81
6.00 -7.86 2.19 22.07
5.66 -7.77 2.12 22.17
5.61 -7.72 2.08 22.04
6.06 -7.89 2.22 21.99
5.79 -8.15 2.22 22.07
5.81 -7.81 2.04 22.17
5.45 -7.58 1.98 22.09
4.93 -6.12 1.94 22.11
11.02 -9.17 1.83 21.66
5.86 -7.65 1.27 21.78 3.05  45.408195 11.889640
9.08 -6.59 1.92 24.20
4.47 -7.99 1.61 24.34 3.05  45.408195 11.889640
1.84 -0.03 -0.01 23.26
3.40 -10.71 -7.86 21.30
9.55 -11.23 -2.91 21.30
4.99 -9.62 -0.39 21.88
5.54 -5.39 1.39 22.31
5.77 -6.38 2.15 21.97
6.10 -6.90 1.41 21.95
6.64 -8.54 1.36 21.61
6.42 -9.12 1.93 21.47
5.40 -7.43 1.37 22.26
5.59 -7.11 1.65 22.21
5.76 -7.76 2.02 22.07
5.99 -8.44 2.00 21.97
5.89 -8.57 1.73 22.12
5.68 -7.63 1.74 22.21 3.12  45.408192 11.889598
5.29 -7.45 1.83 22.45
6.17 -8.04 1.98 21.90 3.12  45.408192 11.889598
6.04 -7.81 1.90 21.87
5.73 -7.90 1.82 22.28
5.22 -7.96 1.81 21.81
5.98 -7.73 2.07 22.17
5.81 -7.95 2.08 21.88
5.77 -7.86 2.10 22.05
5.47 -7.68 1.93 21.66
5.75 -8.11 2.01 21.54
6.16 -8.23 1.74 21.88
5.89 -7.96 1.75 22.11
5.67 -7.82 1.26 22.16
5.67 -7.58 1.67 21.69
6.00 -8.12 1.51 22.00
5.95 -8.04 1.83 21.92
5.91 -7.99 1.92 21.95
5.31 -8.14 1.59 22.05 3.33  45.408183 11.889552
6.05 -7.59 1.63 21.95
5.94 -8.05 1.82 21.92 3.33  45.408183 11.889552
5.65 -8.28 2.13 23.19
5.77 -7.76 1.86 22.11
5.53 -7.63 1.87 22.04
5.63 -7.80 1.87 21.83
5.42 -8.48 2.01 21.90
5.87 -7.98 1.35 21.95
5.77 -8.11 1.60 21.95
5.59 -8.08 2.06 22.05
5.58 -8.09 2.24 21.81
5.89 -7.58 1.80 21.88
5.71 -7.99 1.92 22.31
5.59 -8.09 1.95 22.11
6.13 -7.98 1.68 21.54
4.88 -8.58 2.89 21.63
5.66 -8.21 2.16 21.45 3.01  45.408173 11.889508
