5.96 -8.14 1.22 22.07 3.32  45.408354 11.890111
5.74 -8.12 1.60 22.17
5.95 -7.33 1.73 22.17
5.86 -7.83 1.83 22.04
6.05 -7.73 1.71 22.24
5.97 -8.06 1.96 21.97 3.32  45.408354 11.890111
6.06 -7.78 2.02 21.47
6.03 -7.35 2.07 21.52 3.32  45.408354 11.890111
6.22 -7.74 2.33 21.97
5.98 -7.73 2.00 21.87
5.97 -7.83 1.84 21.95
5.92 -7.91 1.84 21.88
5.60 -7.93 2.07 21.93
5.78 -7.72 1.95 22.45
5.82 -8.03 1.83 21.68
5.95 -7.60 1.42 22.07
6.02 -7.77 1.67 21.63
6.09 -7.78 1.65 22.02
6.11 -7.79 1.66 21.64
6.10 -7.80 1.65 22.07
5.99 -7.44 1.66 22.02
6.11 -7.83 1.72 21.61
6.14 -7.94 1.71 21.93
5.90 -7.94 1.83 22.00 2.31  45.408354 11.890076
5.66 -7.68 1.57 22.05
5.67 -8.02 1.60 21.95 2.31  45.408354 11.890076
6.10 -7.96 1.61 21.83
6.01 -8.04 1.72 22.24
5.78 -7.58 1.86 21.95
5.78 -7.71 1.66 21.44
6.03 -7.75 1.92 21.80
6.20 -7.67 2.04 21.92
6.10 -8.15 1.91 21.66
6.03 -7.78 2.00 22.29
5.84 -7.36 2.10 22.29
5.84 -7.67 2.09 22.07
5.71 -8.23 2.05 21.45
6.15 -8.17 1.82 22.23
5.73 -8.25 1.83 21.97
5.77 -7.52 1.64 21.99
5.69 -7.38 1.96 21.56 2.97  45.408347 11.890041
6.17 -7.77 1.64 21.90
6.07 -7.74 1.85 21.87 2.97  45.408347 11.890041
5.86 -7.80 1.73 21.92
6.09 -7.93 1.81 22.36
6.18 -7.48 1.87 22.04
5.87 -7.55 1.99 21.97
5.93 -7.97 1.83 21.88
5.77 -8.03 1.91 21.51
5.67 -7.87 1.60 22.07
5.70 -7.98 1.68 22.54
5.87 -7.82 1.85 21.99
6.08 -7.79 1.87 22.07
6.12 -7.98 1.68 22.33
6.01 -7.64 1.83 21.87
5.85 -7.50 1.99 22.14
6.10 -7.95 2.04 21.51
5.90 -8.17 1.77 21.81
6.18 -7.95 1.70 21.97 1.27  45.408343 11.890020
5.76 -7.54 2.10 21.93
5.71 -7.68 2.20 21.92 1.27  45.408343 11.890020
6.00 -8.00 2.06 22.02
5.84 -7.95 1.89 22.47
5.92 -7.63 1.65 21.61
5.74 -7.73 1.12 21.92
6.06 -8.29 1.38 21.81
6.20 -8.14 1.56 22.45
6.68 -7.84 1.87 22.17
6.13 -7.49 1.59 22.26
5.99 -7.31 1.63 22.17
5.65 -8.12 1.29 21.88
6.45 -8.13 1.45 21.87
5.95 -8.22 1.93 21.92
5.88 -7.69 1.74 22.12
5.54 -7.87 2.02 21.99
5.59 -7.62 1.56 22.14 1.32  45.408344 11.890001
5.78 -7.95 1.59 22.00
5.81 -7.76 2.08 21.25 1.32  45.408344 11.890001
6.36 -8.12 2.09 21.68
5.91 -8.14 2.39 21.32
5.96 -7.57 2.19 21.73
5.96 -7.31 2.27 22.07
5.71 -7.44 1.68 21.66
5.99 -8.34 1.63 21.45
5.84 -7.92 2.03 22.33
5.91 -8.08 1.89 21.90
5.29 -7.94 1.91 21.73
6.15 -7.92 1.77 21.76
5.86 -7.47 1.72 21.87
5.58 -7.83 1.76 22.33
6.08 -8.07 1.72 22.17
5.92 -7.56 1.59 21.92
6.16 -8.03 1.87 21.61
6.11 -8.40 1.70 21.69 1.65  45.408347 11.889979
6.21 -7.54 1.71 21.95
5.91 -7.50 1.44 22.07 1.65  45.408347 11.889979
5.71 -7.47 1.69 21.71
5.94 -7.91 1.37 21.51
5.70 -8.67 1.75 21.42
5.83 -8.06 1.74 21.51
5.82 -7.90 1.98 22.07
5.61 -7.24 1.75 21.69
5.86 -7.54 1.99 22.02
6.23 -8.19 1.83 21.87
6.44 -7.73 1.99 21.63
5.56 -7.81 1.86 22.09
5.68 -7.47 2.04 22.07
5.81 -7.92 2.00 21.56
6.08 -8.13 1.98 22.07
5.77 -7.89 1.67 21.68
5.54 -7.64 1.89 22.04 1.89  45.408341 11.889954
5.87 -7.74 1.93 21.97
5.90 -8.27 1.64 22.83 1.89  45.408341 11.889954
5.89 -8.07 1.41 22.05
5.97 -7.64 1.40 22.05
5.84 -7.72 1.53 22.02
6.16 -7.88 1.82 21.97
6.08 -7.76 1.52 21.45
6.14 -8.03 1.88 21.80
5.63 -8.11 1.78 22.07
5.61 -7.85 1.65 22.07
5.63 -7.99 1.72 22.59
5.72 -7.88 1.60 22.09
5.69 -7.82 1.69 21.63
6.06 -7.84 1.68 21.57
5.94 -8.03 1.77 22.12
6.03 -7.91 1.56 22.19
5.84 -7.45 1.76 22.05
5.96 -7.75 1.90 21.75 2.75  45.408325 11.889921
5.90 -8.16 2.08 21.78
5.85 -7.95 2.04 21.97 2.75  45.408325 11.889921
5.83 -7.78 2.25 21.66
5.57 -7.94 2.10 22.05
5.98 -7.88 1.81 21.92
5.64 -8.15 1.78 22.28
5.90 -7.72 1.74 21.99
5.51 -8.01 1.53 21.99
5.87 -7.77 1.50 21.52
6.25 -7.97 1.61 22.02
6.10 -7.67 1.64 22.12
5.95 -7.52 1.68 22.62
5.82 -7.79 1.88 22.17
6.06 -7.78 1.69 22.09
6.01 -7.99 1.66 22.12
5.65 -8.08 1.71 22.05
5.84 -8.09 1.62 22.02 3.28  45.408310 11.889881
5.66 -7.89 1.60 21.52
5.88 -8.16 1.86 21.52
5.94 -7.68 1.75 21.97 3.28  45.408310 11.889881
5.88 -8.09 1.81 21.95
5.98 -7.66 1.82 21.92
6.02 -7.79 1.76 21.42
6.08 -7.58 1.98 21.88
6.01 -8.02 1.68 21.47
5.76 -7.57 1.87 21.68
5.89 -7.71 2.17 22.09
5.60 -7.89 2.27 22.48
5.85 -8.11 2.02 22.02
5.82 -7.90 1.82 21.99
6.13 -8.22 1.63 22.04
5.73 -7.58 1.58 22.23
5.88 -7.37 1.59 22.12
6.08 -7.77 1.77 21.88
6.09 -7.86 1.74 21.92 1.36  45.408301 11.889861
5.93 -7.88 1.39 22.02
6.08 -7.69 1.52 21.95 1.36  45.408301 11.889861
6.10 -7.59 1.82 21.61
5.80 -8.13 1.84 21.61
5.53 -7.80 1.65 22.02
5.83 -8.16 1.70 21.45
5.86 -7.73 1.78 21.56
5.89 -7.92 1.64 22.23
5.81 -7.82 1.78 22.17
5.86 -7.58 1.96 21.57
5.97 -8.02 1.93 21.93
6.25 -7.78 1.79 21.97
5.93 -7.79 1.62 22.07
5.96 -7.83 1.72 22.07
5.79 -7.69 1.80 21.68
6.06 -8.09 1.91 22.00
5.69 -7.87 1.75 21.64 1.92  45.408296 11.889837
5.57 -7.80 1.91 22.00
5.79 -7.94 1.71 21.56 1.92  45.408296 11.889837
5.77 -8.09 1.86 21.92
5.76 -7.69 1.69 21.97
5.88 -8.12 1.66 22.00
6.16 -7.73 1.76 22.02
5.80 -7.75 1.66 22.14
6.01 -7.85 1.77 21.92
5.90 -8.06 1.99 22.09
5.78 -8.20 2.03 22.09
5.78 -8.19 1.69 22.12
5.66 -7.92 1.68 22.12
5.80 -8.13 1.96 22.26
5.53 -8.03 1.64 22.23
5.88 -7.73 1.90 22.12
6.09 -7.85 2.01 22.07
6.30 -7.93 2.06 21.97
6.22 -7.71 1.91 22.05 1.74  45.408288 11.889808
5.95 -7.75 1.84 22.07
5.71 -7.26 1.97 22.33 1.74  45.408288 11.889808
6.17 -8.37 1.98 21.87
5.91 -8.00 1.71 21.51
5.77 -8.08 1.62 22.05
5.25 -7.87 1.58 21.90
5.88 -7.62 1.94 21.45
6.02 -8.19 1.89 21.56
5.79 -7.47 1.64 22.07
6.14 -7.69 2.02 22.07
5.99 -7.84 1.79 22.07
6.09 -7.48 1.95 21.99
6.06 -7.59 1.98 23.27
6.04 -7.92 1.71 22.02
5.73 -8.34 1.73 22.02
5.68 -7.75 1.75 21.42
5.63 -7.92 1.77 21.92 2.04  45.408281 11.889779
5.63 -7.89 1.68 21.95
5.90 -7.85 1.76 22.36
6.19 -7.76 1.76 21.85 2.04  45.408281 11.889779
5.99 -8.11 1.79 21.88
6.19 -7.59 1.92 22.26
6.25 -7.99 2.03 21.45
5.76 -7.96 2.01 22.31
6.16 -7.74 2.09 21.95
6.04 -7.67 1.75 21.63
5.82 -7.87 1.90 22.17
5.70 -7.91 1.86 22.59
5.43 -7.80 1.89 21.99
5.54 -8.21 1.56 21.92
6.17 -8.20 1.49 22.07
5.87 -7.79 1.62 23.58
5.36 -7.65 1.75 22.29
5.82 -6.29 1.80 22.69
10.13 -8.77 1.95 22.48 0.28  45.408280 11.889766
5.74 -7.11 2.06 22.12
5.55 -10.66 2.31 24.23 0.28  45.408280 11.889766
5.50 -6.83 2.01 22.02
3.65 -4.38 1.55 23.19
2.71 -12.34 3.04 22.67
4.11 -4.35 3.29 21.66
6.25 -12.45 2.36 21.23
5.39 -7.89 2.21 49.44
6.12 -7.15 2.81 22.59
5.93 -7.08 1.56 22.60
5.84 -7.52 2.47 22.71
6.64 -7.92 1.43 22.33
5.94 -8.53 1.40 22.04
5.55 -7.71 2.04 22.69
5.42 -7.78 1.92 22.52
5.56 -7.64 1.74 22.71
5.65 -8.51 1.62 22.33 1.75  45.408293 11.889746
5.92 -7.97 1.60 21.97
5.59 -8.00 1.70 22.07
5.76 -7.56 1.50 22.02 1.75  45.408293 11.889746
5.90 -7.83 1.32 22.48
6.32 -8.01 1.56 21.92
5.83 -7.61 1.48 21.45
5.96 -8.00 1.66 21.92
5.68 -8.38 1.80 21.81
5.97 -7.56 2.36 22.04
5.55 -8.01 1.91 22.04
5.51 -8.18 1.64 22.14
5.84 -8.26 1.81 21.99
5.50 -7.49 1.58 22.04
5.87 -8.38 1.62 22.48
5.89 -7.79 1.84 22.04
5.86 -7.49 1.83 22.05
5.76 -7.91 1.87 21.88
6.09 -7.82 1.87 21.39 2.38  45.408305 11.889715
5.88 -8.04 1.88 21.97
5.32 -7.84 1.75 22.17 2.38  45.408305 11.889715
5.51 -8.05 1.74 22.11
5.88 -7.87 1.89 21.93
5.69 -8.13 1.82 21.44
6.12 -8.31 1.61 21.93
5.66 -8.17 1.69 22.02
5.96 -7.65 1.53 22.28
5.65 -8.03 1.61 22.19
6.05 -7.76 1.58 22.67
5.78 -8.14 2.12 22.09
5.66 -7.71 2.20 22.45
5.84 -8.40 2.01 21.99
5.87 -7.92 1.51 22.05
5.38 -7.97 1.78 22.48
5.85 -7.88 1.39 22.02
5.53 -8.22 1.79 22.02 2.39  45.408310 11.889674
5.77 -7.82 1.70 21.87
5.53 -8.08 2.18 21.42 2.39  45.408310 11.889674
6.11 -8.31 1.91 21.47
5.46 -7.87 2.04 21.97
