6.01 -7.08 2.08 22.33 2.42 45.407328 11.879852 0
6.36 -7.22 1.88 22.29 2.42 45.407328 11.879852 0
6.13 -7.45 1.77 21.57 2.42 45.407328 11.879852 0
6.17 -7.76 1.85 21.63 2.42 45.407328 11.879852 0
6.44 -8.36 1.17 21.37 1.47 45.407326 11.879829 1
5.26 -7.98 1.54 22.05 1.47 45.407326 11.879829 0
5.43 -7.81 1.36 22.23 1.47 45.407326 11.879829 1
6.04 -7.62 1.55 21.99 1.47 45.407326 11.879829 0
6.15 -7.41 1.59 21.92 1.47 45.407326 11.879829 0
6.37 -8.29 1.28 22.14 1.47 45.407326 11.879829 0
5.9 -8.1 1.16 22.79 1.47 45.407326 11.879829 0
6.11 -7.11 1.39 21.88 1.47 45.407326 11.879829 0
6.58 -7.33 1.8 22.09 1.47 45.407326 11.879829 0
6.61 -8.05 1.75 21.93 1.47 45.407326 11.879829 0
6.44 -7.81 1.95 21.99 1.47 45.407326 11.879829 0
6.06 -8.16 2.12 22.09 1.47 45.407326 11.879829 0
5.73 -6.95 2.11 22.05 1.47 45.407326 11.879829 0
6.41 -8.4 2.45 22.11 1.47 45.407326 11.879829 0
6.08 -8.19 1.93 22.23 1.47 45.407326 11.879829 0
5.94 -7.54 1.92 21.97 1.47 45.407326 11.879829 0
5.7 -7.61 2.12 22.24 1.47 45.407326 11.879829 0
5.8 -7.85 1.84 21.61 1.47 45.407326 11.879829 0
6.46 -8.3 2.12 21.32 2.96 45.407328 11.879794 1
5.96 -8.68 2.14 21.68 2.96 45.407328 11.879794 0
5.82 -7.61 1.54 21.66 2.96 45.407328 11.879794 1
5.73 -6.95 1.64 22.26 2.96 45.407328 11.879794 0
6.64 -6.79 1.54 21.93 2.96 45.407328 11.879794 0
6.98 -7.36 1.58 21.83 2.96 45.407328 11.879794 0
6.84 -8.34 1.24 21.9 2.96 45.407328 11.879794 0
6.22 -7.59 1.64 22.23 2.96 45.407328 11.879794 0
5.97 -7.29 1.37 22.23 2.96 45.407328 11.879794 0
6.17 -7.85 1.51 21.93 2.96 45.407328 11.879794 0
5.78 -8.03 2.03 22.36 2.96 45.407328 11.879794 0
5.81 -7.64 2.24 22.24 2.96 45.407328 11.879794 0
5.8 -7.96 1.67 21.93 2.96 45.407328 11.879794 0
