6.05 -7.74 1.53 21.49 2.91 45.395934 11.875919 0
6.18 -8.06 1.45 21.95 2.91 45.395934 11.875919 0
5.77 -7.79 1.69 21.88 2.91 45.395934 11.875919 0
5.6 -7.82 2.1 21.59 3.41 45.395956 11.875946 1
5.42 -8.09 1.68 21.52 3.41 45.395956 11.875946 0
2.56 -6.09 1.83 20.85 3.41 45.395956 11.875946 1
8.35 -11.31 2.15 20.03 3.41 45.395956 11.875946 0
5.39 -9.92 1.79 19.5 3.41 45.395956 11.875946 0
7.6 -6.46 1.65 21.13 3.41 45.395956 11.875946 0
5.87 -6.15 2.32 25.66 3.41 45.395956 11.875946 0
4.82 -3.92 1.16 26.77 3.41 45.395956 11.875946 0
9.94 -10.67 1.21 24.63 3.41 45.395956 11.875946 0
2.95 -5.15 3.6 23.38 3.41 45.395956 11.875946 0
4.9 -11.91 4.56 21.8 3.41 45.395956 11.875946 0
5.92 -11.65 4.79 21.85 3.41 45.395956 11.875946 0
5.56 -6.71 1.29 22.71 3.41 45.395956 11.875946 0
5.57 -6.08 5.28 24.03 3.41 45.395956 11.875946 0
3.82 -5.46 1.06 23.41 3.41 45.395956 11.875946 0
5.45 -9.5 8.7 27.94 3.41 45.395956 11.875946 0
5.1 -10.27 -1.83 23.87 3.41 45.395956 11.875946 0
5.73 -8.12 -1.7 22.91 2.21 45.395964 11.875972 1
4.77 -9.34 8.26 23.46 2.21 45.395964 11.875972 0
7.57 -6.83 0.75 22.71 2.21 45.395964 11.875972 0
4.66 -7.3 1.63 24.23 2.21 45.395964 11.875972 1
6.7 -7.42 -0.19 299.51 2.21 45.395964 11.875972 0
7.5 -11.57 1.65 22.05 2.21 45.395964 11.875972 0
6.03 -5.18 1.74 23.26 2.21 45.395964 11.875972 0
2.36 -5.6 2.14 27.15 2.21 45.395964 11.875972 0
6.36 -6.92 3.06 24.39 2.21 45.395964 11.875972 0
5.06 -7.72 4.55 26.67 2.21 45.395964 11.875972 0
8.09 -10.53 -0.5 23.48 2.21 45.395964 11.875972 0
6.04 -8.56 1.65 23.92 2.21 45.395964 11.875972 0
3.83 -5.61 2.08 26.19 2.21 45.395964 11.875972 0
5.13 -9.86 3.41 27.95 2.21 45.395964 11.875972 0
6.46 -6.71 0.83 25.11 3.12 45.395985 11.875998 1
