5.67 -7.66 1.44 21.69 1.53 45.395895 11.875900 0
5.14 -8.67 1.91 22.11 1.53 45.395895 11.875900 0
5.4 -8.57 0.32 21.56 1.53 45.395895 11.875900 0
5.54 -8.01 1.66 21.56 2.43 45.395911 11.875903 1
6.07 -7.8 1.62 21.52 2.43 45.395911 11.875903 0
6.42 -7.11 1.72 21.83 2.43 45.395911 11.875903 1
7.44 -7.14 1.41 21.4 2.43 45.395911 11.875903 0
7.99 -6.84 0.96 21.37 2.43 45.395911 11.875903 0
8.04 -6.31 1.37 21.4 2.43 45.395911 11.875903 0
8.28 -6.43 0.89 21.37 2.43 45.395911 11.875903 0
6.85 -7.0 0.93 21.57 2.43 45.395911 11.875903 0
5.75 -7.92 1.41 21.64 2.43 45.395911 11.875903 0
5.46 -8.44 1.09 21.54 2.43 45.395911 11.875903 0
5.65 -8.09 1.57 21.59 2.43 45.395911 11.875903 0
5.64 -8.38 1.78 21.64 2.43 45.395911 11.875903 0
5.11 -8.05 2.21 21.69 2.43 45.395911 11.875903 0
5.26 -8.27 2.04 22.17 2.43 45.395911 11.875903 0
5.36 -7.93 1.73 22.07 2.43 45.395911 11.875903 0
6.32 -7.49 2.21 22.0 2.43 45.395911 11.875903 0
7.24 -7.45 2.67 21.63 2.43 45.395911 11.875903 0
7.58 -6.2 2.91 21.59 2.43 45.395911 11.875903 0
8.16 -6.58 2.92 22.36 2.91 45.395934 11.875919 1
7.45 -6.98 2.44 21.69 2.91 45.395934 11.875919 0
6.52 -7.04 2.01 21.64 2.91 45.395934 11.875919 1
5.68 -7.78 1.5 21.32 2.91 45.395934 11.875919 0
5.92 -8.02 1.03 21.83 2.91 45.395934 11.875919 0
6.79 -7.8 0.96 21.85 2.91 45.395934 11.875919 0
6.37 -7.1 1.24 21.87 2.91 45.395934 11.875919 0
5.14 -8.27 1.82 21.64 2.91 45.395934 11.875919 0
4.79 -8.78 1.4 21.59 2.91 45.395934 11.875919 0
5.49 -8.59 1.2 21.61 2.91 45.395934 11.875919 0
6.44 -7.44 1.11 21.64 2.91 45.395934 11.875919 0
6.91 -7.33 1.61 21.8 2.91 45.395934 11.875919 0
6.7 -6.9 2.27 21.75 2.91 45.395934 11.875919 0
6.54 -7.18 2.2 22.09 2.91 45.395934 11.875919 0
