5.83 -8.01 1.82 22.05 2.43 45.406360 11.895585 0
5.64 -7.88 1.69 22.42 2.43 45.406360 11.895585 1
5.6 -7.89 1.62 22.45 2.43 45.406360 11.895585 0
5.81 -7.92 1.7 21.52 2.43 45.406360 11.895585 1
5.97 -7.9 1.75 22.57 2.43 45.406360 11.895585 1
5.9 -8.04 1.7 21.51 2.43 45.406360 11.895585 1
5.82 -8.26 1.62 22.47 2.43 45.406360 11.895585 1
5.87 -8.29 1.59 22.47 2.43 45.406360 11.895585 1
5.9 -8.19 1.59 22.47 2.43 45.406360 11.895585 1
5.86 -8.21 1.59 22.48 2.43 45.406360 11.895585 1
5.86 -8.26 1.59 22.47 2.43 45.406360 11.895585 1
5.89 -8.23 1.6 22.47 2.43 45.406360 11.895585 1
5.87 -8.21 1.6 22.47 2.43 45.406360 11.895585 1
5.85 -8.25 1.6 22.46 2.43 45.406360 11.895585 1
5.87 -8.24 1.6 22.47 2.43 45.406360 11.895585 1
5.88 -8.23 1.59 22.46 2.43 45.406360 11.895585 1
5.86 -8.24 1.59 22.46 2.43 45.406360 11.895585 1
5.87 -8.24 1.6 22.47 2.43 45.406360 11.895585 1
5.87 -8.22 1.59 22.46 2.43 45.406360 11.895585 1
5.86 -8.23 1.59 22.46 2.43 45.406360 11.895585 1
5.86 -8.23 1.59 22.47 2.43 45.406360 11.895585 1
5.87 -8.22 1.6 22.48 2.43 45.406360 11.895585 1
5.88 -8.23 1.6 22.46 2.43 45.406360 11.895585 1
5.87 -8.24 1.6 22.47 2.43 45.406360 11.895585 1
5.87 -8.23 1.59 22.47 2.43 45.406360 11.895585 1
5.87 -8.22 1.59 22.47 2.43 45.406360 11.895585 1
5.87 -8.23 1.59 22.46 2.43 45.406360 11.895585 1
5.88 -8.24 1.59 22.47 2.43 45.406360 11.895585 1
5.87 -8.23 1.59 22.47 2.43 45.406360 11.895585 1
5.87 -8.23 1.59 22.46 2.43 45.406360 11.895585 1
5.87 -8.24 1.59 22.47 2.43 45.406360 11.895585 1
5.87 -8.23 1.59 22.47 2.43 45.406360 11.895585 1
5.86 -8.23 1.6 22.47 2.43 45.406360 11.895585 1
5.86 -8.24 1.6 22.47 2.43 45.406360 11.895585 1
5.87 -8.24 1.59 22.46 2.43 45.406360 11.895585 1
