5.93 -7.65 1.78 22.55 2.99 45.406361 11.895300 0
5.85 -7.94 1.77 22.83 2.99 45.406361 11.895300 1
5.68 -8.03 1.8 22.4 2.99 45.406361 11.895300 0
5.59 -7.91 1.8 21.93 2.99 45.406361 11.895300 1
5.67 -7.88 1.79 21.8 2.99 45.406361 11.895300 1
5.72 -7.94 1.86 22.31 2.99 45.406361 11.895300 1
5.65 -7.95 1.91 22.83 2.99 45.406361 11.895300 1
5.65 -7.86 1.82 22.07 2.99 45.406361 11.895300 1
5.75 -7.76 1.66 22.47 2.99 45.406361 11.895300 1
5.84 -7.83 1.6 27.77 2.99 45.406361 11.895300 1
5.91 -8.03 1.65 22.33 2.99 45.406361 11.895300 1
5.91 -8.05 1.74 22.43 2.99 45.406361 11.895300 1
5.74 -7.9 1.83 22.52 2.99 45.406361 11.895300 1
5.68 -7.88 1.87 22.52 2.99 45.406361 11.895300 1
5.89 -7.94 1.85 22.48 2.99 45.406361 11.895300 1
5.97 -7.9 1.87 22.95 2.99 45.406361 11.895300 1
5.78 -7.88 1.85 21.99 2.99 45.406361 11.895300 1
5.69 -7.95 1.65 24.37 3.16 45.406362 11.895341 0
5.76 -7.94 1.56 21.95 3.16 45.406362 11.895341 1
5.75 -7.85 1.86 22.0 3.16 45.406362 11.895341 0
5.74 -7.89 2.07 21.9 3.16 45.406362 11.895341 1
5.75 -7.96 1.77 22.21 3.16 45.406362 11.895341 1
5.7 -7.92 1.48 22.16 3.16 45.406362 11.895341 1
5.84 -7.88 1.67 21.92 3.16 45.406362 11.895341 1
6.13 -7.87 1.88 22.83 3.16 45.406362 11.895341 1
5.92 -7.77 1.85 23.02 3.16 45.406362 11.895341 1
5.42 -7.7 1.84 23.43 3.16 45.406362 11.895341 1
5.6 -7.84 1.76 22.52 3.16 45.406362 11.895341 1
6.16 -8.19 1.59 22.12 3.16 45.406362 11.895341 1
5.93 -8.5 1.88 22.36 3.16 45.406362 11.895341 1
5.31 -8.47 2.34 23.74 3.16 45.406362 11.895341 1
5.49 -7.96 1.98 22.26 3.16 45.406362 11.895341 1
6.13 -7.45 1.13 22.57 3.16 45.406362 11.895341 1
6.15 -7.6 1.12 21.81 3.16 45.406362 11.895341 1
5.72 -8.18 1.87 22.04 3.16 45.406362 11.895341 1
