5.49 -8.3 2.14 22.12 3.24 45.406359 11.895383 0
5.5 -7.85 1.75 21.78 3.24 45.406359 11.895383 1
5.59 -7.56 1.43 21.8 3.24 45.406359 11.895383 0
5.82 -7.69 1.5 21.8 3.24 45.406359 11.895383 1
5.97 -7.82 1.79 25.79 3.24 45.406359 11.895383 1
5.88 -7.81 1.95 22.86 3.24 45.406359 11.895383 1
5.76 -7.83 1.79 22.86 3.24 45.406359 11.895383 1
5.75 -7.88 1.66 22.0 3.24 45.406359 11.895383 1
5.68 -7.89 1.82 22.11 3.24 45.406359 11.895383 1
5.66 -7.96 1.89 22.11 3.24 45.406359 11.895383 1
5.89 -8.1 1.67 22.48 3.24 45.406359 11.895383 1
6.02 -8.06 1.59 21.99 3.24 45.406359 11.895383 1
5.78 -7.86 1.77 22.11 3.24 45.406359 11.895383 1
5.6 -7.85 1.76 22.05 3.24 45.406359 11.895383 1
5.77 -8.03 1.64 22.05 3.24 45.406359 11.895383 1
5.86 -8.04 1.83 22.07 3.24 45.406359 11.895383 1
5.68 -7.89 2.02 22.81 3.24 45.406359 11.895383 1
5.65 -7.87 1.77 22.36 3.24 45.406359 11.895424 0
5.82 -7.95 1.47 22.36 3.24 45.406359 11.895424 1
5.84 -7.91 1.61 21.9 3.24 45.406359 11.895424 0
5.74 -7.95 1.88 21.93 3.24 45.406359 11.895424 1
5.68 -8.21 1.85 22.83 3.24 45.406359 11.895424 1
5.56 -8.18 1.7 22.17 3.24 45.406359 11.895424 1
5.58 -7.73 1.65 23.29 3.24 45.406359 11.895424 1
5.9 -7.73 1.59 21.44 3.24 45.406359 11.895424 1
5.97 -8.3 1.58 21.95 3.24 45.406359 11.895424 1
5.55 -8.32 1.81 22.38 3.24 45.406359 11.895424 1
5.47 -7.71 2.01 21.9 3.24 45.406359 11.895424 1
6.01 -7.73 1.79 22.31 3.24 45.406359 11.895424 1
6.22 -8.2 1.51 22.55 3.24 45.406359 11.895424 1
5.81 -7.84 1.62 22.76 3.24 45.406359 11.895424 1
5.55 -7.34 1.82 22.74 3.24 45.406359 11.895424 1
5.7 -8.0 1.76 22.14 3.24 45.406359 11.895424 1
5.83 -8.77 1.75 21.93 3.24 45.406359 11.895424 1
5.75 -8.4 1.87 22.09 3.24 45.406359 11.895424 1
