5.93 -7.94 1.44 22.24 2.42 45.406360 11.895163 0
5.87 -7.93 1.57 23.46 2.42 45.406360 11.895163 1
5.67 -7.88 1.81 21.92 2.42 45.406360 11.895163 0
5.61 -7.84 1.95 22.76 2.42 45.406360 11.895163 1
5.74 -7.91 1.95 22.24 2.42 45.406360 11.895163 1
5.81 -8.04 1.84 22.71 2.42 45.406360 11.895163 1
5.76 -8.03 1.79 21.85 2.42 45.406360 11.895163 1
5.77 -7.89 1.88 22.11 2.42 45.406360 11.895163 1
5.82 -7.78 1.9 22.6 2.42 45.406360 11.895163 1
5.8 -7.81 1.71 22.19 2.42 45.406360 11.895163 1
5.84 -7.92 1.57 21.69 2.42 45.406360 11.895163 1
5.93 -8.05 1.71 22.52 2.42 45.406360 11.895163 1
5.89 -8.1 1.86 22.02 2.42 45.406360 11.895163 1
5.79 -7.99 1.76 23.48 2.42 45.406360 11.895163 1
5.85 -7.82 1.6 22.16 2.42 45.406360 11.895163 1
5.89 -7.8 1.61 22.57 2.42 45.406360 11.895163 1
5.8 -7.95 1.67 22.36 2.42 45.406360 11.895163 1
5.79 -8.08 1.66 21.9 2.73 45.406359 11.895194 0
5.86 -8.1 1.66 21.9 2.73 45.406359 11.895194 1
5.79 -8.03 1.72 21.93 2.73 45.406359 11.895194 0
5.69 -7.91 1.78 22.02 2.73 45.406359 11.895194 1
5.76 -7.82 1.82 23.36 2.73 45.406359 11.895194 1
5.85 -7.85 1.81 21.93 2.73 45.406359 11.895194 1
5.83 -7.93 1.7 21.49 2.73 45.406359 11.895194 1
5.8 -7.96 1.59 22.36 2.73 45.406359 11.895194 1
5.74 -7.95 1.66 22.42 2.73 45.406359 11.895194 1
5.64 -7.88 1.81 22.11 2.73 45.406359 11.895194 1
5.68 -7.78 1.84 22.02 2.73 45.406359 11.895194 1
5.69 -7.84 1.8 22.43 2.73 45.406359 11.895194 1
5.48 -8.03 1.81 21.9 2.73 45.406359 11.895194 1
5.57 -8.03 1.78 22.19 2.73 45.406359 11.895194 1
6.29 -7.91 1.63 22.19 2.73 45.406359 11.895194 1
6.68 -7.96 1.52 22.33 2.73 45.406359 11.895194 1
6.11 -7.89 1.57 23.31 2.73 45.406359 11.895194 1
5.54 -7.42 1.63 22.67 2.73 45.406359 11.895194 1
