5.17 -9.99 1.55 21.95 2.25 45.406357 11.895529 0
5.33 -7.18 1.71 22.24 2.25 45.406357 11.895529 1
6.09 -6.11 1.99 21.95 2.25 45.406357 11.895529 0
6.22 -7.42 2.06 21.35 2.25 45.406357 11.895529 1
5.83 -9.16 1.96 21.59 2.25 45.406357 11.895529 1
5.4 -9.24 1.8 23.1 2.25 45.406357 11.895529 1
5.25 -7.74 1.73 22.05 2.25 45.406357 11.895529 1
5.71 -6.7 1.82 22.17 2.25 45.406357 11.895529 1
6.35 -7.29 1.83 22.33 2.25 45.406357 11.895529 1
6.22 -8.41 1.67 22.26 2.25 45.406357 11.895529 1
5.53 -8.61 1.65 22.36 2.25 45.406357 11.895529 1
5.41 -7.94 1.84 23.03 2.25 45.406357 11.895529 1
5.85 -7.36 1.9 21.66 2.25 45.406357 11.895529 1
5.96 -7.48 1.67 22.4 2.25 45.406357 11.895529 1
5.74 -8.14 1.44 21.9 2.25 45.406357 11.895529 1
5.71 -8.54 1.59 22.31 2.25 45.406357 11.895529 1
5.77 -8.14 1.99 21.87 2.25 45.406357 11.895529 1
5.78 -7.48 2.1 22.07 2.0 45.406359 11.895555 0
5.92 -7.45 1.8 22.86 2.0 45.406359 11.895555 1
6.0 -7.96 1.61 21.88 2.0 45.406359 11.895555 0
5.75 -8.25 1.73 21.39 2.0 45.406359 11.895555 1
5.53 -8.16 1.66 22.74 2.0 45.406359 11.895555 1
5.62 -8.12 1.41 22.64 2.0 45.406359 11.895555 1
5.68 -8.2 1.53 22.36 2.0 45.406359 11.895555 1
5.59 -8.1 1.93 22.86 2.0 45.406359 11.895555 1
5.68 -7.88 2.01 22.16 2.0 45.406359 11.895555 1
5.8 -7.86 1.87 22.11 2.0 45.406359 11.895555 1
5.71 -7.97 1.84 22.05 2.0 45.406359 11.895555 1
5.68 -8.01 1.78 22.07 2.0 45.406359 11.895555 1
5.87 -8.0 1.59 22.86 2.0 45.406359 11.895555 1
5.94 -7.99 1.6 22.05 2.0 45.406359 11.895555 1
5.81 -7.88 1.79 22.5 2.0 45.406359 11.895555 1
5.78 -7.75 1.82 22.02 2.0 45.406359 11.895555 1
5.91 -7.87 1.74 21.87 2.0 45.406359 11.895555 1
5.96 -8.06 1.79 22.0 2.0 45.406359 11.895555 1
