6.56 -7.58 2.35 21.23 0.78 45.395926 11.875928 0
5.69 -8.24 2.72 21.27 1.50 45.395927 11.875935 1
6.55 -7.87 2.14 20.85 1.50 45.395927 11.875935 0
5.96 -7.60 1.73 21.63 1.50 45.395927 11.875935 1
6.10 -7.63 2.01 21.80 1.50 45.395927 11.875935 0
6.44 -7.20 2.06 21.52 1.50 45.395927 11.875935 0
6.02 -7.42 1.84 21.69 1.50 45.395927 11.875935 0
6.04 -7.27 2.37 21.73 1.50 45.395927 11.875935 0
6.04 -7.66 1.83 21.71 1.50 45.395927 11.875935 0
5.63 -8.03 1.25 21.54 1.50 45.395927 11.875935 0
5.55 -8.36 1.50 21.85 1.50 45.395927 11.875935 0
6.50 -7.65 1.75 21.44 1.50 45.395927 11.875935 0
7.17 -7.25 2.12 21.95 1.50 45.395927 11.875935 0
6.91 -6.90 1.73 21.64 1.50 45.395927 11.875935 0
6.47 -7.21 1.87 21.64 1.50 45.395927 11.875935 0
6.73 -7.12 2.09 21.95 1.50 45.395927 11.875935 0
6.80 -7.02 2.23 21.51 1.50 45.395927 11.875935 0
6.84 -7.41 1.83 21.28 1.50 45.395927 11.875935 0
6.49 -7.53 1.69 21.83 1.92 45.395938 11.875945 1
6.72 -7.09 2.09 21.90 1.92 45.395938 11.875945 0
6.55 -7.10 2.45 21.42 1.92 45.395938 11.875945 1
6.43 -7.65 1.08 21.47 1.92 45.395938 11.875945 0
6.38 -7.55 0.50 21.47 1.92 45.395938 11.875945 0
6.70 -7.55 0.94 21.49 1.92 45.395938 11.875945 0
6.41 -7.01 2.02 21.42 1.92 45.395938 11.875945 0
6.23 -7.62 1.56 21.42 1.92 45.395938 11.875945 0
5.36 -8.69 2.19 21.69 1.92 45.395938 11.875945 0
4.70 -7.67 3.06 21.80 1.92 45.395938 11.875945 0
4.71 -6.77 0.70 21.85 1.92 45.395938 11.875945 0
3.42 -6.86 1.05 20.39 1.92 45.395938 11.875945 0
9.23 -11.71 3.77 19.52 1.92 45.395938 11.875945 0
10.83 -5.52 2.83 20.87 1.92 45.395938 11.875945 0
9.71 -6.48 0.73 27.01 1.92 45.395938 11.875945 0
5.00 -6.39 1.90 25.54 1.92 45.395938 11.875945 0
2.03 0.69 1.57 25.02 1.92 45.395938 11.875945 0
3.81 -4.51 -0.13 25.48 1.92 45.395938 11.875945 0
5.40 -11.26 4.06 22.47 2.44 45.395944 11.875973 1
5.78 -14.97 1.64 23.02 2.44 45.395944 11.875973 0
3.91 -4.92 1.47 789.59 2.44 45.395944 11.875973 1
2.92 -9.85 -0.76 23.56 2.44 45.395944 11.875973 0
8.65 -12.06 6.40 22.59 2.44 45.395944 11.875973 0
6.03 -6.71 -0.46 22.38 2.44 45.395944 11.875973 0
6.55 -8.27 3.71 24.63 2.44 45.395944 11.875973 0
5.30 -9.05 1.11 24.15 2.44 45.395944 11.875973 0
3.38 -4.38 4.52 23.29 2.44 45.395944 11.875973 0
5.33 -6.66 1.81 25.59 2.44 45.395944 11.875973 0
7.85 -9.72 0.68 25.18 2.44 45.395944 11.875973 0
2.75 -6.31 -0.62 24.82 2.44 45.395944 11.875973 0
3.48 -6.27 5.00 22.79 2.44 45.395944 11.875973 0
7.19 -11.10 3.67 22.69 2.44 45.395944 11.875973 0
5.97 -9.20 2.04 25.02 2.44 45.395944 11.875973 0
7.17 -11.77 3.03 307.91 2.19 45.395957 11.875993 1
8.84 -9.90 1.00 22.09 2.19 45.395957 11.875993 1
6.13 -7.48 2.85 23.36 2.19 45.395957 11.875993 0
6.09 -8.34 1.69 28.25 2.19 45.395957 11.875993 0
5.45 -6.21 1.56 25.31 2.19 45.395957 11.875993 0
4.01 -9.60 0.90 24.59 2.19 45.395957 11.875993 0
5.84 -9.22 1.18 23.36 2.19 45.395957 11.875993 0
5.95 -8.35 1.84 26.02 2.19 45.395957 11.875993 0
5.19 -6.91 -1.96 23.31 2.19 45.395957 11.875993 0
6.60 -9.84 2.59 26.51 2.19 45.395957 11.875993 0
7.57 -6.13 0.69 23.05 2.19 45.395957 11.875993 0
5.07 -8.37 2.02 23.38 2.19 45.395957 11.875993 0
7.11 -6.72 -0.01 24.59 2.19 45.395957 11.875993 0
7.86 -7.16 1.40 23.65 2.19 45.395957 11.875993 0
4.71 -8.71 2.28 22.91 3.22 45.395985 11.876004 1
5.78 -8.09 -2.18 22.09 3.22 45.395985 11.876004 0
5.74 -8.77 3.91 23.75 3.22 45.395985 11.876004 1
4.37 -6.29 3.08 24.34 3.22 45.395985 11.876004 0
6.71 -8.47 0.89 23.63 3.22 45.395985 11.876004 0
4.67 -7.73 1.81 24.37 3.22 45.395985 11.876004 0
7.38 -7.90 3.70 23.32 3.22 45.395985 11.876004 0
3.45 -5.26 1.94 26.10 3.22 45.395985 11.876004 0
6.70 -10.70 1.41 27.08 3.22 45.395985 11.876004 0
5.97 -8.55 2.62 23.00 3.22 45.395985 11.876004 0
7.41 -6.92 3.51 25.71 3.22 45.395985 11.876004 0
4.27 -6.99 2.20 24.70 3.22 45.395985 11.876004 0
5.30 -6.11 1.66 25.74 3.22 45.395985 11.876004 0
7.98 -8.88 1.90 25.52 3.22 45.395985 11.876004 0
5.59 -11.51 0.06 22.04 3.22 45.395985 11.876004 0
7.44 -7.64 0.37 24.52 3.22 45.395985 11.876004 0
5.52 -5.41 2.65 304.10 3.15 45.396007 11.876031 1
7.32 -8.21 1.78 24.37 3.15 45.396007 11.876031 1
7.16 -6.47 1.16 23.96 3.15 45.396007 11.876031 0
6.29 -6.54 0.05 23.07 3.15 45.396007 11.876031 0
9.39 -9.86 0.15 23.20 3.15 45.396007 11.876031 0
1.92 -10.32 0.52 26.36 3.15 45.396007 11.876031 0
7.27 -10.65 0.55 23.62 3.15 45.396007 11.876031 0
5.57 -7.39 0.87 689.53 3.15 45.396007 11.876031 0
7.71 -9.28 2.65 22.67 3.15 45.396007 11.876031 0
5.59 -8.87 0.18 354.22 3.15 45.396007 11.876031 0
8.74 -8.21 2.74 6.89 3.15 45.396007 11.876031 0
4.77 -7.46 0.81 27.97 3.10 45.396036 11.876046 1
6.55 -9.08 2.27 24.22 3.10 45.396036 11.876046 0
4.90 -5.84 1.86 25.07 3.10 45.396036 11.876046 1
5.95 -8.59 -0.89 24.47 3.10 45.396036 11.876046 0
4.86 -7.23 4.53 23.31 3.10 45.396036 11.876046 0
7.02 -9.35 1.58 23.34 3.10 45.396036 11.876046 0
3.84 -8.74 1.42 25.38 3.10 45.396036 11.876046 0
6.07 -6.97 0.88 24.85 3.10 45.396036 11.876046 0
4.92 -6.61 1.42 23.36 3.10 45.396036 11.876046 0
5.41 -7.28 0.02 23.00 3.10 45.396036 11.876046 0
6.77 -8.40 1.12 23.22 3.10 45.396036 11.876046 0
7.77 -6.95 2.92 23.74 3.10 45.396036 11.876046 0
4.71 -10.32 1.07 25.79 3.10 45.396036 11.876046 0
6.71 -7.95 3.32 23.27 3.10 45.396036 11.876046 0
6.03 -10.30 3.42 23.87 3.10 45.396036 11.876046 0
4.17 -6.95 2.16 24.88 3.10 45.396036 11.876046 0
4.44 -6.70 1.85 23.96 3.10 45.396036 11.876046 0
7.48 -7.49 2.42 25.74 3.48 45.396063 11.876061 1
5.72 -7.46 1.78 300.14 3.48 45.396063 11.876061 1
6.05 -7.72 2.17 6.86 3.48 45.396063 11.876061 0
6.00 -6.93 1.01 286.15 3.48 45.396063 11.876061 0
5.67 -6.91 -1.98 21.83 3.48 45.396063 11.876061 0
5.75 -7.71 0.59 25.31 3.48 45.396063 11.876061 0
7.45 -8.05 0.80 24.70 3.48 45.396063 11.876061 0
5.32 -7.07 1.41 22.81 3.48 45.396063 11.876061 0
7.03 -7.57 0.34 22.60 3.48 45.396063 11.876061 0
5.30 -8.78 2.99 23.60 3.48 45.396063 11.876061 0
7.01 -5.04 2.02 27.29 3.48 45.396063 11.876061 0
6.12 -8.58 1.81 23.48 3.39 45.396092 11.876076 1
6.38 -7.59 1.66 23.36 3.39 45.396092 11.876076 0
6.59 -11.38 2.31 23.62 3.39 45.396092 11.876076 1
3.88 -9.11 4.11 24.63 3.39 45.396092 11.876076 0
4.30 -6.54 3.28 24.44 3.39 45.396092 11.876076 0
5.36 -6.37 1.44 489.48 3.39 45.396092 11.876076 0
6.21 -4.55 4.22 24.27 3.39 45.396092 11.876076 0
