6.95 -6.96 1.77 21.40 1.53 45.395918 11.875920 0
7.21 -6.65 1.87 21.42 1.53 45.395930 11.875929 1
7.31 -6.58 1.94 21.97 1.53 45.395930 11.875929 0
7.58 -6.49 1.89 21.57 1.53 45.395930 11.875929 1
7.78 -6.40 1.93 21.39 1.53 45.395930 11.875929 0
7.30 -6.59 1.69 21.47 1.53 45.395930 11.875929 0
6.81 -7.07 1.67 21.33 1.53 45.395930 11.875929 0
6.49 -7.56 1.96 21.37 1.53 45.395930 11.875929 0
6.06 -7.59 2.26 21.45 1.53 45.395930 11.875929 0
6.04 -7.83 1.73 21.49 1.53 45.395930 11.875929 0
6.42 -7.27 1.83 21.99 1.53 45.395930 11.875929 0
6.31 -7.71 1.35 21.93 1.53 45.395930 11.875929 0
6.01 -7.55 1.16 21.88 1.53 45.395930 11.875929 0
6.24 -7.90 1.49 21.49 1.53 45.395930 11.875929 0
5.60 -8.64 1.18 21.85 1.53 45.395930 11.875929 0
5.55 -7.97 1.24 21.95 1.53 45.395930 11.875929 0
6.19 -7.46 1.94 21.52 1.53 45.395930 11.875929 0
6.77 -7.38 1.62 21.83 1.53 45.395930 11.875929 0
6.59 -7.62 1.56 21.42 1.53 45.395930 11.875929 0
6.33 -7.76 1.75 21.87 1.90 45.395940 11.875946 1
6.46 -7.61 1.78 21.47 1.90 45.395940 11.875946 0
6.61 -7.26 2.08 22.04 1.90 45.395940 11.875946 1
6.05 -7.80 2.03 21.52 1.90 45.395940 11.875946 0
6.32 -7.74 0.72 21.52 1.90 45.395940 11.875946 0
6.56 -7.83 1.29 21.85 1.90 45.395940 11.875946 0
6.17 -7.37 1.31 21.37 1.90 45.395940 11.875946 0
6.46 -8.23 1.04 21.85 1.90 45.395940 11.875946 0
5.50 -7.16 1.15 21.95 1.90 45.395940 11.875946 0
1.47 -6.63 1.83 22.19 1.90 45.395940 11.875946 0
8.95 -11.18 2.89 19.91 1.90 45.395940 11.875946 0
7.49 -10.10 2.46 19.55 1.90 45.395940 11.875946 0
6.53 -6.96 2.55 23.56 1.90 45.395940 11.875946 0
8.06 -7.88 1.50 28.19 1.90 45.395940 11.875946 0
4.84 -5.34 2.20 932.51 1.90 45.395940 11.875946 0
7.94 -4.97 -3.00 22.07 1.90 45.395940 11.875946 0
9.37 -9.67 0.70 23.05 2.45 45.395955 11.875969 1
5.45 -14.35 0.66 21.33 2.45 45.395955 11.875969 0
5.18 -9.07 0.36 24.27 2.45 45.395955 11.875969 1
3.38 -2.87 1.12 23.75 2.45 45.395955 11.875969 0
4.51 -9.02 7.56 22.62 2.45 45.395955 11.875969 0
7.70 -6.42 0.45 22.64 2.45 45.395955 11.875969 0
4.93 -10.30 5.47 22.19 2.45 45.395955 11.875969 0
4.24 -9.56 0.31 24.34 2.45 45.395955 11.875969 0
6.24 -8.25 3.74 24.23 2.45 45.395955 11.875969 0
6.01 -7.38 3.17 23.05 2.45 45.395955 11.875969 0
5.49 -6.22 3.19 23.53 2.45 45.395955 11.875969 0
7.84 -4.37 2.79 1399.08 2.45 45.395955 11.875969 0
4.85 -8.63 0.04 290.73 2.82 45.395975 11.875993 1
4.41 -8.02 1.91 21.20 2.82 45.395975 11.875993 0
3.66 -8.61 1.37 21.99 2.82 45.395975 11.875993 0
7.11 -8.76 5.38 22.66 2.82 45.395975 11.875993 1
6.19 -6.85 -0.16 29.10 2.82 45.395975 11.875993 0
6.40 -7.12 2.71 23.77 2.82 45.395975 11.875993 0
6.33 -5.61 7.88 23.70 2.82 45.395975 11.875993 0
6.89 -6.08 0.36 24.94 2.82 45.395975 11.875993 0
8.25 -9.77 4.63 23.36 2.82 45.395975 11.875993 0
6.55 -10.85 2.06 24.46 2.82 45.395975 11.875993 0
4.36 -7.81 2.10 405.37 2.82 45.395975 11.875993 0
4.80 -7.50 3.36 23.26 2.82 45.395975 11.875993 0
4.79 -6.26 -1.67 299.22 3.25 45.396000 11.876012 1
6.82 -9.24 -2.29 23.02 3.25 45.396000 11.876012 0
7.13 -5.85 1.59 26.36 3.25 45.396000 11.876012 0
5.83 -8.18 0.74 23.20 3.25 45.396000 11.876012 1
5.09 -9.78 4.15 24.28 3.25 45.396000 11.876012 0
6.71 -9.84 0.81 23.77 3.25 45.396000 11.876012 0
4.35 -6.17 0.26 22.95 3.25 45.396000 11.876012 0
5.01 -6.08 0.94 294.07 3.25 45.396000 11.876012 0
7.31 -5.75 0.39 21.88 3.25 45.396000 11.876012 0
6.74 -7.61 1.83 23.03 3.25 45.396000 11.876012 0
5.30 -5.97 4.30 27.20 3.25 45.396000 11.876012 0
8.26 -7.84 4.14 23.41 3.25 45.396000 11.876012 0
5.07 -6.60 1.02 23.26 3.25 45.396000 11.876012 0
5.54 -8.09 1.76 24.83 3.25 45.396000 11.876012 0
5.58 -8.30 -0.65 23.70 3.24 45.396028 11.876031 1
5.03 -7.59 0.20 24.54 3.24 45.396028 11.876031 0
3.69 -7.88 2.83 24.95 3.24 45.396028 11.876031 0
6.48 -10.59 -0.06 24.18 3.24 45.396028 11.876031 1
7.36 -8.28 1.15 24.16 3.24 45.396028 11.876031 0
3.69 -3.82 0.68 25.19 3.24 45.396028 11.876031 0
3.89 -8.39 1.38 26.87 3.24 45.396028 11.876031 0
5.55 -5.04 3.07 22.95 3.24 45.396028 11.876031 0
7.21 -12.25 1.77 20.27 3.24 45.396028 11.876031 0
6.77 -9.90 0.79 24.22 3.24 45.396028 11.876031 0
4.56 -5.61 -1.67 25.69 3.24 45.396028 11.876031 0
2.43 -3.21 4.56 309.25 3.24 45.396028 11.876031 0
3.71 -6.25 0.49 25.00 3.24 45.396028 11.876031 0
8.80 -9.16 -3.66 24.08 3.24 45.396028 11.876031 0
4.25 -10.43 1.81 24.47 3.24 45.396028 11.876031 0
7.58 -8.02 0.33 25.02 3.24 45.396028 11.876031 0
5.04 -4.74 3.17 24.78 3.24 45.396028 11.876031 0
7.60 -5.99 1.80 23.17 3.59 45.396059 11.876044 1
7.06 -7.53 2.94 24.66 3.59 45.396059 11.876044 0
6.08 -9.07 3.06 22.76 3.59 45.396059 11.876044 0
6.19 -11.98 2.89 22.23 3.59 45.396059 11.876044 1
5.38 -9.41 1.66 24.13 3.59 45.396059 11.876044 0
4.91 -3.86 3.23 25.90 3.59 45.396059 11.876044 0
6.28 -7.29 0.66 23.29 3.59 45.396059 11.876044 0
6.82 -7.04 1.04 22.62 3.59 45.396059 11.876044 0
7.12 -10.29 2.19 1100.40 3.59 45.396059 11.876044 0
7.57 -6.79 1.05 23.15 3.59 45.396059 11.876044 0
9.19 -9.21 2.95 7.79 3.59 45.396059 11.876044 0
3.55 -10.46 0.21 24.15 3.59 45.396059 11.876044 0
6.09 -8.08 0.47 23.55 3.59 45.396059 11.876044 0
5.04 -7.60 1.25 26.50 3.59 45.396059 11.876044 0
6.67 -8.88 2.59 23.60 3.04 45.396084 11.876058 1
5.95 -8.98 0.26 24.58 3.04 45.396084 11.876058 0
4.59 -3.86 0.79 24.08 3.04 45.396084 11.876058 1
9.09 -10.34 2.84 22.90 3.04 45.396084 11.876058 0
7.41 -7.29 1.15 25.81 3.04 45.396084 11.876058 0
6.45 -6.31 0.93 26.57 3.04 45.396084 11.876058 0
6.78 -8.61 1.49 22.95 3.04 45.396084 11.876058 0
3.82 -7.98 1.21 23.32 3.04 45.396084 11.876058 0
5.47 -8.72 -0.36 24.42 3.04 45.396084 11.876058 0
6.23 -8.82 2.17 22.90 3.04 45.396084 11.876058 0
3.94 -6.56 1.80 23.26 3.04 45.396084 11.876058 0
6.19 -7.28 1.75 30.08 3.04 45.396084 11.876058 0
4.82 -6.60 1.06 26.29 3.04 45.396084 11.876058 0
7.13 -7.83 1.18 26.93 3.04 45.396084 11.876058 0
7.77 -8.94 2.00 26.15 3.04 45.396084 11.876058 0
5.40 -5.17 0.28 23.32 3.04 45.396084 11.876058 0
5.64 -8.10 0.22 24.44 3.04 45.396084 11.876058 0
7.43 -9.93 2.17 23.10 3.48 45.396110 11.876081 1
6.05 -7.50 0.28 23.10 3.48 45.396110 11.876081 0
5.24 -7.49 2.94 23.12 3.48 45.396110 11.876081 1
6.33 -6.10 0.22 24.78 3.48 45.396110 11.876081 0
4.37 -6.85 3.01 24.73 3.48 45.396110 11.876081 0
6.29 -9.57 1.43 22.45 3.48 45.396110 11.876081 0
2.66 -7.08 2.76 23.56 3.48 45.396110 11.876081 0
7.37 -7.95 3.67 24.97 3.48 45.396110 11.876081 0
6.17 -7.43 4.55 24.13 3.48 45.396110 11.876081 0
12.04 -10.19 0.62 23.17 3.48 45.396110 11.876081 0
4.64 -6.49 3.66 23.15 3.48 45.396110 11.876081 0
7.54 -9.27 0.75 25.11 3.48 45.396110 11.876081 0
4.60 -8.90 1.85 25.47 3.48 45.396110 11.876081 0
6.04 -8.24 0.15 22.26 3.48 45.396110 11.876081 0
3.53 -7.72 0.70 26.21 3.48 45.396110 11.876081 0
8.64 -11.72 -0.08 23.65 3.48 45.396110 11.876081 0
3.36 -7.22 2.77 25.19 3.48 45.396110 11.876081 0
