5.83 -7.77 1.98 21.87 0.85 45.395911 11.875919 0
6.50 -7.39 1.67 21.42 1.73 45.395922 11.875927 1
7.06 -7.19 1.73 21.83 1.73 45.395922 11.875927 0
7.25 -6.91 1.70 21.92 1.73 45.395922 11.875927 1
6.75 -6.99 1.64 21.54 1.73 45.395922 11.875927 0
6.65 -7.33 1.78 21.88 1.73 45.395922 11.875927 0
6.44 -7.58 1.56 21.56 1.73 45.395922 11.875927 0
6.05 -7.67 1.59 21.56 1.73 45.395922 11.875927 0
5.86 -7.57 1.49 22.04 1.73 45.395922 11.875927 0
5.93 -7.97 1.30 21.99 1.73 45.395922 11.875927 0
6.02 -7.89 1.81 21.49 1.73 45.395922 11.875927 0
6.28 -7.79 1.99 22.16 1.73 45.395922 11.875927 0
6.59 -7.56 1.85 21.76 1.73 45.395922 11.875927 0
6.61 -7.52 1.11 21.44 1.73 45.395922 11.875927 0
6.22 -8.38 1.49 22.71 1.73 45.395922 11.875927 0
5.57 -7.98 1.81 21.44 1.73 45.395922 11.875927 0
6.41 -7.38 1.83 21.44 1.73 45.395922 11.875927 0
7.25 -7.10 1.52 22.12 1.73 45.395922 11.875927 0
7.27 -6.91 1.33 21.25 2.74 45.395944 11.875928 1
6.72 -7.32 1.77 21.37 2.74 45.395944 11.875928 0
6.32 -7.37 2.27 21.85 2.74 45.395944 11.875928 1
5.88 -7.62 1.96 21.42 2.74 45.395944 11.875928 0
6.42 -7.50 1.17 21.73 2.74 45.395944 11.875928 0
6.60 -7.08 1.48 21.78 2.74 45.395944 11.875928 0
6.48 -7.95 2.74 21.93 2.74 45.395944 11.875928 0
3.33 -6.49 2.01 21.75 2.74 45.395944 11.875928 0
1.64 -7.56 2.49 19.93 2.74 45.395944 11.875928 0
8.62 -8.83 2.49 19.86 2.74 45.395944 11.875928 0
6.20 -9.14 2.02 19.55 2.74 45.395944 11.875928 0
6.83 -8.00 2.18 21.04 2.74 45.395944 11.875928 0
6.69 -7.39 1.39 605.65 2.74 45.395944 11.875928 0
1.47 -5.14 5.92 27.80 2.74 45.395944 11.875928 0
5.87 -9.31 1.41 23.79 2.74 45.395944 11.875928 0
5.31 -13.28 1.44 22.00 2.44 45.395959 11.875946 1
5.18 -7.86 1.76 23.29 2.44 45.395959 11.875946 0
4.33 -5.82 0.96 23.08 2.44 45.395959 11.875946 1
6.07 -7.85 0.36 24.68 2.44 45.395959 11.875946 0
4.27 -5.77 2.55 25.54 2.44 45.395959 11.875946 0
6.31 -9.64 2.05 21.37 2.44 45.395959 11.875946 0
6.09 -8.17 -0.38 24.06 2.44 45.395959 11.875946 0
6.03 -10.95 2.62 335.49 2.44 45.395959 11.875946 0
3.57 -7.19 3.13 22.38 2.44 45.395959 11.875946 0
4.33 -10.09 2.28 24.28 2.44 45.395959 11.875946 0
4.32 -6.15 2.45 22.62 2.44 45.395959 11.875946 0
8.20 -10.48 3.61 26.19 2.44 45.395959 11.875946 0
5.97 -8.85 0.39 22.74 2.44 45.395959 11.875946 0
5.30 -6.04 3.50 23.82 2.44 45.395959 11.875946 0
5.97 -9.83 2.94 23.39 3.57 45.395986 11.875962 1
3.99 -5.91 1.08 21.88 3.57 45.395986 11.875962 0
5.13 -7.55 2.13 23.63 3.57 45.395986 11.875962 1
6.33 -7.16 2.38 23.15 3.57 45.395986 11.875962 0
7.42 -7.98 2.15 22.76 3.57 45.395986 11.875962 0
5.09 -7.66 1.83 23.10 3.57 45.395986 11.875962 0
6.17 -8.37 2.26 310.79 3.57 45.395986 11.875962 0
6.32 -7.42 2.54 21.90 3.57 45.395986 11.875962 0
6.17 -9.48 -0.24 24.27 3.57 45.395986 11.875962 0
6.62 -8.26 2.14 25.36 3.57 45.395986 11.875962 0
6.25 -8.30 1.06 24.10 3.57 45.395986 11.875962 0
6.85 -7.89 3.69 24.87 3.57 45.395986 11.875962 0
3.55 -5.67 1.84 22.86 3.57 45.395986 11.875962 0
8.32 -11.64 2.97 634.62 3.23 45.396012 11.875981 1
4.56 -5.94 1.22 23.86 3.23 45.396012 11.875981 0
7.56 -10.21 2.29 23.34 3.23 45.396012 11.875981 1
5.02 -5.97 -0.36 23.08 3.23 45.396012 11.875981 0
5.49 -3.04 0.42 24.80 3.23 45.396012 11.875981 0
2.41 -6.54 2.79 23.70 3.23 45.396012 11.875981 0
6.96 -10.78 -0.36 22.19 3.23 45.396012 11.875981 0
4.02 -9.21 1.67 24.68 3.23 45.396012 11.875981 0
5.80 -6.32 1.71 22.79 3.23 45.396012 11.875981 0
8.16 -11.89 2.29 23.46 3.23 45.396012 11.875981 0
5.00 -6.25 2.92 22.98 3.23 45.396012 11.875981 0
6.45 -6.51 1.40 22.59 3.23 45.396012 11.875981 0
6.90 -8.46 3.37 24.99 3.23 45.396012 11.875981 0
5.59 -7.60 0.89 23.82 3.23 45.396012 11.875981 0
8.52 -9.37 -0.78 25.78 3.23 45.396012 11.875981 0
4.66 -7.74 2.02 23.96 3.23 45.396012 11.875981 0
5.50 -6.37 1.30 24.94 3.23 45.396012 11.875981 0
6.81 -7.17 2.27 22.76 3.23 45.396012 11.875981 0
6.18 -7.24 1.97 318.72 3.28 45.396035 11.875998 1
8.00 -8.10 1.82 23.29 3.28 45.396035 11.875998 1
4.00 -10.95 1.59 22.90 3.28 45.396035 11.875998 0
6.83 -6.49 -0.38 22.33 3.28 45.396035 11.875998 0
6.68 -9.77 3.34 25.14 3.28 45.396035 11.875998 0
4.48 -5.19 0.85 24.20 3.28 45.396035 11.875998 0
4.32 -10.89 2.45 23.19 3.28 45.396035 11.875998 0
7.76 -9.90 0.98 23.62 3.28 45.396035 11.875998 0
5.46 -9.16 1.83 24.39 3.28 45.396035 11.875998 0
6.65 -8.08 2.34 24.56 3.28 45.396035 11.875998 0
4.49 -6.11 1.86 23.65 3.28 45.396035 11.875998 0
9.41 -7.47 2.87 125.14 3.28 45.396035 11.875998 0
6.25 -8.76 1.61 23.96 3.62 45.396064 11.876022 1
7.68 -9.65 -2.86 23.43 3.62 45.396064 11.876022 0
6.98 -6.90 0.65 25.81 3.62 45.396064 11.876022 1
5.09 -5.66 0.88 22.62 3.62 45.396064 11.876022 0
7.68 -10.59 0.05 23.31 3.62 45.396064 11.876022 0
5.10 -8.13 1.03 22.86 3.62 45.396064 11.876022 0
4.87 -6.12 1.30 24.15 3.62 45.396064 11.876022 0
4.40 -8.40 2.69 24.80 3.62 45.396064 11.876022 0
7.72 -7.79 2.71 24.40 3.62 45.396064 11.876022 0
6.64 -6.00 3.19 26.81 3.62 45.396064 11.876022 0
6.69 -8.29 1.64 24.78 3.62 45.396064 11.876022 0
7.64 -7.37 1.08 24.06 3.62 45.396064 11.876022 0
6.87 -7.94 1.76 24.20 3.62 45.396064 11.876022 0
4.57 -2.96 -0.56 24.28 3.62 45.396064 11.876022 0
5.82 -8.27 2.84 327.31 3.83 45.396095 11.876042 1
6.96 -10.15 1.34 22.91 3.83 45.396095 11.876042 0
3.98 -5.42 1.58 23.24 3.83 45.396095 11.876042 1
7.59 -11.37 2.06 24.25 3.83 45.396095 11.876042 0
4.79 -3.95 1.68 23.96 3.83 45.396095 11.876042 0
5.97 -6.81 3.61 27.17 3.83 45.396095 11.876042 0
5.31 -6.85 1.28 23.65 3.83 45.396095 11.876042 0
7.76 -9.55 3.00 23.58 3.83 45.396095 11.876042 0
3.18 -8.18 0.60 25.48 3.83 45.396095 11.876042 0
4.98 -6.62 2.12 24.68 3.83 45.396095 11.876042 0
5.69 -9.88 3.71 24.64 3.83 45.396095 11.876042 0
4.45 -5.58 2.17 24.10 3.83 45.396095 11.876042 0
7.16 -9.35 2.58 24.88 3.83 45.396095 11.876042 0
6.49 -7.40 3.52 25.81 3.83 45.396095 11.876042 0
6.78 -7.16 0.86 24.01 3.83 45.396095 11.876042 0
6.42 -7.36 2.09 880.48 3.83 45.396095 11.876042 0
5.85 -8.62 2.04 24.37 3.83 45.396095 11.876042 0
5.29 -10.32 1.98 324.17 2.83 45.396118 11.876066 1
5.44 -7.75 -0.89 21.99 2.83 45.396118 11.876066 1
