6.17 -7.46 1.78 22.05 3.35 45.407810 11.899535 1 1
6.23 -7.52 1.86 22.04 3.35 45.407810 11.899535 1 1
6.01 -7.77 1.97 21.95 3.35 45.407810 11.899535 1 1
6.08 -7.78 2.1 22.35 3.35 45.407810 11.899535 1 1
6.26 -7.96 2.11 21.52 3.35 45.407810 11.899535 1 1
6.22 -7.55 2.25 22.0 3.35 45.407810 11.899535 1 1
5.95 -7.6 2.17 22.09 3.35 45.407810 11.899535 1 1
5.96 -7.52 1.98 21.99 3.35 45.407810 11.899535 1 1
5.75 -8.29 2.04 22.4 3.35 45.407810 11.899535 1 1
5.57 -7.98 2.09 21.25 3.35 45.407810 11.899535 1 1
6.09 -7.72 1.93 21.75 2.87 45.407824 11.899570 0 1
5.75 -7.82 2.23 21.78 2.87 45.407824 11.899570 1 1
5.85 -7.55 1.78 21.56 2.87 45.407824 11.899570 0 1
6.25 -7.73 1.69 21.13 2.87 45.407824 11.899570 1 1
6.35 -7.89 1.74 21.64 2.87 45.407824 11.899570 1 1
6.07 -7.27 2.2 21.88 2.87 45.407824 11.899570 1 1
6.39 -7.59 1.85 21.97 2.87 45.407824 11.899570 1 1
6.17 -7.62 1.97 22.09 2.87 45.407824 11.899570 1 1
6.02 -7.5 1.93 22.09 2.87 45.407824 11.899570 1 1
6.2 -7.77 1.95 22.0 2.87 45.407824 11.899570 1 1
6.09 -7.74 1.38 21.63 2.87 45.407824 11.899570 1 1
5.69 -8.13 1.68 21.59 2.87 45.407824 11.899570 1 1
5.51 -8.14 1.6 21.9 2.87 45.407824 11.899570 1 1
5.52 -8.29 1.57 21.88 2.87 45.407824 11.899570 1 1
6.13 -7.93 1.66 21.83 2.87 45.407824 11.899570 1 1
6.39 -7.42 1.54 21.52 2.87 45.407824 11.899570 1 1
6.52 -7.25 2.04 21.78 2.87 45.407824 11.899570 1 1
6.28 -7.48 2.02 22.0 3.06 45.407837 11.899605 0 1
6.48 -7.57 1.77 22.09 3.06 45.407837 11.899605 1 1
7.04 -7.44 2.08 22.02 3.06 45.407837 11.899605 0 1
9.19 -7.83 2.4 23.0 3.06 45.407837 11.899605 1 1
4.63 -7.71 1.89 24.11 3.06 45.407837 11.899605 1 1
4.45 -6.91 2.51 24.37 3.06 45.407837 11.899605 1 1
4.17 -7.7 1.76 21.15 3.06 45.407837 11.899605 1 1
4.19 -7.09 2.07 18.32 3.06 45.407837 11.899605 1 1
