6.31 -7.49 2.02 21.45 1.79 45.407707 11.899100 0
5.89 -7.73 2.05 21.75 1.79 45.407707 11.899100 1
5.81 -7.92 2.08 22.16 1.79 45.407707 11.899100 0
6.11 -7.83 1.98 22.21 1.79 45.407707 11.899100 1
6.36 -7.64 1.78 21.78 1.79 45.407707 11.899100 0
6.08 -7.76 1.78 21.81 1.79 45.407707 11.899100 1
5.55 -8.08 1.97 21.9 1.79 45.407707 11.899100 1
5.37 -8.2 1.97 21.44 1.79 45.407707 11.899100 1
5.59 -8.11 1.79 22.26 1.79 45.407707 11.899100 1
5.81 -8.03 1.83 21.92 1.79 45.407707 11.899100 1
5.9 -7.91 1.99 21.95 1.79 45.407707 11.899100 1
5.97 -7.72 1.9 22.0 1.79 45.407707 11.899100 1
6.01 -7.62 1.74 21.99 1.79 45.407707 11.899100 1
6.07 -7.67 1.78 21.95 1.79 45.407707 11.899100 1
6.17 -7.74 1.81 22.42 1.79 45.407707 11.899100 1
6.12 -7.76 1.77 22.36 1.79 45.407707 11.899100 1
5.93 -7.75 1.91 21.93 1.79 45.407707 11.899100 1
5.89 -7.74 2.11 22.0 1.79 45.407707 11.899100 1
6.0 -7.8 2.08 22.42 1.79 45.407707 11.899100 1
5.9 -7.92 2.0 21.95 2.67 45.407709 11.899134 0
5.65 -8.02 2.03 22.79 2.67 45.407709 11.899134 1
5.64 -8.06 1.96 22.31 2.67 45.407709 11.899134 0
5.81 -7.97 1.73 22.31 2.67 45.407709 11.899134 1
5.88 -7.76 1.68 21.97 2.67 45.407709 11.899134 1
5.95 -7.61 1.84 22.31 2.67 45.407709 11.899134 1
6.18 -7.61 1.97 21.85 2.67 45.407709 11.899134 1
6.31 -7.6 2.01 22.67 2.67 45.407709 11.899134 1
6.19 -7.55 2.03 21.93 2.67 45.407709 11.899134 1
6.06 -7.66 2.0 22.83 2.67 45.407709 11.899134 1
6.07 -7.82 1.89 22.47 2.67 45.407709 11.899134 1
6.06 -7.73 1.77 22.47 2.67 45.407709 11.899134 1
5.92 -7.61 1.72 22.43 2.67 45.407709 11.899134 1
5.71 -7.9 1.73 22.02 2.67 45.407709 11.899134 1
5.55 -8.3 1.76 22.0 2.67 45.407709 11.899134 1
5.57 -8.15 1.77 22.05 2.67 45.407709 11.899134 1
