5.82 -7.62 2.28 22.79 2.04 45.407774 11.899320 1
5.98 -7.69 2.19 21.76 2.04 45.407774 11.899320 1
6.28 -7.81 1.89 21.66 2.66 45.407780 11.899355 0
6.32 -7.77 1.94 22.66 2.66 45.407780 11.899355 1
6.13 -7.68 2.17 21.85 2.66 45.407780 11.899355 0
6.08 -7.65 2.21 22.28 2.66 45.407780 11.899355 1
6.07 -7.67 2.21 21.87 2.66 45.407780 11.899355 1
5.85 -7.86 2.22 22.74 2.66 45.407780 11.899355 1
5.64 -8.15 2.0 21.85 2.66 45.407780 11.899355 1
5.71 -8.12 1.74 21.97 2.66 45.407780 11.899355 1
5.87 -7.77 1.8 22.31 2.66 45.407780 11.899355 1
5.85 -7.67 1.91 22.31 2.66 45.407780 11.899355 1
5.84 -7.88 1.75 22.17 2.66 45.407780 11.899355 1
6.1 -7.84 1.59 22.72 2.66 45.407780 11.899355 1
6.38 -7.52 1.6 22.31 2.66 45.407780 11.899355 1
6.32 -7.42 1.55 22.42 2.66 45.407780 11.899355 1
6.03 -7.61 1.46 22.4 2.66 45.407780 11.899355 1
5.99 -7.73 1.53 21.9 2.66 45.407780 11.899355 1
6.28 -7.71 1.64 22.19 2.66 45.407780 11.899355 1
6.38 -7.67 1.6 22.21 2.66 45.407780 11.899355 1
6.06 -7.73 1.54 22.31 3.25 45.407784 11.899402 0
5.72 -7.94 1.59 21.9 3.25 45.407784 11.899402 1
5.66 -8.07 1.77 21.9 3.25 45.407784 11.899402 0
5.62 -7.94 2.04 22.31 3.25 45.407784 11.899402 1
5.58 -7.83 2.2 21.85 3.25 45.407784 11.899402 1
5.9 -7.91 2.06 22.26 3.25 45.407784 11.899402 1
6.45 -7.83 1.89 22.02 3.25 45.407784 11.899402 1
6.58 -7.56 1.9 22.79 3.25 45.407784 11.899402 1
6.27 -7.57 1.9 28.62 3.25 45.407784 11.899402 1
6.1 -7.61 1.87 23.41 3.25 45.407784 11.899402 1
6.12 -7.23 2.05 21.99 3.25 45.407784 11.899402 1
6.04 -7.11 2.29 22.52 3.25 45.407784 11.899402 1
5.9 -7.86 2.2 22.42 3.25 45.407784 11.899402 1
5.77 -8.49 2.0 21.85 3.25 45.407784 11.899402 1
5.62 -8.15 2.05 21.42 3.25 45.407784 11.899402 1
