6.04 -8.28 1.22 21.8 3.85 45.407829 11.899647 1
5.84 -8.15 1.2 21.44 3.85 45.407829 11.899647 1
5.8 -7.47 1.32 21.44 3.31 45.407839 11.899690 0
5.97 -7.18 1.45 21.39 3.31 45.407839 11.899690 1
6.26 -7.65 1.53 21.69 3.31 45.407839 11.899690 0
6.38 -7.94 1.46 21.78 3.31 45.407839 11.899690 1
6.1 -7.75 1.39 21.95 3.31 45.407839 11.899690 1
5.83 -7.58 1.52 22.0 3.31 45.407839 11.899690 1
5.94 -7.62 1.75 22.0 3.31 45.407839 11.899690 1
5.99 -7.93 1.89 21.56 3.31 45.407839 11.899690 1
5.78 -8.29 1.95 22.62 3.31 45.407839 11.899690 1
5.84 -8.05 1.97 22.62 3.31 45.407839 11.899690 1
6.26 -7.45 2.0 21.97 3.31 45.407839 11.899690 1
6.47 -7.49 2.06 21.9 3.31 45.407839 11.899690 1
6.34 -7.99 2.11 22.0 3.31 45.407839 11.899690 1
6.24 -7.95 2.11 22.05 3.31 45.407839 11.899690 1
6.19 -7.53 2.17 22.07 3.31 45.407839 11.899690 1
6.04 -7.47 2.34 22.02 3.31 45.407839 11.899690 1
5.91 -7.75 2.4 21.33 3.31 45.407839 11.899690 1
5.85 -7.95 2.21 21.8 3.31 45.407839 11.899690 1
5.8 -8.01 1.9 21.8 3.1 45.407845 11.899733 0
5.75 -7.95 1.69 21.39 3.1 45.407845 11.899733 1
5.71 -7.83 1.72 21.87 3.1 45.407845 11.899733 0
5.72 -7.79 1.94 22.02 3.1 45.407845 11.899733 1
5.9 -7.78 2.16 21.95 3.1 45.407845 11.899733 1
6.19 -7.71 2.17 21.95 3.1 45.407845 11.899733 1
6.24 -7.73 1.91 21.87 3.1 45.407845 11.899733 1
6.07 -7.86 1.62 22.48 3.1 45.407845 11.899733 1
6.01 -7.81 1.59 22.11 3.1 45.407845 11.899733 1
6.13 -7.58 1.85 22.02 3.1 45.407845 11.899733 1
6.23 -7.52 2.02 21.95 3.1 45.407845 11.899733 1
6.17 -7.75 1.84 22.05 3.1 45.407845 11.899733 1
5.94 -7.96 1.52 21.99 3.1 45.407845 11.899733 1
5.63 -7.93 1.47 22.07 3.1 45.407845 11.899733 1
5.54 -7.84 1.68 21.61 3.1 45.407845 11.899733 1
