5.78 -7.68 1.71 22.11 2.67 45.407709 11.899134 1
6.01 -7.58 1.62 22.36 2.67 45.407709 11.899134 1
6.13 -7.85 1.6 21.9 2.9 45.407723 11.899165 0
6.13 -7.96 1.71 21.9 2.9 45.407723 11.899165 1
6.04 -7.79 1.89 21.81 2.9 45.407723 11.899165 0
5.88 -7.65 2.0 22.31 2.9 45.407723 11.899165 1
5.82 -7.66 1.88 21.9 2.9 45.407723 11.899165 1
5.96 -7.8 1.72 22.29 2.9 45.407723 11.899165 1
6.09 -7.97 1.97 23.48 2.9 45.407723 11.899165 1
6.03 -7.99 2.39 22.0 2.9 45.407723 11.899165 1
5.87 -7.77 2.32 21.97 2.9 45.407723 11.899165 1
5.8 -7.66 1.88 22.78 2.9 45.407723 11.899165 1
5.87 -7.89 1.82 22.31 2.9 45.407723 11.899165 1
6.03 -8.0 2.04 22.36 2.9 45.407723 11.899165 1
6.13 -7.68 1.92 22.43 2.9 45.407723 11.899165 1
6.06 -7.38 1.67 22.47 2.9 45.407723 11.899165 1
6.01 -7.49 1.75 22.07 2.9 45.407723 11.899165 1
6.17 -7.62 1.8 22.42 2.9 45.407723 11.899165 1
6.32 -7.52 1.56 21.69 2.9 45.407723 11.899165 1
6.2 -7.53 1.52 21.76 2.08 45.407736 11.899191 0
6.08 -7.68 1.71 21.75 2.08 45.407736 11.899191 1
6.16 -7.61 1.58 22.26 2.08 45.407736 11.899191 0
6.17 -7.47 1.33 21.71 2.08 45.407736 11.899191 1
5.99 -7.67 1.57 22.47 2.08 45.407736 11.899191 1
5.89 -7.98 1.97 21.8 2.08 45.407736 11.899191 1
5.88 -7.98 1.93 22.6 2.08 45.407736 11.899191 1
5.68 -7.8 1.82 22.24 2.08 45.407736 11.899191 1
5.55 -7.73 2.04 22.36 2.08 45.407736 11.899191 1
5.85 -7.69 2.15 21.92 2.08 45.407736 11.899191 1
6.32 -7.59 1.96 22.28 2.08 45.407736 11.899191 1
6.45 -7.58 1.95 21.95 2.08 45.407736 11.899191 1
6.28 -7.63 2.14 22.42 2.08 45.407736 11.899191 1
6.08 -7.62 2.14 22.05 2.08 45.407736 11.899191 1
5.89 -7.61 2.11 21.57 2.08 45.407736 11.899191 1
5.84 -7.77 2.2 22.38 2.08 45.407736 11.899191 1
