6.39 -8.27 1.78 21.83 1.41 45.406323 11.894344 1 0
5.41 -8.9 1.8 22.0 1.41 45.406323 11.894344 1 0
6.61 -6.76 1.54 22.64 1.41 45.406323 11.894344 1 0
4.57 -7.38 2.04 22.55 1.41 45.406323 11.894344 1 0
4.67 -8.36 2.19 22.81 1.41 45.406323 11.894344 1 0
6.02 -7.52 2.07 21.83 1.41 45.406323 11.894344 1 0
5.83 -8.01 1.84 22.19 1.41 45.406323 11.894344 1 0
5.61 -9.99 1.2 22.04 1.41 45.406323 11.894344 1 0
5.94 -7.84 1.63 22.78 1.41 45.406323 11.894344 1 0
5.67 -7.64 0.99 22.29 1.41 45.406323 11.894344 1 0
5.93 -7.86 1.78 22.09 1.41 45.406323 11.894344 1 0
6.1 -8.0 2.16 22.0 1.41 45.406323 11.894344 1 0
6.14 -8.17 1.75 21.85 1.41 45.406323 11.894344 1 0
5.22 -8.81 1.47 22.57 1.44 45.406320 11.894367 0 0
6.1 -7.51 1.56 22.69 1.44 45.406320 11.894367 1 0
6.03 -7.72 1.67 22.6 1.44 45.406320 11.894367 0 0
6.18 -8.18 1.65 22.33 1.44 45.406320 11.894367 1 0
6.26 -8.28 1.73 22.6 1.44 45.406320 11.894367 1 0
5.4 -7.21 1.41 22.6 1.44 45.406320 11.894367 1 0
5.57 -8.63 1.69 22.02 1.44 45.406320 11.894367 1 0
6.11 -8.41 1.71 21.93 1.44 45.406320 11.894367 1 0
5.92 -8.03 1.81 22.76 1.44 45.406320 11.894367 1 0
5.73 -8.09 1.47 22.47 1.44 45.406320 11.894367 1 0
5.94 -7.89 1.49 23.03 1.44 45.406320 11.894367 1 0
6.01 -7.95 1.59 23.41 1.44 45.406320 11.894367 1 0
5.75 -7.71 1.94 23.51 1.44 45.406320 11.894367 1 0
5.84 -7.94 2.02 26.67 1.44 45.406320 11.894367 1 0
5.83 -7.96 1.73 22.64 1.44 45.406320 11.894367 1 0
6.06 -8.05 1.76 22.14 1.44 45.406320 11.894367 1 0
5.84 -8.18 1.84 22.78 1.44 45.406320 11.894367 1 0
6.21 -8.05 1.2 21.99 1.44 45.406320 11.894367 1 0
5.52 -7.7 1.82 21.95 1.78 45.406318 11.894395 0 0
5.75 -7.83 1.95 22.81 1.78 45.406318 11.894395 1 0
6.03 -8.12 1.87 21.88 1.78 45.406318 11.894395 0 0
5.91 -8.06 1.88 21.95 1.78 45.406318 11.894395 1 0
