6.31 -8.13 1.68 22.86 1.6 45.406335 11.894103 1 0
5.73 -7.89 1.75 21.99 1.6 45.406335 11.894103 1 0
5.85 -7.64 1.95 22.84 1.6 45.406335 11.894103 1 0
5.96 -7.59 1.77 21.47 1.6 45.406335 11.894103 1 0
6.14 -8.13 1.84 22.09 1.6 45.406335 11.894103 1 0
5.55 -7.69 1.81 22.6 1.6 45.406335 11.894103 1 0
6.17 -8.12 1.96 22.55 1.6 45.406335 11.894103 1 0
5.89 -7.94 1.75 22.52 1.6 45.406335 11.894103 1 0
5.88 -7.86 1.86 22.11 1.6 45.406335 11.894103 1 0
5.87 -7.82 2.01 22.55 1.6 45.406335 11.894103 1 0
5.72 -7.97 2.2 24.13 1.6 45.406335 11.894103 1 0
6.1 -6.97 2.07 22.4 1.6 45.406335 11.894103 1 0
5.85 -8.39 1.75 22.26 1.6 45.406335 11.894103 1 0
6.1 -7.68 1.62 22.43 1.27 45.406326 11.894115 0 0
5.91 -7.64 2.11 22.4 1.27 45.406326 11.894115 1 0
5.64 -7.41 1.88 21.92 1.27 45.406326 11.894115 0 0
5.76 -7.93 1.99 22.31 1.27 45.406326 11.894115 1 0
5.72 -7.81 2.03 22.29 1.27 45.406326 11.894115 1 0
5.53 -7.86 1.85 23.62 1.27 45.406326 11.894115 1 0
5.84 -7.57 1.28 21.99 1.27 45.406326 11.894115 1 0
6.19 -7.89 1.59 22.48 1.27 45.406326 11.894115 1 0
5.81 -7.77 1.84 22.19 1.27 45.406326 11.894115 1 0
5.98 -7.38 1.57 22.62 1.27 45.406326 11.894115 1 0
6.13 -7.61 1.43 22.55 1.27 45.406326 11.894115 1 0
6.34 -8.06 1.57 22.04 1.27 45.406326 11.894115 1 0
6.11 -7.87 1.69 22.04 1.27 45.406326 11.894115 1 0
6.16 -8.06 1.52 23.02 1.27 45.406326 11.894115 1 0
5.78 -7.78 1.63 22.98 1.27 45.406326 11.894115 1 0
5.96 -7.57 1.75 23.07 1.27 45.406326 11.894115 1 0
5.97 -7.95 1.24 21.97 1.27 45.406326 11.894115 1 0
5.84 -8.1 1.33 22.4 1.27 45.406326 11.894115 1 0
5.88 -8.0 1.6 22.02 1.2 45.406320 11.894132 0 0
5.62 -7.99 1.44 22.84 1.2 45.406320 11.894132 1 0
5.83 -7.93 1.98 21.95 1.2 45.406320 11.894132 0 0
5.94 -7.81 2.01 21.83 1.2 45.406320 11.894132 1 0
