6.05 -8.14 1.81 23.2 1.52 45.406326 11.894170 1 0
5.93 -7.8 1.63 21.83 1.52 45.406326 11.894170 1 0
5.91 -7.82 1.5 21.78 1.52 45.406326 11.894170 1 0
5.84 -8.0 1.81 22.17 1.52 45.406326 11.894170 1 0
5.74 -8.04 1.71 21.95 1.52 45.406326 11.894170 1 0
5.61 -7.64 1.67 23.74 1.52 45.406326 11.894170 1 0
5.69 -7.67 1.89 22.04 1.52 45.406326 11.894170 1 0
5.71 -7.92 1.81 22.04 1.52 45.406326 11.894170 1 0
5.75 -8.2 1.83 22.05 1.52 45.406326 11.894170 1 0
5.69 -8.04 1.9 22.07 1.52 45.406326 11.894170 1 0
5.73 -7.84 1.82 22.09 1.52 45.406326 11.894170 1 0
5.74 -7.77 1.71 22.5 1.52 45.406326 11.894170 1 0
6.0 -7.85 1.89 22.69 1.52 45.406326 11.894170 1 0
5.95 -7.8 1.7 21.87 1.9 45.406330 11.894200 0 0
5.84 -8.39 1.52 21.93 1.9 45.406330 11.894200 1 0
5.85 -7.78 1.7 21.56 1.9 45.406330 11.894200 0 0
5.74 -7.71 1.89 22.43 1.9 45.406330 11.894200 1 0
5.8 -7.87 1.88 21.99 1.9 45.406330 11.894200 1 0
5.99 -8.11 1.78 21.93 1.9 45.406330 11.894200 1 0
5.79 -7.76 1.54 21.93 1.9 45.406330 11.894200 1 0
5.7 -7.71 1.52 22.43 1.9 45.406330 11.894200 1 0
5.95 -7.96 1.46 21.99 1.9 45.406330 11.894200 1 0
5.85 -8.11 1.61 22.52 1.9 45.406330 11.894200 1 0
5.87 -7.99 1.69 23.0 1.9 45.406330 11.894200 1 0
5.83 -7.91 1.98 23.0 1.9 45.406330 11.894200 1 0
5.6 -7.87 1.95 22.19 1.9 45.406330 11.894200 1 0
5.74 -7.93 1.95 22.11 1.9 45.406330 11.894200 1 0
5.82 -7.96 1.91 22.55 1.9 45.406330 11.894200 1 0
5.75 -7.97 1.58 22.54 1.9 45.406330 11.894200 1 0
5.92 -8.03 1.76 21.99 1.9 45.406330 11.894200 1 0
5.72 -7.9 1.9 22.38 1.9 45.406330 11.894200 1 0
5.52 -8.14 1.82 21.93 2.36 45.406327 11.894237 0 0
5.65 -7.95 1.58 21.37 2.36 45.406327 11.894237 1 0
6.38 -8.08 1.74 21.92 2.36 45.406327 11.894237 0 0
5.55 -8.11 2.05 21.97 2.36 45.406327 11.894237 1 0
