5.93 -7.79 2.18 22.29 1.2 45.406320 11.894132 1 0
5.91 -7.98 1.9 21.92 1.2 45.406320 11.894132 1 0
6.05 -7.74 2.06 21.59 1.2 45.406320 11.894132 1 0
5.84 -7.73 1.77 21.95 1.2 45.406320 11.894132 1 0
5.77 -7.78 2.36 22.12 1.2 45.406320 11.894132 1 0
5.68 -8.17 1.89 22.47 1.2 45.406320 11.894132 1 0
5.84 -7.82 1.95 21.75 1.2 45.406320 11.894132 1 0
5.83 -7.94 1.44 22.19 1.2 45.406320 11.894132 1 0
5.56 -8.08 1.51 22.55 1.2 45.406320 11.894132 1 0
5.76 -7.77 1.78 22.09 1.2 45.406320 11.894132 1 0
5.93 -8.13 1.82 22.0 1.2 45.406320 11.894132 1 0
5.93 -7.79 1.55 22.96 1.2 45.406320 11.894132 1 0
6.18 -7.75 1.93 21.97 1.2 45.406320 11.894132 1 0
5.91 -7.56 1.85 22.04 0.99 45.406324 11.894146 0 0
6.04 -7.95 1.74 22.0 0.99 45.406324 11.894146 1 0
5.74 -7.7 1.47 21.93 0.99 45.406324 11.894146 0 0
5.91 -7.8 1.49 21.52 0.99 45.406324 11.894146 1 0
5.78 -8.05 1.57 22.28 0.99 45.406324 11.894146 1 0
5.58 -7.94 1.58 21.93 0.99 45.406324 11.894146 1 0
5.17 -7.67 1.78 21.4 0.99 45.406324 11.894146 1 0
5.93 -8.15 1.8 21.66 0.99 45.406324 11.894146 1 0
5.69 -7.97 1.88 21.64 0.99 45.406324 11.894146 1 0
6.09 -7.74 2.17 22.62 0.99 45.406324 11.894146 1 0
5.74 -7.7 1.76 22.62 0.99 45.406324 11.894146 1 0
5.75 -7.15 2.15 23.07 0.99 45.406324 11.894146 1 0
5.98 -8.02 1.87 21.99 0.99 45.406324 11.894146 1 0
6.28 -8.29 2.27 21.99 0.99 45.406324 11.894146 1 0
5.86 -8.21 2.01 22.47 0.99 45.406324 11.894146 1 0
5.71 -7.91 1.65 22.55 0.99 45.406324 11.894146 1 0
5.74 -7.63 1.74 22.33 0.99 45.406324 11.894146 1 0
5.98 -7.91 1.95 22.43 0.99 45.406324 11.894146 1 0
5.71 -8.04 1.93 22.04 1.52 45.406326 11.894170 0 0
5.74 -8.17 1.97 22.04 1.52 45.406326 11.894170 1 0
5.56 -8.07 2.1 21.95 1.52 45.406326 11.894170 0 0
5.57 -8.07 1.99 22.4 1.52 45.406326 11.894170 1 0
