5.61 -8.18 2.09 22.09 2.07 45.406334 11.893993 1 0
5.66 -8.06 2.1 21.97 2.07 45.406334 11.893993 1 0
5.83 -7.82 1.94 22.43 2.07 45.406334 11.893993 1 0
5.8 -7.82 1.71 22.48 2.07 45.406334 11.893993 1 0
5.77 -8.01 1.74 22.09 2.07 45.406334 11.893993 1 0
5.81 -8.03 2.01 22.96 2.07 45.406334 11.893993 1 0
5.75 -7.86 2.05 22.14 2.07 45.406334 11.893993 1 0
5.82 -7.84 1.76 22.07 2.07 45.406334 11.893993 1 0
6.1 -7.91 1.54 22.09 2.07 45.406334 11.893993 1 0
6.08 -7.79 1.59 22.5 2.07 45.406334 11.893993 1 0
5.7 -7.71 1.79 25.28 2.07 45.406334 11.893993 1 0
5.57 -7.91 2.05 22.0 2.07 45.406334 11.893993 1 0
5.74 -8.08 2.22 22.24 2.07 45.406334 11.893993 1 0
5.72 -7.94 2.1 22.35 2.35 45.406336 11.894024 0 0
5.64 -7.84 1.8 21.93 2.35 45.406336 11.894024 1 0
5.8 -7.97 1.61 22.72 2.35 45.406336 11.894024 0 0
5.91 -7.97 1.56 21.99 2.35 45.406336 11.894024 1 0
5.81 -7.76 1.49 22.38 2.35 45.406336 11.894024 1 0
5.88 -7.7 1.53 22.02 2.35 45.406336 11.894024 1 0
5.96 -7.85 1.76 22.74 2.35 45.406336 11.894024 1 0
5.73 -7.91 1.93 23.15 2.35 45.406336 11.894024 1 0
5.56 -7.98 1.86 22.24 2.35 45.406336 11.894024 1 0
5.76 -8.13 1.78 22.09 2.35 45.406336 11.894024 1 0
5.87 -8.07 1.75 24.73 2.35 45.406336 11.894024 1 0
5.69 -7.75 1.72 22.48 2.35 45.406336 11.894024 1 0
5.65 -7.67 1.86 22.09 2.35 45.406336 11.894024 1 0
5.86 -7.92 2.13 25.38 2.35 45.406336 11.894024 1 0
6.0 -8.01 2.1 22.47 2.35 45.406336 11.894024 1 0
5.94 -7.79 1.8 21.95 2.35 45.406336 11.894024 1 0
5.79 -7.57 1.88 22.02 2.35 45.406336 11.894024 1 0
5.7 -7.49 2.26 22.43 2.35 45.406336 11.894024 1 0
5.92 -7.54 2.14 21.99 2.75 45.406337 11.894059 0 0
6.32 -7.67 1.58 22.74 2.75 45.406337 11.894059 1 0
6.36 -7.77 1.42 21.81 2.75 45.406337 11.894059 0 0
6.03 -7.78 1.74 21.87 2.75 45.406337 11.894059 1 0
