5.94 -7.47 1.65 22.48 3.84 45.408262 11.889807 1
5.93 -7.39 1.61 22.12 3.84 45.408262 11.889807 1
5.83 -7.87 2.01 21.92 3.84 45.408262 11.889807 1
6.11 -7.84 2.12 22.07 3.65 45.408243 11.889765 0
5.79 -7.71 2.0 22.02 3.65 45.408243 11.889765 1
5.74 -8.12 1.96 21.93 3.65 45.408243 11.889765 0
5.78 -8.12 1.63 21.87 3.65 45.408243 11.889765 1
5.81 -7.92 1.81 21.63 3.65 45.408243 11.889765 1
5.79 -7.86 1.81 22.07 3.65 45.408243 11.889765 1
6.25 -7.59 1.66 22.52 3.65 45.408243 11.889765 1
5.72 -7.64 1.46 22.42 3.65 45.408243 11.889765 1
6.32 -7.78 1.41 21.87 3.65 45.408243 11.889765 1
6.29 -7.86 1.66 21.93 3.65 45.408243 11.889765 1
5.78 -7.93 1.96 22.12 3.65 45.408243 11.889765 1
5.73 -7.96 1.75 22.19 3.65 45.408243 11.889765 1
5.63 -7.65 1.73 22.09 3.65 45.408243 11.889765 1
5.85 -7.9 1.83 22.05 3.65 45.408243 11.889765 1
5.59 -8.12 1.81 22.64 3.65 45.408243 11.889765 1
6.01 -8.01 1.98 22.17 3.65 45.408243 11.889765 1
5.69 -7.71 2.14 21.57 3.65 45.408243 11.889765 1
6.22 -7.84 1.66 21.8 3.65 45.408243 11.889765 1
6.09 -7.99 1.65 22.29 3.57 45.408226 11.889722 0
6.11 -7.72 1.99 22.42 3.57 45.408226 11.889722 1
5.82 -7.53 1.84 21.51 3.57 45.408226 11.889722 0
5.9 -7.88 1.69 22.36 3.57 45.408226 11.889722 1
5.88 -8.09 1.82 22.02 3.57 45.408226 11.889722 1
5.93 -7.67 1.81 22.12 3.57 45.408226 11.889722 1
5.77 -7.66 1.89 22.02 3.57 45.408226 11.889722 1
5.94 -8.0 1.8 22.02 3.57 45.408226 11.889722 1
5.67 -8.02 1.67 21.63 3.57 45.408226 11.889722 1
5.84 -7.78 1.57 21.68 3.57 45.408226 11.889722 1
5.97 -8.04 1.63 22.07 3.57 45.408226 11.889722 1
5.93 -7.33 1.72 22.04 3.57 45.408226 11.889722 1
6.19 -7.75 1.6 22.0 3.57 45.408226 11.889722 1
5.84 -8.11 1.77 22.02 3.57 45.408226 11.889722 1
