6.5 -7.82 1.46 22.23 2.85 45.408360 11.890121 0
5.95 -7.59 1.63 22.19 2.85 45.408360 11.890121 1
5.73 -7.48 1.53 21.92 2.85 45.408360 11.890121 1
6.06 -8.23 1.68 21.25 2.85 45.408360 11.890121 0
6.11 -7.92 1.71 21.81 2.85 45.408360 11.890121 1
6.02 -8.01 1.89 21.99 2.85 45.408360 11.890121 0
5.01 -8.4 2.07 22.04 2.85 45.408360 11.890121 1
5.03 -8.37 1.78 21.95 2.85 45.408360 11.890121 1
6.21 -7.71 1.65 21.52 2.85 45.408360 11.890121 1
6.27 -7.82 1.63 21.97 2.85 45.408360 11.890121 1
5.6 -7.86 1.94 21.97 2.85 45.408360 11.890121 1
5.75 -7.88 1.48 21.92 2.85 45.408360 11.890121 1
6.17 -7.72 1.59 22.09 2.85 45.408360 11.890121 1
5.94 -7.9 1.79 22.12 2.85 45.408360 11.890121 1
5.96 -7.67 1.87 22.14 2.85 45.408360 11.890121 1
6.27 -7.7 1.79 22.09 2.85 45.408360 11.890121 1
5.59 -7.92 1.9 21.63 2.85 45.408360 11.890121 1
5.77 -8.05 1.88 21.57 2.85 45.408360 11.890121 1
5.94 -8.05 1.79 21.54 2.85 45.408360 11.890121 1
5.97 -7.64 1.95 21.93 2.85 45.408360 11.890121 1
5.43 -7.96 1.92 22.07 2.85 45.408360 11.890121 1
5.43 -7.89 1.74 21.93 3.24 45.408345 11.890087 0
5.76 -8.19 1.71 21.44 3.24 45.408345 11.890087 1
6.17 -8.33 2.11 22.43 3.24 45.408345 11.890087 0
5.81 -7.47 1.7 21.73 3.24 45.408345 11.890087 1
5.97 -7.61 1.78 21.93 3.24 45.408345 11.890087 1
6.23 -7.64 2.04 21.42 3.24 45.408345 11.890087 1
6.06 -8.11 1.91 21.85 3.24 45.408345 11.890087 1
5.9 -7.95 1.88 22.04 3.24 45.408345 11.890087 1
5.74 -7.71 1.68 22.21 3.24 45.408345 11.890087 1
5.52 -7.64 1.48 21.64 3.24 45.408345 11.890087 1
6.08 -8.11 1.56 21.52 3.24 45.408345 11.890087 1
5.84 -8.06 1.59 21.52 3.24 45.408345 11.890087 1
5.95 -8.11 1.67 22.09 3.24 45.408345 11.890087 1
5.52 -7.7 1.63 22.14 3.24 45.408345 11.890087 1
