6.12 -8.16 1.83 21.92 2.39 45.408313 11.889940 1
6.33 -8.06 1.95 22.07 2.39 45.408313 11.889940 1
5.66 -7.65 2.06 22.02 2.39 45.408313 11.889940 1
5.79 -7.38 2.21 21.51 2.55 45.408306 11.889908 0
6.01 -7.82 2.01 21.88 2.55 45.408306 11.889908 1
6.12 -8.02 2.13 21.97 2.55 45.408306 11.889908 0
5.83 -7.57 2.01 21.68 2.55 45.408306 11.889908 1
5.57 -7.78 2.04 21.97 2.55 45.408306 11.889908 1
5.69 -8.14 1.67 22.33 2.55 45.408306 11.889908 1
5.73 -8.1 1.78 22.02 2.55 45.408306 11.889908 1
6.0 -7.89 1.52 22.47 2.55 45.408306 11.889908 1
5.77 -7.58 1.53 22.19 2.55 45.408306 11.889908 1
6.1 -7.87 1.52 21.68 2.55 45.408306 11.889908 1
6.04 -7.71 1.67 22.04 2.55 45.408306 11.889908 1
6.08 -7.95 1.72 21.9 2.55 45.408306 11.889908 1
5.97 -8.08 1.76 21.9 2.55 45.408306 11.889908 1
5.81 -7.66 1.8 22.04 2.55 45.408306 11.889908 1
5.67 -8.09 1.66 22.19 2.55 45.408306 11.889908 1
5.48 -7.76 1.55 22.19 2.55 45.408306 11.889908 1
5.48 -7.74 1.82 21.44 2.55 45.408306 11.889908 1
6.17 -7.92 1.85 21.83 2.55 45.408306 11.889908 1
5.82 -8.12 1.92 22.02 2.1 45.408304 11.889879 0
5.74 -7.83 1.95 21.73 2.1 45.408304 11.889879 1
5.64 -7.22 2.2 22.02 2.1 45.408304 11.889879 0
6.13 -7.78 2.04 21.78 2.1 45.408304 11.889879 1
6.32 -8.27 1.94 21.83 2.1 45.408304 11.889879 1
5.89 -7.95 1.91 21.97 2.1 45.408304 11.889879 1
5.63 -7.86 1.87 22.07 2.1 45.408304 11.889879 1
5.79 -7.67 2.02 22.02 2.1 45.408304 11.889879 1
5.91 -7.85 1.78 22.48 2.1 45.408304 11.889879 1
6.07 -8.0 1.88 22.14 2.1 45.408304 11.889879 1
5.62 -7.97 1.67 22.12 2.1 45.408304 11.889879 1
5.86 -7.56 1.74 21.99 2.1 45.408304 11.889879 1
6.02 -8.03 1.74 21.93 2.1 45.408304 11.889879 1
6.15 -7.68 1.77 22.09 2.1 45.408304 11.889879 1
