5.85 -7.84 1.8 22.09 3.26 45.407970 11.888261 1 1
5.74 -7.69 1.87 22.21 3.26 45.407970 11.888261 1 1
5.79 -7.75 1.79 22.23 3.26 45.407970 11.888261 1 1
5.97 -7.89 1.77 22.11 3.26 45.407970 11.888261 1 1
6.08 -7.78 1.87 22.02 3.26 45.407970 11.888261 1 1
6.05 -7.57 1.84 22.16 3.26 45.407970 11.888261 1 1
5.93 -7.55 1.72 21.76 3.26 45.407970 11.888261 1 1
5.86 -7.59 1.8 22.05 3.26 45.407970 11.888261 1 1
5.89 -7.59 1.91 21.44 1.98 45.407971 11.888234 0 1
5.97 -7.86 1.82 22.11 1.98 45.407971 11.888234 1 1
6.08 -8.13 1.81 21.61 1.98 45.407971 11.888234 0 1
6.24 -7.85 1.86 21.44 1.98 45.407971 11.888234 1 1
6.23 -7.5 1.57 22.05 1.98 45.407971 11.888234 1 1
5.89 -7.7 1.42 22.04 1.98 45.407971 11.888234 1 1
5.61 -7.89 1.83 22.17 1.98 45.407971 11.888234 1 1
5.72 -7.76 1.95 22.0 1.98 45.407971 11.888234 1 1
5.85 -7.99 1.52 21.95 1.98 45.407971 11.888234 1 1
5.79 -8.3 1.53 22.07 1.98 45.407971 11.888234 1 1
5.71 -7.57 1.8 21.51 1.98 45.407971 11.888234 1 1
5.69 -6.73 1.39 21.56 1.98 45.407971 11.888234 1 1
6.33 -7.61 1.4 21.25 1.98 45.407971 11.888234 1 1
8.02 -9.39 2.6 20.44 1.98 45.407971 11.888234 1 1
8.52 -9.54 3.05 22.21 1.98 45.407971 11.888234 1 1
5.77 -7.45 2.18 24.58 1.98 45.407971 11.888234 1 1
3.38 -5.31 2.03 24.42 1.98 45.407971 11.888234 1 1
6.1 -6.16 2.26 22.59 1.98 45.407971 11.888234 1 1
10.57 -10.07 0.89 20.53 2.37 45.407964 11.888207 0 1
10.05 -12.4 -0.4 20.43 2.37 45.407964 11.888207 1 1
5.98 -9.78 0.76 21.69 2.37 45.407964 11.888207 0 1
4.53 -5.93 2.37 22.14 2.37 45.407964 11.888207 1 1
5.97 -5.7 2.15 21.95 2.37 45.407964 11.888207 1 1
6.78 -7.44 1.56 21.85 2.37 45.407964 11.888207 1 1
6.64 -7.77 1.85 21.69 2.37 45.407964 11.888207 1 1
6.67 -7.56 1.93 21.75 2.37 45.407964 11.888207 1 1
6.31 -8.11 1.51 22.07 2.37 45.407964 11.888207 1 1
