6.19 -7.58 2.25 21.56 2.29 45.407974 11.888627 0 0
6.34 -7.4 2.31 22.36 2.29 45.407974 11.888627 1 0
6.16 -7.49 1.94 21.95 2.29 45.407974 11.888627 1 0
6.13 -7.61 1.63 21.81 2.29 45.407974 11.888627 1 0
6.47 -7.57 1.8 21.85 2.29 45.407974 11.888627 1 0
6.57 -7.54 2.02 21.9 2.29 45.407974 11.888627 1 0
6.17 -7.62 2.01 22.12 2.29 45.407974 11.888627 1 0
5.85 -7.6 2.01 22.11 2.29 45.407974 11.888627 1 0
5.93 -7.56 2.06 21.81 2.29 45.407974 11.888627 0 0
6.07 -7.72 1.95 22.11 2.29 45.407974 11.888627 1 0
6.09 -7.94 1.8 21.9 2.29 45.407974 11.888627 0 0
6.15 -7.88 1.83 21.83 2.29 45.407974 11.888627 1 0
6.28 -7.54 1.94 21.81 2.29 45.407974 11.888627 1 0
6.39 -7.28 1.98 21.81 2.29 45.407974 11.888627 1 0
6.41 -7.37 1.97 21.78 2.29 45.407974 11.888627 1 0
6.27 -7.67 1.86 21.4 2.29 45.407974 11.888627 1 0
6.12 -7.79 1.71 21.9 2.29 45.407974 11.888627 1 0
6.18 -7.59 1.7 21.95 2.29 45.407974 11.888627 1 0
6.18 -7.5 1.9 21.97 2.29 45.407974 11.888627 1 0
5.79 -7.81 2.06 22.02 2.29 45.407974 11.888627 1 0
5.53 -8.01 2.03 22.42 2.29 45.407974 11.888627 1 0
5.86 -7.75 1.92 22.0 2.29 45.407974 11.888627 1 0
6.16 -7.57 1.83 21.57 2.29 45.407974 11.888627 1 0
5.97 -7.79 1.82 22.57 2.29 45.407974 11.888627 1 0
5.92 -7.87 1.91 21.85 2.29 45.407974 11.888627 1 0
6.37 -7.64 2.03 22.05 2.69 45.407973 11.888606 0 0
6.56 -7.52 1.97 22.02 2.69 45.407973 11.888606 1 0
6.19 -7.46 1.79 22.84 2.69 45.407973 11.888606 1 0
5.92 -7.36 1.71 22.07 2.69 45.407973 11.888606 0 0
6.07 -7.64 1.78 21.8 2.69 45.407973 11.888606 1 0
6.31 -8.22 1.8 21.59 2.69 45.407973 11.888606 1 0
6.31 -8.26 1.71 21.69 2.69 45.407973 11.888606 1 0
6.08 -7.69 1.62 21.56 2.69 45.407973 11.888606 1 0
5.82 -7.33 1.65 22.05 2.69 45.407973 11.888606 1 0
5.81 -7.43 1.73 22.11 2.69 45.407973 11.888606 1 0
