5.31 -8.73 2.38 24.68 3.34 45.868210 12.307039 0 1
5.74 -8.71 1.64 23.68 3.34 45.868210 12.307039 0 1
6.25 -6.03 1.35 22.91 3.34 45.868210 12.307039 0 1
5.52 -9.26 1.31 52.08 3.34 45.868210 12.307039 0 1
6.14 -8.95 0.61 24.04 3.34 45.868210 12.307039 0 1
5.64 -7.16 2.04 24.97 3.34 45.868210 12.307039 0 1
4.16 -7.63 1.86 23.2 3.34 45.868210 12.307039 0 1
5.75 -7.44 2.28 23.32 3.34 45.868210 12.307039 0 1
4.88 -8.04 2.06 23.17 3.39 45.868180 12.307047 1 1
4.9 -8.13 1.92 22.29 3.39 45.868180 12.307047 0 1
6.72 -8.53 2.22 22.57 3.39 45.868180 12.307047 1 1
6.77 -7.51 1.88 23.24 3.39 45.868180 12.307047 0 1
5.07 -8.04 2.12 24.04 3.39 45.868180 12.307047 0 1
5.05 -5.96 1.21 24.03 3.39 45.868180 12.307047 0 1
6.62 -6.31 1.3 23.19 3.39 45.868180 12.307047 0 1
7.12 -7.93 0.62 22.23 3.39 45.868180 12.307047 0 1
6.21 -11.05 1.79 22.26 3.39 45.868180 12.307047 0 1
5.68 -8.96 2.87 23.48 3.39 45.868180 12.307047 0 1
5.4 -5.63 2.29 23.67 3.39 45.868180 12.307047 0 1
5.16 -7.53 3.01 25.54 3.39 45.868180 12.307047 0 1
7.35 -8.71 1.57 24.64 3.39 45.868180 12.307047 0 1
7.04 -9.66 2.76 23.68 3.39 45.868180 12.307047 0 1
5.41 -7.56 1.3 23.24 3.39 45.868180 12.307047 0 1
6.41 -8.45 2.09 22.57 3.39 45.868180 12.307047 0 1
5.9 -8.72 2.03 22.81 3.35 45.868149 12.307054 1 1
7.02 -6.98 2.51 22.91 3.35 45.868149 12.307054 0 1
6.75 -8.62 0.89 23.48 3.35 45.868149 12.307054 1 1
5.16 -5.49 1.55 22.78 3.35 45.868149 12.307054 0 1
6.76 -7.74 3.03 23.22 3.35 45.868149 12.307054 0 1
6.48 -8.0 2.25 23.53 3.35 45.868149 12.307054 0 1
6.98 -8.8 0.63 22.76 3.35 45.868149 12.307054 0 1
5.42 -8.86 2.29 23.34 3.35 45.868149 12.307054 0 1
7.17 -6.67 1.58 23.02 3.35 45.868149 12.307054 0 1
6.03 -10.0 2.0 22.93 3.35 45.868149 12.307054 0 1
5.28 -8.39 1.3 23.17 3.35 45.868149 12.307054 0 1
