6.65 -7.66 2.36 21.85 0.20 45.407376 11.879914 0
6.65 -7.55 1.97 21.51 0.20 45.407376 11.879914 0
6.28 -7.26 1.89 21.95 0.20 45.407376 11.879914 0
7.18 -6.79 1.61 21.47 0.20 45.407376 11.879914 0
7.61 -6.72 2.22 21.71 0.20 45.407376 11.879914 0
7.15 -6.88 1.95 21.69 0.20 45.407376 11.879914 0
6.87 -7.21 1.94 21.75 0.20 45.407376 11.879914 0
6.64 -7.09 2.67 21.75 0.20 45.407376 11.879914 0
5.97 -7.19 2.63 21.56 0.84 45.407388 11.879912 1
5.69 -8.65 1.98 21.13 0.84 45.407388 11.879912 0
5.47 -8.74 1.75 21.61 0.84 45.407388 11.879912 1
6.16 -8.07 1.13 21.27 0.84 45.407388 11.879912 0
6.05 -7.21 1.41 22.33 0.84 45.407388 11.879912 0
5.57 -7.70 2.01 21.90 0.84 45.407388 11.879912 0
5.60 -8.14 1.91 21.35 0.84 45.407388 11.879912 0
5.58 -7.71 1.70 21.85 0.84 45.407388 11.879912 0
6.21 -7.76 1.78 21.18 0.84 45.407388 11.879912 0
5.69 -8.50 1.35 21.54 0.84 45.407388 11.879912 0
6.08 -8.27 1.19 21.75 0.84 45.407388 11.879912 0
6.60 -7.22 2.57 21.97 0.84 45.407388 11.879912 0
5.91 -7.22 2.09 22.00 0.84 45.407388 11.879912 0
6.00 -7.73 1.47 22.62 0.84 45.407388 11.879912 0
6.08 -7.82 1.98 23.53 0.84 45.407388 11.879912 0
6.47 -7.49 1.33 22.86 0.84 45.407388 11.879912 0
6.82 -7.35 1.70 24.25 0.84 45.407388 11.879912 0
6.01 -7.40 1.96 23.56 0.84 45.407388 11.879912 0
6.00 -6.43 1.87 22.98 1.59 45.407401 11.879901 1
5.61 -7.69 1.68 22.31 1.59 45.407401 11.879901 0
5.80 -8.30 1.76 22.76 1.59 45.407401 11.879901 1
5.78 -8.32 1.36 22.66 1.59 45.407401 11.879901 0
6.19 -7.86 1.34 22.76 1.59 45.407401 11.879901 0
6.30 -7.55 1.67 22.36 1.59 45.407401 11.879901 0
6.38 -7.36 1.51 22.36 1.59 45.407401 11.879901 0
5.92 -7.58 1.99 23.27 1.59 45.407401 11.879901 0
5.73 -7.97 1.79 22.48 1.59 45.407401 11.879901 0
6.00 -8.03 1.35 23.34 1.59 45.407401 11.879901 0
6.08 -8.02 1.32 23.38 1.59 45.407401 11.879901 0
5.91 -7.68 1.57 22.60 1.59 45.407401 11.879901 0
5.72 -7.58 1.74 24.20 1.59 45.407401 11.879901 0
5.94 -7.94 1.57 23.84 1.59 45.407401 11.879901 0
5.90 -8.01 1.62 22.91 1.59 45.407401 11.879901 0
5.70 -8.10 1.58 23.43 1.59 45.407401 11.879901 0
6.07 -7.95 1.41 23.17 1.59 45.407401 11.879901 0
5.89 -7.94 1.59 22.60 1.21 45.407405 11.879885 1
5.78 -7.92 1.64 23.84 1.21 45.407405 11.879885 0
5.83 -7.85 1.61 22.66 1.21 45.407405 11.879885 1
5.84 -7.62 1.44 24.54 1.21 45.407405 11.879885 0
5.89 -7.90 1.66 22.23 1.21 45.407405 11.879885 0
6.11 -7.87 1.83 23.07 1.21 45.407405 11.879885 0
6.26 -7.66 1.64 23.84 1.21 45.407405 11.879885 0
6.19 -7.68 1.61 21.20 1.21 45.407405 11.879885 0
5.83 -7.90 1.63 22.11 1.21 45.407405 11.879885 0
5.82 -8.16 1.78 21.80 1.21 45.407405 11.879885 0
5.74 -7.86 1.70 22.00 1.21 45.407405 11.879885 0
5.80 -7.41 1.61 22.11 1.21 45.407405 11.879885 0
6.03 -7.65 1.74 22.52 1.21 45.407405 11.879885 0
6.05 -7.77 1.66 21.97 1.21 45.407405 11.879885 0
5.90 -7.75 1.90 21.97 1.21 45.407405 11.879885 0
5.76 -7.91 1.93 21.85 1.21 45.407405 11.879885 0
5.91 -7.87 1.71 21.44 1.21 45.407405 11.879885 0
5.76 -7.86 1.76 21.63 1.21 45.407405 11.879885 0
5.74 -7.85 1.72 21.37 1.91 45.407397 11.879863 1
5.84 -8.30 1.79 21.78 1.91 45.407397 11.879863 0
5.86 -8.34 1.86 22.19 1.91 45.407397 11.879863 1
5.79 -7.24 1.80 21.78 1.91 45.407397 11.879863 0
5.93 -7.60 1.58 22.26 1.91 45.407397 11.879863 0
5.58 -8.12 1.53 22.29 1.91 45.407397 11.879863 0
5.87 -8.03 1.80 22.40 1.91 45.407397 11.879863 0
5.91 -7.99 1.76 22.84 1.91 45.407397 11.879863 0
5.75 -7.96 1.59 22.52 1.91 45.407397 11.879863 0
6.06 -7.56 1.64 21.59 1.91 45.407397 11.879863 0
6.05 -7.64 1.69 21.90 1.91 45.407397 11.879863 0
6.31 -8.30 1.48 21.54 1.91 45.407397 11.879863 0
5.64 -8.19 1.87 22.11 1.91 45.407397 11.879863 0
5.55 -7.69 1.87 22.31 1.91 45.407397 11.879863 0
5.86 -7.57 1.93 22.28 1.91 45.407397 11.879863 0
5.93 -7.50 1.61 21.97 1.91 45.407397 11.879863 0
6.08 -7.77 1.59 21.52 1.91 45.407397 11.879863 0
6.27 -7.79 1.86 21.54 1.87 45.407394 11.879838 1
5.88 -8.08 1.92 21.59 1.87 45.407394 11.879838 0
5.76 -8.28 1.50 21.56 1.87 45.407394 11.879838 1
5.77 -8.01 1.73 21.80 1.87 45.407394 11.879838 0
5.90 -7.49 1.64 21.85 1.87 45.407394 11.879838 0
5.98 -7.60 1.84 21.75 1.87 45.407394 11.879838 0
6.09 -7.99 1.91 21.76 1.87 45.407394 11.879838 0
5.67 -7.99 2.08 22.05 1.87 45.407394 11.879838 0
5.82 -7.98 2.17 22.31 1.87 45.407394 11.879838 0
5.84 -8.02 1.89 22.54 1.87 45.407394 11.879838 0
5.79 -7.75 1.87 22.74 1.87 45.407394 11.879838 0
5.84 -7.41 1.82 22.48 1.87 45.407394 11.879838 0
6.14 -7.46 1.60 22.62 1.87 45.407394 11.879838 0
6.18 -7.64 1.79 22.36 1.87 45.407394 11.879838 0
6.19 -8.48 1.67 21.80 1.87 45.407394 11.879838 0
5.80 -8.29 1.53 21.87 1.87 45.407394 11.879838 0
6.15 -7.52 1.58 21.92 1.87 45.407394 11.879838 0
6.22 -7.20 1.26 22.05 2.17 45.407394 11.879810 1
6.13 -7.59 1.60 21.95 2.17 45.407394 11.879810 0
6.14 -7.65 1.71 21.56 2.17 45.407394 11.879810 1
6.04 -7.98 1.81 21.97 2.17 45.407394 11.879810 0
5.86 -7.96 1.75 21.71 2.17 45.407394 11.879810 0
5.89 -7.82 1.78 22.26 2.17 45.407394 11.879810 0
5.76 -7.75 1.69 22.31 2.17 45.407394 11.879810 0
5.62 -7.82 1.81 22.52 2.17 45.407394 11.879810 0
5.60 -7.86 1.72 22.16 2.17 45.407394 11.879810 0
5.98 -7.78 1.84 21.78 2.17 45.407394 11.879810 0
6.17 -7.74 1.77 21.52 2.17 45.407394 11.879810 0
5.86 -8.25 1.86 21.51 2.17 45.407394 11.879810 0
5.96 -8.23 1.45 21.80 2.17 45.407394 11.879810 0
6.02 -8.00 2.04 22.26 2.17 45.407394 11.879810 0
5.63 -7.24 1.94 22.57 2.17 45.407394 11.879810 0
5.88 -7.11 1.84 22.52 2.17 45.407394 11.879810 0
6.22 -7.68 1.69 22.52 2.17 45.407394 11.879810 0
6.29 -7.83 1.61 21.81 2.17 45.407394 11.879810 0
6.12 -8.32 2.05 21.78 2.12 45.407395 11.879784 1
6.01 -8.03 1.81 21.42 2.12 45.407395 11.879784 0
5.78 -7.86 1.64 21.71 2.12 45.407395 11.879784 1
5.61 -7.82 1.58 22.16 2.12 45.407395 11.879784 0
6.09 -7.53 1.63 22.04 2.12 45.407395 11.879784 0
6.22 -7.67 1.55 22.04 2.12 45.407395 11.879784 0
6.02 -8.31 2.10 22.16 2.12 45.407395 11.879784 0
5.82 -7.94 1.77 22.05 2.12 45.407395 11.879784 0
5.74 -7.71 1.64 22.60 2.12 45.407395 11.879784 0
5.90 -7.69 1.86 22.43 2.12 45.407395 11.879784 0
5.99 -7.53 1.79 22.17 2.12 45.407395 11.879784 0
6.07 -7.79 1.88 22.28 2.12 45.407395 11.879784 0
6.26 -7.96 1.72 21.80 2.12 45.407395 11.879784 0
5.86 -8.32 1.71 21.69 2.12 45.407395 11.879784 0
5.93 -8.00 1.66 21.85 2.12 45.407395 11.879784 0
5.85 -7.44 1.72 22.05 2.12 45.407395 11.879784 0
5.83 -7.56 1.89 21.80 2.12 45.407395 11.879784 0
6.20 -7.39 2.35 21.66 2.36 45.407393 11.879757 1
6.59 -7.37 2.30 21.78 2.36 45.407393 11.879757 0
6.11 -7.71 2.17 21.93 2.36 45.407393 11.879757 1
5.88 -7.91 1.83 21.64 2.36 45.407393 11.879757 0
5.59 -7.80 2.04 22.31 2.36 45.407393 11.879757 0
5.57 -7.48 1.85 22.09 2.36 45.407393 11.879757 0
5.98 -7.78 2.07 21.39 2.36 45.407393 11.879757 0
6.15 -8.15 1.75 21.85 2.36 45.407393 11.879757 0
6.51 -7.80 1.33 22.21 2.36 45.407393 11.879757 0
5.86 -7.85 1.57 22.26 2.36 45.407393 11.879757 0
5.38 -7.77 1.77 22.52 2.36 45.407393 11.879757 0
5.50 -8.11 1.71 22.47 2.36 45.407393 11.879757 0
5.93 -7.46 1.88 22.36 2.36 45.407393 11.879757 0
5.97 -7.44 1.79 22.21 2.36 45.407393 11.879757 0
5.97 -8.05 1.65 22.00 2.36 45.407393 11.879757 0
5.88 -8.32 1.58 21.90 2.36 45.407393 11.879757 0
5.95 -7.84 1.75 21.64 2.36 45.407393 11.879757 0
5.66 -7.57 2.01 21.49 2.36 45.407393 11.879757 0
5.76 -7.81 1.61 21.68 2.59 45.407390 11.879724 1
5.86 -8.04 1.36 21.69 2.59 45.407390 11.879724 0
5.92 -7.83 1.81 21.64 2.59 45.407390 11.879724 1
5.90 -7.53 1.56 21.68 2.59 45.407390 11.879724 0
5.72 -7.90 1.39 21.75 2.59 45.407390 11.879724 0
5.04 -7.65 1.58 21.69 2.59 45.407390 11.879724 0
6.12 -7.97 1.64 21.75 2.59 45.407390 11.879724 0
4.13 -6.63 2.19 21.51 2.59 45.407390 11.879724 0
6.58 -6.86 1.64 22.57 2.59 45.407390 11.879724 0
6.63 -8.63 1.96 22.57 2.59 45.407390 11.879724 0
5.62 -8.43 1.93 23.29 2.59 45.407390 11.879724 0
5.21 -4.63 1.84 23.08 2.59 45.407390 11.879724 0
5.28 -8.77 1.25 23.79 2.59 45.407390 11.879724 0
8.43 -7.85 1.99 22.78 2.59 45.407390 11.879724 0
7.52 -8.37 1.03 23.07 2.59 45.407390 11.879724 0
6.36 -11.67 0.47 21.61 2.59 45.407390 11.879724 0
5.26 -8.01 2.34 21.75 2.59 45.407390 11.879724 0
6.82 -7.64 1.90 22.29 2.66 45.407393 11.879690 1
4.69 -6.65 3.03 22.42 2.66 45.407393 11.879690 0
6.97 -8.73 2.84 22.36 2.66 45.407393 11.879690 1
6.04 -10.40 1.13 23.51 2.66 45.407393 11.879690 0
5.70 -8.24 1.61 21.68 2.66 45.407393 11.879690 0
6.65 -8.52 -1.20 21.90 2.66 45.407393 11.879690 0
5.81 -9.19 1.29 21.81 2.66 45.407393 11.879690 0
5.59 -6.82 3.03 22.67 2.66 45.407393 11.879690 0
7.41 -9.44 1.86 22.62 2.66 45.407393 11.879690 0
6.52 -7.47 1.32 22.72 2.66 45.407393 11.879690 0
5.21 -7.72 2.69 21.97 2.66 45.407393 11.879690 0
6.10 -8.61 1.34 22.05 2.66 45.407393 11.879690 0
6.66 -8.38 -0.01 25.66 2.66 45.407393 11.879690 0
4.85 -8.34 0.51 22.36 2.66 45.407393 11.879690 0
6.36 -6.62 3.97 22.05 2.66 45.407393 11.879690 0
3.93 -8.33 1.40 22.64 2.66 45.407393 11.879690 0
5.75 -6.26 1.33 23.10 2.66 45.407393 11.879690 0
5.67 -10.74 2.53 21.37 2.51 45.407388 11.879659 1
5.45 -7.20 1.89 22.45 2.51 45.407388 11.879659 0
2.66 -5.14 2.07 22.12 2.51 45.407388 11.879659 1
6.31 -10.33 1.03 22.29 2.51 45.407388 11.879659 0
5.58 -5.19 3.63 22.19 2.51 45.407388 11.879659 0
7.43 -6.68 2.29 22.12 2.51 45.407388 11.879659 0
6.12 -6.48 1.40 22.62 2.51 45.407388 11.879659 0
5.86 -9.84 1.22 23.62 2.51 45.407388 11.879659 0
5.52 -4.35 2.07 22.62 2.51 45.407388 11.879659 0
3.62 -7.36 1.43 22.76 2.51 45.407388 11.879659 0
4.38 -4.66 3.74 22.11 2.51 45.407388 11.879659 0
4.75 -11.70 1.55 22.47 2.51 45.407388 11.879659 0
6.55 -7.67 1.16 23.29 2.51 45.407388 11.879659 0
5.11 -7.39 3.06 22.17 2.51 45.407388 11.879659 0
6.43 -10.90 1.42 22.95 2.51 45.407388 11.879659 0
5.87 -5.28 0.56 24.13 2.51 45.407388 11.879659 0
5.31 -8.34 2.73 24.25 2.51 45.407388 11.879659 0
8.23 -10.23 0.94 24.27 2.51 45.407388 11.879659 0
2.88 -9.51 2.28 22.91 2.64 45.407391 11.879633 1
5.01 -6.46 3.60 22.45 2.64 45.407391 11.879633 0
7.47 -8.55 -0.22 21.68 2.64 45.407391 11.879633 1
6.71 -9.18 2.31 24.90 2.64 45.407391 11.879633 0
8.09 -5.99 0.47 22.42 2.64 45.407391 11.879633 0
4.89 -7.16 2.57 22.35 2.64 45.407391 11.879633 0
7.88 -7.78 2.40 21.87 2.64 45.407391 11.879633 0
6.70 -9.03 0.63 22.54 2.64 45.407391 11.879633 0
5.09 -7.66 2.54 23.44 2.64 45.407391 11.879633 0
4.68 -7.51 2.59 23.51 2.64 45.407391 11.879633 0
5.65 -7.07 2.04 22.55 2.64 45.407391 11.879633 0
6.67 -9.01 0.70 23.36 2.64 45.407391 11.879633 0
5.31 -10.53 3.38 23.00 2.64 45.407391 11.879633 0
4.30 -4.39 2.38 22.07 2.64 45.407391 11.879633 0
6.79 -8.70 -0.07 23.44 2.64 45.407391 11.879633 0
5.33 -7.91 0.59 21.68 2.64 45.407391 11.879633 0
5.43 -9.24 3.31 21.99 2.64 45.407391 11.879633 0
5.94 -7.98 3.95 22.79 3.00 45.407382 11.879593 1
3.19 -5.50 1.74 22.88 3.00 45.407382 11.879593 0
4.99 -7.90 2.74 23.70 3.00 45.407382 11.879593 1
5.69 -9.09 1.43 22.57 3.00 45.407382 11.879593 0
7.95 -8.82 1.77 22.83 3.00 45.407382 11.879593 0
6.29 -9.27 1.07 22.12 3.00 45.407382 11.879593 0
4.87 -9.00 1.41 23.27 3.00 45.407382 11.879593 0
7.59 -6.89 3.46 22.17 3.00 45.407382 11.879593 0
5.87 -7.21 3.64 22.67 3.00 45.407382 11.879593 0
8.76 -12.42 -0.58 30.01 3.00 45.407382 11.879593 0
4.55 -7.39 1.01 21.95 3.00 45.407382 11.879593 0
4.34 -11.08 1.49 21.40 3.00 45.407382 11.879593 0
6.96 -6.50 0.30 22.71 3.00 45.407382 11.879593 0
5.15 -9.07 4.29 23.91 3.00 45.407382 11.879593 0
5.47 -5.16 1.67 23.96 3.00 45.407382 11.879593 0
8.10 -7.96 2.92 24.28 3.00 45.407382 11.879593 0
4.27 -8.68 1.44 21.88 3.00 45.407382 11.879593 0
6.27 -7.79 2.06 23.65 3.00 45.407382 11.879593 0
4.62 -11.01 1.53 22.54 2.83 45.407382 11.879556 1
5.21 -7.27 2.91 22.19 2.83 45.407382 11.879556 0
6.57 -7.85 2.21 21.52 2.83 45.407382 11.879556 1
5.52 -8.20 1.24 22.93 2.83 45.407382 11.879556 0
6.47 -8.87 1.70 29.82 2.83 45.407382 11.879556 0
4.09 -6.13 4.18 22.95 2.83 45.407382 11.879556 0
5.93 -9.02 3.12 25.26 2.83 45.407382 11.879556 0
5.41 -8.24 1.14 23.22 2.83 45.407382 11.879556 0
8.15 -6.83 1.85 21.92 2.83 45.407382 11.879556 0
7.10 -8.35 3.81 23.55 2.83 45.407382 11.879556 0
6.46 -7.39 1.23 24.75 2.83 45.407382 11.879556 0
3.63 -8.25 1.87 22.60 2.83 45.407382 11.879556 0
4.84 -6.93 2.16 22.42 2.83 45.407382 11.879556 0
8.38 -9.53 4.42 21.51 2.83 45.407382 11.879556 0
7.24 -10.21 1.47 22.78 2.83 45.407382 11.879556 0
6.40 -8.33 2.90 22.81 2.83 45.407382 11.879556 0
5.12 -6.36 1.47 23.41 2.83 45.407382 11.879556 0
3.50 -6.58 1.10 22.47 3.00 45.407381 11.879516 1
5.05 -9.03 2.93 22.54 3.00 45.407381 11.879516 0
6.08 -8.47 1.95 21.59 3.00 45.407381 11.879516 1
6.74 -8.53 1.82 23.08 3.00 45.407381 11.879516 0
4.15 -8.02 -0.42 21.88 3.00 45.407381 11.879516 0
5.08 -8.21 0.07 22.02 3.00 45.407381 11.879516 0
3.98 -6.62 3.42 23.10 3.00 45.407381 11.879516 0
5.54 -8.46 1.51 23.02 3.00 45.407381 11.879516 0
6.48 -9.58 0.90 23.92 3.00 45.407381 11.879516 0
6.50 -8.04 0.62 21.88 3.00 45.407381 11.879516 0
5.46 -5.00 2.33 23.53 3.00 45.407381 11.879516 0
5.03 -10.74 4.31 23.43 3.00 45.407381 11.879516 0
4.34 -4.92 1.07 23.26 3.00 45.407381 11.879516 0
6.21 -10.26 1.78 22.55 3.00 45.407381 11.879516 0
4.56 -8.23 2.80 21.90 3.00 45.407381 11.879516 0
5.66 -9.40 0.63 24.25 3.00 45.407381 11.879516 0
7.24 -9.83 1.52 21.49 3.00 45.407381 11.879516 0
5.55 -8.02 2.15 28.76 3.05 45.407384 11.879476 1
5.19 -7.97 1.50 25.06 3.05 45.407384 11.879476 0
3.95 -8.42 2.51 23.43 3.05 45.407384 11.879476 1
5.58 -8.59 1.79 26.05 3.05 45.407384 11.879476 0
8.94 -9.30 0.46 24.64 3.05 45.407384 11.879476 0
