5.94 -7.90 1.87 21.44 0.73 45.407324 11.879888 0
6.74 -7.26 1.87 22.04 0.73 45.407324 11.879888 0
6.59 -6.76 1.99 21.57 0.73 45.407324 11.879888 0
6.29 -7.40 2.10 21.42 0.73 45.407324 11.879888 0
6.79 -7.07 1.84 21.37 0.73 45.407324 11.879888 0
7.08 -6.94 1.81 21.57 1.52 45.407332 11.879874 1
7.07 -7.18 1.90 21.51 1.52 45.407332 11.879874 0
7.29 -6.99 1.75 21.81 1.52 45.407332 11.879874 1
6.99 -7.08 1.04 22.07 1.52 45.407332 11.879874 0
6.28 -7.84 1.36 21.81 1.52 45.407332 11.879874 0
5.65 -7.63 1.23 21.87 1.52 45.407332 11.879874 0
5.81 -7.40 1.45 22.17 1.52 45.407332 11.879874 0
5.95 -7.85 1.94 22.04 1.52 45.407332 11.879874 0
6.00 -8.20 1.87 21.85 1.52 45.407332 11.879874 0
5.76 -8.00 1.67 21.54 1.52 45.407332 11.879874 0
5.76 -8.29 1.79 22.02 1.52 45.407332 11.879874 0
5.50 -7.94 2.07 22.07 1.52 45.407332 11.879874 0
5.98 -7.14 1.72 21.97 1.52 45.407332 11.879874 0
6.64 -7.50 2.07 21.93 1.52 45.407332 11.879874 0
6.62 -7.46 1.86 21.52 1.52 45.407332 11.879874 0
6.57 -7.56 1.62 21.59 1.52 45.407332 11.879874 0
6.41 -7.20 1.80 22.19 1.52 45.407332 11.879874 0
6.76 -7.38 2.06 22.24 2.42 45.407328 11.879852 1
6.76 -7.06 2.06 21.68 2.42 45.407328 11.879852 0
6.59 -6.95 1.64 21.56 2.42 45.407328 11.879852 1
5.94 -8.19 1.66 21.76 2.42 45.407328 11.879852 0
5.41 -8.51 1.69 21.83 2.42 45.407328 11.879852 0
5.95 -7.96 1.48 21.88 2.42 45.407328 11.879852 0
6.17 -6.96 1.68 21.92 2.42 45.407328 11.879852 0
6.38 -7.59 1.51 22.12 2.42 45.407328 11.879852 0
5.66 -8.46 1.54 22.12 2.42 45.407328 11.879852 0
5.55 -7.69 1.77 21.93 2.42 45.407328 11.879852 0
6.10 -7.78 2.14 22.28 2.42 45.407328 11.879852 0
6.49 -8.40 2.01 21.90 2.42 45.407328 11.879852 0
5.92 -8.13 1.97 22.14 2.42 45.407328 11.879852 0
6.01 -7.08 2.08 22.33 2.42 45.407328 11.879852 0
6.36 -7.22 1.88 22.29 2.42 45.407328 11.879852 0
6.13 -7.45 1.77 21.57 2.42 45.407328 11.879852 0
6.17 -7.76 1.85 21.63 2.42 45.407328 11.879852 0
6.44 -8.36 1.17 21.37 1.47 45.407326 11.879829 1
5.26 -7.98 1.54 22.05 1.47 45.407326 11.879829 0
5.43 -7.81 1.36 22.23 1.47 45.407326 11.879829 1
6.04 -7.62 1.55 21.99 1.47 45.407326 11.879829 0
6.15 -7.41 1.59 21.92 1.47 45.407326 11.879829 0
6.37 -8.29 1.28 22.14 1.47 45.407326 11.879829 0
5.90 -8.10 1.16 22.79 1.47 45.407326 11.879829 0
6.11 -7.11 1.39 21.88 1.47 45.407326 11.879829 0
6.58 -7.33 1.80 22.09 1.47 45.407326 11.879829 0
6.61 -8.05 1.75 21.93 1.47 45.407326 11.879829 0
6.44 -7.81 1.95 21.99 1.47 45.407326 11.879829 0
6.06 -8.16 2.12 22.09 1.47 45.407326 11.879829 0
5.73 -6.95 2.11 22.05 1.47 45.407326 11.879829 0
6.41 -8.40 2.45 22.11 1.47 45.407326 11.879829 0
6.08 -8.19 1.93 22.23 1.47 45.407326 11.879829 0
5.94 -7.54 1.92 21.97 1.47 45.407326 11.879829 0
5.70 -7.61 2.12 22.24 1.47 45.407326 11.879829 0
5.80 -7.85 1.84 21.61 1.47 45.407326 11.879829 0
6.46 -8.30 2.12 21.32 2.96 45.407328 11.879794 1
5.96 -8.68 2.14 21.68 2.96 45.407328 11.879794 0
5.82 -7.61 1.54 21.66 2.96 45.407328 11.879794 1
5.73 -6.95 1.64 22.26 2.96 45.407328 11.879794 0
6.64 -6.79 1.54 21.93 2.96 45.407328 11.879794 0
6.98 -7.36 1.58 21.83 2.96 45.407328 11.879794 0
6.84 -8.34 1.24 21.90 2.96 45.407328 11.879794 0
6.22 -7.59 1.64 22.23 2.96 45.407328 11.879794 0
5.97 -7.29 1.37 22.23 2.96 45.407328 11.879794 0
6.17 -7.85 1.51 21.93 2.96 45.407328 11.879794 0
5.78 -8.03 2.03 22.36 2.96 45.407328 11.879794 0
5.81 -7.64 2.24 22.24 2.96 45.407328 11.879794 0
5.80 -7.96 1.67 21.93 2.96 45.407328 11.879794 0
5.59 -8.19 1.77 21.78 2.96 45.407328 11.879794 0
5.88 -8.34 2.01 21.73 2.96 45.407328 11.879794 0
6.26 -6.93 2.26 21.52 2.96 45.407328 11.879794 0
6.57 -7.61 2.25 21.92 2.96 45.407328 11.879794 0
6.05 -6.72 2.12 22.00 3.71 45.407327 11.879750 1
6.35 -7.21 1.82 22.07 3.71 45.407327 11.879750 0
5.92 -8.17 1.69 22.07 3.71 45.407327 11.879750 1
5.05 -8.18 2.00 22.35 3.71 45.407327 11.879750 0
5.84 -7.82 2.34 21.92 3.71 45.407327 11.879750 0
6.55 -7.77 1.41 21.88 3.71 45.407327 11.879750 0
5.71 -7.48 1.60 22.33 3.71 45.407327 11.879750 0
5.64 -8.23 1.44 22.40 3.71 45.407327 11.879750 0
5.97 -7.24 1.56 22.17 3.71 45.407327 11.879750 0
6.10 -8.10 1.63 21.57 3.71 45.407327 11.879750 0
6.22 -8.17 1.42 21.90 3.71 45.407327 11.879750 0
5.64 -7.56 1.45 21.85 3.71 45.407327 11.879750 0
5.40 -7.64 1.54 21.80 3.71 45.407327 11.879750 0
5.68 -7.76 1.53 21.68 3.71 45.407327 11.879750 0
5.97 -7.51 1.30 21.68 3.71 45.407327 11.879750 0
5.42 -8.06 1.50 21.57 3.71 45.407327 11.879750 0
5.30 -7.92 1.53 22.17 3.71 45.407327 11.879750 0
5.60 -6.80 1.40 21.78 3.71 45.407327 11.879750 0
5.98 -9.50 1.63 21.13 3.54 45.407329 11.879708 1
6.58 -8.58 1.65 21.25 3.54 45.407329 11.879708 0
6.77 -7.91 2.32 24.16 3.54 45.407329 11.879708 1
5.31 -7.91 2.26 24.34 3.54 45.407329 11.879708 0
4.56 -2.90 1.10 21.71 3.54 45.407329 11.879708 0
3.71 -5.43 1.05 21.92 3.54 45.407329 11.879708 0
6.23 -11.63 1.46 23.00 3.54 45.407329 11.879708 0
6.65 -9.42 3.98 21.85 3.54 45.407329 11.879708 0
6.74 -5.75 -0.31 22.66 3.54 45.407329 11.879708 0
7.64 -9.13 1.40 22.96 3.54 45.407329 11.879708 0
3.92 -6.90 1.84 22.19 3.54 45.407329 11.879708 0
6.36 -10.24 1.25 21.90 3.54 45.407329 11.879708 0
6.71 -9.63 0.84 22.71 3.54 45.407329 11.879708 0
5.55 -9.79 2.48 21.81 3.54 45.407329 11.879708 0
6.20 -5.51 1.53 30.03 3.54 45.407329 11.879708 0
8.12 -8.26 2.26 22.50 3.54 45.407329 11.879708 0
5.59 -6.85 -0.69 21.69 3.54 45.407329 11.879708 0
6.50 -7.60 0.97 23.41 3.46 45.407326 11.879666 1
6.74 -10.40 1.21 22.42 3.46 45.407326 11.879666 0
5.49 -9.35 1.49 22.96 3.46 45.407326 11.879666 1
6.06 -9.04 1.52 22.14 3.46 45.407326 11.879666 0
5.23 -9.03 3.15 23.63 3.46 45.407326 11.879666 0
7.91 -9.04 1.46 22.07 3.46 45.407326 11.879666 0
3.48 -5.95 0.37 23.14 3.46 45.407326 11.879666 0
5.59 -8.10 1.71 23.56 3.46 45.407326 11.879666 0
4.37 -7.12 2.26 22.83 3.46 45.407326 11.879666 0
4.68 -7.09 0.67 22.40 3.46 45.407326 11.879666 0
4.38 -7.55 1.00 22.71 3.46 45.407326 11.879666 0
6.62 -12.19 3.72 21.85 3.46 45.407326 11.879666 0
2.56 -3.98 2.36 22.98 3.46 45.407326 11.879666 0
3.99 -8.66 1.86 23.05 3.46 45.407326 11.879666 0
5.19 -9.26 1.49 22.83 3.46 45.407326 11.879666 0
5.36 -7.23 2.67 21.81 3.46 45.407326 11.879666 0
4.94 -11.88 0.44 22.24 3.46 45.407326 11.879666 0
4.34 -4.77 0.66 23.70 3.46 45.407326 11.879666 0
6.85 -8.21 2.24 22.52 3.45 45.407328 11.879622 1
3.48 -9.51 1.12 21.93 3.45 45.407328 11.879622 0
6.86 -5.43 0.14 23.14 3.45 45.407328 11.879622 1
8.24 -9.63 3.29 23.70 3.45 45.407328 11.879622 0
7.56 -10.20 1.12 22.54 3.45 45.407328 11.879622 0
4.16 -6.94 1.95 23.62 3.45 45.407328 11.879622 0
5.58 -9.59 4.10 22.66 3.45 45.407328 11.879622 0
6.41 -8.25 2.41 23.38 3.45 45.407328 11.879622 0
6.06 -9.85 3.05 22.31 3.45 45.407328 11.879622 0
4.97 -7.79 2.11 22.76 3.45 45.407328 11.879622 0
5.00 -6.67 3.04 25.16 3.45 45.407328 11.879622 0
5.49 -10.61 3.35 25.31 3.45 45.407328 11.879622 0
6.43 -7.36 2.50 22.09 3.45 45.407328 11.879622 0
4.78 -9.19 2.18 22.16 3.45 45.407328 11.879622 0
6.15 -9.59 1.51 22.50 3.45 45.407328 11.879622 0
6.21 -7.64 1.40 22.36 3.45 45.407328 11.879622 0
5.99 -9.49 2.67 25.00 3.45 45.407328 11.879622 0
5.41 -8.52 2.18 22.45 3.99 45.407340 11.879573 1
4.13 -7.57 4.34 21.23 3.99 45.407340 11.879573 0
6.37 -8.00 1.43 22.88 3.99 45.407340 11.879573 1
4.99 -10.82 1.67 22.35 3.99 45.407340 11.879573 0
5.49 -5.03 2.54 22.60 3.99 45.407340 11.879573 0
8.01 -7.10 1.67 23.77 3.99 45.407340 11.879573 0
5.43 -5.01 0.97 22.14 3.99 45.407340 11.879573 0
4.64 -8.79 3.33 22.91 3.99 45.407340 11.879573 0
3.82 -6.43 2.23 23.44 3.99 45.407340 11.879573 0
7.90 -7.88 1.58 22.74 3.99 45.407340 11.879573 0
4.34 -8.32 1.44 26.38 3.99 45.407340 11.879573 0
5.85 -6.83 -1.40 22.31 3.99 45.407340 11.879573 0
7.08 -8.15 0.44 22.93 3.99 45.407340 11.879573 0
5.07 -9.01 2.33 22.86 3.99 45.407340 11.879573 0
3.52 -5.00 0.21 22.54 3.99 45.407340 11.879573 0
2.90 -7.67 0.36 22.86 3.99 45.407340 11.879573 0
6.42 -8.21 1.74 24.95 3.99 45.407340 11.879573 0
3.77 -7.11 2.50 21.18 3.89 45.407347 11.879518 1
5.24 -9.66 0.74 24.23 3.89 45.407347 11.879518 0
5.91 -6.27 1.67 22.81 3.89 45.407347 11.879518 1
4.86 -4.77 1.62 23.38 3.89 45.407347 11.879518 0
5.33 -6.73 1.97 23.38 3.89 45.407347 11.879518 0
3.97 -5.68 1.92 49.84 3.89 45.407347 11.879518 0
3.59 -8.82 0.50 21.32 3.89 45.407347 11.879518 0
6.10 -8.48 1.23 22.96 3.89 45.407347 11.879518 0
4.52 -7.44 1.99 25.30 3.89 45.407347 11.879518 0
6.22 -7.29 1.65 23.79 3.89 45.407347 11.879518 0
5.88 -8.80 0.64 21.81 3.89 45.407347 11.879518 0
6.55 -7.94 2.29 23.27 3.89 45.407347 11.879518 0
4.15 -8.58 1.91 22.47 3.89 45.407347 11.879518 0
4.86 -6.84 2.55 22.35 3.89 45.407347 11.879518 0
6.48 -9.38 0.77 23.82 3.89 45.407347 11.879518 0
6.99 -8.65 0.26 22.19 3.89 45.407347 11.879518 0
5.75 -7.62 1.45 23.20 3.89 45.407347 11.879518 0
4.78 -6.67 2.81 22.40 3.89 45.407347 11.879518 0
4.42 -7.23 1.66 22.57 2.84 45.407363 11.879473 1
5.88 -8.03 1.03 22.29 2.84 45.407363 11.879473 0
5.98 -8.19 2.55 22.45 2.84 45.407363 11.879473 1
2.57 -7.73 2.39 21.83 2.84 45.407363 11.879473 0
4.72 -8.01 0.66 23.56 2.84 45.407363 11.879473 0
