7.00 -7.03 1.38 21.57 0.60 45.407377 11.879907 0
6.73 -7.30 1.69 21.54 0.60 45.407377 11.879907 0
6.23 -7.64 1.17 21.90 0.60 45.407377 11.879907 0
5.99 -7.98 1.42 21.56 0.60 45.407377 11.879907 0
6.13 -7.90 1.19 21.66 0.60 45.407377 11.879907 0
5.82 -7.80 1.79 22.16 0.60 45.407377 11.879907 0
5.70 -7.61 2.27 22.16 0.60 45.407377 11.879907 0
5.97 -7.55 2.30 22.16 1.31 45.407376 11.879897 1
5.95 -7.71 2.01 22.07 1.31 45.407376 11.879897 0
5.77 -7.99 1.84 22.05 1.31 45.407376 11.879897 1
6.40 -7.76 1.82 21.87 1.31 45.407376 11.879897 0
6.57 -7.62 2.09 22.00 1.31 45.407376 11.879897 0
6.28 -7.22 2.25 21.59 1.31 45.407376 11.879897 0
5.99 -7.70 1.79 21.49 1.31 45.407376 11.879897 0
5.48 -8.01 1.87 21.92 1.31 45.407376 11.879897 0
5.95 -7.97 1.64 21.56 1.31 45.407376 11.879897 0
6.60 -7.44 2.17 21.54 1.31 45.407376 11.879897 0
6.95 -7.21 1.96 21.97 1.31 45.407376 11.879897 0
6.45 -7.46 1.98 21.61 1.31 45.407376 11.879897 0
5.97 -7.54 1.91 22.21 1.31 45.407376 11.879897 0
6.40 -7.58 1.83 22.26 1.31 45.407376 11.879897 0
6.27 -7.42 1.87 22.28 1.31 45.407376 11.879897 0
6.27 -7.46 1.90 22.31 1.31 45.407376 11.879897 0
5.95 -7.71 2.23 21.52 1.31 45.407376 11.879897 0
6.22 -7.50 1.72 21.33 1.78 45.407378 11.879879 1
6.31 -7.80 1.79 21.35 1.78 45.407378 11.879879 0
6.01 -8.05 1.62 21.44 1.78 45.407378 11.879879 1
5.57 -8.13 1.97 21.78 1.78 45.407378 11.879879 0
5.59 -7.75 2.30 21.90 1.78 45.407378 11.879879 0
5.98 -7.32 2.10 21.80 1.78 45.407378 11.879879 0
6.09 -7.97 1.48 21.85 1.78 45.407378 11.879879 0
5.91 -8.02 1.54 21.92 1.78 45.407378 11.879879 0
5.92 -7.95 1.56 22.11 1.78 45.407378 11.879879 0
5.98 -7.47 2.02 22.36 1.78 45.407378 11.879879 0
6.20 -7.56 1.97 21.90 1.78 45.407378 11.879879 0
6.17 -7.67 1.40 22.26 1.78 45.407378 11.879879 0
6.25 -7.06 1.53 21.69 1.78 45.407378 11.879879 0
6.34 -7.71 1.44 21.52 1.78 45.407378 11.879879 0
6.20 -8.32 1.39 21.57 1.78 45.407378 11.879879 0
6.17 -7.77 1.42 21.64 1.78 45.407378 11.879879 0
6.39 -7.38 2.18 21.95 1.78 45.407378 11.879879 0
5.65 -7.37 2.30 22.00 1.78 45.407378 11.879879 0
5.42 -8.47 1.41 22.00 1.96 45.407376 11.879854 1
5.12 -8.59 1.40 22.16 1.96 45.407376 11.879854 0
5.69 -7.46 1.70 22.02 1.96 45.407376 11.879854 1
6.26 -7.16 1.99 21.80 1.96 45.407376 11.879854 0
6.17 -8.14 1.96 21.45 1.96 45.407376 11.879854 0
5.73 -8.50 1.28 22.09 1.96 45.407376 11.879854 0
5.71 -7.84 1.36 22.12 1.96 45.407376 11.879854 0
5.85 -7.11 1.95 22.31 1.96 45.407376 11.879854 0
6.00 -7.46 1.92 22.05 1.96 45.407376 11.879854 0
6.13 -8.19 1.88 21.87 1.96 45.407376 11.879854 0
6.19 -8.12 1.81 21.87 1.96 45.407376 11.879854 0
5.93 -7.50 2.03 21.52 1.96 45.407376 11.879854 0
5.81 -7.71 2.37 22.00 1.96 45.407376 11.879854 0
5.56 -7.92 2.12 21.95 1.96 45.407376 11.879854 0
5.70 -8.16 1.97 21.51 1.96 45.407376 11.879854 0
6.13 -8.23 1.46 22.07 1.96 45.407376 11.879854 0
5.80 -7.64 2.45 21.71 1.96 45.407376 11.879854 0
5.87 -7.81 2.18 22.57 2.38 45.407380 11.879824 1
5.52 -7.78 2.08 22.17 2.38 45.407380 11.879824 0
5.70 -7.67 1.64 21.73 2.38 45.407380 11.879824 1
5.98 -7.85 1.75 21.95 2.38 45.407380 11.879824 0
5.88 -8.44 1.65 21.20 2.38 45.407380 11.879824 0
5.85 -8.83 1.46 21.85 2.38 45.407380 11.879824 0
5.85 -7.65 1.55 22.07 2.38 45.407380 11.879824 0
6.21 -7.07 1.62 22.26 2.38 45.407380 11.879824 0
6.16 -7.13 1.28 22.16 2.38 45.407380 11.879824 0
6.45 -8.08 1.62 21.69 2.38 45.407380 11.879824 0
5.98 -8.34 2.01 22.28 2.38 45.407380 11.879824 0
5.80 -7.95 1.60 22.05 2.38 45.407380 11.879824 0
5.60 -7.35 1.83 22.21 2.38 45.407380 11.879824 0
5.92 -7.74 1.47 22.16 2.38 45.407380 11.879824 0
5.61 -8.13 1.52 21.80 2.38 45.407380 11.879824 0
6.06 -8.40 1.99 21.59 2.38 45.407380 11.879824 0
5.83 -8.63 1.88 21.69 2.38 45.407380 11.879824 0
5.85 -8.10 1.92 22.12 2.38 45.407380 11.879824 0
5.63 -7.37 1.74 22.40 2.73 45.407374 11.879789 1
5.50 -7.35 1.87 21.87 2.73 45.407374 11.879789 0
6.08 -7.60 2.04 22.05 2.73 45.407374 11.879789 1
6.35 -7.98 1.69 21.30 2.73 45.407374 11.879789 0
5.99 -8.51 1.89 21.75 2.73 45.407374 11.879789 0
5.70 -8.09 1.64 21.64 2.73 45.407374 11.879789 0
5.77 -7.93 1.73 22.16 2.73 45.407374 11.879789 0
5.77 -7.55 1.80 22.07 2.73 45.407374 11.879789 0
6.59 -7.69 2.54 22.11 2.73 45.407374 11.879789 0
6.14 -7.76 2.22 21.90 2.73 45.407374 11.879789 0
5.71 -8.21 2.04 22.52 2.73 45.407374 11.879789 0
5.37 -7.59 1.82 22.47 2.73 45.407374 11.879789 0
5.46 -7.84 1.77 22.48 2.73 45.407374 11.879789 0
6.01 -8.17 2.09 21.78 2.73 45.407374 11.879789 0
5.96 -8.45 1.93 21.75 2.73 45.407374 11.879789 0
5.61 -8.15 1.88 21.75 2.73 45.407374 11.879789 0
5.40 -7.80 1.75 21.90 2.73 45.407374 11.879789 0
5.65 -7.81 1.58 21.81 2.99 45.407367 11.879751 1
5.87 -7.67 1.66 21.73 2.99 45.407367 11.879751 0
6.35 -7.62 2.09 21.44 2.99 45.407367 11.879751 1
5.95 -7.51 2.01 22.00 2.99 45.407367 11.879751 0
5.88 -8.02 1.92 21.59 2.99 45.407367 11.879751 0
6.07 -7.52 1.66 21.85 2.99 45.407367 11.879751 0
5.82 -7.39 1.54 22.04 2.99 45.407367 11.879751 0
6.08 -7.70 1.61 21.90 2.99 45.407367 11.879751 0
6.29 -8.30 1.80 21.40 2.99 45.407367 11.879751 0
5.78 -8.66 2.08 21.59 2.99 45.407367 11.879751 0
5.37 -7.70 1.82 22.02 2.99 45.407367 11.879751 0
5.75 -7.87 1.44 22.11 2.99 45.407367 11.879751 0
5.94 -7.37 1.55 21.95 2.99 45.407367 11.879751 0
5.95 -7.52 1.69 22.11 2.99 45.407367 11.879751 0
5.88 -8.18 1.74 21.95 2.99 45.407367 11.879751 0
5.83 -8.23 1.94 21.56 2.99 45.407367 11.879751 0
5.99 -7.76 1.31 21.85 2.99 45.407367 11.879751 0
5.95 -7.43 1.45 21.85 3.18 45.407363 11.879714 1
5.60 -7.61 1.49 21.71 3.18 45.407363 11.879714 0
5.68 -8.18 1.83 21.64 3.18 45.407363 11.879714 1
5.89 -7.82 1.56 21.51 3.18 45.407363 11.879714 0
6.05 -7.52 1.39 21.59 3.18 45.407363 11.879714 0
5.71 -7.93 1.35 21.66 3.18 45.407363 11.879714 0
5.35 -7.43 1.65 22.00 3.18 45.407363 11.879714 0
6.27 -7.98 1.86 22.66 3.18 45.407363 11.879714 0
5.11 -7.35 1.92 21.85 3.18 45.407363 11.879714 0
6.31 -7.48 1.38 21.66 3.18 45.407363 11.879714 0
6.37 -9.17 1.95 21.95 3.18 45.407363 11.879714 0
5.25 -8.03 1.99 21.75 3.18 45.407363 11.879714 0
6.55 -8.30 1.46 23.41 3.18 45.407363 11.879714 0
5.34 -6.87 1.52 23.63 3.18 45.407363 11.879714 0
6.09 -7.42 1.24 23.27 3.18 45.407363 11.879714 0
8.39 -5.95 1.86 22.16 3.18 45.407363 11.879714 0
5.32 -8.33 2.54 20.84 3.18 45.407363 11.879714 0
6.51 -10.69 1.95 24.13 3.18 45.407363 11.879714 0
4.79 -9.42 2.70 23.17 2.96 45.407363 11.879678 1
6.42 -6.27 0.73 22.52 2.96 45.407363 11.879678 0
7.50 -5.64 1.41 22.23 2.96 45.407363 11.879678 1
5.87 -7.49 1.12 22.86 2.96 45.407363 11.879678 0
3.20 -7.69 2.11 21.59 2.96 45.407363 11.879678 0
5.82 -8.94 2.43 21.95 2.96 45.407363 11.879678 0
6.86 -9.39 -1.46 22.05 2.96 45.407363 11.879678 0
5.13 -8.23 1.52 23.03 2.96 45.407363 11.879678 0
6.40 -7.95 1.43 21.40 2.96 45.407363 11.879678 0
4.27 -7.20 2.92 24.92 2.96 45.407363 11.879678 0
6.83 -7.10 1.37 22.47 2.96 45.407363 11.879678 0
3.49 -4.70 0.23 22.98 2.96 45.407363 11.879678 0
6.28 -7.69 0.41 22.62 2.96 45.407363 11.879678 0
6.31 -6.76 1.64 22.78 2.96 45.407363 11.879678 0
5.94 -8.76 0.95 23.39 2.96 45.407363 11.879678 0
5.20 -9.41 1.62 22.21 2.96 45.407363 11.879678 0
6.28 -8.29 1.49 22.16 2.96 45.407363 11.879678 0
7.23 -6.05 1.22 22.00 3.04 45.407362 11.879639 1
2.56 -6.73 1.27 23.43 3.04 45.407362 11.879639 0
6.33 -8.58 2.19 22.05 3.04 45.407362 11.879639 1
5.63 -7.19 1.86 22.05 3.04 45.407362 11.879639 0
6.62 -10.02 1.33 21.18 3.04 45.407362 11.879639 0
5.58 -6.94 1.30 22.72 3.04 45.407362 11.879639 0
4.68 -7.92 1.78 21.80 3.04 45.407362 11.879639 0
5.77 -8.61 1.45 21.06 3.04 45.407362 11.879639 0
7.93 -9.07 -0.41 21.27 3.04 45.407362 11.879639 0
6.25 -9.64 6.20 22.05 3.04 45.407362 11.879639 0
6.92 -7.67 0.99 21.69 3.04 45.407362 11.879639 0
5.92 -7.86 1.82 22.42 3.04 45.407362 11.879639 0
4.89 -3.50 -0.18 24.01 3.04 45.407362 11.879639 0
6.73 -7.61 0.99 23.99 3.04 45.407362 11.879639 0
4.62 -8.27 1.18 23.38 3.04 45.407362 11.879639 0
6.89 -9.40 2.35 21.64 3.04 45.407362 11.879639 0
6.76 -9.08 1.59 22.26 3.04 45.407362 11.879639 0
4.63 -5.72 1.59 22.57 3.04 45.407362 11.879639 0
6.42 -9.90 1.79 22.40 3.19 45.407368 11.879602 1
5.03 -4.78 1.62 22.16 3.19 45.407368 11.879602 0
7.54 -5.88 1.10 21.85 3.19 45.407368 11.879602 1
6.87 -9.84 1.45 21.87 3.19 45.407368 11.879602 0
6.19 -9.29 -0.11 22.09 3.19 45.407368 11.879602 0
5.09 -5.24 2.04 22.42 3.19 45.407368 11.879602 0
6.04 -8.63 2.43 23.27 3.19 45.407368 11.879602 0
5.93 -8.82 2.05 22.33 3.19 45.407368 11.879602 0
4.88 -7.87 2.00 22.16 3.19 45.407368 11.879602 0
6.64 -7.82 0.99 23.17 3.19 45.407368 11.879602 0
6.34 -8.56 3.01 24.39 3.19 45.407368 11.879602 0
5.08 -9.93 0.14 22.64 3.19 45.407368 11.879602 0
4.62 -8.01 1.21 23.26 3.19 45.407368 11.879602 0
3.66 -5.03 3.15 28.67 3.19 45.407368 11.879602 0
6.95 -8.98 3.35 21.80 3.19 45.407368 11.879602 0
6.32 -8.34 3.06 21.45 3.19 45.407368 11.879602 0
6.97 -8.54 1.72 21.76 3.19 45.407368 11.879602 0
5.53 -7.74 4.15 22.71 3.06 45.407366 11.879563 1
5.29 -8.58 2.64 22.52 3.06 45.407366 11.879563 0
4.64 -5.03 1.48 21.66 3.06 45.407366 11.879563 1
7.11 -8.93 0.94 20.99 3.06 45.407366 11.879563 0
6.14 -9.87 2.93 21.49 3.06 45.407366 11.879563 0
5.89 -6.35 2.61 26.31 3.06 45.407366 11.879563 0
5.47 -6.90 1.07 23.24 3.06 45.407366 11.879563 0
5.51 -4.78 1.53 24.39 3.06 45.407366 11.879563 0
7.64 -9.90 0.94 22.38 3.06 45.407366 11.879563 0
5.86 -6.39 2.05 23.74 3.06 45.407366 11.879563 0
4.58 -11.78 4.14 26.53 3.06 45.407366 11.879563 0
4.32 -5.92 3.88 22.81 3.06 45.407366 11.879563 0
5.17 -7.22 1.71 22.98 3.06 45.407366 11.879563 0
6.53 -9.09 2.71 23.27 3.06 45.407366 11.879563 0
5.55 -7.40 1.81 23.12 3.06 45.407366 11.879563 0
5.20 -6.09 3.13 23.92 3.06 45.407366 11.879563 0
5.18 -6.27 3.80 22.83 3.06 45.407366 11.879563 0
4.97 -7.41 2.11 21.83 3.23 45.407370 11.879526 1
4.90 -6.94 5.32 22.42 3.23 45.407370 11.879526 0
4.86 -9.90 0.65 21.18 3.23 45.407370 11.879526 1
5.67 -5.31 1.81 22.36 3.23 45.407370 11.879526 0
6.93 -8.39 1.79 22.00 3.23 45.407370 11.879526 0
4.97 -5.02 2.89 23.20 3.23 45.407370 11.879526 0
5.43 -8.29 1.88 22.00 3.23 45.407370 11.879526 0
4.69 -8.85 0.26 21.40 3.23 45.407370 11.879526 0
9.42 -9.71 -2.04 22.71 3.23 45.407370 11.879526 0
5.63 -6.57 1.92 23.53 3.23 45.407370 11.879526 0
4.22 -7.65 3.19 22.98 3.23 45.407370 11.879526 0
4.93 -4.82 1.99 22.98 3.23 45.407370 11.879526 0
5.94 -8.52 3.01 23.68 3.23 45.407370 11.879526 0
6.83 -7.66 0.83 22.71 3.23 45.407370 11.879526 0
6.44 -9.11 0.85 22.79 3.23 45.407370 11.879526 0
5.52 -9.14 1.68 22.23 3.23 45.407370 11.879526 0
5.28 -7.08 0.72 21.80 3.23 45.407370 11.879526 0
5.78 -10.48 3.10 21.88 3.23 45.407370 11.879526 0
5.24 -5.37 0.50 22.88 3.76 45.407368 11.879476 1
6.38 -9.11 0.44 22.11 3.76 45.407368 11.879476 0
5.54 -6.66 0.35 22.76 3.76 45.407368 11.879476 1
6.73 -8.32 2.52 22.57 3.76 45.407368 11.879476 0
4.15 -4.94 0.87 22.84 3.76 45.407368 11.879476 0
4.38 -8.11 1.61 21.92 3.76 45.407368 11.879476 0
5.92 -5.26 1.55 22.16 3.76 45.407368 11.879476 0
4.58 -11.83 3.87 24.46 3.76 45.407368 11.879476 0
5.94 -8.62 1.65 22.50 3.76 45.407368 11.879476 0
5.94 -7.69 1.89 23.46 3.76 45.407368 11.879476 0
6.60 -8.39 2.16 23.39 3.76 45.407368 11.879476 0
5.83 -7.64 1.05 22.62 3.76 45.407368 11.879476 0
5.92 -7.31 1.74 23.08 3.76 45.407368 11.879476 0
6.52 -9.74 3.83 22.36 3.76 45.407368 11.879476 0
4.38 -7.37 2.92 21.35 3.76 45.407368 11.879476 0
7.06 -9.90 1.18 21.90 3.76 45.407368 11.879476 0
