6.68 -7.13 1.88 22.17 0.76 45.407382 11.879926 0
6.48 -7.46 1.92 21.80 0.76 45.407382 11.879926 0
6.37 -7.72 2.09 22.31 0.76 45.407382 11.879926 0
6.10 -7.63 1.99 21.54 0.76 45.407382 11.879926 0
6.09 -7.31 1.98 22.42 0.76 45.407382 11.879926 0
6.37 -7.22 2.14 21.90 0.76 45.407382 11.879926 0
6.42 -7.57 2.02 21.80 0.76 45.407382 11.879926 0
6.14 -7.58 1.96 22.16 0.86 45.407388 11.879915 1
5.99 -7.39 2.34 21.68 0.86 45.407388 11.879915 0
6.34 -7.62 2.33 21.52 0.86 45.407388 11.879915 1
6.41 -7.45 2.03 21.11 0.86 45.407388 11.879915 0
6.34 -7.41 2.13 21.08 0.86 45.407388 11.879915 0
6.13 -7.66 1.62 21.51 0.86 45.407388 11.879915 0
6.47 -7.35 1.75 21.59 0.86 45.407388 11.879915 0
6.29 -7.54 1.45 22.29 0.86 45.407388 11.879915 0
6.16 -7.72 1.60 22.83 0.86 45.407388 11.879915 0
5.82 -7.80 1.65 22.62 0.86 45.407388 11.879915 0
5.80 -7.47 1.72 22.47 0.86 45.407388 11.879915 0
6.04 -7.47 1.79 22.71 0.86 45.407388 11.879915 0
5.96 -8.01 1.65 22.96 0.86 45.407388 11.879915 0
5.75 -7.98 1.73 22.43 0.86 45.407388 11.879915 0
5.80 -8.43 1.62 24.08 0.86 45.407388 11.879915 0
5.66 -8.34 1.53 22.31 0.86 45.407388 11.879915 0
5.86 -7.99 1.74 22.62 0.86 45.407388 11.879915 0
5.91 -7.78 1.51 23.08 0.86 45.407388 11.879915 0
6.08 -7.79 1.76 22.57 1.82 45.407381 11.879892 1
6.13 -7.43 1.75 22.43 1.82 45.407381 11.879892 0
6.76 -8.05 1.11 21.90 1.82 45.407381 11.879892 1
6.03 -8.76 1.92 21.49 1.82 45.407381 11.879892 0
6.03 -8.11 1.13 21.66 1.82 45.407381 11.879892 0
6.06 -7.69 1.58 21.64 1.82 45.407381 11.879892 0
5.79 -7.68 1.66 21.25 1.82 45.407381 11.879892 0
6.03 -7.82 1.84 21.69 1.82 45.407381 11.879892 0
6.12 -7.43 2.58 21.80 1.82 45.407381 11.879892 0
6.37 -7.50 2.42 21.64 1.82 45.407381 11.879892 0
6.09 -7.64 2.30 22.21 1.82 45.407381 11.879892 0
6.04 -7.28 2.26 22.47 1.82 45.407381 11.879892 0
6.15 -7.20 2.32 21.95 1.82 45.407381 11.879892 0
6.17 -7.40 2.47 22.17 1.82 45.407381 11.879892 0
5.99 -7.72 2.18 22.00 1.82 45.407381 11.879892 0
6.12 -7.72 2.50 21.90 1.82 45.407381 11.879892 0
6.10 -8.20 2.06 21.39 1.82 45.407381 11.879892 0
5.93 -8.20 2.14 21.44 2.36 45.407372 11.879869 1
5.75 -7.77 2.39 22.55 2.36 45.407372 11.879869 0
5.49 -7.82 2.27 21.90 2.36 45.407372 11.879869 1
6.00 -7.85 1.22 21.90 2.36 45.407372 11.879869 0
6.05 -8.04 1.20 21.90 2.36 45.407372 11.879869 0
6.03 -7.98 1.25 21.68 2.36 45.407372 11.879869 0
6.10 -7.86 1.79 21.56 2.36 45.407372 11.879869 0
5.34 -7.75 1.58 21.95 2.36 45.407372 11.879869 0
5.83 -7.77 1.43 22.36 2.36 45.407372 11.879869 0
6.05 -8.22 1.56 21.95 2.36 45.407372 11.879869 0
6.01 -8.06 1.65 22.69 2.36 45.407372 11.879869 0
6.01 -6.82 1.06 22.31 2.36 45.407372 11.879869 0
6.25 -7.34 1.74 22.35 2.36 45.407372 11.879869 0
5.78 -7.80 1.45 22.00 2.36 45.407372 11.879869 0
5.91 -8.17 1.81 22.42 2.36 45.407372 11.879869 0
5.86 -7.91 1.94 22.47 2.36 45.407372 11.879869 0
6.00 -7.47 1.86 21.97 2.36 45.407372 11.879869 0
6.22 -7.69 1.58 21.44 2.36 45.407372 11.879869 0
6.25 -8.47 1.50 21.78 1.68 45.407375 11.879848 1
5.86 -8.36 1.97 22.00 1.68 45.407375 11.879848 0
5.78 -8.08 1.93 22.23 1.68 45.407375 11.879848 1
5.65 -7.66 1.83 22.04 1.68 45.407375 11.879848 0
5.83 -7.75 1.68 21.44 1.68 45.407375 11.879848 0
6.15 -7.76 1.70 21.23 1.68 45.407375 11.879848 0
5.86 -8.21 1.90 21.76 1.68 45.407375 11.879848 0
5.60 -8.39 1.83 21.95 1.68 45.407375 11.879848 0
5.45 -8.20 1.90 21.69 1.68 45.407375 11.879848 0
5.67 -7.53 1.91 21.80 1.68 45.407375 11.879848 0
5.97 -7.64 1.76 22.00 1.68 45.407375 11.879848 0
6.24 -7.75 1.73 21.87 1.68 45.407375 11.879848 0
6.00 -8.02 1.82 21.97 1.68 45.407375 11.879848 0
5.88 -7.96 1.74 22.23 1.68 45.407375 11.879848 0
5.66 -8.03 1.76 22.05 1.68 45.407375 11.879848 0
5.82 -7.60 1.76 22.05 1.68 45.407375 11.879848 0
6.00 -7.36 1.75 22.60 1.68 45.407375 11.879848 0
6.03 -7.59 1.68 22.07 2.47 45.407364 11.879819 1
5.79 -8.40 1.79 21.88 2.47 45.407364 11.879819 0
5.76 -8.62 1.90 21.78 2.47 45.407364 11.879819 1
5.99 -7.56 1.96 22.00 2.47 45.407364 11.879819 0
6.06 -7.59 1.62 22.00 2.47 45.407364 11.879819 0
5.71 -7.80 1.63 22.00 2.47 45.407364 11.879819 0
5.81 -7.81 1.47 21.83 2.47 45.407364 11.879819 0
6.05 -8.18 1.51 22.11 2.47 45.407364 11.879819 0
5.94 -8.10 1.84 22.19 2.47 45.407364 11.879819 0
5.86 -7.87 1.99 22.28 2.47 45.407364 11.879819 0
5.69 -7.66 1.71 22.42 2.47 45.407364 11.879819 0
5.77 -7.85 1.73 22.52 2.47 45.407364 11.879819 0
5.80 -7.82 1.77 21.80 2.47 45.407364 11.879819 0
6.04 -7.88 1.97 21.90 2.47 45.407364 11.879819 0
5.83 -7.74 2.21 21.64 2.47 45.407364 11.879819 0
6.19 -8.47 2.00 21.54 2.47 45.407364 11.879819 0
5.69 -8.49 1.74 21.61 2.47 45.407364 11.879819 0
5.71 -7.89 1.76 22.09 1.75 45.407368 11.879795 1
5.74 -7.21 1.72 22.83 1.75 45.407368 11.879795 0
5.91 -7.44 1.54 22.40 1.75 45.407368 11.879795 1
6.09 -7.64 1.49 22.09 1.75 45.407368 11.879795 0
6.35 -7.69 1.32 21.44 1.75 45.407368 11.879795 0
6.07 -8.24 1.69 21.44 1.75 45.407368 11.879795 0
5.39 -8.33 1.65 22.00 1.75 45.407368 11.879795 0
5.43 -8.11 1.91 22.21 1.75 45.407368 11.879795 0
5.77 -7.92 1.63 22.17 1.75 45.407368 11.879795 0
5.91 -7.51 1.66 22.07 1.75 45.407368 11.879795 0
6.14 -7.64 1.68 22.02 1.75 45.407368 11.879795 0
6.07 -8.21 1.77 22.11 1.75 45.407368 11.879795 0
5.95 -8.03 1.95 22.35 1.75 45.407368 11.879795 0
5.85 -7.89 1.74 22.04 1.75 45.407368 11.879795 0
5.89 -7.47 2.03 22.42 1.75 45.407368 11.879795 0
5.94 -7.55 2.08 22.07 1.75 45.407368 11.879795 0
5.89 -7.76 2.01 21.69 1.75 45.407368 11.879795 0
6.12 -8.05 1.73 21.51 1.75 45.407368 11.879795 0
5.96 -8.28 1.55 21.42 1.95 45.407365 11.879771 1
5.72 -7.95 1.59 21.51 1.95 45.407365 11.879771 0
5.65 -7.67 2.11 21.83 1.95 45.407365 11.879771 1
5.69 -7.84 2.16 21.68 1.95 45.407365 11.879771 0
5.79 -7.78 2.01 21.30 1.95 45.407365 11.879771 0
5.96 -7.92 2.07 21.33 1.95 45.407365 11.879771 0
5.89 -7.98 1.81 21.85 1.95 45.407365 11.879771 0
5.50 -8.01 1.86 22.16 1.95 45.407365 11.879771 0
5.89 -7.84 2.09 22.31 1.95 45.407365 11.879771 0
5.52 -7.62 1.83 22.40 1.95 45.407365 11.879771 0
5.68 -7.68 1.87 22.55 1.95 45.407365 11.879771 0
5.99 -7.82 1.72 21.87 1.95 45.407365 11.879771 0
6.16 -7.97 1.70 21.81 1.95 45.407365 11.879771 0
6.22 -7.97 1.70 21.85 1.95 45.407365 11.879771 0
5.73 -8.00 1.79 22.16 1.95 45.407365 11.879771 0
5.61 -7.46 1.81 22.00 1.95 45.407365 11.879771 0
6.06 -8.00 1.47 21.88 1.95 45.407365 11.879771 0
6.16 -7.59 1.63 22.16 1.97 45.407362 11.879746 1
6.05 -7.46 1.45 22.00 1.97 45.407362 11.879746 0
5.99 -7.70 1.77 21.88 1.97 45.407362 11.879746 1
5.84 -8.39 1.39 21.64 1.97 45.407362 11.879746 0
5.69 -8.50 1.40 21.39 1.97 45.407362 11.879746 0
5.48 -7.80 1.61 21.76 1.97 45.407362 11.879746 0
5.59 -7.40 1.74 21.33 1.97 45.407362 11.879746 0
5.67 -7.99 1.79 21.80 1.97 45.407362 11.879746 0
5.90 -8.08 1.82 21.27 1.97 45.407362 11.879746 0
5.76 -7.99 1.94 21.21 1.97 45.407362 11.879746 0
5.53 -7.59 2.08 21.25 1.97 45.407362 11.879746 0
5.63 -7.77 1.98 21.40 1.97 45.407362 11.879746 0
5.88 -8.11 1.72 21.54 1.97 45.407362 11.879746 0
5.93 -7.79 1.80 22.16 1.97 45.407362 11.879746 0
5.71 -7.48 1.80 22.26 1.97 45.407362 11.879746 0
5.69 -7.69 1.81 21.75 1.97 45.407362 11.879746 0
5.50 -7.14 1.57 22.57 1.97 45.407362 11.879746 0
6.53 -9.22 1.80 21.09 1.97 45.407362 11.879746 0
6.05 -8.07 1.79 21.44 2.76 45.407355 11.879709 1
6.70 -7.73 2.16 22.62 2.76 45.407355 11.879709 0
5.71 -6.66 1.33 25.98 2.76 45.407355 11.879709 1
5.71 -8.81 2.07 22.81 2.76 45.407355 11.879709 0
4.31 -6.03 1.46 22.45 2.76 45.407355 11.879709 0
8.60 -9.86 -0.14 22.05 2.76 45.407355 11.879709 0
7.74 -7.91 2.83 23.58 2.76 45.407355 11.879709 0
4.62 -11.25 1.55 22.52 2.76 45.407355 11.879709 0
5.71 -6.87 1.67 23.02 2.76 45.407355 11.879709 0
4.57 -6.48 0.62 23.68 2.76 45.407355 11.879709 0
5.31 -7.68 2.35 23.63 2.76 45.407355 11.879709 0
4.79 -7.98 1.87 23.12 2.76 45.407355 11.879709 0
5.90 -8.92 2.83 22.00 2.76 45.407355 11.879709 0
4.62 -6.55 4.77 22.33 2.76 45.407355 11.879709 0
6.09 -6.84 2.15 21.61 2.76 45.407355 11.879709 0
5.59 -8.31 2.00 22.07 2.76 45.407355 11.879709 0
5.66 -8.78 1.58 22.66 2.76 45.407355 11.879709 0
5.39 -6.74 1.65 22.60 2.09 45.407344 11.879680 1
7.00 -7.12 1.90 27.01 2.09 45.407344 11.879680 0
6.31 -7.64 1.67 22.31 2.09 45.407344 11.879680 1
4.97 -9.07 2.27 22.23 2.09 45.407344 11.879680 0
4.70 -6.54 2.23 21.99 2.09 45.407344 11.879680 0
7.49 -6.54 3.00 22.66 2.09 45.407344 11.879680 0
4.15 -6.61 1.78 22.57 2.09 45.407344 11.879680 0
6.14 -8.12 1.41 22.45 2.09 45.407344 11.879680 0
4.86 -7.32 2.12 21.45 2.09 45.407344 11.879680 0
5.90 -7.57 1.47 22.78 2.09 45.407344 11.879680 0
5.35 -9.12 -0.30 21.59 2.09 45.407344 11.879680 0
5.84 -7.29 3.90 21.75 2.09 45.407344 11.879680 0
4.72 -6.33 0.69 23.87 2.09 45.407344 11.879680 0
6.71 -9.19 1.36 26.74 2.09 45.407344 11.879680 0
5.74 -9.21 2.40 21.71 2.09 45.407344 11.879680 0
5.92 -5.70 2.50 22.52 2.09 45.407344 11.879680 0
4.67 -8.60 0.92 22.24 2.09 45.407344 11.879680 0
5.56 -9.11 1.55 22.50 2.93 45.407339 11.879645 1
4.11 -5.07 2.41 21.83 2.93 45.407339 11.879645 0
7.43 -9.79 1.26 21.81 2.93 45.407339 11.879645 1
5.78 -6.61 1.47 22.07 2.93 45.407339 11.879645 0
5.65 -8.15 2.21 22.83 2.93 45.407339 11.879645 0
5.29 -8.85 2.86 24.56 2.93 45.407339 11.879645 0
4.95 -9.31 1.01 22.40 2.93 45.407339 11.879645 0
6.30 -4.75 2.17 26.19 2.93 45.407339 11.879645 0
5.93 -7.97 1.39 22.96 2.93 45.407339 11.879645 0
6.26 -6.57 0.28 21.93 2.93 45.407339 11.879645 0
6.47 -8.55 2.37 22.31 2.93 45.407339 11.879645 0
6.51 -8.62 2.30 21.71 2.93 45.407339 11.879645 0
5.91 -7.36 1.49 25.42 2.93 45.407339 11.879645 0
7.26 -8.89 0.23 22.86 2.93 45.407339 11.879645 0
5.01 -5.79 1.32 23.65 2.93 45.407339 11.879645 0
6.08 -7.36 2.55 24.75 2.93 45.407339 11.879645 0
7.94 -8.03 1.54 22.90 2.93 45.407339 11.879645 0
4.64 -10.29 0.38 22.88 2.93 45.407339 11.879645 0
5.46 -6.78 2.99 22.31 3.03 45.407330 11.879606 1
5.49 -8.43 1.58 21.49 3.03 45.407330 11.879606 0
7.61 -9.91 -0.09 24.42 3.03 45.407330 11.879606 1
4.49 -7.57 3.37 22.12 3.03 45.407330 11.879606 0
3.91 -12.26 5.86 22.54 3.03 45.407330 11.879606 0
5.44 -5.67 3.50 22.84 3.03 45.407330 11.879606 0
4.16 -8.73 7.17 23.07 3.03 45.407330 11.879606 0
5.15 -8.39 0.66 21.61 3.03 45.407330 11.879606 0
5.28 -7.57 2.81 22.05 3.03 45.407330 11.879606 0
5.29 -6.41 1.53 22.24 3.03 45.407330 11.879606 0
6.75 -9.76 0.59 21.80 3.03 45.407330 11.879606 0
6.54 -7.62 4.01 24.54 3.03 45.407330 11.879606 0
5.55 -8.05 1.47 23.08 3.03 45.407330 11.879606 0
5.48 -7.11 1.89 22.72 3.03 45.407330 11.879606 0
5.06 -10.31 2.29 26.67 3.03 45.407330 11.879606 0
5.23 -5.31 0.79 23.36 3.03 45.407330 11.879606 0
4.89 -8.04 1.83 23.24 3.03 45.407330 11.879606 0
6.41 -7.44 1.23 21.59 2.64 45.407330 11.879567 1
4.85 -9.62 -0.59 22.47 2.64 45.407330 11.879567 0
7.88 -4.70 0.22 23.19 2.64 45.407330 11.879567 1
7.53 -7.27 -0.92 23.68 2.64 45.407330 11.879567 0
6.00 -8.27 1.82 23.17 2.64 45.407330 11.879567 0
6.85 -7.95 -0.80 23.75 2.64 45.407330 11.879567 0
5.71 -7.96 1.50 23.56 2.64 45.407330 11.879567 0
5.98 -7.42 0.23 23.41 2.64 45.407330 11.879567 0
4.37 -7.12 2.11 24.85 2.64 45.407330 11.879567 0
6.30 -10.75 1.00 21.13 2.64 45.407330 11.879567 0
5.85 -7.02 2.14 21.54 2.64 45.407330 11.879567 0
5.61 -9.03 0.44 22.81 2.64 45.407330 11.879567 0
6.89 -7.01 1.03 22.50 2.64 45.407330 11.879567 0
4.87 -9.46 2.53 25.00 2.64 45.407330 11.879567 0
5.35 -7.83 1.29 25.81 2.64 45.407330 11.879567 0
6.63 -7.45 1.85 48.47 2.64 45.407330 11.879567 0
6.16 -9.16 2.09 23.65 2.64 45.407330 11.879567 0
6.25 -7.83 3.08 21.88 2.73 45.407335 11.879533 1
4.97 -9.56 2.79 22.91 2.73 45.407335 11.879533 0
6.90 -10.01 0.95 24.08 2.73 45.407335 11.879533 0
6.17 -5.84 1.42 21.47 2.73 45.407335 11.879533 1
5.37 -8.11 2.18 24.06 2.73 45.407335 11.879533 0
4.06 -7.53 1.70 24.06 2.73 45.407335 11.879533 0
6.21 -10.36 3.15 22.96 2.73 45.407335 11.879533 0
5.16 -7.56 4.13 22.24 2.73 45.407335 11.879533 0
7.01 -7.44 0.84 21.80 2.73 45.407335 11.879533 0
5.00 -8.68 2.26 23.19 2.73 45.407335 11.879533 0
6.84 -10.43 0.97 23.98 2.73 45.407335 11.879533 0
5.09 -7.47 1.59 21.85 2.73 45.407335 11.879533 0
6.37 -9.65 1.52 22.09 2.73 45.407335 11.879533 0
5.18 -6.21 1.01 22.50 2.73 45.407335 11.879533 0
7.50 -7.05 2.12 22.83 2.73 45.407335 11.879533 0
4.91 -5.38 1.12 22.96 2.73 45.407335 11.879533 0
5.95 -8.18 3.20 22.76 2.73 45.407335 11.879533 0
7.53 -8.37 2.32 27.17 2.73 45.407335 11.879533 0
3.22 -10.43 0.54 23.07 2.83 45.407349 11.879499 1
7.11 -5.61 0.08 23.82 2.83 45.407349 11.879499 0
7.59 -10.42 -0.08 22.74 2.83 45.407349 11.879499 1
5.42 -6.88 0.96 22.90 2.83 45.407349 11.879499 0
5.95 -9.58 3.23 22.90 2.83 45.407349 11.879499 0
4.45 -6.15 0.79 22.86 2.83 45.407349 11.879499 0
5.12 -7.47 3.01 21.88 2.83 45.407349 11.879499 0
6.63 -9.03 2.99 22.00 2.83 45.407349 11.879499 0
4.89 -9.04 3.94 23.55 2.83 45.407349 11.879499 0
5.80 -7.49 1.04 23.22 2.83 45.407349 11.879499 0
5.68 -8.48 3.03 23.98 2.83 45.407349 11.879499 0
4.38 -7.12 0.20 23.26 2.83 45.407349 11.879499 0
6.86 -11.10 2.31 23.60 2.83 45.407349 11.879499 0
5.28 -7.06 3.95 23.39 2.83 45.407349 11.879499 0
5.71 -6.65 2.48 23.07 2.83 45.407349 11.879499 0
5.68 -6.99 2.17 22.57 2.83 45.407349 11.879499 0
4.65 -7.73 0.01 24.08 2.83 45.407349 11.879499 0
5.33 -8.12 4.28 22.67 3.00 45.407361 11.879464 1
5.87 -8.43 2.66 23.19 3.00 45.407361 11.879464 0
4.25 -9.26 0.84 22.64 3.00 45.407361 11.879464 1
4.79 -7.71 1.67 22.05 3.00 45.407361 11.879464 0
4.74 -8.37 2.94 22.24 3.00 45.407361 11.879464 0
6.44 -9.62 1.80 23.62 3.00 45.407361 11.879464 0
