6.69 -7.29 1.96 21.51 0.69 45.407367 11.879916 0
6.50 -7.29 2.30 22.05 0.69 45.407367 11.879916 0
6.15 -7.68 2.12 21.69 0.69 45.407367 11.879916 0
6.09 -7.86 1.99 22.16 0.69 45.407367 11.879916 0
6.30 -7.57 2.35 22.21 0.69 45.407367 11.879916 0
6.52 -7.32 1.74 22.12 0.69 45.407367 11.879916 0
6.43 -7.40 1.78 22.12 0.69 45.407367 11.879916 0
5.89 -7.56 1.61 22.05 0.69 45.407367 11.879916 0
5.93 -7.97 1.94 21.90 0.69 45.407367 11.879916 0
5.74 -7.99 1.53 21.80 1.13 45.407367 11.879902 1
6.23 -7.76 1.70 21.42 1.13 45.407367 11.879902 0
6.12 -7.50 1.67 21.87 1.13 45.407367 11.879902 1
6.18 -7.78 1.11 21.85 1.13 45.407367 11.879902 0
5.90 -7.81 1.77 21.75 1.13 45.407367 11.879902 0
6.42 -7.45 1.62 21.49 1.13 45.407367 11.879902 0
6.80 -7.70 1.91 21.87 1.13 45.407367 11.879902 0
6.05 -7.57 2.03 21.54 1.13 45.407367 11.879902 0
6.00 -7.59 1.81 22.05 1.13 45.407367 11.879902 0
6.06 -7.52 2.12 22.17 1.13 45.407367 11.879902 0
6.27 -7.86 1.59 22.23 1.13 45.407367 11.879902 0
6.09 -7.49 1.79 22.36 1.13 45.407367 11.879902 0
6.88 -7.12 1.85 22.36 1.13 45.407367 11.879902 0
6.56 -6.85 1.81 22.21 1.13 45.407367 11.879902 0
6.75 -7.42 1.74 21.59 1.13 45.407367 11.879902 0
6.99 -7.14 1.73 21.85 1.13 45.407367 11.879902 0
6.89 -7.45 1.53 21.76 1.13 45.407367 11.879902 0
6.05 -7.92 1.73 21.32 1.13 45.407367 11.879902 0
5.56 -8.05 1.47 21.87 2.01 45.407362 11.879879 1
5.36 -7.74 1.45 21.49 2.01 45.407362 11.879879 0
5.67 -7.89 1.88 21.75 2.01 45.407362 11.879879 1
5.77 -8.37 2.28 21.85 2.01 45.407362 11.879879 0
5.64 -7.98 2.11 21.49 2.01 45.407362 11.879879 0
5.94 -7.72 2.10 22.00 2.01 45.407362 11.879879 0
6.18 -7.33 2.00 21.90 2.01 45.407362 11.879879 0
6.16 -7.74 1.72 21.90 2.01 45.407362 11.879879 0
5.99 -7.86 1.69 21.81 2.01 45.407362 11.879879 0
6.12 -7.31 1.79 22.17 2.01 45.407362 11.879879 0
6.22 -7.44 2.01 22.11 2.01 45.407362 11.879879 0
6.19 -7.98 1.66 22.05 2.01 45.407362 11.879879 0
6.35 -7.79 1.58 21.54 2.01 45.407362 11.879879 0
6.22 -7.76 1.78 22.00 2.01 45.407362 11.879879 0
6.04 -7.35 1.94 21.68 2.01 45.407362 11.879879 0
5.98 -7.61 1.86 22.17 2.01 45.407362 11.879879 0
5.83 -8.03 1.66 21.75 2.01 45.407362 11.879879 0
5.74 -7.92 1.36 21.54 2.54 45.407357 11.879853 1
5.87 -7.67 1.70 21.76 2.54 45.407357 11.879853 0
6.04 -7.83 1.79 21.75 2.54 45.407357 11.879853 1
6.06 -8.46 1.53 21.45 2.54 45.407357 11.879853 0
5.76 -8.12 1.65 21.87 2.54 45.407357 11.879853 0
5.92 -7.58 1.53 21.59 2.54 45.407357 11.879853 0
5.82 -7.62 2.03 21.95 2.54 45.407357 11.879853 0
5.89 -7.81 2.10 21.90 2.54 45.407357 11.879853 0
6.20 -8.31 1.86 21.80 2.54 45.407357 11.879853 0
5.97 -7.84 2.14 21.90 2.54 45.407357 11.879853 0
5.74 -7.91 2.05 21.95 2.54 45.407357 11.879853 0
5.44 -7.80 1.88 21.57 2.54 45.407357 11.879853 0
5.92 -7.77 1.57 21.92 2.54 45.407357 11.879853 0
6.13 -7.84 1.50 21.51 2.54 45.407357 11.879853 0
6.17 -7.50 1.48 21.69 2.54 45.407357 11.879853 0
6.61 -7.86 1.50 22.47 2.54 45.407357 11.879853 0
5.89 -7.62 1.21 22.60 2.54 45.407357 11.879853 0
5.59 -7.15 1.25 22.35 2.44 45.407352 11.879823 1
6.13 -7.78 1.57 22.35 2.44 45.407352 11.879823 0
6.19 -8.50 1.73 21.71 2.44 45.407352 11.879823 0
5.70 -8.60 1.90 21.85 2.44 45.407352 11.879823 1
5.74 -7.85 1.69 22.00 2.44 45.407352 11.879823 0
5.91 -7.54 1.67 22.04 2.44 45.407352 11.879823 0
6.11 -7.44 1.64 21.95 2.44 45.407352 11.879823 0
6.35 -8.27 1.96 21.97 2.44 45.407352 11.879823 0
6.19 -7.82 1.87 22.26 2.44 45.407352 11.879823 0
6.13 -7.59 1.72 22.00 2.44 45.407352 11.879823 0
6.02 -7.38 1.91 22.57 2.44 45.407352 11.879823 0
5.82 -7.61 2.22 22.23 2.44 45.407352 11.879823 0
5.86 -7.81 2.30 21.87 2.44 45.407352 11.879823 0
5.98 -8.07 2.08 21.59 2.44 45.407352 11.879823 0
5.95 -8.94 1.71 22.21 2.44 45.407352 11.879823 0
5.69 -8.01 1.44 21.85 2.44 45.407352 11.879823 0
5.52 -7.35 1.65 22.52 2.44 45.407352 11.879823 0
5.83 -7.05 2.06 21.85 2.44 45.407352 11.879823 0
6.23 -7.66 2.00 21.44 2.43 45.407352 11.879796 1
5.70 -8.22 1.81 21.78 2.43 45.407352 11.879796 0
5.90 -8.69 1.30 22.04 2.43 45.407352 11.879796 1
6.10 -7.51 1.25 22.14 2.43 45.407352 11.879796 0
6.26 -7.33 1.72 22.14 2.43 45.407352 11.879796 0
6.28 -7.54 2.35 22.11 2.43 45.407352 11.879796 0
6.13 -8.03 2.14 21.81 2.43 45.407352 11.879796 0
5.87 -7.85 1.52 22.33 2.43 45.407352 11.879796 0
6.37 -7.70 1.28 21.90 2.43 45.407352 11.879796 0
5.94 -7.35 1.17 21.64 2.43 45.407352 11.879796 0
5.89 -8.04 1.68 21.90 2.43 45.407352 11.879796 0
5.72 -8.37 2.00 22.21 2.43 45.407352 11.879796 0
5.77 -8.27 1.90 21.80 2.43 45.407352 11.879796 0
5.47 -7.65 2.06 22.05 2.43 45.407352 11.879796 0
5.54 -7.98 1.86 21.59 2.43 45.407352 11.879796 0
5.87 -7.46 1.65 22.05 2.43 45.407352 11.879796 0
6.30 -7.47 1.66 21.44 2.43 45.407352 11.879796 0
6.21 -7.60 2.26 22.09 3.01 45.407350 11.879758 1
6.12 -7.79 1.68 22.14 3.01 45.407350 11.879758 0
5.78 -7.36 1.38 21.49 3.01 45.407350 11.879758 1
6.19 -7.84 1.40 21.81 3.01 45.407350 11.879758 0
6.16 -8.06 1.80 21.83 3.01 45.407350 11.879758 0
6.19 -7.78 1.73 21.97 3.01 45.407350 11.879758 0
5.67 -7.67 2.09 22.29 3.01 45.407350 11.879758 0
5.61 -8.37 1.81 21.97 3.01 45.407350 11.879758 0
5.68 -7.03 1.82 21.90 3.01 45.407350 11.879758 0
6.12 -7.55 2.10 21.59 3.01 45.407350 11.879758 0
6.22 -8.15 1.76 21.54 3.01 45.407350 11.879758 0
5.44 -8.54 1.79 21.85 3.01 45.407350 11.879758 0
5.45 -7.81 1.88 21.90 3.01 45.407350 11.879758 0
5.64 -7.43 1.57 21.45 3.01 45.407350 11.879758 0
5.86 -7.77 1.85 21.71 3.01 45.407350 11.879758 0
6.12 -7.72 1.57 21.69 3.01 45.407350 11.879758 0
5.85 -7.63 1.62 21.59 3.01 45.407350 11.879758 0
6.08 -7.72 1.72 21.88 3.01 45.407350 11.879758 0
5.61 -7.37 1.88 22.52 3.21 45.407345 11.879717 1
6.18 -7.18 1.92 22.14 3.21 45.407345 11.879717 0
5.03 -8.74 1.42 21.06 3.21 45.407345 11.879717 1
6.47 -7.48 1.14 21.39 3.21 45.407345 11.879717 0
7.11 -8.78 1.44 23.43 3.21 45.407345 11.879717 0
5.00 -7.15 1.74 24.75 3.21 45.407345 11.879717 0
5.58 -8.58 2.08 22.96 3.21 45.407345 11.879717 0
5.73 -7.67 1.91 21.80 3.21 45.407345 11.879717 0
5.77 -8.13 1.16 22.16 3.21 45.407345 11.879717 0
5.88 -9.99 2.24 21.90 3.21 45.407345 11.879717 0
6.69 -8.17 1.90 24.83 3.21 45.407345 11.879717 0
5.18 -7.94 2.32 22.52 3.21 45.407345 11.879717 0
4.60 -5.58 2.03 22.91 3.21 45.407345 11.879717 0
5.92 -7.84 2.82 22.31 3.21 45.407345 11.879717 0
4.98 -8.98 1.55 23.96 3.21 45.407345 11.879717 0
6.75 -9.52 2.26 20.70 3.21 45.407345 11.879717 0
5.44 -8.77 1.29 21.76 3.21 45.407345 11.879717 0
4.93 -7.80 2.14 22.91 3.41 45.407342 11.879673 1
6.28 -7.46 2.82 22.12 3.41 45.407342 11.879673 0
5.94 -6.37 1.74 22.36 3.41 45.407342 11.879673 1
5.86 -9.52 2.26 22.48 3.41 45.407342 11.879673 0
4.94 -8.26 2.13 22.81 3.41 45.407342 11.879673 0
7.06 -8.73 -0.65 22.16 3.41 45.407342 11.879673 0
5.29 -6.48 2.48 22.09 3.41 45.407342 11.879673 0
5.82 -9.48 2.51 22.02 3.41 45.407342 11.879673 0
6.04 -7.62 1.43 44.62 3.41 45.407342 11.879673 0
9.05 -10.93 1.23 22.36 3.41 45.407342 11.879673 0
4.44 -5.85 1.75 22.43 3.41 45.407342 11.879673 0
7.26 -9.12 -0.15 24.30 3.41 45.407342 11.879673 0
4.66 -6.24 0.01 22.50 3.41 45.407342 11.879673 0
8.83 -9.40 0.87 22.07 3.41 45.407342 11.879673 0
4.32 -8.24 1.22 22.28 3.41 45.407342 11.879673 0
4.97 -5.61 1.95 23.77 3.41 45.407342 11.879673 0
6.99 -8.58 2.11 51.81 3.41 45.407342 11.879673 0
4.62 -8.90 2.03 22.91 3.24 45.407335 11.879632 1
7.08 -8.42 2.89 22.19 3.24 45.407335 11.879632 0
5.89 -9.54 1.27 22.17 3.24 45.407335 11.879632 0
8.99 -7.69 -1.14 23.03 3.24 45.407335 11.879632 1
7.15 -5.75 2.13 23.19 3.24 45.407335 11.879632 0
6.62 -8.04 -1.64 21.90 3.24 45.407335 11.879632 0
5.92 -8.10 1.43 22.45 3.24 45.407335 11.879632 0
5.88 -7.91 -1.80 21.03 3.24 45.407335 11.879632 0
6.15 -7.50 2.54 21.47 3.24 45.407335 11.879632 0
4.86 -7.50 1.00 24.27 3.24 45.407335 11.879632 0
6.04 -7.03 0.09 23.24 3.24 45.407335 11.879632 0
3.32 -8.02 1.42 22.62 3.24 45.407335 11.879632 0
8.44 -8.48 0.06 21.81 3.24 45.407335 11.879632 0
5.01 -8.00 1.72 23.19 3.24 45.407335 11.879632 0
6.56 -8.19 0.49 23.15 3.24 45.407335 11.879632 0
6.92 -5.09 2.29 22.29 3.24 45.407335 11.879632 0
5.30 -9.52 1.18 23.56 3.24 45.407335 11.879632 0
7.16 -10.59 0.98 22.48 3.24 45.407335 11.879632 0
6.20 -6.47 0.87 21.21 2.95 45.407340 11.879597 1
3.82 -10.04 3.88 21.51 2.95 45.407340 11.879597 0
6.68 -9.00 0.90 24.01 2.95 45.407340 11.879597 1
5.72 -6.80 1.14 23.10 2.95 45.407340 11.879597 0
7.46 -7.81 1.83 23.00 2.95 45.407340 11.879597 0
6.23 -7.05 1.73 22.72 2.95 45.407340 11.879597 0
6.36 -7.66 1.82 23.84 2.95 45.407340 11.879597 0
6.49 -7.83 1.50 23.68 2.95 45.407340 11.879597 0
7.51 -9.55 0.69 24.71 2.95 45.407340 11.879597 0
8.27 -8.28 1.56 21.80 2.95 45.407340 11.879597 0
5.07 -9.28 2.63 23.36 2.95 45.407340 11.879597 0
4.87 -7.70 3.28 22.14 2.95 45.407340 11.879597 0
5.59 -7.52 1.84 23.39 2.95 45.407340 11.879597 0
4.81 -12.23 1.51 21.85 2.95 45.407340 11.879597 0
6.90 -6.71 2.40 31.85 2.95 45.407340 11.879597 0
5.08 -7.26 2.85 22.98 2.95 45.407340 11.879597 0
4.16 -6.95 3.10 23.91 2.95 45.407340 11.879597 0
6.13 -12.23 3.92 23.07 3.35 45.407341 11.879551 1
4.52 -6.33 4.38 22.76 3.35 45.407341 11.879551 0
3.99 -9.16 3.20 23.48 3.35 45.407341 11.879551 1
5.42 -7.51 1.98 23.80 3.35 45.407341 11.879551 0
6.85 -8.96 2.01 22.45 3.35 45.407341 11.879551 0
6.19 -7.21 0.57 22.40 3.35 45.407341 11.879551 0
7.16 -8.98 2.17 22.79 3.35 45.407341 11.879551 0
3.44 -6.83 0.54 22.81 3.35 45.407341 11.879551 0
3.88 -9.91 4.87 22.38 3.35 45.407341 11.879551 0
5.01 -7.47 1.13 22.60 3.35 45.407341 11.879551 0
5.93 -7.33 1.64 22.91 3.35 45.407341 11.879551 0
5.18 -9.03 1.62 22.93 3.35 45.407341 11.879551 0
4.85 -6.96 0.20 23.48 3.35 45.407341 11.879551 0
6.24 -7.37 3.08 21.40 3.35 45.407341 11.879551 0
7.15 -10.21 3.52 22.14 3.35 45.407341 11.879551 0
5.77 -3.61 1.16 21.16 3.35 45.407341 11.879551 0
4.38 -8.89 0.59 22.55 3.35 45.407341 11.879551 0
6.17 -7.88 3.05 24.08 3.35 45.407341 11.879551 0
5.23 -6.04 0.51 25.67 3.18 45.407345 11.879511 1
6.33 -9.68 3.08 22.19 3.18 45.407345 11.879511 0
3.90 -7.16 2.59 22.81 3.18 45.407345 11.879511 1
5.54 -6.63 2.71 22.12 3.18 45.407345 11.879511 0
6.30 -9.85 3.79 22.43 3.18 45.407345 11.879511 0
2.81 -10.60 0.96 22.05 3.18 45.407345 11.879511 0
5.42 -6.61 1.76 22.96 3.18 45.407345 11.879511 0
7.05 -9.19 0.78 22.11 3.18 45.407345 11.879511 0
4.90 -10.16 2.57 30.18 3.18 45.407345 11.879511 0
6.52 -7.41 1.04 25.57 3.18 45.407345 11.879511 0
7.91 -10.46 1.20 22.35 3.18 45.407345 11.879511 0
4.63 -5.46 1.57 22.35 3.18 45.407345 11.879511 0
6.99 -8.46 0.92 23.46 3.18 45.407345 11.879511 0
6.68 -6.34 0.74 25.66 3.18 45.407345 11.879511 0
5.86 -7.96 1.55 22.28 3.18 45.407345 11.879511 0
7.10 -8.90 0.23 21.64 3.18 45.407345 11.879511 0
5.10 -9.90 3.26 24.99 3.18 45.407345 11.879511 0
5.92 -7.55 2.05 23.15 3.24 45.407357 11.879473 1
5.32 -8.33 0.51 23.84 3.24 45.407357 11.879473 0
6.44 -11.23 2.25 21.54 3.24 45.407357 11.879473 1
5.09 -5.58 1.13 23.17 3.24 45.407357 11.879473 0
6.01 -7.42 1.01 22.43 3.24 45.407357 11.879473 0
3.35 -5.20 2.35 22.76 3.24 45.407357 11.879473 0
6.51 -9.46 1.41 22.33 3.24 45.407357 11.879473 0
6.00 -7.95 2.49 21.56 3.24 45.407357 11.879473 0
6.71 -9.64 1.21 25.97 3.24 45.407357 11.879473 0
7.01 -8.86 1.78 23.34 3.24 45.407357 11.879473 0
5.24 -7.41 1.54 22.28 3.24 45.407357 11.879473 0
6.58 -7.90 1.41 22.93 3.24 45.407357 11.879473 0
4.67 -6.70 1.84 22.86 3.24 45.407357 11.879473 0
