5.87 -7.58 1.77 22.11 2.67 45.407709 11.899134 1 0
5.89 -7.65 1.59 22.36 2.67 45.407709 11.899134 1 0
6.21 -7.89 1.67 21.9 2.9 45.407723 11.899165 0 0
6.11 -7.81 1.53 21.9 2.9 45.407723 11.899165 1 0
6.06 -7.98 2.15 21.81 2.9 45.407723 11.899165 0 0
5.78 -7.52 1.82 22.31 2.9 45.407723 11.899165 1 0
6.03 -7.72 1.85 21.9 2.9 45.407723 11.899165 1 0
5.74 -7.71 1.93 22.29 2.9 45.407723 11.899165 1 0
6.19 -8.19 1.79 23.48 2.9 45.407723 11.899165 1 0
6.13 -7.64 2.35 22.0 2.9 45.407723 11.899165 1 0
5.64 -8.12 2.57 21.97 2.9 45.407723 11.899165 1 0
6.02 -7.48 1.62 22.78 2.9 45.407723 11.899165 1 0
5.78 -7.83 1.9 22.31 2.9 45.407723 11.899165 1 0
6.0 -8.22 2.13 22.36 2.9 45.407723 11.899165 1 0
6.16 -7.45 1.83 22.43 2.9 45.407723 11.899165 1 0
6.13 -7.51 1.62 22.47 2.9 45.407723 11.899165 1 0
5.87 -7.46 1.92 22.07 2.9 45.407723 11.899165 1 0
6.28 -7.58 1.66 22.42 2.9 45.407723 11.899165 1 0
6.34 -7.57 1.56 21.69 2.9 45.407723 11.899165 1 0
6.05 -7.48 1.61 21.76 2.08 45.407736 11.899191 0 0
6.28 -7.7 1.67 21.75 2.08 45.407736 11.899191 1 0
6.02 -7.6 1.47 22.26 2.08 45.407736 11.899191 0 0
6.19 -7.49 1.55 21.71 2.08 45.407736 11.899191 1 0
6.05 -7.61 1.38 22.47 2.08 45.407736 11.899191 1 0
5.81 -8.08 2.03 21.8 2.08 45.407736 11.899191 1 0
5.93 -7.92 1.97 22.6 2.08 45.407736 11.899191 1 0
5.65 -7.75 1.81 22.24 2.08 45.407736 11.899191 1 0
5.59 -7.91 1.92 22.36 2.08 45.407736 11.899191 1 0
5.8 -7.47 2.36 21.92 2.08 45.407736 11.899191 1 0
6.36 -7.75 1.81 22.28 2.08 45.407736 11.899191 1 0
6.44 -7.54 1.96 21.95 2.08 45.407736 11.899191 1 0
6.3 -7.59 2.2 22.42 2.08 45.407736 11.899191 1 0
6.0 -7.63 2.16 22.05 2.08 45.407736 11.899191 1 0
6.03 -7.69 1.96 21.57 2.08 45.407736 11.899191 1 0
5.72 -7.6 2.37 22.38 2.08 45.407736 11.899191 1 0
