6.31 -7.49 2.02 21.45 1.79 45.407707 11.899100 0 0
6.04 -7.73 2.19 21.75 1.79 45.407707 11.899100 1 0
5.6 -7.9 1.94 22.16 1.79 45.407707 11.899100 0 0
6.26 -7.88 1.98 22.21 1.79 45.407707 11.899100 1 0
6.33 -7.61 1.88 21.78 1.79 45.407707 11.899100 0 0
6.03 -7.73 1.73 21.81 1.79 45.407707 11.899100 1 0
5.61 -8.16 1.89 21.9 1.79 45.407707 11.899100 1 0
5.36 -8.13 2.09 21.44 1.79 45.407707 11.899100 1 0
5.54 -8.13 1.8 22.26 1.79 45.407707 11.899100 1 0
5.88 -8.04 1.65 21.92 1.79 45.407707 11.899100 1 0
5.86 -7.92 2.22 21.95 1.79 45.407707 11.899100 1 0
5.96 -7.66 1.78 22.0 1.79 45.407707 11.899100 1 0
6.06 -7.7 1.73 21.99 1.79 45.407707 11.899100 1 0
6.0 -7.64 1.81 21.95 1.79 45.407707 11.899100 1 0
6.24 -7.7 1.86 22.42 1.79 45.407707 11.899100 1 0
6.06 -7.87 1.68 22.36 1.79 45.407707 11.899100 1 0
5.97 -7.62 1.95 21.93 1.79 45.407707 11.899100 1 0
5.9 -7.84 2.15 22.0 1.79 45.407707 11.899100 1 0
5.95 -7.76 2.04 22.42 1.79 45.407707 11.899100 1 0
5.95 -7.9 1.96 21.95 2.67 45.407709 11.899134 0 0
5.67 -8.06 2.14 22.79 2.67 45.407709 11.899134 1 0
5.54 -8.03 1.89 22.31 2.67 45.407709 11.899134 0 0
5.94 -7.97 1.7 22.31 2.67 45.407709 11.899134 1 0
5.8 -7.76 1.76 21.97 2.67 45.407709 11.899134 1 0
5.97 -7.66 1.82 22.31 2.67 45.407709 11.899134 1 0
6.17 -7.49 1.9 21.85 2.67 45.407709 11.899134 1 0
6.36 -7.76 2.1 22.67 2.67 45.407709 11.899134 1 0
6.11 -7.4 2.02 21.93 2.67 45.407709 11.899134 1 0
6.12 -7.78 1.9 22.83 2.67 45.407709 11.899134 1 0
6.06 -7.72 2.01 22.47 2.67 45.407709 11.899134 1 0
6.05 -7.81 1.73 22.47 2.67 45.407709 11.899134 1 0
5.9 -7.55 1.66 22.43 2.67 45.407709 11.899134 1 0
5.78 -7.93 1.81 22.02 2.67 45.407709 11.899134 1 0
5.49 -8.27 1.75 22.0 2.67 45.407709 11.899134 1 0
5.56 -8.22 1.72 22.05 2.67 45.407709 11.899134 1 0
