5.71 -8.05 1.95 21.95 3.1 45.407845 11.899733 1 0
5.98 -7.98 1.81 21.81 3.1 45.407845 11.899733 1 0
5.97 -8.0 2.01 21.52 2.64 45.407851 11.899768 0 0
6.03 -7.21 2.12 22.0 2.64 45.407851 11.899768 1 0
6.31 -7.43 1.92 21.95 2.64 45.407851 11.899768 0 0
6.11 -7.79 1.86 21.45 2.64 45.407851 11.899768 1 0
6.1 -7.89 1.77 21.51 2.64 45.407851 11.899768 1 0
6.2 -7.74 1.73 21.9 2.64 45.407851 11.899768 1 0
6.02 -7.49 1.77 21.87 2.64 45.407851 11.899768 1 0
6.28 -7.68 2.18 21.83 2.64 45.407851 11.899768 1 0
6.51 -7.2 2.2 22.05 2.64 45.407851 11.899768 1 0
6.23 -7.59 1.99 21.57 2.64 45.407851 11.899768 1 0
5.62 -7.89 2.11 22.0 2.64 45.407851 11.899768 1 0
5.79 -8.03 1.98 21.92 2.64 45.407851 11.899768 1 0
5.85 -7.91 2.08 21.51 2.64 45.407851 11.899768 1 0
5.85 -7.78 2.25 21.97 2.64 45.407851 11.899768 1 0
5.83 -7.71 1.93 21.99 2.64 45.407851 11.899768 1 0
5.9 -7.8 1.99 22.07 2.64 45.407851 11.899768 1 0
6.17 -7.74 1.9 22.42 2.64 45.407851 11.899768 1 0
6.36 -7.35 1.35 22.0 2.64 45.407851 11.899768 1 0
6.15 -7.5 1.89 21.95 2.94 45.407854 11.899810 0 0
5.72 -7.86 1.77 21.51 2.94 45.407854 11.899810 1 0
5.99 -7.8 1.7 21.81 2.94 45.407854 11.899810 0 0
5.88 -8.21 1.78 21.8 2.94 45.407854 11.899810 1 0
5.76 -7.93 1.49 21.39 2.94 45.407854 11.899810 1 0
5.68 -7.87 1.94 21.85 2.94 45.407854 11.899810 1 0
5.56 -7.92 1.84 21.9 2.94 45.407854 11.899810 1 0
5.47 -7.95 2.07 22.05 2.94 45.407854 11.899810 1 0
5.48 -7.94 2.07 22.05 2.94 45.407854 11.899810 1 0
5.48 -7.95 2.08 22.06 2.94 45.407854 11.899810 1 0
5.47 -7.95 2.06 22.05 2.94 45.407854 11.899810 1 0
5.47 -7.95 2.07 22.05 2.94 45.407854 11.899810 1 0
5.47 -7.94 2.07 22.06 2.94 45.407854 11.899810 1 0
5.47 -7.94 2.07 22.06 2.94 45.407854 11.899810 1 0
5.47 -7.95 2.07 22.05 2.94 45.407854 11.899810 1 0
