6.0 -8.15 2.0 22.36 2.08 45.407736 11.899191 1 0
6.08 -7.86 1.43 21.9 2.08 45.407736 11.899191 1 0
5.57 -7.99 1.66 22.29 2.95 45.407743 11.899226 0 0
5.49 -7.69 1.65 21.92 2.95 45.407743 11.899226 1 0
5.61 -7.9 2.19 22.31 2.95 45.407743 11.899226 0 0
5.84 -7.51 1.91 22.26 2.95 45.407743 11.899226 1 0
6.01 -8.11 1.68 22.23 2.95 45.407743 11.899226 1 0
6.29 -7.55 1.85 21.78 2.95 45.407743 11.899226 1 0
6.13 -7.81 1.8 22.23 2.95 45.407743 11.899226 1 0
6.08 -7.64 2.21 21.87 2.95 45.407743 11.899226 1 0
6.04 -7.66 1.87 22.36 2.95 45.407743 11.899226 1 0
5.96 -7.97 2.01 21.93 2.95 45.407743 11.899226 1 0
5.87 -7.73 1.59 22.02 2.95 45.407743 11.899226 1 0
5.69 -7.81 1.42 22.88 2.95 45.407743 11.899226 1 0
5.88 -7.7 1.43 22.0 2.95 45.407743 11.899226 1 0
5.57 -8.17 1.67 21.88 2.95 45.407743 11.899226 1 0
5.92 -7.83 1.88 21.95 2.95 45.407743 11.899226 1 0
5.59 -8.41 1.34 21.95 2.95 45.407743 11.899226 1 0
6.08 -7.66 1.97 21.9 2.95 45.407743 11.899226 1 0
5.83 -7.58 2.13 22.26 2.72 45.407753 11.899260 0 0
6.0 -8.0 2.07 21.8 2.72 45.407753 11.899260 1 0
5.9 -7.83 2.15 22.16 2.72 45.407753 11.899260 0 0
6.03 -7.95 2.08 22.12 2.72 45.407753 11.899260 1 0
6.2 -7.78 1.99 21.39 2.72 45.407753 11.899260 1 0
5.79 -7.87 2.23 21.9 2.72 45.407753 11.899260 1 0
5.85 -7.44 2.22 21.9 2.72 45.407753 11.899260 1 0
6.07 -7.71 2.11 21.39 2.72 45.407753 11.899260 1 0
5.72 -8.09 1.92 22.05 2.72 45.407753 11.899260 1 0
5.67 -7.95 1.99 22.12 2.72 45.407753 11.899260 1 0
5.85 -7.96 1.69 22.04 2.72 45.407753 11.899260 1 0
5.87 -7.63 1.85 22.43 2.72 45.407753 11.899260 1 0
6.07 -8.06 1.8 22.0 2.72 45.407753 11.899260 1 0
5.93 -7.54 1.63 22.07 2.72 45.407753 11.899260 1 0
6.3 -7.95 1.66 22.42 2.72 45.407753 11.899260 1 0
6.06 -7.4 1.55 22.79 2.72 45.407753 11.899260 1 0
