6.32 -7.63 2.26 21.37 3.26 45.407815 11.899559 1 1
6.35 -7.55 2.26 21.73 3.26 45.407815 11.899559 1 1
6.26 -7.41 2.28 22.0 2.95 45.407822 11.899599 0 1
6.08 -7.29 2.31 21.9 2.95 45.407822 11.899599 1 1
5.85 -7.79 2.08 21.9 2.95 45.407822 11.899599 0 1
5.81 -8.31 1.75 21.88 2.95 45.407822 11.899599 1 1
5.87 -7.94 1.79 21.85 2.95 45.407822 11.899599 1 1
5.76 -7.49 2.03 21.85 2.95 45.407822 11.899599 1 1
5.76 -7.8 1.99 21.9 2.95 45.407822 11.899599 1 1
6.1 -7.95 1.76 21.35 2.95 45.407822 11.899599 1 1
6.29 -7.66 1.71 21.87 2.95 45.407822 11.899599 1 1
6.27 -7.81 1.8 21.47 2.95 45.407822 11.899599 1 1
6.39 -7.83 1.82 21.61 2.95 45.407822 11.899599 1 1
6.35 -7.13 1.79 22.11 2.95 45.407822 11.899599 1 1
6.1 -7.17 1.73 22.16 2.95 45.407822 11.899599 1 1
6.65 -8.09 1.68 22.54 2.95 45.407822 11.899599 1 1
7.59 -8.02 1.89 21.81 2.95 45.407822 11.899599 1 1
6.83 -7.6 2.24 23.53 2.95 45.407822 11.899599 1 1
4.5 -8.14 2.22 24.25 2.95 45.407822 11.899599 1 1
3.15 -7.84 1.81 24.8 2.95 45.407822 11.899599 1 1
3.84 -6.82 1.69 20.48 3.85 45.407829 11.899647 0 1
5.42 -8.68 2.14 18.04 3.85 45.407829 11.899647 1 1
6.62 -11.89 2.71 15.85 3.85 45.407829 11.899647 0 1
6.43 -10.8 3.01 18.4 3.85 45.407829 11.899647 1 1
4.82 -6.49 2.94 21.2 3.85 45.407829 11.899647 1 1
3.9 -4.35 2.38 24.35 3.85 45.407829 11.899647 1 1
5.32 -4.73 1.8 24.2 3.85 45.407829 11.899647 1 1
7.35 -5.91 2.06 23.24 3.85 45.407829 11.899647 1 1
7.59 -8.57 2.91 21.25 3.85 45.407829 11.899647 1 1
6.45 -11.04 3.03 22.02 3.85 45.407829 11.899647 1 1
5.55 -10.02 2.29 22.0 3.85 45.407829 11.899647 1 1
5.22 -7.33 1.97 21.95 3.85 45.407829 11.899647 1 1
5.27 -6.71 2.34 22.31 3.85 45.407829 11.899647 1 1
5.66 -7.62 2.32 21.97 3.85 45.407829 11.899647 1 1
6.05 -8.12 1.68 21.8 3.85 45.407829 11.899647 1 1
