5.59 -7.95 1.39 21.99 1.93 45.408379 11.890045 1
5.75 -7.77 1.59 21.95 1.93 45.408379 11.890045 1
6.08 -8.01 1.88 21.44 1.93 45.408379 11.890045 1
6.11 -8.17 1.91 21.85 1.93 45.408379 11.890045 1
5.9 -7.9 1.86 22.05 1.93 45.408379 11.890045 1
5.87 -7.61 2.02 21.59 1.93 45.408379 11.890045 1
6.05 -7.59 2.11 22.0 1.93 45.408379 11.890045 1
6.11 -7.61 1.94 21.63 1.93 45.408379 11.890045 1
5.97 -7.58 1.85 21.69 1.93 45.408379 11.890045 1
5.91 -7.66 1.98 21.64 1.93 45.408379 11.890045 1
5.99 -7.93 1.96 21.92 1.93 45.408379 11.890045 1
5.95 -8.17 1.73 21.95 1.93 45.408379 11.890045 1
5.74 -8.1 1.69 21.63 1.93 45.408379 11.890045 1
5.6 -7.76 1.84 22.09 1.83 45.408376 11.890020 0
5.68 -7.58 1.82 21.61 1.83 45.408376 11.890020 1
5.94 -7.76 1.63 22.04 1.83 45.408376 11.890020 0
6.19 -8.0 1.58 21.44 1.83 45.408376 11.890020 1
6.24 -7.99 1.67 21.39 1.83 45.408376 11.890020 1
6.17 -7.82 1.71 21.73 1.83 45.408376 11.890020 1
6.17 -7.68 1.75 22.35 1.83 45.408376 11.890020 1
6.12 -7.64 1.81 22.0 1.83 45.408376 11.890020 1
5.88 -7.71 1.72 21.8 1.83 45.408376 11.890020 1
5.72 -7.8 1.5 22.26 1.83 45.408376 11.890020 1
5.83 -7.84 1.41 21.95 1.83 45.408376 11.890020 1
5.93 -8.0 1.5 21.9 1.83 45.408376 11.890020 1
5.87 -8.23 1.61 21.87 1.83 45.408376 11.890020 1
5.85 -8.14 1.71 21.8 1.83 45.408376 11.890020 1
5.87 -7.72 1.84 21.8 1.83 45.408376 11.890020 1
5.79 -7.42 1.94 21.9 1.83 45.408376 11.890020 1
5.79 -7.51 1.98 21.95 1.83 45.408376 11.890020 1
6.09 -7.86 1.97 21.23 2.41 45.408372 11.889988 0
6.34 -8.14 1.84 21.69 2.41 45.408372 11.889988 1
6.15 -8.01 1.7 21.95 2.41 45.408372 11.889988 0
5.8 -7.59 1.74 22.12 2.41 45.408372 11.889988 1
5.74 -7.5 1.94 22.12 2.41 45.408372 11.889988 1
