6.09 -8.22 2.13 22.04 1.45 45.408309 11.889754 1
5.07 -7.31 2.02 22.29 1.45 45.408309 11.889754 1
4.76 -6.98 2.12 21.18 1.45 45.408309 11.889754 1
6.17 -8.16 2.52 21.35 1.45 45.408309 11.889754 1
6.75 -9.26 2.03 21.83 1.45 45.408309 11.889754 1
5.63 -8.74 0.77 23.6 1.45 45.408309 11.889754 1
5.39 -7.74 1.4 27.18 1.45 45.408309 11.889754 1
6.51 -8.25 4.22 22.19 1.45 45.408309 11.889754 1
6.64 -9.94 5.27 21.33 1.45 45.408309 11.889754 1
5.71 -10.52 2.9 20.65 1.45 45.408309 11.889754 1
5.46 -8.78 0.7 22.09 1.45 45.408309 11.889754 1
5.66 -6.37 0.97 22.4 1.45 45.408309 11.889754 1
5.45 -5.92 1.57 22.19 1.45 45.408309 11.889754 1
5.52 -7.62 1.31 21.42 2.72 45.408296 11.889715 0
6.13 -9.19 1.62 21.52 2.72 45.408296 11.889715 1
6.22 -8.97 2.39 21.88 2.72 45.408296 11.889715 0
5.72 -7.53 2.24 21.78 2.72 45.408296 11.889715 1
5.72 -6.6 1.74 22.14 2.72 45.408296 11.889715 1
6.24 -7.2 2.02 21.44 2.72 45.408296 11.889715 1
6.35 -8.5 2.31 21.57 2.72 45.408296 11.889715 1
5.93 -8.68 2.0 21.88 2.72 45.408296 11.889715 1
5.62 -7.66 1.91 22.02 2.72 45.408296 11.889715 1
5.66 -7.25 2.19 22.5 2.72 45.408296 11.889715 1
5.79 -8.13 2.04 21.9 2.72 45.408296 11.889715 1
5.7 -8.81 1.64 21.93 2.72 45.408296 11.889715 1
5.4 -8.35 1.66 22.02 2.72 45.408296 11.889715 1
5.35 -7.59 1.9 21.97 2.72 45.408296 11.889715 1
5.84 -7.52 1.92 21.9 2.72 45.408296 11.889715 1
6.26 -7.9 1.87 21.95 2.72 45.408296 11.889715 1
5.95 -8.06 1.83 21.99 2.72 45.408296 11.889715 1
5.45 -7.86 1.71 21.9 2.72 45.408296 11.889715 1
5.64 -7.65 1.7 21.88 2.39 45.408293 11.889675 0
6.14 -7.73 1.91 21.85 2.39 45.408293 11.889675 1
6.1 -7.97 1.93 21.95 2.39 45.408293 11.889675 0
5.66 -8.03 1.61 22.0 2.39 45.408293 11.889675 1
