5.92 -7.82 1.74 21.93 2.88 45.408356 11.889924 1
5.86 -8.15 1.5 21.95 2.88 45.408356 11.889924 1
5.75 -8.06 1.51 22.05 2.88 45.408356 11.889924 1
5.81 -7.7 1.56 22.45 2.88 45.408356 11.889924 1
5.91 -7.64 1.47 22.5 2.88 45.408356 11.889924 1
5.89 -7.93 1.49 21.59 2.88 45.408356 11.889924 1
5.92 -8.11 1.82 21.56 2.88 45.408356 11.889924 1
6.02 -7.9 2.08 21.63 2.88 45.408356 11.889924 1
6.02 -7.58 2.02 22.11 2.88 45.408356 11.889924 1
5.97 -7.54 1.8 22.16 2.88 45.408356 11.889924 1
6.01 -7.77 1.57 22.11 2.88 45.408356 11.889924 1
6.05 -7.99 1.49 22.02 2.88 45.408356 11.889924 1
6.01 -8.03 1.82 21.49 2.88 45.408356 11.889924 1
5.84 -7.93 2.23 21.8 1.91 45.408352 11.889898 0
5.59 -7.82 2.09 22.4 1.91 45.408352 11.889898 1
5.56 -7.84 1.62 22.45 1.91 45.408352 11.889898 0
5.9 -7.99 1.57 21.97 1.91 45.408352 11.889898 1
6.16 -7.98 1.84 22.02 1.91 45.408352 11.889898 1
5.98 -7.68 1.93 22.47 1.91 45.408352 11.889898 1
5.85 -7.48 1.85 22.04 1.91 45.408352 11.889898 1
6.07 -7.66 1.8 21.83 1.91 45.408352 11.889898 1
6.2 -7.91 1.73 21.83 1.91 45.408352 11.889898 1
6.03 -7.95 1.66 22.05 1.91 45.408352 11.889898 1
5.9 -7.91 1.63 22.05 1.91 45.408352 11.889898 1
5.88 -7.91 1.51 22.12 1.91 45.408352 11.889898 1
5.74 -7.93 1.42 22.16 1.91 45.408352 11.889898 1
5.58 -8.01 1.68 22.47 1.91 45.408352 11.889898 1
5.65 -8.09 1.98 21.56 1.91 45.408352 11.889898 1
5.81 -7.95 1.88 22.02 1.91 45.408352 11.889898 1
5.86 -7.7 1.7 21.95 1.91 45.408352 11.889898 1
5.88 -7.69 1.82 21.99 1.91 45.408352 11.889898 1
5.97 -7.87 1.91 21.97 2.06 45.408351 11.889870 0
6.12 -7.91 1.7 21.87 2.06 45.408351 11.889870 1
6.2 -7.81 1.57 21.9 2.06 45.408351 11.889870 0
6.11 -7.79 1.69 21.93 2.06 45.408351 11.889870 1
