5.93 -7.74 2.03 23.29 3.44 45.868446 12.306965 0 0
6.08 -7.89 1.88 23.1 3.44 45.868446 12.306965 0 0
5.52 -7.96 0.92 22.84 3.44 45.868446 12.306965 0 0
6.12 -8.46 0.77 23.39 3.44 45.868446 12.306965 0 0
5.52 -7.83 2.13 23.5 3.44 45.868446 12.306965 0 0
5.94 -8.15 1.75 23.26 3.44 45.868446 12.306965 0 0
5.83 -7.94 1.79 22.74 3.44 45.868446 12.306965 0 0
6.06 -8.59 1.74 23.65 3.44 45.868446 12.306965 0 0
5.7 -7.71 1.94 23.82 3.44 45.868446 12.306965 0 0
5.54 -8.19 1.96 23.34 3.43 45.868416 12.306972 1 0
5.98 -7.89 1.98 22.98 3.43 45.868416 12.306972 0 0
6.24 -7.67 1.78 22.55 3.43 45.868416 12.306972 1 0
5.55 -7.56 1.43 23.29 3.43 45.868416 12.306972 0 0
5.75 -8.12 2.1 23.22 3.43 45.868416 12.306972 0 0
6.05 -8.04 1.73 23.03 3.43 45.868416 12.306972 0 0
5.85 -8.31 2.1 23.48 3.43 45.868416 12.306972 0 0
5.68 -7.77 2.17 23.05 3.43 45.868416 12.306972 0 0
5.96 -7.55 1.59 22.98 3.43 45.868416 12.306972 0 0
5.86 -8.39 2.17 23.34 3.43 45.868416 12.306972 0 0
6.24 -7.84 2.64 22.95 3.43 45.868416 12.306972 0 0
5.41 -8.55 1.69 23.6 3.43 45.868416 12.306972 0 0
6.53 -7.63 2.06 22.78 3.43 45.868416 12.306972 0 0
6.41 -7.92 1.91 22.72 3.43 45.868416 12.306972 0 0
6.06 -7.83 2.06 23.15 3.43 45.868416 12.306972 0 0
5.93 -7.78 1.77 23.77 3.43 45.868416 12.306972 0 0
5.89 -7.65 2.6 23.12 3.43 45.868416 12.306972 0 0
5.89 -7.45 2.09 24.06 3.36 45.868387 12.306981 1 0
5.9 -7.9 1.42 22.81 3.36 45.868387 12.306981 0 0
5.87 -8.23 1.21 22.72 3.36 45.868387 12.306981 1 0
5.78 -8.08 1.11 23.2 3.36 45.868387 12.306981 0 0
6.11 -7.85 1.81 24.2 3.36 45.868387 12.306981 0 0
5.96 -7.35 1.64 22.62 3.36 45.868387 12.306981 0 0
5.75 -7.41 2.14 22.67 3.36 45.868387 12.306981 0 0
6.18 -8.13 1.95 22.47 3.36 45.868387 12.306981 0 0
6.04 -7.9 1.98 22.78 3.36 45.868387 12.306981 0 0
