5.88 -7.44 1.9 23.31 3.11 45.868330 12.306995 0 0
6.14 -7.64 1.81 22.4 3.11 45.868330 12.306995 0 0
6.3 -8.46 1.69 22.43 3.11 45.868330 12.306995 0 0
5.29 -7.95 1.46 23.29 3.11 45.868330 12.306995 0 0
5.74 -8.65 1.78 23.29 3.11 45.868330 12.306995 0 0
6.11 -7.55 1.85 23.19 3.11 45.868330 12.306995 0 0
5.81 -7.72 1.74 22.74 3.11 45.868330 12.306995 0 0
5.9 -7.97 1.84 22.81 3.32 45.868302 12.307004 1 0
5.99 -7.73 1.59 23.03 3.32 45.868302 12.307004 0 0
6.0 -7.64 2.05 22.95 3.32 45.868302 12.307004 1 0
5.66 -8.46 1.92 23.53 3.32 45.868302 12.307004 0 0
6.03 -7.63 2.04 22.9 3.32 45.868302 12.307004 0 0
5.69 -7.52 2.0 23.74 3.32 45.868302 12.307004 0 0
5.76 -7.62 1.88 24.44 3.32 45.868302 12.307004 0 0
5.85 -8.16 2.28 22.78 3.32 45.868302 12.307004 0 0
5.88 -7.74 1.88 22.43 3.32 45.868302 12.307004 0 0
5.51 -7.99 2.13 22.72 3.32 45.868302 12.307004 0 0
5.87 -7.74 1.79 23.19 3.32 45.868302 12.307004 0 0
5.79 -7.95 1.77 22.67 3.32 45.868302 12.307004 0 0
6.25 -7.85 1.75 22.84 3.32 45.868302 12.307004 0 0
5.61 -7.86 1.93 23.0 3.32 45.868302 12.307004 0 0
5.6 -7.35 2.04 23.14 3.32 45.868302 12.307004 0 0
6.18 -8.03 1.76 23.08 3.32 45.868302 12.307004 0 0
6.01 -7.92 1.84 22.54 3.19 45.868274 12.307014 1 0
5.67 -8.81 1.77 22.72 3.19 45.868274 12.307014 0 0
6.93 -8.02 1.24 22.36 3.19 45.868274 12.307014 1 0
6.17 -7.93 1.75 25.42 3.19 45.868274 12.307014 0 0
6.02 -7.05 1.71 22.88 3.19 45.868274 12.307014 0 0
6.07 -7.56 1.9 22.76 3.19 45.868274 12.307014 0 0
5.81 -7.64 1.68 23.86 3.19 45.868274 12.307014 0 0
5.84 -8.27 1.58 23.38 3.19 45.868274 12.307014 0 0
5.39 -6.58 1.75 22.57 3.19 45.868274 12.307014 0 0
7.32 -9.31 2.71 24.97 3.19 45.868274 12.307014 0 0
5.56 -7.16 1.84 22.23 3.19 45.868274 12.307014 0 0
6.4 -6.95 1.86 23.36 3.19 45.868274 12.307014 0 0
