5.92 -7.96 1.68 22.74 3.47 45.868505 12.306949 0 0
5.92 -7.88 2.28 23.19 3.47 45.868505 12.306949 0 0
6.3 -7.33 2.13 23.62 3.47 45.868505 12.306949 0 0
6.1 -8.13 2.12 23.26 3.47 45.868505 12.306949 0 0
5.81 -7.76 1.47 24.35 3.47 45.868505 12.306949 0 0
5.75 -7.63 1.8 23.03 3.47 45.868505 12.306949 0 0
5.47 -7.96 1.99 22.9 3.47 45.868505 12.306949 0 0
6.01 -8.01 1.72 23.31 3.47 45.868505 12.306949 0 0
5.63 -7.7 1.64 22.88 3.47 45.868505 12.306949 0 0
5.87 -8.58 1.72 23.43 3.47 45.868505 12.306949 0 0
5.72 -7.97 2.0 23.29 3.47 45.868505 12.306949 0 0
6.72 -7.28 1.99 22.72 3.42 45.868476 12.306958 1 0
5.84 -8.49 2.24 23.31 3.42 45.868476 12.306958 0 0
6.12 -8.03 1.66 24.15 3.42 45.868476 12.306958 1 0
5.64 -8.12 1.44 22.67 3.42 45.868476 12.306958 0 0
5.69 -8.05 1.65 23.53 3.42 45.868476 12.306958 0 0
5.42 -8.2 1.31 23.24 3.42 45.868476 12.306958 0 0
6.01 -6.83 2.08 23.46 3.42 45.868476 12.306958 0 0
5.82 -7.7 1.9 23.34 3.42 45.868476 12.306958 0 0
6.15 -7.81 1.99 25.14 3.42 45.868476 12.306958 0 0
5.66 -8.05 2.16 23.39 3.42 45.868476 12.306958 0 0
5.52 -7.73 2.1 22.98 3.42 45.868476 12.306958 0 0
5.99 -7.5 1.95 23.34 3.42 45.868476 12.306958 0 0
5.8 -7.74 1.74 22.66 3.42 45.868476 12.306958 0 0
5.78 -8.14 1.93 22.54 3.42 45.868476 12.306958 0 0
5.66 -8.09 1.94 22.98 3.42 45.868476 12.306958 0 0
5.57 -7.72 1.89 22.78 3.42 45.868476 12.306958 0 0
5.8 -8.09 1.95 22.91 3.44 45.868446 12.306965 1 0
5.98 -7.04 1.81 22.5 3.44 45.868446 12.306965 0 0
5.85 -7.57 2.01 22.48 3.44 45.868446 12.306965 1 0
6.15 -8.12 1.86 22.88 3.44 45.868446 12.306965 0 0
5.86 -8.26 1.39 24.13 3.44 45.868446 12.306965 0 0
5.89 -7.85 1.73 22.48 3.44 45.868446 12.306965 0 0
6.04 -8.07 1.9 22.67 3.44 45.868446 12.306965 0 0
5.62 -7.28 1.86 23.26 3.44 45.868446 12.306965 0 0
