4.54 -9.11 2.31 23.39 3.37 45.868216 12.307033 0 1
6.09 -7.53 3.29 23.58 3.37 45.868216 12.307033 0 1
5.27 -8.06 2.58 23.5 3.37 45.868216 12.307033 0 1
4.91 -9.12 1.18 23.68 3.37 45.868216 12.307033 0 1
6.16 -6.35 2.27 285.56 3.47 45.868185 12.307041 1 1
5.29 -7.67 2.2 6.14 3.47 45.868185 12.307041 1 1
5.78 -8.13 2.15 23.63 3.47 45.868185 12.307041 0 1
5.94 -8.49 2.3 23.58 3.47 45.868185 12.307041 0 1
4.9 -8.53 1.77 22.38 3.47 45.868185 12.307041 0 1
6.8 -7.7 2.51 22.88 3.47 45.868185 12.307041 0 1
6.53 -8.21 1.57 23.29 3.47 45.868185 12.307041 0 1
5.46 -8.14 1.9 23.86 3.47 45.868185 12.307041 0 1
5.78 -6.4 1.13 24.13 3.47 45.868185 12.307041 0 1
4.7 -6.52 1.79 23.03 3.47 45.868185 12.307041 0 1
7.11 -9.76 1.8 23.5 3.47 45.868185 12.307041 0 1
6.23 -10.12 1.31 22.62 3.47 45.868185 12.307041 0 1
5.34 -6.64 1.95 22.9 3.47 45.868185 12.307041 0 1
5.23 -6.55 1.38 25.21 3.39 45.868154 12.307049 1 1
4.5 -5.84 1.46 22.84 3.39 45.868154 12.307049 0 1
5.84 -8.74 1.12 23.15 3.39 45.868154 12.307049 1 1
6.72 -9.97 1.43 23.58 3.39 45.868154 12.307049 0 1
5.74 -7.71 1.77 23.27 3.39 45.868154 12.307049 0 1
5.93 -7.23 1.17 23.14 3.39 45.868154 12.307049 0 1
5.65 -7.4 1.76 22.83 3.39 45.868154 12.307049 0 1
7.05 -8.5 2.95 22.84 3.39 45.868154 12.307049 0 1
6.95 -7.78 2.83 22.67 3.39 45.868154 12.307049 0 1
5.95 -7.38 1.66 23.86 3.39 45.868154 12.307049 0 1
5.34 -6.97 2.38 23.36 3.39 45.868154 12.307049 0 1
6.45 -8.59 1.87 25.26 3.39 45.868154 12.307049 0 1
4.87 -8.26 2.55 22.81 3.39 45.868154 12.307049 0 1
4.94 -9.29 1.68 23.15 3.39 45.868154 12.307049 0 1
6.51 -7.91 -0.65 22.62 3.39 45.868154 12.307049 0 1
5.47 -8.81 1.89 28.71 3.39 45.868154 12.307049 0 1
6.47 -8.45 1.27 24.87 3.39 45.868154 12.307049 0 1
6.6 -7.07 1.5 23.43 3.19 45.868125 12.307058 1 1
