5.69 -7.59 1.68 21.75 2.7 45.408017 11.888668 0
6.28 -7.32 1.77 21.76 2.7 45.408017 11.888668 0
6.72 -8.03 1.69 21.33 2.7 45.408017 11.888668 1
6.55 -7.23 1.85 22.14 2.7 45.408017 11.888668 1
6.12 -7.45 1.77 22.35 2.7 45.408017 11.888668 1
6.11 -7.3 1.65 22.21 2.7 45.408017 11.888668 1
6.25 -7.72 1.35 21.54 2.7 45.408017 11.888668 1
6.11 -8.22 1.33 22.0 2.7 45.408017 11.888668 1
5.49 -8.71 1.66 22.05 2.7 45.408017 11.888668 1
5.44 -7.95 1.3 22.05 2.7 45.408017 11.888668 1
6.0 -7.58 1.75 21.92 2.7 45.408017 11.888668 1
5.78 -7.72 1.48 21.92 2.7 45.408017 11.888668 1
5.81 -8.06 1.7 22.42 2.7 45.408017 11.888668 1
6.19 -7.67 1.84 22.05 2.7 45.408017 11.888668 1
6.28 -7.45 1.94 22.05 2.7 45.408017 11.888668 1
6.11 -7.59 2.18 22.36 2.7 45.408017 11.888668 1
6.13 -7.63 1.92 21.78 2.7 45.408017 11.888668 1
6.27 -7.59 1.62 22.16 3.48 45.408017 11.888632 0
6.22 -7.88 1.82 21.83 3.48 45.408017 11.888632 1
5.67 -8.02 1.95 22.0 3.48 45.408017 11.888632 0
5.9 -7.58 1.86 22.31 3.48 45.408017 11.888632 1
5.78 -8.07 1.84 22.02 3.48 45.408017 11.888632 1
5.88 -7.89 1.73 21.9 3.48 45.408017 11.888632 1
5.84 -7.99 2.23 22.36 3.48 45.408017 11.888632 1
5.98 -7.94 2.14 22.42 3.48 45.408017 11.888632 1
5.8 -7.67 1.92 22.36 3.48 45.408017 11.888632 1
6.17 -7.68 1.92 21.95 3.48 45.408017 11.888632 1
6.03 -7.8 1.77 21.92 3.48 45.408017 11.888632 1
5.94 -7.51 1.68 22.09 3.48 45.408017 11.888632 1
6.07 -7.49 1.91 22.02 3.48 45.408017 11.888632 1
6.25 -7.58 1.77 22.42 3.48 45.408017 11.888632 1
6.04 -7.93 1.99 21.95 3.48 45.408017 11.888632 1
5.75 -8.08 1.52 22.02 3.48 45.408017 11.888632 1
5.62 -7.68 1.52 21.45 3.48 45.408017 11.888632 1
5.82 -7.98 1.69 21.83 2.23 45.408017 11.888609 0
6.05 -7.61 1.75 22.0 2.23 45.408017 11.888609 1
6.17 -7.83 1.81 22.4 2.23 45.408017 11.888609 0
5.99 -7.76 1.71 21.97 2.23 45.408017 11.888609 1
5.92 -7.84 1.77 21.97 2.23 45.408017 11.888609 1
6.23 -7.94 2.03 21.8 2.23 45.408017 11.888609 1
6.0 -7.81 1.97 21.83 2.23 45.408017 11.888609 1
6.25 -7.61 1.66 21.9 2.23 45.408017 11.888609 1
6.06 -7.98 1.85 22.0 2.23 45.408017 11.888609 1
5.91 -7.74 1.74 22.05 2.23 45.408017 11.888609 1
5.83 -8.06 1.84 22.54 2.23 45.408017 11.888609 1
5.67 -7.76 2.07 22.16 2.23 45.408017 11.888609 1
5.73 -7.92 2.0 22.05 2.23 45.408017 11.888609 1
5.79 -7.88 1.75 22.05 2.23 45.408017 11.888609 1
5.77 -7.98 1.99 21.97 2.23 45.408017 11.888609 1
5.82 -7.85 1.78 22.0 2.23 45.408017 11.888609 1
5.96 -7.84 1.73 22.23 2.23 45.408017 11.888609 1
6.1 -7.67 1.68 21.9 2.23 45.408017 11.888609 1
6.11 -7.94 1.7 21.9 1.17 45.408017 11.888595 0
6.04 -7.75 1.67 21.9 1.17 45.408017 11.888595 0
5.94 -7.5 1.79 21.83 1.17 45.408017 11.888595 1
6.02 -7.66 1.86 22.35 1.17 45.408017 11.888595 1
6.2 -8.1 1.55 21.54 1.17 45.408017 11.888595 1
5.74 -8.14 1.78 21.99 1.17 45.408017 11.888595 1
5.64 -7.77 1.57 22.45 1.17 45.408017 11.888595 1
5.57 -8.0 1.59 22.0 1.17 45.408017 11.888595 1
6.24 -7.78 1.61 22.05 1.17 45.408017 11.888595 1
5.82 -7.81 1.81 22.47 1.17 45.408017 11.888595 1
5.98 -7.73 2.03 22.05 1.17 45.408017 11.888595 1
5.98 -7.95 1.75 21.57 1.17 45.408017 11.888595 1
6.14 -7.8 1.68 22.0 1.17 45.408017 11.888595 1
5.82 -7.62 1.83 21.59 1.17 45.408017 11.888595 1
6.1 -7.84 1.82 22.5 1.17 45.408017 11.888595 1
5.92 -7.73 1.85 22.43 1.17 45.408017 11.888595 1
5.81 -7.84 2.02 21.99 1.17 45.408017 11.888595 1
5.81 -7.78 2.09 22.76 2.47 45.408021 11.888573 0
5.71 -7.98 1.93 21.85 2.47 45.408021 11.888573 1
5.83 -8.02 1.67 21.88 2.47 45.408021 11.888573 0
6.03 -7.77 1.63 21.95 2.47 45.408021 11.888573 1
5.9 -7.81 1.82 22.11 2.47 45.408021 11.888573 1
5.76 -7.74 1.78 22.0 2.47 45.408021 11.888573 1
6.14 -7.35 2.09 21.75 2.47 45.408021 11.888573 1
5.94 -8.05 1.7 21.66 2.47 45.408021 11.888573 1
6.31 -7.88 1.66 21.76 2.47 45.408021 11.888573 1
6.1 -7.93 1.74 21.92 2.47 45.408021 11.888573 1
5.98 -7.55 1.82 22.0 2.47 45.408021 11.888573 1
5.92 -7.74 1.99 22.05 2.47 45.408021 11.888573 1
5.86 -8.01 1.33 22.16 2.47 45.408021 11.888573 1
5.37 -7.87 1.72 22.02 2.47 45.408021 11.888573 1
5.98 -7.81 1.68 22.38 2.47 45.408021 11.888573 1
6.05 -8.16 1.74 22.47 2.47 45.408021 11.888573 1
5.82 -7.71 1.93 21.95 2.47 45.408021 11.888573 1
5.91 -7.78 1.98 22.35 2.47 45.408021 11.888573 1
5.97 -7.45 2.07 22.0 3.23 45.408023 11.888538 0
5.91 -7.36 2.26 21.95 3.23 45.408023 11.888538 1
6.41 -8.01 1.82 21.83 3.23 45.408023 11.888538 0
6.07 -8.03 1.82 21.76 3.23 45.408023 11.888538 1
5.7 -7.64 2.24 21.8 3.23 45.408023 11.888538 1
5.84 -7.74 1.93 21.95 3.23 45.408023 11.888538 1
5.86 -7.77 1.66 21.54 3.23 45.408023 11.888538 1
5.84 -8.2 2.06 22.4 3.23 45.408023 11.888538 1
5.54 -7.62 1.85 22.57 3.23 45.408023 11.888538 1
5.99 -7.75 1.95 22.11 3.23 45.408023 11.888538 1
5.85 -7.97 2.08 22.02 3.23 45.408023 11.888538 1
5.97 -7.72 1.87 22.02 3.23 45.408023 11.888538 1
5.79 -7.49 1.81 22.05 3.23 45.408023 11.888538 1
5.9 -7.64 1.69 22.52 3.23 45.408023 11.888538 1
6.05 -7.73 1.8 22.47 3.23 45.408023 11.888538 1
6.27 -7.88 1.72 22.02 3.23 45.408023 11.888538 1
6.08 -7.74 1.55 21.83 3.23 45.408023 11.888538 1
6.04 -8.02 1.79 21.95 3.41 45.408020 11.888495 0
5.72 -7.66 1.63 21.92 3.41 45.408020 11.888495 1
5.63 -8.01 1.75 21.95 3.41 45.408020 11.888495 0
5.7 -7.98 1.76 22.69 3.41 45.408020 11.888495 1
5.77 -8.12 1.83 22.21 3.41 45.408020 11.888495 1
5.92 -7.81 1.82 21.85 3.41 45.408020 11.888495 1
5.95 -7.64 1.92 21.97 3.41 45.408020 11.888495 1
5.89 -7.68 2.0 22.78 3.41 45.408020 11.888495 1
5.96 -7.9 2.03 21.87 3.41 45.408020 11.888495 1
5.95 -7.76 1.89 21.97 3.41 45.408020 11.888495 1
6.27 -7.92 1.74 22.0 3.41 45.408020 11.888495 1
5.8 -7.86 1.75 22.14 3.41 45.408020 11.888495 1
5.77 -7.81 1.88 22.16 3.41 45.408020 11.888495 1
5.53 -7.88 2.0 22.05 3.41 45.408020 11.888495 1
5.96 -8.15 1.8 22.07 3.41 45.408020 11.888495 1
5.85 -7.95 2.05 22.11 3.41 45.408020 11.888495 1
6.03 -7.83 1.86 22.11 3.41 45.408020 11.888495 1
5.98 -7.76 1.65 22.05 3.41 45.408020 11.888495 1
6.02 -7.88 1.83 22.55 3.29 45.408010 11.888454 0
5.94 -7.66 1.42 22.55 3.29 45.408010 11.888454 1
5.95 -7.62 1.74 22.35 3.29 45.408010 11.888454 0
6.19 -7.99 1.92 22.66 3.29 45.408010 11.888454 1
6.07 -7.71 1.75 23.07 3.29 45.408010 11.888454 1
6.01 -7.88 1.79 21.9 3.29 45.408010 11.888454 1
5.8 -7.8 1.75 22.0 3.29 45.408010 11.888454 1
5.71 -7.37 1.92 22.79 3.29 45.408010 11.888454 1
5.71 -8.0 1.77 23.29 3.29 45.408010 11.888454 1
5.78 -8.0 1.56 21.95 3.29 45.408010 11.888454 1
6.34 -8.16 1.68 21.97 3.29 45.408010 11.888454 1
6.14 -7.66 1.94 23.12 3.29 45.408010 11.888454 1
5.59 -7.22 1.87 22.31 3.29 45.408010 11.888454 1
5.61 -8.32 1.66 21.95 3.29 45.408010 11.888454 1
6.65 -7.2 1.96 22.26 3.29 45.408010 11.888454 1
6.03 -8.05 1.51 22.28 3.29 45.408010 11.888454 1
5.96 -8.11 1.84 22.29 3.29 45.408010 11.888454 1
6.04 -7.44 1.94 22.0 2.87 45.408005 11.888416 0
5.7 -6.47 2.03 21.9 2.87 45.408005 11.888416 1
5.82 -9.5 1.68 22.35 2.87 45.408005 11.888416 0
5.63 -7.34 1.87 21.95 2.87 45.408005 11.888416 1
5.53 -8.34 1.53 21.81 2.87 45.408005 11.888416 1
5.85 -7.67 1.61 21.76 2.87 45.408005 11.888416 1
6.49 -7.98 1.65 21.8 2.87 45.408005 11.888416 1
6.2 -7.46 2.02 22.05 2.87 45.408005 11.888416 1
5.83 -7.45 1.54 22.4 2.87 45.408005 11.888416 1
6.19 -7.41 1.68 22.05 2.87 45.408005 11.888416 1
6.19 -8.12 1.6 21.97 2.87 45.408005 11.888416 1
6.18 -8.18 1.69 22.36 2.87 45.408005 11.888416 1
6.3 -7.55 2.24 21.95 2.87 45.408005 11.888416 1
5.8 -7.85 1.93 22.47 2.87 45.408005 11.888416 1
5.85 -8.0 1.64 23.34 2.87 45.408005 11.888416 1
5.46 -7.93 1.59 22.83 2.87 45.408005 11.888416 1
5.92 -7.95 1.52 22.4 2.87 45.408005 11.888416 1
5.97 -7.66 1.86 22.42 2.87 45.408005 11.888416 1
6.21 -7.72 1.9 21.85 3.13 45.408004 11.888377 0
6.07 -7.81 1.86 21.81 3.13 45.408004 11.888377 1
5.83 -7.79 1.96 22.29 3.13 45.408004 11.888377 0
6.38 -7.85 1.97 21.9 3.13 45.408004 11.888377 1
6.27 -7.83 1.83 21.88 3.13 45.408004 11.888377 1
5.8 -7.69 2.05 21.83 3.13 45.408004 11.888377 1
6.07 -7.89 1.93 21.95 3.13 45.408004 11.888377 1
5.76 -7.57 2.06 21.85 3.13 45.408004 11.888377 1
5.63 -8.3 1.78 22.38 3.13 45.408004 11.888377 1
6.16 -7.23 1.69 22.17 3.13 45.408004 11.888377 1
5.42 -7.69 1.53 22.05 3.13 45.408004 11.888377 1
6.02 -8.05 1.94 22.14 3.13 45.408004 11.888377 1
6.13 -8.22 1.64 22.19 3.13 45.408004 11.888377 1
6.32 -6.96 1.71 22.07 3.13 45.408004 11.888377 1
5.92 -8.51 1.79 22.21 3.13 45.408004 11.888377 1
6.05 -6.6 1.91 22.57 3.13 45.408004 11.888377 1
6.03 -8.54 1.97 21.85 3.13 45.408004 11.888377 1
6.21 -7.68 1.57 21.75 2.76 45.408002 11.888340 0
5.97 -8.54 1.58 21.49 2.76 45.408002 11.888340 1
5.43 -7.54 1.62 21.99 2.76 45.408002 11.888340 0
5.69 -7.54 1.81 21.95 2.76 45.408002 11.888340 1
6.01 -7.9 1.51 21.8 2.76 45.408002 11.888340 1
6.04 -8.04 1.87 21.95 2.76 45.408002 11.888340 1
5.94 -7.89 1.74 21.95 2.76 45.408002 11.888340 1
5.98 -7.09 2.35 21.93 2.76 45.408002 11.888340 1
6.08 -7.95 1.92 21.78 2.76 45.408002 11.888340 1
6.4 -7.61 2.01 22.0 2.76 45.408002 11.888340 1
6.25 -7.49 2.41 21.59 2.76 45.408002 11.888340 1
6.17 -7.77 1.94 22.07 2.76 45.408002 11.888340 1
5.79 -7.35 1.9 22.11 2.76 45.408002 11.888340 1
5.69 -8.0 1.79 22.05 2.76 45.408002 11.888340 1
5.46 -8.1 1.77 22.0 2.76 45.408002 11.888340 1
5.69 -8.22 1.71 21.97 2.76 45.408002 11.888340 1
5.8 -7.96 1.76 21.8 2.76 45.408002 11.888340 1
5.86 -7.72 1.81 21.93 2.76 45.408002 11.888340 1
6.0 -7.9 1.75 21.9 3.04 45.407997 11.888302 0
6.19 -7.7 1.61 21.92 3.04 45.407997 11.888302 1
6.28 -7.64 1.85 21.52 3.04 45.407997 11.888302 0
6.11 -7.87 1.44 22.04 3.04 45.407997 11.888302 1
5.94 -7.54 1.73 22.09 3.04 45.407997 11.888302 1
5.84 -7.75 1.8 22.0 3.04 45.407997 11.888302 1
6.03 -8.03 2.01 21.9 3.04 45.407997 11.888302 1
5.7 -8.18 1.7 21.8 3.04 45.407997 11.888302 1
5.74 -8.04 1.48 22.02 3.04 45.407997 11.888302 1
5.52 -7.99 1.78 22.11 3.04 45.407997 11.888302 1
5.82 -7.88 1.95 22.05 3.04 45.407997 11.888302 1
6.13 -7.59 2.04 22.0 3.04 45.407997 11.888302 1
6.22 -7.74 1.89 21.97 3.04 45.407997 11.888302 1
6.2 -7.84 1.81 22.54 3.04 45.407997 11.888302 1
6.11 -7.52 1.87 21.75 3.04 45.407997 11.888302 1
6.18 -7.52 1.77 22.16 3.04 45.407997 11.888302 1
6.04 -7.79 2.1 21.83 3.04 45.407997 11.888302 1
6.17 -7.88 1.89 21.92 2.76 45.407992 11.888264 0
5.92 -7.97 1.51 22.0 2.76 45.407992 11.888264 1
5.65 -7.88 1.74 21.63 2.76 45.407992 11.888264 0
5.48 -7.62 1.61 21.76 2.76 45.407992 11.888264 1
6.0 -7.77 1.75 21.73 2.76 45.407992 11.888264 1
6.13 -8.4 1.89 21.69 2.76 45.407992 11.888264 1
6.0 -7.44 1.47 21.45 2.76 45.407992 11.888264 1
6.01 -8.38 1.56 21.49 2.76 45.407992 11.888264 1
5.5 -7.11 1.87 21.93 2.76 45.407992 11.888264 1
5.89 -7.7 1.95 22.16 2.76 45.407992 11.888264 1
6.24 -7.53 1.92 22.47 2.76 45.407992 11.888264 1
6.02 -8.11 1.77 22.07 2.76 45.407992 11.888264 1
5.99 -8.03 2.18 21.56 2.76 45.407992 11.888264 1
5.41 -7.64 1.78 21.85 2.76 45.407992 11.888264 1
5.8 -7.53 1.85 21.08 2.76 45.407992 11.888264 1
5.15 -6.1 1.63 21.23 2.76 45.407992 11.888264 1
10.13 -9.23 1.0 21.03 2.76 45.407992 11.888264 1
6.84 -10.65 1.42 22.4 2.76 45.407992 11.888264 1
4.21 -6.31 2.08 25.24 1.89 45.407988 11.888235 0
3.95 -7.73 1.27 25.52 1.89 45.407988 11.888235 1
2.95 -1.73 2.08 22.19 1.89 45.407988 11.888235 0
8.16 -10.16 0.31 20.15 1.89 45.407988 11.888235 1
4.11 -16.4 4.38 20.56 1.89 45.407988 11.888235 1
5.74 -6.14 2.07 22.09 1.89 45.407988 11.888235 1
4.18 -5.25 1.62 22.12 1.89 45.407988 11.888235 1
5.4 -6.82 2.03 22.0 1.89 45.407988 11.888235 1
5.47 -7.73 2.44 21.87 1.89 45.407988 11.888235 1
6.82 -7.89 0.9 21.66 1.89 45.407988 11.888235 1
6.57 -8.91 1.45 22.04 1.89 45.407988 11.888235 1
6.06 -7.33 1.76 22.16 1.89 45.407988 11.888235 1
6.2 -6.72 1.92 22.21 1.89 45.407988 11.888235 1
6.2 -7.54 1.84 21.61 1.89 45.407988 11.888235 1
5.94 -7.99 1.59 21.95 1.89 45.407988 11.888235 1
6.14 -8.32 1.36 22.0 1.89 45.407988 11.888235 1
5.85 -7.62 1.73 22.0 1.89 45.407988 11.888235 1
5.87 -7.83 1.44 21.51 2.41 45.407966 11.888227 0
5.98 -7.5 1.51 21.93 2.41 45.407966 11.888227 1
5.75 -7.77 1.72 21.93 2.41 45.407966 11.888227 0
5.75 -8.19 1.82 22.0 2.41 45.407966 11.888227 1
5.88 -8.0 1.76 21.99 2.41 45.407966 11.888227 1
6.32 -7.4 2.37 21.85 2.41 45.407966 11.888227 1
6.3 -7.59 2.18 21.54 2.41 45.407966 11.888227 1
6.27 -7.86 2.02 21.93 2.41 45.407966 11.888227 1
6.44 -7.27 1.93 21.95 2.41 45.407966 11.888227 1
6.59 -7.33 1.62 22.05 2.41 45.407966 11.888227 1
5.92 -7.85 1.54 22.05 2.41 45.407966 11.888227 1
5.53 -8.08 2.07 21.66 2.41 45.407966 11.888227 1
5.57 -7.87 2.21 22.52 2.41 45.407966 11.888227 1
5.58 -8.12 1.78 22.05 2.41 45.407966 11.888227 1
5.48 -8.23 1.63 22.02 2.41 45.407966 11.888227 1
5.52 -7.76 1.92 21.52 2.41 45.407966 11.888227 1
5.99 -7.89 1.99 21.95 2.41 45.407966 11.888227 1
5.8 -7.79 1.84 21.28 2.41 45.407966 11.888227 1
6.12 -7.78 1.3 21.39 3.35 45.407945 11.888201 0
6.13 -7.66 1.98 21.95 3.35 45.407945 11.888201 1
5.89 -7.72 1.67 22.02 3.35 45.407945 11.888201 0
5.89 -7.64 2.19 22.09 3.35 45.407945 11.888201 1
5.84 -7.57 1.91 22.05 3.35 45.407945 11.888201 1
5.88 -8.04 1.82 21.54 3.35 45.407945 11.888201 1
5.88 -8.26 1.49 21.49 3.35 45.407945 11.888201 1
5.84 -7.87 1.87 21.97 3.35 45.407945 11.888201 1
5.67 -7.97 1.75 22.16 3.35 45.407945 11.888201 1
5.72 -7.72 1.81 22.16 3.35 45.407945 11.888201 1
5.71 -7.83 1.51 22.0 3.35 45.407945 11.888201 1
5.97 -7.98 1.67 21.87 3.35 45.407945 11.888201 1
6.04 -8.27 1.7 21.9 3.35 45.407945 11.888201 1
5.77 -7.95 1.81 22.0 3.35 45.407945 11.888201 1
5.49 -7.76 1.38 22.09 3.35 45.407945 11.888201 1
5.8 -7.74 1.32 22.0 3.35 45.407945 11.888201 1
5.74 -7.78 1.69 21.66 3.35 45.407945 11.888201 1
5.98 -8.2 1.66 21.85 1.48 45.407942 11.888179 0
5.9 -7.84 1.87 21.83 1.48 45.407942 11.888179 1
5.85 -7.61 1.96 21.95 1.48 45.407942 11.888179 0
5.9 -7.81 2.02 21.87 1.48 45.407942 11.888179 1
6.12 -7.62 1.81 21.75 1.48 45.407942 11.888179 1
6.21 -7.66 1.87 21.4 1.48 45.407942 11.888179 1
6.21 -7.65 1.88 21.39 1.48 45.407942 11.888179 1
6.21 -7.66 1.87 21.41 1.48 45.407942 11.888179 1
6.2 -7.66 1.86 21.4 1.48 45.407942 11.888179 1
6.21 -7.67 1.87 21.4 1.48 45.407942 11.888179 1
6.21 -7.66 1.87 21.4 1.48 45.407942 11.888179 1
6.21 -7.66 1.86 21.4 1.48 45.407942 11.888179 1
6.22 -7.67 1.87 21.4 1.48 45.407942 11.888179 1
6.21 -7.66 1.86 21.4 1.48 45.407942 11.888179 1
6.22 -7.66 1.87 21.4 1.48 45.407942 11.888179 1
6.21 -7.67 1.86 21.4 1.48 45.407942 11.888179 1
6.21 -7.66 1.86 21.39 1.48 45.407942 11.888179 1
6.2 -7.66 1.87 21.41 1.48 45.407942 11.888179 1
6.22 -7.66 1.88 21.39 1.48 45.407942 11.888179 1
6.2 -7.66 1.86 21.4 1.48 45.407942 11.888179 1
6.21 -7.67 1.88 21.4 1.48 45.407942 11.888179 1
6.22 -7.66 1.87 21.41 1.48 45.407942 11.888179 1
6.2 -7.67 1.87 21.41 1.48 45.407942 11.888179 1
6.22 -7.67 1.86 21.41 1.48 45.407942 11.888179 1
6.21 -7.66 1.88 21.39 1.48 45.407942 11.888179 1
6.22 -7.65 1.86 21.39 1.48 45.407942 11.888179 1
6.21 -7.66 1.87 21.4 1.48 45.407942 11.888179 1
6.22 -7.65 1.87 21.4 1.48 45.407942 11.888179 1
6.21 -7.66 1.86 21.4 1.48 45.407942 11.888179 1
6.21 -7.66 1.86 21.41 1.48 45.407942 11.888179 1
6.21 -7.66 1.87 21.4 1.48 45.407942 11.888179 1
6.21 -7.66 1.86 21.4 1.48 45.407942 11.888179 1
6.22 -7.65 1.87 21.39 1.48 45.407942 11.888179 1
6.21 -7.66 1.88 21.41 1.48 45.407942 11.888179 1
6.21 -7.65 1.87 21.4 1.48 45.407942 11.888179 1
6.21 -7.66 1.86 21.4 1.48 45.407942 11.888179 1
6.2 -7.66 1.88 21.4 1.48 45.407942 11.888179 1
6.2 -7.67 1.86 21.4 1.48 45.407942 11.888179 1
6.21 -7.66 1.87 21.4 1.48 45.407942 11.888179 1
6.22 -7.67 1.87 21.39 1.48 45.407942 11.888179 1
6.2 -7.65 1.88 21.4 1.48 45.407942 11.888179 1
6.21 -7.67 1.86 21.41 1.48 45.407942 11.888179 1
6.21 -7.66 1.87 21.39 1.48 45.407942 11.888179 1
6.21 -7.66 1.88 21.4 1.48 45.407942 11.888179 1
6.21 -7.66 1.86 21.4 1.48 45.407942 11.888179 1
6.21 -7.66 1.86 21.41 1.48 45.407942 11.888179 1
6.2 -7.66 1.87 21.41 1.48 45.407942 11.888179 1
6.2 -7.66 1.87 21.4 1.48 45.407942 11.888179 1
6.21 -7.67 1.86 21.41 1.48 45.407942 11.888179 1
6.22 -7.67 1.87 21.4 1.48 45.407942 11.888179 1
6.22 -7.66 1.86 21.41 1.48 45.407942 11.888179 1
6.21 -7.66 1.87 21.41 1.48 45.407942 11.888179 1
6.2 -7.66 1.87 21.39 1.48 45.407942 11.888179 1
6.22 -7.65 1.88 21.41 1.48 45.407942 11.888179 1
6.21 -7.65 1.87 21.4 1.48 45.407942 11.888179 1
6.2 -7.66 1.87 21.4 1.48 45.407942 11.888179 1
6.21 -7.66 1.86 21.39 1.48 45.407942 11.888179 1
6.21 -7.67 1.86 21.4 1.48 45.407942 11.888179 1
6.2 -7.65 1.86 21.41 1.48 45.407942 11.888179 1
6.22 -7.67 1.86 21.41 1.48 45.407942 11.888179 1
6.2 -7.66 1.86 21.41 1.48 45.407942 11.888179 1
6.21 -7.66 1.87 21.41 1.48 45.407942 11.888179 1
6.21 -7.66 1.86 21.4 1.48 45.407942 11.888179 1
6.21 -7.65 1.87 21.41 1.48 45.407942 11.888179 1
6.21 -7.66 1.86 21.39 1.48 45.407942 11.888179 1
6.21 -7.66 1.86 21.39 1.48 45.407942 11.888179 1
6.22 -7.66 1.87 21.41 1.48 45.407942 11.888179 1
6.2 -7.67 1.87 21.39 1.48 45.407942 11.888179 1
6.21 -7.67 1.88 21.41 1.48 45.407942 11.888179 1
6.2 -7.66 1.88 21.41 1.48 45.407942 11.888179 1
6.21 -7.65 1.87 21.4 1.48 45.407942 11.888179 1
