5.51 -7.94 2.27 22.52 1.55 45.407984 11.888708 0
5.69 -7.91 2.02 21.56 1.55 45.407984 11.888708 1
5.64 -8.09 1.64 22.36 1.55 45.407984 11.888708 1
5.32 -8.35 1.68 21.97 1.55 45.407984 11.888708 1
5.63 -8.14 1.54 22.02 1.55 45.407984 11.888708 1
5.73 -7.56 1.72 22.0 1.55 45.407984 11.888708 1
6.08 -7.83 1.64 21.8 1.55 45.407984 11.888708 1
6.01 -7.67 1.59 21.42 1.55 45.407984 11.888708 0
6.12 -7.53 1.8 21.3 1.55 45.407984 11.888708 1
6.4 -7.7 1.6 21.39 1.55 45.407984 11.888708 0
6.5 -7.76 1.69 22.0 1.55 45.407984 11.888708 1
6.35 -7.37 1.44 22.16 1.55 45.407984 11.888708 1
6.12 -7.41 1.33 21.75 1.55 45.407984 11.888708 1
6.17 -7.43 1.25 22.67 1.55 45.407984 11.888708 1
6.3 -7.75 1.39 22.0 1.55 45.407984 11.888708 1
5.94 -7.92 1.39 21.9 1.55 45.407984 11.888708 1
6.07 -8.26 1.39 22.0 1.55 45.407984 11.888708 1
5.62 -8.2 1.15 22.05 1.55 45.407984 11.888708 1
5.39 -7.9 1.53 22.05 1.55 45.407984 11.888708 1
5.93 -7.87 1.53 21.88 1.55 45.407984 11.888708 1
5.92 -7.68 1.64 22.31 1.55 45.407984 11.888708 1
6.08 -8.01 1.98 21.9 1.55 45.407984 11.888708 1
5.93 -7.97 2.0 21.92 1.55 45.407984 11.888708 1
6.13 -7.41 2.0 22.23 1.55 45.407984 11.888708 1
6.2 -7.37 1.96 21.81 1.55 45.407984 11.888708 1
6.13 -7.76 1.99 21.87 2.18 45.407989 11.888693 0
6.09 -7.84 1.75 21.44 2.18 45.407989 11.888693 1
5.91 -7.86 1.98 21.8 2.18 45.407989 11.888693 0
6.16 -7.65 2.12 21.8 2.18 45.407989 11.888693 1
6.39 -7.85 2.19 21.81 2.18 45.407989 11.888693 1
5.91 -7.83 2.06 21.97 2.18 45.407989 11.888693 1
5.75 -7.8 2.02 21.87 2.18 45.407989 11.888693 1
5.6 -7.85 2.07 21.99 2.18 45.407989 11.888693 1
5.8 -8.02 1.95 22.07 2.18 45.407989 11.888693 1
5.97 -7.91 2.01 22.12 2.18 45.407989 11.888693 1
5.97 -7.92 1.75 22.11 2.18 45.407989 11.888693 1
6.2 -7.74 1.75 22.17 2.18 45.407989 11.888693 1
6.08 -7.6 1.67 22.42 2.18 45.407989 11.888693 1
6.34 -7.65 1.58 21.87 2.18 45.407989 11.888693 1
6.34 -7.58 1.7 21.95 2.18 45.407989 11.888693 1
5.97 -8.0 1.67 21.95 2.18 45.407989 11.888693 1
6.18 -7.54 1.69 21.85 2.18 45.407989 11.888693 1
6.03 -7.56 1.79 21.95 1.85 45.407990 11.888673 0
6.17 -7.35 1.76 21.73 1.85 45.407990 11.888673 1
6.04 -7.99 1.59 22.21 1.85 45.407990 11.888673 0
6.04 -7.87 1.29 21.64 1.85 45.407990 11.888673 1
5.89 -7.89 1.65 21.75 1.85 45.407990 11.888673 1
5.51 -7.96 1.8 21.39 1.85 45.407990 11.888673 1
5.77 -7.74 1.47 22.35 1.85 45.407990 11.888673 1
5.84 -7.85 1.71 21.95 1.85 45.407990 11.888673 1
6.03 -7.68 1.77 21.95 1.85 45.407990 11.888673 1
5.88 -7.56 1.98 22.05 1.85 45.407990 11.888673 1
6.01 -7.85 1.79 22.0 1.85 45.407990 11.888673 1
5.99 -7.86 1.99 22.05 1.85 45.407990 11.888673 1
5.99 -7.65 1.95 22.04 1.85 45.407990 11.888673 1
5.97 -7.49 1.68 22.0 1.85 45.407990 11.888673 1
6.05 -7.76 1.91 21.95 1.85 45.407990 11.888673 1
6.02 -7.78 1.79 22.0 1.85 45.407990 11.888673 1
6.06 -7.85 1.89 21.97 1.85 45.407990 11.888673 1
5.73 -7.74 2.02 22.0 1.85 45.407990 11.888673 1
5.85 -7.77 1.98 22.11 2.51 45.407995 11.888642 0
5.59 -7.72 2.02 22.07 2.51 45.407995 11.888642 1
5.64 -7.79 1.6 22.35 2.51 45.407995 11.888642 0
5.94 -7.87 1.84 21.78 2.51 45.407995 11.888642 1
5.83 -7.97 1.72 21.37 2.51 45.407995 11.888642 1
6.15 -7.63 1.81 21.87 2.51 45.407995 11.888642 1
5.97 -7.84 1.73 22.28 2.51 45.407995 11.888642 1
5.99 -7.38 1.56 21.9 2.51 45.407995 11.888642 1
6.21 -7.68 1.68 21.95 2.51 45.407995 11.888642 1
6.16 -7.62 1.48 21.99 2.51 45.407995 11.888642 1
6.17 -7.7 1.9 22.0 2.51 45.407995 11.888642 1
5.81 -7.73 1.9 22.0 2.51 45.407995 11.888642 1
5.96 -7.67 1.69 22.0 2.51 45.407995 11.888642 1
5.92 -7.85 1.73 21.66 2.51 45.407995 11.888642 1
5.73 -7.86 1.55 22.02 2.51 45.407995 11.888642 1
5.71 -7.77 1.64 22.05 2.51 45.407995 11.888642 1
5.7 -7.98 1.57 21.9 2.51 45.407995 11.888642 1
5.93 -8.11 1.66 21.81 2.45 45.408003 11.888612 0
5.9 -7.85 1.81 21.45 2.45 45.408003 11.888612 1
5.86 -7.85 2.06 21.47 2.45 45.408003 11.888612 1
5.81 -7.82 1.79 21.9 2.45 45.408003 11.888612 0
6.0 -7.4 1.77 21.95 2.45 45.408003 11.888612 1
6.24 -8.01 1.79 21.9 2.45 45.408003 11.888612 1
5.84 -7.71 2.06 21.87 2.45 45.408003 11.888612 1
6.11 -7.81 1.8 21.87 2.45 45.408003 11.888612 1
6.05 -7.93 1.79 21.92 2.45 45.408003 11.888612 1
5.58 -7.81 1.78 21.93 2.45 45.408003 11.888612 1
5.86 -7.72 2.08 22.36 2.45 45.408003 11.888612 1
5.69 -8.18 1.9 21.56 2.45 45.408003 11.888612 1
6.02 -7.92 2.1 22.47 2.45 45.408003 11.888612 1
5.84 -7.57 1.72 21.61 2.45 45.408003 11.888612 1
6.05 -7.84 1.97 22.04 2.45 45.408003 11.888612 1
5.85 -7.75 2.01 22.05 2.45 45.408003 11.888612 1
6.04 -8.05 1.65 22.11 2.45 45.408003 11.888612 1
6.11 -7.47 1.74 21.97 2.45 45.408003 11.888612 1
5.91 -7.6 1.99 21.9 2.66 45.408011 11.888582 0
6.01 -7.81 1.86 21.85 2.66 45.408011 11.888582 1
6.21 -7.97 1.62 21.85 2.66 45.408011 11.888582 0
6.11 -7.58 1.75 21.81 2.66 45.408011 11.888582 1
5.94 -7.75 1.88 21.9 2.66 45.408011 11.888582 1
5.98 -7.81 1.7 21.9 2.66 45.408011 11.888582 1
5.94 -7.94 1.72 22.0 2.66 45.408011 11.888582 1
5.5 -7.62 1.7 22.05 2.66 45.408011 11.888582 1
5.81 -7.95 1.74 22.05 2.66 45.408011 11.888582 1
5.85 -8.09 1.72 23.74 2.66 45.408011 11.888582 1
6.08 -7.67 1.82 21.63 2.66 45.408011 11.888582 1
6.14 -7.86 1.73 22.54 2.66 45.408011 11.888582 1
5.9 -7.71 1.83 22.16 2.66 45.408011 11.888582 1
6.11 -7.71 1.84 22.21 2.66 45.408011 11.888582 1
6.0 -7.74 1.69 22.19 2.66 45.408011 11.888582 1
5.86 -7.83 1.9 22.09 2.66 45.408011 11.888582 1
5.94 -7.87 1.81 21.83 2.66 45.408011 11.888582 1
6.01 -7.97 1.98 21.51 2.56 45.408018 11.888550 0
6.07 -7.67 2.01 22.28 2.56 45.408018 11.888550 1
5.94 -7.75 1.68 22.31 2.56 45.408018 11.888550 1
5.56 -8.06 1.88 21.85 2.56 45.408018 11.888550 0
5.71 -7.77 1.84 22.24 2.56 45.408018 11.888550 1
5.79 -7.9 1.8 21.32 2.56 45.408018 11.888550 1
5.91 -7.83 1.95 21.87 2.56 45.408018 11.888550 1
5.88 -8.1 1.81 21.87 2.56 45.408018 11.888550 1
5.96 -7.77 1.85 21.87 2.56 45.408018 11.888550 1
6.12 -7.48 1.72 21.99 2.56 45.408018 11.888550 1
6.22 -7.85 1.8 22.4 2.56 45.408018 11.888550 1
5.95 -7.73 1.83 21.95 2.56 45.408018 11.888550 1
6.29 -8.11 1.85 22.0 2.56 45.408018 11.888550 1
5.87 -7.49 1.88 22.04 2.56 45.408018 11.888550 1
6.01 -7.81 1.89 22.05 2.56 45.408018 11.888550 1
5.87 -7.79 1.92 22.11 2.56 45.408018 11.888550 1
5.78 -7.87 1.86 22.0 2.56 45.408018 11.888550 1
5.77 -7.9 1.7 21.92 2.56 45.408018 11.888550 1
5.65 -8.13 1.7 21.95 2.5 45.408023 11.888517 0
5.77 -8.05 1.61 22.36 2.5 45.408023 11.888517 1
5.75 -8.0 1.7 22.48 2.5 45.408023 11.888517 0
5.68 -7.9 1.9 22.48 2.5 45.408023 11.888517 1
5.89 -7.78 1.76 22.0 2.5 45.408023 11.888517 1
6.02 -7.75 1.9 21.95 2.5 45.408023 11.888517 1
6.09 -7.83 1.88 21.9 2.5 45.408023 11.888517 1
5.93 -7.78 1.81 21.9 2.5 45.408023 11.888517 1
5.97 -8.2 1.8 22.05 2.5 45.408023 11.888517 1
5.78 -7.66 1.85 22.11 2.5 45.408023 11.888517 1
5.79 -7.76 1.81 22.57 2.5 45.408023 11.888517 1
5.85 -7.82 1.9 22.07 2.5 45.408023 11.888517 1
5.98 -8.01 1.77 22.52 2.5 45.408023 11.888517 1
5.86 -7.84 1.91 22.52 2.5 45.408023 11.888517 1
5.89 -7.93 1.85 22.11 2.5 45.408023 11.888517 1
6.14 -7.71 1.98 22.16 2.5 45.408023 11.888517 1
6.06 -7.67 2.02 21.87 2.5 45.408023 11.888517 1
6.0 -7.99 2.01 22.47 2.5 45.408023 11.888517 1
6.38 -7.58 1.87 22.9 2.31 45.408021 11.888485 0
6.37 -7.29 1.78 25.6 2.31 45.408021 11.888485 1
5.88 -7.89 1.91 21.75 2.31 45.408021 11.888485 0
6.16 -7.77 1.8 22.16 2.31 45.408021 11.888485 1
5.96 -7.56 1.54 22.16 2.31 45.408021 11.888485 1
6.3 -7.57 1.64 21.8 2.31 45.408021 11.888485 1
6.1 -8.07 1.34 22.66 2.31 45.408021 11.888485 1
5.85 -7.36 1.76 21.95 2.31 45.408021 11.888485 1
5.98 -7.14 1.6 21.56 2.31 45.408021 11.888485 1
5.99 -8.06 1.27 22.0 2.31 45.408021 11.888485 1
5.61 -7.75 1.82 21.97 2.31 45.408021 11.888485 1
6.33 -7.71 2.1 22.09 2.31 45.408021 11.888485 1
6.12 -7.52 1.79 22.26 2.31 45.408021 11.888485 1
6.08 -7.3 1.76 22.16 2.31 45.408021 11.888485 1
6.61 -7.75 1.62 21.9 2.31 45.408021 11.888485 1
6.25 -7.73 1.61 21.85 2.31 45.408021 11.888485 1
6.02 -7.87 1.82 22.26 2.31 45.408021 11.888485 1
6.01 -7.87 2.11 21.87 3.14 45.408018 11.888446 0
6.26 -6.98 2.0 21.85 3.14 45.408018 11.888446 1
6.07 -7.41 2.09 22.0 3.14 45.408018 11.888446 0
5.81 -8.23 1.89 22.09 3.14 45.408018 11.888446 1
5.72 -7.41 2.09 46.41 3.14 45.408018 11.888446 1
5.9 -7.85 1.94 22.76 3.14 45.408018 11.888446 1
5.83 -8.17 1.95 21.76 3.14 45.408018 11.888446 1
5.97 -7.61 1.72 22.26 3.14 45.408018 11.888446 1
6.3 -8.14 1.88 22.05 3.14 45.408018 11.888446 1
5.99 -7.0 1.87 22.26 3.14 45.408018 11.888446 1
6.19 -7.45 2.01 22.16 3.14 45.408018 11.888446 1
5.92 -7.98 1.83 22.05 3.14 45.408018 11.888446 1
6.04 -7.9 1.82 21.93 3.14 45.408018 11.888446 1
6.45 -7.68 1.63 21.95 3.14 45.408018 11.888446 1
5.96 -8.14 1.41 22.05 3.14 45.408018 11.888446 1
5.77 -7.79 1.69 22.52 3.14 45.408018 11.888446 1
5.65 -7.83 1.6 21.97 3.14 45.408018 11.888446 1
5.68 -7.72 1.89 21.97 2.89 45.408004 11.888409 0
5.99 -7.94 1.92 22.76 2.89 45.408004 11.888409 1
6.08 -7.77 1.81 21.87 2.89 45.408004 11.888409 1
5.98 -7.85 1.75 21.9 2.89 45.408004 11.888409 0
6.15 -7.57 1.84 21.81 2.89 45.408004 11.888409 1
6.13 -7.53 1.78 21.78 2.89 45.408004 11.888409 1
6.01 -7.78 1.59 22.31 2.89 45.408004 11.888409 1
6.19 -7.7 2.07 21.9 2.89 45.408004 11.888409 1
6.14 -7.77 1.89 22.36 2.89 45.408004 11.888409 1
5.74 -7.73 1.94 22.07 2.89 45.408004 11.888409 1
5.84 -7.67 1.92 22.93 2.89 45.408004 11.888409 1
6.76 -8.31 1.99 22.93 2.89 45.408004 11.888409 1
5.07 -7.53 1.78 22.54 2.89 45.408004 11.888409 1
6.12 -8.23 1.84 22.57 2.89 45.408004 11.888409 1
5.79 -7.43 1.77 22.17 2.89 45.408004 11.888409 1
7.12 -7.33 1.89 21.95 2.89 45.408004 11.888409 1
7.43 -8.22 1.86 22.05 2.89 45.408004 11.888409 1
5.9 -6.58 1.17 22.07 2.89 45.408004 11.888409 1
6.41 -7.71 1.7 21.87 3.15 45.407997 11.888370 0
6.31 -6.84 1.49 22.16 3.15 45.407997 11.888370 1
6.34 -8.36 1.53 22.16 3.15 45.407997 11.888370 0
6.08 -7.5 1.68 21.85 3.15 45.407997 11.888370 1
6.21 -7.54 1.87 21.87 3.15 45.407997 11.888370 1
5.62 -7.82 2.03 21.76 3.15 45.407997 11.888370 1
5.75 -7.83 1.71 21.87 3.15 45.407997 11.888370 1
6.17 -7.71 1.79 21.71 3.15 45.407997 11.888370 1
6.23 -6.86 1.65 21.92 3.15 45.407997 11.888370 1
6.41 -7.9 1.82 21.92 3.15 45.407997 11.888370 1
6.29 -7.43 2.08 21.99 3.15 45.407997 11.888370 1
6.42 -7.58 2.05 22.05 3.15 45.407997 11.888370 1
6.27 -7.41 2.36 22.52 3.15 45.407997 11.888370 1
5.93 -7.62 1.8 22.05 3.15 45.407997 11.888370 1
5.91 -8.03 1.71 21.97 3.15 45.407997 11.888370 1
5.94 -7.94 2.09 22.0 3.15 45.407997 11.888370 1
6.03 -7.99 1.75 21.93 3.15 45.407997 11.888370 1
5.72 -7.84 1.84 21.9 3.53 45.407991 11.888324 0
6.05 -7.98 1.92 21.81 3.53 45.407991 11.888324 1
6.38 -7.51 1.73 21.81 3.53 45.407991 11.888324 1
6.58 -7.88 1.91 21.9 3.53 45.407991 11.888324 0
6.14 -7.48 1.74 22.0 3.53 45.407991 11.888324 1
6.21 -7.5 1.59 22.05 3.53 45.407991 11.888324 1
6.29 -7.56 1.72 21.92 3.53 45.407991 11.888324 1
6.16 -8.14 1.66 21.87 3.53 45.407991 11.888324 1
5.58 -7.72 1.94 21.92 3.53 45.407991 11.888324 1
6.33 -7.92 1.64 21.63 3.53 45.407991 11.888324 1
5.64 -7.93 1.23 22.02 3.53 45.407991 11.888324 1
5.99 -7.47 1.52 21.66 3.53 45.407991 11.888324 1
6.22 -7.96 1.58 22.0 3.53 45.407991 11.888324 1
6.42 -7.77 1.98 21.61 3.53 45.407991 11.888324 1
6.04 -7.4 1.92 22.07 3.53 45.407991 11.888324 1
6.17 -7.54 1.96 22.16 3.53 45.407991 11.888324 1
6.38 -7.5 1.98 22.02 3.53 45.407991 11.888324 1
6.17 -7.98 1.56 21.97 3.53 45.407991 11.888324 1
5.85 -7.96 2.22 21.51 2.78 45.407992 11.888287 0
5.76 -7.51 1.93 21.95 2.78 45.407992 11.888287 1
5.71 -7.68 1.85 21.33 2.78 45.407992 11.888287 0
5.59 -8.35 1.7 21.59 2.78 45.407992 11.888287 1
6.08 -7.71 1.64 21.25 2.78 45.407992 11.888287 1
6.48 -8.57 1.8 21.45 2.78 45.407992 11.888287 1
5.83 -7.15 1.52 22.47 2.78 45.407992 11.888287 1
6.17 -7.5 1.51 22.72 2.78 45.407992 11.888287 1
6.17 -7.79 1.71 21.75 2.78 45.407992 11.888287 1
5.71 -7.3 1.66 22.05 2.78 45.407992 11.888287 1
5.09 -8.54 1.79 21.92 2.78 45.407992 11.888287 1
5.5 -7.47 1.67 21.2 2.78 45.407992 11.888287 1
5.05 -5.8 1.77 21.8 2.78 45.407992 11.888287 1
10.33 -9.53 1.42 20.68 2.78 45.407992 11.888287 1
7.34 -9.88 2.44 22.93 2.78 45.407992 11.888287 1
3.79 -7.7 1.78 24.54 2.78 45.407992 11.888287 1
4.3 -6.71 1.67 24.42 2.78 45.407992 11.888287 1
7.29 -9.78 6.37 21.23 2.78 45.407992 11.888287 1
8.2 -12.93 2.46 20.32 2.92 45.407983 11.888251 0
7.92 -11.0 4.15 21.54 2.92 45.407983 11.888251 1
4.01 -5.18 0.92 21.75 2.92 45.407983 11.888251 0
3.93 -6.9 2.16 21.8 2.92 45.407983 11.888251 1
3.79 -8.6 2.09 21.54 2.92 45.407983 11.888251 1
7.5 -6.94 1.6 21.59 2.92 45.407983 11.888251 1
7.55 -8.78 2.02 21.44 2.92 45.407983 11.888251 1
4.55 -8.49 1.81 22.11 2.92 45.407983 11.888251 1
4.86 -7.37 1.81 22.26 2.92 45.407983 11.888251 1
6.03 -7.87 2.04 21.59 2.92 45.407983 11.888251 1
6.54 -7.95 1.64 21.95 2.92 45.407983 11.888251 1
6.01 -8.32 1.89 22.02 2.92 45.407983 11.888251 1
5.57 -7.7 1.76 21.75 2.92 45.407983 11.888251 1
5.48 -8.06 1.97 22.16 2.92 45.407983 11.888251 1
6.15 -7.68 1.68 22.11 2.92 45.407983 11.888251 1
5.74 -8.06 1.73 22.12 2.92 45.407983 11.888251 1
5.56 -8.09 1.58 21.64 2.92 45.407983 11.888251 1
5.63 -7.9 1.52 21.97 2.82 45.407966 11.888222 0
5.88 -8.05 1.43 21.85 2.82 45.407966 11.888222 1
5.69 -8.03 1.77 21.49 2.82 45.407966 11.888222 0
5.64 -8.23 1.9 22.0 2.82 45.407966 11.888222 1
5.4 -8.16 1.87 22.04 2.82 45.407966 11.888222 1
5.6 -7.76 1.62 22.04 2.82 45.407966 11.888222 1
5.69 -8.22 1.6 21.9 2.82 45.407966 11.888222 1
5.82 -7.97 1.71 21.4 2.82 45.407966 11.888222 1
5.72 -7.81 1.79 22.04 2.82 45.407966 11.888222 1
5.46 -7.97 1.78 22.07 2.82 45.407966 11.888222 1
5.67 -7.99 1.57 21.59 2.82 45.407966 11.888222 1
5.67 -7.83 1.55 21.56 2.82 45.407966 11.888222 1
5.7 -8.13 1.68 21.87 2.82 45.407966 11.888222 1
5.74 -8.02 1.84 22.36 2.82 45.407966 11.888222 1
5.54 -7.57 1.7 21.59 2.82 45.407966 11.888222 1
5.93 -7.92 1.71 22.16 2.82 45.407966 11.888222 1
5.78 -7.46 2.03 22.55 2.82 45.407966 11.888222 1
5.77 -7.97 1.77 22.07 2.82 45.407966 11.888222 1
5.94 -7.78 1.69 22.0 2.88 45.407950 11.888192 0
5.72 -8.03 1.66 22.45 2.88 45.407950 11.888192 1
5.77 -8.21 1.65 21.49 2.88 45.407950 11.888192 0
6.06 -8.01 1.76 21.92 2.88 45.407950 11.888192 1
5.7 -7.88 1.74 22.0 2.88 45.407950 11.888192 1
5.68 -7.98 1.63 22.05 2.88 45.407950 11.888192 1
5.79 -7.89 1.69 22.0 2.88 45.407950 11.888192 1
5.77 -7.96 1.77 21.88 2.88 45.407950 11.888192 1
5.76 -8.1 1.89 22.0 2.88 45.407950 11.888192 1
5.8 -7.98 2.13 22.0 2.88 45.407950 11.888192 1
5.75 -7.84 1.62 22.07 2.88 45.407950 11.888192 1
5.77 -7.84 1.84 22.07 2.88 45.407950 11.888192 1
5.86 -7.64 1.87 22.05 2.88 45.407950 11.888192 1
5.8 -7.88 1.76 21.95 2.88 45.407950 11.888192 1
5.7 -8.03 1.91 22.43 2.88 45.407950 11.888192 1
5.77 -8.06 1.76 21.64 2.88 45.407950 11.888192 1
5.75 -7.81 1.85 21.95 2.88 45.407950 11.888192 1
5.89 -7.76 1.88 21.4 3.02 45.407943 11.888152 0
6.08 -7.68 1.8 21.44 3.02 45.407943 11.888152 1
6.02 -8.04 1.98 21.75 3.02 45.407943 11.888152 0
6.02 -8.04 1.98 21.75 3.02 45.407943 11.888152 1
6.02 -8.05 1.98 21.75 3.02 45.407943 11.888152 1
6.02 -8.04 1.98 21.75 3.02 45.407943 11.888152 1
6.03 -8.04 1.99 21.74 3.02 45.407943 11.888152 1
6.01 -8.04 1.97 21.74 3.02 45.407943 11.888152 1
6.03 -8.03 1.97 21.75 3.02 45.407943 11.888152 1
6.02 -8.03 1.97 21.76 3.02 45.407943 11.888152 1
6.03 -8.04 1.98 21.76 3.02 45.407943 11.888152 1
6.02 -8.04 1.98 21.75 3.02 45.407943 11.888152 1
6.01 -8.05 1.98 21.76 3.02 45.407943 11.888152 1
6.01 -8.04 1.99 21.75 3.02 45.407943 11.888152 1
6.03 -8.03 1.97 21.75 3.02 45.407943 11.888152 1
6.03 -8.04 1.97 21.75 3.02 45.407943 11.888152 1
6.01 -8.04 1.98 21.75 3.02 45.407943 11.888152 1
6.03 -8.05 1.97 21.76 3.02 45.407943 11.888152 1
6.03 -8.04 1.99 21.75 3.02 45.407943 11.888152 1
6.02 -8.03 1.97 21.74 3.02 45.407943 11.888152 1
6.03 -8.04 1.99 21.76 3.02 45.407943 11.888152 1
6.01 -8.04 1.98 21.75 3.02 45.407943 11.888152 1
6.02 -8.04 1.98 21.75 3.02 45.407943 11.888152 1
6.02 -8.03 1.97 21.76 3.02 45.407943 11.888152 1
6.02 -8.04 1.98 21.75 3.02 45.407943 11.888152 1
6.02 -8.05 1.97 21.74 3.02 45.407943 11.888152 1
6.02 -8.05 1.98 21.75 3.02 45.407943 11.888152 1
6.01 -8.03 1.99 21.75 3.02 45.407943 11.888152 1
6.02 -8.03 1.98 21.74 3.02 45.407943 11.888152 1
6.02 -8.05 1.99 21.76 3.02 45.407943 11.888152 1
6.03 -8.03 1.99 21.76 3.02 45.407943 11.888152 1
6.02 -8.05 1.99 21.75 3.02 45.407943 11.888152 1
6.01 -8.04 1.98 21.75 3.02 45.407943 11.888152 1
6.02 -8.04 1.97 21.74 3.02 45.407943 11.888152 1
6.02 -8.05 1.97 21.74 3.02 45.407943 11.888152 1
6.01 -8.04 1.98 21.74 3.02 45.407943 11.888152 1
6.02 -8.04 1.98 21.76 3.02 45.407943 11.888152 1
6.02 -8.04 1.99 21.75 3.02 45.407943 11.888152 1
6.02 -8.04 1.98 21.75 3.02 45.407943 11.888152 1
6.02 -8.04 1.99 21.74 3.02 45.407943 11.888152 1
6.02 -8.03 1.99 21.75 3.02 45.407943 11.888152 1
6.02 -8.04 1.98 21.76 3.02 45.407943 11.888152 1
6.02 -8.04 1.97 21.75 3.02 45.407943 11.888152 1
6.02 -8.03 1.99 21.75 3.02 45.407943 11.888152 1
6.01 -8.04 1.99 21.75 3.02 45.407943 11.888152 1
