5.91 -7.51 1.29 22.4 1.95 45.408034 11.888675 0
5.97 -7.53 1.61 22.71 1.95 45.408034 11.888675 1
5.69 -7.29 2.37 22.66 1.95 45.408034 11.888675 1
5.97 -7.67 2.08 22.55 1.95 45.408034 11.888675 1
6.02 -8.12 2.02 21.92 1.95 45.408034 11.888675 1
6.24 -8.51 1.75 21.81 1.95 45.408034 11.888675 1
6.08 -8.12 1.73 21.9 1.95 45.408034 11.888675 1
6.08 -7.6 1.99 21.51 1.95 45.408034 11.888675 1
5.72 -7.95 2.06 22.31 1.95 45.408034 11.888675 1
6.09 -7.23 1.87 22.33 1.95 45.408034 11.888675 1
6.03 -7.9 1.75 21.95 1.95 45.408034 11.888675 1
5.75 -7.79 1.84 21.95 1.95 45.408034 11.888675 1
5.65 -7.98 1.9 22.12 1.95 45.408034 11.888675 1
5.55 -7.86 1.97 21.92 1.95 45.408034 11.888675 1
5.65 -7.89 1.65 21.95 1.95 45.408034 11.888675 0
5.93 -7.89 1.7 21.45 1.95 45.408034 11.888675 1
6.13 -7.74 1.95 21.85 1.95 45.408034 11.888675 0
6.17 -7.73 2.03 21.92 1.95 45.408034 11.888675 1
6.0 -7.63 1.77 21.95 1.95 45.408034 11.888675 1
6.1 -7.62 1.75 21.95 1.95 45.408034 11.888675 1
6.34 -7.83 1.84 21.95 1.95 45.408034 11.888675 1
6.07 -7.61 2.02 21.95 1.95 45.408034 11.888675 1
6.22 -7.6 1.75 22.11 1.95 45.408034 11.888675 1
6.11 -7.71 1.97 22.05 1.95 45.408034 11.888675 1
6.16 -7.8 1.72 22.48 1.95 45.408034 11.888675 1
5.78 -7.98 1.89 22.0 1.95 45.408034 11.888675 1
5.86 -8.03 1.55 22.11 1.95 45.408034 11.888675 1
5.76 -7.77 1.53 22.05 1.95 45.408034 11.888675 1
5.91 -7.82 1.74 22.11 1.95 45.408034 11.888675 1
6.14 -7.6 1.83 22.48 1.95 45.408034 11.888675 1
5.98 -8.07 1.64 21.9 1.95 45.408034 11.888675 1
5.78 -7.9 1.96 21.75 1.84 45.408041 11.888660 0
5.9 -8.04 1.92 21.8 1.84 45.408041 11.888660 1
6.11 -7.79 2.04 22.24 1.84 45.408041 11.888660 0
5.99 -7.66 1.94 21.85 1.84 45.408041 11.888660 1
6.39 -7.57 1.9 21.87 1.84 45.408041 11.888660 1
6.18 -7.71 1.97 22.33 1.84 45.408041 11.888660 1
6.0 -7.91 2.1 21.81 1.84 45.408041 11.888660 1
6.0 -7.55 2.1 22.02 1.84 45.408041 11.888660 1
6.1 -7.6 2.08 21.99 1.84 45.408041 11.888660 1
5.66 -8.04 1.91 22.11 1.84 45.408041 11.888660 1
5.66 -7.93 1.79 22.38 1.84 45.408041 11.888660 1
5.66 -8.01 1.49 22.28 1.84 45.408041 11.888660 1
5.97 -8.28 1.76 22.42 1.84 45.408041 11.888660 1
5.87 -8.09 1.83 22.52 1.84 45.408041 11.888660 1
5.83 -7.56 1.85 22.26 1.84 45.408041 11.888660 1
6.18 -7.68 1.74 22.26 1.84 45.408041 11.888660 1
5.98 -7.48 1.55 22.12 1.84 45.408041 11.888660 1
6.22 -7.51 1.96 21.95 1.84 45.408041 11.888660 1
6.16 -8.04 1.66 21.9 2.11 45.408047 11.888636 0
5.7 -7.79 1.82 21.87 2.11 45.408047 11.888636 1
5.95 -7.75 1.66 21.9 2.11 45.408047 11.888636 0
6.14 -7.95 1.78 21.9 2.11 45.408047 11.888636 1
5.94 -7.84 1.59 22.72 2.11 45.408047 11.888636 1
5.64 -7.8 1.78 22.33 2.11 45.408047 11.888636 1
5.8 -8.24 1.8 21.87 2.11 45.408047 11.888636 1
5.9 -7.59 1.75 22.21 2.11 45.408047 11.888636 1
6.17 -7.79 1.88 21.99 2.11 45.408047 11.888636 1
5.99 -7.66 1.87 22.02 2.11 45.408047 11.888636 1
6.01 -7.63 1.98 22.05 2.11 45.408047 11.888636 1
6.19 -7.64 2.11 22.16 2.11 45.408047 11.888636 1
6.09 -7.72 2.03 22.5 2.11 45.408047 11.888636 1
6.09 -7.62 2.04 22.02 2.11 45.408047 11.888636 1
5.98 -7.84 1.94 22.0 2.11 45.408047 11.888636 1
6.05 -7.59 1.92 22.05 2.11 45.408047 11.888636 1
6.08 -7.87 1.87 21.9 2.11 45.408047 11.888636 1
5.8 -7.86 1.93 21.85 2.64 45.408039 11.888609 0
5.77 -7.88 2.06 21.39 2.64 45.408039 11.888609 1
5.96 -7.99 1.82 22.24 2.64 45.408039 11.888609 0
5.8 -7.88 1.65 21.56 2.64 45.408039 11.888609 1
5.9 -7.14 1.59 21.95 2.64 45.408039 11.888609 1
6.09 -8.1 1.89 22.36 2.64 45.408039 11.888609 1
6.14 -7.74 1.64 21.73 2.64 45.408039 11.888609 1
6.19 -7.28 1.9 22.19 2.64 45.408039 11.888609 1
6.26 -7.9 1.78 21.45 2.64 45.408039 11.888609 1
6.26 -8.0 1.95 21.59 2.64 45.408039 11.888609 1
5.96 -7.47 1.9 22.0 2.64 45.408039 11.888609 1
6.03 -7.66 2.1 22.05 2.64 45.408039 11.888609 1
5.75 -7.96 1.76 22.07 2.64 45.408039 11.888609 1
5.92 -7.76 1.59 22.11 2.64 45.408039 11.888609 1
5.71 -7.78 1.92 21.64 2.64 45.408039 11.888609 1
5.67 -7.92 1.93 22.0 2.64 45.408039 11.888609 1
5.69 -8.12 2.08 21.52 2.64 45.408039 11.888609 1
5.78 -8.05 2.09 21.85 2.64 45.408039 11.888609 1
6.01 -7.57 1.88 21.81 2.76 45.408037 11.888576 0
6.17 -7.64 1.72 21.93 2.76 45.408037 11.888576 1
6.2 -7.57 2.11 22.0 2.76 45.408037 11.888576 0
5.95 -7.41 1.92 22.0 2.76 45.408037 11.888576 1
6.29 -7.51 1.93 22.23 2.76 45.408037 11.888576 1
6.19 -7.84 1.91 21.69 2.76 45.408037 11.888576 1
6.03 -8.0 2.34 21.83 2.76 45.408037 11.888576 1
5.83 -7.6 1.87 22.11 2.76 45.408037 11.888576 1
5.72 -7.88 1.78 22.21 2.76 45.408037 11.888576 1
5.58 -7.86 1.66 23.86 2.76 45.408037 11.888576 1
5.63 -8.13 1.65 22.43 2.76 45.408037 11.888576 1
5.82 -7.69 1.89 22.07 2.76 45.408037 11.888576 1
6.01 -8.07 1.64 22.05 2.76 45.408037 11.888576 1
5.9 -7.68 1.84 22.98 2.76 45.408037 11.888576 1
6.15 -7.52 1.68 22.48 2.76 45.408037 11.888576 1
6.29 -7.63 1.97 22.52 2.76 45.408037 11.888576 1
6.07 -7.85 1.86 22.0 2.76 45.408037 11.888576 1
6.08 -7.51 1.65 21.95 2.94 45.408033 11.888537 0
6.22 -7.73 1.74 22.42 2.94 45.408033 11.888537 1
6.0 -7.79 1.81 21.95 2.94 45.408033 11.888537 0
5.81 -7.84 2.01 21.97 2.94 45.408033 11.888537 1
5.74 -8.12 1.69 21.97 2.94 45.408033 11.888537 1
5.57 -7.92 1.69 21.97 2.94 45.408033 11.888537 1
5.42 -8.25 1.79 22.02 2.94 45.408033 11.888537 1
5.65 -8.04 1.68 22.0 2.94 45.408033 11.888537 1
6.03 -7.68 1.39 21.83 2.94 45.408033 11.888537 1
6.57 -7.65 1.72 22.52 2.94 45.408033 11.888537 1
5.81 -7.87 1.85 22.62 2.94 45.408033 11.888537 1
5.97 -7.43 2.0 22.48 2.94 45.408033 11.888537 1
6.13 -7.59 1.67 22.05 2.94 45.408033 11.888537 1
6.33 -7.85 1.75 21.61 2.94 45.408033 11.888537 1
6.14 -7.72 1.77 22.05 2.94 45.408033 11.888537 1
5.93 -7.88 1.78 22.54 2.94 45.408033 11.888537 1
5.92 -7.67 1.97 22.52 2.94 45.408033 11.888537 1
5.71 -7.87 1.99 22.83 2.94 45.408033 11.888537 1
5.5 -8.36 2.23 21.9 2.81 45.408029 11.888499 0
5.7 -7.83 1.68 21.81 2.81 45.408029 11.888499 1
6.02 -8.08 1.65 21.85 2.81 45.408029 11.888499 0
5.83 -7.81 1.76 21.95 2.81 45.408029 11.888499 1
6.12 -7.8 1.94 21.97 2.81 45.408029 11.888499 1
6.11 -7.61 1.84 21.92 2.81 45.408029 11.888499 1
6.03 -7.53 1.96 22.28 2.81 45.408029 11.888499 1
6.24 -7.99 1.78 21.81 2.81 45.408029 11.888499 1
6.24 -7.9 1.75 22.43 2.81 45.408029 11.888499 1
5.81 -7.7 2.1 22.9 2.81 45.408029 11.888499 1
5.95 -7.73 1.73 22.57 2.81 45.408029 11.888499 1
5.97 -8.18 1.6 23.58 2.81 45.408029 11.888499 1
5.44 -7.82 1.61 24.25 2.81 45.408029 11.888499 1
5.6 -8.06 1.38 22.47 2.81 45.408029 11.888499 1
6.23 -8.03 1.69 22.28 2.81 45.408029 11.888499 1
5.99 -7.67 1.65 22.71 2.81 45.408029 11.888499 1
6.09 -7.81 1.69 21.95 2.81 45.408029 11.888499 1
5.85 -7.84 1.99 22.42 2.43 45.408026 11.888463 0
5.98 -7.36 1.84 22.74 2.43 45.408026 11.888463 1
6.25 -7.77 1.84 22.33 2.43 45.408026 11.888463 0
5.92 -7.96 1.92 21.85 2.43 45.408026 11.888463 1
6.29 -7.93 1.97 22.35 2.43 45.408026 11.888463 1
6.18 -7.5 1.87 22.11 2.43 45.408026 11.888463 1
5.63 -7.5 2.0 23.0 2.43 45.408026 11.888463 1
5.31 -7.92 1.96 22.38 2.43 45.408026 11.888463 1
6.22 -8.08 1.99 22.05 2.43 45.408026 11.888463 1
5.59 -7.83 1.84 22.28 2.43 45.408026 11.888463 1
6.27 -8.49 1.67 23.12 2.43 45.408026 11.888463 1
5.85 -7.31 1.9 22.57 2.43 45.408026 11.888463 1
5.92 -6.86 1.95 22.47 2.43 45.408026 11.888463 1
6.23 -8.55 1.82 22.47 2.43 45.408026 11.888463 1
5.97 -7.92 1.72 22.04 2.43 45.408026 11.888463 1
6.17 -7.24 2.05 22.42 2.43 45.408026 11.888463 1
6.08 -7.51 1.44 21.95 2.43 45.408026 11.888463 1
6.0 -8.2 1.44 21.75 2.43 45.408026 11.888463 1
6.0 -7.76 1.75 21.85 3.01 45.408014 11.888429 0
5.84 -8.22 1.65 22.14 3.01 45.408014 11.888429 1
5.41 -7.55 1.52 22.93 3.01 45.408014 11.888429 0
6.08 -7.86 1.65 22.0 3.01 45.408014 11.888429 1
5.91 -7.85 1.97 21.9 3.01 45.408014 11.888429 1
6.14 -8.26 1.98 22.47 3.01 45.408014 11.888429 1
6.05 -7.72 2.18 22.35 3.01 45.408014 11.888429 1
5.94 -7.36 2.04 22.35 3.01 45.408014 11.888429 1
6.19 -7.82 1.82 22.11 3.01 45.408014 11.888429 1
5.9 -7.97 1.98 22.0 3.01 45.408014 11.888429 1
6.14 -7.54 1.68 22.11 3.01 45.408014 11.888429 1
5.91 -7.98 2.18 22.0 3.01 45.408014 11.888429 1
5.96 -7.68 2.15 22.48 3.01 45.408014 11.888429 1
5.92 -8.04 1.88 22.07 3.01 45.408014 11.888429 1
5.65 -7.63 2.02 23.79 3.01 45.408014 11.888429 1
6.02 -8.22 1.56 22.11 3.01 45.408014 11.888429 1
5.81 -7.33 1.75 21.95 3.01 45.408014 11.888429 1
6.1 -8.04 1.63 22.93 3.03 45.408000 11.888394 0
5.92 -7.77 1.7 22.79 3.03 45.408000 11.888394 1
6.01 -7.49 1.89 22.76 3.03 45.408000 11.888394 1
6.03 -8.02 1.87 21.8 3.03 45.408000 11.888394 0
6.79 -7.5 1.8 21.97 3.03 45.408000 11.888394 1
5.5 -7.85 1.6 22.42 3.03 45.408000 11.888394 1
6.14 -8.07 1.65 23.38 3.03 45.408000 11.888394 1
5.37 -7.76 1.85 22.16 3.03 45.408000 11.888394 1
6.06 -7.61 1.81 22.45 3.03 45.408000 11.888394 1
5.94 -9.02 1.69 22.57 3.03 45.408000 11.888394 1
5.64 -6.87 1.7 22.31 3.03 45.408000 11.888394 1
6.07 -8.24 1.97 22.02 3.03 45.408000 11.888394 1
5.88 -7.25 1.75 21.93 3.03 45.408000 11.888394 1
6.19 -8.43 1.72 21.95 3.03 45.408000 11.888394 1
6.17 -7.66 1.9 22.11 3.03 45.408000 11.888394 1
5.88 -7.94 2.06 21.61 3.03 45.408000 11.888394 1
5.92 -7.32 1.93 22.02 3.03 45.408000 11.888394 1
6.01 -7.96 2.01 22.31 3.03 45.408000 11.888394 1
6.19 -7.74 2.01 21.88 3.01 45.407994 11.888355 0
6.02 -7.87 1.76 21.87 3.01 45.407994 11.888355 1
5.59 -7.5 2.04 21.95 3.01 45.407994 11.888355 0
5.83 -8.35 1.99 21.95 3.01 45.407994 11.888355 1
5.74 -7.61 1.85 21.95 3.01 45.407994 11.888355 1
6.02 -8.01 1.75 22.43 3.01 45.407994 11.888355 1
5.74 -7.77 1.78 22.31 3.01 45.407994 11.888355 1
6.02 -7.66 1.94 21.92 3.01 45.407994 11.888355 1
6.15 -7.64 2.23 21.57 3.01 45.407994 11.888355 1
6.33 -7.72 1.84 21.63 3.01 45.407994 11.888355 1
5.88 -7.66 1.72 22.0 3.01 45.407994 11.888355 1
6.11 -7.62 1.62 22.0 3.01 45.407994 11.888355 1
6.14 -7.71 1.44 21.57 3.01 45.407994 11.888355 1
6.25 -7.78 1.67 21.97 3.01 45.407994 11.888355 1
5.82 -7.93 1.72 22.11 3.01 45.407994 11.888355 1
5.57 -7.98 1.59 22.16 3.01 45.407994 11.888355 1
5.69 -7.92 1.69 21.75 3.01 45.407994 11.888355 1
6.23 -7.6 1.72 22.07 3.07 45.407988 11.888316 0
5.93 -7.74 1.94 22.05 3.07 45.407988 11.888316 1
6.07 -8.17 1.5 22.0 3.07 45.407988 11.888316 1
5.89 -7.87 1.91 21.92 3.07 45.407988 11.888316 0
5.98 -7.64 1.88 21.45 3.07 45.407988 11.888316 1
6.59 -7.94 2.07 21.95 3.07 45.407988 11.888316 1
5.91 -7.54 2.05 21.9 3.07 45.407988 11.888316 1
6.21 -7.79 1.78 22.0 3.07 45.407988 11.888316 1
5.78 -7.77 1.99 21.8 3.07 45.407988 11.888316 1
5.65 -8.08 2.14 22.47 3.07 45.407988 11.888316 1
5.7 -8.29 1.96 22.09 3.07 45.407988 11.888316 1
5.89 -7.44 1.98 22.19 3.07 45.407988 11.888316 1
5.78 -7.62 1.77 22.16 3.07 45.407988 11.888316 1
6.03 -7.77 2.07 22.11 3.07 45.407988 11.888316 1
6.24 -7.74 1.91 22.05 3.07 45.407988 11.888316 1
6.2 -7.75 1.76 22.59 3.07 45.407988 11.888316 1
5.83 -7.61 1.62 22.16 3.07 45.407988 11.888316 1
6.07 -7.48 1.67 21.85 3.07 45.407988 11.888316 1
6.01 -7.76 1.71 21.85 2.39 45.407986 11.888284 0
5.89 -8.07 1.85 21.28 2.39 45.407986 11.888284 1
6.07 -7.85 1.65 21.76 2.39 45.407986 11.888284 0
5.41 -8.08 1.67 21.4 2.39 45.407986 11.888284 1
5.64 -7.14 1.79 22.16 2.39 45.407986 11.888284 1
6.16 -7.62 1.55 21.93 2.39 45.407986 11.888284 1
5.91 -7.82 1.8 22.19 2.39 45.407986 11.888284 1
5.97 -8.54 1.68 22.11 2.39 45.407986 11.888284 1
5.96 -7.06 1.93 22.05 2.39 45.407986 11.888284 1
5.5 -8.63 1.7 21.9 2.39 45.407986 11.888284 1
5.58 -7.63 1.68 21.75 2.39 45.407986 11.888284 1
5.79 -8.18 1.5 21.87 2.39 45.407986 11.888284 1
3.11 -7.24 1.59 20.67 2.39 45.407986 11.888284 1
8.76 -6.91 2.24 21.09 2.39 45.407986 11.888284 1
9.29 -7.15 2.32 22.76 2.39 45.407986 11.888284 1
3.69 -6.85 2.38 24.75 2.39 45.407986 11.888284 1
4.51 -7.15 1.09 24.64 2.39 45.407986 11.888284 1
3.76 -2.05 -0.89 26.27 2.39 45.407986 11.888284 1
4.03 -10.56 2.63 20.12 2.18 45.407981 11.888255 0
6.34 -15.97 1.57 20.84 2.18 45.407981 11.888255 1
4.95 -4.09 0.87 22.21 2.18 45.407981 11.888255 0
5.61 -5.19 2.15 22.11 2.18 45.407981 11.888255 1
5.97 -6.48 2.08 21.39 2.18 45.407981 11.888255 1
7.1 -7.42 2.38 21.85 2.18 45.407981 11.888255 1
7.07 -6.44 0.91 21.64 2.18 45.407981 11.888255 1
6.84 -9.0 2.15 21.75 2.18 45.407981 11.888255 1
5.29 -8.26 1.33 22.16 2.18 45.407981 11.888255 1
5.01 -7.16 1.6 22.31 2.18 45.407981 11.888255 1
5.32 -7.5 2.08 22.16 2.18 45.407981 11.888255 1
5.81 -8.45 1.7 21.95 2.18 45.407981 11.888255 1
5.87 -8.65 2.03 21.56 2.18 45.407981 11.888255 1
5.85 -7.78 1.99 21.75 2.18 45.407981 11.888255 1
6.19 -7.23 1.91 22.21 2.18 45.407981 11.888255 1
6.12 -7.27 2.37 22.11 2.18 45.407981 11.888255 1
6.38 -7.59 2.01 21.45 2.18 45.407981 11.888255 1
6.24 -8.04 1.74 21.95 2.46 45.407969 11.888225 0
6.03 -7.71 1.68 22.05 2.46 45.407969 11.888225 1
5.92 -7.58 1.88 21.59 2.46 45.407969 11.888225 0
5.93 -8.04 2.11 21.45 2.46 45.407969 11.888225 1
5.79 -8.05 1.92 21.95 2.46 45.407969 11.888225 1
5.75 -8.07 1.25 22.45 2.46 45.407969 11.888225 1
5.88 -7.78 1.47 22.0 2.46 45.407969 11.888225 1
5.96 -8.06 1.51 22.0 2.46 45.407969 11.888225 1
6.07 -7.51 2.06 21.64 2.46 45.407969 11.888225 1
6.43 -7.75 1.62 22.11 2.46 45.407969 11.888225 1
6.27 -7.4 1.64 22.02 2.46 45.407969 11.888225 1
6.36 -7.48 1.78 21.97 2.46 45.407969 11.888225 1
6.17 -7.67 1.73 21.95 2.46 45.407969 11.888225 1
5.94 -7.77 2.12 21.9 2.46 45.407969 11.888225 1
6.15 -7.71 1.47 21.85 2.46 45.407969 11.888225 1
5.77 -8.03 1.7 21.83 2.46 45.407969 11.888225 1
5.75 -7.92 1.78 21.44 2.46 45.407969 11.888225 1
5.73 -8.1 1.78 22.0 2.46 45.407969 11.888225 1
5.79 -7.59 1.53 22.04 3.27 45.407950 11.888194 0
5.98 -7.88 1.85 22.0 3.27 45.407950 11.888194 1
5.96 -7.4 2.11 22.04 3.27 45.407950 11.888194 0
6.21 -7.77 1.86 21.54 3.27 45.407950 11.888194 1
6.02 -7.98 1.92 21.87 3.27 45.407950 11.888194 1
6.4 -7.88 1.97 21.9 3.27 45.407950 11.888194 1
6.16 -7.53 2.18 22.0 3.27 45.407950 11.888194 1
6.04 -7.65 2.19 21.93 3.27 45.407950 11.888194 1
6.01 -7.55 2.02 21.64 3.27 45.407950 11.888194 1
5.77 -8.03 1.81 21.92 3.27 45.407950 11.888194 1
5.82 -8.18 1.98 21.49 3.27 45.407950 11.888194 1
5.86 -8.01 1.93 22.0 3.27 45.407950 11.888194 1
5.76 -7.67 1.92 22.11 3.27 45.407950 11.888194 1
5.67 -7.77 1.89 21.61 3.27 45.407950 11.888194 1
5.84 -7.74 1.74 22.0 3.27 45.407950 11.888194 1
5.89 -8.13 1.98 21.59 3.27 45.407950 11.888194 1
6.04 -7.7 1.7 21.49 3.27 45.407950 11.888194 1
6.07 -7.54 1.91 21.83 3.09 45.407934 11.888158 0
6.16 -7.69 1.77 21.8 3.09 45.407934 11.888158 1
6.0 -7.63 1.93 21.87 3.09 45.407934 11.888158 0
6.0 -7.63 1.93 21.86 3.09 45.407934 11.888158 1
5.99 -7.63 1.93 21.87 3.09 45.407934 11.888158 1
6.0 -7.64 1.94 21.87 3.09 45.407934 11.888158 1
6.01 -7.64 1.92 21.86 3.09 45.407934 11.888158 1
6.0 -7.64 1.92 21.87 3.09 45.407934 11.888158 1
6.0 -7.63 1.93 21.87 3.09 45.407934 11.888158 1
6.0 -7.62 1.93 21.87 3.09 45.407934 11.888158 1
6.01 -7.64 1.93 21.86 3.09 45.407934 11.888158 1
6.0 -7.63 1.93 21.87 3.09 45.407934 11.888158 1
6.0 -7.64 1.92 21.86 3.09 45.407934 11.888158 1
6.0 -7.63 1.92 21.88 3.09 45.407934 11.888158 1
6.0 -7.63 1.94 21.86 3.09 45.407934 11.888158 1
6.0 -7.63 1.93 21.87 3.09 45.407934 11.888158 1
6.0 -7.64 1.93 21.87 3.09 45.407934 11.888158 1
6.0 -7.62 1.93 21.87 3.09 45.407934 11.888158 1
6.01 -7.64 1.92 21.87 3.09 45.407934 11.888158 1
5.99 -7.63 1.93 21.87 3.09 45.407934 11.888158 1
5.99 -7.64 1.92 21.87 3.09 45.407934 11.888158 1
6.01 -7.62 1.92 21.87 3.09 45.407934 11.888158 1
5.99 -7.64 1.94 21.87 3.09 45.407934 11.888158 1
5.99 -7.63 1.93 21.87 3.09 45.407934 11.888158 1
6.01 -7.62 1.94 21.88 3.09 45.407934 11.888158 1
6.0 -7.62 1.94 21.87 3.09 45.407934 11.888158 1
6.01 -7.63 1.92 21.87 3.09 45.407934 11.888158 1
5.99 -7.62 1.92 21.87 3.09 45.407934 11.888158 1
6.0 -7.63 1.93 21.86 3.09 45.407934 11.888158 1
6.0 -7.62 1.93 21.87 3.09 45.407934 11.888158 1
6.0 -7.63 1.93 21.86 3.09 45.407934 11.888158 1
6.0 -7.63 1.93 21.87 3.09 45.407934 11.888158 1
6.01 -7.64 1.93 21.86 3.09 45.407934 11.888158 1
6.0 -7.63 1.92 21.86 3.09 45.407934 11.888158 1
6.0 -7.62 1.94 21.87 3.09 45.407934 11.888158 1
6.01 -7.64 1.94 21.87 3.09 45.407934 11.888158 1
6.0 -7.63 1.94 21.87 3.09 45.407934 11.888158 1
6.01 -7.63 1.93 21.88 3.09 45.407934 11.888158 1
6.0 -7.63 1.92 21.87 3.09 45.407934 11.888158 1
5.99 -7.63 1.93 21.88 3.09 45.407934 11.888158 1
6.0 -7.62 1.92 21.87 3.09 45.407934 11.888158 1
6.0 -7.63 1.93 21.88 3.09 45.407934 11.888158 1
6.0 -7.62 1.93 21.88 3.09 45.407934 11.888158 1
5.99 -7.64 1.93 21.86 3.09 45.407934 11.888158 1
6.01 -7.64 1.93 21.87 3.09 45.407934 11.888158 1
6.0 -7.63 1.92 21.88 3.09 45.407934 11.888158 1
6.0 -7.63 1.94 21.87 3.09 45.407934 11.888158 1
6.01 -7.63 1.94 21.87 3.09 45.407934 11.888158 1
6.0 -7.63 1.92 21.86 3.09 45.407934 11.888158 1
6.0 -7.64 1.93 21.87 3.09 45.407934 11.888158 1
6.01 -7.64 1.93 21.86 3.09 45.407934 11.888158 1
6.0 -7.62 1.94 21.86 3.09 45.407934 11.888158 1
6.0 -7.63 1.94 21.88 3.09 45.407934 11.888158 1
6.0 -7.64 1.93 21.86 3.09 45.407934 11.888158 1
6.01 -7.62 1.93 21.86 3.09 45.407934 11.888158 1
6.0 -7.63 1.94 21.87 3.09 45.407934 11.888158 1
