6.17 -7.77 2.47 21.85 1.93 45.408022 11.888610 0
5.64 -7.75 1.98 21.92 1.93 45.408022 11.888610 1
5.87 -7.79 1.94 21.95 1.93 45.408022 11.888610 1
5.64 -8.17 1.67 22.52 1.93 45.408022 11.888610 1
5.83 -7.83 1.44 22.23 1.93 45.408022 11.888610 1
5.77 -7.93 1.67 22.28 1.93 45.408022 11.888610 1
6.12 -7.56 1.77 22.33 1.93 45.408022 11.888610 1
5.87 -7.73 1.81 22.17 1.93 45.408022 11.888610 1
5.95 -8.05 1.9 22.14 1.93 45.408022 11.888610 1
6.23 -7.71 1.76 22.09 1.93 45.408022 11.888610 1
6.46 -7.56 1.84 21.95 1.93 45.408022 11.888610 1
6.44 -7.22 1.65 21.69 1.93 45.408022 11.888610 1
6.13 -7.67 1.81 21.64 1.93 45.408022 11.888610 0
6.06 -7.86 1.41 21.76 1.93 45.408022 11.888610 1
6.08 -7.86 1.62 21.8 1.93 45.408022 11.888610 0
5.9 -7.56 1.71 21.8 1.93 45.408022 11.888610 1
5.52 -7.88 1.35 21.85 1.93 45.408022 11.888610 1
5.26 -8.4 1.67 22.36 1.93 45.408022 11.888610 1
5.78 -8.05 1.7 21.9 1.93 45.408022 11.888610 1
6.18 -7.73 1.98 21.92 1.93 45.408022 11.888610 1
6.19 -7.71 1.79 22.12 1.93 45.408022 11.888610 1
6.04 -7.48 1.86 22.23 1.93 45.408022 11.888610 1
6.09 -7.6 2.07 22.57 1.93 45.408022 11.888610 1
6.31 -7.4 1.75 21.99 1.93 45.408022 11.888610 1
6.4 -7.94 1.85 22.09 1.93 45.408022 11.888610 1
6.0 -7.73 1.93 22.16 1.93 45.408022 11.888610 1
6.06 -7.41 2.21 22.23 1.93 45.408022 11.888610 1
6.2 -7.61 2.16 21.61 1.93 45.408022 11.888610 1
6.26 -7.95 2.18 21.78 1.93 45.408022 11.888610 1
6.29 -7.82 2.13 21.68 2.62 45.408019 11.888593 0
5.6 -8.24 1.91 21.8 2.62 45.408019 11.888593 1
5.61 -7.56 1.85 21.54 2.62 45.408019 11.888593 0
5.89 -7.51 1.86 21.97 2.62 45.408019 11.888593 1
5.8 -7.57 2.25 21.87 2.62 45.408019 11.888593 1
5.97 -7.64 2.08 21.71 2.62 45.408019 11.888593 1
5.84 -8.13 1.81 21.78 2.62 45.408019 11.888593 1
6.45 -7.55 1.51 21.9 2.62 45.408019 11.888593 1
6.09 -7.5 1.49 21.9 2.62 45.408019 11.888593 1
6.08 -7.58 1.68 21.66 2.62 45.408019 11.888593 1
6.11 -7.72 1.7 22.04 2.62 45.408019 11.888593 1
6.35 -7.7 1.59 22.52 2.62 45.408019 11.888593 1
6.24 -7.76 1.83 22.07 2.62 45.408019 11.888593 1
5.99 -7.92 1.6 22.12 2.62 45.408019 11.888593 1
5.85 -7.81 1.42 22.17 2.62 45.408019 11.888593 1
5.55 -7.76 1.52 22.04 2.62 45.408019 11.888593 1
6.17 -7.68 1.78 21.9 2.62 45.408019 11.888593 1
6.07 -8.09 1.78 21.4 2.62 45.408019 11.888593 1
6.02 -7.65 2.03 22.02 2.42 45.408024 11.888569 0
5.94 -7.82 2.14 22.12 2.42 45.408024 11.888569 1
6.02 -7.39 2.02 22.11 2.42 45.408024 11.888569 0
6.23 -7.78 1.86 23.22 2.42 45.408024 11.888569 1
6.19 -7.73 1.84 21.87 2.42 45.408024 11.888569 1
6.09 -8.27 1.75 21.76 2.42 45.408024 11.888569 1
5.92 -7.62 2.05 21.93 2.42 45.408024 11.888569 1
5.93 -7.75 1.99 21.93 2.42 45.408024 11.888569 1
5.7 -7.73 2.02 21.99 2.42 45.408024 11.888569 1
5.8 -7.97 1.96 21.99 2.42 45.408024 11.888569 1
5.8 -7.81 2.09 22.0 2.42 45.408024 11.888569 1
6.0 -7.84 1.72 22.47 2.42 45.408024 11.888569 1
6.12 -7.72 1.46 22.05 2.42 45.408024 11.888569 1
6.12 -7.74 1.63 22.48 2.42 45.408024 11.888569 1
6.14 -7.96 1.83 23.36 2.42 45.408024 11.888569 1
6.09 -7.59 1.74 22.05 2.42 45.408024 11.888569 1
6.23 -7.65 1.81 21.9 2.42 45.408024 11.888569 1
6.07 -7.93 1.71 21.83 1.74 45.408034 11.888561 0
6.1 -7.67 1.62 21.9 1.74 45.408034 11.888561 1
6.01 -7.8 1.89 21.85 1.74 45.408034 11.888561 0
6.13 -7.7 1.42 22.21 1.74 45.408034 11.888561 1
5.89 -8.31 1.32 21.95 1.74 45.408034 11.888561 1
5.44 -7.91 1.58 22.31 1.74 45.408034 11.888561 1
6.09 -7.5 1.94 21.85 1.74 45.408034 11.888561 1
6.04 -7.95 1.66 21.9 1.74 45.408034 11.888561 1
5.86 -7.65 1.89 21.9 1.74 45.408034 11.888561 1
6.2 -7.36 1.68 22.42 1.74 45.408034 11.888561 1
6.15 -8.05 1.48 22.02 1.74 45.408034 11.888561 1
6.15 -7.86 2.01 21.99 1.74 45.408034 11.888561 1
6.17 -7.31 1.75 21.57 1.74 45.408034 11.888561 1
6.33 -7.75 1.74 22.07 1.74 45.408034 11.888561 1
5.88 -7.94 1.96 22.11 1.74 45.408034 11.888561 1
5.88 -7.84 2.07 22.16 1.74 45.408034 11.888561 1
5.79 -7.65 2.2 21.51 1.74 45.408034 11.888561 1
5.82 -7.93 1.7 22.26 1.74 45.408034 11.888561 1
5.53 -8.31 1.68 21.8 3.09 45.408031 11.888531 0
6.22 -7.97 1.77 22.23 3.09 45.408031 11.888531 1
5.94 -7.75 2.02 21.54 3.09 45.408031 11.888531 0
5.86 -7.76 1.65 22.11 3.09 45.408031 11.888531 1
5.95 -7.42 1.63 21.97 3.09 45.408031 11.888531 1
6.05 -7.63 1.67 21.87 3.09 45.408031 11.888531 1
6.42 -7.79 1.45 21.76 3.09 45.408031 11.888531 1
6.26 -8.09 1.91 22.23 3.09 45.408031 11.888531 1
6.0 -7.62 1.66 22.54 3.09 45.408031 11.888531 1
5.95 -7.62 1.25 22.55 3.09 45.408031 11.888531 1
5.96 -7.87 1.32 22.57 3.09 45.408031 11.888531 1
5.71 -8.17 1.32 22.11 3.09 45.408031 11.888531 1
5.86 -7.98 1.71 22.47 3.09 45.408031 11.888531 1
5.87 -8.05 1.78 22.48 3.09 45.408031 11.888531 1
5.69 -7.72 2.14 22.09 3.09 45.408031 11.888531 1
5.99 -7.76 1.95 22.52 3.09 45.408031 11.888531 1
6.02 -7.67 2.01 21.97 3.09 45.408031 11.888531 1
6.01 -7.74 1.98 21.92 2.43 45.408032 11.888503 0
6.32 -7.86 1.73 21.95 2.43 45.408032 11.888503 1
6.16 -7.76 1.72 21.92 2.43 45.408032 11.888503 0
5.93 -7.58 2.02 21.97 2.43 45.408032 11.888503 1
5.75 -7.78 2.1 21.92 2.43 45.408032 11.888503 1
5.97 -7.86 1.92 21.95 2.43 45.408032 11.888503 1
5.71 -8.18 1.7 22.36 2.43 45.408032 11.888503 1
5.84 -7.67 1.6 22.35 2.43 45.408032 11.888503 1
5.94 -8.09 1.8 22.0 2.43 45.408032 11.888503 1
6.02 -7.63 1.93 22.12 2.43 45.408032 11.888503 1
5.99 -7.77 1.91 22.47 2.43 45.408032 11.888503 1
6.08 -7.86 1.72 21.99 2.43 45.408032 11.888503 1
5.88 -7.62 1.86 22.0 2.43 45.408032 11.888503 1
5.93 -7.79 1.58 22.07 2.43 45.408032 11.888503 1
6.14 -7.88 1.76 22.12 2.43 45.408032 11.888503 1
5.69 -7.6 1.65 22.52 2.43 45.408032 11.888503 1
6.14 -8.08 1.98 22.38 2.43 45.408032 11.888503 1
5.9 -7.81 1.68 21.85 2.43 45.408032 11.888503 1
5.74 -7.93 1.47 21.75 2.74 45.408025 11.888470 0
5.8 -8.01 1.78 21.71 2.74 45.408025 11.888470 1
5.92 -7.72 1.7 21.85 2.74 45.408025 11.888470 0
5.87 -7.67 1.86 22.31 2.74 45.408025 11.888470 1
5.99 -7.44 1.86 21.87 2.74 45.408025 11.888470 1
6.06 -7.62 1.87 21.81 2.74 45.408025 11.888470 1
6.26 -8.09 1.83 22.33 2.74 45.408025 11.888470 1
6.17 -7.89 1.62 21.97 2.74 45.408025 11.888470 1
6.24 -7.63 1.92 22.55 2.74 45.408025 11.888470 1
5.83 -7.66 1.99 22.59 2.74 45.408025 11.888470 1
6.06 -7.91 2.03 22.62 2.74 45.408025 11.888470 1
5.29 -7.68 1.69 22.88 2.74 45.408025 11.888470 1
5.96 -8.19 2.06 22.9 2.74 45.408025 11.888470 1
5.88 -8.21 1.71 22.29 2.74 45.408025 11.888470 1
5.85 -7.48 1.86 22.36 2.74 45.408025 11.888470 1
5.86 -8.3 1.9 22.88 2.74 45.408025 11.888470 1
5.82 -7.45 1.75 21.85 2.74 45.408025 11.888470 1
6.06 -7.51 1.67 22.76 3.15 45.408015 11.888431 0
6.15 -7.8 1.79 21.8 3.15 45.408015 11.888431 1
6.13 -7.64 1.83 21.92 3.15 45.408015 11.888431 0
6.16 -7.65 1.69 22.29 3.15 45.408015 11.888431 1
5.89 -7.62 1.71 22.66 3.15 45.408015 11.888431 1
6.17 -7.92 1.67 22.31 3.15 45.408015 11.888431 1
5.76 -8.2 1.54 21.8 3.15 45.408015 11.888431 1
5.6 -7.55 2.22 22.26 3.15 45.408015 11.888431 1
5.65 -8.21 1.88 21.9 3.15 45.408015 11.888431 1
5.76 -7.4 1.95 21.99 3.15 45.408015 11.888431 1
5.8 -7.9 1.61 22.07 3.15 45.408015 11.888431 1
6.43 -7.67 1.73 22.17 3.15 45.408015 11.888431 1
6.05 -7.44 1.91 22.09 3.15 45.408015 11.888431 1
6.05 -7.75 1.98 22.12 3.15 45.408015 11.888431 1
5.92 -8.07 2.19 22.72 3.15 45.408015 11.888431 1
6.06 -7.43 1.98 21.92 3.15 45.408015 11.888431 1
6.19 -8.34 1.36 22.48 3.15 45.408015 11.888431 1
5.66 -7.58 1.95 21.64 3.15 45.408015 11.888431 1
5.41 -7.56 2.0 21.57 2.33 45.408000 11.888406 0
5.76 -8.13 1.9 21.45 2.33 45.408000 11.888406 1
5.94 -7.95 1.72 21.83 2.33 45.408000 11.888406 0
5.91 -8.04 1.62 21.88 2.33 45.408000 11.888406 1
6.02 -7.6 1.55 21.92 2.33 45.408000 11.888406 1
6.05 -7.61 1.75 22.69 2.33 45.408000 11.888406 1
5.79 -7.58 1.97 21.97 2.33 45.408000 11.888406 1
6.27 -7.77 1.78 22.0 2.33 45.408000 11.888406 1
5.98 -7.78 1.55 22.07 2.33 45.408000 11.888406 1
6.25 -7.8 1.56 22.57 2.33 45.408000 11.888406 1
5.88 -7.92 1.35 22.48 2.33 45.408000 11.888406 1
5.54 -7.82 1.86 22.05 2.33 45.408000 11.888406 1
6.07 -7.8 1.89 22.02 2.33 45.408000 11.888406 1
5.87 -8.04 2.09 22.47 2.33 45.408000 11.888406 1
5.89 -7.65 1.73 22.17 2.33 45.408000 11.888406 1
5.93 -7.76 1.66 22.04 2.33 45.408000 11.888406 1
5.86 -7.46 1.91 21.9 2.33 45.408000 11.888406 1
6.19 -8.53 1.73 22.0 3.01 45.407992 11.888370 0
5.53 -7.18 1.77 22.84 3.01 45.407992 11.888370 1
6.08 -7.84 1.64 22.42 3.01 45.407992 11.888370 0
5.59 -7.8 1.89 21.64 3.01 45.407992 11.888370 1
6.28 -7.87 1.74 22.64 3.01 45.407992 11.888370 1
6.23 -8.87 2.16 21.9 3.01 45.407992 11.888370 1
5.47 -6.96 2.07 22.31 3.01 45.407992 11.888370 1
6.08 -7.69 1.88 22.0 3.01 45.407992 11.888370 1
5.45 -7.35 1.77 21.9 3.01 45.407992 11.888370 1
6.19 -8.67 1.84 21.92 3.01 45.407992 11.888370 1
6.28 -7.65 1.91 22.04 3.01 45.407992 11.888370 1
6.28 -7.84 1.75 21.59 3.01 45.407992 11.888370 1
5.85 -7.5 1.74 22.05 3.01 45.407992 11.888370 1
5.84 -7.87 1.5 21.61 3.01 45.407992 11.888370 1
6.21 -7.68 1.56 22.04 3.01 45.407992 11.888370 1
5.88 -7.81 1.74 22.05 3.01 45.407992 11.888370 1
5.92 -8.0 1.78 22.07 3.01 45.407992 11.888370 1
5.73 -7.71 1.88 21.54 3.01 45.407992 11.888370 1
5.61 -7.91 1.4 21.97 3.12 45.407986 11.888328 0
5.98 -8.08 1.57 21.95 3.12 45.407986 11.888328 1
5.92 -7.59 1.86 21.92 3.12 45.407986 11.888328 0
6.24 -7.81 1.71 21.87 3.12 45.407986 11.888328 1
6.03 -7.88 1.69 21.51 3.12 45.407986 11.888328 1
6.13 -7.93 1.82 21.87 3.12 45.407986 11.888328 1
6.04 -7.49 1.8 21.9 3.12 45.407986 11.888328 1
6.1 -7.76 1.76 21.8 3.12 45.407986 11.888328 1
6.22 -7.66 1.56 21.61 3.12 45.407986 11.888328 1
5.66 -7.95 2.01 22.02 3.12 45.407986 11.888328 1
5.74 -8.0 2.09 22.12 3.12 45.407986 11.888328 1
5.78 -8.03 2.04 22.12 3.12 45.407986 11.888328 1
5.67 -7.77 2.13 22.21 3.12 45.407986 11.888328 1
5.73 -7.97 1.94 21.76 3.12 45.407986 11.888328 1
5.86 -7.82 1.53 22.12 3.12 45.407986 11.888328 1
5.89 -8.23 1.69 21.99 3.12 45.407986 11.888328 1
5.88 -7.69 1.61 21.33 3.12 45.407986 11.888328 1
6.35 -7.93 1.89 21.9 3.46 45.407978 11.888284 0
5.94 -7.55 1.59 22.0 3.46 45.407978 11.888284 1
5.95 -7.74 1.72 22.0 3.46 45.407978 11.888284 0
6.05 -7.82 1.63 21.92 3.46 45.407978 11.888284 1
5.84 -8.0 1.67 21.51 3.46 45.407978 11.888284 1
5.53 -8.29 1.54 22.0 3.46 45.407978 11.888284 1
5.82 -7.53 1.48 22.0 3.46 45.407978 11.888284 1
5.86 -7.67 1.7 22.0 3.46 45.407978 11.888284 1
5.92 -7.95 1.84 21.9 3.46 45.407978 11.888284 1
6.05 -8.05 1.82 22.07 3.46 45.407978 11.888284 1
6.04 -8.07 1.78 21.66 3.46 45.407978 11.888284 1
5.93 -7.34 1.76 22.09 3.46 45.407978 11.888284 1
6.27 -7.49 1.79 21.92 3.46 45.407978 11.888284 1
6.14 -7.63 1.93 21.85 3.46 45.407978 11.888284 1
5.88 -8.27 1.96 21.71 3.46 45.407978 11.888284 1
5.69 -7.34 2.17 21.83 3.46 45.407978 11.888284 1
6.33 -8.49 1.99 22.43 3.46 45.407978 11.888284 1
5.21 -7.39 1.94 21.69 3.46 45.407978 11.888284 1
5.77 -7.81 1.84 22.21 2.52 45.407975 11.888249 0
5.72 -7.52 1.81 21.93 2.52 45.407975 11.888249 1
5.59 -8.39 1.87 21.95 2.52 45.407975 11.888249 0
5.66 -8.15 1.75 21.45 2.52 45.407975 11.888249 1
5.89 -7.33 1.94 21.33 2.52 45.407975 11.888249 1
5.8 -7.62 1.87 21.33 2.52 45.407975 11.888249 1
4.72 -5.32 1.81 20.79 2.52 45.407975 11.888249 1
9.33 -8.2 1.73 21.3 2.52 45.407975 11.888249 1
8.19 -10.34 2.51 21.9 2.52 45.407975 11.888249 1
3.61 -6.54 1.66 25.54 2.52 45.407975 11.888249 1
4.43 -6.87 1.21 25.79 2.52 45.407975 11.888249 1
1.92 -0.98 2.65 21.59 2.52 45.407975 11.888249 1
10.02 -9.99 -5.29 20.32 2.52 45.407975 11.888249 1
5.57 -16.51 0.44 20.84 2.52 45.407975 11.888249 1
4.22 -6.14 3.52 22.14 2.52 45.407975 11.888249 1
4.94 -5.12 3.1 22.21 2.52 45.407975 11.888249 1
6.04 -6.2 2.61 21.95 2.52 45.407975 11.888249 1
7.07 -7.22 1.55 21.8 3.05 45.407964 11.888211 0
7.16 -6.42 2.17 21.75 3.05 45.407964 11.888211 1
7.16 -7.94 2.18 21.23 3.05 45.407964 11.888211 0
5.86 -8.61 1.86 21.49 3.05 45.407964 11.888211 1
5.48 -7.46 1.89 21.71 3.05 45.407964 11.888211 1
5.49 -7.6 1.41 21.54 3.05 45.407964 11.888211 1
5.91 -7.6 1.86 21.54 3.05 45.407964 11.888211 1
6.13 -8.58 1.96 21.51 3.05 45.407964 11.888211 1
5.87 -8.0 1.87 22.0 3.05 45.407964 11.888211 1
6.11 -8.1 1.95 22.16 3.05 45.407964 11.888211 1
6.1 -7.55 1.57 22.05 3.05 45.407964 11.888211 1
6.44 -7.75 1.67 22.04 3.05 45.407964 11.888211 1
6.31 -7.74 1.48 22.05 3.05 45.407964 11.888211 1
6.18 -7.67 1.68 22.07 3.05 45.407964 11.888211 1
6.07 -8.04 1.71 21.92 3.05 45.407964 11.888211 1
5.83 -7.9 1.53 22.05 3.05 45.407964 11.888211 1
5.47 -8.08 1.79 22.05 3.05 45.407964 11.888211 1
5.37 -7.91 1.5 21.95 3.05 45.407964 11.888211 1
5.94 -7.97 1.57 21.92 3.34 45.407950 11.888170 0
5.82 -7.9 1.82 21.87 3.34 45.407950 11.888170 1
5.91 -7.82 1.86 21.49 3.34 45.407950 11.888170 0
6.05 -7.49 2.1 21.85 3.34 45.407950 11.888170 1
6.33 -7.73 1.69 21.9 3.34 45.407950 11.888170 1
5.89 -7.79 1.79 21.45 3.34 45.407950 11.888170 1
5.99 -8.04 1.99 21.78 3.34 45.407950 11.888170 1
5.91 -7.64 1.88 21.76 3.34 45.407950 11.888170 1
5.94 -7.82 2.22 21.88 3.34 45.407950 11.888170 1
6.17 -7.75 1.97 22.43 3.34 45.407950 11.888170 1
5.72 -7.68 1.67 21.76 3.34 45.407950 11.888170 1
5.8 -7.75 1.6 22.23 3.34 45.407950 11.888170 1
5.85 -7.71 1.82 22.17 3.34 45.407950 11.888170 1
6.18 -7.78 1.48 22.09 3.34 45.407950 11.888170 1
6.07 -8.0 1.61 21.66 3.34 45.407950 11.888170 1
5.99 -7.82 1.64 22.05 3.34 45.407950 11.888170 1
6.06 -7.94 1.76 21.92 3.34 45.407950 11.888170 1
6.16 -7.66 1.53 21.92 2.57 45.407941 11.888140 0
6.15 -7.61 1.89 22.02 2.57 45.407941 11.888140 1
5.85 -7.64 1.92 21.33 2.57 45.407941 11.888140 0
5.83 -7.91 1.82 21.8 2.57 45.407941 11.888140 1
5.63 -8.19 1.69 21.95 2.57 45.407941 11.888140 1
5.44 -7.74 1.62 21.95 2.57 45.407941 11.888140 1
5.44 -7.74 1.62 21.95 2.57 45.407941 11.888140 1
5.44 -7.75 1.61 21.96 2.57 45.407941 11.888140 1
5.44 -7.73 1.63 21.95 2.57 45.407941 11.888140 1
5.44 -7.74 1.62 21.94 2.57 45.407941 11.888140 1
5.44 -7.74 1.62 21.96 2.57 45.407941 11.888140 1
5.44 -7.74 1.62 21.96 2.57 45.407941 11.888140 1
5.44 -7.74 1.62 21.96 2.57 45.407941 11.888140 1
5.44 -7.75 1.62 21.94 2.57 45.407941 11.888140 1
5.44 -7.74 1.63 21.95 2.57 45.407941 11.888140 1
5.43 -7.74 1.63 21.94 2.57 45.407941 11.888140 1
5.44 -7.75 1.62 21.94 2.57 45.407941 11.888140 1
5.45 -7.74 1.62 21.95 2.57 45.407941 11.888140 1
5.43 -7.74 1.62 21.94 2.57 45.407941 11.888140 1
5.45 -7.74 1.63 21.94 2.57 45.407941 11.888140 1
5.45 -7.75 1.63 21.96 2.57 45.407941 11.888140 1
5.44 -7.75 1.63 21.95 2.57 45.407941 11.888140 1
5.44 -7.73 1.61 21.94 2.57 45.407941 11.888140 1
5.43 -7.74 1.62 21.95 2.57 45.407941 11.888140 1
5.44 -7.74 1.62 21.96 2.57 45.407941 11.888140 1
5.45 -7.74 1.62 21.95 2.57 45.407941 11.888140 1
5.44 -7.74 1.61 21.94 2.57 45.407941 11.888140 1
5.45 -7.74 1.62 21.96 2.57 45.407941 11.888140 1
5.45 -7.74 1.63 21.96 2.57 45.407941 11.888140 1
5.45 -7.74 1.63 21.94 2.57 45.407941 11.888140 1
5.44 -7.75 1.63 21.96 2.57 45.407941 11.888140 1
5.44 -7.73 1.61 21.96 2.57 45.407941 11.888140 1
5.43 -7.73 1.61 21.96 2.57 45.407941 11.888140 1
5.44 -7.74 1.62 21.94 2.57 45.407941 11.888140 1
5.43 -7.74 1.62 21.94 2.57 45.407941 11.888140 1
5.44 -7.75 1.62 21.96 2.57 45.407941 11.888140 1
5.45 -7.74 1.61 21.94 2.57 45.407941 11.888140 1
5.45 -7.74 1.61 21.96 2.57 45.407941 11.888140 1
5.44 -7.74 1.63 21.94 2.57 45.407941 11.888140 1
5.44 -7.75 1.61 21.96 2.57 45.407941 11.888140 1
5.43 -7.74 1.61 21.95 2.57 45.407941 11.888140 1
5.44 -7.75 1.62 21.96 2.57 45.407941 11.888140 1
5.44 -7.74 1.62 21.96 2.57 45.407941 11.888140 1
5.44 -7.75 1.61 21.95 2.57 45.407941 11.888140 1
5.43 -7.75 1.62 21.96 2.57 45.407941 11.888140 1
5.43 -7.73 1.62 21.94 2.57 45.407941 11.888140 1
5.44 -7.75 1.62 21.94 2.57 45.407941 11.888140 1
5.44 -7.75 1.63 21.94 2.57 45.407941 11.888140 1
5.44 -7.75 1.62 21.96 2.57 45.407941 11.888140 1
5.43 -7.75 1.63 21.94 2.57 45.407941 11.888140 1
5.43 -7.74 1.62 21.94 2.57 45.407941 11.888140 1
5.43 -7.73 1.62 21.94 2.57 45.407941 11.888140 1
5.44 -7.74 1.63 21.95 2.57 45.407941 11.888140 1
5.44 -7.75 1.63 21.95 2.57 45.407941 11.888140 1
5.44 -7.75 1.62 21.96 2.57 45.407941 11.888140 1
5.44 -7.74 1.63 21.96 2.57 45.407941 11.888140 1
5.44 -7.74 1.63 21.95 2.57 45.407941 11.888140 1
5.44 -7.73 1.63 21.95 2.57 45.407941 11.888140 1
5.45 -7.74 1.63 21.95 2.57 45.407941 11.888140 1
5.43 -7.74 1.63 21.95 2.57 45.407941 11.888140 1
5.45 -7.75 1.62 21.95 2.57 45.407941 11.888140 1
5.44 -7.74 1.62 21.96 2.57 45.407941 11.888140 1
5.44 -7.74 1.62 21.94 2.57 45.407941 11.888140 1
5.45 -7.73 1.61 21.94 2.57 45.407941 11.888140 1
5.44 -7.73 1.63 21.95 2.57 45.407941 11.888140 1
5.44 -7.74 1.62 21.95 2.57 45.407941 11.888140 1
5.43 -7.74 1.61 21.94 2.57 45.407941 11.888140 1
5.44 -7.75 1.61 21.94 2.57 45.407941 11.888140 1
5.45 -7.75 1.62 21.96 2.57 45.407941 11.888140 1
5.44 -7.74 1.61 21.95 2.57 45.407941 11.888140 1
5.44 -7.74 1.62 21.95 2.57 45.407941 11.888140 1
5.45 -7.75 1.62 21.96 2.57 45.407941 11.888140 1
5.44 -7.74 1.62 21.96 2.57 45.407941 11.888140 1
5.45 -7.75 1.62 21.94 2.57 45.407941 11.888140 1
5.43 -7.75 1.61 21.95 2.57 45.407941 11.888140 1
5.43 -7.75 1.63 21.95 2.57 45.407941 11.888140 1
