5.77 -7.9 2.05 22.05 2.43 45.408274 11.889795 1 1
5.96 -7.65 2.04 22.11 2.43 45.408274 11.889795 1 1
5.88 -7.97 1.74 22.07 2.43 45.408274 11.889795 1 1
5.89 -7.75 1.9 22.04 2.43 45.408274 11.889795 1 1
6.29 -7.69 1.75 22.04 2.43 45.408274 11.889795 1 1
5.96 -7.89 2.03 21.64 2.43 45.408274 11.889795 1 1
5.43 -7.73 1.74 21.97 2.43 45.408274 11.889795 1 1
6.02 -7.81 1.73 22.24 3.7 45.408251 11.889755 0 1
5.89 -7.73 1.66 21.95 3.7 45.408251 11.889755 1 1
5.94 -7.95 1.68 22.09 3.7 45.408251 11.889755 0 1
5.95 -7.52 1.84 22.05 3.7 45.408251 11.889755 1 1
5.97 -7.09 1.68 22.04 3.7 45.408251 11.889755 1 1
6.11 -8.37 1.58 21.87 3.7 45.408251 11.889755 1 1
5.8 -7.84 1.82 22.23 3.7 45.408251 11.889755 1 1
6.22 -7.94 1.52 21.83 3.7 45.408251 11.889755 1 1
5.84 -7.49 1.74 21.52 3.7 45.408251 11.889755 1 1
5.98 -7.8 1.94 22.09 3.7 45.408251 11.889755 1 1
5.49 -8.05 1.98 21.99 3.7 45.408251 11.889755 1 1
5.9 -8.09 1.58 22.52 3.7 45.408251 11.889755 1 1
5.68 -8.04 1.8 22.14 3.7 45.408251 11.889755 1 1
5.43 -7.57 1.83 22.19 3.7 45.408251 11.889755 1 1
5.84 -7.97 1.71 21.64 3.7 45.408251 11.889755 1 1
5.89 -8.06 1.72 22.0 3.7 45.408251 11.889755 1 1
5.6 -7.94 1.9 22.0 3.7 45.408251 11.889755 1 1
5.82 -8.05 1.72 22.02 3.7 45.408251 11.889755 1 1
5.97 -7.2 1.53 22.4 3.32 45.408239 11.889715 0 1
5.57 -5.48 1.28 21.8 3.32 45.408239 11.889715 1 1
10.44 -8.64 2.48 21.2 3.32 45.408239 11.889715 0 1
5.04 -9.08 2.1 21.52 3.32 45.408239 11.889715 1 1
4.81 -10.92 2.16 25.07 3.32 45.408239 11.889715 1 1
5.97 -6.68 1.72 24.15 3.32 45.408239 11.889715 1 1
3.0 -3.76 1.87 25.91 3.32 45.408239 11.889715 1 1
5.35 -12.76 1.46 24.06 3.32 45.408239 11.889715 1 1
4.62 -6.77 2.88 22.55 3.32 45.408239 11.889715 1 1
8.3 -10.31 0.3 21.33 3.32 45.408239 11.889715 1 1
