5.92 -9.97 1.22 23.27 1.67 45.407416 11.879719 0
3.46 -6.96 1.61 24.42 1.67 45.407416 11.879719 0
6.48 -9.0 1.45 25.12 1.67 45.407416 11.879719 0
5.88 -4.38 -0.13 22.09 1.67 45.407416 11.879719 0
4.68 -8.05 -0.31 22.02 1.67 45.407416 11.879719 0
5.18 -8.09 0.71 20.7 1.67 45.407416 11.879719 0
6.22 -10.83 2.22 20.73 1.67 45.407416 11.879719 0
6.43 -6.42 2.6 21.97 1.67 45.407416 11.879719 0
5.19 -7.61 0.57 22.96 1.67 45.407416 11.879719 0
5.17 -6.14 0.97 25.62 2.48 45.407417 11.879755 1
6.31 -8.18 3.56 23.8 2.48 45.407417 11.879755 0
5.06 -7.35 1.28 22.23 2.48 45.407417 11.879755 1
7.31 -9.79 1.93 20.55 2.48 45.407417 11.879755 0
3.7 -8.86 0.01 21.45 2.48 45.407417 11.879755 0
5.51 -6.79 3.07 25.59 2.48 45.407417 11.879755 0
5.08 -4.9 3.85 21.27 2.48 45.407417 11.879755 0
8.92 -11.25 1.61 22.5 2.48 45.407417 11.879755 0
5.73 -6.23 4.01 23.65 2.48 45.407417 11.879755 0
4.36 -7.72 2.11 23.96 2.48 45.407417 11.879755 0
6.66 -8.36 1.45 22.17 2.48 45.407417 11.879755 0
6.56 -7.39 2.61 25.09 2.48 45.407417 11.879755 0
6.17 -7.23 2.35 22.04 2.48 45.407417 11.879755 0
6.89 -9.74 2.09 22.64 2.48 45.407417 11.879755 0
3.85 -7.93 2.58 22.76 2.48 45.407417 11.879755 0
6.08 -6.19 0.75 22.5 2.48 45.407417 11.879755 0
4.55 -6.93 2.29 20.91 2.48 45.407417 11.879755 0
7.06 -9.14 1.57 20.72 2.07 45.407406 11.879782 1
6.25 -9.51 2.47 20.8 2.07 45.407406 11.879782 0
6.67 -7.93 2.05 21.61 2.07 45.407406 11.879782 1
4.33 -6.88 2.44 22.59 2.07 45.407406 11.879782 0
5.43 -4.94 1.03 24.13 2.07 45.407406 11.879782 0
6.47 -7.02 1.84 23.39 2.07 45.407406 11.879782 0
9.59 -11.36 1.65 21.73 2.07 45.407406 11.879782 0
8.73 -8.21 1.25 22.42 2.07 45.407406 11.879782 0
5.15 -5.5 3.16 24.8 2.07 45.407406 11.879782 0
