6.75 -6.96 2.15 22.55 0.37 45.407432 11.879596 0
6.55 -7.08 2.94 22.6 0.37 45.407432 11.879596 0
5.83 -7.74 1.67 22.66 0.37 45.407432 11.879596 0
5.74 -8.56 1.23 22.71 0.37 45.407432 11.879596 0
5.52 -7.92 1.99 22.71 0.37 45.407432 11.879596 0
5.72 -7.88 1.93 22.47 0.37 45.407432 11.879596 0
5.81 -7.84 2.29 22.35 0.37 45.407432 11.879596 0
5.71 -7.66 2.19 22.19 0.37 45.407432 11.879596 0
6.26 -7.54 1.81 21.57 0.37 45.407432 11.879596 0
6.23 -7.73 1.29 21.4 0.83 45.407431 11.879598 1
5.95 -7.91 0.96 21.83 0.83 45.407431 11.879598 0
5.81 -7.78 2.09 21.75 0.83 45.407431 11.879598 1
5.78 -7.85 2.19 21.93 0.83 45.407431 11.879598 0
6.0 -7.83 1.75 22.35 0.83 45.407431 11.879598 0
5.93 -7.97 1.91 21.47 0.83 45.407431 11.879598 0
6.19 -7.75 1.59 21.57 0.83 45.407431 11.879598 0
6.18 -7.24 1.69 22.09 0.83 45.407431 11.879598 0
6.52 -7.4 2.22 22.0 0.83 45.407431 11.879598 0
6.18 -7.35 2.7 22.02 0.83 45.407431 11.879598 0
6.37 -7.64 2.09 22.04 0.83 45.407431 11.879598 0
6.46 -7.45 1.05 22.09 0.83 45.407431 11.879598 0
6.38 -7.44 1.41 22.09 0.83 45.407431 11.879598 0
6.11 -7.42 1.28 22.04 0.83 45.407431 11.879598 0
5.81 -7.6 1.92 22.24 0.83 45.407431 11.879598 0
6.28 -7.59 1.25 21.52 0.83 45.407431 11.879598 0
6.17 -7.59 1.32 21.08 0.83 45.407431 11.879598 0
5.7 -7.55 1.68 20.51 0.83 45.407431 11.879598 0
5.57 -7.92 1.89 20.25 1.46 45.407435 11.879619 1
5.3 -8.13 2.08 20.17 1.46 45.407435 11.879619 0
5.36 -8.19 1.9 20.36 1.46 45.407435 11.879619 1
5.6 -8.05 1.65 20.22 1.46 45.407435 11.879619 0
5.74 -7.51 1.33 20.48 1.46 45.407435 11.879619 0
5.44 -7.53 1.53 20.1 1.46 45.407435 11.879619 0
6.19 -8.48 1.32 20.68 1.46 45.407435 11.879619 0
5.91 -8.2 1.84 21.59 1.46 45.407435 11.879619 0
