1.93 -1.36 10.77 22.16
1.91 -1.33 10.81 22.16
1.88 -1.34 10.82 22.12
1.90 -1.31 10.75 22.12
1.92 -1.31 10.73 22.16
1.83 -1.34 10.77 22.16
1.92 -1.34 10.75 22.16
1.85 -1.39 10.85 22.17
1.89 -1.29 10.75 22.12
1.93 -1.27 10.84 22.16
1.88 -1.29 10.80 22.16
1.86 -1.33 10.69 22.16
1.89 -1.32 10.78 22.16
1.96 -1.32 10.71 22.14
1.92 -1.34 10.83 22.16
1.87 -1.35 10.75 22.16
1.93 -1.35 10.73 22.16
1.90 -1.37 10.79 22.17
1.85 -1.34 10.77 22.14
1.91 -1.33 10.80 22.12
1.89 -1.32 10.78 22.16
1.89 -1.39 10.86 22.16
1.92 -1.32 10.76 22.16
1.87 -1.32 10.81 22.16
1.84 -1.35 10.72 22.14
1.94 -1.34 10.77 22.16
1.91 -1.34 10.76 22.16
1.90 -1.27 10.75 22.16
1.90 -1.35 10.83 22.16
1.92 -1.38 10.80 22.17
1.86 -1.34 10.73 22.12
1.92 -1.34 10.78 22.14
1.92 -1.36 10.81 22.16
1.90 -1.39 10.71 22.16
1.87 -1.29 10.82 22.16
1.89 -1.30 10.77 22.12
1.85 -1.26 10.82 22.12
1.91 -1.36 10.84 22.16
1.94 -1.35 10.75 22.16
1.93 -1.35 10.72 22.16
1.86 -1.25 10.70 22.17
1.88 -1.33 10.77 22.12
1.92 -1.38 10.76 22.16
1.91 -1.34 10.76 22.16
1.88 -1.30 10.74 22.16
1.89 -1.30 10.87 22.17
1.91 -1.33 10.82 22.12
1.86 -1.32 10.79 22.16
1.94 -1.34 10.74 22.16
1.93 -1.35 10.79 22.16
1.82 -1.30 10.78 22.17
1.92 -1.30 10.74 22.16
1.87 -1.32 10.77 22.12
1.86 -1.28 10.86 22.12
1.91 -1.30 10.79 22.17
1.90 -1.32 10.73 22.17
1.92 -1.30 10.83 22.16
1.95 -1.34 10.81 22.12
1.92 -1.33 10.79 22.14
1.90 -1.34 10.80 22.16
1.90 -1.33 10.78 22.16
1.89 -1.32 10.89 22.16
1.88 -1.24 10.78 22.12
1.92 -1.26 10.82 22.12
1.89 -1.30 10.82 22.16
1.90 -1.28 10.85 22.16
1.86 -1.30 10.81 22.17
1.93 -1.27 10.83 22.16
1.87 -1.27 10.83 22.14
1.87 -1.26 10.79 22.17
1.86 -1.30 10.71 22.16
1.90 -1.30 10.77 22.17
1.90 -1.32 10.77 22.17
1.89 -1.30 10.80 22.17
1.90 -1.34 10.75 22.16
1.92 -1.30 10.82 22.14
1.82 -1.26 10.78 22.16
1.90 -1.29 10.78 22.17
1.86 -1.31 10.74 22.17
1.95 -1.35 10.78 22.16
1.91 -1.29 10.80 22.14
1.87 -1.26 10.85 22.17
1.94 -1.28 10.83 22.16
1.85 -1.25 10.93 22.17
1.84 -1.27 10.81 22.17
1.83 -1.21 10.73 22.14
1.91 -1.29 10.81 22.14
1.88 -1.30 10.75 22.16
1.83 -1.39 10.86 22.17
1.89 -1.31 10.85 22.17
1.91 -1.31 10.81 22.14
1.85 -1.27 10.80 22.12
1.88 -1.25 10.72 22.17
1.91 -1.30 10.77 22.16
1.88 -1.25 10.78 22.17
1.86 -1.33 10.79 22.17
1.88 -1.30 10.79 22.16
1.92 -1.24 10.81 22.12
1.86 -1.24 10.84 22.17
1.86 -1.36 10.77 22.17
1.88 -1.38 10.71 22.16
1.90 -1.28 10.72 22.17
1.94 -1.27 10.76 22.14
1.94 -1.28 10.74 22.12
1.92 -1.30 10.76 22.17
1.89 -1.28 10.81 22.16
1.88 -1.27 10.78 22.17
1.86 -1.28 10.80 22.17
1.86 -1.26 10.79 22.12
1.92 -1.29 10.78 22.16
1.86 -1.28 10.81 22.17
1.95 -1.26 10.80 22.16
1.88 -1.29 10.78 22.16
1.91 -1.35 10.80 22.14
1.93 -1.28 10.77 22.17
1.92 -1.28 10.83 22.16
1.88 -1.27 10.69 22.17
1.90 -1.33 10.78 22.16
1.84 -1.32 10.74 22.16
1.91 -1.30 10.86 22.17
1.85 -1.34 10.76 22.14
1.89 -1.30 10.82 22.17
1.88 -1.25 10.78 22.16
1.91 -1.33 10.79 22.17
1.89 -1.27 10.78 22.17
1.90 -1.28 10.77 22.14
1.92 -1.32 10.79 22.12
1.89 -1.36 10.79 22.16
1.89 -1.35 10.83 22.17
1.90 -1.28 10.79 22.17
1.92 -1.29 10.72 22.14
1.87 -1.29 10.82 22.14
1.89 -1.24 10.83 22.17
1.90 -1.30 10.81 22.17
1.95 -1.25 10.82 22.17
1.87 -1.28 10.79 22.16
1.92 -1.32 10.81 22.14
