1.87 -0.57 10.88 21.78
1.68 -0.57 10.90 21.76
1.97 -0.57 10.77 21.76
2.55 -0.60 10.73 21.78
2.28 -0.59 10.78 21.40
2.55 -0.60 10.62 21.81
3.39 -0.49 10.56 21.47
3.32 -1.00 10.45 21.37
2.76 -0.55 10.58 21.20
2.95 -1.51 10.61 21.23
1.77 -1.62 10.26 21.18
3.61 -1.13 10.65 21.13
1.77 -2.00 10.43 21.20
2.70 -0.02 10.90 20.87
3.39 -1.85 11.74 21.28
2.44 -0.06 9.82 21.47
2.26 -1.12 10.66 21.54
3.97 -2.43 11.32 21.63
2.25 -0.90 10.75 21.32
0.46 1.93 11.18 21.92
2.00 -0.20 10.97 21.13
-1.11 -3.61 11.63 20.84
4.48 0.05 11.15 20.92
1.49 -3.46 11.91 21.18
0.15 -2.19 12.39 21.35
2.37 -3.42 8.85 21.57
2.89 -0.79 11.11 21.57
2.37 1.05 11.35 20.89
3.84 -1.89 10.03 20.92
3.34 -1.42 12.00 21.15
1.36 -1.88 9.78 21.33
-0.47 -1.90 10.92 21.28
0.68 2.56 10.85 21.23
4.46 0.93 11.01 20.92
0.80 -0.72 9.73 21.27
3.28 -1.80 11.19 21.37
2.92 0.34 12.19 21.23
2.07 1.99 11.03 21.13
1.79 -1.28 11.78 21.13
4.55 -2.43 10.30 20.84
3.89 -1.99 8.58 21.37
1.60 -0.05 10.26 21.18
3.05 -2.46 10.71 21.03
1.55 -1.09 9.80 21.03
2.09 -0.50 11.12 21.18
1.92 -1.40 10.46 21.18
1.51 -0.18 11.52 20.79
3.84 3.18 6.81 19.95
1.52 -1.73 7.71 19.72
0.74 -2.86 6.29 22.14
10.13 0.33 12.63 25.45
5.28 -1.75 10.99 22.76
4.49 2.13 14.57 19.36
3.76 -3.37 18.07 20.05
6.53 -3.53 8.98 20.84
2.54 0.09 10.74 20.97
2.42 2.20 9.78 21.18
2.16 -2.80 10.34 21.35
1.15 -1.80 10.86 21.28
0.65 -0.30 9.94 20.89
3.71 -2.39 10.88 21.33
2.49 -0.19 11.38 21.25
2.00 -1.79 11.97 21.28
2.61 -0.12 11.13 21.23
1.41 -0.61 12.44 21.23
2.61 -1.07 10.87 21.33
1.22 -2.28 11.07 21.30
1.85 -1.72 12.40 20.84
0.50 0.07 12.17 21.32
2.01 -1.70 11.87 21.44
4.31 -1.46 11.65 21.25
2.62 -0.46 9.99 21.23
0.84 -0.96 10.31 21.32
2.60 -1.02 9.10 21.08
-2.18 5.46 13.03 20.63
4.67 0.04 11.62 20.97
2.55 -0.86 8.66 22.96
1.88 -1.03 10.30 22.31
5.16 -2.18 11.98 20.92
3.22 -2.98 10.03 21.09
1.48 -2.14 9.87 21.23
1.86 0.95 12.02 20.97
2.60 -1.78 11.56 21.52
2.50 -1.35 9.32 21.44
4.95 0.45 10.59 21.42
0.97 -1.27 10.28 21.18
1.18 -1.16 10.71 21.57
2.67 -3.08 9.11 21.25
2.27 0.66 8.94 21.37
3.86 1.03 9.01 21.52
5.00 -0.67 10.37 21.92
5.90 -1.52 12.86 20.80
4.35 -5.91 12.11 21.52
7.78 -4.61 10.64 22.31
4.14 1.66 12.15 21.81
6.77 -5.37 12.87 21.63
7.90 -4.56 5.54 21.09
2.40 -1.57 11.43 21.18
1.30 -1.76 11.34 21.42
1.26 -3.44 11.63 21.13
2.10 -1.69 9.89 21.09
1.89 -1.06 10.34 21.28
1.55 -0.69 11.53 21.33
6.48 -0.83 12.35 21.23
3.08 -2.52 10.17 21.28
0.99 -1.97 12.02 21.44
1.76 0.14 10.60 21.33
2.90 -1.93 11.42 20.84
0.30 -2.91 11.25 21.28
1.73 -0.05 9.44 21.69
2.82 -2.01 10.22 21.81
0.89 -0.44 10.11 21.42
2.99 -1.86 10.64 21.37
3.27 -1.63 10.92 21.25
1.78 -3.07 10.78 21.23
1.14 -0.13 10.20 21.33
0.52 -1.21 11.51 21.28
2.98 -0.82 10.84 21.80
0.82 -1.96 12.38 21.37
1.75 -2.05 10.23 21.81
0.17 -1.32 10.02 21.32
3.99 -2.06 11.43 21.71
3.47 -2.67 11.46 22.12
0.50 -0.70 9.16 21.73
1.79 0.13 9.80 21.81
2.24 -1.54 11.02 21.33
2.86 -3.70 10.38 21.80
0.58 -1.64 11.64 22.12
2.02 -0.08 10.67 21.28
1.23 -0.43 11.15 21.73
2.03 -2.46 10.53 21.73
2.75 1.09 7.89 21.63
1.58 0.33 10.43 23.02
0.94 -3.00 11.18 21.97
13.91 -4.48 19.61 21.97
10.49 -5.89 17.03 22.11
4.97 -4.11 16.82 20.63
5.27 -1.93 10.65 20.07
0.41 6.71 11.05 21.37
2.33 3.46 10.03 21.37
-4.56 -1.47 11.98 20.44
-0.34 0.00 10.55 21.54
3.62 -1.59 10.54 23.00
4.30 -2.08 11.74 21.57
1.43 -3.04 12.67 20.92
-1.42 -2.07 11.28 21.33
1.06 -1.07 13.92 21.28
0.64 0.37 12.72 21.27
1.14 -1.43 11.25 21.87
-0.05 -0.70 13.77 22.12
0.58 0.70 13.05 21.54
4.61 1.09 12.46 21.32
-0.97 -1.26 10.48 21.73
1.04 -0.14 9.23 21.33
1.52 -1.40 9.31 21.25
2.28 -1.01 11.10 21.57
5.23 -1.21 11.25 21.33
1.36 0.60 9.98 21.33
-0.24 -4.29 11.79 21.30
-3.10 3.37 8.50 22.55
9.41 4.92 2.71 23.10
-0.66 -3.54 13.44 21.68
2.29 -3.37 13.28 21.18
1.05 3.77 5.71 21.20
-1.25 1.24 10.14 21.18
3.30 -2.16 10.35 20.97
3.48 -0.47 8.47 21.63
0.66 0.62 8.84 21.03
6.28 -2.71 7.09 20.79
0.89 -5.00 8.89 21.87
1.41 -0.05 10.49 21.71
2.76 -0.84 11.16 21.08
1.33 -3.24 9.66 21.15
1.48 -2.49 11.30 21.23
6.57 0.39 10.80 21.13
4.46 -0.29 10.24 20.92
2.23 -2.47 11.00 21.39
1.17 -1.27 14.63 22.42
5.06 -1.56 9.04 23.94
2.94 1.41 9.86 21.33
0.08 -1.00 12.00 18.50
1.26 -1.87 11.42 19.16
1.08 -1.18 10.01 21.18
3.27 -0.40 10.54 21.57
2.72 -1.15 9.95 21.15
-0.05 -1.46 10.14 21.28
1.41 2.15 9.63 20.97
1.34 -2.18 10.88 20.48
2.22 2.03 12.22 21.13
2.71 -2.90 11.23 22.31
2.36 -0.10 10.44 21.71
2.16 0.94 7.34 22.36
1.30 -1.70 10.27 21.30
1.41 0.09 10.88 20.53
2.87 -0.59 8.12 22.42
1.50 -1.32 7.03 22.36
7.16 -3.48 15.17 21.15
1.73 -3.06 10.11 20.39
2.80 -2.09 10.63 20.79
1.08 -1.05 11.58 21.57
2.81 0.64 9.78 21.59
2.10 -2.33 9.31 20.99
-0.27 0.82 11.83 20.84
2.16 1.19 10.48 21.03
3.15 -2.05 9.10 21.20
1.67 -0.74 11.02 21.23
1.82 0.04 9.07 21.28
0.64 -1.33 10.78 21.13
0.85 -1.32 13.01 21.18
3.06 1.41 11.44 21.51
1.17 -2.32 10.58 21.33
0.93 -2.31 11.89 20.97
1.99 -2.04 11.93 20.97
1.93 0.41 10.16 21.28
2.25 -2.95 11.34 21.13
0.91 -0.87 10.40 21.23
2.12 -0.55 11.78 21.47
2.49 1.05 11.25 21.18
2.27 -0.25 9.61 21.13
0.61 -0.63 11.89 21.33
2.13 -2.43 11.05 21.23
3.30 0.46 13.85 21.13
3.12 1.55 9.26 21.30
-2.36 -3.24 11.33 21.27
2.77 2.03 8.28 21.73
0.00 0.23 8.44 21.49
0.79 -4.55 10.37 20.84
2.33 -0.43 15.55 20.79
2.78 1.02 9.80 21.28
3.19 -0.31 10.92 21.44
3.39 -0.66 9.90 21.28
-0.28 -2.08 11.93 21.52
2.17 -0.76 11.09 21.52
5.20 -0.86 10.98 21.08
2.85 0.29 11.30 20.89
0.56 -2.37 12.22 20.92
1.79 -1.77 11.90 21.08
1.67 -1.25 12.16 21.28
1.60 -0.18 10.99 21.35
1.78 -1.11 12.49 21.18
1.47 0.12 11.82 21.18
0.75 -1.90 12.98 20.89
1.75 -2.16 12.48 21.54
1.48 -0.13 10.08 21.47
1.06 -0.68 11.20 21.03
2.08 0.02 11.22 21.13
0.80 -1.88 11.24 20.85
2.68 -1.16 10.15 20.89
2.16 -1.72 11.57 20.92
2.35 -0.78 11.25 21.57
1.57 -2.71 11.43 21.59
0.81 -1.40 11.72 21.25
0.39 -0.40 10.09 21.32
3.58 -3.04 10.59 21.28
1.21 -3.24 10.82 21.18
2.95 -1.09 10.75 21.20
1.62 -0.88 10.90 21.23
-0.74 -3.28 15.35 21.13
-0.20 0.32 10.14 21.42
0.14 0.86 10.86 21.49
3.79 -2.09 10.66 20.84
2.01 -1.61 11.78 20.79
6.37 -1.57 7.81 21.42
0.98 -3.40 11.36 21.44
3.13 -1.22 11.00 21.03
2.99 -0.28 11.59 21.03
-0.68 -1.73 6.41 21.47
3.06 -2.65 9.58 21.78
0.94 0.85 11.36 21.47
3.30 1.22 10.93 20.97
3.33 -2.10 10.97 21.13
2.77 -1.09 11.80 21.28
0.90 -1.13 11.70 21.42
0.87 -1.21 10.00 21.37
3.70 -0.81 10.80 20.87
-0.28 -1.37 12.13 21.54
2.08 -2.08 10.75 21.52
4.07 -2.34 10.81 20.97
1.34 -2.28 11.37 20.68
1.52 -0.09 10.11 20.94
2.31 0.49 8.15 22.02
2.04 -1.32 8.53 21.92
1.66 -0.92 10.58 20.84
2.35 -0.80 9.23 20.70
3.28 -0.11 9.61 20.63
1.03 -0.28 9.67 19.89
2.87 -3.56 12.87 20.31
2.89 -2.65 11.48 22.04
0.78 -0.17 12.45 22.60
1.59 -1.74 12.91 21.52
0.88 -3.79 10.02 21.28
1.13 -2.65 17.52 21.30
3.11 -1.19 7.70 20.84
-19.61 -11.20 19.61 19.50
4.36 9.84 12.35 21.73
3.17 -18.78 -3.15 24.99
19.61 19.61 14.33 21.30
-19.61 -5.00 19.61 21.30
-19.61 19.61 -3.70 21.88
19.61 -3.56 8.80 21.42
3.38 -4.18 12.19 21.18
-1.00 -1.33 10.42 21.33
2.27 -1.36 11.02 21.06
3.11 -0.33 12.31 21.23
-2.45 -2.28 10.70 21.76
2.29 -1.06 11.70 21.13
2.98 0.70 10.88 21.15
-0.98 0.37 11.89 21.28
-1.32 -1.39 8.41 21.18
4.32 0.57 10.84 21.23
2.31 -1.90 12.20 21.33
4.96 -1.67 9.99 21.13
3.49 -0.64 8.83 21.13
4.15 -1.52 10.91 21.23
2.87 -3.27 10.73 21.28
1.15 0.07 10.15 21.49
0.06 -0.16 13.24 21.33
0.46 -2.77 10.79 21.18
5.47 0.84 10.02 21.33
5.85 0.24 11.25 21.39
-0.03 -1.59 9.58 21.33
0.78 -1.54 11.00 21.37
2.49 -0.13 8.59 21.42
4.80 -1.62 10.24 21.49
2.45 -1.78 12.49 21.63
4.38 -0.38 12.03 21.23
1.36 -0.80 12.07 21.63
4.85 0.23 10.17 21.47
-0.59 -3.32 9.03 21.44
2.26 0.07 9.89 20.73
4.37 -0.49 12.93 21.03
-0.78 3.57 10.21 22.12
0.97 -0.65 10.19 21.73
