2.94 -0.47 10.71 21.18
3.17 -0.25 10.83 21.25
2.44 0.31 10.91 21.42
3.29 0.34 10.69 21.52
3.11 0.93 10.35 21.47
4.12 -0.16 11.29 21.37
2.25 -0.29 10.66 21.15
2.05 -1.98 11.44 21.03
2.34 -0.34 10.81 21.13
0.62 -1.22 11.18 20.97
2.22 -0.87 10.09 21.01
1.97 -1.22 10.30 21.08
3.05 -2.47 12.05 21.03
3.90 -4.41 9.92 21.35
1.88 -1.10 10.31 21.54
2.31 -0.60 10.83 21.68
3.02 0.13 11.19 21.87
1.72 0.63 9.57 21.57
1.61 -0.63 12.22 21.42
1.95 -1.97 10.85 20.75
2.24 -1.53 10.71 21.68
0.57 1.51 10.20 20.97
2.83 0.50 11.68 21.37
2.55 -2.83 9.92 21.44
1.31 -1.08 10.55 21.52
3.54 -1.01 11.56 21.47
3.81 -2.69 10.14 20.84
1.96 -2.13 10.74 21.09
1.05 -1.89 11.60 21.28
3.51 -1.87 10.89 21.42
3.13 -2.50 10.74 20.89
1.92 -2.59 10.82 20.80
1.03 -1.74 10.36 21.28
0.21 -0.04 10.32 21.28
2.80 -0.36 11.94 21.23
1.78 -1.83 10.72 21.15
2.53 1.48 9.73 21.18
2.05 -0.92 10.96 21.13
2.72 -1.09 11.09 21.18
2.50 -1.27 10.89 21.25
2.54 -1.34 10.63 21.27
1.75 -3.43 11.09 21.18
2.02 -2.72 11.48 21.08
2.58 0.44 10.56 20.99
3.33 1.78 10.55 21.08
1.89 0.56 8.52 21.23
-0.16 0.02 9.46 20.84
3.46 1.49 6.11 19.60
19.51 -10.02 19.61 19.21
0.09 -8.73 19.61 21.81
-2.58 4.55 6.89 25.59
6.34 -6.32 13.45 24.11
2.99 1.31 11.08 19.50
-3.41 2.54 10.80 19.74
10.39 4.20 15.93 20.48
-4.25 0.26 12.64 21.09
-0.16 0.34 9.68 21.08
1.94 -3.10 10.89 21.08
1.23 -1.15 10.71 21.76
-0.08 -1.60 12.20 21.15
3.45 -2.21 11.30 21.23
0.51 -2.32 10.89 21.28
3.70 0.69 8.25 21.18
3.23 -0.42 11.09 21.23
2.72 -1.68 11.15 21.25
0.74 -2.08 11.87 21.28
1.74 -1.94 10.79 21.28
0.44 -1.84 10.58 21.20
2.40 -1.98 9.97 21.39
3.12 -1.28 10.23 21.47
0.01 -1.58 10.37 21.28
0.94 -1.75 11.28 21.01
2.15 -0.40 9.22 20.73
-6.78 1.87 3.90 20.48
5.98 -0.73 16.23 21.63
-0.56 -1.95 10.99 21.88
-1.22 1.02 8.84 21.21
0.15 0.67 10.12 21.08
2.21 -5.62 11.75 21.32
5.50 -0.63 11.14 21.15
0.87 -0.37 9.88 21.28
0.33 -1.28 10.29 21.18
-0.35 -1.32 11.13 21.23
1.17 2.36 9.87 20.99
1.67 -0.49 11.66 21.28
3.41 1.77 12.08 21.28
1.82 0.60 7.34 21.63
5.36 4.91 3.94 21.49
2.49 2.82 14.90 20.48
7.52 -4.81 12.00 21.33
-5.90 7.10 7.01 21.47
4.92 1.74 19.61 21.80
0.45 -1.34 8.65 21.42
5.81 0.93 9.40 21.13
3.49 1.40 9.56 21.47
1.70 -1.72 9.64 21.33
1.87 0.12 10.37 21.47
4.01 -1.68 8.95 21.23
0.55 -2.46 9.57 21.37
3.58 -0.51 8.84 21.23
2.43 -0.85 11.03 21.52
1.20 0.24 12.68 21.33
1.91 1.07 9.55 21.13
0.93 -1.61 10.63 21.30
2.18 -0.52 10.96 21.33
1.48 0.37 9.49 20.89
1.11 0.63 9.10 21.37
3.34 -2.93 9.96 21.33
3.38 -2.37 9.99 21.13
1.64 -1.67 11.65 20.89
1.98 -1.09 10.71 21.28
2.08 -0.47 9.30 21.30
4.12 -1.75 10.88 21.33
3.01 -0.79 11.31 21.39
3.65 0.84 9.67 21.28
2.95 -1.02 10.61 21.15
1.66 -3.61 10.90 21.42
1.54 -1.77 10.12 20.89
2.36 -1.35 10.09 21.23
1.34 -0.58 11.71 21.54
1.42 0.47 11.13 21.33
1.43 -1.22 11.05 21.23
1.61 -2.33 9.47 21.33
1.41 -1.51 10.68 21.20
2.41 -1.31 10.79 21.33
0.83 -1.53 7.86 21.97
12.75 6.91 -1.05 22.31
1.81 -9.74 8.20 22.91
2.99 -0.32 12.04 20.51
-1.08 0.74 13.70 19.84
4.64 -2.60 12.69 21.23
1.49 -3.23 11.51 21.15
2.99 5.36 6.98 20.68
-1.36 1.65 9.89 22.81
3.27 -1.39 9.96 23.44
0.61 1.71 12.23 21.97
-3.79 -2.78 12.87 21.75
9.99 -4.22 9.16 22.26
3.47 -1.61 14.19 21.23
4.00 1.33 9.16 21.57
4.53 1.71 12.00 21.78
5.74 -2.80 11.21 21.30
2.85 -0.89 10.66 21.42
3.49 -3.30 8.83 21.37
2.03 2.70 11.38 21.76
0.36 -3.22 11.39 21.20
1.59 -3.04 9.35 21.63
3.42 -1.78 10.70 21.92
2.61 -0.83 11.62 21.33
-2.28 0.77 8.08 21.28
6.07 3.17 10.06 21.52
-1.41 -2.54 16.65 21.37
6.12 -2.00 5.34 22.09
1.02 4.88 -2.07 22.59
9.32 5.68 6.12 21.28
-13.07 0.95 19.61 21.37
0.90 -1.74 8.75 21.42
5.71 6.41 13.96 20.91
-2.31 -1.23 7.02 20.89
-1.31 8.42 9.73 21.63
2.06 -0.49 10.01 21.28
1.42 -1.10 11.08 20.96
2.78 -0.62 8.53 21.18
3.39 -2.03 10.66 21.28
3.09 -1.98 11.98 20.92
2.76 -3.05 11.56 21.64
5.39 1.75 8.46 22.76
1.15 -2.43 6.45 23.15
0.71 -0.56 9.31 20.34
1.79 -0.56 10.24 18.62
-0.65 -0.43 11.10 20.39
1.37 -0.18 10.12 21.68
1.53 -0.29 10.58 21.42
2.02 -0.77 9.87 21.30
1.24 0.15 8.04 20.97
1.82 0.55 10.23 20.48
5.46 -0.78 9.61 20.97
-0.26 -0.23 15.08 22.59
0.47 -1.16 13.29 22.96
1.95 -0.85 10.92 21.76
-0.15 -0.77 11.36 20.97
1.91 0.37 11.84 20.63
0.66 -0.25 11.35 21.75
2.74 -0.11 10.85 21.87
-0.13 0.50 10.24 20.92
-0.71 -0.56 9.97 20.44
4.21 -2.66 9.84 20.99
2.36 -0.36 10.42 21.63
1.66 -1.06 12.09 21.39
1.78 -2.00 11.64 20.84
1.55 -0.75 9.99 20.85
0.74 -0.20 11.07 21.42
1.33 -1.83 11.28 21.28
1.01 -1.41 12.62 21.18
1.77 -0.78 10.14 21.44
2.79 0.89 10.67 21.33
2.37 -0.74 11.70 21.23
1.70 -1.30 11.99 21.37
1.12 -0.11 11.82 20.80
2.54 -1.46 11.11 21.03
0.76 -3.58 9.74 21.28
2.36 -1.95 11.49 21.23
2.30 0.31 9.82 21.28
1.63 0.03 11.75 21.44
1.39 -0.01 12.11 21.18
1.17 -0.65 10.40 20.84
0.32 -0.47 12.23 21.33
1.74 0.57 9.90 21.18
1.03 1.73 10.89 21.18
2.02 -1.31 10.29 21.33
3.15 1.39 8.48 21.76
-0.38 -0.84 11.94 21.93
2.16 -3.92 11.68 20.89
1.95 2.12 10.30 20.89
2.72 -2.50 11.27 21.13
0.63 -0.44 11.30 21.44
1.62 -0.84 9.89 21.37
1.27 -0.32 10.92 21.47
1.57 -1.69 9.69 21.52
1.07 0.22 12.95 21.09
2.47 1.06 11.25 20.73
1.84 -0.99 8.71 21.08
2.00 -1.63 10.76 21.13
3.02 -1.43 10.10 21.15
2.12 -0.60 10.46 21.37
2.90 -0.76 11.60 21.18
2.81 0.37 10.90 21.13
0.84 -0.68 10.20 21.35
2.24 -0.86 10.47 21.23
2.88 -2.66 10.92 21.42
3.61 -2.33 8.86 21.08
3.27 1.37 10.26 21.06
3.30 0.21 10.56 21.13
1.71 -0.16 11.76 20.92
1.35 -0.74 12.75 21.03
0.42 -2.43 12.07 21.54
2.12 -0.66 12.60 21.57
3.78 -0.63 9.83 21.42
2.43 -1.29 10.45 21.33
1.64 -0.44 11.18 21.23
2.32 -0.40 10.92 21.25
3.09 -0.97 9.71 21.37
3.69 0.34 10.46 21.32
3.24 -2.36 11.12 21.37
2.65 -3.47 12.45 21.40
3.87 -3.07 9.23 21.03
1.22 0.73 12.50 20.79
3.09 -3.04 10.30 20.80
-2.17 -1.13 13.34 21.63
-0.26 -0.50 12.58 20.92
-0.69 0.11 12.45 21.08
6.25 -2.02 10.87 20.80
0.22 -2.16 11.11 21.28
1.79 0.17 10.78 21.68
1.90 -2.03 11.84 21.23
1.12 -0.44 11.60 20.99
2.06 -0.29 10.73 21.20
1.75 -0.07 9.76 21.42
2.46 -0.58 10.41 21.42
2.13 -2.80 11.43 21.23
1.54 -0.95 10.70 21.40
2.25 -0.91 9.11 21.78
3.08 -0.21 10.54 21.13
0.96 -0.81 8.94 20.79
3.22 -1.21 11.67 20.79
3.02 -1.43 11.05 21.39
2.65 -2.34 12.06 21.92
0.44 -1.73 11.25 21.81
1.97 -0.79 12.55 20.49
3.52 -1.22 10.27 20.84
0.79 -2.72 11.80 20.24
2.78 0.37 11.48 19.89
3.67 -0.61 10.20 21.13
1.48 -0.11 9.38 22.62
4.13 -0.96 8.91 22.21
2.52 -1.34 7.41 21.37
2.87 -0.28 10.71 21.63
-1.19 -1.17 4.67 21.99
-19.61 -19.61 17.43 18.80
-16.83 19.61 13.29 21.68
2.66 -2.43 7.39 23.80
-12.91 19.61 19.61 20.55
19.61 -19.61 19.61 22.81
-3.51 -2.09 19.61 21.80
