1.97 -0.37 10.83 22.47
2.02 -0.43 10.81 22.47
2.05 -0.40 10.76 22.47
2.00 -0.43 10.85 22.47
2.04 -0.39 10.80 22.43
1.99 -0.43 10.76 22.45
2.05 -0.46 10.74 22.45
2.00 -0.42 10.81 22.47
1.98 -0.48 10.84 22.47
2.06 -0.38 10.86 22.47
1.95 -0.44 10.75 22.47
2.04 -0.24 10.76 22.47
2.06 -0.60 10.75 22.47
2.02 -0.45 10.87 22.43
1.98 -0.30 10.84 22.43
1.97 -0.48 10.84 22.43
2.02 -0.36 10.80 22.43
1.98 -0.50 10.79 22.47
2.00 -0.41 10.80 22.47
2.04 -0.34 10.80 22.47
2.22 -0.38 10.71 22.47
2.42 -0.27 10.81 22.42
2.01 -0.70 10.76 22.42
2.35 -0.58 10.70 22.47
2.47 -0.82 10.75 22.48
2.64 -0.70 10.74 22.88
2.28 -0.63 10.75 22.48
3.34 -0.66 10.68 22.98
2.51 -0.00 10.16 23.31
3.93 -0.44 12.22 22.57
1.29 -0.02 10.21 22.12
1.43 -1.04 10.96 22.47
2.64 0.51 11.00 22.36
3.26 -1.10 11.29 22.23
1.45 0.55 9.97 22.19
3.74 0.20 11.83 22.14
2.82 -0.14 11.26 21.88
2.49 0.23 11.63 23.02
3.06 -0.60 11.14 22.31
4.42 -0.11 11.69 21.39
4.32 -0.91 11.26 21.73
1.48 -1.11 10.93 22.29
1.57 0.84 11.38 22.00
2.40 0.26 11.76 22.78
3.39 -2.37 10.05 23.15
2.08 0.27 10.35 22.36
3.08 0.71 11.54 22.36
1.19 -0.95 9.09 21.88
1.22 -0.18 11.16 22.07
1.70 -0.54 10.82 21.78
1.23 -0.23 10.73 21.54
3.18 -4.08 10.22 21.63
1.60 -1.34 10.83 21.59
2.53 -0.37 9.53 21.54
1.91 -0.39 11.28 21.39
0.65 0.24 10.06 21.28
0.44 0.58 9.73 21.35
0.87 -0.53 10.41 21.52
3.06 0.82 11.44 21.68
3.86 -0.79 11.15 21.83
0.50 -1.36 9.55 21.73
2.11 -0.44 10.32 22.69
1.11 -0.29 9.40 22.24
-1.43 -4.50 13.72 23.03
3.06 -1.62 11.03 23.07
2.56 -2.07 11.48 23.15
2.52 -0.95 10.21 22.91
2.88 -3.14 10.17 23.26
0.73 -3.10 10.08 22.86
3.90 -3.05 8.98 21.52
2.36 -4.08 14.22 20.55
0.25 -2.71 11.71 20.39
-1.67 0.81 6.74 21.83
1.98 -0.84 11.63 21.83
4.40 2.21 11.04 22.81
0.45 -1.95 9.34 23.48
0.94 -0.37 9.62 23.27
2.66 0.80 10.28 23.53
-1.71 4.37 9.50 22.02
2.83 -1.88 9.86 22.02
2.13 -4.93 12.61 22.02
-0.60 -1.65 8.65 22.62
4.81 -4.43 14.90 22.17
1.53 -4.49 17.41 22.72
1.67 2.43 9.97 22.35
5.24 -0.75 12.80 22.29
2.03 -0.51 10.69 22.23
3.41 -2.42 10.90 22.02
5.23 0.53 10.27 22.02
2.53 -3.06 13.66 22.42
1.09 -1.90 10.58 22.12
6.43 -2.98 10.13 23.02
6.06 1.00 8.20 22.09
-0.18 0.06 9.92 21.83
0.57 -2.66 10.13 21.78
2.72 -1.96 12.82 21.33
0.20 -1.34 9.83 22.31
0.65 0.50 9.19 21.99
1.40 1.30 10.51 22.00
8.41 -1.70 13.56 22.04
4.40 -0.48 8.85 24.15
9.00 -2.88 9.36 22.62
-0.90 3.94 13.89 22.12
3.06 -2.39 10.87 22.59
1.51 -1.09 12.85 22.69
2.94 -2.06 8.95 21.51
1.39 -1.77 11.39 21.78
3.27 0.93 8.73 21.42
2.83 -2.09 11.09 22.36
2.00 -0.51 11.46 23.20
3.11 -0.72 11.77 21.87
2.29 -0.87 8.47 22.45
5.76 -0.48 10.41 21.85
0.39 -2.25 13.57 22.48
2.43 -1.47 12.88 22.71
2.26 -0.89 14.64 22.12
1.56 -1.81 10.95 21.78
2.60 -0.23 11.44 24.20
0.33 -0.75 12.35 24.49
8.90 -3.50 6.14 23.51
4.49 -0.43 11.15 23.15
-1.09 -0.82 9.67 21.87
0.18 -1.29 9.73 21.78
0.64 -1.21 10.89 21.81
1.17 -1.96 10.79 22.04
5.09 0.11 8.81 21.90
-9.70 -5.83 3.36 22.02
-1.89 0.45 0.29 22.12
2.44 -2.98 9.25 22.23
5.90 0.09 9.96 22.67
1.59 -2.61 10.77 23.62
3.96 -0.45 9.74 22.14
3.48 -1.79 14.89 21.85
-11.90 15.34 11.86 22.29
-7.13 6.47 11.19 23.32
8.02 3.21 9.01 21.68
-0.14 1.54 8.64 22.02
-3.61 0.76 10.38 21.49
0.42 -1.47 6.51 21.33
-4.20 -0.83 8.02 21.85
-0.20 -0.87 10.83 22.52
1.60 0.62 11.63 21.52
1.34 -0.84 11.60 21.93
-0.25 -1.92 15.12 22.86
3.69 -0.90 7.18 21.73
4.78 4.60 10.35 20.89
-4.90 -2.33 14.34 21.45
0.25 0.92 6.28 22.36
6.37 -2.52 19.61 22.52
2.36 0.37 10.98 21.39
-4.22 -1.20 3.11 21.33
19.61 -19.32 -2.69 21.49
-13.16 -6.37 19.61 23.51
-6.84 4.92 13.18 22.81
8.88 -2.21 9.19 21.20
4.39 -2.81 10.82 22.48
5.65 0.67 2.36 22.86
4.90 -6.66 10.45 21.63
4.90 1.10 9.36 21.57
1.97 -2.80 8.64 21.92
1.73 -1.80 13.39 22.09
0.13 -1.21 12.97 21.56
2.63 -4.51 10.40 22.67
0.97 0.54 9.94 21.73
-0.87 1.03 8.69 21.88
3.23 -1.75 9.47 21.93
1.52 2.01 7.27 21.64
2.29 -1.70 8.82 21.35
4.00 -1.83 13.26 21.83
1.55 -1.49 10.05 22.47
9.58 -5.13 11.41 22.23
5.70 -0.39 10.45 22.62
5.19 -5.81 17.89 22.02
19.61 -6.33 11.03 22.31
-0.69 3.40 10.88 23.65
0.16 0.32 9.68 24.47
4.03 1.49 9.56 21.85
9.16 -3.81 10.02 22.48
-0.32 -1.04 10.30 22.40
4.21 -1.06 10.04 22.57
4.81 -3.18 7.35 22.17
1.70 -0.35 11.69 22.07
-0.70 0.99 10.65 21.78
3.34 -1.10 12.93 23.02
4.38 -6.01 12.18 21.88
1.03 -1.54 11.48 22.74
-0.18 -1.87 12.53 22.59
1.24 -3.82 8.13 22.52
4.04 -2.04 10.26 21.87
3.35 -0.91 11.85 21.87
5.22 -3.30 12.29 22.62
2.68 -0.27 9.67 21.88
0.66 -2.49 11.93 21.78
-0.57 1.79 8.49 22.09
0.46 -4.37 7.92 22.67
2.62 0.96 8.68 22.28
4.56 -1.93 13.46 22.67
5.99 -0.81 16.04 22.26
2.32 -2.58 10.69 21.83
5.63 -1.88 11.32 21.83
5.88 2.35 10.03 22.14
1.76 -2.94 16.07 22.14
7.26 -2.90 14.03 21.90
6.87 2.71 12.26 23.15
4.84 -2.82 9.00 22.12
1.58 -1.76 12.61 21.88
4.84 -1.77 10.69 22.36
0.51 -2.82 11.82 22.23
6.77 4.38 10.55 22.62
-1.01 -4.23 7.58 22.24
3.94 1.27 8.99 22.62
3.40 0.94 14.74 22.23
4.93 -2.21 4.09 22.71
-1.65 4.49 12.39 22.23
1.22 -0.54 11.44 22.36
-0.14 1.96 11.67 23.51
6.46 -3.17 19.61 21.68
-11.21 -11.77 -12.64 24.25
7.09 -5.40 16.03 24.46
4.23 5.33 12.52 21.44
7.63 0.46 12.10 25.90
4.49 -0.46 10.07 21.90
-7.98 -4.87 4.21 22.33
5.67 4.67 13.87 24.71
1.56 -3.33 9.78 24.11
-6.29 1.68 10.28 22.45
2.45 -2.46 9.97 23.12
0.32 0.72 9.64 22.17
-0.43 -1.15 9.39 21.97
-0.47 1.86 11.07 23.02
1.22 -0.65 11.77 22.96
3.36 -2.34 11.84 22.19
-0.48 -5.42 8.34 22.04
-12.16 -4.98 12.76 22.78
5.57 5.06 11.91 23.38
3.37 -8.51 13.23 22.57
-2.49 -16.95 -0.47 21.28
2.35 -0.97 6.43 27.30
-0.99 0.99 11.43 22.12
8.20 5.26 15.12 22.26
-1.36 -0.84 10.16 23.12
-0.12 -5.92 9.53 22.62
3.97 4.02 10.82 23.41
2.71 -3.74 12.56 22.36
1.99 2.25 9.06 21.85
8.02 -2.52 8.00 22.79
3.31 -2.16 14.26 22.69
2.28 -1.43 14.10 22.31
3.65 1.14 10.92 23.02
-0.24 -1.92 12.28 23.15
6.23 -4.22 18.95 22.67
-2.39 -4.34 11.91 22.17
-4.41 2.00 10.19 22.24
-3.90 1.83 12.32 22.24
-1.29 -0.48 11.09 23.27
-3.36 4.69 15.24 23.72
5.14 -3.39 7.99 21.73
9.85 -1.89 11.52 23.65
1.53 -2.78 10.44 23.60
1.45 2.54 10.80 21.78
1.86 -2.24 13.18 22.67
3.65 -1.71 8.35 22.96
4.54 -1.02 8.85 23.86
3.01 -0.61 10.62 23.31
2.81 0.55 12.89 23.02
18.03 -5.57 19.61 21.63
-1.41 -1.13 7.10 23.27
-3.73 0.06 10.45 21.64
2.59 -1.30 11.93 21.63
-1.87 0.11 9.32 21.57
-1.44 1.49 14.39 22.42
3.76 1.63 7.58 22.76
5.92 5.80 17.50 21.49
19.61 -10.98 19.61 22.31
19.61 -19.61 14.53 24.15
-6.72 9.26 10.07 21.52
8.65 -9.86 19.61 22.48
7.26 -8.54 4.60 22.74
5.09 -2.49 5.59 22.12
6.89 -1.04 11.70 22.76
-2.38 2.67 13.03 23.10
4.99 -5.83 8.46 23.86
-10.69 -5.15 12.54 22.76
-2.03 3.12 9.26 22.62
2.75 -1.33 15.36 22.47
-2.05 -3.93 9.25 22.42
-0.23 -3.73 19.61 22.54
1.20 1.95 14.67 23.14
14.46 0.87 4.29 22.83
-1.93 1.24 8.78 23.15
5.41 3.21 1.62 22.02
0.57 0.87 16.86 22.33
16.42 -2.74 17.59 22.23
0.62 -3.64 9.57 25.78
3.27 -4.29 7.88 23.07
-5.54 1.70 5.36 22.26
-7.41 1.08 16.33 23.17
-1.24 2.29 1.18 22.64
4.80 -6.69 6.87 22.72
6.03 -4.31 3.17 22.26
6.45 -1.49 7.87 29.89
3.05 -1.69 11.69 22.98
3.85 -3.02 10.72 22.42
-3.85 -0.63 4.62 22.26
4.14 0.57 9.50 22.31
-1.14 -2.73 11.19 21.97
5.89 -1.21 13.45 22.07
0.14 -2.77 6.20 22.23
2.29 3.56 13.20 22.29
0.47 -4.26 10.65 22.28
0.00 -2.95 13.16 23.32
2.75 2.26 13.06 22.66
2.81 -0.87 9.78 22.26
11.21 -2.95 13.30 22.42
-4.52 -2.29 5.90 22.26
1.07 -4.92 5.20 22.12
3.37 3.59 12.10 22.17
3.47 -1.03 12.23 22.64
8.88 -4.99 9.19 22.98
1.97 -1.81 12.89 22.36
13.52 -1.53 18.42 22.36
-2.38 3.37 12.52 25.83
1.98 -2.69 18.36 22.17
-2.31 -0.69 15.36 22.47
-3.53 -1.91 6.49 23.65
-5.61 3.41 14.11 22.96
-13.63 -8.29 15.56 22.54
4.73 11.90 13.54 22.45
9.28 2.83 5.86 22.24
-6.35 -2.09 9.52 22.23
0.85 2.61 3.76 21.57
4.05 -0.13 8.77 21.13
-0.42 0.78 12.51 21.92
2.43 -2.30 9.65 22.04
5.38 1.96 10.92 21.85
2.84 0.05 12.99 21.92
1.14 -1.41 10.24 21.92
2.14 -2.96 10.04 22.33
2.30 -0.45 13.47 21.73
-1.48 -1.02 11.74 21.57
-0.43 -0.06 10.30 21.59
-2.03 -0.21 16.62 21.90
4.83 -0.75 11.47 21.97
0.41 -3.88 15.14 20.99
-0.07 -0.71 8.20 22.07
-0.14 -1.61 13.62 21.63
3.19 -3.26 10.12 21.73
2.66 3.70 13.05 21.85
-2.04 -0.86 11.79 22.14
1.99 -3.15 12.44 21.93
4.60 6.36 6.32 21.83
5.67 -0.02 11.61 21.57
1.06 0.20 12.01 21.93
0.31 -1.06 17.82 21.87
2.38 -1.35 13.15 22.29
12.96 -2.86 7.38 21.01
-0.27 -0.55 11.22 21.64
5.05 -1.45 14.97 22.02
1.35 -6.77 4.30 21.68
7.35 -5.13 13.70 21.33
-6.19 4.59 15.12 21.93
0.17 -0.44 14.65 22.88
-0.30 -0.98 5.19 22.04
-2.71 0.64 8.04 22.81
2.16 -2.17 8.47 23.46
1.61 -0.72 12.54 22.72
3.44 -3.51 9.13 21.88
-0.77 3.66 12.45 22.12
-6.28 -6.40 7.78 23.36
6.13 -0.68 8.43 23.26
3.71 3.33 12.44 29.88
-6.83 1.22 7.71 21.28
-3.21 2.18 8.55 21.97
3.82 -4.44 8.54 21.80
4.92 -2.18 12.09 22.19
2.63 -1.67 8.14 22.36
3.81 -3.16 16.09 22.67
6.84 -2.70 12.11 22.28
1.83 -4.09 11.69 22.17
6.40 0.28 10.09 22.67
0.66 -2.11 8.76 21.85
3.15 -0.23 12.28 21.80
0.26 -1.49 12.79 22.17
4.63 -2.49 11.53 22.12
0.92 -2.43 8.08 21.83
2.62 0.77 13.91 22.28
2.32 -2.36 11.43 21.83
1.67 0.70 14.95 21.75
-0.97 -3.33 10.55 21.85
0.88 0.59 10.58 21.83
0.36 -2.84 8.85 21.88
-0.92 0.88 15.40 21.88
1.16 -1.29 9.57 22.14
1.81 -0.19 8.22 21.85
1.49 -0.75 12.85 21.78
3.07 -1.56 9.21 21.81
2.17 -0.20 11.72 22.26
-0.23 -1.52 5.90 21.88
1.36 -1.93 11.70 22.02
2.55 3.52 16.43 22.14
7.21 -4.37 11.74 21.85
2.64 -1.21 9.10 21.78
4.30 -2.63 13.24 22.33
5.34 -0.56 8.93 21.78
2.99 -1.13 9.64 21.83
-0.03 0.58 8.94 22.14
3.19 1.77 6.97 21.90
0.80 -1.41 10.26 21.78
2.23 2.37 10.13 21.68
-2.83 -0.83 9.97 22.28
2.46 -2.53 15.61 21.85
-1.99 1.95 8.53 22.74
1.31 -2.52 11.09 21.87
-0.69 -1.49 6.68 22.17
-3.47 0.41 6.83 22.23
-1.72 -1.34 6.19 22.71
2.90 -1.29 8.07 21.87
-1.50 -1.99 8.15 22.24
10.34 -3.62 10.78 22.19
2.37 0.61 15.95 23.77
7.45 2.78 16.86 22.78
-6.15 3.61 19.61 21.83
5.30 5.60 7.89 23.36
15.92 -9.94 4.27 22.43
-2.72 -0.77 17.41 22.52
3.83 0.57 11.09 22.48
9.79 -1.25 18.03 22.04
2.45 -2.58 13.05 23.77
-2.05 0.24 14.20 22.12
1.82 1.86 11.44 22.28
4.38 0.53 8.15 22.24
4.89 -6.21 12.25 22.14
4.51 0.87 9.01 21.97
3.85 -0.14 5.29 22.47
-4.41 -1.02 2.37 22.17
4.54 -0.40 19.61 26.41
19.61 19.61 19.61 22.57
-8.14 -19.61 -17.75 23.46
-19.61 -19.61 -19.61 21.78
-14.46 5.66 0.16 22.47
2.20 1.02 12.37 21.99
2.62 -0.49 5.49 23.63
-0.66 1.62 9.30 22.76
3.90 -5.83 7.72 25.33
1.55 -0.66 9.87 21.78
4.44 -3.54 7.54 21.88
-0.37 -0.15 16.52 21.87
3.62 -5.22 16.38 23.91
3.08 -0.79 8.35 22.54
-0.72 -1.40 10.07 22.04
3.71 -2.12 11.20 22.47
1.96 -1.32 10.41 22.12
2.73 -1.08 10.18 21.83
2.64 1.44 13.06 22.28
3.04 2.32 9.44 22.59
1.97 -1.55 7.58 22.78
2.21 0.25 5.78 22.57
0.61 -2.68 8.64 21.83
0.11 -0.19 9.97 21.97
-0.20 -4.24 9.90 22.24
7.69 -2.43 13.00 22.19
3.19 -3.04 5.72 23.08
-0.68 1.54 12.53 23.31
4.39 -2.51 11.95 22.62
1.51 -1.86 9.64 22.36
1.50 4.27 10.91 22.17
5.94 -3.94 12.76 21.83
0.85 1.15 9.00 22.17
0.28 -0.52 9.90 22.04
-0.71 -2.56 8.08 22.54
2.98 2.28 7.91 22.52
5.32 1.53 9.12 21.73
3.82 1.58 10.72 22.02
-1.56 -3.49 12.64 22.28
-0.99 0.82 10.64 22.36
4.44 3.73 11.73 22.04
-1.70 -2.02 9.46 22.19
-1.50 -1.08 5.92 22.31
-5.63 1.05 12.79 21.97
4.42 3.03 8.12 21.44
3.07 -2.23 7.05 22.81
-3.73 4.07 11.36 21.85
6.34 -1.89 14.31 22.69
0.72 -3.24 11.57 22.79
1.40 2.91 11.53 21.68
3.21 -3.90 12.18 21.57
3.14 -1.16 12.18 21.73
7.78 -3.43 13.92 21.47
3.30 -0.34 18.43 21.73
5.07 0.33 17.04 21.57
3.86 -2.77 15.02 21.75
4.86 -2.90 10.73 21.78
0.59 -2.91 18.49 22.23
3.69 2.84 14.43 21.83
0.48 -1.22 16.23 21.78
2.58 -1.25 10.26 21.83
3.53 -2.64 8.67 22.19
3.10 2.64 12.42 21.69
0.61 -0.50 10.74 21.87
4.11 -2.89 8.66 21.78
5.12 -1.05 8.22 22.31
2.48 -0.38 10.71 21.83
3.16 -2.09 15.88 21.83
-6.64 -1.10 2.41 21.80
-16.79 -2.01 14.97 22.09
5.19 2.38 8.37 21.57
0.51 -3.02 9.95 21.47
2.78 1.53 5.66 22.31
1.09 0.26 9.37 21.93
-1.05 1.80 9.09 21.80
3.68 -0.57 9.46 22.19
1.00 -0.03 12.09 21.73
2.77 -2.92 12.82 22.26
0.79 2.19 11.17 22.28
-0.33 -1.89 10.10 21.92
2.21 -1.40 11.10 21.83
3.46 -2.50 13.13 21.78
1.30 -1.07 9.50 21.85
5.84 -3.32 12.14 21.80
2.43 1.89 15.16 21.78
6.89 1.60 10.25 22.57
4.74 -1.83 8.85 22.26
5.67 1.98 10.76 21.63
-0.73 0.33 9.19 21.69
-5.27 -1.85 9.31 21.80
0.66 0.92 12.87 21.81
7.01 0.53 14.19 21.73
1.72 -1.29 10.84 21.81
3.78 -1.25 6.74 21.88
3.33 -1.87 10.54 21.83
1.06 -0.61 10.62 22.24
0.74 -0.65 9.52 21.78
4.16 1.42 10.74 21.83
2.01 -0.46 11.77 21.83
4.56 -2.16 8.87 21.78
3.17 3.15 11.04 22.26
3.94 -0.96 12.82 21.83
1.22 -1.73 10.61 21.75
-0.59 -0.66 9.94 21.78
1.19 -0.70 12.03 21.88
3.73 -3.29 8.24 21.78
0.90 -0.69 10.86 22.23
0.07 0.71 13.32 22.23
6.12 -1.42 13.85 21.83
3.78 -1.25 10.14 22.24
6.36 -0.31 9.73 21.80
1.96 -0.33 8.65 21.88
2.72 -4.45 9.48 22.36
-0.12 -1.01 10.99 22.17
3.35 -0.24 7.33 22.52
0.36 1.03 9.25 21.45
2.50 -0.87 8.69 22.45
1.53 -1.99 15.58 23.20
2.64 -0.23 10.93 21.39
1.58 0.21 12.66 21.97
1.77 -0.83 10.09 22.42
2.79 0.12 7.26 21.92
8.46 3.73 8.93 21.90
-0.34 -13.15 -7.97 21.85
-7.07 -7.48 10.96 22.78
-0.47 2.77 11.89 21.18
-16.59 2.36 3.88 21.68
-13.34 -4.55 13.62 23.15
8.18 7.69 7.89 21.39
-5.00 6.09 6.60 22.52
13.20 4.65 9.60 22.54
-0.92 -19.61 19.61 23.72
18.56 -9.57 5.01 25.79
19.61 -11.68 2.51 21.28
-13.30 -2.19 10.90 21.59
3.16 -2.65 7.40 22.54
0.50 -4.71 6.54 21.57
1.81 5.68 19.13 21.08
6.21 1.47 10.82 22.71
10.85 -1.92 15.70 22.02
-3.14 -1.09 6.22 21.59
3.15 -2.95 7.67 22.33
-1.94 0.64 5.46 22.35
3.51 0.44 10.88 21.87
-1.70 1.01 11.08 23.36
-0.18 0.12 17.72 22.17
-4.79 -0.50 11.34 22.76
-1.59 0.73 11.57 21.88
3.01 -0.61 5.22 22.59
-2.47 0.31 9.19 22.88
4.16 -3.87 10.51 22.62
1.87 0.08 9.69 22.72
-0.81 1.22 10.12 21.78
8.63 -1.05 9.04 22.23
1.85 -0.54 9.50 22.02
0.75 0.02 12.82 22.29
-1.28 -1.34 8.85 21.69
7.26 -2.02 18.36 22.17
3.44 -1.21 12.09 21.87
6.46 -5.19 14.30 22.31
1.41 -3.78 12.02 21.92
1.33 -0.61 10.85 21.78
2.96 0.00 11.94 22.62
0.74 4.31 11.17 22.19
0.72 -1.47 15.79 22.43
15.30 -6.06 11.52 21.64
3.96 -2.98 8.61 22.96
5.91 -4.30 6.88 22.26
4.44 -5.80 10.97 21.68
-15.33 -19.61 5.16 22.28
-12.26 -4.44 -19.61 23.60
19.61 -19.61 -19.61 23.46
-12.91 0.13 12.54 22.28
-6.34 -5.44 19.61 22.62
-1.68 4.80 9.16 21.78
2.28 -1.87 7.06 22.24
2.03 -0.71 7.94 22.14
0.74 -1.11 10.93 21.81
3.65 -3.51 11.67 21.78
-0.19 -0.93 14.64 22.12
1.61 -1.82 11.34 21.78
2.54 1.20 11.85 21.78
6.30 -1.03 8.16 21.78
2.08 -1.45 14.72 21.75
-0.24 -2.14 10.17 21.75
1.16 -2.63 11.92 21.81
0.68 0.39 9.83 21.81
1.29 -0.62 10.93 21.73
-1.32 -0.55 13.16 21.68
-1.53 -0.63 11.50 21.51
0.58 -0.86 13.19 21.64
2.52 -2.52 13.42 22.76
-1.24 0.81 11.03 21.52
1.46 -0.47 11.16 21.93
1.90 0.24 8.86 21.97
1.33 -2.33 9.63 21.64
3.79 -0.31 9.56 21.69
1.64 -0.96 10.30 21.73
1.34 -2.19 10.79 21.78
17.78 -12.32 12.48 22.57
6.54 11.56 5.23 22.26
-8.79 -11.00 10.78 21.52
4.13 -7.92 10.62 22.71
-12.43 3.28 1.78 22.33
2.12 4.25 17.77 21.57
2.47 -2.15 11.12 21.83
-1.32 -2.62 11.54 21.52
2.69 1.08 9.30 22.12
-2.21 0.58 14.52 21.92
1.57 0.75 12.29 21.68
2.89 -3.60 11.60 22.35
4.43 -5.32 11.12 21.85
-0.30 0.21 9.90 21.63
3.00 1.72 9.62 22.23
1.51 -2.54 11.79 22.31
1.38 0.16 9.30 21.78
1.85 -3.14 10.88 21.75
1.88 -0.63 4.14 21.73
9.22 -2.06 15.29 21.92
4.00 -1.72 15.30 22.23
1.89 -1.90 13.62 22.12
-1.22 -4.68 7.15 22.42
1.87 -3.40 8.94 22.96
4.73 0.60 8.24 22.14
-0.39 -0.50 12.25 22.24
0.72 0.93 11.04 22.36
1.36 -2.38 8.84 22.23
2.29 -1.90 11.79 22.36
2.71 3.09 6.73 21.92
1.62 -3.22 9.49 22.12
6.70 -4.64 16.83 21.85
2.22 0.23 10.58 22.09
2.38 -0.38 8.90 21.49
8.90 -1.70 10.22 21.88
-0.46 -4.25 14.88 21.92
-1.56 0.04 9.47 22.19
4.63 -3.44 10.58 21.68
2.09 -2.07 9.51 21.92
1.66 -0.12 10.68 21.92
3.38 -1.98 10.48 21.81
1.86 -0.04 8.58 21.73
2.16 -2.59 10.35 21.75
0.53 -0.70 13.97 21.75
2.40 0.07 10.97 21.68
2.53 1.19 9.55 21.83
0.03 -2.58 10.42 21.87
2.06 8.77 13.74 22.36
-0.48 -3.09 16.55 21.59
0.84 1.58 12.68 21.45
4.64 -3.69 14.10 22.23
1.79 -0.04 9.58 21.92
0.02 -0.14 7.57 22.17
0.89 -3.02 10.06 21.87
3.34 -1.76 12.89 22.23
6.45 2.11 12.13 21.69
-1.34 -0.25 11.53 21.83
1.98 0.01 11.46 22.07
-1.39 -1.10 10.96 22.57
5.11 -3.21 19.61 22.67
8.49 -3.76 11.35 22.42
2.73 -3.65 9.20 22.42
-17.70 0.90 2.07 22.33
-0.64 -0.66 17.75 23.27
3.70 0.83 4.23 21.80
4.56 -0.95 8.04 23.41
-5.28 2.26 9.71 22.86
-4.74 1.30 0.35 24.78
8.46 -1.81 14.83 20.10
13.59 13.51 7.24 22.17
14.10 -9.58 8.03 25.83
-1.71 7.07 14.23 21.28
3.63 -5.40 10.43 19.31
-9.50 -0.44 4.33 22.48
5.71 -2.13 9.35 23.12
4.21 -5.66 12.56 21.97
5.93 0.80 14.08 21.39
5.36 2.12 10.51 22.26
2.35 -2.63 12.35 22.17
0.96 -0.80 10.07 21.80
3.82 -0.03 8.05 22.09
0.46 -2.15 9.89 21.57
5.84 -0.06 11.89 21.87
0.93 -0.56 11.10 22.07
1.72 1.09 9.57 22.36
3.13 -5.63 15.59 21.93
-3.39 -0.87 16.38 22.59
2.23 0.68 9.87 21.52
-1.30 -1.13 7.33 21.33
1.52 -1.00 12.16 22.33
6.13 -1.30 14.14 22.42
9.12 -4.10 8.86 22.23
-0.96 0.02 8.01 22.04
4.58 -2.85 11.82 21.75
0.19 -2.61 5.27 21.73
-5.66 -5.68 18.44 21.63
1.79 -0.08 10.19 21.97
4.13 -0.89 9.33 23.20
5.04 0.23 7.35 21.73
3.59 -0.79 7.93 21.35
0.28 -1.06 12.98 21.57
1.47 -3.83 13.64 21.40
1.78 -0.35 10.23 21.68
-3.17 -0.50 5.61 22.47
1.70 2.56 12.90 22.33
6.78 -0.98 6.28 21.09
1.82 -0.65 9.22 21.28
4.54 -1.58 11.93 21.90
-4.65 -0.65 10.38 21.85
-1.62 -2.43 4.92 21.97
0.48 -0.47 14.80 22.12
2.71 -0.70 7.27 21.52
0.21 1.10 10.26 21.73
4.41 -1.44 13.99 21.73
-0.88 -2.31 9.46 21.69
2.78 -1.68 10.23 21.87
2.23 -1.53 12.31 21.78
1.32 -1.22 11.04 21.81
3.81 0.71 10.60 21.68
2.63 -0.81 9.63 21.63
5.58 -1.54 8.38 21.99
2.13 -1.25 12.15 21.90
3.06 1.24 8.52 21.78
0.96 -1.64 12.84 22.17
1.62 -0.04 10.22 21.57
-2.26 -1.91 9.73 21.49
0.49 0.53 8.53 22.14
2.68 -1.51 11.12 21.85
0.02 -0.08 14.29 21.81
-0.24 -0.46 12.28 21.78
2.69 0.76 8.79 21.73
-0.26 -1.64 11.16 21.73
2.33 -2.09 12.57 21.97
0.25 -2.66 9.36 21.95
3.05 2.75 7.48 21.52
1.08 -1.17 10.36 21.63
1.22 -1.28 10.35 21.78
3.11 -0.73 12.36 21.83
1.99 -0.66 15.01 21.52
1.09 -0.17 13.70 21.69
-1.56 -3.79 12.54 21.40
4.19 -1.74 15.34 22.02
-3.12 0.57 13.01 22.07
4.05 -1.34 10.82 21.57
3.29 -3.09 9.28 22.23
11.72 -3.51 11.43 22.57
3.38 0.65 12.45 21.83
-0.48 -0.63 11.57 21.80
1.98 -0.14 10.93 21.90
0.40 -0.74 10.88 21.81
3.74 -2.10 8.35 21.57
0.45 0.85 7.98 21.44
0.11 -0.63 9.57 21.57
1.97 1.90 9.28 21.69
-1.63 -1.43 9.88 21.73
1.72 -1.26 11.19 21.73
3.33 -3.79 11.80 21.78
2.55 0.11 10.12 22.31
-0.18 -0.36 10.44 22.26
2.61 -0.31 11.18 21.90
4.04 -1.02 12.66 22.45
0.40 0.01 11.87 21.69
0.97 -3.66 11.36 21.87
-1.99 0.27 13.11 21.63
4.97 -0.97 7.22 21.57
3.66 -2.07 12.33 21.73
1.30 -0.10 11.26 22.54
-0.20 0.08 6.83 21.78
5.08 -3.39 10.17 21.68
4.21 1.05 1.64 21.81
-6.60 -2.67 19.61 21.23
-2.55 1.76 9.93 22.86
-3.53 1.39 13.83 22.35
-0.66 -7.77 7.56 21.69
6.28 -0.79 9.25 21.92
3.08 1.43 11.81 21.81
3.29 -1.45 10.02 21.68
4.35 -2.90 11.80 21.63
3.90 -3.70 8.89 23.02
3.09 -5.73 11.17 22.48
1.48 0.04 12.93 21.30
-6.64 -2.75 9.94 22.62
3.80 0.58 10.27 23.36
6.48 -3.07 13.52 21.83
1.36 -0.91 7.73 21.57
2.70 1.14 16.62 21.92
0.62 -4.45 11.39 21.57
2.40 0.75 8.98 22.23
1.05 -2.01 10.78 22.09
6.47 4.32 9.67 22.78
-1.81 -3.00 2.81 22.96
-0.15 -2.70 19.61 19.84
-2.08 -7.05 8.09 21.39
5.48 -1.36 9.64 23.36
4.28 -1.37 13.30 22.23
3.21 -3.71 11.71 21.49
1.46 1.31 7.63 22.19
3.28 -3.62 14.79 21.49
3.29 2.46 10.26 21.57
1.48 -3.72 10.94 22.17
2.10 0.73 12.48 22.42
1.03 -0.95 11.96 21.87
0.70 -3.36 10.76 21.64
3.52 -2.50 12.12 21.99
3.97 0.17 9.98 22.19
4.77 -0.73 8.15 21.47
-0.35 -1.99 8.84 22.36
1.07 -0.25 10.49 22.12
1.58 0.82 9.99 21.68
0.92 -1.53 8.89 21.59
1.62 -1.26 10.01 22.09
-1.56 -2.02 7.44 22.17
3.97 0.15 12.70 22.17
-0.46 -3.21 16.61 21.97
0.56 -2.65 7.51 22.17
5.49 -3.82 11.50 22.17
4.06 1.75 8.69 21.83
-1.14 -1.42 8.85 21.80
-0.41 5.90 11.99 23.08
-3.95 -2.14 15.72 21.92
6.00 -0.85 16.58 21.52
1.84 0.09 10.06 22.76
3.70 4.49 12.59 22.42
-0.80 6.93 14.44 21.97
-0.11 -1.98 8.15 22.52
0.84 1.18 11.14 21.85
6.94 2.85 6.49 22.71
2.49 -0.58 15.41 22.52
-12.78 4.73 13.73 28.90
-0.26 -0.92 7.78 21.88
-0.03 -0.74 8.97 22.02
-1.31 -1.29 9.07 25.09
2.33 0.32 10.62 21.92
1.89 1.25 10.16 21.73
5.10 -3.48 11.86 21.68
1.14 0.40 7.20 21.09
1.05 -2.79 9.98 22.14
3.91 -1.81 8.92 24.40
4.21 -0.85 12.87 23.82
-1.11 -3.75 12.30 22.71
5.27 -0.26 7.77 24.28
2.09 -1.13 10.72 20.94
2.77 -1.08 10.78 21.47
1.59 -0.42 9.24 22.47
-0.38 -0.81 6.46 22.72
4.94 0.19 12.45 21.95
1.01 -0.16 11.75 22.07
2.10 -2.67 12.04 21.92
1.81 -3.26 9.71 22.02
0.09 -3.82 7.96 22.07
8.26 0.61 10.39 21.73
2.30 -1.20 8.07 22.04
4.71 0.77 13.87 22.19
4.79 -1.02 12.43 22.23
4.25 -0.15 11.09 21.44
4.28 -2.07 7.72 21.73
3.58 -1.08 11.68 22.42
-1.33 1.07 11.62 22.04
10.78 -0.48 14.52 22.09
0.30 0.12 7.06 23.22
8.49 -2.26 6.14 22.71
2.53 2.79 11.44 22.23
4.15 2.02 10.78 22.96
1.19 1.61 14.40 22.07
-2.53 1.19 8.62 22.81
-4.68 0.08 5.54 22.47
0.07 0.04 11.19 22.54
1.63 -1.56 11.54 22.43
2.89 0.09 13.21 22.86
1.82 -2.17 9.38 21.87
4.27 0.55 13.18 22.17
0.28 -3.72 11.18 23.07
3.42 -3.03 11.60 22.42
3.96 -0.25 13.59 23.41
6.78 0.45 9.60 22.48
3.77 -2.76 7.77 22.38
-0.29 -2.36 10.62 21.52
-0.37 -0.09 13.17 21.63
-0.40 4.86 10.70 22.07
1.49 0.00 9.06 21.64
1.46 0.68 11.48 21.69
1.40 0.89 10.47 22.23
1.52 0.20 9.96 21.73
1.98 0.78 10.16 22.62
0.96 -0.67 10.07 22.23
1.95 -2.01 11.32 22.52
2.27 -1.26 10.40 21.90
1.94 1.06 10.54 22.24
1.65 0.93 11.06 22.17
1.61 -0.44 11.43 22.23
3.45 -1.67 10.37 23.46
0.69 -2.71 10.88 22.76
2.30 -0.20 10.79 22.07
2.32 -0.44 11.32 21.92
1.93 0.08 10.68 21.44
1.19 0.62 10.11 21.69
1.73 0.22 11.70 21.68
0.98 -1.56 10.38 21.68
1.74 -0.35 10.96 21.73
2.71 -0.23 10.67 21.73
1.31 -0.60 10.81 21.35
2.86 0.31 10.81 21.92
1.99 0.20 10.95 21.92
3.57 -0.51 10.35 21.92
3.86 0.22 9.97 21.97
4.88 -1.22 10.43 22.00
1.63 -2.35 9.90 22.29
2.45 0.73 10.22 22.52
4.41 -0.98 11.34 22.42
2.64 0.04 10.78 22.23
-0.37 -0.67 9.70 21.73
0.57 -2.94 9.78 21.09
4.70 -0.18 9.77 21.51
1.41 -0.86 10.42 21.73
3.32 -1.36 11.52 22.02
3.18 0.35 9.55 24.04
-2.72 -1.28 7.27 23.08
1.42 0.67 8.95 22.78
1.53 1.82 8.15 21.80
4.61 -4.18 8.55 21.44
-0.17 -1.84 7.72 22.12
1.80 -1.68 15.69 21.78
3.89 -0.71 12.10 22.81
3.48 0.98 11.96 22.47
5.79 2.77 8.34 21.99
3.31 -2.93 11.40 22.54
-1.84 -2.22 9.02 22.23
5.00 0.66 7.52 22.26
0.02 -2.47 4.65 22.42
19.61 19.61 10.58 21.42
-12.87 -5.97 19.61 22.86
12.18 2.64 17.75 22.76
1.68 0.14 9.56 23.02
2.98 -1.30 6.87 21.59
11.64 -5.98 6.97 20.85
9.53 -0.06 8.81 21.39
2.58 -3.08 11.49 21.81
-0.21 0.11 10.14 21.97
0.92 -2.10 9.63 21.42
-2.13 1.75 9.08 22.09
6.92 -0.68 11.26 21.99
-0.28 -2.25 10.58 22.12
-2.64 0.72 7.65 21.49
3.67 -2.79 13.79 21.88
-0.74 -1.67 9.35 22.12
0.36 -2.47 7.14 22.83
-0.96 -1.87 11.57 21.75
1.25 -2.42 13.09 21.57
-0.43 -2.00 14.55 21.33
4.13 -2.36 12.11 22.42
3.94 -1.53 11.64 23.20
2.27 3.07 6.60 23.46
2.50 2.02 9.93 22.31
-2.37 1.47 6.88 21.69
10.71 1.82 14.44 21.93
7.00 -0.91 7.91 22.67
1.84 -2.17 9.39 22.02
7.65 -4.01 18.87 22.17
-4.11 1.13 4.47 22.07
1.65 2.45 18.69 21.73
-3.47 -3.33 11.82 22.29
2.06 -0.32 4.06 22.64
2.07 1.61 14.97 21.51
1.08 -6.12 6.15 21.97
5.87 -2.81 9.74 22.17
-2.18 -2.19 16.17 21.13
-0.29 1.81 15.90 21.42
5.66 -2.84 8.44 22.24
4.66 -0.88 12.83 23.07
6.70 2.25 6.53 22.43
-0.03 -3.49 11.28 21.87
2.02 -1.55 6.72 22.07
0.69 4.41 13.58 22.02
-0.20 -3.86 8.62 21.78
4.85 -1.56 10.01 22.23
2.03 -2.68 15.01 21.45
0.13 0.05 10.74 21.33
-0.01 0.20 9.60 21.92
1.21 -2.41 14.67 22.02
0.06 0.86 7.99 22.23
6.73 -0.13 6.61 21.95
3.72 -0.27 9.34 21.64
-3.45 -1.56 8.50 22.23
-2.16 -4.93 16.17 22.17
-4.94 1.48 9.26 21.73
14.88 3.18 3.55 23.65
-0.56 -8.44 19.61 20.99
19.61 -5.14 19.61 21.08
-9.66 -19.61 19.61 21.80
3.59 19.61 -1.48 23.58
17.59 1.16 11.87 22.48
-1.26 -2.29 8.07 20.99
-19.61 19.61 10.12 21.52
12.57 -4.73 5.84 21.13
-0.32 2.89 16.99 21.68
2.26 -0.51 9.76 21.47
-4.24 -1.86 8.44 21.73
0.08 -1.96 15.44 21.73
1.77 -1.64 9.23 22.52
-3.34 1.36 12.06 21.47
2.60 1.60 14.42 21.42
2.36 0.96 11.90 21.40
-6.87 0.90 10.66 21.03
-1.50 0.92 9.71 21.57
7.94 2.64 8.73 21.63
19.61 -6.76 19.61 21.59
-11.69 -0.39 4.23 22.42
-1.90 -0.04 11.72 21.93
9.13 -1.74 11.11 21.64
-4.01 1.72 9.72 21.81
10.93 -2.16 11.02 22.71
-2.41 0.90 11.57 22.07
-0.19 -0.71 8.90 21.68
4.29 -3.61 12.18 22.52
-3.39 1.93 8.84 21.73
4.64 -3.65 13.90 22.09
-1.41 -1.19 8.31 21.64
2.24 -1.02 8.08 21.73
2.90 -0.88 9.55 22.07
4.14 1.48 9.22 21.73
0.87 0.24 10.57 21.42
3.60 -4.73 12.06 21.51
5.10 -0.59 10.23 21.51
2.87 -3.05 15.91 22.17
-0.19 -2.29 8.52 22.57
1.34 1.66 11.37 21.78
-0.55 -1.84 13.26 22.02
-1.04 -1.51 10.92 21.68
13.11 2.03 13.63 21.73
-2.89 -5.52 11.48 21.78
4.70 1.89 10.62 21.75
1.70 -4.40 12.66 21.69
6.02 -1.22 14.44 21.73
1.41 -1.90 10.27 21.78
-0.18 -0.61 13.64 21.73
0.28 -0.51 9.97 21.73
0.16 -1.12 9.23 21.78
2.96 0.31 10.18 21.68
0.26 -0.70 11.59 22.14
2.14 -2.50 13.00 21.75
-2.34 -1.57 11.48 21.78
5.55 -2.15 12.66 21.73
2.62 -0.89 10.57 21.73
3.70 0.29 11.73 21.68
1.48 -2.09 9.95 21.69
6.94 -0.53 9.75 21.69
1.84 -1.90 11.45 22.12
1.10 -2.96 11.82 22.12
2.75 -1.54 10.49 21.73
-1.09 -0.46 9.13 22.23
2.75 -2.40 9.91 21.73
2.26 -1.90 9.65 21.85
3.46 -2.52 11.01 21.90
-2.56 2.74 13.47 21.73
1.72 -0.04 13.47 21.87
-1.57 -1.61 12.73 21.92
1.53 -0.95 9.71 21.73
7.41 -2.85 9.67 21.69
1.95 0.55 11.31 21.75
2.69 0.81 9.47 21.83
1.23 -3.62 10.57 21.73
3.72 0.33 10.92 22.26
2.24 -2.65 12.06 21.78
10.03 -0.79 12.93 22.23
5.54 -1.58 14.92 21.80
4.11 -1.37 12.69 22.14
3.97 -2.58 9.11 21.81
5.04 -0.59 6.03 21.92
4.44 3.99 8.36 22.12
-2.31 -0.89 10.22 21.73
0.90 -0.15 8.34 21.78
1.76 -2.58 10.37 22.04
-0.19 2.71 10.32 21.78
2.23 0.03 13.67 21.73
8.60 -0.56 2.51 21.73
2.40 -2.03 9.32 22.26
-6.27 -2.48 9.12 21.08
-19.61 -18.39 19.61 21.51
-12.05 16.62 6.78 22.74
-7.18 -9.81 -7.13 22.33
-1.20 -4.02 0.21 21.97
-19.61 -1.38 7.40 22.12
15.18 -16.60 19.61 24.99
8.53 -5.10 19.61 22.42
-4.16 3.39 5.72 21.57
-19.61 -3.21 -14.86 21.63
-19.61 8.75 -15.26 20.94
14.44 -2.83 19.61 22.21
-6.44 1.47 19.61 21.92
19.61 8.64 -6.50 21.80
1.93 -1.87 -5.64 21.73
1.84 -10.17 19.40 21.73
9.61 -4.05 19.61 22.57
1.37 4.81 19.61 22.36
-10.85 3.41 18.36 21.78
2.23 -6.28 -19.61 21.63
-17.42 -8.00 10.35 21.57
15.39 -17.48 10.25 21.20
-8.88 7.51 10.71 21.39
-1.07 -2.93 13.69 26.98
1.90 -7.17 15.15 22.54
6.91 -0.10 4.53 22.36
3.84 6.09 14.29 22.07
6.03 -7.84 8.08 21.08
19.61 -14.21 -8.93 21.83
4.98 8.08 19.61 25.28
2.18 2.53 19.61 21.63
14.88 -15.02 19.61 22.23
-19.61 12.18 -16.40 21.52
19.61 -15.88 19.61 21.68
-9.05 -6.65 8.56 22.04
-1.42 -1.86 14.48 21.90
4.58 13.75 19.61 21.69
-0.55 -4.48 2.24 21.73
-19.61 -15.54 19.61 22.47
19.61 11.93 19.61 21.23
-19.61 -1.42 3.04 22.52
-19.61 -14.70 -19.61 22.02
19.61 2.59 3.65 22.07
-19.61 3.08 19.61 22.02
-17.83 -17.28 15.04 21.52
19.61 -11.25 11.33 21.92
4.40 -19.61 10.40 23.10
-5.70 8.89 19.61 21.52
8.40 0.16 -11.56 20.84
-5.94 -3.29 16.03 36.89
19.61 0.40 3.87 22.36
-10.78 -2.31 15.46 22.71
14.58 -15.01 3.55 23.41
19.61 -12.11 7.95 23.50
-13.22 3.44 -3.90 21.92
12.52 4.13 7.73 21.92
-1.07 -15.42 -15.01 21.78
-4.77 0.71 2.91 21.97
-0.32 -4.68 4.56 22.24
12.04 8.71 1.78 20.96
19.61 0.55 6.43 22.17
-8.16 3.02 5.62 21.78
-12.43 6.15 -12.42 21.73
-7.55 7.95 9.90 21.44
14.71 19.61 -1.92 21.97
0.59 -2.04 0.70 22.09
15.76 6.10 13.01 21.80
12.60 -1.43 18.35 21.97
15.09 0.40 10.36 22.62
-3.07 2.23 12.41 22.66
-4.87 -2.92 14.67 22.57
19.13 -9.56 15.81 22.02
-5.67 1.66 8.37 21.63
-0.43 -4.76 -1.86 21.57
8.29 -11.57 2.54 28.04
12.99 8.57 13.39 21.73
12.14 -4.78 5.02 22.76
-9.78 -10.73 -9.76 21.87
-11.82 -1.69 0.21 21.42
16.04 -6.19 12.14 22.36
-6.12 6.09 -15.88 22.64
-19.61 -0.06 -4.55 22.48
16.97 -13.24 -5.26 21.15
4.62 -6.21 19.61 23.20
-6.40 -8.28 2.17 22.02
-14.42 9.96 19.61 21.68
1.49 -11.00 19.61 21.42
8.25 -2.27 8.08 22.67
7.88 3.77 5.32 22.52
-0.06 0.60 12.31 21.64
-0.63 1.05 8.66 21.69
-0.01 4.34 10.58 22.07
1.43 -2.82 8.60 21.97
-3.74 5.61 13.33 22.47
4.76 -5.44 19.61 21.52
1.59 -10.36 15.74 21.87
8.41 -4.16 -1.75 21.57
4.90 -2.86 1.31 21.15
1.79 -4.13 6.00 21.92
15.11 -5.43 19.61 23.46
6.37 -9.99 15.73 21.68
-6.90 0.11 -2.53 22.12
0.78 -8.25 10.30 22.36
-7.96 0.85 8.94 22.31
-3.00 0.36 11.60 22.09
7.44 -1.84 19.61 21.80
4.36 -1.26 1.53 22.12
-4.64 0.14 6.79 21.63
4.39 -1.08 11.40 21.63
-7.58 -8.32 7.28 22.23
4.23 -5.53 4.31 22.62
6.57 3.01 5.90 21.99
2.08 10.06 17.00 22.76
10.63 1.88 -2.80 22.31
-7.05 -0.90 -11.62 22.62
-5.36 0.46 -0.43 20.79
0.71 3.83 5.99 22.23
11.12 -9.27 11.29 21.73
3.24 1.59 17.24 22.54
7.64 -1.75 10.47 21.99
7.16 -5.51 13.14 22.02
2.39 -1.31 19.61 23.50
10.75 -8.69 6.82 22.57
-1.34 -10.13 -8.40 22.52
5.71 -3.27 6.64 22.17
0.02 -6.62 9.10 46.77
15.24 -8.22 19.61 22.52
6.61 -6.98 5.08 21.97
6.23 -7.04 11.15 23.15
1.31 0.23 -0.07 23.55
-9.48 -0.35 19.61 21.80
19.61 3.30 1.29 22.24
3.68 2.16 16.94 22.24
-3.66 -1.43 9.02 22.02
3.27 -2.70 14.01 22.81
13.02 -8.44 -11.58 22.26
7.31 -2.73 6.47 21.78
-5.67 -4.15 19.58 21.44
12.14 -10.12 12.70 22.81
-6.89 1.30 7.68 22.07
13.08 -5.49 6.72 21.44
-5.27 -3.81 12.96 22.23
9.37 -0.42 12.52 22.42
18.03 -12.48 10.10 22.36
19.61 -9.33 19.61 21.52
16.44 -0.57 16.62 21.78
-8.18 -6.49 14.92 22.31
2.81 -0.73 5.16 22.52
-1.95 -4.81 1.81 22.31
16.91 -2.04 2.77 22.48
11.66 -5.42 3.75 21.30
3.49 -4.81 15.11 21.23
-0.80 -0.47 5.54 23.89
8.80 -0.06 15.14 21.81
-13.44 -3.25 4.57 22.86
0.62 -4.68 1.68 22.12
13.08 -3.33 11.62 21.81
-0.47 -4.64 1.61 21.75
1.24 0.34 8.29 20.99
19.61 3.40 12.07 21.52
2.40 -5.20 12.47 22.47
4.52 -1.05 11.35 21.68
-4.40 -1.04 6.09 21.52
8.94 3.50 10.63 21.33
8.14 0.59 19.22 23.56
-9.19 2.49 -4.24 22.84
5.52 -4.52 2.21 21.88
-8.14 -3.08 7.85 21.92
12.85 -1.03 19.61 21.57
-3.01 -10.16 5.42 23.20
6.68 -8.84 17.80 24.30
3.71 -5.54 -5.30 21.92
3.35 -5.82 6.07 24.83
19.23 -6.90 12.37 22.17
12.47 -6.11 10.17 21.68
15.71 -0.08 11.85 24.94
-1.64 1.53 7.42 22.67
6.19 -1.79 19.61 22.43
5.32 4.01 9.50 26.14
-12.00 -7.02 15.51 21.25
19.61 3.88 4.36 22.04
6.48 -2.08 14.06 21.75
19.37 -5.00 10.88 22.47
2.24 -5.33 3.98 22.17
10.16 -5.01 19.31 21.68
3.44 -4.58 0.80 21.97
2.52 -6.91 16.29 23.96
-0.40 -3.44 16.68 22.42
4.67 -3.31 11.79 21.45
11.62 8.23 6.04 22.48
7.43 -1.80 8.94 22.64
1.04 -8.41 10.54 21.78
-0.12 6.70 19.61 21.28
-9.59 -5.34 3.39 22.02
10.43 -0.25 -1.20 21.78
-4.18 -7.66 12.42 22.02
0.77 6.14 12.23 22.31
-0.40 -1.63 -0.20 21.49
2.56 5.84 19.61 21.59
-0.62 -6.68 5.54 21.97
17.03 2.83 3.83 22.02
-2.97 9.78 19.61 22.02
17.71 -4.65 12.35 21.42
2.44 -19.61 19.49 22.67
-14.58 1.59 3.44 23.86
-7.89 -0.08 8.90 22.12
-19.61 -1.62 -13.14 22.40
5.21 -0.99 16.27 21.40
4.00 -0.43 10.44 21.85
-7.54 0.77 8.49 21.47
-2.22 9.06 0.70 21.97
9.58 6.58 7.21 22.91
8.90 -6.06 19.61 23.91
-7.68 5.82 12.86 22.28
0.17 -3.72 5.77 22.33
14.95 6.03 6.90 22.38
5.67 -2.41 10.07 22.19
1.70 13.49 19.61 22.07
-0.12 -2.85 13.66 22.62
-8.50 -5.80 3.75 21.92
5.45 0.58 -5.81 22.07
-1.13 0.82 15.14 23.26
-2.75 1.55 3.73 21.44
7.50 -5.88 16.35 21.45
1.50 8.01 19.61 21.13
-2.91 4.47 14.77 22.91
-3.12 -6.11 -1.76 22.76
13.12 -6.17 -7.88 21.52
9.67 -7.44 14.20 21.87
-2.61 -3.70 19.61 23.55
-2.78 4.33 3.45 21.73
-3.52 0.42 -7.92 21.40
-4.82 4.94 4.74 22.33
0.91 2.32 15.31 22.52
4.11 -5.61 0.26 22.17
5.68 -3.02 -7.48 22.07
9.63 -3.13 13.82 21.52
11.51 -5.94 19.61 22.52
19.61 -3.91 19.61 22.17
4.35 0.77 18.72 22.09
4.66 -1.92 2.38 22.40
7.70 -4.17 19.61 21.87
9.03 3.30 12.77 21.52
1.79 5.55 16.60 21.83
5.04 -4.98 6.98 21.81
11.82 -7.52 9.13 22.96
15.26 -11.37 19.61 22.26
4.04 7.23 18.09 22.76
-5.09 -2.87 1.56 22.29
-13.55 6.93 -8.77 22.69
-4.17 7.54 19.61 22.43
8.51 -4.36 17.85 21.97
-5.19 5.23 12.42 21.28
11.79 2.81 2.91 22.02
3.95 -4.31 11.52 22.17
-4.07 -8.46 8.57 21.52
-1.29 -1.26 12.90 21.93
2.02 1.68 1.93 22.19
-4.40 -0.05 8.16 21.78
15.46 -10.32 9.46 21.73
13.90 -6.36 5.56 22.31
-19.61 -8.86 0.09 24.01
11.23 14.91 19.61 21.08
-4.37 2.19 0.14 21.78
4.92 5.41 15.90 22.33
6.41 1.50 11.93 21.75
-12.44 -8.25 2.17 21.69
-13.26 -3.59 -2.37 21.97
5.94 4.57 17.01 22.52
2.36 -5.61 12.16 22.23
5.52 3.33 14.08 21.57
-2.22 4.45 7.85 21.92
0.03 0.64 19.05 21.64
2.37 -2.92 9.54 22.33
13.15 6.95 11.54 22.88
-6.35 -8.65 17.17 21.83
2.88 -3.01 0.25 23.07
10.74 -0.08 0.70 23.89
10.39 0.11 7.44 21.78
-1.91 -6.69 13.22 22.31
3.81 0.11 11.80 22.71
-2.79 -2.42 3.10 24.90
1.47 -10.33 5.39 21.83
-8.59 -3.83 15.16 22.54
-1.78 2.17 0.44 21.90
0.51 6.15 1.06 22.81
-11.09 -11.02 -4.74 21.52
14.36 -4.91 14.62 21.87
-19.61 11.53 1.36 22.23
19.61 -19.61 19.61 23.02
10.86 0.19 19.61 21.57
17.52 -5.32 -14.36 24.54
8.48 -12.44 19.61 22.23
-1.14 -0.36 1.76 22.26
14.56 8.08 11.11 22.57
-4.87 7.42 3.34 22.09
2.38 5.90 -1.80 22.12
19.61 -6.36 9.30 22.26
-7.29 -9.44 8.44 22.21
0.04 1.28 9.40 22.81
-6.64 13.21 6.59 21.28
15.69 -3.93 18.73 22.29
-3.67 -9.22 5.26 23.53
19.61 -5.60 -3.79 22.09
-13.26 -1.26 6.14 21.35
19.61 19.61 2.21 23.12
-14.56 5.04 8.22 22.76
11.93 -10.31 16.06 21.18
0.86 3.17 7.34 22.62
-0.84 -2.43 17.21 20.94
7.19 -3.43 15.39 22.62
-13.22 1.37 19.61 22.52
10.04 2.49 19.61 21.28
-7.86 -5.41 3.55 21.85
8.72 1.19 5.23 22.24
4.70 -1.09 8.54 21.57
-6.13 0.69 12.84 21.73
-5.21 -2.37 3.09 21.81
-1.13 -6.75 19.61 22.36
-0.50 -0.04 8.29 21.04
12.41 1.90 19.61 22.76
-7.19 -7.86 4.75 23.10
19.61 -4.89 18.35 22.96
-2.04 -0.16 13.49 24.94
-13.45 6.22 -1.51 21.83
-11.63 19.61 2.83 22.12
3.16 -0.88 1.80 21.78
5.04 -0.39 2.23 21.93
8.20 4.34 6.86 22.88
-14.69 -9.54 -6.83 21.81
4.54 4.20 1.97 21.33
8.43 4.14 8.26 21.93
-13.87 -9.27 8.22 21.88
-8.43 10.22 -3.99 21.88
0.07 -1.45 6.69 20.96
-6.19 0.88 12.67 21.92
19.61 -11.64 19.61 23.44
19.61 -17.63 19.61 22.04
2.00 -1.88 17.65 22.57
19.61 -10.32 8.74 21.78
7.01 -8.56 19.61 22.28
-0.08 -12.46 8.51 21.78
5.20 5.84 -0.57 21.97
-19.61 -9.66 0.20 22.71
17.55 -1.81 7.29 22.43
1.11 -3.19 1.77 22.59
8.01 5.86 8.85 21.83
4.03 5.44 8.95 22.57
18.12 -1.69 17.48 21.18
9.89 -6.77 19.61 21.42
7.03 -6.63 12.12 22.17
-3.62 -1.56 8.58 21.30
-2.06 2.04 0.81 21.87
-16.74 4.84 -10.90 22.67
-3.86 -2.83 3.22 21.28
-5.00 -1.54 9.36 23.02
-0.58 -4.54 4.20 21.97
-14.63 15.09 19.61 21.83
7.27 -7.49 9.46 22.12
11.51 -8.22 19.61 21.01
2.42 2.32 11.81 22.07
-5.28 11.17 14.27 22.02
15.27 -10.06 19.61 21.47
-6.67 9.48 -5.04 23.70
-2.45 3.49 11.84 22.47
-0.68 -5.68 7.19 21.39
8.05 -4.75 0.98 22.67
-2.76 3.11 12.03 21.92
0.61 -2.44 9.56 24.32
-6.48 -6.34 2.47 21.51
-4.84 -5.63 4.51 21.18
1.58 1.99 11.63 21.63
-9.33 0.58 1.17 24.59
0.95 3.48 10.25 21.57
10.90 -13.58 19.61 23.86
-6.64 -7.66 9.95 22.07
19.61 -8.06 7.00 23.41
1.08 -13.77 -3.76 22.40
-9.27 8.03 10.29 22.98
7.67 10.63 19.61 22.83
-8.43 -16.62 -2.18 23.82
-16.63 10.52 18.79 22.93
19.61 -7.25 17.29 23.56
-2.91 -2.51 5.91 22.59
-19.61 13.73 4.08 22.24
11.40 1.82 9.41 21.42
3.59 0.89 6.56 22.42
-5.49 7.08 6.08 22.07
-3.52 -10.22 -1.33 22.12
-7.47 8.33 -0.60 22.52
2.29 -2.89 -19.61 22.29
19.61 -19.61 12.27 22.72
1.23 -0.91 19.61 21.15
-4.38 -0.47 -2.53 22.14
4.28 3.96 6.56 23.75
9.41 -5.90 -2.18 22.42
1.10 -12.32 3.66 21.78
9.67 5.07 17.77 21.33
-3.94 -4.82 10.93 22.17
8.71 -6.14 19.61 21.28
-10.35 5.14 6.13 21.87
-0.97 2.60 -3.31 22.57
9.20 6.49 13.93 22.26
-1.43 -4.88 -0.60 23.70
10.11 -10.95 12.11 24.78
19.61 -3.57 19.61 23.91
19.24 -3.04 -0.71 20.89
-19.61 -0.15 -8.24 19.55
-3.10 4.64 7.11 20.15
-3.90 -5.81 8.35 22.12
3.94 -6.80 7.65 22.81
-1.26 -1.37 10.94 21.69
8.69 -1.28 18.50 22.24
15.17 3.75 11.82 21.40
0.27 -3.49 9.01 21.78
5.34 5.37 19.61 20.89
-3.73 -15.83 19.61 21.18
19.61 -1.02 -1.48 23.41
4.10 -4.80 -1.37 21.97
8.83 -9.24 19.61 19.91
5.14 -11.55 19.61 21.92
19.61 7.88 -6.76 23.12
17.67 -12.46 8.13 21.54
-9.00 6.46 10.32 21.28
-3.06 1.07 3.58 21.93
-0.03 -0.91 18.74 21.64
2.75 -0.03 19.61 21.78
-0.37 0.33 5.01 22.17
-11.54 0.44 19.61 21.92
-7.47 -2.66 7.52 22.62
-0.43 -6.04 9.21 22.14
6.71 19.61 19.61 21.68
5.20 -3.59 15.65 21.81
-0.70 2.86 1.95 21.87
1.27 2.26 6.10 21.44
3.33 -3.62 7.68 21.57
7.39 1.42 6.60 21.54
-0.95 4.69 16.17 21.78
7.46 -2.30 17.25 21.73
-2.61 -8.63 15.65 21.39
14.44 2.13 7.23 21.93
2.39 -2.11 19.61 22.72
-0.61 1.07 5.04 22.23
9.32 -0.40 1.91 21.73
8.35 3.02 14.60 20.89
2.21 -5.72 19.61 20.60
-5.12 -11.99 10.72 22.24
11.48 -6.60 19.61 22.79
-13.32 -7.18 15.11 21.59
-0.08 -0.59 16.19 21.33
-0.48 -4.10 13.40 21.68
-4.04 -0.14 7.02 22.19
4.30 -0.32 0.83 21.30
1.60 12.29 17.79 21.52
-11.29 -2.22 16.16 21.83
-1.11 -7.71 9.57 21.63
-11.86 -3.01 3.17 21.83
1.88 4.30 7.24 22.17
19.61 -5.17 -14.78 23.36
-2.75 -8.35 -4.99 23.26
-1.83 -0.68 10.91 22.31
17.14 -6.70 19.61 22.57
4.01 -0.39 7.71 21.78
-9.16 18.49 15.90 21.87
-5.84 3.00 13.43 22.86
4.22 -0.30 19.61 22.12
-19.61 16.30 19.61 21.37
-6.14 -3.30 11.40 20.67
-3.43 7.76 14.88 22.38
9.79 -19.61 7.02 22.78
8.09 6.37 17.96 20.15
-19.61 4.67 -8.45 23.20
-8.06 4.16 0.57 22.17
2.59 -6.51 16.03 22.07
-1.17 5.43 17.13 21.78
15.86 1.50 19.61 21.25
-11.59 5.06 19.61 21.59
5.47 -8.54 10.60 23.08
-8.19 2.76 4.40 21.78
-19.61 -11.44 11.37 21.92
19.61 15.09 -9.24 22.07
-10.89 0.03 3.21 23.60
17.94 3.14 19.61 21.13
-1.07 -2.02 16.41 22.04
2.58 8.05 13.50 22.24
7.92 4.49 -2.44 22.17
-19.61 -3.62 -15.13 22.52
-1.41 19.61 19.61 22.36
19.61 7.84 -2.45 22.47
-4.00 -19.61 19.61 23.99
19.61 -19.61 19.61 21.18
9.13 3.24 19.61 21.39
19.61 -12.70 -15.24 22.31
-19.61 0.14 17.47 21.73
13.38 -6.30 12.90 22.57
-15.22 3.41 -12.56 21.63
19.61 -12.82 19.61 21.92
-8.81 -1.95 7.87 21.45
-1.95 8.41 14.29 22.59
-7.78 -12.87 -5.54 21.42
-14.86 0.89 16.98 22.71
13.91 13.68 3.28 21.87
-6.22 -0.42 12.10 22.36
4.17 11.67 19.61 22.02
-7.48 4.62 -8.12 24.04
2.85 -2.29 19.61 22.17
14.04 -17.62 19.61 21.83
8.22 0.87 13.29 21.54
12.20 3.80 19.61 22.09
-19.61 6.57 19.61 22.83
5.19 -5.62 19.61 21.69
19.61 -11.72 15.46 22.04
16.35 -9.34 11.75 22.19
-16.14 0.96 8.42 22.17
19.36 -13.84 -2.84 21.57
-11.22 -4.98 11.71 22.36
19.61 -0.43 19.61 21.87
-11.90 0.66 11.56 22.52
4.99 -2.25 6.06 23.60
5.45 1.30 17.81 22.57
-6.68 -2.64 3.36 20.68
-5.54 -3.00 9.82 21.11
-1.82 -6.31 19.61 22.31
19.61 -10.40 -5.60 23.15
19.26 -8.82 -8.94 22.52
0.31 7.59 14.97 22.96
0.23 -14.01 -3.31 22.52
-6.22 -2.72 1.12 49.05
2.09 0.47 14.19 22.00
-7.77 -3.17 8.64 21.44
-15.16 0.89 5.66 21.88
7.43 1.12 -2.89 24.94
19.61 -19.61 5.25 20.79
18.20 -9.20 19.61 22.81
1.27 -8.94 4.02 22.36
19.61 1.59 4.81 21.25
-18.72 -1.96 1.56 21.90
2.06 -2.94 0.03 21.83
10.19 -10.03 16.95 21.57
10.50 5.71 6.63 22.07
0.35 -10.31 2.76 21.88
-0.88 -4.70 -4.50 21.13
7.49 -3.73 18.02 24.01
-19.61 7.50 19.61 22.09
3.19 0.76 16.66 21.35
-10.37 -2.22 6.23 21.52
7.67 -4.11 3.58 21.97
5.57 3.82 10.53 22.07
6.59 -1.21 10.76 22.91
-8.05 4.31 15.44 21.33
16.35 -4.89 19.61 21.08
6.39 -7.62 10.80 22.14
1.38 -7.13 -6.78 22.09
11.20 10.00 6.49 22.09
4.08 -0.87 3.62 21.87
-4.59 -0.85 7.23 21.57
0.50 -1.43 6.65 21.33
-1.64 6.30 12.20 21.93
-7.18 1.37 19.61 21.54
-1.28 2.02 17.53 21.64
19.61 -5.70 7.18 22.42
3.51 -10.30 16.31 21.57
8.50 -3.36 10.37 22.31
-12.66 7.63 -2.48 22.12
3.55 -5.63 12.73 21.97
19.61 2.91 19.61 23.60
15.95 9.19 10.70 22.26
-0.99 -9.17 19.61 22.23
-19.61 -0.99 4.86 22.64
-7.56 7.12 3.26 22.35
2.87 7.87 11.77 21.33
-9.75 -2.41 19.61 22.31
19.61 -5.20 17.24 21.52
8.76 -3.84 16.83 23.50
-11.32 7.00 1.84 25.09
-19.61 13.41 -5.37 21.81
3.38 0.41 3.83 22.02
-1.73 9.73 14.18 22.02
-19.61 -6.35 15.01 21.83
-6.28 8.50 14.63 21.75
13.46 3.69 18.29 22.35
1.07 -6.81 1.28 21.75
0.71 0.96 13.10 22.12
19.61 -16.40 19.61 22.86
0.99 -12.99 1.38 22.12
-4.27 6.27 18.19 21.78
1.74 -1.68 10.92 21.92
9.52 -5.94 -10.12 21.04
18.47 -1.40 -19.61 21.39
-4.14 -0.56 8.21 23.22
9.03 -19.61 10.38 22.81
7.96 -0.50 -5.67 21.59
5.14 3.59 2.39 21.45
4.64 -18.09 -9.15 22.42
19.61 -7.89 19.61 22.02
19.61 -19.19 10.25 21.47
-13.50 -16.46 19.61 23.60
14.22 -5.15 12.14 21.87
7.80 -9.97 1.05 21.47
5.27 -6.62 10.47 22.02
-1.24 1.37 -2.45 21.47
17.97 -5.04 15.28 21.80
2.78 13.38 19.61 21.45
17.33 -1.24 13.58 21.85
0.69 -4.23 19.61 21.68
-8.43 8.48 2.72 24.88
1.19 14.28 12.59 21.68
2.89 3.45 7.00 22.17
2.89 -5.06 6.65 22.02
16.41 -1.09 19.61 20.79
4.01 -0.58 19.61 22.29
-9.66 2.53 6.10 21.93
19.61 -4.33 19.61 21.30
-2.60 15.69 5.09 22.62
7.26 -5.89 19.61 22.26
-0.17 -17.69 15.29 21.63
6.73 8.78 4.29 22.86
7.99 -11.40 4.26 22.71
-8.22 -4.70 16.87 21.57
-7.98 8.59 19.61 22.23
3.49 -3.52 -1.97 20.99
3.25 2.54 3.42 22.36
-4.48 -3.79 9.03 24.23
19.61 -13.01 19.61 21.42
-9.36 12.44 13.90 22.96
2.34 2.80 11.23 22.12
-14.05 -9.06 18.51 21.78
7.63 11.61 -6.39 22.81
-5.33 -6.64 6.05 21.28
-0.00 5.35 19.61 22.66
16.65 -0.54 -3.16 22.26
7.72 5.73 6.56 21.78
-12.50 -9.49 6.82 22.71
-9.87 1.34 2.41 21.87
-2.46 8.56 16.29 21.81
-1.68 -0.18 17.89 22.09
-5.87 -2.18 7.00 21.75
-1.43 5.74 16.00 21.18
-0.55 0.20 0.36 23.60
-3.83 -5.01 7.37 24.49
-13.96 -2.24 -1.30 21.13
19.61 -11.10 19.61 21.73
-1.55 -2.75 -6.01 24.54
-9.16 4.76 13.67 21.78
7.59 8.97 19.61 21.63
9.28 -2.69 10.09 22.38
0.92 1.29 19.61 21.75
19.21 1.16 19.61 21.81
-11.68 6.07 -0.78 22.07
19.61 -7.19 19.61 22.57
-19.61 7.05 19.61 21.87
-9.58 10.39 -7.88 21.39
-0.83 7.75 19.61 21.28
-8.32 -7.19 11.34 21.85
5.60 19.61 15.14 22.54
4.13 -1.46 12.50 22.28
-6.44 -0.70 9.79 22.78
11.46 0.23 19.61 21.81
-1.42 0.19 -6.64 21.47
-15.90 6.33 8.26 23.02
4.63 -1.98 17.03 21.44
19.61 -19.61 -14.83 21.47
7.68 10.48 19.61 22.12
0.50 -3.16 19.61 21.63
-6.73 -1.56 7.98 21.80
8.51 1.90 19.61 21.97
-11.91 0.75 14.71 21.88
-2.47 2.45 0.36 22.23
-0.10 7.46 10.13 21.88
-3.49 -9.53 9.57 21.83
-3.22 -2.18 -7.86 21.39
2.02 11.93 13.80 21.52
-2.42 -6.54 3.45 22.71
4.27 -6.18 12.01 22.17
-3.95 3.07 16.71 21.88
-19.61 -18.70 14.14 22.31
10.18 -7.06 14.07 21.39
4.13 -2.78 -6.88 21.45
-0.71 -1.95 14.80 22.29
-19.23 1.29 4.07 22.69
13.53 4.49 11.59 22.43
-8.21 -8.13 6.00 22.12
-0.56 -1.96 3.27 21.88
-4.75 1.55 -1.37 22.81
-7.47 -4.98 7.77 21.73
-15.67 19.61 19.61 22.26
14.01 -1.37 19.61 22.31
14.94 -2.08 19.61 21.47
-2.52 -10.06 16.18 21.30
10.13 -4.13 5.26 23.67
-3.18 7.07 19.61 23.03
-6.22 -10.34 -1.80 22.17
3.86 3.67 8.23 21.18
10.49 -0.06 -3.25 22.42
18.66 -5.92 6.77 21.92
1.60 2.27 19.26 21.33
-1.54 16.17 12.66 22.42
-3.55 -1.64 -13.44 21.35
11.69 -3.09 10.24 21.30
1.28 1.19 19.61 21.97
11.25 -11.35 19.61 22.28
-2.20 -4.83 2.16 21.09
-14.10 5.08 2.02 22.28
2.69 5.32 11.80 21.78
-7.72 -1.52 6.08 21.95
6.55 -1.93 7.45 21.40
2.39 -2.21 14.13 21.73
7.83 -3.73 14.35 22.71
-0.86 11.73 18.08 22.67
-19.61 10.51 19.61 21.78
-3.19 -6.27 -14.18 22.07
-9.44 19.61 19.61 20.94
3.66 -1.45 19.61 23.15
16.52 -8.66 12.86 21.52
7.30 -5.40 14.35 21.68
9.20 2.44 16.64 23.02
-2.99 -2.24 16.18 21.35
3.02 -1.83 9.80 21.69
3.00 -0.11 7.10 22.47
-2.23 -14.56 -3.48 21.83
3.61 2.20 18.18 22.57
9.29 -10.27 12.57 22.07
2.83 -6.07 11.94 22.04
5.51 -0.73 13.26 20.80
14.58 -0.03 19.61 21.68
-13.52 -3.68 3.69 23.02
6.82 -3.60 8.89 22.31
5.15 0.21 12.71 24.10
10.09 -5.87 9.17 21.83
-0.30 3.51 9.33 21.68
-7.46 2.86 19.05 21.75
11.40 -1.36 7.51 21.68
0.04 -4.46 8.98 22.23
-0.11 -6.21 7.75 21.57
4.92 14.06 19.61 22.91
-10.14 -2.70 -11.73 22.42
2.68 -1.78 15.65 21.33
1.56 2.82 15.99 21.25
-0.19 4.79 4.45 23.51
5.11 -4.17 15.15 21.73
7.59 -0.20 -1.29 21.68
18.31 4.84 -9.30 22.42
9.98 -11.45 3.63 21.44
0.90 9.13 12.06 21.73
9.67 -2.82 6.47 22.04
-9.39 -6.38 19.61 22.33
-9.09 14.05 15.51 21.80
19.61 3.09 13.67 22.12
0.00 -3.44 19.61 23.02
4.91 -5.90 15.18 21.83
-13.52 -5.43 15.44 21.78
-10.54 16.07 15.23 22.59
5.39 -4.32 19.61 22.00
19.61 -19.61 19.61 23.46
19.61 19.61 19.61 21.85
-13.49 -13.12 19.61 21.09
-9.37 3.13 3.02 21.99
11.51 4.07 11.88 21.52
2.14 -3.26 4.59 22.07
5.92 1.73 19.61 21.92
3.75 -2.82 13.96 21.40
0.12 -3.58 2.52 21.78
11.55 -0.07 5.81 22.71
-4.61 -6.70 9.81 22.86
3.75 2.26 13.68 21.57
4.01 0.39 12.64 22.52
5.24 -5.16 19.61 22.02
-7.27 -2.20 -0.18 23.22
7.71 -2.90 19.61 21.95
-9.33 4.53 1.99 21.59
-0.74 1.30 -7.21 21.97
18.77 -7.87 14.53 21.83
-0.76 13.85 18.16 21.52
-1.53 -8.51 5.87 53.99
4.40 3.71 4.90 21.28
-2.35 3.99 8.54 22.23
4.43 -0.11 9.56 21.57
13.41 1.92 11.64 21.87
4.98 -0.30 14.66 21.87
1.27 -4.23 19.61 21.87
-6.83 1.58 13.89 22.02
2.41 -1.53 9.58 21.92
2.32 7.60 11.81 21.39
6.16 1.16 14.74 22.74
-3.01 -1.51 16.69 21.51
8.95 6.60 19.61 21.73
9.08 -9.52 19.61 21.73
10.03 -8.83 19.61 21.44
-0.86 0.99 9.53 22.62
14.20 -3.36 13.98 21.92
10.30 -4.16 15.82 22.12
-6.93 6.98 3.95 22.04
-2.49 -2.60 8.58 21.85
16.67 -12.21 19.61 21.63
3.32 -8.07 15.14 21.52
-0.06 -4.01 15.10 21.57
3.76 -6.03 19.61 21.68
-0.39 -1.17 8.93 21.47
3.29 -4.47 3.95 22.43
8.25 0.20 5.25 22.78
10.93 0.00 7.47 21.39
3.24 1.60 5.83 21.87
-5.56 1.19 12.18 21.68
7.44 1.70 11.10 22.36
-5.17 -3.73 14.33 22.07
-3.86 0.40 13.23 22.76
-4.10 -11.86 7.48 21.95
-5.98 6.95 -3.19 21.95
-9.89 1.36 15.44 22.12
8.29 -6.88 1.19 22.17
0.39 2.86 4.19 21.73
-1.14 -1.07 10.49 22.28
4.88 1.07 11.20 21.63
7.61 -5.05 10.42 21.57
-1.96 -1.56 9.24 21.40
-0.24 -2.54 6.72 21.28
-6.92 1.41 8.42 21.44
-1.85 4.63 19.61 22.52
-11.94 -3.17 11.51 22.67
5.66 -6.78 9.23 21.68
12.78 -2.36 7.36 21.57
4.89 -3.00 12.47 21.35
5.90 -7.25 19.13 22.09
2.96 -2.91 3.74 21.39
3.73 -3.25 12.65 21.33
6.96 -0.58 4.48 21.87
0.10 -2.33 -3.91 21.68
-1.07 1.61 9.14 21.56
5.79 0.73 12.69 21.52
-3.09 -4.62 15.32 21.63
-7.42 -5.29 4.44 21.57
12.77 -1.09 4.35 21.33
1.03 -1.52 8.74 23.12
3.90 -0.18 1.57 22.35
-2.33 -4.82 1.99 22.07
-8.96 -4.28 -0.49 21.44
1.20 -0.92 -1.15 20.99
4.93 3.24 2.25 21.88
19.28 4.32 8.84 21.90
3.81 -9.05 3.87 21.85
7.49 -8.21 11.67 21.63
-7.10 -2.13 17.15 21.52
-8.91 8.06 16.23 22.07
1.43 -4.47 16.82 22.78
7.85 2.50 1.61 22.54
5.15 5.68 15.81 22.35
3.62 -0.44 9.78 21.57
0.20 -0.83 6.86 21.83
9.24 -7.11 12.56 22.36
3.27 1.46 9.28 21.83
6.24 -1.68 19.61 22.00
-3.17 0.65 5.91 22.19
4.29 -3.30 6.04 22.42
-7.75 1.47 2.29 21.83
8.83 17.77 19.61 21.83
-3.08 -7.04 14.27 22.12
11.45 -1.75 14.82 21.68
4.55 -6.51 14.18 22.12
1.34 -13.20 19.61 22.04
-1.30 14.76 -0.54 21.99
5.57 -2.85 10.98 22.12
-2.65 -4.19 6.99 22.07
6.09 -1.83 -0.73 21.73
-14.04 -2.33 -6.51 22.31
19.61 -5.09 19.61 22.17
1.60 4.87 10.12 21.85
1.38 -4.32 11.50 22.14
-2.37 -7.07 9.71 21.18
-9.45 -3.91 7.97 22.91
-0.11 1.70 4.52 22.91
1.80 5.89 10.43 23.36
-0.90 1.92 7.25 23.31
-12.41 -4.54 12.20 21.09
2.83 2.29 10.94 21.15
9.63 -4.28 9.73 22.07
-7.60 -0.10 2.98 22.57
-1.77 -3.11 17.80 22.47
-0.96 -1.64 5.01 22.52
10.56 -3.59 4.90 22.71
-0.83 -5.05 8.16 22.72
1.75 3.75 7.46 21.45
3.99 -4.50 10.97 21.57
4.89 0.19 7.08 22.07
0.62 3.80 19.61 21.73
1.78 -1.08 18.80 21.78
-8.87 -3.48 -0.06 22.38
-4.35 3.89 8.87 22.29
19.61 -15.99 19.61 21.99
8.17 2.47 -0.31 22.14
11.84 -4.58 11.51 22.23
-2.61 3.99 9.60 21.13
-1.65 -0.91 3.42 21.49
-19.61 8.53 -4.19 21.87
-10.98 -2.65 0.20 22.48
-2.10 0.08 7.11 22.29
2.19 -10.93 9.64 22.69
2.01 1.72 10.48 21.63
-6.15 4.75 6.12 21.83
0.09 2.97 2.21 22.42
11.42 2.50 19.61 22.42
-10.75 -8.40 1.56 21.78
3.05 3.19 6.06 21.25
9.64 -0.00 12.71 22.88
1.25 4.57 12.10 22.52
1.16 -3.25 11.02 22.23
-7.10 12.54 4.39 22.12
2.88 -4.60 5.87 22.23
-11.23 -1.65 1.82 21.33
7.18 -4.35 7.36 24.56
0.32 -4.74 4.58 22.00
2.86 -5.61 9.63 22.64
0.00 -1.21 12.18 23.31
2.99 -7.60 11.42 23.80
3.73 0.81 10.98 20.99
-0.50 -2.30 9.30 21.13
0.69 -2.25 8.64 50.49
3.05 2.93 8.60 21.81
-1.54 -0.96 4.85 21.18
-1.93 8.57 7.02 21.39
-5.31 -3.51 10.63 20.94
4.40 2.09 10.39 21.30
5.71 -1.90 17.43 20.99
19.61 -8.75 16.51 20.15
-0.90 -2.35 2.20 20.80
10.43 17.33 14.03 22.12
11.65 -7.07 15.85 25.23
11.42 -1.96 12.18 25.14
5.36 5.43 19.55 22.67
0.06 -19.61 -2.93 20.97
-19.61 -1.21 -7.06 20.67
10.52 -9.60 13.39 21.90
0.32 -1.79 15.41 21.18
3.18 -2.28 13.40 21.78
3.43 -4.06 18.46 22.02
1.85 1.96 9.21 22.23
8.20 -0.34 11.65 22.62
1.48 0.49 10.90 21.37
-0.88 -4.15 13.91 22.14
-7.46 12.10 4.03 21.51
1.26 -8.13 10.20 21.47
2.72 1.43 10.54 22.31
10.32 -5.96 13.35 21.68
-0.65 -0.85 10.28 21.97
1.79 -1.41 12.42 21.87
-3.38 1.22 19.61 21.33
0.57 3.23 15.57 21.45
4.22 -0.43 8.26 23.87
2.36 -1.69 14.52 22.12
17.66 -0.95 19.61 21.78
1.50 1.41 13.93 21.39
-2.00 10.06 17.48 20.99
-2.79 1.16 4.87 21.13
9.73 1.76 12.62 21.59
0.40 0.00 12.87 21.04
4.66 -1.42 19.61 21.52
3.48 4.68 11.49 21.83
1.79 -1.22 10.45 21.63
-19.61 -0.74 -2.57 21.63
4.63 -0.54 5.94 21.69
-7.63 2.62 5.27 21.85
4.33 -5.50 4.66 22.23
-1.81 -3.36 7.72 21.49
-2.88 -2.56 8.84 21.57
11.99 -5.26 11.29 21.33
4.39 -3.10 12.30 22.62
0.37 -2.84 9.30 21.75
0.82 -1.10 8.94 21.83
5.74 -1.70 16.33 21.42
0.38 -1.19 9.13 21.33
-1.69 1.34 5.54 21.73
3.65 2.56 5.70 22.09
5.33 -1.31 12.79 22.72
4.26 -3.35 9.60 22.83
5.26 1.00 7.92 22.33
4.54 2.24 10.39 21.78
9.90 0.54 17.83 21.28
1.89 -2.40 9.93 21.44
0.63 1.84 12.85 21.97
7.78 -2.61 13.31 21.51
7.55 -2.12 9.86 21.13
3.04 2.49 12.82 21.33
-3.52 0.16 11.83 22.17
-0.28 -1.56 12.47 21.57
3.66 2.78 11.81 21.93
2.39 -0.49 6.86 21.47
-0.87 -4.99 12.71 21.75
-1.36 0.13 10.95 21.28
5.06 -1.96 11.75 22.47
6.74 -5.94 17.27 22.91
2.41 -5.80 7.22 22.12
-9.96 -2.80 9.80 21.97
17.59 -1.80 17.06 21.44
-5.65 13.24 10.93 21.39
4.70 3.06 9.78 21.45
-0.91 5.60 19.61 22.09
-6.63 1.36 18.35 21.78
19.61 5.59 6.38 25.30
5.14 -0.72 15.67 25.69
1.49 -2.44 2.79 22.33
-4.27 5.95 12.63 19.84
-7.16 -6.70 -8.19 22.07
6.19 -4.74 14.75 22.23
6.53 -0.68 10.48 24.30
5.90 0.83 15.33 21.33
-8.31 -2.62 3.49 21.30
17.78 -6.07 5.86 22.14
7.51 -9.45 18.65 23.07
2.62 0.27 8.24 22.12
-11.14 2.83 14.79 22.72
5.24 -6.91 7.66 21.52
-17.91 5.40 -1.32 22.48
1.43 -5.96 15.63 22.78
5.80 2.13 11.38 26.82
3.28 -6.40 9.93 22.43
-1.35 -3.46 11.22 22.24
-8.34 16.51 13.57 21.97
-4.95 2.67 1.24 22.47
9.36 4.96 18.16 22.02
-19.61 4.20 -7.28 21.57
-4.26 5.31 -9.28 21.49
-0.21 -6.11 8.53 22.64
-4.70 -6.87 12.49 21.16
11.55 -0.54 16.92 22.24
4.94 -5.92 5.10 21.87
5.28 -17.78 2.52 23.20
-9.62 -9.78 19.61 21.68
7.14 5.74 -4.43 21.83
5.21 -5.35 11.72 22.31
-3.19 3.00 0.52 22.62
-0.95 0.55 9.84 22.45
-2.16 -4.18 3.87 22.24
-6.99 -1.94 1.52 22.57
-1.16 -7.33 9.89 20.94
-12.05 5.48 16.77 21.52
9.71 -9.26 9.01 21.54
19.61 -5.94 2.56 21.13
7.46 -2.49 19.61 23.07
-2.89 6.24 3.29 21.56
-3.52 1.78 19.07 22.07
10.69 -0.54 12.34 21.97
16.19 -5.37 19.61 22.17
3.81 -4.53 4.29 21.92
-15.33 8.91 7.61 22.47
2.16 4.95 13.69 22.71
13.92 -1.34 0.85 21.57
-7.93 -11.70 19.61 21.59
-0.71 5.25 16.60 22.74
14.26 -2.34 16.95 22.00
13.23 -9.44 14.90 21.18
-2.99 8.27 9.84 21.87
7.99 7.61 13.55 21.42
-2.54 -5.28 -1.15 21.81
14.22 -18.47 17.26 23.36
9.19 6.07 16.18 21.52
-8.22 3.74 2.77 21.90
9.57 -6.11 12.43 22.14
-2.86 -6.93 7.60 21.87
-6.54 5.76 8.28 21.49
-7.04 4.93 5.68 22.86
-3.26 7.40 19.61 22.23
5.19 -7.89 -3.75 22.31
19.61 8.88 19.61 22.96
3.14 -12.89 12.53 22.47
-4.92 1.66 -0.19 21.40
8.15 -9.57 0.62 22.19
-9.53 1.78 1.62 22.26
1.29 6.09 12.72 21.18
-0.11 2.08 16.62 21.83
-4.88 -2.67 8.82 22.86
19.61 2.76 1.37 22.26
-6.98 2.70 -2.82 22.24
16.70 2.28 8.84 22.14
-2.68 -3.29 3.63 22.36
-3.67 5.46 -0.38 22.67
8.87 -6.88 17.70 21.28
-2.58 -0.20 4.31 23.70
7.13 -10.04 2.28 21.39
-7.39 -0.64 19.61 22.17
-1.06 3.89 1.28 22.38
1.54 -6.48 -8.31 22.78
-9.45 -3.68 14.34 21.42
19.61 -4.53 19.61 21.03
-0.07 4.70 19.61 21.97
13.27 -8.75 2.79 22.86
4.76 -13.29 18.18 21.81
-1.89 9.49 18.18 21.52
1.16 0.68 6.15 20.72
0.77 -9.48 11.73 21.45
1.45 -5.01 -2.95 22.96
-3.50 3.84 -4.38 22.17
6.12 3.80 3.21 21.52
19.61 -10.30 8.86 21.39
11.18 1.93 5.58 22.02
-5.51 -10.60 19.61 22.54
-9.97 4.80 19.61 22.24
19.61 -10.71 19.61 22.04
-14.30 -0.45 1.69 22.35
-2.91 -4.72 11.88 21.37
6.34 1.04 19.61 22.36
-6.72 5.55 5.54 22.36
2.24 0.08 -7.74 23.20
19.61 -14.15 1.07 21.39
10.68 -6.26 17.91 21.68
-2.14 2.49 5.39 22.14
2.35 -2.71 11.02 21.90
-6.75 7.28 19.61 22.14
13.53 0.52 12.72 21.97
5.41 -6.29 15.94 21.97
-0.80 -3.62 18.01 21.93
9.85 -0.04 19.61 21.18
2.00 -6.09 5.23 22.38
11.33 1.71 11.63 22.57
14.81 -4.00 19.61 21.49
0.45 -4.99 5.02 25.19
-4.80 0.00 -14.67 23.29
8.51 10.95 19.44 22.59
5.71 4.32 7.85 21.63
2.21 7.79 9.23 22.57
13.51 -3.46 19.61 22.17
1.02 -3.44 5.12 22.91
9.04 1.42 18.74 24.10
-11.93 6.15 0.62 21.09
16.24 7.86 7.92 21.52
-3.67 -5.77 18.62 21.97
3.22 5.29 18.41 21.80
8.91 -5.99 8.81 22.14
6.36 7.05 19.61 21.04
-0.48 -0.11 10.52 21.68
3.98 6.05 5.90 22.07
6.52 1.16 13.28 22.26
1.45 3.82 11.34 21.78
5.77 -4.34 5.82 22.62
0.12 -8.75 8.33 22.09
2.27 -6.54 19.61 21.01
-6.09 5.41 -3.48 22.12
14.82 10.41 4.00 22.07
-1.70 -1.80 18.99 22.96
-2.87 -2.92 9.66 21.93
6.45 -0.12 19.61 22.12
2.23 0.81 14.65 21.97
1.34 0.36 7.58 22.14
3.18 5.17 -8.41 21.85
14.15 -3.60 4.62 21.42
11.15 -6.15 15.67 23.07
-0.23 -1.74 -8.67 21.57
-0.60 -4.12 15.52 21.87
19.61 1.27 19.61 22.12
1.42 -4.83 14.93 22.42
-10.66 11.55 -18.18 21.54
12.90 -2.54 -1.83 23.12
8.16 3.76 9.82 21.80
14.15 -3.91 14.43 21.51
-12.01 -1.77 -2.69 23.92
6.55 3.05 19.61 21.08
19.61 -19.61 19.61 23.12
-12.17 -0.79 6.04 21.68
4.37 -9.09 -12.01 20.55
11.34 -7.52 19.61 22.78
-7.30 -2.07 -10.93 21.78
2.77 -5.68 19.61 21.93
1.32 2.29 13.48 22.64
-2.43 7.07 18.10 20.96
-0.97 7.03 8.39 21.83
-6.20 -8.55 17.88 22.72
3.42 -2.77 9.38 21.47
-1.20 5.81 4.68 22.42
7.15 9.35 9.89 22.81
2.16 -0.16 17.04 21.01
12.14 -9.66 19.61 22.98
-6.24 -10.12 15.70 22.43
-14.27 -6.58 1.45 22.07
-3.53 4.81 0.48 21.97
-0.35 6.30 4.63 22.96
-3.63 0.39 19.61 21.92
-2.11 -4.33 -1.57 22.91
-3.41 -1.29 2.83 22.67
10.55 5.38 9.21 21.64
7.02 -9.28 9.34 22.04
-14.46 -2.82 7.32 23.31
4.68 -0.65 19.61 22.23
5.06 2.95 13.47 22.86
-2.97 0.21 10.31 22.62
6.10 2.70 5.75 22.07
5.85 -8.48 19.61 22.12
-1.14 1.19 11.24 22.35
-7.31 -0.43 8.97 22.14
19.61 17.31 6.96 21.57
12.28 -5.39 14.68 21.42
-0.46 3.32 17.12 22.23
0.95 7.23 6.41 21.52
6.34 -4.05 19.61 21.87
-4.40 12.93 14.26 22.09
1.61 9.92 19.61 25.54
3.39 -4.29 11.80 22.29
6.97 -11.98 19.61 21.85
-3.99 -6.70 -6.95 22.38
7.46 19.61 18.48 21.03
8.84 -16.06 10.95 22.26
-16.71 -11.42 -10.66 21.88
-1.75 2.27 -8.72 22.02
7.53 1.16 4.26 21.68
-19.61 1.91 6.19 21.83
-2.94 12.78 5.28 21.80
8.15 -5.80 12.61 22.04
5.75 -19.00 14.90 21.75
17.62 5.97 16.41 21.47
0.69 -16.88 12.54 22.62
4.39 2.31 5.75 22.66
6.78 -6.35 4.02 21.33
4.70 -8.30 5.58 22.31
9.19 -0.32 9.52 21.88
6.40 -13.56 4.72 22.09
0.95 0.70 4.16 22.21
-1.90 2.74 4.85 22.23
11.27 -4.12 7.53 21.92
-1.31 -2.44 4.42 21.47
3.60 5.54 9.51 21.42
4.26 -0.76 17.98 21.40
-4.03 -3.19 11.92 21.59
-7.47 -0.11 5.90 23.50
3.44 10.76 17.62 21.68
2.49 2.45 8.34 24.88
19.61 -6.79 19.61 21.83
-10.08 12.82 19.52 20.73
-8.19 1.43 7.70 22.26
-0.31 8.97 -7.08 22.12
-4.33 -7.80 16.70 21.54
-8.48 -8.91 -8.18 22.04
-5.95 1.10 -1.14 21.81
-5.74 5.73 19.61 22.42
-10.19 5.13 7.60 21.97
-1.95 -2.53 7.74 22.91
10.45 5.57 -8.66 21.88
0.87 0.02 -4.05 21.35
12.82 -8.70 10.05 22.04
1.19 -6.79 13.54 22.36
-5.39 -7.25 16.23 21.57
2.62 0.25 11.99 21.73
-3.20 -3.53 -10.42 21.92
19.61 -11.32 5.65 21.44
13.02 1.23 3.89 24.56
-11.87 9.48 4.55 22.96
-8.60 -4.94 9.39 23.82
6.20 5.36 19.61 21.64
4.67 0.87 6.76 22.14
19.61 -16.02 8.20 22.48
7.43 -7.23 5.83 22.42
6.33 -0.71 14.59 21.49
2.22 -10.74 13.91 22.47
19.61 -3.12 6.08 21.87
-15.99 -2.88 8.39 22.12
7.56 -0.07 3.66 20.96
9.22 -14.03 5.59 22.74
1.95 17.79 11.04 21.54
5.33 -11.53 19.61 22.43
19.61 0.64 19.61 44.90
17.48 2.11 19.61 21.35
1.19 -6.68 19.61 21.64
19.61 -2.27 19.61 21.87
-1.52 -4.30 -1.19 21.87
2.39 -1.70 19.61 21.13
6.01 -7.59 -7.71 21.33
4.16 2.98 4.41 22.31
-0.31 -4.84 14.55 21.87
12.90 -3.57 10.36 22.19
7.06 -10.84 13.38 22.59
19.61 -0.72 11.00 21.59
-11.81 5.18 -7.82 23.38
13.43 -10.70 8.90 23.62
3.23 4.53 8.32 22.52
-2.22 -6.16 12.30 21.23
-1.12 3.64 16.25 21.33
19.61 3.32 18.27 22.52
-1.64 -4.40 9.05 21.78
-6.00 8.60 -2.36 21.49
10.07 -5.81 11.02 22.33
-1.04 -3.21 8.91 21.73
-14.26 7.69 -7.36 22.02
1.07 -6.10 8.66 21.44
-0.57 -6.51 1.98 21.33
-0.46 6.77 10.61 21.90
10.97 -6.18 12.69 22.79
3.96 -6.75 19.61 21.75
0.74 1.76 -0.41 21.44
-12.20 2.44 13.93 21.57
-1.27 -0.09 19.61 22.76
0.14 -12.56 19.61 22.17
-1.43 7.58 14.03 22.07
15.70 -6.85 2.53 24.54
2.75 -6.90 10.06 21.57
-0.16 0.81 10.84 22.29
10.06 -5.44 14.64 21.90
-8.63 -3.57 14.09 22.29
-2.74 3.07 12.47 21.68
-2.20 1.65 19.03 22.71
-4.21 -6.32 1.77 22.36
-4.37 -4.88 19.61 21.68
-7.09 9.89 -2.55 21.37
-5.54 1.93 6.90 22.88
19.61 -5.53 19.61 21.45
8.87 -6.09 12.50 21.54
2.00 2.24 -9.93 23.19
-7.81 7.91 19.61 22.36
-3.85 -13.77 4.93 21.23
10.22 -10.40 15.22 21.78
-3.31 4.42 -4.82 23.07
-14.68 -12.17 -11.93 22.21
12.09 1.49 4.84 21.28
-7.41 0.29 9.73 22.29
13.06 4.70 19.61 22.09
14.92 -3.78 14.44 21.75
8.38 -5.69 19.61 21.78
2.11 -6.13 6.40 21.81
-3.97 12.74 19.61 21.68
0.88 -0.99 5.55 21.88
19.28 -7.42 17.76 21.97
4.65 -4.65 3.79 22.02
9.18 15.37 14.89 22.23
-3.84 9.74 10.00 21.30
-8.33 0.51 -2.71 21.52
-19.61 -5.32 9.57 22.23
19.61 -11.10 19.61 21.28
0.69 -4.97 19.61 22.67
-9.85 6.35 15.12 21.92
-4.83 -8.37 5.65 21.78
17.38 -19.61 19.61 22.91
1.16 19.61 19.61 20.84
10.71 9.23 -7.20 23.08
4.73 -4.21 -9.06 23.12
19.61 -9.79 8.63 24.06
-2.31 -3.96 19.61 21.97
-7.90 -1.21 15.26 22.47
-18.33 2.13 -1.96 21.68
10.80 -0.92 6.45 21.73
1.43 -4.06 -6.46 21.92
3.46 -15.44 19.61 21.63
19.61 7.70 6.97 22.78
-2.79 1.27 15.88 21.01
-3.31 19.61 -15.35 22.02
11.26 -5.15 9.01 22.17
13.86 0.22 15.93 22.91
-1.60 -5.62 1.16 21.87
-0.80 8.76 5.91 21.73
3.11 -1.99 10.91 24.88
10.33 1.95 19.61 21.63
-2.78 -3.05 14.12 21.63
7.69 -2.46 10.61 24.11
0.34 2.03 13.70 22.43
-2.07 16.51 19.61 22.48
-4.10 -7.58 -5.73 22.88
18.15 -11.39 19.61 20.92
-3.21 -11.54 10.84 22.02
-8.60 2.68 -3.07 22.55
-16.06 5.76 7.70 21.37
-5.43 -5.40 -2.90 22.76
15.83 5.17 19.35 25.62
-9.69 -4.41 17.39 21.73
19.61 -0.52 19.61 21.68
9.98 -9.28 19.61 21.73
19.61 -4.23 4.96 22.29
-5.19 -7.63 19.61 21.80
-11.00 0.50 3.36 21.80
8.77 19.61 19.61 21.18
-8.54 -4.16 5.26 22.42
-16.56 16.97 8.00 21.33
19.61 -19.61 -0.76 22.42
-19.61 3.04 -13.93 22.23
-2.94 -3.21 4.11 21.18
-3.56 -9.52 19.61 22.04
19.61 -19.61 -4.76 22.09
-19.61 5.73 14.43 21.45
3.58 -7.51 -3.03 21.39
0.75 6.90 -2.94 21.87
0.81 10.92 19.61 21.97
18.75 -4.47 4.25 22.02
7.12 -8.94 6.05 21.81
-5.26 -4.65 10.92 22.28
1.81 6.97 11.75 21.95
5.29 -7.45 8.42 21.95
-0.46 2.36 19.61 22.02
-2.48 -2.79 2.44 21.47
2.52 -8.28 4.79 22.36
0.84 2.24 17.59 22.47
1.80 -3.41 14.92 21.97
-7.80 1.02 19.61 21.52
17.38 -6.99 -1.00 21.83
-2.65 0.42 18.14 22.35
-19.61 -17.76 -6.88 22.64
19.61 10.25 9.57 21.30
-19.61 7.47 5.73 21.63
19.61 -6.01 19.61 21.83
4.89 -10.86 19.61 22.47
-4.67 14.85 16.23 24.51
1.57 -0.59 17.77 21.28
-13.60 -8.20 -1.40 21.97
19.61 -7.71 19.61 22.62
-14.63 -8.07 3.78 22.57
-8.05 7.53 1.57 22.17
15.21 -5.08 17.66 21.73
-9.05 -7.93 17.21 21.33
13.45 -0.32 19.61 21.51
0.08 -3.01 12.42 21.90
-3.96 -3.22 0.59 21.44
15.00 -0.51 2.76 21.39
-19.36 -9.39 13.87 24.99
19.61 8.99 17.52 22.67
-1.17 12.47 15.16 22.52
-6.34 -3.87 -8.12 22.02
-7.87 10.99 3.82 21.44
7.54 -1.32 18.67 21.44
-2.95 -0.86 18.33 21.69
2.71 1.60 15.22 21.78
19.28 -0.13 19.61 21.68
-4.25 10.26 9.19 23.75
19.61 0.35 1.44 21.52
-1.30 -8.24 11.66 22.07
0.93 9.30 19.61 21.44
10.65 2.44 15.76 21.63
14.34 -1.90 18.55 21.78
-0.52 1.84 -1.60 21.64
-2.51 1.48 13.88 22.12
-5.43 8.14 10.43 22.02
5.57 -4.02 13.79 21.81
9.64 -4.14 8.56 21.97
11.25 -2.21 -0.53 21.68
-1.68 -9.51 -2.39 22.31
-11.82 5.73 4.55 22.04
7.83 4.66 4.34 21.68
-19.61 -8.62 7.19 22.17
1.69 5.02 4.76 22.96
-2.26 -2.72 5.73 22.57
10.90 -2.35 -2.22 21.33
12.88 0.03 19.61 21.63
5.31 -11.13 9.28 23.38
14.45 0.91 12.46 22.09
-10.30 -8.10 19.08 22.04
4.67 5.48 19.61 22.19
-9.18 -4.66 -3.62 21.52
13.85 -2.03 19.61 22.17
-15.22 -1.44 9.03 22.02
2.84 13.22 10.90 22.26
4.39 4.54 -3.39 21.13
-8.54 12.34 13.73 22.12
6.27 -1.10 8.46 21.80
-10.84 3.70 9.34 21.93
-14.49 -3.07 8.33 22.07
-16.24 -1.97 11.55 22.26
-5.59 2.60 1.30 21.28
-8.04 3.41 3.80 21.03
-0.07 0.20 13.27 21.68
6.70 8.15 16.84 22.36
11.42 7.69 15.12 22.02
2.92 1.15 9.72 21.63
-2.30 1.55 6.77 22.07
2.89 -3.01 7.55 22.43
-18.82 -0.17 8.94 21.51
-2.37 1.78 9.00 22.09
7.71 5.31 19.61 22.67
-11.66 18.86 14.57 22.91
-6.81 10.52 14.60 22.07
-14.34 -6.29 12.86 22.57
-1.01 -3.85 10.14 21.47
-11.06 -3.43 -0.73 22.72
-0.38 2.54 19.61 21.93
6.66 1.76 14.43 21.81
7.13 2.25 8.56 22.02
15.60 -16.41 -0.21 21.45
18.05 -12.33 15.39 40.61
11.88 -5.40 -7.59 22.98
10.78 -8.00 2.83 23.05
8.74 2.74 16.34 23.10
-14.37 -12.28 -0.65 22.47
-9.06 0.51 19.61 20.63
-16.18 -10.30 19.61 21.90
10.81 2.13 19.61 21.64
4.38 -7.64 -11.12 21.15
12.52 -19.61 13.58 24.01
-19.61 2.73 -2.70 24.06
6.71 -9.59 11.38 22.74
-7.92 15.43 14.05 22.62
-4.88 3.80 18.48 21.83
19.61 -7.05 -8.73 22.76
-1.62 -0.38 14.06 21.78
7.93 -3.92 3.81 21.30
-14.83 10.05 19.61 21.80
11.63 -1.25 18.97 21.47
10.67 10.52 2.61 21.92
-12.67 -19.61 -8.89 21.81
-19.61 7.23 -0.12 21.78
0.50 2.41 15.03 21.97
1.43 12.96 13.11 23.56
5.26 -11.67 18.79 23.56
-13.24 2.49 -4.06 22.14
19.61 -0.56 17.08 22.69
6.92 -4.11 7.61 21.97
-8.17 -19.61 16.87 22.26
16.86 4.63 -5.99 21.87
3.32 -2.60 19.30 23.26
7.18 -1.83 19.61 21.81
3.23 -12.31 10.64 22.52
9.28 8.91 19.61 20.96
-2.49 -2.35 6.49 21.63
13.73 3.76 12.57 22.12
1.99 3.46 19.61 21.92
13.17 17.59 19.61 22.36
14.77 -13.72 14.61 23.02
5.19 -1.71 5.30 21.78
-2.81 -7.65 12.39 36.26
-4.52 4.15 1.92 21.56
2.90 -10.53 5.99 21.99
3.85 3.54 12.37 22.52
8.67 0.84 19.61 22.31
-0.91 -4.19 17.25 23.80
2.94 1.04 10.76 22.02
1.22 -1.28 0.24 21.73
-1.92 3.03 11.69 21.97
2.44 -1.41 1.79 21.85
12.16 0.51 8.60 20.89
1.34 3.26 14.52 22.47
13.02 -10.37 13.16 22.91
-4.14 2.27 14.87 22.26
-9.79 -6.44 7.20 22.42
17.11 5.19 5.58 21.81
5.44 -0.90 19.61 21.23
4.78 1.91 17.04 22.54
4.32 12.62 19.61 21.80
9.08 7.75 19.61 21.35
19.61 2.33 16.91 21.73
19.61 -14.41 4.95 21.47
-8.89 -3.89 8.21 22.31
18.50 -5.98 19.61 22.67
19.61 -1.79 8.90 21.08
4.31 3.56 13.95 22.26
0.65 -6.03 9.35 22.67
19.61 -4.25 18.61 21.85
4.50 9.68 15.40 21.99
10.73 -6.22 7.56 21.81
5.17 2.97 5.43 26.53
9.03 11.96 3.53 22.83
3.24 2.05 17.44 21.73
1.91 -1.62 19.61 21.87
7.75 1.53 2.25 21.73
-0.37 1.31 2.95 22.31
-1.92 -1.98 3.22 21.99
-5.37 0.97 5.43 21.93
-5.17 -4.37 9.86 22.12
0.02 2.24 9.46 21.33
15.86 2.03 19.61 21.78
-0.77 -8.30 16.87 22.07
-1.39 -1.78 5.72 21.73
1.54 -2.82 14.88 22.19
5.37 -4.22 15.41 22.33
13.92 -2.48 13.73 22.19
19.61 -8.54 16.14 23.27
9.00 -0.74 13.76 24.51
2.52 -3.51 13.38 22.67
-5.98 -3.58 6.00 22.02
-5.33 2.26 15.73 21.52
-1.09 -0.17 13.93 21.63
-12.65 2.27 -0.45 22.76
-14.68 4.16 8.77 21.78
-12.11 -6.70 10.70 22.38
-9.10 -0.89 -5.01 21.35
4.60 6.33 19.61 21.99
3.41 -3.09 7.65 22.47
19.61 0.78 17.21 22.26
0.20 3.03 7.44 22.07
1.23 -3.00 -2.73 21.87
-2.62 -4.97 9.96 22.19
0.30 0.62 19.61 22.43
4.12 -6.78 19.61 21.78
19.61 -3.54 12.58 22.52
-1.96 -7.64 9.17 22.36
-12.41 7.26 1.21 21.49
2.29 -2.42 8.11 22.24
-1.16 -2.67 16.24 22.38
-0.36 3.63 -2.45 21.68
-3.32 8.91 10.70 22.17
7.81 0.43 8.55 21.52
4.81 -11.68 7.67 22.66
-9.61 -12.83 -1.65 23.36
19.61 -4.41 2.23 22.02
-6.69 7.07 9.50 22.09
-0.19 -5.15 14.23 23.82
3.15 3.73 6.47 22.43
6.49 3.46 18.60 22.72
3.59 0.67 6.80 21.42
3.82 -0.63 10.56 22.21
9.08 -1.90 14.38 22.17
-0.68 -2.06 14.52 21.52
-2.53 -2.04 15.51 21.44
-6.89 -8.93 12.79 21.95
12.68 2.21 19.61 21.81
3.30 -4.60 7.85 22.71
3.69 -10.61 5.23 21.42
12.81 2.21 15.12 21.92
-0.58 4.15 11.93 22.26
7.57 1.94 19.61 22.26
5.84 6.92 19.61 23.20
-0.92 -4.11 5.87 21.49
1.02 2.77 10.42 21.93
4.19 6.72 4.98 21.81
-11.77 -9.59 11.33 21.97
-11.58 3.36 -3.26 21.37
3.85 -3.92 10.71 22.02
9.91 2.32 9.68 21.63
-6.21 -7.09 5.93 21.73
3.39 9.20 19.61 21.99
19.17 -8.79 19.50 22.14
3.90 1.46 13.76 21.63
11.81 -1.67 19.61 21.78
19.61 -7.23 19.61 22.07
19.61 -9.03 0.72 22.86
-2.52 -9.84 -12.16 23.20
19.61 -5.57 19.61 22.17
-0.49 0.60 5.61 22.02
1.18 -2.44 4.13 22.81
-6.16 -6.88 8.54 21.85
6.60 3.73 5.85 22.09
11.35 -5.08 5.97 21.81
7.52 2.21 13.68 22.36
2.96 2.62 15.04 21.87
19.61 -8.67 -19.61 22.57
3.43 -8.59 -10.19 21.73
19.61 5.66 19.61 21.87
12.42 0.63 19.61 22.36
-0.22 1.16 10.44 22.71
-7.78 -3.99 -19.61 21.69
19.61 -4.17 16.53 22.09
-0.36 -6.05 12.42 21.03
-0.91 1.73 7.59 22.42
0.12 -3.17 5.72 22.17
2.91 2.54 11.05 22.12
9.94 6.97 14.88 21.57
3.90 -9.37 11.87 21.28
19.61 -8.24 -5.52 21.44
4.73 -2.33 7.41 22.14
1.94 0.39 10.88 22.36
7.64 1.12 16.04 21.63
-0.20 -5.44 16.29 21.47
17.04 -4.75 7.74 21.40
19.61 7.85 3.92 20.96
4.82 19.61 9.82 22.02
-2.33 4.25 14.32 22.71
19.61 -2.77 3.10 21.39
-7.01 -6.00 12.92 22.36
4.24 4.58 19.61 21.92
-19.61 -12.07 -1.78 23.10
9.41 4.61 6.51 21.78
-4.70 -0.28 13.14 22.48
2.62 4.26 10.82 21.64
-11.59 -14.03 16.56 21.85
14.97 1.51 16.34 21.45
-2.36 7.52 19.61 21.97
-1.56 -1.33 19.61 21.76
4.83 -7.98 11.36 21.47
15.38 -5.00 1.10 22.17
-6.79 -2.15 19.61 21.52
16.76 9.32 12.67 21.87
-17.46 -0.24 11.31 21.88
4.21 2.93 10.07 22.38
2.49 -4.63 7.78 22.07
4.03 7.70 6.16 21.73
9.50 -12.85 6.73 22.71
13.44 7.15 17.95 21.87
10.19 -10.43 9.10 21.57
-1.53 4.20 9.65 21.25
19.61 -9.08 19.61 22.64
-1.04 -6.18 14.38 21.03
-17.30 6.99 6.10 22.36
19.10 -8.26 11.58 21.97
8.33 -5.98 3.30 22.17
-5.61 -1.82 15.02 21.47
-8.75 16.92 7.50 23.89
-7.12 5.90 7.81 21.64
-1.27 2.12 0.04 22.38
10.00 1.47 6.22 21.47
-4.00 -3.61 -6.55 21.81
15.90 -6.76 16.80 21.68
-2.93 1.76 19.61 22.17
-2.80 -4.47 5.43 22.52
8.90 -8.05 3.70 21.69
7.91 -6.42 18.33 22.33
0.34 3.91 19.61 22.09
0.37 2.23 7.12 21.81
-19.61 -7.06 5.59 21.68
11.22 6.62 6.68 22.07
13.46 -5.52 4.43 22.07
-1.70 -6.01 2.62 21.45
9.91 5.50 9.33 22.69
-7.22 1.15 14.00 22.47
3.24 10.08 4.32 22.02
-19.61 -7.29 -4.28 21.78
0.08 2.16 18.60 22.31
11.35 17.60 19.61 22.42
-9.22 -6.53 8.00 22.76
10.22 -5.45 19.61 21.33
6.03 -1.83 19.61 22.26
1.18 -6.78 -3.36 21.64
6.31 19.61 -6.21 22.14
-4.29 7.84 2.04 22.76
-5.50 0.86 5.09 22.52
3.71 -8.83 18.96 21.42
5.96 0.88 17.55 25.97
10.52 5.38 17.14 21.37
-16.48 2.30 -7.53 21.68
7.49 -8.88 9.02 22.36
-19.61 -5.68 -19.61 21.68
1.36 -0.90 10.98 24.61
15.55 -2.06 7.50 22.24
-1.14 5.67 4.10 22.12
-4.95 0.95 4.66 25.24
12.16 -19.61 8.72 22.26
-4.93 -19.61 0.28 21.37
19.61 -7.70 6.21 21.87
19.61 3.14 14.43 21.78
9.69 7.76 12.02 21.39
11.29 -16.43 19.61 22.31
-2.16 -0.85 6.15 22.88
-10.94 -3.29 -4.59 21.69
10.43 4.93 6.46 22.09
-12.85 -3.82 3.28 21.73
-11.62 -3.38 5.66 22.17
1.07 5.37 -0.06 23.31
13.40 -9.76 17.00 21.83
19.61 5.55 19.61 22.57
-5.66 -7.66 1.95 21.92
15.02 -15.93 -3.71 21.68
0.68 -1.30 6.79 22.24
-5.83 2.77 13.53 21.33
-3.03 -5.36 12.14 21.97
0.09 0.35 15.58 21.57
-1.63 0.68 13.88 21.73
-1.04 0.67 -9.78 21.92
-1.23 -2.42 5.76 22.29
13.08 -10.71 19.56 21.49
-16.65 -4.81 6.58 23.08
-18.12 1.85 10.81 21.88
-11.16 -8.44 -2.24 22.12
3.19 5.20 -1.69 22.67
1.05 -6.87 19.61 22.12
-5.64 7.48 17.53 21.52
0.96 -8.71 16.00 22.28
-18.68 2.54 9.97 22.76
6.87 -0.64 18.46 21.59
-4.10 -6.77 -2.12 22.88
13.26 -5.85 10.64 22.33
17.90 2.39 19.61 21.81
-12.24 -0.32 -6.53 25.18
-6.65 -7.86 -0.42 21.83
-11.89 8.88 3.58 26.62
-0.91 -19.61 19.61 21.63
19.61 -19.61 19.61 20.10
-10.88 1.03 19.61 22.36
11.76 8.94 6.45 22.17
13.43 -3.66 19.61 20.84
-19.61 8.57 6.71 22.02
-11.08 5.15 -0.84 21.09
16.98 -0.50 -4.68 21.08
-7.51 7.56 4.96 21.57
-13.80 -19.61 19.61 23.39
-19.61 16.91 -19.61 21.92
1.89 -19.61 19.61 20.58
-9.52 11.01 2.49 22.71
-13.54 3.96 4.75 22.07
11.80 -3.50 19.61 21.28
6.19 4.19 12.83 21.54
-5.30 -5.33 3.99 22.38
5.79 -5.45 15.34 21.78
-0.18 9.91 10.41 21.81
-2.15 -4.91 9.30 22.02
3.76 -0.99 19.61 22.36
19.17 -5.44 11.46 22.26
-2.37 -7.49 0.93 21.87
-19.61 -3.82 9.06 23.75
19.61 -8.58 -0.07 21.33
19.61 -13.63 14.86 21.64
4.75 2.41 10.12 22.04
-6.31 -1.86 13.43 21.63
-4.22 1.47 11.03 22.31
8.19 -1.23 11.04 23.12
-9.93 -0.08 6.98 21.47
0.22 2.11 12.53 22.04
-5.60 6.72 1.77 21.64
13.16 4.82 12.49 24.22
-1.32 -3.07 12.40 22.33
-0.52 -0.25 13.54 21.57
8.51 -4.12 12.72 21.33
-2.48 -1.35 19.61 22.26
-13.81 2.31 12.59 21.87
12.27 -3.90 5.55 22.76
0.76 0.11 18.59 21.47
-5.75 -4.61 14.77 21.75
-5.85 3.54 16.75 21.45
-4.01 -3.72 9.72 21.63
1.28 14.77 14.50 21.33
-0.23 -3.09 8.72 22.42
8.32 -8.74 19.61 20.89
5.51 -5.63 19.61 21.69
-11.22 -4.36 1.27 22.09
-2.06 14.42 17.65 23.31
1.56 -1.33 7.00 21.73
-1.34 -9.77 5.88 22.17
9.46 -3.25 10.20 21.64
-13.12 1.09 16.06 21.30
-12.52 13.74 12.92 22.09
4.62 9.26 19.61 21.68
19.58 -15.81 15.29 21.97
-7.45 -2.61 13.98 21.88
-3.35 -11.10 6.63 21.49
1.35 4.70 -2.86 21.92
-4.12 5.17 -3.51 21.75
1.96 -7.06 15.44 22.64
3.24 -3.69 13.08 21.57
0.34 -6.18 14.16 22.12
19.61 -19.61 16.09 22.21
-9.35 4.58 7.44 21.28
-19.32 8.05 -0.89 22.17
12.08 -2.88 11.50 22.76
15.13 -19.61 9.62 21.57
13.79 -4.37 0.39 22.57
5.71 -10.01 12.24 22.91
-19.61 -7.54 7.25 21.87
14.28 -7.07 2.12 21.97
-12.18 4.52 2.84 22.91
19.61 -19.61 -19.61 23.41
-11.64 19.61 2.70 23.26
19.61 -3.99 19.61 21.18
5.98 -0.32 2.92 22.17
-3.36 4.81 19.61 23.27
-7.59 1.36 17.29 22.59
-2.33 -4.69 8.75 22.09
-19.61 19.61 19.61 23.07
-1.46 -1.42 3.38 21.47
-7.70 -19.61 6.79 23.15
19.61 -0.55 15.17 24.10
-13.50 -0.84 1.66 22.07
17.15 -1.67 13.77 21.81
13.72 -0.14 19.61 22.52
7.21 -12.23 19.61 22.02
-19.61 -18.41 4.98 22.31
12.22 4.40 5.54 21.08
5.80 -11.13 5.84 22.33
6.17 -0.36 8.64 21.64
12.79 -19.61 19.61 21.99
-2.31 12.78 7.89 22.07
-8.23 -5.91 9.30 21.97
4.04 0.38 16.76 22.42
-0.79 3.02 19.61 21.68
7.20 -1.46 3.06 21.52
-5.85 -2.23 -12.32 21.87
0.42 3.44 14.19 23.75
10.86 3.67 7.07 22.76
-7.50 -2.39 -10.46 22.02
18.77 -3.84 7.58 22.07
4.63 -0.02 9.11 21.49
2.24 -0.88 0.65 22.19
-2.55 0.00 4.48 21.47
16.14 1.40 8.02 21.97
2.60 -2.55 14.48 22.52
-5.38 -2.95 -5.28 21.92
-1.96 4.86 11.53 23.60
-2.51 -2.17 -13.05 21.69
8.97 -7.54 -16.85 22.43
19.61 11.42 -1.53 22.83
-19.61 2.42 -19.61 23.08
-19.61 -3.07 19.61 22.48
19.61 2.15 19.61 22.38
5.34 -6.67 2.36 22.86
-12.56 -1.76 9.08 22.17
-4.39 6.67 19.61 22.76
0.88 -0.86 19.61 22.52
10.11 6.71 14.01 21.83
-8.90 -2.65 8.46 22.62
-1.59 -16.32 19.61 21.81
-11.63 18.49 -13.37 22.36
-17.09 5.15 4.89 22.98
-4.48 -2.74 19.61 21.59
11.05 2.57 11.18 21.59
6.07 4.98 10.56 21.78
-1.93 -0.85 15.15 24.59
-16.07 5.76 -6.29 22.26
14.41 -12.10 19.61 22.17
9.13 -1.12 19.37 21.73
6.12 4.67 19.61 22.07
-2.00 -1.32 9.98 22.52
5.08 6.25 19.61 22.52
-13.54 0.24 -9.70 22.36
4.79 3.99 0.86 23.72
4.60 -15.86 11.96 21.99
19.61 -17.85 -1.11 21.75
-8.79 1.30 -1.32 22.07
6.97 -8.52 7.27 21.33
-11.34 10.01 10.48 22.07
7.68 -3.96 12.53 21.73
3.63 11.46 4.74 22.76
-7.37 1.99 19.61 21.23
-1.61 -8.68 3.15 23.38
14.29 -2.98 19.61 21.75
-0.97 14.49 19.61 21.87
3.59 1.65 1.83 22.07
14.55 9.44 17.40 21.68
11.19 -1.08 0.42 21.52
12.48 -0.90 13.68 22.36
9.92 1.91 19.61 22.81
-1.30 -11.25 18.63 45.74
-4.35 4.03 -9.08 21.87
-11.66 -10.30 -17.72 22.07
19.61 5.24 16.50 22.47
2.07 6.80 19.61 20.94
-13.13 -3.68 -11.52 21.93
0.16 0.47 3.59 23.56
8.48 -2.45 19.59 22.48
19.61 17.88 18.40 20.29
-19.61 -0.21 7.61 21.68
-6.93 0.56 3.11 22.12
11.14 -3.35 19.61 21.97
2.38 2.51 19.61 22.52
0.38 13.56 5.22 21.23
3.54 -12.54 19.61 22.23
-2.76 6.94 19.59 22.24
16.78 1.90 -7.37 22.54
-1.57 -3.18 11.62 27.53
-12.43 7.87 -1.97 22.38
-7.99 0.65 4.31 21.97
-11.38 -4.65 19.61 22.31
10.58 6.10 17.62 23.70
3.10 2.23 17.96 21.57
9.70 -10.70 8.49 21.57
13.57 -5.71 18.24 21.99
-11.41 -0.01 -2.32 23.79
9.96 1.56 10.39 22.67
3.34 1.36 11.42 21.75
-3.87 -3.24 4.51 22.14
6.67 -6.50 7.26 21.97
-13.02 10.02 3.54 21.42
9.76 -3.30 14.72 21.52
10.93 -4.91 12.01 22.96
15.45 1.17 19.61 21.23
-8.23 2.64 19.61 22.31
-15.92 0.37 4.28 22.62
-13.63 -1.21 19.61 21.88
1.19 -0.19 11.66 21.47
3.30 -5.85 12.50 21.42
0.14 6.95 11.15 22.17
-0.58 -1.30 10.00 22.31
-10.25 -2.07 7.73 21.63
19.61 -7.06 18.12 22.19
-6.38 -3.92 1.81 21.99
5.71 -4.96 15.29 22.52
3.17 -3.65 12.74 21.97
2.03 -1.01 4.67 22.57
-5.87 -2.40 -4.05 21.73
14.00 -4.53 13.20 22.12
11.36 -15.75 3.35 21.37
14.68 -4.68 19.61 21.97
-12.53 1.41 -0.44 21.54
-9.54 -0.28 6.35 21.78
1.88 -5.56 1.30 21.92
19.61 -3.66 19.61 21.47
19.61 -14.20 19.61 21.97
-2.65 6.54 19.61 21.88
-2.01 15.74 -0.55 21.93
-13.74 16.90 1.18 22.48
-14.80 -7.50 -19.61 22.48
11.31 0.22 15.98 21.37
7.05 -6.00 2.50 21.73
-2.31 -4.81 -1.38 21.73
8.17 -3.67 2.05 23.60
-13.50 -6.19 -3.06 25.23
1.26 -2.50 -4.31 21.44
9.41 1.96 1.25 22.59
-6.59 -12.03 6.52 22.09
19.61 -19.61 19.61 21.93
-1.57 1.49 7.85 22.62
2.93 -2.06 7.32 22.86
2.79 3.49 3.67 21.81
19.61 -4.81 10.19 21.81
14.75 -8.31 19.61 22.02
-6.29 0.09 13.23 21.33
-19.61 2.93 -1.57 22.83
3.86 5.42 19.61 22.83
3.74 -3.24 19.61 21.39
-5.81 7.73 -9.26 22.31
15.17 -6.33 18.10 21.63
-7.79 -3.50 3.15 21.37
-10.22 -10.66 19.39 21.92
10.64 3.63 5.99 21.68
8.59 6.20 19.61 27.65
18.04 -13.18 3.49 22.42
9.17 -11.03 8.62 22.17
-3.51 4.86 -2.25 21.57
15.52 2.03 6.90 22.09
-0.38 0.29 17.22 23.22
-8.46 5.04 9.89 45.70
14.89 -3.15 9.22 21.18
0.97 -7.45 -0.06 21.75
-9.40 -5.07 6.06 21.78
19.61 -11.85 17.42 21.37
19.61 -8.50 19.61 22.81
10.56 -5.03 19.61 22.07
7.33 -11.32 7.89 22.12
-5.53 -3.74 3.81 22.23
19.61 -5.03 13.90 22.36
13.12 -1.86 15.55 21.57
1.30 5.40 8.71 23.94
-4.28 -3.98 8.59 22.23
-11.92 -4.72 2.03 21.40
-1.00 3.41 3.49 21.73
6.63 -1.32 14.36 22.21
-11.43 -9.23 16.11 21.73
7.89 0.69 19.61 21.57
-0.57 -0.93 7.37 23.75
10.91 -6.90 8.04 22.76
19.61 9.20 1.02 21.81
-6.26 -5.63 9.84 21.37
-0.88 -5.09 -7.02 22.19
-6.30 5.68 2.83 21.92
-4.53 -6.91 0.76 21.81
2.92 -1.00 12.74 21.92
-18.67 -1.04 -19.61 21.33
-19.61 19.61 19.61 23.43
12.77 -1.52 12.25 22.64
-19.61 19.61 9.64 21.25
15.58 -4.40 -6.55 22.28
-5.01 -1.20 -4.43 21.68
1.64 -18.89 9.02 21.33
-12.04 10.62 7.02 22.86
-2.74 -10.84 -4.07 26.36
10.93 -3.51 11.06 22.12
-2.77 1.60 -17.12 22.12
-10.73 0.81 9.36 21.87
7.95 -4.44 -0.91 21.57
4.53 2.07 18.89 22.02
8.95 -4.26 6.64 22.54
10.86 6.55 12.22 21.59
-7.87 -3.01 3.06 21.92
13.01 -9.78 19.61 22.02
19.61 -12.39 19.61 22.81
-19.33 19.61 -13.02 23.51
-2.37 -4.15 -0.10 26.19
-17.43 -1.65 -0.94 21.39
-6.81 6.05 1.67 22.02
19.61 -10.01 19.61 22.76
-19.61 1.85 17.86 21.57
19.61 -4.21 19.61 22.86
19.61 6.71 -9.68 22.17
4.64 -5.78 4.89 22.23
-13.26 -0.73 -16.14 21.52
-6.94 1.72 10.32 21.11
19.61 -5.29 19.61 21.88
5.71 3.35 0.94 24.16
19.61 -11.14 19.61 21.68
-5.39 -8.08 19.61 21.52
-2.09 0.10 12.95 22.17
5.75 -11.96 7.25 21.57
-4.12 -0.95 9.60 21.33
5.81 -4.63 14.91 22.62
1.88 14.03 19.61 23.62
14.62 -5.95 19.02 21.69
13.19 4.53 18.38 22.38
-6.37 5.60 2.54 21.88
-0.59 -11.82 2.34 21.08
9.63 3.25 19.61 21.73
5.60 -14.47 10.55 22.36
12.85 5.48 18.15 23.36
-8.91 -9.06 2.14 22.07
-3.13 7.63 6.58 21.57
5.67 8.45 19.61 22.48
-0.04 -7.40 5.88 23.07
5.09 -15.50 12.38 22.04
2.41 -1.20 7.14 22.12
-1.66 0.81 -1.16 21.52
-13.99 0.13 5.27 21.63
-4.78 -0.67 3.12 22.23
18.86 -12.45 19.61 21.97
10.72 -6.89 12.38 21.39
1.63 2.48 18.40 23.32
-4.39 -0.32 15.10 21.80
6.30 -0.74 12.96 22.54
-7.66 -2.64 2.88 22.02
-8.33 11.25 16.75 22.23
-4.57 -2.51 7.35 21.33
10.47 -0.89 2.19 21.49
8.97 4.00 -0.18 22.09
9.24 -8.79 6.25 22.19
7.45 -1.92 10.98 22.09
-19.61 18.32 14.61 22.48
4.34 -5.47 11.85 22.91
19.61 16.24 19.61 20.68
-19.17 1.93 19.61 24.25
-8.66 0.03 11.69 23.50
-2.80 -10.85 8.83 21.47
4.58 -4.90 19.61 21.73
-14.93 0.84 -10.69 22.17
19.61 10.12 10.76 22.42
2.55 -0.19 19.61 21.57
9.09 2.15 2.65 21.35
-19.16 -2.69 18.98 21.99
13.07 -6.89 17.81 23.56
-0.21 1.30 12.98 22.02
3.63 1.13 12.77 21.87
14.13 -14.25 2.36 21.68
16.30 -8.53 7.93 22.52
5.41 -1.24 16.12 21.33
0.09 -12.01 4.34 23.12
2.42 -2.59 6.68 21.78
5.36 0.13 3.95 21.45
-6.50 -1.55 10.87 21.87
0.05 1.03 3.96 22.12
-4.52 -10.47 5.37 21.73
3.64 -0.17 12.69 21.28
4.86 -1.16 6.19 21.56
10.72 -4.33 18.33 21.59
3.15 0.60 16.11 21.97
3.26 -2.34 14.36 21.33
-1.90 8.44 13.36 21.57
-7.39 0.77 11.58 22.12
11.49 -13.09 4.99 21.63
7.42 -5.80 6.66 21.09
2.83 7.81 9.22 21.45
-6.62 -2.28 5.70 22.19
-0.88 -0.30 15.85 22.47
8.73 -3.27 15.61 21.87
6.45 1.79 7.96 22.02
-0.25 -1.54 12.14 22.71
-3.38 -0.81 2.81 21.47
9.77 2.26 7.13 21.64
-3.36 2.09 6.45 22.19
2.27 -2.90 12.27 21.97
0.57 0.08 17.71 21.97
0.04 -0.58 12.60 22.36
-1.76 0.57 6.32 22.83
-0.47 0.43 13.62 21.20
3.68 -2.30 9.87 21.57
0.40 0.94 8.89 21.73
2.89 -1.44 13.37 21.63
-12.95 2.04 -3.98 21.23
16.41 -6.90 6.62 21.64
1.33 -0.34 12.45 22.19
0.49 -2.43 11.26 22.29
2.21 -0.88 11.57 25.30
7.66 -2.32 12.25 22.14
2.32 1.36 3.43 23.22
-8.53 -0.26 -10.35 22.12
-2.83 -0.64 6.15 24.25
5.59 -3.11 19.61 21.97
1.27 -6.74 19.03 21.81
0.37 -5.88 8.36 21.33
-19.00 8.42 0.57 21.63
-6.53 3.06 10.62 21.69
-1.82 7.09 16.79 22.33
19.61 -6.59 19.61 22.26
8.45 -0.33 10.26 22.17
11.71 -11.85 12.57 21.81
-1.26 4.72 10.19 21.81
-1.65 3.78 5.28 21.28
13.16 6.88 1.29 21.23
-9.25 1.16 12.02 21.40
0.13 -1.36 9.94 21.59
5.25 -2.07 10.73 21.81
4.60 -3.70 14.48 21.47
1.46 1.83 10.22 21.28
1.51 0.65 9.32 21.92
0.19 -1.00 11.20 22.28
5.93 -2.26 11.60 21.45
-2.33 1.72 9.92 21.42
-0.38 -0.03 11.63 21.28
4.95 -6.58 11.67 21.63
-2.56 -11.41 19.61 21.81
7.82 -3.83 11.64 21.93
4.88 -2.20 14.22 21.93
3.91 -2.70 11.08 22.48
1.16 -1.11 10.15 22.52
0.69 -0.37 10.62 21.97
-2.06 0.02 10.87 22.23
3.00 -0.26 11.60 21.92
1.56 1.13 10.85 22.67
3.16 -2.64 11.73 21.92
3.06 -1.59 13.16 22.19
1.19 -0.07 10.59 22.23
2.25 -0.72 10.82 22.07
1.92 0.15 11.60 22.21
0.69 -0.75 11.92 22.47
3.48 -0.60 11.40 22.02
3.92 4.88 8.84 22.81
1.87 -1.40 10.67 22.36
2.94 -0.09 10.50 22.23
3.40 1.54 12.13 21.85
1.71 -1.38 10.96 21.87
2.00 0.96 10.18 21.87
1.80 0.45 10.97 21.92
1.86 -0.08 11.09 22.31
2.48 0.17 10.80 22.64
2.58 -0.51 11.18 22.59
1.73 -0.67 10.75 22.64
2.08 -0.62 10.64 22.67
2.43 -0.48 10.72 22.31
-0.29 -1.64 8.49 22.57
6.24 -2.66 14.39 22.52
0.01 1.28 10.61 22.07
2.31 -0.20 11.53 22.23
1.82 -0.06 10.54 22.29
1.60 0.59 11.09 21.93
2.45 0.44 11.36 22.38
3.04 0.82 10.62 22.83
2.01 -0.64 10.74 23.75
2.01 -0.85 10.76 22.91
1.55 1.35 10.91 22.52
2.58 0.19 10.83 22.52
3.46 -0.05 10.67 22.47
2.32 0.53 11.07 22.52
2.16 -0.90 10.67 22.52
2.24 -0.55 10.80 22.43
2.57 0.16 10.76 22.38
1.64 -2.14 10.42 22.78
2.16 0.44 11.08 23.22
1.61 0.89 10.81 22.81
2.18 0.35 10.87 22.76
2.21 -0.23 10.65 22.31
1.53 0.54 10.79 22.26
1.64 -0.32 10.71 22.26
2.04 -1.08 10.64 22.52
2.50 0.20 10.71 22.38
2.19 -0.58 10.83 22.48
1.98 0.05 10.92 22.57
1.79 0.99 10.83 22.71
2.41 -0.19 10.90 22.36
2.38 -0.46 10.57 22.31
1.70 -0.20 11.05 22.26
2.16 0.12 10.35 22.31
2.42 -0.72 10.69 22.26
1.99 -0.49 10.83 22.62
1.58 -0.26 10.58 22.67
2.60 -0.28 10.89 23.17
2.52 -1.20 10.55 23.62
1.57 -0.71 10.81 23.65
2.71 0.81 11.11 23.20
1.99 -0.91 10.58 23.65
2.11 -0.30 10.81 23.26
2.13 -0.21 10.71 23.26
2.35 -0.86 10.78 23.26
2.15 -0.31 10.74 23.26
2.15 -0.26 10.84 23.70
2.53 -0.76 10.62 23.60
2.15 -0.33 10.67 23.65
2.09 -0.79 10.78 24.49
2.03 -0.32 10.89 24.49
2.21 -0.61 10.73 25.28
2.21 -0.78 10.69 25.72
2.07 -0.48 10.80 26.55
2.23 -0.57 10.75 24.88
2.23 -0.51 10.81 24.10
2.13 -0.64 10.77 24.10
2.18 -0.54 10.75 24.10
2.04 -0.57 10.71 24.10
2.23 -0.45 10.78 24.49
2.23 -0.64 10.76 24.10
2.19 -0.53 10.71 24.44
2.21 -0.58 10.76 24.46
2.14 -0.55 10.78 24.88
2.19 -0.56 10.68 24.01
2.14 -0.56 10.80 23.65
2.14 -0.52 10.81 24.04
2.17 -0.53 10.79 23.65
2.20 -0.55 10.73 24.04
2.08 -0.58 10.74 23.99
2.22 -0.51 10.70 24.49
2.20 -0.71 10.77 24.44
2.10 -0.47 10.72 24.04
2.19 -0.81 10.78 24.88
2.18 -0.57 10.71 24.85
2.17 -0.79 10.83 23.96
2.18 -0.70 10.76 23.99
2.30 -0.60 10.82 24.80
2.18 -0.71 10.82 23.98
2.21 -0.50 10.75 24.40
2.23 -0.56 10.76 24.40
2.22 -0.49 10.77 23.99
2.26 -0.70 10.75 25.24
2.03 -0.49 10.79 24.44
2.28 -0.73 10.75 24.40
2.16 -0.68 10.86 23.94
2.12 -0.69 10.77 23.96
2.17 -0.63 10.74 23.96
2.17 -0.64 10.71 24.80
2.15 -0.53 10.73 28.55
2.17 -0.53 10.60 25.69
2.18 -0.51 10.72 26.48
2.20 -0.67 10.79 25.62
2.17 -0.57 10.63 26.51
2.15 -0.65 10.74 25.28
2.21 -0.54 10.69 25.28
2.20 -0.80 10.74 26.51
2.20 -0.60 10.75 26.07
2.21 -0.65 10.70 26.93
2.13 -0.57 10.79 27.32
2.24 -0.65 10.67 25.98
2.19 -0.55 10.69 25.18
2.13 -0.63 10.64 27.65
2.21 -0.66 10.77 27.70
2.21 -0.70 10.67 26.77
2.18 -0.61 10.77 26.82
2.13 -0.73 10.75 25.93
2.21 -0.68 10.66 27.22
2.25 -0.70 10.74 26.36
2.17 -0.66 10.72 25.07
2.24 -0.72 10.76 25.91
2.19 -0.72 10.70 25.97
2.25 -0.64 10.71 25.48
2.13 -0.69 10.71 24.68
2.16 -0.54 10.69 26.33
2.19 -0.69 10.72 26.72
2.17 -0.58 10.77 26.77
2.15 -0.74 10.75 25.54
2.17 -0.64 10.69 26.41
2.14 -0.90 10.70 24.70
2.17 -0.58 10.72 24.30
2.18 -0.68 10.75 24.30
2.22 -0.63 10.78 24.30
2.22 -0.71 10.66 24.30
2.21 -0.71 10.69 24.64
2.21 -0.77 10.71 24.68
2.16 -0.70 10.78 24.30
2.20 -0.68 10.71 24.70
2.22 -0.68 10.77 25.09
2.16 -0.65 10.73 24.68
2.21 -0.62 10.74 25.07
2.21 -0.71 10.78 24.68
2.25 -0.76 10.77 25.86
2.12 -0.71 10.84 25.88
2.20 -0.68 10.70 25.42
2.15 -0.75 10.80 25.47
2.15 -0.70 10.72 25.85
2.20 -0.85 10.68 25.83
2.14 -0.68 10.77 25.11
2.30 -0.62 10.67 25.50
2.25 -0.81 10.72 25.09
2.16 -0.42 10.75 25.50
2.18 -1.01 10.75 25.48
2.19 -0.74 10.73 25.97
2.22 -0.83 10.73 26.33
2.18 -0.59 10.80 25.86
2.18 -0.96 10.69 26.33
2.23 -0.50 10.72 26.72
2.03 -0.57 10.72 26.69
2.25 -0.59 10.73 23.56
2.21 -0.40 10.75 23.17
2.23 -0.68 10.76 23.62
2.02 -0.39 10.85 23.62
2.27 -0.79 10.73 26.69
1.99 -0.96 10.80 23.17
2.46 -0.53 10.70 23.17
2.02 -0.55 10.74 23.17
2.28 -0.58 10.71 23.20
2.28 -0.52 10.82 23.15
2.32 -0.74 10.66 23.20
2.09 -0.41 10.74 23.15
2.23 -0.89 10.68 23.60
2.12 -0.41 10.78 23.20
2.22 -0.60 10.72 23.20
2.18 -0.62 10.77 23.15
2.17 -0.60 10.76 23.15
2.14 -0.70 10.80 23.15
2.22 -0.63 10.76 23.15
2.25 -0.62 10.74 23.12
2.21 -0.67 10.74 23.12
2.21 -0.70 10.75 23.12
2.17 -0.47 10.74 23.12
2.29 -0.58 10.73 23.17
2.27 -0.55 10.61 23.20
2.10 -0.58 10.75 23.20
2.21 -0.65 10.69 22.81
2.24 -0.58 10.73 22.76
2.14 -0.57 10.69 23.20
2.20 -0.60 10.74 22.81
2.17 -0.69 10.70 23.20
2.17 -0.34 10.76 22.81
2.18 -0.57 10.75 22.72
2.29 -0.44 10.75 22.72
2.30 -0.34 10.75 22.72
2.31 -0.61 10.69 22.76
2.08 -0.31 10.71 22.76
2.26 -0.75 10.72 22.76
2.19 -0.48 10.78 22.76
2.34 -0.85 10.70 22.76
2.25 -0.67 10.84 22.76
2.06 -0.22 10.81 22.76
2.24 -0.54 10.71 22.78
2.18 -0.30 10.80 22.78
2.16 -0.64 10.68 22.78
2.12 -0.52 10.86 22.78
2.17 -0.28 10.69 22.76
2.14 -0.62 10.79 22.76
2.18 -0.49 10.75 22.76
2.25 -0.64 10.68 22.76
2.20 -0.53 10.77 22.76
2.16 -0.54 10.78 22.76
2.25 -0.50 10.76 22.76
2.17 -0.54 10.72 22.72
2.18 -0.51 10.81 22.72
2.16 -0.52 10.69 22.72
2.22 -0.50 10.73 22.72
2.20 -0.50 10.71 22.76
2.21 -0.56 10.79 22.76
2.15 -0.60 10.71 22.76
2.12 -0.48 10.67 22.71
2.20 -0.57 10.77 22.71
2.18 -0.48 10.75 22.76
2.14 -0.50 10.83 22.72
2.19 -0.41 10.77 22.72
2.22 -0.78 10.69 22.74
2.20 -0.31 10.74 22.72
2.22 -0.58 10.76 22.72
2.09 -0.56 10.76 22.71
2.18 -0.62 10.75 22.71
2.18 -0.51 10.81 22.71
2.22 -0.54 10.79 22.71
2.15 -0.49 10.77 22.71
2.11 -0.76 10.79 22.71
2.12 -0.43 10.81 22.71
2.20 -0.77 10.76 22.71
2.22 -0.71 10.75 22.69
2.14 -0.35 10.73 22.67
2.16 -0.67 10.67 22.67
2.21 -0.47 10.63 22.71
2.17 -0.80 10.69 22.71
2.31 -0.39 10.78 22.71
2.19 -0.48 10.72 22.71
2.20 -0.82 10.73 22.71
2.20 -0.31 10.81 22.71
2.14 -0.64 10.71 22.71
2.20 -0.50 10.69 22.69
2.13 -0.73 10.72 22.67
2.25 -0.51 10.67 22.69
2.18 -0.55 10.75 22.71
2.15 -0.34 10.69 22.76
2.15 -0.52 10.73 22.71
2.19 -0.43 10.74 22.76
2.22 -0.63 10.75 22.81
2.20 -0.49 10.73 22.76
2.15 -0.61 10.70 22.81
2.18 -0.46 10.75 22.78
2.24 -0.47 10.58 22.78
2.09 -0.51 10.78 22.72
2.23 -0.52 10.79 22.72
2.17 -0.48 10.72 22.72
2.18 -0.46 10.77 22.76
2.12 -0.69 10.69 22.76
2.21 -0.34 10.80 22.76
2.18 -0.60 10.74 22.76
2.10 -0.47 10.69 22.76
2.24 -0.60 10.78 22.76
2.23 -0.50 10.83 22.76
2.13 -0.57 10.68 22.72
2.23 -0.59 10.77 22.72
2.13 -0.40 10.76 23.12
2.21 -0.63 10.79 22.78
2.14 -0.47 10.73 23.15
2.18 -0.54 10.75 23.20
2.15 -0.43 10.67 23.15
2.12 -0.58 10.69 22.76
2.15 -0.55 10.72 23.15
2.14 -0.53 10.76 23.15
2.14 -0.47 10.86 23.15
2.12 -0.60 10.68 23.15
2.21 -0.43 10.76 23.15
2.10 -0.53 10.84 22.72
2.16 -0.39 10.83 23.12
2.18 -0.65 10.76 23.07
2.15 -0.48 10.76 23.12
2.24 -0.55 10.74 23.12
2.17 -0.50 10.73 23.60
2.17 -0.56 10.70 23.15
2.21 -0.46 10.81 23.15
2.15 -0.60 10.84 23.20
2.16 -0.41 10.66 23.60
2.14 -0.58 10.79 23.55
2.29 -0.38 10.82 27.65
2.17 -0.58 10.75 23.60
2.16 -0.56 10.74 26.77
2.19 -0.54 10.76 27.56
2.04 -0.60 10.83 26.33
2.28 -0.78 10.68 25.54
2.10 -0.32 10.76 26.41
2.44 -0.20 10.78 25.18
2.48 -0.47 10.58 23.94
2.23 -0.49 10.76 22.71
2.26 -0.54 10.75 22.76
2.25 -0.52 10.81 23.20
2.26 -0.86 10.69 24.80
2.03 -0.74 10.86 22.72
1.91 -0.44 10.62 22.33
3.29 -0.94 10.65 22.33
3.38 -0.11 10.35 22.42
3.44 -0.15 10.69 22.42
3.17 -0.85 9.96 22.36
2.68 0.58 10.30 21.92
3.31 0.48 10.75 22.31
3.73 -1.03 10.05 21.81
3.36 -1.52 9.96 21.57
2.31 0.35 11.21 21.03
-1.07 -0.24 10.59 21.33
4.78 -0.13 12.19 21.33
3.61 0.58 10.04 21.40
6.31 1.11 8.90 22.04
4.58 1.63 9.33 21.97
3.48 -0.97 10.34 22.66
0.03 -2.94 12.30 22.57
3.12 1.36 11.54 22.86
3.47 -1.53 13.44 22.76
-2.42 0.06 8.08 22.02
-2.43 -2.20 7.49 21.85
3.37 1.29 12.23 21.30
4.78 -0.51 10.07 21.92
0.34 0.69 11.00 22.17
2.59 -0.86 11.47 21.78
6.83 0.30 10.97 21.37
3.14 -2.40 11.34 21.28
0.08 -1.77 12.97 21.49
-1.85 1.26 6.81 21.63
3.32 -1.24 8.70 21.87
3.71 0.28 9.70 22.36
3.33 -1.67 7.96 24.99
4.07 -1.02 10.33 22.23
0.34 0.41 10.37 22.12
4.03 0.89 12.53 22.88
7.50 -4.33 12.18 21.69
3.05 0.91 11.78 22.02
2.34 2.11 11.88 22.36
-0.45 -6.00 9.90 22.55
0.73 -2.04 9.81 23.15
2.77 0.24 11.27 22.07
6.88 0.93 15.24 21.73
3.71 -3.41 8.29 22.14
0.61 1.01 14.61 22.23
1.24 -0.93 8.24 23.17
2.62 -1.67 15.20 23.10
0.22 -2.42 14.47 22.02
-1.58 -1.98 6.87 22.47
-0.03 0.50 7.38 22.47
8.27 -0.06 10.58 21.52
1.02 -2.09 12.81 22.00
3.27 -1.80 11.95 21.88
0.89 -3.09 11.31 21.81
1.99 0.83 8.44 22.16
3.19 -0.86 -3.32 21.57
-4.22 1.28 15.31 20.92
10.70 -10.45 5.84 22.48
-19.61 19.61 -4.59 22.83
-19.61 -0.49 19.61 22.17
19.61 -14.23 19.61 20.60
14.45 -0.37 16.31 22.09
19.61 -9.52 19.61 24.66
6.91 -12.77 -10.53 21.03
3.13 0.06 19.61 22.07
-0.12 2.70 4.79 21.81
8.26 2.99 13.14 21.73
0.44 -2.77 12.34 21.97
3.17 -1.19 10.43 22.76
-0.03 1.20 10.84 22.31
2.66 -5.08 11.26 22.07
4.26 0.33 11.70 21.23
12.22 -6.31 0.34 22.36
6.96 1.31 9.17 22.38
4.15 -0.72 8.77 21.88
6.99 7.49 12.85 21.23
5.47 -8.09 8.35 22.07
-4.16 4.55 19.61 22.31
-19.61 17.64 19.61 21.03
19.61 19.61 -19.61 20.49
-2.53 -19.61 19.61 22.07
19.61 -1.69 -15.99 22.47
-19.61 -19.61 19.61 22.62
10.99 -15.14 19.61 21.08
-0.28 11.23 -10.66 21.15
19.61 -19.61 13.18 21.64
3.66 5.49 11.53 22.43
-1.85 -3.33 12.86 22.88
2.41 -2.64 12.86 21.92
4.06 -5.11 11.56 22.02
7.30 -3.42 13.24 22.26
2.43 -4.42 9.69 21.85
5.12 1.49 9.46 22.09
7.27 -2.78 15.29 21.92
19.61 -3.23 19.61 21.37
-1.28 2.43 11.14 21.47
-0.30 0.69 13.59 21.78
0.96 1.04 13.23 21.68
-2.33 -2.80 10.46 23.17
10.92 -3.21 13.78 22.86
-0.99 -2.49 10.62 21.18
-0.86 2.56 8.70 22.02
1.23 3.22 10.38 22.36
19.61 -8.06 -5.37 22.31
19.61 -19.61 19.61 22.17
-10.71 15.05 5.48 22.17
19.61 -2.09 -1.30 21.78
1.88 -0.60 19.61 21.75
0.70 -4.16 5.50 22.17
4.68 -5.76 9.68 22.57
6.03 -4.30 12.73 22.36
-2.19 -2.27 9.21 22.83
2.31 -0.14 9.44 21.69
-0.05 -1.49 9.02 22.07
-0.10 -4.77 11.86 22.12
4.16 5.38 0.37 23.70
13.44 -0.85 12.99 21.87
0.71 -2.52 8.85 21.88
1.98 -1.63 5.68 22.57
6.82 -5.23 9.53 21.49
-3.35 -0.48 16.86 22.24
6.35 -1.73 9.31 22.17
-0.96 -2.55 9.19 21.81
6.32 -4.32 19.61 22.12
3.09 1.65 7.28 21.81
1.54 1.47 10.41 22.26
3.72 1.16 11.73 22.19
0.03 2.72 9.01 23.03
0.37 0.53 8.98 21.57
1.64 -3.69 8.04 25.07
-1.89 -0.29 6.46 22.96
-1.03 -0.21 13.97 22.38
1.82 -2.94 11.74 22.72
5.26 -2.16 13.99 26.63
1.84 -1.03 12.84 21.99
7.43 -3.39 14.03 22.67
-2.54 -0.34 8.00 22.24
3.72 -0.98 11.42 21.81
19.61 -11.77 -14.88 22.12
-16.57 -5.08 0.19 22.31
-5.69 9.36 8.12 22.19
6.92 2.01 10.91 21.99
6.02 -6.88 5.64 21.92
9.85 2.45 19.61 22.07
1.00 -0.57 9.49 22.21
5.13 -5.21 14.03 23.10
-3.39 -0.38 8.68 23.36
4.66 -0.24 11.66 22.47
1.89 -8.89 19.61 21.75
-4.09 0.51 12.54 23.46
-2.01 0.98 7.53 23.26
5.26 13.30 11.22 21.47
3.71 -9.51 8.70 21.73
5.36 -1.56 13.01 22.04
8.78 -0.28 19.61 21.09
0.36 -2.05 16.36 22.11
3.79 -2.89 12.52 22.26
-0.53 0.52 3.85 21.97
-4.74 -1.49 9.61 22.42
-5.43 -0.43 19.61 21.13
-4.84 -8.22 5.51 22.78
1.85 -2.35 10.24 22.33
10.31 3.39 18.37 24.06
5.93 -1.55 12.46 22.59
-5.40 -5.86 9.11 22.21
1.35 5.04 9.97 20.97
4.31 -6.67 8.76 23.15
0.63 -0.18 8.31 23.31
7.64 -0.80 8.22 22.98
5.75 1.99 16.05 22.35
1.35 1.92 8.71 22.07
3.72 -1.52 11.89 22.07
3.20 -0.70 7.86 22.96
2.65 -1.13 6.12 22.17
2.63 -3.21 12.16 21.47
2.72 0.02 3.72 22.62
2.64 1.30 7.97 22.24
3.50 -3.79 15.26 21.85
1.54 -2.42 10.29 21.13
-0.93 0.85 12.48 23.10
7.13 -4.10 4.29 22.60
8.02 0.40 2.98 23.50
-3.92 -5.32 10.12 22.07
9.49 0.27 17.32 50.76
0.13 2.44 14.05 23.84
3.98 -2.72 6.15 21.76
2.33 -2.94 9.14 22.31
-0.45 -3.27 9.75 23.10
-15.20 5.70 1.00 21.47
-14.20 5.77 19.61 23.46
-5.79 -4.05 12.80 23.07
16.46 1.12 12.68 22.93
3.50 8.94 14.57 22.72
3.43 -5.49 13.82 23.51
2.33 -3.20 4.37 24.54
-0.95 3.96 7.23 21.52
2.12 2.10 12.90 23.26
-1.73 -1.40 8.53 22.57
4.18 -0.86 8.26 22.07
-4.30 -1.20 10.06 21.97
8.09 -3.68 6.81 22.23
0.71 -2.35 11.14 21.59
5.02 -2.14 12.45 22.48
-2.03 1.88 8.46 22.66
-1.17 -3.66 11.87 22.07
2.25 -1.05 19.61 23.84
5.90 1.92 1.53 21.81
-14.86 -3.08 -12.80 21.63
13.76 -8.22 19.58 22.62
10.30 -2.05 9.89 22.76
2.23 0.41 7.13 21.88
-1.73 -1.57 11.47 21.59
2.25 -1.29 8.67 21.81
0.22 -3.49 13.91 21.42
4.92 -2.29 12.20 22.26
0.85 -1.12 8.19 22.71
4.63 -5.11 11.73 22.96
-0.16 1.85 10.14 21.81
2.13 -1.18 8.44 22.28
-5.72 -5.81 14.83 22.33
1.75 2.73 8.87 22.36
6.30 0.23 15.41 22.36
0.31 -3.98 12.78 21.81
0.36 0.29 11.43 22.17
5.32 -0.16 12.15 22.31
1.29 0.92 9.90 21.73
3.41 2.42 13.39 21.75
1.43 -1.85 10.60 22.26
7.36 -5.00 11.56 22.07
3.19 -1.73 9.92 21.87
5.36 -0.14 6.63 21.97
2.56 -5.51 11.49 21.81
7.87 -1.18 11.21 22.23
3.34 0.86 11.20 22.88
0.92 -1.47 10.37 21.83
2.41 -6.63 16.53 22.26
2.56 0.81 13.17 22.71
3.37 -1.73 12.91 21.92
2.06 -1.81 15.43 22.17
-3.65 -1.50 4.40 21.97
8.73 -3.13 17.70 22.07
-1.34 1.07 11.36 22.23
1.70 -2.24 9.06 21.52
-3.42 -1.79 10.69 22.12
5.27 0.40 10.33 21.68
6.33 -5.73 11.46 21.87
-3.92 -9.66 2.66 21.87
7.67 0.11 15.58 21.63
2.55 -0.78 12.39 22.09
12.37 -0.91 10.95 21.68
9.02 3.71 5.26 21.42
8.94 -1.07 16.31 21.97
9.29 -2.44 7.88 21.59
2.54 3.00 3.95 21.44
1.68 -3.32 11.17 22.26
-0.18 -1.91 10.11 21.63
2.21 -1.09 10.24 21.73
3.11 -0.82 11.93 21.97
0.12 1.29 12.40 21.81
0.46 -5.16 9.97 21.78
12.45 4.41 3.16 22.28
-5.11 -7.13 15.62 21.28
-2.06 -1.36 10.18 21.23
-1.87 -2.06 14.31 22.66
-0.36 -3.80 12.01 21.78
-0.53 -2.28 10.75 21.73
-6.22 -0.20 13.37 21.63
1.55 0.68 12.45 21.54
-2.89 -2.87 6.75 22.31
-0.23 -2.32 10.93 22.17
7.33 -1.21 15.23 22.36
17.66 -10.15 19.61 21.63
-19.61 0.40 19.61 26.36
-4.56 5.18 -6.00 21.73
1.13 7.04 3.76 20.96
0.74 -1.53 8.54 22.09
-4.05 6.68 10.94 22.55
-8.32 -5.71 2.29 22.47
1.34 -2.49 15.71 22.26
-2.17 0.50 12.16 22.12
5.62 -4.15 13.96 21.76
-2.79 5.77 7.47 22.52
-0.40 -3.93 10.02 21.93
8.39 5.71 3.66 21.54
-9.37 -8.78 18.80 22.42
-0.05 1.92 6.58 21.78
0.79 1.34 14.58 22.07
-2.60 -0.79 11.53 21.81
14.39 -5.26 8.68 22.02
-7.00 -6.56 7.06 21.75
3.17 -0.04 12.88 21.57
1.04 2.69 19.61 21.66
-3.26 0.35 14.73 22.02
4.63 -4.10 19.61 21.37
-1.96 6.62 16.43 21.23
0.90 -3.32 14.48 21.83
0.00 -2.07 19.03 21.40
19.61 10.22 15.27 21.42
12.09 -6.77 11.55 21.81
-5.02 -0.83 7.13 22.07
-7.00 -3.04 9.49 22.07
0.18 -1.11 13.44 21.92
-3.94 0.35 7.90 21.83
1.33 -6.07 11.74 21.40
-0.51 -1.24 8.45 21.47
2.41 -1.71 7.87 21.63
-3.45 -0.50 10.13 21.78
-1.08 -3.95 10.61 21.68
11.74 -2.71 11.31 21.73
-0.22 -1.15 7.87 22.48
2.01 -0.22 7.42 21.18
3.63 -3.30 13.09 21.68
0.38 -3.84 10.32 21.68
3.04 -1.01 6.54 21.97
3.70 1.25 13.12 22.91
0.08 2.75 4.15 22.33
1.00 -3.55 6.57 21.93
0.10 0.08 10.38 21.52
2.78 -0.61 11.04 21.76
-1.64 -3.28 11.53 21.87
5.30 -0.98 7.42 22.16
7.37 1.70 7.40 22.67
1.12 1.81 8.59 21.93
-1.31 -1.10 19.61 20.92
2.26 -2.53 12.97 21.47
4.46 -1.37 13.77 22.60
-0.34 -2.94 15.14 22.86
-0.83 -2.06 11.48 21.47
4.48 -0.66 10.70 21.73
8.25 -3.59 6.97 21.75
2.69 -2.54 11.54 22.23
-1.27 -2.47 6.16 22.23
1.28 0.83 8.43 22.60
4.25 5.86 6.84 21.52
-2.13 0.53 13.84 22.31
-2.98 2.23 13.22 22.07
1.88 2.57 8.38 22.29
0.41 -0.54 11.05 22.29
4.46 -0.71 14.11 21.63
-0.33 -2.24 14.16 21.71
0.33 -2.85 15.13 21.47
2.18 -0.28 8.91 21.47
4.51 3.29 14.44 21.47
1.02 -3.95 9.59 21.69
2.10 -1.03 15.33 22.26
10.33 -2.04 1.74 22.50
1.92 -5.61 12.45 22.12
0.80 0.66 11.99 21.73
-1.33 -0.86 15.13 21.92
6.97 -2.38 11.40 21.57
-7.89 2.33 5.20 20.25
-6.02 19.61 -19.61 21.03
-17.43 -19.61 -13.77 23.68
19.61 1.75 19.61 24.80
-11.63 7.95 13.00 22.02
3.82 0.21 -1.97 20.89
-4.21 -7.27 -2.06 21.97
8.91 -10.24 11.80 22.91
-2.02 0.37 15.55 21.52
-0.06 1.15 10.92 23.80
-0.59 -2.36 10.95 21.81
-1.32 -3.89 12.00 21.99
-2.55 -1.58 19.28 21.35
-1.80 17.19 -18.81 21.78
17.32 -15.84 14.57 20.58
-13.74 8.96 18.65 20.79
7.23 -4.12 9.14 20.79
-4.87 -1.38 7.37 21.23
4.38 0.50 13.08 22.29
5.50 -1.79 13.00 22.17
1.21 2.79 7.86 21.64
1.15 -3.43 11.91 22.36
1.12 2.17 7.29 22.47
15.29 -7.45 -0.41 21.92
9.46 -0.18 16.51 22.02
-0.22 -5.28 12.61 23.00
18.30 19.55 -3.58 22.31
4.35 -10.05 8.50 22.60
1.07 -0.16 6.99 20.75
-2.61 -5.83 6.07 21.87
4.39 0.05 14.87 21.63
-2.33 -4.17 6.83 21.33
1.35 0.06 9.56 21.87
2.72 3.23 14.38 21.08
0.17 -1.39 13.00 21.54
0.37 -0.84 11.39 21.78
-6.77 0.40 -1.62 21.28
-1.64 4.90 8.21 22.71
3.88 -1.83 10.88 21.73
0.88 1.93 9.27 21.99
1.62 -1.44 10.01 21.45
-1.43 -0.25 9.48 22.57
-0.07 -0.09 10.82 22.81
0.99 -1.03 11.44 22.12
4.54 -0.22 11.16 21.47
5.30 -2.03 10.51 21.52
5.09 -1.44 10.48 21.80
1.89 -1.13 10.42 22.23
3.11 -0.13 10.50 21.47
4.49 0.57 10.76 24.34
1.86 -1.37 9.49 21.92
-0.20 -0.35 11.37 22.02
4.27 -0.83 11.28 22.17
-3.05 -0.59 13.54 22.14
-0.74 2.14 6.54 21.69
3.27 -1.57 7.61 22.12
1.04 5.81 19.61 22.42
-10.57 -14.37 16.06 23.79
1.78 -0.18 8.26 21.73
-1.23 -0.69 8.68 23.07
-3.12 -2.96 8.89 22.07
11.09 -1.31 15.29 22.31
0.17 -0.96 9.14 21.99
-3.72 0.36 10.41 21.49
2.01 0.81 8.92 22.02
-2.01 -0.84 14.34 22.17
2.88 2.34 12.60 22.52
0.79 0.28 10.39 21.57
7.20 0.45 16.91 22.07
1.85 2.09 9.95 22.04
0.09 -1.45 10.85 22.02
2.82 -2.32 11.57 21.68
-1.09 -0.69 15.30 22.52
-5.28 -3.28 6.36 22.81
12.46 0.82 12.45 22.60
0.52 0.51 6.73 22.42
8.08 -1.58 10.89 23.65
-12.67 -1.41 2.49 22.33
9.56 -0.93 10.69 22.28
5.09 -2.66 18.30 22.26
-4.44 -0.72 1.33 21.52
5.95 -7.03 2.16 23.75
13.03 -8.38 10.80 23.10
1.39 -2.04 14.19 23.36
-5.84 11.75 19.61 21.87
6.41 -8.06 19.61 23.39
1.45 -0.35 2.23 23.50
7.65 -5.34 8.26 22.67
4.63 -2.04 18.60 21.20
-0.91 -3.42 4.27 21.87
3.74 -4.32 11.61 22.07
0.83 -2.95 10.81 21.68
1.45 -5.63 14.87 22.42
1.42 -3.39 7.21 21.97
-0.77 4.37 8.52 23.07
3.39 -2.58 12.04 22.78
1.55 -0.29 9.83 22.23
3.24 -1.42 11.06 22.02
-2.24 -2.31 14.60 22.55
2.83 -0.93 12.04 21.81
0.42 -4.25 12.45 21.71
3.16 0.63 11.73 22.12
4.68 -0.75 18.26 23.36
-1.27 -0.24 12.76 24.15
2.79 1.62 11.92 23.39
18.20 -0.14 16.29 22.36
-2.48 -0.64 3.33 22.43
-1.17 -1.94 11.94 22.93
11.80 -3.90 14.24 23.70
0.74 -3.85 10.05 22.17
-1.50 -1.83 6.33 22.17
0.55 -0.62 9.42 22.47
4.14 -0.96 8.41 22.31
1.64 -1.50 11.52 21.97
2.40 -1.80 10.30 22.38
-0.15 -3.22 8.45 22.43
4.91 -1.60 12.97 23.31
0.84 0.95 13.23 23.02
3.63 -0.56 12.12 22.55
-2.10 1.04 10.81 23.26
0.57 -2.16 10.82 23.31
-2.94 0.51 12.74 23.26
-1.49 2.69 10.85 22.11
3.38 -1.87 9.57 22.12
1.49 0.40 12.33 22.52
0.10 0.29 12.36 22.54
1.31 -1.71 9.66 22.83
1.34 -5.83 9.86 21.97
0.63 -4.65 10.91 22.21
-1.91 -2.52 10.98 22.31
3.78 -0.93 9.05 21.92
3.13 -1.86 13.86 21.92
-1.03 -1.39 9.86 22.17
2.67 1.41 10.71 24.59
-1.05 2.08 9.87 22.14
1.82 1.13 10.10 22.33
0.17 -2.95 12.90 22.02
2.00 -1.80 10.54 21.97
-3.76 2.35 2.18 21.23
16.16 -17.93 2.81 21.18
15.50 -4.89 -4.65 21.80
-1.38 -2.53 5.58 22.04
-1.32 1.19 8.94 22.91
4.38 0.24 13.08 22.36
-1.32 -0.89 11.67 21.78
1.47 -0.14 10.82 21.68
2.29 -2.42 11.91 21.92
