2.02 0.64 10.64 22.02
2.03 -0.03 10.88 22.02
1.94 0.31 10.77 22.02
2.09 -0.00 10.87 22.02
2.01 0.11 10.84 21.99
1.97 0.23 10.83 22.04
1.77 0.24 10.94 22.07
2.13 0.24 10.81 22.07
2.01 0.06 10.92 22.07
1.94 0.18 10.87 22.04
2.01 0.28 10.90 22.04
1.84 0.06 10.86 22.07
2.02 0.39 10.84 22.07
2.05 -0.10 10.84 22.02
2.02 0.43 10.71 21.99
2.04 0.17 10.71 21.99
2.00 -0.19 10.53 22.02
2.60 -0.03 10.76 22.02
2.06 0.23 10.80 22.02
2.44 0.00 10.75 21.99
2.67 -0.85 10.75 22.02
2.43 0.79 10.82 22.47
2.25 1.00 10.60 22.47
2.89 1.74 10.84 21.47
3.19 1.34 10.64 21.88
3.38 1.72 11.80 23.02
2.30 1.04 10.68 21.93
5.08 -0.07 10.73 22.28
3.68 -2.27 13.04 22.36
-0.90 0.67 8.46 22.31
2.72 -2.26 10.52 21.78
1.31 -1.75 10.18 21.30
1.90 2.76 11.41 21.42
0.98 3.44 11.20 21.87
-1.13 0.64 9.50 22.26
4.55 -2.49 10.43 23.36
-1.00 -1.42 9.24 22.86
2.51 -1.91 11.15 22.72
3.88 -0.35 10.65 23.07
1.45 -1.50 11.30 22.43
5.25 -2.24 11.71 21.73
3.68 -0.14 10.61 22.23
3.66 -1.38 9.98 22.67
11.98 -2.75 15.56 21.68
3.29 0.13 10.83 21.35
2.97 -3.17 15.36 23.07
4.90 0.47 8.73 21.92
5.96 -2.93 10.52 22.86
4.52 -0.89 10.24 21.68
5.35 -0.20 11.54 21.45
2.62 -5.70 13.62 21.49
0.17 -3.71 13.26 21.52
-0.28 -0.78 12.52 22.07
1.75 -0.91 8.95 21.81
-8.22 0.54 2.85 21.40
4.97 0.14 12.35 21.87
1.63 -4.99 10.61 21.97
4.15 -3.68 15.80 22.52
2.33 1.47 11.33 23.26
4.70 -5.83 4.92 24.06
-4.78 -1.23 6.34 22.14
-4.65 10.85 4.47 21.81
-1.75 3.90 1.64 21.57
5.83 8.34 5.45 21.87
-3.09 2.79 12.40 21.85
-0.84 -1.39 11.19 21.08
-2.17 0.54 10.53 20.73
-0.87 -0.02 1.82 21.47
18.11 -9.32 19.61 23.15
-2.84 -4.76 9.29 22.43
3.09 -5.48 16.90 21.87
12.49 -5.84 10.36 21.87
0.06 -7.92 5.89 22.17
-8.21 -7.83 -5.51 22.02
-6.15 -1.46 11.65 21.97
-7.77 6.34 8.39 22.48
1.22 -4.58 -4.00 22.24
9.31 -8.31 16.31 21.83
-1.97 -0.68 0.19 21.92
7.58 12.18 16.00 21.42
1.75 -4.06 9.59 21.83
-14.19 0.00 -0.54 22.29
17.59 -4.36 9.67 21.81
0.12 -1.66 13.08 21.81
16.63 -8.35 10.34 22.12
6.41 3.91 2.25 22.38
6.91 0.50 10.89 21.75
0.50 1.57 6.29 21.08
1.78 3.98 16.36 24.28
18.34 -8.72 19.61 20.68
4.01 -6.97 11.68 21.23
-1.84 -2.16 11.15 23.48
-3.75 -6.78 7.49 23.56
3.66 -2.67 8.43 21.73
-0.56 -1.43 9.50 21.73
-7.34 4.35 -0.09 21.42
-3.09 3.53 2.66 22.04
-1.07 0.11 7.31 22.78
0.64 -4.50 10.77 22.42
0.40 -7.02 9.77 21.39
9.69 3.85 16.31 21.88
0.52 -4.70 10.00 23.72
4.86 -4.30 1.72 23.51
0.99 0.32 6.28 22.12
-8.45 -4.88 13.52 21.42
-5.91 6.80 8.82 22.02
9.42 -19.61 11.12 22.29
-9.81 1.64 2.43 21.30
2.20 2.36 10.27 22.29
15.56 -1.19 4.73 21.97
-9.64 -4.09 -5.17 22.07
6.07 -1.15 12.00 22.42
1.39 2.39 19.61 23.20
-2.63 6.89 11.63 23.77
7.73 -7.98 19.22 22.33
-2.03 -1.50 3.56 21.87
-0.59 -2.00 8.97 21.13
-19.61 6.17 -4.80 22.81
0.41 1.83 13.35 22.19
9.71 1.16 19.61 21.95
-9.87 -10.94 13.92 22.72
1.26 2.86 11.47 24.16
19.61 -13.14 9.93 21.92
12.98 -3.82 10.91 23.05
8.05 -1.33 19.61 21.04
2.41 -1.29 8.42 21.97
3.89 -1.14 19.61 22.33
-19.61 -1.81 1.24 22.83
-2.88 5.56 16.61 21.73
8.75 -0.50 5.79 21.92
18.84 -5.83 11.31 21.52
-2.47 0.91 14.83 22.07
2.28 -2.36 7.68 22.19
-15.58 8.07 -10.01 21.83
-8.95 -0.42 13.56 22.07
3.44 5.68 14.95 21.28
-2.85 -12.72 0.98 22.52
10.01 0.68 6.93 21.85
-2.82 1.16 7.02 22.29
-0.40 -1.55 14.94 22.78
-3.76 -1.27 0.93 22.57
-0.55 1.31 15.14 21.78
-1.88 4.40 9.64 21.87
11.30 -1.22 17.30 22.17
9.69 3.40 11.36 21.33
0.50 -7.13 -17.94 22.28
-5.68 2.66 9.98 21.63
2.25 0.20 11.25 22.42
3.30 -6.76 19.61 21.73
4.42 -0.42 -0.11 22.02
-2.43 0.64 7.19 21.59
-2.60 8.55 16.49 22.76
-0.65 2.51 -1.10 23.91
6.69 -5.52 2.32 21.57
-0.99 13.18 17.27 22.52
3.04 2.90 19.61 22.12
-4.31 0.44 10.55 22.17
-1.89 1.10 19.61 22.79
-9.05 -7.24 -16.49 22.64
-16.28 11.21 19.61 22.43
-6.34 -0.83 -19.61 21.42
-16.19 5.98 16.46 22.23
6.81 -6.09 3.53 22.02
2.21 -3.55 7.85 23.72
4.20 6.67 3.14 22.38
19.61 -15.57 16.95 21.28
-6.03 3.30 18.19 21.33
1.68 -2.51 15.53 21.87
-4.07 0.93 2.47 21.87
-2.25 -5.13 3.46 21.93
9.81 -4.34 7.23 22.48
6.66 -1.36 9.78 23.41
3.78 -4.93 18.36 21.87
-4.76 3.05 10.49 21.63
-10.56 -8.67 14.55 21.63
-19.61 3.52 0.01 22.62
1.62 3.75 13.88 23.72
5.68 -8.54 1.65 22.00
-1.82 -2.28 -2.97 21.52
-2.02 0.49 19.61 21.87
-3.89 4.40 13.39 22.96
1.21 -0.17 8.02 21.64
-1.49 -0.65 16.53 21.68
3.07 0.30 19.61 21.87
19.61 -17.36 -12.56 22.57
19.61 -4.71 12.32 22.52
-8.00 9.05 10.62 21.97
19.61 -19.61 12.58 21.59
-19.61 -8.46 -7.40 21.97
-11.53 0.51 19.61 21.85
15.70 -10.53 19.61 22.59
-10.22 -3.24 3.84 22.83
18.32 2.66 19.61 22.24
-14.03 -7.02 14.90 21.47
-5.62 -0.50 0.31 21.13
5.76 1.23 9.17 21.52
-6.25 -12.09 4.83 21.85
-8.75 -3.49 8.52 21.08
-0.48 -10.18 17.41 22.76
3.85 6.11 10.72 22.17
9.86 -8.61 8.51 21.97
-6.76 -4.40 8.83 22.24
6.38 -1.67 6.38 22.04
6.54 -2.46 14.54 23.70
1.78 -0.76 13.88 22.23
1.46 7.17 19.61 21.44
18.78 -15.42 -12.85 21.87
8.29 0.81 10.71 22.86
-19.50 19.61 19.61 23.15
-1.44 -3.00 6.05 22.43
10.46 -3.46 3.56 22.47
-9.00 14.24 7.06 21.33
2.08 -6.20 7.90 22.12
8.00 -1.79 13.55 23.26
-0.99 4.33 0.35 23.48
-2.06 3.84 14.30 22.04
5.30 5.50 -3.76 21.39
11.86 -2.88 19.50 21.83
1.21 0.18 19.61 21.57
16.69 -4.76 5.77 21.97
7.99 -3.92 16.98 22.14
-0.17 -3.14 13.85 22.24
3.38 4.30 14.74 21.63
10.06 2.74 5.96 22.42
1.35 -8.59 5.16 22.36
-4.43 4.42 13.46 22.84
19.61 -5.55 19.61 22.04
0.43 -10.67 5.70 21.80
14.95 4.18 9.30 21.39
5.59 -5.99 11.20 23.02
5.04 -5.76 6.68 21.97
6.22 2.11 13.23 21.01
2.66 1.92 14.20 21.68
1.64 1.89 14.28 21.97
6.66 -1.19 11.45 22.76
-1.97 -4.17 10.73 22.36
-2.17 -2.30 11.90 21.20
-1.33 -0.59 7.06 21.68
6.71 1.70 8.05 21.97
1.64 0.76 10.05 21.83
3.18 -1.52 8.74 21.85
3.79 0.34 10.66 21.47
3.08 -4.07 9.59 21.47
1.10 -5.26 10.68 22.07
5.46 2.18 6.60 21.83
-1.54 -2.60 8.69 21.75
3.73 1.33 10.63 21.83
1.05 -1.74 8.68 21.78
-3.52 -0.97 8.78 21.63
2.58 -1.64 11.11 22.14
2.92 2.49 12.42 22.35
1.54 -3.46 9.06 21.73
3.03 2.94 12.03 21.52
1.05 -0.54 6.85 21.47
7.12 -1.40 9.64 20.96
-14.65 19.61 19.61 21.90
5.50 7.60 7.32 23.51
5.57 4.60 8.27 21.42
9.01 2.58 8.50 21.83
-14.37 -0.91 -8.43 21.93
0.53 7.24 7.86 22.67
-1.47 -5.57 8.16 21.18
-3.40 -1.46 16.22 22.17
16.41 -3.32 9.33 25.30
1.52 -1.05 2.60 22.43
-7.93 1.91 19.61 23.27
-3.04 -5.65 17.30 22.67
8.58 -1.26 8.61 23.80
14.58 -7.31 16.03 23.36
1.19 -3.80 6.60 24.64
2.09 -2.42 19.61 22.54
7.48 -0.53 14.16 23.77
-11.46 4.02 7.91 22.17
6.23 -10.71 -2.37 22.31
-0.78 0.84 18.12 22.67
-0.05 -0.39 8.27 21.64
-0.28 0.20 5.44 21.97
3.13 -0.96 10.15 22.57
2.52 -6.76 19.61 22.26
-2.33 4.21 5.77 23.07
2.85 -0.37 -1.69 22.09
1.03 -10.02 19.61 22.12
5.64 -5.13 4.57 21.52
9.12 -2.73 9.73 21.49
-0.86 -2.39 3.55 22.19
3.06 -2.75 15.65 22.17
4.23 3.62 11.38 22.07
0.75 -0.68 16.37 22.26
4.13 0.79 7.15 21.93
6.18 0.20 8.44 22.07
2.84 -0.89 19.61 23.46
5.49 -0.98 14.98 21.49
3.30 -0.39 7.31 20.99
9.17 -3.50 14.05 21.18
-5.43 1.71 19.61 23.12
7.75 -2.21 19.61 23.20
-2.20 -4.79 16.64 22.62
0.83 -2.60 6.76 21.99
-4.41 4.42 12.65 21.20
-2.93 -3.06 9.74 22.33
13.31 0.33 10.49 22.52
1.96 1.69 12.09 22.02
-1.29 2.99 12.47 21.39
8.65 -1.11 6.98 21.92
2.12 -1.79 5.44 22.36
2.11 -2.57 11.67 21.73
5.56 -2.19 11.60 21.87
5.30 -3.60 9.77 22.23
-2.37 -0.76 11.84 21.59
2.14 0.17 6.17 21.87
1.10 -2.45 10.77 21.88
-1.25 1.06 9.98 21.87
-4.58 2.38 7.35 21.80
0.23 -2.30 5.77 22.42
2.93 -0.44 7.64 22.57
-3.43 1.22 6.74 22.12
-1.77 -3.88 11.60 22.02
6.14 0.06 9.27 22.04
2.74 -4.96 13.68 21.97
-2.78 -1.57 8.99 21.99
-1.47 -0.43 11.76 21.57
6.05 -5.38 7.96 22.33
4.28 3.60 10.54 22.54
-1.62 -7.55 13.52 21.73
-1.33 -1.85 10.86 21.52
5.51 0.23 7.69 21.73
10.43 3.56 2.29 21.59
0.01 1.21 1.53 21.78
0.18 -3.63 13.63 21.68
1.75 3.69 14.66 21.92
-5.68 -5.56 6.54 21.11
3.46 0.53 8.80 21.68
-6.38 1.89 11.49 22.23
1.58 -6.30 9.60 21.52
4.87 -1.92 4.93 21.69
7.47 -3.24 7.07 21.44
7.75 -4.78 12.34 21.73
-7.17 -0.03 12.08 22.28
-8.39 15.62 15.79 21.68
13.37 -12.78 19.61 21.52
13.92 -6.06 -0.92 21.97
-19.61 -5.80 17.55 22.90
1.71 -11.02 13.55 22.33
-4.31 -0.96 -0.20 20.49
-0.06 -0.14 2.32 23.12
10.32 -3.70 3.90 23.86
-1.70 0.85 19.61 21.90
-2.70 2.43 -5.82 23.62
18.91 -5.49 19.61 22.14
-2.68 -4.78 15.82 21.63
-1.02 -0.34 5.16 22.02
-19.61 13.45 -1.90 21.81
4.43 4.98 13.51 22.38
1.21 -0.51 9.02 21.39
7.73 -4.65 14.10 21.88
2.77 1.72 12.74 21.78
5.14 0.46 12.09 21.35
1.53 0.57 13.05 22.33
2.53 -1.95 7.49 21.33
-9.63 -4.41 7.80 21.28
1.78 2.43 8.03 22.11
12.81 -4.89 19.61 22.04
-1.00 -1.01 2.92 21.83
-4.53 1.35 2.82 22.47
-2.82 0.19 7.40 21.97
-4.30 -2.72 5.63 21.57
-0.58 4.37 9.10 22.33
1.32 1.47 6.56 22.12
2.86 -3.18 10.19 21.08
13.59 -4.17 7.59 22.36
-2.92 -6.91 8.10 22.29
0.82 8.85 15.22 21.45
2.24 -1.78 12.99 22.31
2.67 -2.80 11.43 21.57
4.43 0.79 14.49 21.57
-6.27 -3.15 9.79 21.87
3.82 -4.68 8.95 21.90
4.91 -1.31 14.59 21.44
-2.48 -1.67 10.14 21.78
5.05 -0.58 10.57 22.23
5.27 -2.40 14.38 21.35
2.71 -3.24 13.42 21.78
-5.88 -1.21 9.45 22.86
10.69 1.57 9.86 22.86
9.27 -14.94 0.26 19.11
8.20 1.88 19.61 23.87
0.35 -2.95 8.96 23.22
-7.67 -5.47 2.64 22.52
13.10 0.27 19.61 22.42
8.70 -3.60 11.10 20.94
-4.53 -4.31 7.45 22.04
5.13 2.04 12.10 22.24
4.42 -4.95 10.17 21.18
7.18 -1.40 8.90 22.28
7.80 -1.04 9.71 21.68
6.01 -2.26 9.90 21.44
1.46 3.00 8.62 22.24
3.94 -1.18 17.70 21.64
-19.61 0.60 16.85 21.68
10.33 -19.61 2.26 21.92
-6.08 -0.27 4.00 23.17
-7.87 13.99 12.20 24.39
-6.66 -8.45 10.52 21.90
-7.21 2.48 6.90 21.45
7.80 7.93 18.71 21.97
0.88 -3.26 8.26 21.88
2.95 0.67 10.23 21.78
1.20 1.91 8.28 21.85
5.16 -3.38 12.71 22.31
0.89 0.07 11.02 21.83
4.74 -2.49 9.90 21.78
19.61 -3.57 10.71 22.52
7.10 -7.43 11.39 22.72
-1.88 -0.12 7.79 21.59
6.33 -1.86 3.56 21.81
-0.10 1.11 10.87 21.33
1.66 -2.83 9.38 21.78
-0.11 0.73 11.62 22.19
-7.08 1.59 2.53 21.63
19.61 -8.04 -1.04 21.73
-4.87 0.16 5.93 22.02
-4.81 -6.80 7.13 21.47
2.32 1.61 12.17 21.64
2.80 2.89 12.83 21.87
2.95 -0.45 11.08 21.68
5.48 1.80 11.59 21.78
-1.35 -7.48 18.47 21.99
1.89 0.88 9.41 22.17
4.82 -0.57 10.36 21.68
4.52 -1.67 13.84 21.83
-0.44 0.59 9.99 21.81
-0.52 -2.16 10.67 21.64
1.10 0.92 11.31 21.78
-0.02 -2.37 11.38 21.81
-1.33 -0.09 12.21 21.87
0.56 -1.07 10.44 21.75
6.32 -2.79 8.79 21.80
-0.54 -0.84 9.12 21.92
3.08 -0.84 10.17 21.47
1.62 -0.29 11.45 21.73
-0.06 -0.69 12.04 21.49
0.48 -1.26 12.58 21.87
3.38 -0.92 14.93 22.02
-2.92 -3.12 15.81 21.63
6.24 -0.14 7.95 21.80
1.86 -1.57 3.02 21.99
-5.09 7.85 8.77 21.78
-2.36 -3.75 9.21 21.52
12.33 -2.94 9.52 21.64
1.83 1.92 10.34 21.90
1.83 -2.37 10.03 21.68
3.25 -3.55 12.76 21.87
2.98 0.36 9.66 21.78
0.97 -1.98 10.68 21.87
2.48 -2.16 8.21 22.43
1.18 0.15 6.08 21.63
-4.02 -6.55 2.74 21.09
13.94 -1.12 11.81 21.69
6.94 0.37 12.74 22.09
7.90 4.80 4.51 22.86
-0.81 -5.21 14.81 22.91
1.67 -1.43 11.79 21.13
2.51 -1.47 10.72 20.94
-1.19 1.01 15.12 21.15
2.97 -5.59 4.00 22.91
5.15 -3.66 19.61 22.81
8.44 4.35 2.89 22.28
9.23 1.00 6.83 20.56
1.28 -5.12 9.79 21.42
9.13 2.35 -5.41 22.91
-19.61 19.61 16.10 20.29
4.18 -19.61 19.61 25.78
13.67 13.13 -3.15 24.83
16.69 -14.80 -18.79 19.86
2.28 3.55 2.13 20.94
-10.99 7.14 11.60 21.93
-6.55 -7.35 8.53 21.68
1.22 1.02 10.31 21.39
-2.83 -2.85 8.79 22.23
5.58 -4.08 10.15 22.67
-1.95 0.23 11.47 21.99
-0.45 -2.16 10.59 21.88
4.65 -4.29 10.62 22.17
1.43 -2.23 13.25 23.36
0.88 14.82 6.17 22.02
4.17 9.81 5.32 21.52
1.32 1.10 12.21 21.30
-3.32 1.79 7.59 20.44
3.55 2.18 4.30 23.15
-0.99 -4.12 19.61 23.36
0.14 -1.16 12.84 21.25
-4.12 0.59 15.94 22.43
-0.40 0.69 0.44 22.31
0.81 -4.23 19.61 20.34
2.93 -0.79 2.82 19.83
1.24 -7.68 15.84 22.76
1.69 7.47 10.13 23.36
-10.86 -5.45 2.35 21.68
11.55 -3.99 14.33 20.89
5.97 -2.01 18.39 21.01
-2.25 -7.78 10.98 21.78
-15.00 -9.09 -17.94 24.32
15.35 -0.10 19.61 22.81
-0.71 -3.51 10.18 21.81
10.93 -10.07 19.61 22.72
-7.32 -3.29 8.70 22.07
-2.28 -1.97 1.23 21.49
7.01 -3.95 8.68 21.88
1.35 1.50 16.28 21.78
-1.19 -4.19 12.37 21.73
-1.02 -0.12 10.70 22.09
3.09 0.41 12.52 22.52
-2.31 0.42 7.38 22.17
-0.75 -1.46 12.05 22.23
4.79 0.92 12.35 23.07
-0.40 0.85 7.88 21.64
0.45 -1.25 12.74 21.64
1.52 -1.32 8.07 21.68
1.06 -4.33 6.68 20.73
6.64 1.50 6.73 22.78
-7.56 5.03 10.22 24.71
-0.00 2.88 8.08 24.32
4.93 -0.57 9.47 21.73
-2.46 1.75 13.09 21.04
1.36 -1.98 9.65 22.17
6.46 1.13 14.41 21.75
0.48 -3.44 11.47 21.68
1.39 -2.16 7.87 21.73
2.33 0.66 7.82 21.73
8.10 -3.57 13.95 21.57
3.90 -2.57 9.35 21.75
1.84 -1.66 9.05 21.92
2.07 -2.95 13.64 22.62
-0.70 -1.82 9.99 21.83
3.83 0.79 9.10 21.80
1.47 -1.32 13.42 21.75
1.12 0.11 11.66 22.17
0.89 -1.61 11.72 22.23
0.23 -1.62 10.75 21.83
1.71 -0.56 10.87 21.80
5.35 -0.49 7.81 22.17
3.47 -1.55 10.09 22.28
5.28 0.50 13.09 22.26
4.75 -1.43 10.48 21.73
0.34 1.02 11.57 21.64
-0.20 0.34 8.95 22.07
3.15 -4.76 8.41 21.81
4.01 -1.49 12.60 22.28
2.47 -0.62 10.49 21.69
3.48 -1.34 9.76 22.98
2.18 -0.48 10.44 22.12
-0.20 -3.65 9.86 21.78
4.22 0.84 11.29 22.23
-5.11 0.72 8.65 21.78
6.22 -2.90 12.28 22.14
6.47 -2.24 11.44 21.78
4.04 -2.42 10.35 21.97
1.17 -3.22 12.98 22.23
0.37 1.95 9.00 22.62
3.56 -0.58 8.16 21.83
-0.05 -0.49 11.28 21.73
2.37 -1.83 7.08 22.72
-1.19 5.18 9.78 23.60
-0.27 -2.81 13.34 22.57
-1.56 5.92 9.06 21.23
0.89 1.73 9.78 21.90
3.18 -0.59 8.58 22.19
1.42 -4.18 10.46 21.73
0.43 0.77 8.38 21.97
-0.21 -0.78 6.95 21.95
1.15 -2.78 15.02 22.29
0.97 -3.64 9.11 22.02
3.31 -2.67 13.29 22.81
0.87 -3.59 9.44 22.02
4.30 4.12 9.58 22.88
2.04 -0.01 8.40 22.36
-0.36 -3.54 11.66 21.33
0.39 -0.95 10.52 21.83
-0.96 -1.03 8.59 22.31
0.18 0.67 9.93 21.56
0.95 1.06 10.96 21.44
5.55 -3.40 10.07 22.23
6.80 -1.18 3.54 22.31
0.90 -1.96 12.65 21.63
0.27 -3.33 12.48 22.04
1.96 -1.62 11.01 22.86
-2.02 -2.77 9.67 21.68
5.95 -1.17 9.76 22.52
1.19 -0.70 10.93 22.12
0.05 -4.19 12.87 22.38
5.21 1.30 4.96 22.72
0.26 0.83 8.39 21.92
1.61 -1.17 15.75 21.39
0.65 -3.10 11.01 22.24
-1.26 -1.48 9.37 22.33
-3.51 3.86 1.31 21.57
2.04 -2.43 14.52 22.17
2.89 1.50 4.95 21.93
3.27 2.92 12.13 22.43
-1.05 0.23 9.80 22.59
1.41 -6.00 13.31 23.46
-3.68 0.07 12.29 22.31
2.01 1.73 9.67 22.42
-3.51 -3.41 12.49 22.36
6.50 0.27 3.35 21.80
1.35 -1.11 9.03 21.57
2.09 -0.79 11.46 21.93
3.37 -0.78 12.54 22.07
1.72 -2.26 10.41 21.85
5.00 1.13 7.35 21.83
-0.48 -1.26 9.02 21.92
3.65 -1.78 11.51 22.02
0.68 -4.91 9.82 22.17
2.71 -2.45 10.17 21.80
-0.62 -0.39 11.60 21.63
1.02 2.12 11.73 21.73
0.01 1.02 9.64 21.97
4.36 -0.28 12.33 21.40
2.97 -0.67 12.32 21.93
-3.03 1.66 7.59 23.80
3.16 -1.06 9.24 22.62
0.61 0.70 9.02 21.88
1.33 -5.51 10.53 23.48
0.51 -1.69 10.53 22.04
3.65 -1.09 11.83 21.88
1.62 -0.68 10.86 21.92
4.33 0.17 11.43 22.12
1.41 -0.40 9.83 22.04
3.02 -2.51 11.96 21.57
-0.09 -2.04 10.16 22.23
-0.14 -0.87 9.34 21.42
4.11 -3.09 11.05 22.35
-5.40 1.12 3.43 21.33
9.46 -2.97 11.16 21.68
2.74 -1.05 12.74 22.02
3.63 -3.81 12.13 22.71
-1.06 -2.47 5.75 21.88
6.04 1.28 6.07 22.36
2.21 -1.47 10.17 22.57
3.48 1.00 9.89 21.63
1.02 0.66 6.94 22.14
2.96 1.47 6.97 21.83
-0.78 1.45 6.98 22.02
7.95 -5.53 10.47 21.18
2.80 1.30 7.56 21.99
-0.64 -7.37 9.05 22.23
3.97 -2.30 3.71 22.23
4.38 -1.01 7.58 21.63
2.15 -0.98 11.63 21.83
6.19 -1.58 13.06 21.75
6.04 -4.56 11.28 22.04
0.46 1.31 7.29 21.57
-0.71 -0.57 5.87 21.64
-0.97 -0.68 9.92 22.17
-3.13 1.90 8.58 21.75
2.25 -0.90 7.92 21.68
6.95 -3.31 11.98 21.73
5.85 -1.39 10.16 22.33
1.73 -1.44 13.76 22.31
3.83 0.72 10.89 22.00
2.28 -0.50 12.52 20.89
4.24 -1.03 13.14 20.79
0.90 -0.99 10.14 21.18
1.98 -5.53 11.07 21.75
-2.43 -0.20 12.47 21.47
0.48 -2.25 7.85 21.57
3.67 -3.43 11.35 22.67
4.16 -4.00 12.15 22.02
5.13 -1.02 11.32 21.75
1.34 -1.27 3.31 21.35
11.71 10.87 7.92 21.04
4.81 -0.76 13.00 21.81
13.29 7.25 10.13 22.81
-4.09 10.34 -15.61 25.04
-19.61 19.61 -18.45 25.28
3.38 0.28 10.48 24.22
-13.50 -1.51 13.25 22.12
19.47 2.77 -2.38 20.89
-4.53 -3.44 1.53 20.84
-9.84 5.05 4.21 21.01
9.41 -6.46 14.12 22.52
-3.19 0.68 11.42 21.13
11.33 -0.97 10.25 22.12
-0.07 -0.44 11.22 22.31
1.02 0.11 17.48 23.14
-6.36 1.65 6.44 21.23
0.94 -1.80 19.61 21.28
7.34 -0.49 8.92 22.31
-3.94 3.95 14.22 22.29
-4.04 -10.12 9.23 21.30
19.61 -1.34 19.61 25.55
2.44 -3.32 13.79 20.89
7.89 -1.62 14.19 22.02
-3.06 -8.00 19.61 22.02
0.17 6.92 7.60 21.92
5.71 -1.39 3.38 21.75
-1.00 3.92 11.08 22.07
-7.44 -4.78 15.48 23.80
-1.19 -4.04 2.58 23.15
12.64 4.53 15.63 22.31
-11.25 -2.32 10.70 21.39
13.11 5.27 11.32 22.04
0.66 0.31 19.61 23.48
19.17 -1.55 19.00 22.52
6.46 -2.01 13.77 21.88
-5.48 -1.06 3.16 21.44
4.16 -1.24 10.17 22.23
6.06 0.47 10.46 22.14
-5.26 -1.02 8.50 21.85
2.38 -5.51 17.44 21.33
-0.93 -0.76 11.54 21.33
8.72 -0.95 12.51 22.14
-0.60 -1.32 18.48 22.43
-8.74 2.55 2.20 22.28
8.68 2.12 8.30 21.97
10.92 3.07 19.61 21.28
-7.39 -5.54 12.87 21.97
5.72 -2.84 11.25 21.85
-2.93 -6.08 17.32 21.09
3.82 1.35 14.75 22.36
0.73 -3.15 1.86 22.91
5.09 -9.59 7.18 21.39
8.22 0.08 7.97 21.33
19.61 -9.41 19.61 20.75
1.20 -0.49 19.61 21.73
-3.89 1.92 4.95 22.07
5.79 0.86 19.61 21.73
7.37 0.11 14.90 21.90
2.48 0.73 13.04 23.03
-1.06 2.33 12.74 23.19
4.48 -0.48 11.94 22.52
4.77 -0.65 9.06 21.28
-3.63 3.23 11.00 21.93
-2.91 -1.88 10.43 21.15
7.08 -2.85 19.61 21.08
0.97 1.58 19.61 20.70
-3.35 -4.35 3.05 21.15
-4.78 -1.96 9.93 23.19
2.23 -0.71 7.11 23.48
2.03 0.84 7.76 22.52
-0.90 3.40 14.38 22.23
10.20 -4.27 7.35 21.23
-6.99 11.51 11.48 21.51
-0.10 2.33 2.66 22.36
-0.45 -5.68 5.21 22.31
4.32 -1.53 12.59 866.92
-2.95 -2.02 9.33 5.28
-7.26 1.96 7.18 21.04
6.99 -4.74 16.70 24.64
-7.95 2.95 2.51 22.38
4.18 0.45 19.61 21.80
4.03 4.53 17.93 21.52
-0.64 -3.76 8.50 21.88
3.77 13.75 19.61 22.31
-19.61 -0.72 19.61 21.93
10.58 -11.06 12.08 21.63
-4.34 -7.01 11.08 23.77
0.50 -3.89 15.33 21.93
2.88 -5.71 11.52 22.71
7.07 -2.31 8.32 22.36
-2.29 -4.64 12.24 22.17
5.12 -3.93 7.95 22.93
3.16 -1.23 5.48 22.98
12.40 1.81 7.27 21.33
1.69 -0.49 10.95 21.92
0.77 -0.61 18.29 22.12
-11.79 -1.49 8.43 22.28
19.61 -19.33 -19.61 22.19
2.71 2.57 -11.86 22.74
0.64 3.86 19.61 21.69
-10.96 4.96 11.93 20.89
-3.01 10.45 -2.35 20.94
-4.24 5.63 6.41 22.62
5.83 -2.65 14.30 27.77
3.51 -0.94 11.55 21.78
11.21 -11.29 19.61 21.40
-0.74 2.73 17.02 22.72
-0.59 1.04 -1.02 23.41
-7.51 5.94 19.61 21.52
19.61 -7.61 4.59 21.92
12.00 -1.10 12.26 22.81
-2.94 -3.16 8.32 22.48
19.61 -4.57 6.55 22.67
19.34 -8.17 14.88 23.31
1.97 -5.51 11.58 25.14
3.77 -6.89 9.39 22.67
3.97 0.75 7.35 22.17
11.06 3.41 19.61 22.28
-7.70 -1.76 -4.06 22.04
3.49 1.06 11.60 22.48
3.06 -5.97 11.80 21.92
-0.84 -4.29 18.82 22.62
1.79 5.92 6.13 22.42
6.54 0.83 15.15 22.02
5.80 -6.85 19.61 21.51
-2.54 -1.96 -4.98 22.62
-2.70 -6.05 6.89 23.60
5.45 3.15 12.47 21.73
4.31 -1.07 15.32 22.07
-0.69 1.63 8.87 21.95
-6.92 -0.69 5.44 21.97
1.68 -0.92 8.93 21.73
1.82 -2.69 11.06 22.07
1.25 -0.19 10.94 21.64
3.09 -0.89 8.89 21.78
0.43 0.85 9.26 22.31
2.86 1.47 12.05 21.88
4.91 -1.47 9.52 22.17
3.73 1.71 12.67 22.07
3.50 -1.61 12.37 21.45
0.33 -3.84 12.50 21.75
1.06 0.20 7.45 22.23
1.91 -0.90 8.54 22.17
0.42 -3.34 10.33 22.02
1.46 1.96 8.39 21.64
4.25 -1.14 7.43 22.12
0.20 -1.38 7.93 22.07
1.54 -1.54 12.79 21.73
5.54 -1.32 8.65 22.71
1.48 -1.50 10.01 22.83
18.97 -7.61 19.61 22.78
-1.08 0.86 -3.65 23.15
0.85 -1.89 14.34 21.73
2.22 -2.00 10.11 21.20
5.39 -0.34 15.43 21.64
0.23 1.69 5.34 21.54
4.23 -4.84 11.18 21.52
-1.58 0.26 10.95 21.81
2.55 -1.22 9.35 21.06
4.09 1.24 11.18 21.68
1.70 -1.34 10.81 21.93
4.39 0.03 12.33 21.83
1.35 -1.03 10.83 21.59
1.37 -0.40 10.14 21.78
2.43 -2.98 12.25 21.73
1.64 -2.15 9.72 21.78
3.68 -0.57 10.63 22.36
2.77 0.38 10.66 21.75
-1.46 0.02 8.50 21.78
0.96 1.36 11.36 21.73
2.14 3.34 11.82 22.26
3.63 -0.89 10.94 21.68
3.59 0.24 8.85 21.69
4.25 -0.02 12.37 21.68
2.88 -0.91 10.81 21.44
0.05 -1.93 9.44 22.42
2.67 1.62 14.14 21.75
4.22 0.96 12.38 21.85
3.56 -1.09 9.01 21.87
2.52 -1.74 13.45 21.57
-1.43 -1.32 14.68 21.42
5.43 -1.13 11.10 22.14
5.56 -0.08 11.07 22.02
1.68 -1.43 15.06 21.23
5.26 -2.29 8.92 21.78
1.92 -0.72 16.33 22.36
-0.26 0.40 9.63 21.45
11.96 -7.13 8.24 21.73
0.46 -1.93 10.71 21.57
19.61 -0.96 19.51 21.54
0.19 4.13 12.62 23.86
2.63 -0.88 12.05 24.71
6.54 0.34 11.19 22.54
-2.01 -0.62 11.69 21.42
-0.26 -2.59 9.98 21.39
0.42 0.55 10.01 21.57
-0.68 -2.15 11.68 21.78
-1.06 -0.51 9.17 21.88
2.32 -0.44 10.62 22.23
5.43 1.50 10.47 21.97
2.92 -0.20 11.09 21.93
2.55 -0.97 8.56 21.93
0.11 -5.25 11.74 21.64
5.86 5.52 8.83 21.97
1.47 -3.81 13.72 22.33
0.26 1.59 9.29 21.68
1.47 2.88 11.74 21.78
3.03 0.94 11.28 21.90
3.31 -2.21 10.52 21.39
1.40 -2.25 12.06 21.93
2.52 -2.38 11.49 21.68
0.06 1.45 10.43 22.00
2.03 -1.13 9.84 21.63
3.08 -1.10 10.07 21.57
1.15 -2.32 12.60 21.63
3.75 -1.17 11.02 21.51
3.66 -2.10 10.68 21.57
2.46 -1.81 9.06 21.57
-0.93 -1.47 11.41 21.52
1.16 -0.34 10.76 21.57
2.43 -1.73 11.02 21.93
2.62 0.61 10.81 22.02
3.25 -2.07 11.02 22.02
2.65 -1.62 13.56 21.39
-0.17 -4.03 9.62 21.51
2.45 -1.88 8.55 21.92
1.53 -1.77 11.87 22.17
2.70 -0.99 10.46 21.81
1.09 -0.52 11.00 22.09
2.39 -1.16 10.91 21.30
2.72 -0.44 9.70 21.83
2.06 -1.25 11.84 22.12
1.85 -0.86 11.97 22.12
2.11 -1.32 12.05 21.69
-0.46 0.58 10.47 21.87
2.72 -0.78 10.97 21.87
1.53 -1.03 10.34 22.12
1.98 -0.49 10.31 21.92
4.58 -1.92 11.86 21.51
-0.01 0.30 10.61 21.73
1.82 -0.50 11.04 21.78
1.86 0.30 11.03 21.73
3.80 -2.46 11.23 21.64
2.70 -2.20 10.15 21.47
0.47 -1.89 8.75 21.39
1.97 -0.96 9.22 21.81
0.88 -0.22 10.73 22.19
1.43 0.77 11.56 22.02
2.77 -0.70 11.83 21.57
1.47 -3.03 10.09 21.88
1.66 -2.79 9.33 22.02
1.89 -0.58 10.27 21.85
-0.26 -2.19 11.13 21.57
1.59 -1.96 8.62 21.92
4.24 -1.29 9.53 21.42
4.47 0.33 13.71 21.81
2.92 -0.52 10.35 21.40
2.16 -0.29 11.42 21.78
2.73 0.47 10.67 21.78
0.61 -0.18 10.86 21.78
-0.04 -3.30 10.53 21.45
2.61 -0.81 10.66 21.45
2.11 -2.28 11.11 21.78
1.90 -2.41 11.13 21.73
1.03 -1.58 11.16 21.63
1.93 -1.78 10.07 21.69
1.44 -3.37 10.62 21.33
0.92 -2.05 10.57 21.92
3.47 -0.61 10.00 21.42
3.33 0.66 11.27 21.78
1.45 -1.53 12.72 21.68
3.17 1.00 11.26 21.69
1.49 -1.86 9.73 21.68
5.59 -0.17 9.75 21.73
-2.60 -3.68 11.55 21.57
-0.11 -2.63 13.29 22.09
1.49 -1.76 11.07 21.49
2.79 -0.59 10.59 22.17
3.56 0.70 7.79 21.88
2.12 -1.98 9.66 22.31
1.84 -0.06 11.01 21.40
-0.43 -1.64 11.62 21.68
1.58 -1.08 10.89 21.44
2.64 -0.58 10.81 21.47
3.16 -1.50 9.37 21.99
1.86 -0.77 8.20 21.83
3.89 -1.98 12.76 21.92
0.95 -3.48 9.75 21.73
0.93 -2.63 11.13 21.78
3.23 0.20 9.85 22.19
0.30 -0.83 11.82 21.83
3.30 -0.47 7.92 21.73
0.38 -1.77 12.09 22.07
-0.99 1.10 10.04 22.04
2.06 -2.05 9.63 22.12
1.66 -0.66 10.26 21.73
0.33 -4.52 11.23 21.63
-1.20 -2.46 19.61 21.63
0.68 -2.66 14.30 21.54
7.15 -5.86 10.58 21.57
0.87 -4.09 8.87 21.92
2.69 -1.32 11.50 22.47
0.81 -2.31 10.64 21.57
1.55 -3.02 10.08 21.73
1.70 0.08 11.93 21.85
-0.73 0.25 10.14 21.78
2.28 0.88 11.29 21.83
-0.23 -1.48 10.37 21.68
1.31 1.05 9.49 21.80
0.90 -2.86 13.44 21.78
0.76 -2.26 13.31 21.78
2.05 0.57 10.38 21.73
1.15 -1.59 13.01 22.09
4.93 0.11 10.35 21.75
1.74 -2.24 10.25 21.68
0.14 -4.81 12.28 21.47
3.94 -1.29 9.29 21.75
2.26 -2.18 12.18 21.75
10.99 -1.03 12.79 22.38
4.22 -0.72 9.96 21.68
3.22 0.31 10.90 22.07
3.80 -3.18 13.25 21.83
2.24 -2.51 10.74 22.09
0.90 -2.45 11.01 21.68
-0.66 -1.52 10.06 21.56
2.01 0.04 12.50 21.52
3.57 1.95 8.66 21.13
19.61 19.61 19.61 21.78
-19.61 1.40 -10.09 26.27
19.61 -15.49 14.61 23.70
-4.84 5.42 5.94 19.83
4.02 4.13 3.77 22.07
6.78 -1.97 12.75 22.71
-0.49 2.96 19.61 21.04
3.44 7.05 6.75 21.09
-1.71 -6.65 3.44 21.49
8.96 -0.52 -6.54 21.18
5.77 5.45 19.61 21.49
0.73 3.12 9.78 21.92
-0.14 -5.50 11.04 24.85
4.07 3.74 8.63 21.92
3.80 -2.07 14.14 21.97
-4.36 -5.28 17.00 22.47
-14.53 -2.23 6.05 22.76
1.76 -1.20 6.68 21.59
7.03 -2.55 11.36 22.17
-8.39 -2.27 5.82 21.78
-7.13 -2.16 7.25 21.87
-4.10 6.76 5.53 21.68
-1.30 0.00 8.21 21.80
19.61 0.08 14.29 22.12
0.09 0.34 6.40 21.28
3.30 -0.26 15.77 21.03
0.76 -0.98 6.89 22.14
2.40 -0.07 6.69 21.68
2.18 -1.42 14.78 21.03
1.90 -5.01 12.24 22.76
0.76 0.85 9.80 22.57
11.62 -1.32 8.02 22.14
-1.77 -0.55 10.20 21.81
4.70 -2.80 9.01 22.07
-0.41 2.83 8.27 22.07
6.80 2.90 19.61 21.54
4.79 3.45 7.87 22.67
4.53 0.77 19.61 22.31
-4.90 5.53 19.61 24.34
-4.87 1.64 14.16 24.10
19.61 -14.99 19.61 21.28
-1.94 -8.00 18.01 23.50
-19.61 -6.67 15.60 23.32
-9.26 2.24 17.58 21.93
-2.78 2.87 12.70 22.09
1.68 -4.17 10.28 22.28
0.13 -2.96 14.56 21.78
-7.80 0.84 4.87 21.80
2.13 -3.82 7.95 21.92
3.33 -3.03 12.74 21.88
5.01 -0.29 12.12 21.57
1.47 -3.01 11.40 22.38
-2.13 1.72 9.63 22.43
2.26 0.67 12.66 21.63
2.76 0.54 9.24 22.12
4.34 3.64 11.76 23.02
-4.92 3.69 19.61 22.98
4.90 -1.34 10.48 23.22
-1.80 -3.17 7.22 22.47
-7.75 -3.10 9.18 21.73
7.86 -1.94 6.13 21.57
-5.88 0.75 11.39 21.68
-3.02 -0.15 13.92 22.14
-0.05 -3.44 17.37 21.83
-1.64 -7.66 9.75 22.57
8.46 1.07 13.53 25.38
1.60 -5.88 10.50 21.88
2.54 1.06 14.51 21.45
0.17 -3.87 12.29 22.02
3.04 -3.83 10.91 21.49
-1.74 1.69 13.94 21.01
-0.74 -1.08 9.03 22.31
6.36 0.88 14.20 23.50
6.50 5.13 13.24 22.67
-6.43 -3.00 7.61 22.42
-1.15 -3.07 1.78 21.40
-5.22 5.83 5.78 22.42
5.86 -1.70 16.30 21.33
-0.11 -1.59 11.79 21.40
-0.44 -0.45 7.48 22.62
2.43 -3.74 10.40 21.97
4.53 5.72 16.54 22.23
-3.31 -0.20 8.77 22.19
-2.09 -0.35 12.74 21.64
1.03 1.88 12.15 22.23
-0.52 -2.01 9.66 21.18
-2.89 0.02 14.18 21.06
0.32 -1.14 11.10 21.09
9.29 -2.61 15.21 21.63
0.53 -0.47 10.61 20.67
-1.21 -3.27 14.42 21.57
-1.23 2.87 11.96 21.68
1.02 -0.32 9.50 22.52
-0.47 1.29 13.28 21.64
1.74 -0.44 12.90 22.09
0.42 -1.90 11.70 21.44
2.98 0.07 9.46 21.09
0.33 0.35 11.23 21.09
-0.10 0.93 10.01 22.17
0.21 -1.31 12.02 21.49
-0.92 0.38 17.61 22.07
-6.61 -1.63 1.30 21.80
-0.75 -3.62 10.88 21.57
1.35 -0.21 10.99 21.81
0.29 -0.61 12.90 22.62
-0.56 0.61 9.69 22.19
2.88 -0.18 14.85 22.04
1.46 1.24 11.36 22.31
3.79 -2.88 13.60 22.72
-0.40 -0.10 10.56 21.13
3.91 -1.07 12.90 21.69
-1.16 -1.48 11.51 23.32
2.94 -0.57 9.30 21.92
-0.40 1.91 9.22 23.02
1.62 -0.45 10.36 21.83
-0.80 -0.97 11.03 21.52
-1.49 -0.32 12.57 21.45
0.96 0.99 9.92 21.47
0.11 1.31 11.65 21.52
0.96 1.31 8.54 22.07
4.55 -1.65 8.25 21.59
-2.33 2.82 8.82 22.52
3.31 -1.99 9.97 21.87
0.43 0.69 9.33 21.88
3.91 1.11 10.90 22.17
-1.10 0.98 10.13 21.51
2.75 -1.53 12.84 21.92
0.49 -0.61 10.18 22.23
2.81 -1.24 11.86 21.13
1.33 -2.12 15.10 22.04
1.03 -2.11 12.70 21.04
-0.67 -3.26 11.02 21.54
0.52 -2.43 8.85 21.57
1.38 -2.39 10.74 21.57
0.26 -0.92 9.80 21.52
2.90 -0.90 12.40 21.04
-0.11 -2.40 13.73 21.44
1.41 -2.04 10.37 21.23
-0.30 -2.41 9.93 21.39
1.01 -1.24 11.17 21.13
6.30 0.53 9.93 21.33
0.32 -2.24 9.39 21.30
0.40 -2.48 11.86 21.97
2.63 -0.18 10.70 21.49
1.80 -3.02 11.17 21.44
1.24 -2.64 9.54 21.59
-0.40 -4.06 10.41 21.68
0.25 -2.42 11.82 21.63
4.67 -0.54 10.70 21.44
1.20 -3.29 10.65 21.63
1.74 -2.79 10.64 22.43
1.19 -1.83 13.29 21.73
1.06 0.85 11.60 21.63
2.56 0.05 10.98 21.37
2.85 -2.34 11.60 21.25
-0.38 -1.66 11.36 21.23
1.61 -1.58 11.99 21.23
-2.03 -1.99 10.99 20.99
0.21 -2.99 10.07 20.51
-1.66 -3.20 11.72 21.08
-0.22 -2.46 10.43 21.25
-0.33 -2.53 10.04 21.28
-2.88 -5.23 9.09 21.28
-2.38 -4.15 10.73 21.33
0.85 -4.66 9.33 21.45
-0.74 -1.08 9.76 21.63
2.27 -2.21 11.55 21.63
-0.11 -6.04 11.32 21.47
-1.38 -4.64 9.74 21.51
0.42 -4.66 10.76 21.68
0.01 -2.33 9.78 21.73
2.50 -2.53 10.58 21.57
0.16 -2.86 10.73 22.14
0.75 -2.48 8.67 21.88
0.66 -2.77 10.60 21.83
2.45 -1.46 10.28 21.73
2.69 -1.35 10.43 21.83
2.15 -1.38 10.43 21.85
1.75 -0.96 10.91 22.36
2.91 -0.93 8.94 22.02
2.52 -1.10 10.79 22.28
2.19 0.28 10.42 21.93
3.93 -2.66 9.81 21.85
-0.36 -5.88 11.89 21.92
1.89 -3.17 11.20 22.07
1.48 -2.45 11.13 22.23
2.93 -4.26 8.38 22.23
0.22 -2.67 9.71 22.33
2.13 -2.20 10.61 22.69
3.69 -2.26 13.21 22.02
-1.39 1.09 12.37 21.78
-0.50 -1.24 12.28 21.68
-9.10 -4.22 12.65 22.09
1.14 2.77 11.48 22.29
4.79 -1.07 12.82 23.96
2.00 -0.20 10.80 25.90
-0.96 -1.38 12.00 23.20
5.66 -0.86 7.23 22.12
0.29 -2.04 10.14 22.02
7.25 -1.52 12.99 21.52
3.01 0.88 10.94 21.40
2.05 1.64 11.61 21.63
2.67 -1.56 11.71 21.83
1.70 -2.38 11.54 21.68
1.85 -1.21 10.02 22.54
2.53 -2.56 9.84 21.71
1.35 2.13 4.62 20.89
3.67 0.02 10.48 18.76
2.14 -1.30 19.61 17.39
0.01 -16.69 8.14 19.60
-4.91 -4.86 11.86 24.25
-0.50 -0.06 11.07 26.86
6.78 1.16 10.10 24.44
-4.73 2.33 6.56 22.62
4.51 0.04 8.85 21.75
1.44 -2.07 12.28 21.40
3.29 -0.10 13.41 21.39
-6.50 -8.07 10.54 21.83
3.48 5.77 10.89 24.80
-2.56 -1.29 10.34 22.42
1.10 -3.18 9.73 21.54
2.28 -1.84 12.00 21.92
-1.02 -0.82 11.38 21.88
2.17 0.66 12.51 21.93
0.44 0.89 11.42 21.63
2.36 -1.14 11.37 21.56
1.75 -0.51 8.33 22.07
-1.26 -0.14 11.46 22.07
1.58 -0.79 11.72 22.17
2.45 0.69 11.16 21.75
3.85 -1.17 7.76 21.63
12.66 4.71 6.25 21.97
2.10 -2.99 9.30 22.42
-1.77 -3.88 8.52 23.00
3.56 1.20 12.95 22.04
3.52 0.46 10.93 21.75
5.15 -1.24 8.59 21.63
-1.02 -1.51 9.36 21.73
2.35 -1.19 13.53 21.68
2.62 1.45 12.73 21.56
-1.47 -1.96 9.89 21.93
3.94 -1.22 7.98 21.83
4.40 -3.58 11.23 22.07
2.39 -1.23 10.39 21.64
4.57 -1.36 11.61 21.78
4.57 -0.40 11.93 22.17
0.91 -0.90 11.46 22.02
3.11 0.74 11.57 21.63
3.02 -1.84 10.41 22.09
0.93 -0.16 9.80 21.85
2.85 -1.97 11.78 21.81
4.63 -5.98 17.10 21.68
4.49 -1.26 12.55 21.83
-0.59 0.32 11.77 22.12
3.44 -4.20 13.35 22.48
1.97 3.94 10.06 21.33
1.29 -1.20 13.76 25.33
4.46 -3.81 13.55 21.92
4.95 -0.68 10.89 21.42
2.21 -1.00 12.48 21.64
-5.71 -6.23 8.99 21.69
-3.54 -1.23 11.37 21.73
1.85 -3.49 11.93 21.87
0.60 -1.94 12.67 21.78
1.59 -0.51 10.69 21.64
2.46 1.70 9.24 22.12
-0.79 0.86 11.00 21.87
3.35 1.21 9.21 21.73
0.29 0.72 10.59 22.14
-1.80 -0.21 10.33 22.23
4.24 -1.87 10.61 22.23
0.76 -0.75 12.23 21.87
2.17 -1.40 9.43 22.17
-0.50 -3.02 12.30 22.64
1.70 -2.58 13.38 22.19
2.56 0.33 11.89 21.83
4.35 -1.11 11.91 22.31
1.53 -0.07 11.09 21.83
1.90 -1.18 10.06 21.81
4.03 -0.47 10.74 21.80
2.12 -1.01 12.63 21.83
1.27 1.72 9.98 21.83
1.31 -2.28 12.12 21.92
1.50 0.15 9.76 21.85
-1.30 -1.11 10.02 22.23
1.23 0.38 9.97 21.78
3.85 1.08 10.06 22.23
4.35 -1.63 10.72 22.17
0.07 -0.06 11.23 22.09
0.49 -1.08 9.83 21.81
0.23 -0.01 11.81 21.87
0.65 -1.90 8.79 21.83
4.44 2.17 7.71 22.19
0.88 -0.94 12.69 21.83
1.32 -0.17 10.48 21.87
0.91 -1.97 11.30 22.23
1.31 -0.11 5.92 22.71
-0.67 1.24 9.47 22.31
-1.89 0.24 7.76 22.14
-0.79 4.96 14.99 21.64
0.51 -1.12 9.97 22.28
2.87 -1.40 9.70 22.12
0.19 -2.93 13.75 22.17
2.08 -0.19 10.63 22.14
2.05 -2.22 8.46 21.57
3.87 3.42 7.79 22.07
3.80 -2.46 12.87 22.12
1.42 1.70 9.32 22.09
0.58 -1.79 9.67 21.54
0.81 -2.00 10.14 22.47
2.20 -0.83 8.34 21.88
2.60 -1.06 10.17 21.75
1.87 -0.66 13.24 21.80
1.20 -1.73 9.48 22.23
0.98 -1.19 12.13 21.81
3.04 -2.71 12.86 22.23
3.01 -0.17 10.67 22.17
5.22 0.74 9.96 22.14
-0.69 0.73 11.65 22.23
-0.12 -0.66 11.51 21.88
2.73 -1.53 12.38 22.23
3.13 -1.08 10.77 22.04
1.08 -1.75 11.53 22.17
-0.34 -2.44 12.76 22.17
2.75 -1.36 10.54 22.23
7.05 -1.88 13.95 22.12
3.82 -3.94 11.21 21.95
1.64 -0.54 11.48 22.48
-0.91 0.39 11.47 22.17
2.52 2.04 9.26 21.78
1.64 -1.27 9.74 21.87
-0.15 0.71 10.91 21.80
1.36 -0.87 9.94 22.23
1.00 0.44 9.67 22.42
2.33 2.18 9.07 22.62
0.84 -4.01 12.94 21.47
9.03 -4.50 14.72 23.12
-3.86 -7.04 12.64 22.09
3.75 -0.36 13.94 23.12
5.69 -1.71 6.95 22.42
0.52 -6.15 13.17 22.23
-1.90 -0.33 12.66 22.62
0.46 1.08 9.48 22.14
1.72 -1.41 10.68 22.04
-0.53 -1.61 12.28 22.67
1.32 0.95 10.82 22.31
0.92 1.98 9.95 22.23
-0.88 1.40 8.44 21.95
4.21 1.57 10.73 21.97
1.28 -1.74 9.79 22.12
4.40 0.37 10.73 22.96
1.67 1.00 3.10 21.97
0.50 1.24 14.04 22.24
-5.60 -3.84 8.18 22.91
2.49 0.25 8.04 22.02
-18.48 -6.72 -6.69 21.18
-19.61 19.61 13.72 23.51
6.96 -19.03 9.89 22.23
19.61 5.08 10.69 21.13
-19.61 5.88 6.98 22.02
6.69 -4.45 -0.72 22.17
7.16 -1.16 13.95 21.75
8.15 -4.01 9.06 22.28
-3.02 -2.66 10.93 22.12
0.20 2.85 18.67 22.23
-1.56 -0.63 9.32 21.69
1.09 4.15 15.36 21.80
0.10 -1.95 10.45 22.67
4.25 -1.40 10.74 21.63
2.12 -1.19 10.56 21.92
1.47 -0.12 14.23 21.80
3.20 -0.13 13.25 21.88
1.15 -0.53 9.61 21.80
1.75 0.75 8.61 21.78
5.48 -0.89 12.01 21.83
1.04 -1.34 11.16 21.83
0.16 -0.51 10.55 22.17
5.65 -1.37 7.20 22.24
2.75 -6.88 11.94 22.28
5.49 1.20 14.86 22.26
6.25 -3.82 11.86 22.42
7.17 2.69 9.06 21.87
-5.61 0.96 5.66 21.80
6.45 0.32 12.81 22.26
-0.86 -1.06 14.13 21.92
1.85 -3.54 15.27 22.23
3.30 -4.06 12.04 21.78
-1.04 0.63 5.91 22.24
4.15 -4.03 12.63 21.81
3.44 -1.07 7.90 21.88
1.93 2.76 10.01 22.28
5.24 -0.82 10.82 21.80
3.15 -2.07 11.45 21.83
-0.67 -0.97 9.28 21.88
4.14 0.58 8.38 21.78
0.69 -1.61 11.41 21.73
3.18 2.67 12.23 21.75
2.32 -2.77 10.24 21.78
2.38 0.65 9.18 21.83
2.49 -2.51 8.54 21.78
5.98 -2.40 11.89 21.80
9.37 -6.59 11.85 21.83
7.18 -0.68 8.95 22.76
5.22 -2.64 7.40 22.17
13.50 -6.84 12.75 22.71
1.43 -1.68 15.46 21.75
3.90 -1.21 15.33 22.54
1.30 -1.93 13.99 23.20
-0.94 -1.40 8.48 22.96
4.48 -2.61 9.32 22.42
8.32 0.86 19.61 22.07
9.96 -0.77 9.09 22.19
6.39 -1.49 9.25 22.28
-0.84 -2.91 6.70 22.26
4.39 2.91 2.67 22.62
2.97 -1.77 9.11 22.17
1.82 0.68 9.27 22.54
3.48 1.43 12.96 21.92
-1.93 1.98 12.12 21.81
5.40 0.79 7.59 22.07
3.51 -0.93 3.98 21.69
1.31 3.25 10.79 21.80
1.14 -4.61 10.40 21.88
1.48 0.70 12.12 21.73
3.99 -0.76 10.88 21.92
-1.14 -6.79 8.30 21.64
-0.43 3.90 9.56 21.68
1.01 0.32 7.30 21.92
4.74 0.60 13.98 22.23
2.48 1.83 16.06 21.90
1.80 -1.65 11.32 22.24
5.73 -2.75 8.08 21.73
12.58 -1.85 15.53 21.57
2.06 -0.39 11.64 21.88
4.00 -2.39 14.08 22.07
10.22 -4.67 19.61 22.48
-5.17 -0.79 5.77 21.80
7.10 -0.52 15.78 21.78
5.96 -6.40 17.64 21.78
5.43 -1.24 5.81 21.78
-3.52 -4.70 8.42 21.69
-2.55 -2.37 3.60 22.19
-2.43 -0.62 7.97 21.78
6.16 -1.16 10.52 22.96
3.61 0.13 14.11 21.73
0.91 1.28 11.26 21.95
4.24 1.64 17.08 21.93
4.37 -0.04 1.19 22.02
5.90 -3.49 10.73 21.83
-2.85 1.50 9.52 21.64
8.25 -2.41 6.54 21.75
6.68 -7.56 15.02 21.88
-1.36 -0.09 4.05 21.83
1.14 0.32 19.61 21.78
2.01 -1.98 15.06 22.14
3.77 1.24 5.87 22.62
1.05 -1.32 18.60 22.33
5.73 -1.19 15.83 21.83
2.29 -2.20 11.91 21.83
1.51 1.60 12.66 22.19
2.02 -6.23 9.74 22.23
0.23 4.05 9.71 21.78
-4.37 -2.57 9.39 22.12
6.40 -1.13 8.83 21.93
2.73 -2.38 11.11 21.90
2.06 -1.37 10.13 21.39
2.85 -1.02 8.61 22.36
6.72 -0.74 15.73 22.17
5.35 -5.37 14.89 22.23
8.87 -3.04 8.23 22.38
1.86 -2.57 8.26 22.02
1.86 -0.75 10.11 22.12
-3.03 0.52 7.48 21.88
3.22 -0.34 10.78 22.23
0.46 1.62 14.97 21.75
10.31 -5.11 18.76 25.14
4.39 -4.84 15.42 21.87
7.75 -7.51 6.92 22.67
3.05 -6.21 15.19 22.81
2.32 -0.36 4.13 22.19
-2.97 -4.56 5.20 22.24
-2.85 -2.78 6.56 22.23
-7.44 0.42 3.43 22.23
5.32 -8.94 4.15 21.92
5.54 -0.62 4.52 21.85
6.79 0.19 14.33 22.62
-4.36 1.91 5.38 21.69
6.25 1.37 14.11 21.54
1.32 -1.19 7.06 21.92
1.15 1.36 14.02 21.83
1.48 -2.94 9.17 22.23
3.13 0.81 10.77 21.90
1.41 -0.77 9.07 21.92
2.91 0.18 11.58 21.87
4.36 0.34 11.24 22.17
0.21 4.36 11.61 22.12
-1.15 2.16 12.95 22.14
1.57 0.46 17.72 22.09
2.86 -0.21 14.74 21.52
1.51 0.07 10.43 22.31
19.61 -16.32 19.61 21.78
-5.64 -6.46 8.76 23.65
5.55 4.07 4.35 22.09
7.55 -7.67 17.32 21.83
-9.96 2.10 0.96 22.26
0.92 -4.19 14.31 22.12
5.91 2.31 14.50 22.81
11.66 -0.20 19.61 22.79
8.66 1.35 17.77 21.88
7.39 -0.39 15.65 23.05
6.65 -2.00 14.10 22.52
2.63 4.11 10.87 22.12
-0.09 -0.02 12.34 22.14
0.08 -4.31 10.47 21.64
-1.12 -2.95 12.57 22.17
9.35 -3.28 19.61 22.23
-2.81 -0.94 2.58 22.23
2.50 2.06 12.83 22.23
2.61 -3.84 9.02 22.64
-3.88 2.60 5.67 21.47
0.04 -0.46 11.82 22.23
6.24 3.22 12.83 22.07
4.11 -3.60 10.86 22.17
-6.11 -1.04 19.61 21.80
4.97 -0.64 16.71 22.07
-2.81 -3.26 8.43 21.73
-0.84 2.59 11.86 21.92
3.95 -0.25 15.08 21.87
4.03 -3.98 12.45 21.85
2.45 -0.21 9.05 21.87
2.44 2.30 11.63 22.31
7.42 -3.57 15.28 22.17
1.85 0.54 11.87 22.09
0.17 -1.77 8.61 21.92
-1.09 0.59 8.78 21.93
4.35 -3.04 10.89 22.28
1.50 -0.35 17.09 22.23
-0.30 -0.62 -8.43 22.35
-1.31 0.78 14.77 21.18
7.95 -8.34 8.76 21.88
4.99 -6.72 5.19 21.92
3.67 -0.78 14.75 21.85
3.51 -0.78 11.69 21.85
-6.83 -4.37 9.88 21.57
2.71 -0.72 5.12 22.17
1.30 -2.76 12.29 22.28
2.55 1.69 13.25 21.85
2.43 1.86 8.96 21.78
5.16 0.91 5.80 21.97
7.23 -2.28 9.17 22.31
2.70 -3.05 12.28 22.02
-1.67 -0.55 8.81 21.80
2.65 1.47 14.68 22.07
1.82 -5.47 11.20 21.93
-14.64 9.09 10.25 22.17
-2.82 1.45 16.80 21.88
4.68 -2.01 12.61 21.80
-0.59 0.79 11.27 21.73
8.38 -4.27 14.72 21.97
6.61 -1.72 11.24 22.07
4.59 0.75 11.74 21.13
-5.41 -4.65 11.05 22.98
5.59 -2.54 15.75 23.15
3.99 -1.55 10.27 22.86
4.66 -2.14 15.52 22.36
2.12 -2.12 9.46 21.83
0.57 -4.23 5.74 21.85
3.42 4.81 13.10 21.95
5.69 -2.55 9.21 21.88
11.07 3.37 12.09 22.28
-6.45 -2.03 8.17 22.62
3.73 -0.60 8.68 22.36
-1.47 -5.25 5.49 22.69
0.73 2.37 8.19 22.33
-5.84 2.60 14.39 21.78
8.58 -4.55 19.61 22.07
3.40 -0.81 10.95 22.62
3.55 -0.51 6.35 21.63
-1.14 -0.37 5.18 22.74
-5.21 4.23 7.29 22.36
1.27 -2.45 10.52 22.26
-0.88 0.43 9.65 22.78
-1.53 -0.22 6.68 22.38
3.06 0.17 10.19 22.24
-1.03 -3.92 10.72 21.69
-2.20 -0.22 13.96 23.07
9.19 0.16 15.54 22.31
16.17 -1.27 14.60 22.28
-6.67 -0.12 2.02 24.20
7.37 -0.08 6.61 22.04
1.07 -0.92 7.99 22.67
1.25 0.45 7.16 22.72
7.27 1.23 10.07 22.28
5.18 -6.50 9.25 22.17
-2.82 0.14 8.72 21.85
-7.32 0.10 8.13 23.12
-3.81 1.87 19.48 21.88
1.99 -4.02 15.48 22.81
-5.83 -1.86 16.47 21.92
16.15 -3.86 19.33 22.81
-1.23 0.86 11.57 22.24
3.50 -0.52 8.42 21.90
1.65 -3.21 12.33 22.23
0.09 -0.60 9.34 23.07
1.81 -3.20 11.82 21.87
4.02 -4.10 15.28 22.29
2.61 2.51 13.13 21.92
2.10 -2.20 13.56 21.81
4.49 -5.11 10.11 22.23
2.13 -3.96 6.22 22.36
2.88 0.64 11.85 22.59
-7.43 2.02 7.45 22.98
5.98 3.31 8.30 22.12
-4.88 -1.69 7.47 21.87
0.61 4.37 10.41 22.12
2.67 -3.49 15.29 21.75
6.25 -3.36 5.14 21.44
-6.44 -10.64 17.10 21.63
8.67 -4.55 9.65 22.42
1.82 -0.13 17.74 22.02
-1.61 0.46 12.20 22.04
2.83 -0.92 10.18 21.95
-1.31 5.97 12.51 21.73
0.85 -2.30 10.83 22.17
0.03 -4.56 14.31 22.17
0.97 -1.63 11.60 22.04
0.61 -1.03 19.20 22.76
11.89 1.56 19.61 21.83
-1.04 1.12 9.61 21.73
4.19 -4.00 8.58 21.78
4.68 -2.90 9.53 22.40
-0.22 -1.15 9.88 21.83
-3.79 3.68 12.36 22.17
1.46 -0.70 9.07 21.87
-5.49 4.70 5.68 22.14
-2.27 -0.07 7.61 21.81
1.81 -2.33 12.59 21.93
-3.07 -5.48 19.61 22.17
9.59 12.16 6.54 21.73
-19.61 -0.35 11.65 21.35
19.61 -9.57 19.61 22.24
-3.83 -15.56 -13.88 22.07
-2.02 0.27 6.00 22.26
-19.61 -3.69 -8.82 21.63
19.61 -14.70 19.61 21.68
-2.41 -0.78 19.61 21.85
16.88 -0.17 18.73 22.72
-4.88 7.82 13.18 21.44
15.88 -5.42 16.16 22.96
-0.28 -10.94 12.05 21.97
-5.85 2.65 8.02 21.57
4.42 -0.15 13.42 21.87
1.51 -3.20 10.27 21.85
1.13 -2.67 2.70 21.99
-0.73 1.05 11.55 22.17
-0.22 0.42 11.96 21.33
8.35 3.70 9.39 21.49
3.91 -7.02 12.14 22.09
-0.98 1.39 16.42 21.57
4.63 1.14 19.61 21.28
19.61 -12.51 4.32 21.78
-7.13 -3.72 1.91 22.79
-9.38 -3.31 0.54 21.47
-0.04 4.22 19.61 21.68
-1.51 -2.84 10.81 21.83
0.85 0.08 7.34 22.09
-0.15 -2.38 14.81 21.47
1.05 -2.26 19.61 21.87
4.91 2.09 2.46 23.02
-8.09 -1.78 11.18 22.17
-0.77 0.85 9.84 21.35
-0.41 -1.42 6.23 21.63
5.43 3.65 7.26 22.02
1.75 -1.42 10.24 21.78
1.22 -1.97 12.79 21.49
9.61 -1.64 7.98 22.07
4.96 -4.26 4.29 22.31
12.93 -9.55 13.50 21.09
-6.17 3.18 8.08 21.42
-10.03 -4.97 2.61 21.80
6.75 0.63 5.29 22.19
7.26 -4.61 8.68 22.57
-4.67 1.35 10.86 22.12
3.58 0.28 11.97 22.23
0.60 -1.21 10.35 22.12
2.14 -0.48 13.77 21.69
2.33 -3.09 14.81 22.07
2.67 -3.77 10.02 22.31
5.60 -2.23 3.49 24.01
2.94 0.58 12.70 21.68
0.67 -2.17 14.01 22.64
-1.14 0.03 8.78 21.57
4.78 -3.67 10.66 22.23
-0.05 0.81 11.33 21.68
1.90 -1.75 7.96 21.59
3.39 -3.07 13.32 22.33
8.29 -0.34 9.27 22.12
2.75 0.88 8.97 22.12
0.53 1.77 14.24 21.87
1.87 -1.83 13.65 22.19
0.27 -0.80 10.73 22.17
3.22 -1.18 10.44 21.88
0.67 2.71 11.84 22.17
-0.11 -0.72 11.53 21.78
4.96 1.81 13.42 21.69
1.84 -1.64 9.69 21.68
1.82 -2.07 9.97 22.07
0.57 0.88 13.14 21.83
4.16 0.04 8.93 21.69
2.97 -3.07 12.62 21.63
-1.47 -0.32 12.34 21.52
0.32 -1.53 10.51 21.92
2.72 -0.95 9.89 22.21
2.40 -2.13 6.99 21.75
1.41 0.30 6.34 21.69
1.92 -3.51 10.26 22.02
3.12 -2.11 14.58 21.44
2.94 1.30 11.06 21.83
3.11 -0.68 19.61 22.09
0.74 -3.42 5.43 23.36
12.86 -4.01 9.92 24.04
4.23 -1.62 4.69 20.99
3.10 0.96 7.42 20.89
4.22 4.56 6.88 21.11
3.49 -3.81 10.46 21.08
1.51 -1.37 15.10 21.04
-3.63 -1.76 16.17 20.94
15.49 -8.09 13.96 20.91
19.45 5.98 11.52 20.89
3.89 -6.16 8.04 21.23
11.93 -1.73 3.97 20.70
-6.63 -14.99 -14.72 20.96
2.17 10.61 8.92 21.28
-10.78 -3.00 4.28 22.71
-3.18 -5.00 15.30 23.12
-14.61 7.49 -3.80 23.65
-0.95 -0.19 12.94 21.25
4.84 -1.68 8.39 21.47
1.10 -1.15 8.87 21.87
2.78 0.70 19.61 21.57
6.61 4.11 12.06 21.73
4.07 -5.66 8.71 21.90
-1.36 1.77 13.66 22.36
-1.25 -2.71 14.99 21.83
4.03 -0.51 15.17 21.52
6.70 -5.45 9.49 22.57
1.50 -4.28 11.66 22.19
1.33 -0.16 12.61 20.99
-0.40 0.06 19.61 21.09
7.01 2.90 10.67 21.68
17.66 3.00 8.02 21.40
4.50 -5.42 13.44 28.31
5.20 -5.31 9.19 22.43
1.21 1.91 8.54 22.17
0.24 -3.43 8.36 22.12
5.86 -0.46 7.31 21.57
3.20 -0.30 12.63 21.45
0.70 -1.72 10.51 21.63
-0.38 -1.47 12.94 22.02
4.90 1.36 11.88 22.17
-2.06 0.37 7.90 22.23
-1.79 1.83 10.92 21.90
0.99 -1.27 10.12 22.36
11.12 -3.74 16.34 22.12
12.76 -18.08 15.19 22.02
-2.74 0.92 12.67 21.88
1.19 0.96 11.88 21.52
10.58 3.30 17.41 21.59
-0.01 -6.25 16.42 21.78
-0.91 2.46 9.71 21.97
-0.86 -4.48 13.93 21.45
-0.35 0.11 7.20 21.52
2.37 2.48 10.73 21.93
2.43 -4.39 12.04 21.88
0.40 1.44 14.31 21.95
0.60 -0.18 10.80 21.73
0.51 -1.23 8.75 22.07
0.42 1.58 10.56 21.63
4.84 -0.94 10.16 21.33
-0.57 -1.31 13.15 21.35
4.97 -0.20 10.90 21.92
0.40 -1.66 10.38 21.81
4.14 -1.05 10.99 21.68
5.17 0.82 6.93 22.43
3.08 0.65 13.50 21.68
0.06 -2.31 12.86 21.63
0.29 0.16 11.64 21.87
2.45 -2.26 9.14 21.88
0.57 -1.83 10.50 21.87
4.03 -1.26 10.31 22.07
1.02 -0.12 11.15 21.73
2.47 -1.22 6.55 21.69
8.37 -13.85 16.08 21.80
1.46 -1.63 6.55 22.02
-0.20 -0.45 11.00 21.33
-5.67 -1.64 3.91 21.97
19.61 -11.71 19.61 20.85
-4.47 -19.61 -7.75 23.48
0.09 0.13 16.86 23.07
10.88 10.46 6.16 20.89
14.24 -16.10 16.39 22.47
4.31 -0.04 2.60 22.96
4.32 -8.88 17.94 22.52
3.97 -7.69 11.60 21.13
1.08 -1.36 14.18 22.98
-6.92 5.01 9.83 23.55
8.67 -4.23 5.54 43.41
-6.20 -15.96 9.20 21.97
6.62 0.22 5.84 21.52
-8.83 -4.56 -2.42 22.14
10.80 -4.23 19.61 21.85
5.06 1.47 10.59 21.81
6.22 -2.07 7.33 22.31
7.08 3.74 11.27 22.91
-1.56 -8.65 11.93 22.02
6.04 0.46 10.84 22.14
2.56 -1.31 15.33 22.81
11.46 -0.57 1.25 21.52
-0.65 4.42 2.32 21.39
7.71 0.37 2.46 23.19
7.86 -9.74 16.94 21.64
9.47 1.74 19.61 21.57
-4.09 -2.39 19.61 22.42
-6.08 -1.02 19.61 22.02
0.07 3.36 5.64 22.59
-5.83 1.70 19.61 21.45
-1.84 3.66 11.10 22.47
4.54 6.46 14.85 21.73
-0.52 -3.93 8.75 21.92
-2.94 5.66 14.62 22.09
-5.17 -0.27 17.72 22.23
0.39 0.00 14.99 23.07
3.44 -3.85 -19.61 21.97
-10.46 3.65 19.61 20.55
1.52 4.02 0.51 21.81
1.02 5.54 2.92 21.99
9.13 -4.43 19.61 21.39
10.71 -8.87 15.86 22.17
-19.61 19.61 19.61 23.07
19.61 -19.61 19.61 23.26
-0.42 -18.51 -15.20 20.34
-19.61 9.80 16.84 21.64
-3.64 12.52 13.49 22.48
9.57 -19.61 -14.32 21.30
0.71 9.28 7.37 21.92
-2.94 1.81 15.14 22.36
4.34 -1.65 14.48 22.07
-0.38 -0.06 7.52 22.28
2.06 -0.05 12.20 22.12
3.35 -2.82 9.20 21.81
4.12 -1.98 13.83 21.87
4.92 -1.48 11.65 22.38
2.23 -1.55 11.46 22.09
-0.49 -0.79 11.57 22.07
2.51 -0.55 14.54 21.78
0.84 -2.38 12.97 22.07
-0.59 -1.88 8.02 22.14
2.24 -0.21 8.77 21.78
2.95 3.11 11.54 21.68
4.72 0.77 8.37 21.87
2.46 -1.49 13.46 21.68
2.95 -1.00 10.02 21.68
2.03 0.29 8.54 21.68
1.83 1.11 5.77 21.81
1.88 0.32 16.69 21.99
2.90 -1.66 8.06 21.85
9.59 2.72 9.01 21.57
-9.24 -0.73 6.28 22.47
1.60 -1.27 9.20 21.83
6.95 -2.14 19.61 21.93
-1.12 -3.83 10.02 21.44
19.42 -7.05 -3.30 22.52
-3.07 -11.17 16.72 23.02
-15.60 2.82 2.48 21.33
0.47 0.53 10.03 22.36
-1.55 -4.26 11.88 22.47
1.41 2.46 11.02 21.85
5.01 -1.05 10.55 21.52
-2.45 4.55 14.82 22.26
1.59 -7.33 11.97 21.68
6.80 -3.07 13.54 21.54
-2.73 -0.53 12.36 21.68
1.37 0.01 8.45 22.02
5.82 -2.45 5.16 21.87
6.18 -4.22 9.92 21.78
2.60 -3.03 9.93 22.29
3.77 -1.71 9.18 22.24
-0.30 -1.95 10.10 21.73
-0.22 -0.03 7.33 21.92
4.33 -0.59 9.42 21.78
-4.47 -3.30 15.58 21.93
7.18 -6.76 2.09 21.87
7.35 -5.33 10.31 21.73
-3.10 -4.96 6.03 21.68
1.90 4.63 6.60 21.64
5.71 2.99 3.27 22.02
-1.34 12.79 4.15 22.91
-2.04 3.18 6.09 22.04
-4.10 -3.37 19.61 21.23
-7.36 9.35 9.65 22.91
18.61 7.51 19.61 21.54
19.61 -19.61 19.61 22.02
13.96 -13.02 17.88 22.02
-10.25 7.71 11.92 22.23
5.23 -6.02 3.75 22.09
-16.34 -4.49 6.81 21.88
19.04 11.53 13.53 23.02
10.75 -8.07 16.29 21.03
-3.17 11.96 12.77 21.83
-14.24 -19.61 19.60 21.78
19.61 -6.75 13.26 22.31
-7.70 6.36 6.18 24.40
-19.61 -9.54 15.36 25.79
2.28 -1.55 5.75 22.38
19.61 10.45 -4.69 21.80
14.65 -11.94 11.06 20.00
-6.03 15.70 -5.37 20.79
10.28 2.42 14.00 22.96
19.61 -3.29 13.86 22.76
13.89 -7.85 19.61 21.75
-4.73 -0.34 7.75 22.57
3.29 -3.59 7.53 22.26
-7.46 0.62 7.96 22.42
3.21 2.88 4.54 22.62
-0.32 4.52 14.47 21.88
8.64 3.34 16.20 22.26
1.93 -1.44 8.65 22.67
4.25 0.40 11.15 21.78
2.65 -2.31 7.96 21.57
6.71 2.40 13.50 21.85
0.82 -2.57 12.94 22.54
0.34 -1.77 6.99 21.78
-1.91 -10.07 12.63 22.47
19.61 -5.62 17.97 22.96
-9.47 0.74 -9.81 22.62
15.96 -19.61 19.61 22.47
-19.61 11.68 3.14 22.88
-13.26 -2.77 9.20 21.97
19.23 -4.88 16.96 21.81
-1.48 0.55 5.87 21.63
-6.19 2.44 11.89 22.31
6.39 -0.86 9.92 21.95
1.66 -1.30 9.64 21.92
4.06 -4.55 19.61 22.17
1.99 -4.39 8.34 22.12
2.92 -0.88 6.20 22.38
-4.88 -1.45 16.39 21.83
8.95 5.19 7.41 22.02
4.53 -4.61 9.28 27.06
3.21 -0.89 9.03 21.33
2.63 9.73 4.24 21.47
5.25 -5.86 -15.42 20.46
17.55 9.40 -19.61 22.52
19.61 6.57 19.61 23.12
-19.61 -19.61 19.61 23.02
-3.79 19.61 19.46 25.09
19.61 -12.80 5.18 22.02
-2.31 14.59 13.46 22.81
-0.69 1.21 11.39 21.78
10.97 -4.43 14.07 21.92
6.06 -1.81 10.76 21.80
5.29 -0.94 19.61 21.83
-18.64 -10.81 8.39 22.86
19.61 -8.76 12.70 23.12
-5.57 -7.51 12.09 21.33
15.27 -0.55 0.69 21.90
2.59 -14.55 10.71 22.09
-4.19 -0.18 6.78 22.48
1.60 7.68 10.50 21.73
7.24 -4.85 13.20 22.02
7.12 -0.93 12.77 21.78
3.10 -3.13 13.58 21.69
4.32 -4.08 11.04 21.68
3.68 -2.31 11.85 21.81
2.32 -2.71 10.11 21.83
-1.36 -1.82 10.24 22.17
2.83 -3.31 15.04 22.14
-3.20 -0.98 10.97 21.93
19.61 -9.42 0.33 22.71
1.74 -5.86 19.61 22.71
-19.61 19.61 -1.55 23.50
-14.49 -0.47 -14.56 21.87
12.20 -15.85 19.19 22.67
-7.42 -2.77 2.74 22.47
0.65 1.23 18.25 23.27
-2.84 -6.57 11.16 21.81
2.71 0.96 12.96 21.81
4.02 -1.97 10.98 22.12
0.53 2.21 11.82 22.12
2.75 -0.81 9.16 22.43
0.95 -2.65 15.59 22.04
-2.60 -0.46 7.53 21.78
0.62 2.68 14.77 21.88
2.81 -0.06 14.00 21.88
-1.83 2.26 10.12 22.04
-2.28 -2.18 11.10 21.52
-2.24 -1.37 10.59 21.81
5.64 -1.79 11.50 21.97
1.21 -1.01 10.64 21.88
3.57 1.88 15.01 21.56
0.57 -0.23 12.57 22.36
-5.60 0.21 6.83 22.42
-0.01 1.07 8.62 22.12
0.56 0.15 11.44 21.81
-1.97 1.58 15.72 21.81
2.49 -0.13 13.56 21.59
2.34 -1.96 10.91 22.23
-0.67 -3.25 13.13 22.62
-3.00 2.11 12.41 21.63
1.84 -0.05 12.28 22.02
3.92 -4.16 10.94 21.99
6.37 -0.36 9.12 22.07
3.26 0.48 11.60 23.36
1.21 1.28 14.92 21.78
-4.51 -0.16 8.44 22.09
-0.46 0.45 12.24 22.59
1.74 -2.01 9.88 22.07
0.20 1.61 11.04 21.78
7.96 -3.57 11.43 22.12
-2.95 -2.46 10.68 21.64
2.31 1.83 12.94 21.59
1.89 0.08 8.65 22.02
1.27 -1.23 10.79 21.87
-1.95 -1.93 8.41 21.73
2.53 -2.95 10.43 21.80
0.73 -2.01 7.78 22.17
4.78 2.00 6.74 21.83
1.42 2.62 12.69 21.97
-0.34 -0.72 10.84 21.68
-1.76 0.40 9.96 21.99
3.76 -1.05 9.51 21.57
-1.32 0.28 12.00 22.42
4.62 -1.58 12.71 21.92
1.89 -0.45 10.76 21.83
1.29 -0.14 9.18 22.17
9.45 -4.51 19.06 22.07
1.15 -1.10 8.56 21.78
-2.81 2.12 9.90 21.83
1.87 -2.14 11.50 22.04
-3.68 -1.69 6.88 22.23
3.62 0.21 12.79 21.81
0.47 -1.57 12.37 21.73
-0.36 1.15 7.86 21.59
2.25 0.75 10.39 22.02
0.17 -2.00 9.73 21.73
2.70 -0.00 11.70 21.68
6.04 -0.42 9.76 22.17
2.32 -2.46 14.19 21.80
5.24 -1.90 11.66 21.92
-6.71 -2.00 12.29 22.07
0.11 1.65 8.53 21.81
5.10 -0.74 6.71 21.18
-2.16 0.29 13.24 21.99
0.79 0.27 16.11 21.92
-0.78 1.54 15.61 21.78
2.80 3.32 8.56 22.23
1.77 -2.83 7.73 21.80
4.13 -3.71 12.17 21.75
-2.12 1.34 8.28 21.78
0.46 1.06 8.71 22.28
1.63 -0.13 15.81 22.17
-0.66 -0.46 13.44 21.69
1.70 -1.52 8.50 22.04
2.64 1.63 8.37 21.47
0.26 -1.90 9.11 21.87
4.45 -1.65 12.42 21.64
7.07 -0.44 4.44 21.64
2.36 -0.49 10.85 21.87
6.47 -4.22 9.84 22.26
1.89 1.02 9.55 21.73
4.05 0.73 10.50 22.47
8.08 -2.23 8.10 21.63
2.49 0.99 9.28 21.83
1.69 -1.64 9.66 21.80
-0.01 0.11 13.32 21.63
2.21 -0.67 14.28 22.96
1.90 -0.91 8.14 21.80
2.69 -2.12 9.98 21.75
0.76 0.17 6.66 21.78
4.66 -0.19 8.94 22.12
0.95 -1.58 6.58 22.09
-3.99 -1.53 12.63 22.29
-0.18 6.00 1.25 21.73
10.50 -5.54 19.61 21.57
-2.00 9.59 19.61 22.71
9.85 -9.87 7.76 21.30
2.02 -1.11 14.95 21.63
4.10 -0.08 10.86 22.12
6.11 -2.01 9.13 21.63
6.44 -1.89 8.19 21.78
3.88 -2.77 17.63 22.14
4.24 -0.27 13.41 21.80
0.88 0.51 8.12 21.73
-0.17 -2.40 10.29 22.07
2.89 -1.07 9.28 21.83
2.10 0.03 10.73 22.09
-2.09 -1.03 6.71 22.26
1.75 4.10 3.30 21.78
4.56 2.31 7.26 22.76
-0.07 -0.66 9.72 22.14
0.35 -3.07 9.78 22.09
3.64 -0.19 12.77 21.73
4.54 0.49 15.71 22.17
1.36 -0.48 14.96 22.17
-1.94 1.89 9.11 22.00
-0.63 -1.04 15.94 22.17
0.40 -4.94 11.24 22.12
-1.41 5.74 10.33 21.68
0.22 -2.73 12.01 22.28
2.14 2.06 11.73 21.69
0.73 -1.27 10.13 21.68
0.29 -1.06 10.99 21.63
0.79 3.18 10.51 21.78
7.86 -3.09 12.82 22.28
2.50 0.31 5.09 22.23
-3.68 3.13 1.21 21.75
9.17 1.38 10.11 21.49
7.52 -4.24 6.77 21.88
2.52 -0.36 11.14 21.92
3.76 0.84 9.86 21.63
5.34 -0.62 11.31 21.57
5.87 -3.99 10.55 22.14
2.67 1.15 10.57 21.81
2.17 0.61 9.89 21.73
1.75 -0.39 13.31 22.47
0.15 -1.68 8.83 21.69
2.60 -0.59 9.78 21.78
2.62 3.09 9.85 21.73
0.57 0.33 11.71 21.78
6.07 -4.36 10.79 21.78
3.46 -1.88 12.66 21.69
3.43 0.04 8.81 22.17
4.11 -2.01 11.01 22.23
6.47 -1.40 5.99 22.12
0.99 -1.23 12.27 21.59
1.44 -1.03 10.78 21.57
3.07 -1.35 13.74 22.02
0.14 -3.05 9.55 21.57
-1.05 -2.07 10.85 21.68
-0.12 -0.74 13.24 21.99
2.04 1.55 10.73 22.52
3.19 -1.02 11.61 21.78
1.32 -3.65 5.51 21.78
6.75 1.11 11.48 21.64
-0.73 -3.94 10.24 21.78
2.41 -0.02 11.56 21.81
3.05 -0.38 7.61 21.63
0.70 -0.99 14.90 22.12
2.87 -4.51 9.39 21.44
2.31 -1.01 13.28 22.07
1.13 -0.20 14.85 22.07
2.27 -1.72 12.13 21.81
1.83 -1.85 10.36 21.68
-0.26 1.10 14.62 22.14
-0.34 -3.76 16.36 22.59
5.88 0.46 11.18 27.37
4.50 -4.56 10.98 21.68
2.38 0.44 11.72 21.68
-0.78 -1.76 10.58 21.87
7.54 1.55 14.39 21.87
2.05 -0.33 13.50 21.75
1.22 -1.64 11.47 22.57
5.09 -2.55 4.04 22.12
1.07 3.46 7.72 22.12
3.37 -3.36 8.94 22.23
2.70 -4.00 10.82 21.64
5.25 -4.28 12.23 21.68
-0.22 0.72 10.33 21.78
-0.73 -1.33 12.33 21.83
5.42 -0.47 7.97 21.59
-0.05 -2.04 10.20 22.52
2.95 -3.21 12.90 22.12
-1.38 -1.40 8.77 22.02
2.49 -2.49 8.60 22.07
3.05 0.28 10.05 21.75
4.42 -1.75 13.01 21.78
2.90 -0.81 9.90 21.83
5.10 -3.79 11.70 22.17
2.08 -3.26 9.33 21.83
-8.76 -0.84 13.25 21.87
-0.63 0.13 12.45 21.73
0.47 -4.43 14.80 21.75
6.22 3.22 12.74 21.78
0.33 -0.37 7.65 21.87
4.55 2.31 11.23 21.83
-3.64 -2.21 12.44 22.23
5.72 -2.97 9.92 21.85
3.16 -4.81 16.11 22.31
-0.22 -0.99 11.37 22.23
3.77 -0.14 7.92 22.07
-0.15 0.19 11.06 21.93
3.18 2.94 14.40 21.73
9.65 -4.19 -6.40 22.26
6.51 -4.15 6.95 21.87
11.59 2.62 16.10 21.44
1.43 0.10 10.10 22.48
-1.51 -0.53 9.34 23.07
-0.20 3.55 16.78 22.02
2.74 2.61 12.73 21.87
0.53 -1.59 9.61 21.80
3.68 -2.48 11.49 22.12
-1.41 0.46 10.25 21.73
5.22 -2.35 9.65 21.78
1.69 -3.24 8.97 22.19
2.19 -0.68 12.79 22.14
1.87 -1.50 13.52 22.23
6.35 -4.42 16.04 21.83
4.11 0.14 11.88 22.57
4.35 -1.60 11.60 22.09
0.55 -2.22 9.69 22.57
-1.75 0.05 7.67 21.92
1.43 -1.23 12.79 21.73
5.45 -3.56 12.98 22.12
2.60 -1.68 11.32 22.48
2.51 -1.32 11.52 22.07
-1.41 -5.66 10.67 22.91
5.33 -0.73 11.77 22.81
2.09 0.28 7.69 22.09
3.88 -0.63 11.98 22.54
1.37 0.69 10.59 22.02
-0.28 0.11 11.40 22.57
0.31 -2.15 10.63 21.18
-2.05 -2.10 3.01 21.69
1.82 -2.45 10.92 22.23
6.87 -1.70 9.47 21.73
2.42 -5.29 13.11 21.68
3.80 0.86 10.92 21.75
3.89 -1.30 10.94 21.83
0.62 0.92 9.73 21.78
0.81 1.44 13.53 21.73
2.12 -0.51 9.67 21.75
1.15 -0.59 12.88 21.78
3.87 0.28 10.73 21.68
-2.71 -0.96 9.69 21.83
-1.13 -2.77 6.81 21.85
4.09 -4.28 9.07 21.49
3.30 0.09 9.43 21.83
5.37 -0.24 9.45 21.68
1.75 0.49 10.26 22.04
6.69 -2.29 12.51 22.12
3.51 -0.18 12.09 22.17
1.14 -1.96 10.65 22.23
3.88 0.21 14.45 22.09
2.38 2.01 15.60 21.78
1.79 0.76 7.28 21.73
2.08 -0.87 10.24 21.73
2.12 -2.66 12.82 22.02
0.98 0.83 10.01 22.09
0.97 -2.00 11.83 22.14
0.09 0.54 11.02 22.17
4.49 -2.30 17.86 22.17
2.31 1.08 12.72 21.52
2.58 1.82 8.33 21.75
1.67 -0.37 11.97 22.36
1.91 -4.08 7.70 22.71
-0.63 4.94 9.08 21.78
1.06 3.27 10.10 22.29
3.01 -2.07 14.61 22.74
12.24 -5.08 11.91 22.14
4.19 0.93 16.29 21.57
0.13 -0.29 14.36 22.26
5.13 -2.61 1.55 24.30
-2.43 10.72 -3.36 22.33
-4.25 2.91 17.19 22.09
-8.66 0.60 6.23 24.10
2.94 -1.84 6.90 22.81
10.94 -5.52 18.70 22.57
5.00 -3.43 12.85 22.43
-9.30 1.98 9.22 25.74
-3.02 2.57 13.52 22.33
0.18 0.14 9.20 22.31
-0.61 1.88 12.93 22.36
10.40 1.75 11.83 23.36
4.04 -1.03 14.65 21.78
0.63 0.07 14.92 21.80
6.01 -3.13 12.05 22.31
-1.48 -2.57 14.97 23.94
-2.35 1.13 -6.54 21.78
-4.51 1.07 9.97 22.24
-1.01 1.53 10.83 23.41
-4.16 -2.43 18.46 23.12
6.35 -5.22 16.57 23.36
11.20 -19.61 -11.97 22.96
-13.01 6.68 8.09 23.02
-1.85 3.23 10.72 21.39
4.93 1.85 5.88 22.09
-5.48 6.69 12.04 22.12
0.26 -1.60 7.01 21.78
2.65 -4.62 10.39 21.83
2.62 -2.78 11.91 22.83
2.41 -2.19 10.78 22.64
3.06 -0.02 10.75 21.63
-0.47 -0.04 12.50 22.26
-1.09 -0.22 9.74 22.17
0.27 -2.06 1.70 22.04
7.70 2.71 12.68 22.28
0.71 -4.16 11.46 21.80
6.20 2.04 7.58 22.52
5.57 0.33 15.34 22.23
-3.59 1.71 16.47 22.42
16.82 -1.67 -9.22 22.36
19.61 11.01 1.62 23.43
-11.92 -14.61 3.63 22.64
6.35 1.93 18.80 22.09
-3.27 -3.93 0.66 21.83
2.86 1.44 6.80 21.68
-3.64 -2.19 13.90 22.12
-0.53 -1.24 10.00 22.52
19.61 -19.61 19.61 23.12
19.61 -14.34 19.61 22.29
0.39 12.68 14.77 22.83
7.90 -4.63 9.54 23.72
17.45 -19.61 19.61 23.17
-4.07 -1.23 18.13 21.23
3.56 -1.58 18.79 19.89
0.81 -1.23 9.55 18.93
-5.63 -10.42 8.25 21.13
-17.60 -0.95 2.14 21.88
3.45 4.68 -1.48 21.83
8.38 -2.89 12.76 24.83
-4.11 -1.95 11.38 23.22
18.67 9.54 7.43 24.27
3.00 -9.37 13.37 21.47
19.61 -9.43 14.32 21.68
-4.91 -7.98 9.54 21.63
0.04 3.23 19.61 23.80
6.26 2.91 1.78 23.46
-5.16 5.48 5.83 23.80
19.61 -3.65 -3.20 23.22
6.23 12.80 11.20 24.01
3.44 -6.79 7.72 22.31
4.51 -8.22 -10.58 22.17
-9.19 -2.71 11.65 22.62
-0.21 4.60 -0.20 23.20
5.72 -9.05 17.55 22.31
10.02 6.90 8.78 23.96
-9.72 -1.99 11.84 21.80
-15.57 3.36 -1.25 22.12
6.97 -3.76 4.10 23.07
-10.07 -0.63 12.70 22.36
-13.55 -5.66 -17.85 22.96
-13.36 10.81 19.61 23.26
-3.17 -9.07 9.95 23.12
4.06 -5.63 17.99 21.30
3.15 -0.11 11.29 21.68
3.45 -2.00 13.75 21.87
4.31 -0.00 12.19 21.73
0.46 0.23 11.15 21.51
1.75 -1.87 9.25 21.92
1.74 0.06 11.86 22.02
3.49 -1.32 10.75 21.47
-0.03 -0.10 12.20 21.23
6.90 -0.03 9.02 21.57
5.84 -5.87 13.46 22.26
13.46 15.16 8.20 22.17
-0.18 -10.49 15.03 22.17
4.96 -1.96 5.24 21.83
5.66 3.05 9.00 22.04
1.49 3.73 9.16 22.26
-6.12 0.95 6.90 21.92
4.75 2.56 8.44 21.57
-1.48 0.17 2.69 21.51
4.05 0.51 10.52 23.12
0.07 0.32 8.76 22.86
1.40 -1.81 11.47 22.42
2.74 -2.06 8.61 22.07
5.76 -3.32 10.67 21.95
0.24 -0.02 9.94 21.64
3.73 -0.01 12.72 21.78
0.22 -0.71 11.41 22.71
5.55 -2.30 10.05 22.31
1.35 -1.78 11.61 21.68
5.09 0.74 9.46 21.75
7.66 -4.72 11.99 21.78
3.72 -1.56 13.79 21.47
2.50 1.16 10.13 21.57
8.41 2.85 8.09 21.64
13.47 -11.64 19.61 21.83
-3.24 -3.99 17.93 41.79
2.19 1.78 12.84 22.76
3.35 6.88 9.01 22.91
2.27 2.01 3.94 22.09
6.20 -4.68 7.04 22.83
14.16 -4.70 8.78 21.68
-0.51 -1.81 9.58 22.07
12.55 -2.66 19.61 22.86
17.41 -5.98 9.84 23.46
8.20 -7.68 15.70 22.28
2.47 -0.80 10.89 23.51
3.37 -0.47 15.21 22.78
-1.86 -5.88 2.63 22.52
5.80 4.51 19.61 22.81
4.64 3.09 14.80 22.67
5.79 -1.79 15.82 22.59
4.09 0.68 12.05 23.07
4.48 2.22 10.92 22.72
2.83 -5.05 18.07 22.07
0.79 -0.79 15.45 22.81
-19.61 -3.09 0.72 23.75
-3.17 -2.47 11.05 23.15
-3.99 2.12 19.61 23.31
4.08 -9.84 14.81 21.92
-3.68 0.25 12.72 21.15
-3.61 0.10 12.23 21.23
2.09 -5.05 16.10 22.26
0.76 -2.87 3.90 22.36
7.29 -0.62 -0.30 22.78
5.44 -3.47 7.34 22.67
1.50 -9.93 10.93 21.97
9.12 -3.96 9.35 21.73
0.81 -3.15 12.15 23.46
6.93 -2.56 12.58 22.71
5.06 -0.91 11.05 22.14
3.04 0.26 13.73 22.04
-1.21 -3.67 9.80 22.42
7.89 5.77 16.32 21.37
5.77 -4.03 11.85 21.25
-1.94 0.26 9.21 22.54
5.55 6.25 15.57 23.22
2.62 -4.17 14.07 22.91
6.50 1.19 10.44 21.68
-0.08 -0.10 6.10 21.63
-0.39 -2.78 13.79 23.32
2.42 0.21 13.35 21.87
3.13 -3.04 12.32 22.62
5.52 -3.60 8.88 22.31
0.44 5.82 10.68 22.66
2.13 0.05 7.47 22.19
2.02 -0.17 12.48 21.69
10.75 5.71 12.41 21.47
2.19 -5.80 10.03 22.47
-1.39 2.69 9.59 21.78
7.66 -0.72 13.03 24.83
0.73 -11.82 5.88 23.75
4.46 1.53 7.62 22.04
-4.04 -2.51 9.02 22.57
7.02 -2.07 13.62 22.52
0.08 -3.58 15.11 22.76
9.38 2.04 -10.41 21.78
7.34 2.20 9.52 21.80
-0.71 -7.75 10.50 22.23
3.57 -1.16 11.25 22.31
3.84 1.06 10.01 23.02
2.86 1.24 14.84 21.04
-0.89 -3.14 11.37 22.76
-5.18 9.62 19.61 22.69
0.90 -8.03 13.54 22.54
6.72 1.41 14.75 22.29
6.70 4.92 6.74 22.52
3.78 -1.33 13.22 22.12
-1.45 10.85 17.02 21.49
-3.23 -1.75 16.90 21.87
0.63 -0.76 9.88 22.09
-2.58 -0.54 5.21 21.97
0.77 3.94 2.77 22.52
16.01 6.43 -7.74 23.02
-1.88 0.54 9.79 21.90
-0.51 3.80 3.96 22.57
-0.10 -7.02 13.70 22.02
-2.28 -4.23 9.84 21.78
9.03 -8.17 10.34 21.83
6.22 -0.37 6.45 21.69
10.60 1.11 19.61 21.68
-1.30 0.71 13.00 21.33
-1.64 -2.66 13.46 21.57
3.39 0.57 13.47 21.64
0.41 -1.51 14.66 21.47
-0.08 7.43 19.61 22.02
-3.40 -2.77 11.50 21.97
6.47 1.78 6.44 21.28
-9.50 -1.45 15.41 21.99
1.92 1.09 4.53 22.02
0.23 -4.41 14.90 20.63
-5.11 -1.11 3.65 21.87
-19.61 -7.91 7.49 22.02
-6.59 7.53 -5.63 21.39
4.86 -1.56 13.80 21.59
-3.59 -9.64 7.01 21.18
-1.38 -0.64 18.41 22.26
-5.31 1.57 8.77 22.72
-0.42 5.41 6.17 22.14
5.40 1.23 10.55 20.49
-4.37 -1.58 17.92 21.73
8.20 -0.78 16.63 22.23
7.47 -7.43 7.95 21.01
0.17 -5.03 3.09 21.33
0.91 1.39 9.61 22.52
2.69 0.64 11.76 22.17
2.31 0.51 8.74 21.40
0.36 -0.29 10.12 21.69
1.54 -1.41 19.61 22.36
-4.87 2.27 10.37 22.17
-5.22 1.03 1.17 21.63
9.45 -5.17 11.21 21.40
0.74 -0.69 14.10 21.81
8.59 -5.02 18.54 21.73
4.47 -1.23 9.76 22.12
13.03 -3.80 9.23 22.02
-6.52 -5.54 12.01 21.35
8.06 0.33 13.27 22.57
-1.39 -0.38 15.58 22.76
1.65 -2.82 4.75 21.52
0.15 4.89 18.56 21.51
-1.45 4.42 15.54 22.19
10.72 5.01 11.99 23.51
5.60 -19.61 5.97 22.02
15.50 2.43 9.32 21.13
-8.52 1.86 12.91 21.39
-11.20 11.35 19.61 21.35
-2.97 -4.71 10.32 22.02
4.83 1.63 7.70 21.83
1.96 -4.24 13.44 21.83
2.84 0.13 14.38 21.73
2.81 -0.78 13.60 22.33
-2.52 0.56 12.09 21.88
3.38 1.10 7.75 21.87
2.49 -2.52 7.46 22.23
5.21 0.48 9.66 21.64
0.25 -1.84 13.35 21.64
1.67 -2.60 11.51 26.53
-11.48 -3.42 3.43 22.17
1.63 -1.00 9.44 25.62
3.60 6.17 9.08 21.08
1.57 -5.41 17.42 20.84
-5.31 -0.62 9.60 22.67
11.94 -4.68 12.47 22.71
-19.61 -1.93 12.28 22.86
-1.52 3.13 6.14 21.18
-19.61 -18.10 19.61 22.78
12.43 13.57 9.63 22.12
-0.29 -7.58 14.75 21.69
8.46 3.19 11.31 21.56
1.52 -2.53 10.04 21.85
4.18 0.16 8.57 22.12
2.99 1.06 8.78 21.88
2.86 -3.58 12.78 22.23
1.68 -0.64 10.71 22.33
1.86 0.59 12.40 21.47
-1.51 0.03 12.74 21.63
1.50 0.02 9.29 21.87
2.49 2.43 7.98 21.40
9.85 -4.47 6.23 21.57
-0.76 0.04 4.11 22.31
2.20 0.50 5.35 23.65
-1.53 -5.23 4.02 22.81
-8.12 14.57 12.30 22.35
-0.14 -4.78 11.43 21.85
8.35 -2.47 4.82 21.52
-2.77 -4.31 9.61 23.36
7.45 -2.39 14.61 22.81
-4.55 3.53 3.88 23.07
-0.38 1.43 19.61 21.01
2.19 2.08 18.65 21.37
-5.60 -1.92 14.94 22.33
1.61 -2.12 9.77 21.92
3.97 -1.36 8.81 21.54
-0.83 -5.90 2.48 21.87
-10.39 2.14 17.01 21.68
8.21 0.25 12.21 21.78
19.61 15.02 -3.22 22.17
-2.63 -5.24 9.88 21.92
6.45 1.73 8.02 21.88
-0.36 -3.63 8.03 21.63
19.61 -1.19 -13.30 21.63
-5.01 -15.75 19.61 22.02
8.81 -1.23 9.24 23.27
7.00 -6.16 7.88 22.64
0.65 3.80 9.96 22.76
-1.30 -6.28 15.48 21.97
0.60 5.02 11.39 21.81
6.35 -4.35 11.08 22.96
-5.53 -5.75 -7.77 23.48
7.85 4.17 6.26 22.81
9.34 -5.41 13.27 21.08
-1.46 -4.90 12.24 21.92
0.88 1.56 4.32 22.36
11.05 -7.40 13.54 21.59
5.67 0.81 8.71 21.44
-0.06 -10.98 6.93 21.81
2.07 -1.53 8.36 22.02
-2.34 -5.13 4.58 21.54
-11.00 3.15 3.82 21.97
0.37 -0.04 11.02 22.17
-3.80 -1.07 11.86 21.78
3.52 4.12 13.47 21.68
-0.40 -0.36 12.82 21.75
5.27 0.92 12.60 21.85
19.61 -18.67 19.61 22.36
19.61 -19.61 11.52 21.87
-16.17 7.70 0.25 20.97
2.71 -11.36 16.16 22.96
15.63 -2.12 16.90 22.47
-17.78 -4.88 6.53 22.93
-3.79 6.71 11.53 23.41
0.54 -8.77 8.43 21.80
-4.83 3.98 5.62 23.31
2.76 -7.47 19.61 23.80
-2.50 2.89 8.58 22.23
-5.78 5.45 10.24 21.39
9.03 -3.02 7.43 21.37
5.92 -2.55 9.03 21.92
3.34 -0.45 8.28 21.68
-1.27 -4.10 16.32 21.40
0.81 -1.18 17.99 21.75
4.32 -6.74 10.53 22.57
4.79 -3.72 10.72 21.81
3.66 0.61 12.21 21.97
5.26 -1.18 8.61 22.36
3.68 -1.37 9.18 21.64
2.95 1.59 13.23 21.80
5.34 -1.12 18.86 21.63
15.34 3.40 13.35 22.07
3.39 -9.43 1.52 23.60
0.02 -1.24 14.18 22.17
4.85 -0.96 10.06 21.80
-3.32 -7.40 -1.67 23.31
6.23 0.96 19.61 42.55
9.91 4.55 15.86 22.36
-3.30 -3.02 19.61 21.92
-14.53 -13.93 19.61 22.52
0.04 1.75 9.87 21.08
10.88 -0.04 4.21 21.25
9.53 -7.30 10.31 21.85
1.05 -1.89 8.69 21.78
-2.94 -0.04 14.50 21.87
3.53 1.33 14.26 21.83
11.62 -2.83 5.94 21.81
5.57 1.99 15.33 21.75
-0.30 -1.91 13.16 21.68
2.63 -7.44 19.61 22.42
19.61 -12.79 19.61 21.81
7.30 -6.56 19.61 21.52
1.61 1.30 10.23 21.49
-2.13 1.82 8.55 21.68
-0.69 3.62 12.53 21.83
6.35 3.13 16.95 21.83
-4.70 14.61 -19.61 22.17
12.93 -7.87 15.53 22.42
-5.38 1.89 9.09 22.09
-6.42 -1.33 12.56 23.07
-8.12 11.90 -0.84 22.42
10.25 -12.48 0.57 21.81
1.46 -0.17 14.89 21.03
3.69 -6.22 13.03 24.06
6.16 -0.15 13.88 23.62
-4.27 -6.57 9.29 21.47
7.83 3.68 14.05 21.39
-0.67 -3.47 9.27 21.78
5.08 -1.44 12.06 21.80
7.38 -2.02 9.10 22.14
0.52 -1.73 9.73 21.97
4.34 3.09 13.75 21.73
0.78 -1.85 7.34 21.92
2.92 -4.28 7.90 21.78
-0.62 2.83 19.61 21.83
5.64 1.05 14.37 21.49
-2.15 -0.67 9.08 22.07
-12.39 -1.65 -6.40 22.09
12.91 0.88 5.33 21.40
-6.90 -1.09 7.09 26.33
0.14 -0.25 1.54 22.31
15.68 6.24 6.27 22.81
-16.35 -2.47 6.07 23.12
1.99 -0.32 14.22 22.31
-1.86 2.78 13.69 22.38
-19.58 -5.94 18.44 22.93
-1.64 12.11 2.01 21.08
11.92 0.66 12.46 21.28
1.15 -1.76 19.36 23.20
16.21 -7.40 16.17 21.92
-1.47 -11.72 9.47 22.09
11.79 -1.45 10.85 21.28
4.49 -0.68 10.32 21.87
0.92 -0.06 8.07 21.87
-0.47 0.14 12.71 21.49
2.19 -1.72 9.45 22.36
3.32 -2.15 7.48 22.02
0.30 -0.47 18.64 21.47
0.93 -2.92 15.50 22.36
8.03 -3.51 8.04 21.93
1.81 1.57 9.80 21.68
1.16 2.05 15.22 21.52
-1.19 -2.61 13.14 22.02
0.20 -2.73 14.31 21.87
2.65 -1.94 10.16 21.44
0.25 -1.81 11.28 22.17
1.97 2.29 9.35 21.78
-0.51 1.10 14.65 21.28
-2.53 2.52 10.38 21.99
11.93 -6.66 12.83 21.92
8.10 1.19 12.13 21.47
-2.30 -4.72 9.41 22.07
2.55 0.01 16.01 21.68
1.70 -2.80 14.23 21.99
2.25 -0.11 9.52 21.88
6.04 -4.97 11.92 21.83
2.72 -0.28 12.38 21.73
1.04 -3.29 10.71 21.88
4.38 -2.06 13.77 21.81
1.72 -0.35 11.15 21.33
0.07 -3.01 14.59 21.80
3.52 -1.62 11.05 21.47
1.11 -2.16 10.65 21.97
16.06 -5.32 17.68 22.12
6.14 3.71 13.29 22.12
-4.34 -1.39 9.56 22.14
11.71 -5.78 5.66 21.39
-0.74 5.94 10.24 21.73
4.87 -8.41 15.27 27.15
4.11 -2.39 4.24 22.91
19.61 -5.37 3.73 23.07
-6.41 -1.67 7.15 23.17
-5.07 3.27 9.53 21.69
2.33 -1.73 9.44 20.73
-3.62 5.84 -4.40 21.68
3.81 -5.99 12.89 21.95
-0.17 1.33 11.72 22.04
4.47 0.96 8.37 21.52
-0.56 -2.19 9.70 21.37
-2.02 -2.63 14.11 20.79
3.07 -2.44 11.93 21.15
3.51 -2.48 8.81 21.33
2.91 -0.24 9.69 22.36
2.74 1.35 7.91 22.07
1.97 -3.28 19.61 22.14
2.28 0.98 10.19 22.64
-3.56 -2.16 8.85 22.86
1.63 0.18 12.94 21.63
4.97 -0.24 8.38 21.97
0.40 -1.84 11.43 22.07
4.50 0.45 7.77 21.51
3.57 -2.69 11.84 21.23
-6.24 -4.62 0.56 21.57
-2.85 1.09 15.50 22.17
4.22 -0.34 11.03 21.83
3.47 2.25 12.11 21.44
2.28 -0.31 1.86 21.92
0.05 10.36 17.11 20.63
-10.19 -0.67 5.16 21.54
13.07 -5.36 8.08 22.47
2.42 -6.69 11.19 21.54
2.47 1.02 11.99 21.75
3.14 3.10 10.75 21.87
1.51 -3.84 10.86 22.26
16.46 0.91 14.94 22.47
-1.22 -10.10 6.26 23.05
9.71 -1.82 -0.99 23.56
-0.56 -4.67 11.40 22.72
3.10 1.10 10.34 21.08
0.74 -0.31 11.40 20.20
1.42 -1.63 9.28 19.28
1.71 -3.20 9.75 20.15
-3.13 -0.85 10.53 21.39
0.48 1.57 11.92 21.51
1.31 -0.36 11.82 21.64
0.05 -1.98 11.59 21.97
5.54 1.02 5.22 22.02
5.29 -2.40 12.39 21.85
3.34 -0.14 11.98 21.06
-0.70 -2.69 10.62 21.13
1.83 -1.60 11.74 22.23
2.01 -1.80 11.16 22.36
2.62 1.30 10.25 21.97
3.20 -1.53 13.46 21.75
0.52 -2.23 9.77 22.07
2.19 -1.35 8.35 21.78
-0.10 0.51 9.99 21.52
1.48 0.97 10.32 21.56
1.88 0.18 8.20 21.88
4.48 -0.55 11.13 21.97
1.42 0.71 8.50 21.78
-7.09 2.14 8.27 21.45
1.77 -1.84 15.33 21.37
3.52 -1.66 12.14 21.52
2.57 -1.75 13.25 21.57
3.36 0.47 11.89 22.33
-1.50 -0.80 9.79 21.78
3.58 -1.59 11.26 21.42
0.75 -0.17 9.94 21.42
-0.92 -0.20 11.56 21.93
4.61 0.50 7.27 22.17
2.40 4.46 13.08 22.07
0.34 -3.53 10.12 22.28
0.95 0.41 10.04 21.78
3.76 -2.09 12.65 21.45
1.94 0.06 9.23 21.47
2.41 -2.90 11.67 21.73
1.80 -0.06 10.29 21.97
3.17 -1.21 10.58 21.49
3.13 -4.09 11.46 21.28
-1.99 -1.48 8.96 20.63
1.48 0.76 13.52 21.33
2.41 -2.83 13.22 22.67
-0.70 -5.12 18.36 23.72
4.71 -2.45 16.14 22.38
-0.26 1.81 10.92 23.56
0.64 1.41 2.52 22.47
8.30 -17.89 -6.79 22.52
-10.30 1.12 9.53 22.26
9.79 -0.61 7.24 23.91
-1.24 0.43 12.80 24.28
2.24 -2.31 10.58 24.16
4.29 2.11 16.10 21.15
3.72 -5.11 11.05 25.93
4.50 -0.27 11.34 22.31
-2.55 1.17 13.63 21.87
-0.91 0.39 7.82 22.17
-0.72 -0.85 11.19 874.02
-4.06 4.85 10.94 5.23
-5.42 1.93 10.79 22.21
-1.01 -3.05 8.53 22.76
1.60 0.30 6.04 22.48
-0.10 3.12 16.28 22.19
1.51 4.35 11.75 21.63
-1.87 -1.83 12.64 21.23
9.61 -0.62 10.40 21.08
0.54 -2.91 9.75 21.01
1.89 0.46 9.43 21.78
2.13 -0.41 9.99 22.42
0.10 -2.90 11.01 21.87
2.14 -3.30 10.07 21.93
2.59 -2.67 8.95 21.73
1.04 -0.37 9.37 21.13
8.59 -0.63 8.06 21.28
-0.81 1.07 4.62 20.70
-3.09 -0.29 12.13 21.52
1.61 -3.07 12.21 21.83
-1.15 1.38 10.33 22.02
1.40 -3.91 12.45 22.00
0.36 -1.87 11.51 21.81
4.41 -3.20 12.81 21.37
0.62 -1.22 8.83 21.39
2.92 -0.13 11.22 21.99
2.10 -3.03 10.38 21.87
1.62 -3.14 8.28 22.36
-2.30 -1.11 9.53 22.47
3.59 0.16 9.09 22.31
0.92 -2.41 8.71 22.24
2.20 -0.08 9.98 22.07
1.02 -1.67 11.31 21.78
-2.25 -2.55 16.33 21.68
1.84 0.55 9.46 21.20
-0.24 -1.90 7.16 20.94
-5.58 -0.58 14.69 21.37
6.37 -0.51 4.54 22.23
4.21 0.48 12.83 22.57
2.20 -1.52 10.06 22.64
3.01 -1.52 9.60 22.72
-1.39 -0.81 11.41 21.42
5.73 0.39 13.65 22.96
0.31 0.80 13.17 26.27
-1.44 -2.60 12.00 23.12
7.72 -0.61 10.69 22.17
-1.40 -1.25 9.03 21.25
3.30 4.65 14.11 19.45
-11.72 5.95 -2.12 22.28
-1.24 -1.24 11.97 23.51
-3.99 1.13 8.45 23.27
0.66 -0.15 11.03 22.28
1.02 -0.51 11.34 24.66
1.66 1.59 11.60 22.31
7.42 -4.41 13.40 22.67
-0.95 -0.26 3.66 22.57
3.35 -2.89 12.14 22.66
1.06 -0.36 14.03 22.48
3.14 0.06 11.48 23.27
3.10 -2.34 12.31 22.23
1.28 3.56 12.22 21.78
-2.54 -2.68 12.36 21.88
0.61 5.23 11.47 21.92
1.52 0.28 11.58 22.17
4.48 -4.67 12.41 22.43
5.49 -4.95 15.85 22.76
2.74 0.51 11.26 25.48
0.66 -2.51 11.95 22.86
1.66 -1.12 6.39 22.02
4.81 1.82 11.39 21.73
4.24 -4.42 12.17 21.20
5.92 -4.18 14.12 23.65
3.04 -1.87 11.03 22.36
0.44 -0.37 11.22 24.20
2.37 2.61 11.43 22.62
1.12 -0.05 11.33 22.88
0.06 0.70 12.94 22.19
3.76 -1.37 14.18 22.07
2.19 -4.28 12.59 22.07
2.75 0.79 7.44 22.23
-9.96 -2.63 19.61 21.97
2.99 6.33 14.92 22.24
-0.40 -2.45 18.27 23.82
-3.91 -6.28 11.32 23.22
13.77 -10.19 18.36 23.12
-2.16 0.90 5.37 22.23
-2.23 2.51 15.06 22.81
-19.61 0.29 18.59 21.52
8.32 3.69 -2.21 19.17
-3.28 -7.65 12.94 20.73
-0.14 -0.73 7.53 23.12
16.74 -3.72 12.88 24.04
-5.90 -1.62 11.72 24.88
3.11 2.19 9.73 22.12
-3.40 -2.45 6.85 21.49
5.19 5.63 11.48 21.54
3.89 -1.87 7.60 22.12
0.27 0.94 10.22 22.02
0.52 -0.66 9.34 22.33
3.15 0.23 7.13 22.04
-0.71 -0.43 9.56 21.73
1.13 -0.65 10.31 22.17
0.81 4.03 12.85 21.97
4.10 0.89 8.12 22.54
2.51 -1.83 9.37 22.31
1.45 0.42 10.55 21.93
2.78 -1.22 9.79 21.68
-5.38 -5.81 13.17 22.52
-0.65 2.71 5.44 22.42
0.96 0.02 11.03 22.12
4.19 2.56 11.86 21.09
3.00 -4.26 8.42 22.02
-2.74 -2.49 8.94 21.83
1.23 -2.30 4.85 22.47
-0.47 0.73 7.23 21.88
0.11 -0.37 15.12 22.14
5.10 0.91 9.43 22.96
-0.04 1.97 13.29 22.42
2.79 -0.38 11.93 21.78
4.20 -2.38 9.28 22.54
4.03 1.98 12.12 23.17
2.76 -3.15 9.74 22.02
-10.76 -4.52 12.02 21.68
8.28 12.13 15.99 23.20
-10.35 -3.66 19.61 21.52
-8.73 8.50 14.48 21.90
0.12 0.15 12.25 22.54
-2.61 -0.14 8.95 22.48
2.84 1.95 4.44 21.88
2.49 3.68 3.46 22.17
-0.45 -1.91 13.05 23.36
4.36 4.08 9.54 23.03
-0.58 0.66 16.73 22.69
10.40 7.39 19.61 22.83
16.86 -11.97 1.51 22.67
0.13 0.54 8.62 21.52
-2.92 -6.85 4.95 21.52
7.30 -3.37 8.65 21.59
0.30 -3.96 10.98 21.18
2.39 -0.98 9.77 21.49
4.91 -3.17 18.37 21.68
5.37 -1.66 5.80 22.38
2.55 -0.98 13.18 21.78
1.48 -0.11 7.07 21.92
2.65 -3.40 9.59 21.97
0.53 -2.34 13.40 21.80
4.23 -0.47 8.84 21.92
0.20 -3.50 11.44 21.87
2.37 -0.87 10.10 21.92
3.40 -2.61 11.05 21.57
0.91 0.08 12.46 21.35
1.59 -1.09 14.70 21.57
-19.61 -19.61 -19.61 20.94
-19.61 19.61 19.61 20.44
16.34 -1.66 10.05 23.86
-9.52 -6.39 1.77 24.70
19.61 -2.30 -2.19 21.30
9.35 -7.60 2.36 20.80
-7.71 -1.84 12.58 23.46
5.88 5.80 6.31 23.31
-2.49 -1.11 6.27 20.94
5.45 -4.14 -3.35 21.73
19.61 -10.08 -11.62 23.82
-12.96 4.40 3.20 23.03
6.66 -1.31 13.97 21.88
-4.60 -3.45 6.36 21.57
-0.62 -3.07 6.62 21.20
1.54 5.49 9.06 21.56
4.81 -0.76 9.55 21.97
5.58 -1.96 5.94 21.87
-0.60 -4.87 13.61 21.92
5.81 3.11 4.34 21.40
3.47 -1.69 8.41 21.47
-1.54 -2.35 11.63 21.93
10.18 -5.28 19.13 21.37
-0.87 -0.92 6.60 21.83
10.91 1.73 7.62 21.80
5.29 -1.37 10.73 21.97
5.59 2.35 9.62 22.52
-0.51 -4.28 12.83 21.97
-3.02 -10.22 19.61 20.91
-2.35 -3.27 -3.87 20.99
-4.70 -4.36 4.51 23.15
-17.66 -9.59 3.85 24.04
8.49 -9.25 -11.25 21.18
9.61 2.73 11.95 21.73
-0.19 0.51 19.61 21.57
9.12 1.64 14.00 22.48
2.76 -7.97 18.70 23.07
4.56 -0.49 6.25 24.54
5.38 -3.48 5.60 22.02
-1.09 2.38 15.17 22.17
-0.18 -0.06 5.21 22.17
3.36 5.32 6.64 21.35
0.20 -1.93 10.83 21.28
-5.67 -3.13 10.76 21.63
18.50 -2.85 13.80 22.07
2.51 0.01 10.51 22.19
-2.44 -2.13 11.23 20.91
2.93 2.56 11.18 21.39
3.84 -1.35 7.16 21.87
2.16 2.59 15.48 21.33
13.39 5.74 -7.42 22.19
7.27 -15.82 17.73 22.09
3.18 2.15 12.39 21.18
10.47 -6.25 11.34 21.33
2.16 -0.10 8.83 21.83
-0.90 -2.67 9.35 21.44
-0.25 -0.45 8.21 21.68
2.43 -1.92 14.09 22.09
4.35 1.53 6.55 21.47
1.85 -1.89 13.80 21.33
3.61 -0.40 5.49 21.47
-1.13 -0.17 12.68 21.59
1.58 0.58 12.06 21.92
-0.86 -2.84 -8.93 21.78
2.67 5.73 -1.81 21.39
5.31 -3.36 19.61 22.71
0.92 4.83 4.89 21.56
13.39 -0.76 10.02 21.28
6.87 -2.10 13.64 21.23
-1.83 -1.78 -4.21 22.62
19.61 -8.02 19.61 21.35
-19.61 -19.61 10.13 21.30
15.29 -13.46 19.61 24.30
-8.91 -10.60 -2.01 22.64
19.61 14.62 19.61 20.60
19.61 -19.61 -4.92 22.31
10.89 -0.09 19.61 23.15
-9.67 2.37 8.58 20.97
1.49 5.82 11.73 21.15
5.94 -1.99 14.82 21.97
2.25 2.12 11.40 21.04
0.77 -0.05 8.16 21.73
3.06 -3.29 11.19 22.04
0.88 -1.42 9.76 21.69
1.58 -1.40 10.01 21.57
1.98 -1.48 10.76 22.07
2.79 -3.56 11.97 21.81
-0.53 0.52 7.93 21.51
0.18 0.68 10.71 21.92
1.32 -3.08 11.53 21.73
2.24 -0.21 11.52 21.49
4.44 0.35 8.97 21.80
1.50 1.24 8.44 21.63
0.86 -1.60 14.16 21.52
-3.35 -1.92 10.66 22.02
-2.29 -4.22 8.84 21.83
4.22 1.40 11.45 21.56
0.68 1.39 10.80 21.97
2.09 0.21 9.90 21.47
1.07 -0.14 13.50 21.52
0.61 -0.47 11.77 22.09
5.40 4.12 15.94 21.33
-2.22 -2.10 12.75 21.73
1.29 5.52 15.30 22.12
-2.13 -2.26 9.30 21.45
1.02 1.80 13.08 21.97
-3.55 -7.21 9.07 22.02
9.17 -7.29 6.36 21.44
13.94 0.44 10.84 22.07
-12.03 -9.88 15.05 21.99
2.25 1.19 8.83 22.19
3.57 0.05 10.04 21.88
0.82 -0.14 16.65 21.83
4.41 -0.96 13.15 21.39
-1.05 -2.24 8.11 22.14
5.43 -2.09 10.38 21.78
2.97 0.45 11.99 21.57
1.27 -3.76 10.90 22.62
-15.49 1.77 19.61 21.88
5.22 -14.32 19.61 21.15
2.72 -19.61 14.48 23.14
-19.61 10.21 19.61 22.29
-13.33 -3.07 14.64 23.38
-19.61 19.61 19.61 23.43
-10.09 5.17 5.82 21.39
0.14 -9.24 19.61 22.36
-19.61 6.18 5.90 23.26
10.24 -8.49 10.52 22.62
-0.52 -3.61 12.73 21.33
-2.18 0.19 8.57 22.35
3.45 -1.31 10.42 21.78
-4.35 -0.30 10.43 21.44
1.73 1.07 9.96 21.97
3.86 -1.98 7.85 21.57
2.86 -0.05 14.65 21.69
3.14 -3.29 9.12 22.17
0.57 -3.48 8.59 21.57
3.00 -0.96 11.31 21.52
1.23 -3.21 10.23 21.83
-3.13 -1.88 12.25 21.78
6.47 0.57 9.56 21.40
4.64 -4.01 11.36 21.78
-0.06 -0.17 8.99 22.12
2.75 -0.06 9.88 21.97
3.25 0.98 15.78 21.75
1.05 2.06 7.26 21.68
5.59 -1.61 10.04 21.42
-6.15 -4.80 8.41 23.15
7.49 -1.31 16.66 23.70
-19.61 1.86 19.61 22.76
19.61 -2.29 -8.23 24.01
-3.51 -9.03 8.41 20.75
-19.61 -6.31 5.49 21.35
-14.23 1.75 10.12 21.39
7.25 -6.95 9.79 21.13
-1.63 0.07 19.50 20.68
7.90 -4.29 5.39 22.09
2.30 -4.81 6.50 22.17
9.92 1.96 17.48 22.04
10.35 -7.92 19.61 21.92
6.69 -5.89 7.65 23.20
5.53 -3.10 13.11 22.12
-3.80 1.68 8.39 22.02
-7.22 6.63 9.43 21.01
6.33 -6.52 13.66 22.04
3.88 -4.78 17.20 21.83
-0.51 -0.39 9.46 21.44
-6.17 3.16 11.28 21.90
3.17 -3.59 15.37 21.88
18.78 -8.64 19.61 22.17
-10.27 -0.41 -1.13 23.02
-4.84 -1.23 14.03 22.02
2.77 -4.85 4.40 21.18
4.33 2.04 10.08 22.64
0.38 -2.36 10.07 21.97
2.50 -2.01 11.47 22.91
-3.17 3.36 7.66 22.71
-8.08 -7.37 8.62 21.87
6.76 -1.77 13.33 21.35
0.29 1.60 15.51 21.47
2.84 -4.24 19.61 22.26
-0.37 -0.25 3.75 22.42
-1.35 0.06 12.89 21.73
-0.03 -4.14 7.42 23.03
-0.98 2.79 19.61 22.76
5.01 -11.49 7.30 21.92
4.29 -0.04 19.61 20.84
-19.61 15.15 -6.47 21.18
15.36 11.67 4.60 22.04
19.61 -16.31 19.61 23.62
6.55 -18.71 19.61 23.08
-18.35 -16.14 19.61 21.59
-19.61 19.61 19.61 22.12
19.61 -19.61 13.21 23.19
19.61 -14.41 -9.88 24.18
-19.61 0.36 4.39 22.07
9.49 -7.10 2.55 22.96
13.15 -19.61 4.23 23.86
18.78 0.16 15.36 22.86
19.61 -8.29 9.83 20.99
-2.04 7.12 7.53 23.92
-14.22 -10.12 19.61 22.35
-8.11 -7.52 -19.44 21.54
-15.18 19.61 -7.85 24.71
-2.25 -9.53 -7.56 25.40
10.97 -19.61 14.81 24.56
-14.63 2.81 19.61 21.30
-3.72 12.43 19.61 21.03
-3.60 -7.48 6.46 21.73
-1.63 -3.86 -11.56 22.17
11.68 -2.40 9.22 23.75
7.40 -0.48 0.50 22.31
0.22 -5.42 12.62 22.81
9.95 -0.88 12.28 23.36
9.36 -2.98 19.45 26.67
1.52 1.43 19.61 21.68
-17.83 -0.06 -8.02 22.24
10.57 3.17 19.36 22.48
5.34 3.54 14.53 27.27
9.76 -4.69 19.61 22.00
12.93 2.84 11.38 22.42
2.48 -10.23 14.64 22.33
15.44 -4.42 10.19 21.92
6.22 4.31 6.86 21.35
-5.81 -7.13 6.50 21.75
-3.25 7.51 14.19 22.02
6.79 2.05 18.48 22.26
-4.57 -7.17 -4.74 21.97
9.79 -10.27 2.83 22.14
-2.46 5.04 0.65 22.98
0.03 1.19 6.69 22.07
-2.91 -5.30 6.20 22.02
13.07 0.06 5.16 22.24
14.56 -9.41 15.89 22.24
-10.61 3.31 -2.45 24.46
6.31 -0.99 14.54 22.17
3.94 0.83 12.55 23.20
-0.79 -3.81 8.91 22.91
5.10 -2.87 9.05 21.92
3.42 -2.23 17.17 21.85
5.89 -4.46 18.38 22.40
2.26 -2.09 12.73 22.12
-2.65 -2.52 -9.27 21.88
0.84 -5.11 12.47 21.92
13.16 -3.40 19.61 21.90
1.92 0.07 10.53 21.51
-0.04 -1.52 10.72 21.97
7.03 -0.76 10.05 23.02
4.07 -4.81 18.06 21.68
0.21 1.57 5.57 21.54
11.28 4.17 2.41 22.57
-0.68 -3.16 13.39 21.47
1.74 -0.38 11.25 21.57
-2.17 -1.75 7.40 22.17
6.08 -2.24 18.22 21.85
3.13 0.96 11.31 21.87
2.79 -5.11 6.47 21.73
7.40 2.09 9.37 21.52
-0.16 -3.33 9.94 21.93
2.95 -5.53 10.12 22.48
0.59 2.74 6.91 21.49
7.18 -2.52 11.44 21.44
-1.09 -5.31 7.26 21.78
2.47 -0.01 14.64 22.31
10.45 -8.16 4.10 21.93
-3.63 -1.06 9.00 21.52
2.65 -0.95 5.83 22.36
13.40 -8.70 16.84 21.68
-6.67 3.17 -1.41 22.36
-1.10 2.75 14.61 22.38
-1.68 -3.10 6.73 21.57
11.39 7.79 16.36 21.57
1.82 -6.72 5.99 21.63
0.09 6.04 9.85 22.07
2.46 -6.47 14.12 22.19
0.66 -2.20 7.13 21.97
4.92 -4.00 14.27 22.23
1.75 -0.68 12.78 22.02
1.60 3.84 8.29 21.63
4.66 -0.84 14.48 21.25
5.37 0.41 13.20 21.42
2.41 0.63 9.11 22.12
-1.70 11.45 12.94 22.17
-9.98 -6.89 16.85 21.28
7.56 2.72 10.29 22.83
5.20 -1.44 19.61 23.48
-8.89 6.26 5.74 21.33
-12.13 8.62 -6.48 21.47
3.45 -0.96 14.67 21.52
0.01 -0.36 10.53 22.19
3.94 -2.44 13.09 21.75
4.61 -3.66 7.71 21.57
1.39 -0.78 18.12 21.52
6.25 2.93 9.92 23.12
4.30 -5.98 3.99 23.48
6.55 -7.21 8.27 20.89
2.98 -2.63 10.44 20.49
4.41 -3.35 4.28 21.54
1.64 0.11 12.90 21.90
0.44 4.40 9.80 21.81
5.17 -1.88 10.56 21.47
2.22 -1.92 9.82 22.12
0.31 -1.92 10.55 21.92
3.49 -1.95 10.64 21.35
0.70 -4.12 12.72 21.57
7.47 0.39 8.80 22.36
2.73 -4.19 5.82 21.80
5.19 3.42 1.00 21.57
-19.61 19.61 19.61 21.90
19.61 -19.61 19.61 24.06
4.40 -4.34 19.61 22.52
19.61 5.68 18.15 21.87
-18.87 -11.53 -7.25 21.97
12.50 5.10 2.56 22.67
10.11 -1.22 4.68 22.83
2.20 2.38 10.60 22.54
13.54 -4.30 13.75 21.52
18.60 -0.01 -18.71 22.31
0.15 -19.61 19.61 23.46
0.27 1.82 5.62 20.60
11.42 14.70 8.97 22.52
4.35 -2.26 4.85 22.78
0.26 -5.14 9.81 21.52
5.90 -0.34 16.50 21.92
3.84 -2.67 9.65 22.42
0.02 -3.05 11.51 21.78
2.33 -0.92 11.92 22.78
6.34 -0.34 -6.00 22.67
1.47 4.57 -3.04 24.04
-11.07 5.31 19.61 22.07
-2.66 -19.61 19.12 22.26
1.69 1.69 10.40 21.63
8.59 -8.22 13.25 22.59
0.92 2.78 4.87 45.76
-1.19 -2.21 9.48 22.42
-14.98 1.35 8.54 23.02
7.69 4.28 13.18 21.63
19.61 -2.54 9.27 23.12
10.79 -0.73 7.95 22.33
-5.67 -14.21 15.00 21.49
3.32 -1.17 10.50 22.78
19.61 -2.66 19.61 21.39
19.61 -7.64 2.80 21.75
4.32 -5.21 9.47 23.20
-17.49 -14.42 9.00 21.13
7.69 14.42 11.69 21.52
-2.63 -10.34 9.05 22.76
7.96 -1.75 -0.08 20.96
-6.21 -6.79 16.96 22.93
0.44 4.21 19.61 22.02
12.95 -4.57 19.61 21.03
1.29 2.73 10.15 21.39
12.67 -6.36 17.26 22.47
13.34 -8.48 19.61 21.25
19.61 -5.22 19.61 23.72
6.42 -2.20 2.94 23.12
10.59 -1.94 10.34 21.78
17.74 2.17 13.75 22.62
2.39 -6.24 10.17 22.26
-3.40 -1.34 12.18 21.13
1.85 -0.61 13.48 21.73
0.45 -2.61 11.90 21.63
1.88 -2.08 12.04 21.78
4.21 -3.48 8.22 22.47
1.53 -3.00 12.40 21.75
1.76 1.63 10.68 21.68
-2.68 -1.76 13.30 22.26
0.36 -3.76 12.20 22.07
5.96 -0.18 9.34 22.19
4.99 -5.45 17.74 22.04
-10.62 0.18 4.86 21.68
-0.08 0.61 10.78 22.67
4.54 0.18 7.02 23.60
-0.02 -1.61 9.38 23.62
3.61 3.31 10.27 22.74
0.05 1.44 11.99 21.73
1.24 0.32 12.07 22.07
9.37 -5.91 7.18 21.73
-0.54 0.03 13.01 22.12
-1.55 0.04 12.45 22.19
1.77 -1.93 8.53 21.42
-0.31 -1.47 10.23 21.63
2.87 0.37 8.79 21.80
3.42 -1.88 11.85 22.29
0.95 0.04 9.85 22.17
1.29 -2.51 10.77 22.02
3.14 -0.33 8.26 22.07
0.60 1.31 13.40 21.69
9.29 -0.22 12.28 25.04
6.10 -0.29 8.58 21.47
-0.80 0.16 10.10 22.23
5.97 2.46 8.03 22.14
1.76 -1.86 10.28 21.87
4.20 1.00 10.11 21.68
1.02 0.59 3.60 21.13
5.42 -2.69 14.33 21.90
-2.24 -5.45 16.11 24.68
10.38 -0.03 6.43 23.70
-5.72 -1.67 9.65 20.79
-3.39 -0.34 7.43 20.56
5.08 0.04 7.97 21.33
8.67 1.31 -0.15 21.42
-0.63 -0.91 13.48 21.85
1.24 -1.54 10.32 21.87
5.32 -1.29 11.83 20.68
0.88 0.13 7.13 21.44
0.16 -0.50 12.13 22.14
-7.28 -0.79 3.62 22.02
2.34 -11.50 12.11 24.25
5.35 0.73 9.60 22.42
3.53 2.86 13.48 21.87
15.53 1.71 19.61 21.35
4.49 -1.74 7.33 21.57
3.07 -0.34 13.26 22.26
0.67 1.14 11.17 22.67
2.00 2.07 9.23 21.37
4.67 2.22 11.13 21.35
0.63 3.79 13.30 22.02
3.57 1.19 11.21 22.47
6.30 -1.83 14.36 21.73
2.31 -2.59 11.96 22.12
1.36 -0.97 8.86 21.85
4.23 -3.33 17.26 21.78
1.46 -0.30 13.34 21.63
-4.92 -0.22 7.41 22.02
5.94 -0.89 10.92 22.33
-0.07 -2.68 8.21 23.72
13.05 -2.35 9.19 22.62
5.78 0.44 11.74 22.67
-1.24 -1.98 5.66 22.91
0.17 -1.78 9.06 21.44
2.13 -0.55 12.68 22.04
-1.34 0.71 9.39 22.36
1.30 -2.53 8.46 21.97
2.46 0.76 12.95 21.59
1.64 -2.42 5.67 22.54
7.23 -1.10 15.53 21.87
1.57 0.45 10.42 21.68
9.96 -3.22 13.42 22.12
-5.85 -1.60 10.99 22.17
3.15 2.95 8.94 21.35
-19.61 -19.61 -0.02 21.23
19.61 5.07 6.65 23.26
-5.81 -3.81 19.61 22.42
-14.57 19.61 19.61 21.57
10.24 -19.61 19.61 21.68
-8.37 7.71 19.61 21.52
5.57 -1.51 8.44 22.12
-1.11 -2.31 0.63 21.92
8.67 2.35 2.08 21.92
12.54 -0.31 8.65 21.78
-4.65 -0.60 9.75 21.40
4.25 0.58 4.72 22.36
9.10 -5.83 -0.40 22.12
6.12 -6.09 19.61 21.87
16.74 -10.38 19.61 21.35
-14.50 7.27 -6.91 21.95
-3.01 -4.63 3.72 22.67
9.24 -1.35 19.61 22.26
19.39 9.82 13.43 21.57
-3.58 -0.62 8.09 21.88
-2.52 7.71 6.12 22.69
-1.18 5.18 4.60 21.78
-0.39 -0.00 12.96 21.92
-3.67 4.71 8.49 21.63
-2.50 -1.93 12.37 21.69
-1.43 -1.73 0.91 22.23
6.73 0.15 19.61 21.87
-6.11 -9.67 6.21 22.02
1.96 2.76 10.08 21.99
-4.43 -3.62 -0.35 21.92
9.92 -3.23 14.53 22.36
-0.80 -1.34 17.24 21.39
1.97 -3.58 9.39 21.44
0.79 1.86 18.45 21.85
-17.94 -4.66 15.90 22.38
16.88 2.81 19.61 21.88
7.75 -2.77 19.61 22.52
-11.75 16.43 -1.80 21.52
5.96 -0.22 19.61 22.62
19.61 -11.94 10.19 22.02
0.98 -1.67 4.53 22.29
-13.67 -0.53 5.73 22.69
-11.39 5.55 19.61 20.24
-9.06 8.60 19.61 23.36
7.34 -7.33 -9.70 23.94
19.61 -12.19 -2.98 22.07
-8.24 -0.67 4.68 21.03
11.08 -3.02 5.37 21.49
-1.87 -1.80 13.09 22.76
6.11 3.83 3.03 24.25
10.54 -19.61 5.67 22.96
7.59 -8.28 19.61 22.26
-5.08 5.89 5.79 22.23
1.07 -0.96 8.81 22.40
3.80 -3.00 19.61 21.85
-8.36 -7.60 19.61 21.63
4.10 6.56 12.29 22.07
14.41 -8.83 13.15 21.52
11.91 -8.00 19.01 21.95
19.29 2.89 18.05 22.83
5.40 -9.09 17.26 21.57
3.94 2.58 14.29 22.67
1.78 -2.80 -1.53 22.02
0.87 -2.27 8.11 21.92
5.97 -1.82 14.46 22.54
8.26 -7.25 18.41 21.75
9.96 -1.25 17.29 22.52
4.73 -5.56 5.89 21.97
5.85 -0.01 10.38 21.92
6.44 5.12 3.79 21.85
11.39 -5.25 7.79 21.18
-1.58 0.42 15.03 22.36
0.87 -2.59 6.83 23.15
6.52 -11.73 -2.63 21.18
-1.33 4.76 10.40 22.54
6.53 -4.45 3.93 22.31
7.14 -0.85 12.08 22.96
8.97 2.69 12.17 22.67
-0.59 -4.62 12.99 22.52
11.93 -0.90 11.44 21.80
6.39 -5.60 19.61 21.57
2.53 -0.25 -2.14 22.78
-3.75 -1.42 6.86 21.52
3.50 0.40 13.40 22.02
-1.16 -0.04 14.85 21.87
2.14 0.49 15.52 21.59
0.39 -0.43 11.06 22.07
1.30 -3.07 10.66 21.44
2.40 -1.58 12.67 21.87
-0.34 -0.32 9.40 22.12
4.51 -0.35 14.01 21.44
13.86 -8.78 11.44 22.67
1.50 -1.27 12.05 21.40
2.32 0.45 13.13 21.63
2.97 -2.02 10.21 21.83
1.39 -3.52 10.34 21.83
1.60 2.06 7.04 22.54
4.73 -3.01 12.35 22.19
-0.37 -1.99 9.05 21.28
-0.29 -2.69 8.95 22.12
2.21 -2.08 13.02 22.36
2.58 -5.74 19.61 21.09
11.79 -9.62 19.61 22.83
-4.03 3.34 14.62 22.17
10.85 -2.55 19.61 20.15
19.61 -5.93 11.48 23.65
8.41 -1.45 12.85 23.96
2.48 1.67 8.90 21.52
-2.33 -2.10 10.30 21.75
-3.72 15.13 18.06 22.09
-3.40 -1.24 7.75 21.88
10.67 1.01 11.60 21.33
4.45 -1.71 8.79 21.97
-6.03 2.32 9.83 22.09
4.77 -2.66 4.70 21.13
-1.56 1.27 10.35 22.42
0.41 -5.31 9.39 22.17
4.39 0.12 12.23 21.64
3.07 0.23 9.63 22.12
3.51 -1.09 8.94 21.57
-0.47 -2.97 11.95 21.68
1.87 -2.83 11.96 22.19
2.27 -0.94 10.39 21.99
9.79 -13.19 -12.61 21.78
0.93 -3.90 8.71 21.49
2.43 0.06 12.02 21.88
7.19 2.62 9.85 21.90
3.28 -2.14 8.17 23.43
1.77 0.99 12.17 21.68
-0.67 0.44 9.85 21.87
-2.25 -0.02 7.39 22.17
-16.15 8.40 19.44 20.80
-0.69 -2.14 16.50 21.63
-4.98 -3.45 2.11 23.70
5.80 3.22 16.10 23.15
-1.09 0.87 6.32 23.41
14.94 2.03 6.39 21.92
6.56 -3.36 9.21 21.78
-1.10 4.79 11.55 21.75
-1.35 -5.08 9.50 21.03
4.68 -2.05 4.23 20.39
7.02 -0.41 6.88 19.55
-0.99 1.38 12.39 21.03
3.58 -1.87 11.23 22.81
2.92 -0.42 9.94 23.15
0.79 -0.06 13.29 22.29
-0.20 0.51 12.13 21.39
-0.62 -3.51 8.50 22.71
8.86 -3.28 8.71 21.78
1.60 -3.07 7.19 21.83
6.19 3.37 11.35 22.02
0.43 2.32 16.39 21.95
-0.90 0.09 6.73 22.17
10.63 1.58 7.69 22.36
2.58 -8.43 9.82 21.57
-0.37 4.12 19.61 22.26
-3.52 -4.50 11.20 22.54
-5.95 0.32 7.61 22.07
-2.01 -3.20 17.10 21.93
-3.93 -2.75 6.07 21.73
3.16 -0.47 8.80 22.17
4.96 -0.16 15.00 21.56
1.68 1.87 11.32 21.63
1.64 -2.09 12.11 22.07
6.63 -2.26 8.20 21.73
-5.54 -4.74 6.75 21.56
1.61 3.96 10.85 22.59
-1.70 4.27 14.84 21.87
19.61 -7.00 17.36 22.12
1.69 -0.90 10.64 21.99
-0.80 1.98 16.14 21.59
10.07 -1.85 10.45 21.95
4.73 -2.47 14.02 22.35
3.58 -1.64 9.76 21.78
2.34 -2.34 12.54 22.23
2.60 -2.83 10.58 22.42
1.29 1.35 13.74 21.59
4.98 -1.83 10.45 21.63
5.22 -1.30 3.42 22.23
8.32 -2.21 2.15 21.73
-12.04 -3.08 19.61 21.78
18.10 -1.34 19.61 22.23
-6.45 -5.64 -1.28 21.61
-0.33 -0.05 7.73 21.75
4.16 2.45 19.61 22.47
8.09 -5.33 14.37 21.52
0.74 -0.53 7.47 21.73
5.08 -2.70 6.34 22.04
2.79 1.06 13.30 22.04
-1.45 -3.81 6.97 21.88
4.05 -3.95 14.10 21.18
2.04 -0.61 15.16 21.83
-0.65 -1.86 9.80 21.85
-0.10 1.01 9.80 22.17
1.13 -0.70 12.32 21.99
12.33 -2.24 11.43 21.88
-0.61 0.34 11.28 21.83
0.99 -2.63 4.89 22.31
2.94 -0.94 4.20 21.85
1.94 -1.55 11.44 21.83
5.56 -1.44 13.05 21.83
1.38 0.32 10.87 22.02
3.64 -1.91 11.91 22.12
-1.04 -3.25 8.36 21.59
0.63 -2.97 12.78 21.78
5.11 -0.34 7.76 21.57
2.17 -2.45 5.69 22.19
-3.60 -5.09 12.16 21.80
5.54 2.64 12.70 21.88
-2.15 0.91 10.51 21.83
4.57 -3.21 9.17 21.68
1.81 -0.64 11.53 21.95
0.77 -2.60 9.54 21.75
0.20 2.77 10.22 21.83
1.04 -1.76 11.49 21.68
3.04 -1.04 7.72 21.68
2.17 2.49 14.91 21.64
-19.61 -19.61 12.37 21.59
-19.61 19.61 4.67 29.89
19.61 -2.89 18.27 22.12
7.42 -15.90 6.17 21.11
15.43 -7.52 -1.64 22.23
-5.73 -5.31 6.75 21.83
7.19 3.23 19.61 21.63
5.62 0.50 13.87 23.41
-4.10 -0.30 12.90 22.35
-0.62 -2.26 8.19 21.97
1.99 -1.23 9.39 21.93
3.50 4.58 11.97 21.92
3.06 1.52 12.89 21.73
2.83 -1.25 9.07 21.75
1.74 -0.15 11.67 21.81
19.61 -1.56 3.79 21.92
2.64 -6.11 11.32 24.80
4.15 1.13 6.06 20.79
8.88 1.26 19.61 21.75
-4.70 -2.64 12.79 22.71
0.51 -3.03 13.77 21.49
1.38 1.93 11.40 21.73
4.85 -2.29 10.99 22.28
-0.62 -2.89 10.65 21.15
-1.23 -0.31 12.59 21.83
-3.28 3.05 19.61 22.07
15.74 -4.73 19.61 21.97
7.72 -1.61 17.26 22.28
-10.19 -6.03 2.07 21.97
5.00 2.06 -0.07 23.46
-5.83 -3.08 8.81 21.68
-0.46 -5.99 -9.59 22.91
-0.86 10.94 19.61 23.51
-4.32 -4.07 14.87 21.68
0.50 -2.49 9.67 22.42
-0.28 -1.43 11.19 21.80
-1.44 0.53 12.84 21.83
8.99 -4.87 11.92 21.88
1.08 -0.40 11.82 22.23
-1.85 -0.53 10.56 22.28
-1.81 -2.72 5.16 22.69
19.61 -13.51 19.61 22.54
14.73 -3.76 13.51 22.29
2.44 -0.08 7.94 21.68
19.61 19.61 -19.61 22.86
1.85 -7.59 6.97 22.52
-5.93 17.62 1.39 23.12
8.65 7.42 -19.61 23.15
-5.95 16.82 8.34 23.12
0.10 -6.95 17.71 22.86
-16.39 -2.11 -1.07 22.43
8.45 -2.79 8.08 22.74
5.55 -4.20 11.31 23.02
1.49 4.32 9.22 22.52
4.31 -0.11 12.20 22.66
-4.27 -1.50 11.95 21.87
1.88 -1.44 11.93 21.93
-5.21 4.02 7.55 21.97
1.72 -0.24 8.06 22.17
2.67 -2.36 13.17 21.18
5.66 -1.94 -7.96 23.22
-11.65 -0.42 -1.88 22.84
-2.23 -2.07 15.27 22.45
-1.50 4.85 14.65 22.76
-2.17 -9.41 8.10 21.63
5.82 -9.77 19.12 22.76
-10.06 9.53 7.04 22.67
0.96 5.09 -14.86 21.97
17.48 -1.81 12.72 22.86
19.61 -19.61 9.16 23.14
-10.04 11.43 -19.25 22.64
-11.31 -12.94 12.56 20.80
15.74 -7.15 10.65 22.23
-0.07 -3.02 6.70 22.33
2.32 9.31 8.14 21.92
3.82 -0.29 8.81 22.40
4.87 -0.74 7.40 21.69
3.06 0.42 12.06 22.12
0.91 1.36 5.91 22.12
-0.27 -2.87 10.93 21.73
-1.69 0.69 6.34 21.80
1.59 -0.61 10.76 21.73
-1.50 -1.33 10.12 21.92
3.57 -3.37 14.93 22.28
3.59 0.63 10.80 21.73
1.76 -0.65 9.36 22.14
-0.53 -1.70 11.99 21.90
0.16 -2.23 9.50 21.78
4.96 0.19 4.74 21.88
2.05 -0.09 11.77 22.33
5.35 -1.61 12.80 21.78
1.64 1.71 12.73 21.85
3.63 1.81 15.56 22.59
-0.45 -3.13 11.18 21.87
3.64 -1.81 18.74 21.78
-1.78 -1.79 11.26 22.71
2.57 -0.15 9.24 21.75
4.86 0.47 11.46 21.45
-1.05 2.59 7.55 21.78
2.39 0.37 12.77 22.52
1.69 1.03 11.53 21.57
1.49 -1.57 9.71 21.59
-3.22 2.36 9.29 22.88
6.77 0.17 13.12 22.42
0.09 -2.17 7.42 22.17
5.88 -3.09 8.75 22.17
-3.60 -1.62 7.01 22.48
4.93 -1.63 11.70 22.04
3.74 -2.65 13.77 22.17
2.52 1.60 12.61 23.46
4.96 -0.55 8.71 22.96
2.27 -5.36 11.84 22.42
-8.87 -3.38 19.09 21.73
-9.82 1.14 10.34 21.80
3.92 -4.47 8.20 21.73
3.92 -1.82 9.86 21.52
4.98 -2.56 8.80 22.02
-5.97 -1.99 2.59 21.30
-1.59 -1.99 9.15 21.49
9.21 -4.13 8.54 22.12
-1.78 -1.73 18.90 21.39
0.24 0.66 15.11 21.88
0.72 -4.63 12.54 21.64
3.40 -0.63 15.81 21.68
2.65 -0.19 5.77 22.23
3.31 -0.00 12.81 21.73
-0.99 0.67 9.99 22.04
0.65 -1.38 7.65 21.88
-2.78 -2.72 9.73 22.12
5.57 -1.32 14.06 22.28
-3.77 -2.20 4.14 22.17
0.07 0.79 8.44 22.23
3.93 -1.92 10.42 21.56
9.69 -1.29 4.50 21.73
-3.55 -3.17 17.17 21.69
3.97 -5.15 8.10 21.97
-1.66 5.53 9.90 21.83
-0.23 -1.15 9.89 21.63
0.08 0.28 13.03 21.69
0.36 -4.34 12.08 22.12
-0.19 -3.39 9.58 21.83
3.94 -0.94 10.55 22.17
6.79 -1.14 13.80 23.02
5.00 -3.41 14.18 21.85
0.92 -0.10 6.63 22.17
-6.28 -0.75 12.20 22.62
-0.41 0.08 8.71 21.78
-1.23 -2.10 7.00 22.17
1.38 2.68 10.32 23.08
1.63 3.75 5.03 21.75
-19.61 -5.03 10.78 21.57
19.61 -8.46 -4.98 22.07
19.61 -1.33 0.99 22.42
-4.25 -1.19 0.06 22.36
10.04 -4.56 14.10 21.30
1.71 9.02 14.28 22.07
0.78 1.55 13.44 21.73
2.57 3.69 19.61 21.47
8.06 -5.97 12.04 22.36
-3.93 -2.09 19.05 21.69
4.49 2.74 19.61 21.47
1.67 0.47 11.46 22.26
6.16 -4.45 12.52 22.02
2.51 -1.39 5.34 21.85
1.24 -4.92 9.05 21.57
13.84 8.97 -13.07 22.17
8.20 -4.37 19.61 22.86
8.65 10.71 19.61 22.07
-0.80 -19.61 7.09 23.41
11.11 -19.61 19.61 24.15
-8.52 -3.56 8.95 22.47
10.54 -1.45 -9.52 22.12
14.47 -3.90 3.23 21.64
19.61 2.47 -9.17 22.02
-19.61 7.98 11.65 22.42
19.61 -13.54 0.94 21.39
-11.11 16.12 8.12 22.02
-8.71 14.02 13.02 21.80
0.52 3.32 17.14 21.73
-2.25 -1.90 6.10 21.75
-1.46 6.44 7.05 22.17
8.41 -0.23 10.60 21.39
4.42 -1.09 9.67 21.52
8.39 -5.38 14.43 22.09
6.75 -3.60 10.09 22.74
-3.45 2.80 11.77 22.31
0.41 -0.95 13.18 26.38
7.42 -2.73 7.24 23.41
5.85 -2.88 4.59 21.97
4.66 -1.73 1.71 21.57
-0.38 2.90 12.86 23.75
4.80 1.33 8.33 23.22
0.99 -1.49 8.84 22.02
-2.29 2.57 6.69 22.26
0.66 -5.63 19.61 22.52
-5.57 -3.15 9.85 22.26
-0.27 1.58 -0.85 22.79
3.39 1.38 12.31 21.97
6.76 -1.48 14.40 21.64
3.04 -2.90 14.90 22.36
-6.91 -3.17 10.21 21.83
0.70 -0.45 8.27 21.88
3.90 0.03 4.13 21.88
4.11 -4.84 10.69 21.63
2.43 -4.66 11.57 22.02
3.01 0.38 13.15 21.63
2.53 -3.10 11.83 22.00
4.56 -0.60 11.05 22.24
0.06 0.69 7.65 21.83
4.10 0.06 5.92 21.97
-2.09 -4.23 0.51 21.80
-2.09 -2.36 16.90 22.96
1.32 -5.75 0.29 21.40
-19.61 -11.37 -4.82 24.22
19.61 -19.61 9.80 25.79
11.11 -4.03 19.61 22.40
7.30 4.93 12.09 22.31
8.03 0.62 9.34 22.81
0.49 -4.06 -4.41 22.23
0.24 1.10 7.89 23.56
-1.95 0.26 13.12 22.74
10.35 -6.12 6.74 25.64
-0.75 -4.37 6.54 22.24
-1.17 -1.51 10.11 22.14
1.10 -3.14 8.13 22.52
7.37 -3.69 4.92 23.31
10.28 -0.91 9.00 23.65
6.00 -5.18 4.62 22.07
2.69 -0.68 16.49 22.26
0.94 -0.78 12.93 22.19
5.09 -2.09 7.83 22.19
-1.00 0.06 12.26 22.31
0.34 -0.51 14.77 21.68
3.86 -3.85 6.76 21.81
5.87 2.43 5.99 21.95
5.04 -4.04 7.84 21.83
2.10 0.98 11.43 21.73
0.98 2.63 10.17 21.68
1.68 0.25 5.94 21.54
4.19 0.28 7.87 21.52
0.78 -4.93 11.84 22.07
5.98 0.28 12.49 21.78
-0.35 -1.00 12.07 21.69
4.48 -3.16 13.10 21.64
-0.88 -1.53 8.81 21.73
3.07 -0.64 10.22 21.83
0.49 -1.75 10.83 21.68
-0.73 0.44 11.14 22.09
-2.22 -2.83 11.35 21.68
-0.85 -2.98 9.53 21.73
1.13 -2.10 12.92 21.78
2.99 -1.04 9.33 22.31
9.03 -3.22 10.75 21.64
1.79 -1.28 10.11 22.62
4.74 -2.70 15.83 21.81
-2.67 -0.72 12.67 22.23
3.09 2.77 13.39 22.17
-1.59 -3.16 10.75 21.78
6.98 -0.49 13.09 21.68
2.03 -3.83 9.26 21.78
-1.66 0.18 10.08 22.23
3.29 -0.95 13.15 21.97
12.22 19.61 19.61 22.62
1.27 -6.07 16.00 22.07
19.61 -0.91 19.61 21.80
15.07 -3.74 19.61 23.43
2.64 1.84 10.49 22.28
0.91 0.26 10.11 21.97
2.43 -4.87 10.35 22.17
0.67 -0.45 9.49 22.17
1.39 2.77 5.66 22.14
2.50 -1.13 12.16 21.80
1.41 0.45 13.68 21.88
4.18 -1.45 9.75 21.87
1.56 -0.82 13.71 22.07
5.20 -3.10 11.46 22.02
-0.05 0.00 8.61 21.81
-4.50 -0.53 -0.42 22.23
2.65 -0.44 17.22 22.52
9.93 19.61 19.61 22.17
-11.13 0.99 -18.47 23.70
16.85 -0.53 8.42 20.46
19.61 0.54 2.14 21.99
3.32 -19.61 15.20 22.62
6.54 -2.71 18.87 21.87
-11.21 2.44 0.88 21.78
-1.63 -0.17 6.61 23.86
3.01 1.13 11.89 22.43
7.56 9.03 3.73 22.43
-12.23 -11.58 8.50 25.85
-18.47 -9.11 14.48 23.08
19.56 2.32 19.61 22.48
19.61 -18.42 12.31 23.82
-19.61 6.23 -12.04 24.01
-12.30 11.77 19.61 21.51
-8.29 -10.55 11.88 23.03
8.31 1.15 5.66 22.71
-7.91 -0.28 9.97 23.31
11.86 -3.48 16.88 22.33
0.02 -0.67 10.53 22.47
0.82 -0.25 11.58 24.40
3.38 -0.49 11.46 23.56
0.54 -2.04 8.58 22.04
8.53 -6.01 13.22 22.31
0.73 0.88 15.28 22.57
-2.62 1.23 10.98 22.36
1.28 3.60 10.05 22.86
2.15 -5.50 11.72 21.87
5.12 0.08 8.64 22.14
4.19 -4.88 16.56 22.42
0.61 -1.20 10.79 22.76
0.46 -3.68 8.76 22.67
5.36 -1.44 12.75 22.57
-1.81 -2.25 7.12 22.23
3.13 0.32 7.52 23.96
2.82 -2.49 15.82 22.69
-1.00 -1.28 13.83 22.24
1.09 -0.96 11.94 22.81
0.82 -0.93 -11.19 27.70
3.80 3.12 15.08 22.96
-2.38 -13.40 19.61 22.17
0.34 0.34 14.66 23.91
8.90 -1.96 18.97 23.07
-2.34 -7.18 10.10 21.40
-3.64 5.06 11.44 22.24
4.50 -1.18 9.92 22.23
-1.21 -0.57 8.22 22.67
3.03 -2.51 10.16 22.67
3.42 -0.32 8.26 22.23
2.13 -1.32 12.06 23.03
-1.36 -1.38 9.35 27.82
3.38 -0.04 11.13 22.72
2.43 1.49 12.83 22.24
3.52 -2.66 17.18 22.52
5.41 -5.50 11.33 22.67
6.18 19.61 19.61 23.65
-0.47 3.66 9.14 23.70
4.22 -3.29 11.26 22.57
3.01 -0.12 14.70 20.80
-15.41 4.83 3.64 21.83
-1.69 -3.79 9.71 24.70
3.11 0.37 15.48 23.56
-0.87 4.01 -0.46 22.67
-10.63 -0.22 9.89 23.15
7.22 -4.73 18.64 22.24
6.90 -2.56 11.47 21.75
3.31 0.07 9.26 21.83
0.58 0.25 11.78 21.57
0.85 -3.24 16.20 21.57
1.01 -0.97 10.71 22.12
1.81 0.75 10.53 22.33
1.78 -0.42 9.32 21.92
-0.30 -0.80 10.60 22.31
1.98 -2.45 10.64 21.92
5.13 -0.77 7.58 22.31
1.22 -2.30 10.67 22.28
0.69 -0.14 11.98 22.23
1.84 1.61 10.40 26.19
1.97 -1.89 13.28 22.81
4.87 -3.22 11.63 22.62
3.66 -0.50 12.60 22.23
2.54 -1.91 9.61 22.17
1.24 1.29 7.92 22.14
3.26 -2.17 7.92 21.69
4.58 -2.64 11.53 21.92
1.72 -0.94 14.40 23.26
13.25 16.42 1.76 23.15
9.97 -1.31 15.00 22.23
-6.10 -2.43 18.27 22.29
1.41 -5.21 6.68 22.33
-5.83 0.96 2.55 21.59
0.38 1.24 10.83 21.57
-0.09 0.99 11.20 21.28
1.78 -0.84 10.53 21.08
1.74 0.20 10.98 21.15
1.63 0.06 9.59 21.33
-1.75 -1.01 5.76 22.26
2.62 0.70 11.27 22.17
2.15 0.14 11.27 22.91
4.63 1.24 12.33 21.80
4.08 0.10 14.98 21.13
1.16 -2.04 11.93 21.09
2.22 -2.33 11.47 21.73
0.05 -3.71 12.71 21.30
-0.51 0.01 11.52 21.23
-0.23 -3.46 13.96 20.84
-0.02 -1.71 11.87 20.89
-0.63 -6.55 8.98 22.54
0.50 -4.40 10.34 21.35
-1.04 -3.40 9.79 20.99
1.50 0.05 9.77 21.42
0.72 -7.87 12.54 21.42
2.77 -1.26 7.99 21.54
1.43 -1.06 11.08 21.13
0.53 -1.64 12.60 21.44
-1.58 -0.73 6.64 21.97
2.43 -0.86 10.82 21.45
-2.45 1.01 10.07 22.52
0.76 0.67 8.50 22.28
1.98 -1.58 12.00 22.07
10.07 1.33 6.93 25.24
-1.61 -3.15 8.06 22.36
1.01 -0.17 9.37 21.92
-6.16 -6.23 9.77 20.63
-3.30 -2.78 10.69 20.19
-3.96 -1.60 11.48 28.09
-2.65 -3.29 13.68 22.02
-5.40 -1.78 7.74 21.97
2.35 -4.01 10.94 20.99
-4.81 -7.76 9.92 21.11
1.02 -1.11 9.64 23.41
-5.97 -2.83 11.07 21.49
-0.69 -3.44 11.63 21.42
0.87 -3.11 9.87 21.30
-1.29 -5.42 9.47 22.12
1.18 -3.70 8.43 23.65
-0.36 -3.31 7.98 21.42
-0.35 -4.07 10.01 21.09
1.34 -5.22 10.25 22.04
1.30 -5.07 9.39 22.17
-2.53 -7.07 8.27 21.87
1.63 -4.77 7.94 22.23
3.79 -1.47 11.73 23.26
2.35 -2.10 10.36 22.19
1.19 -1.88 10.24 22.62
2.00 -0.40 11.10 22.71
1.98 -0.53 10.94 22.33
2.58 -0.99 10.81 22.76
2.30 -1.25 10.46 22.78
1.88 -1.49 10.90 22.81
2.29 -0.91 10.74 23.15
2.24 -0.90 10.43 23.17
2.68 -1.33 10.84 23.77
2.03 -1.16 10.86 12.45
1.98 -0.76 10.82 24.39
2.15 -0.76 10.75 16.55
2.14 -1.23 10.71 16.16
2.15 -0.87 10.69 16.50
2.39 -1.17 10.72 16.40
2.11 -0.91 10.70 15.90
2.42 -0.86 10.72 15.42
2.26 -0.89 10.76 15.37
2.32 -0.83 10.75 15.37
2.47 -0.89 10.70 15.37
2.13 -0.93 10.70 15.74
2.29 -1.07 10.71 15.71
2.42 -1.00 10.65 15.71
2.19 -1.16 10.68 16.05
2.28 -1.24 10.74 25.11
2.25 -1.31 10.70 15.45
2.42 -0.87 10.28 28.40
0.95 -0.90 10.34 26.81
2.62 -0.93 10.81 23.65
1.98 -1.15 10.79 23.15
2.42 -1.39 10.84 22.76
2.39 -1.50 10.73 22.76
