6.07 -7.73 1.10 22.16
6.11 -7.73 1.09 22.14
6.14 -7.73 1.07 22.16
6.08 -7.74 1.09 22.00
6.07 -7.74 1.08 21.88
6.10 -7.73 1.06 22.00
6.10 -7.75 1.12 22.00
6.05 -7.76 1.09 22.00
6.07 -7.73 1.13 21.97
6.14 -7.70 1.12 21.92 45.408191 11.893831 0.20
6.16 -7.69 1.09 22.04
6.15 -7.69 1.10 22.02
6.20 -7.65 1.09 22.11
6.18 -7.68 1.09 22.12
6.13 -7.70 1.15 22.16
6.16 -7.72 1.13 22.12
6.21 -7.67 1.12 22.16
6.17 -7.68 1.03 22.16
6.11 -7.75 1.00 22.21
6.15 -7.69 1.03 22.21
6.17 -7.73 0.95 22.21
6.07 -7.68 1.06 22.09
6.27 -7.59 1.16 22.04
6.68 -7.43 0.92 21.75
6.82 -7.18 1.16 21.75
6.96 -6.97 1.19 22.14
7.44 -6.71 1.19 21.71
7.57 -6.73 1.27 22.00
7.38 -7.01 1.31 22.07
6.97 -7.09 1.15 22.14 45.408191 11.893833 0.00
7.00 -6.62 0.63 22.23
7.75 -6.72 1.26 21.81
7.53 -6.60 1.72 22.57
7.18 -6.87 1.00 22.11
6.12 -7.49 1.32 21.92
6.07 -8.47 1.21 22.26
5.74 -8.10 1.95 21.47
6.47 -7.43 1.59 21.87
7.18 -7.00 1.28 21.47
7.03 -6.84 1.01 21.40 45.408191 11.893833 0.00
7.16 -6.81 1.09 21.44
6.33 -7.04 1.18 21.40
5.45 -8.14 0.83 21.78
4.47 -8.20 2.73 21.32
6.34 -6.88 1.24 21.44
6.01 -7.44 1.79 21.51
5.05 -6.61 3.25 21.63
4.62 -7.24 2.51 22.07
6.72 -8.27 0.99 22.91
6.39 -7.25 0.63 21.71 45.408195 11.893832 0.32
6.25 -7.64 1.74 21.63
6.34 -7.54 1.88 21.93
6.28 -7.71 1.60 21.52
6.18 -7.44 1.76 21.83
6.17 -7.77 1.42 21.42
5.87 -7.73 2.05 21.39
5.80 -7.80 2.08 21.76
6.68 -7.67 1.37 21.18
6.55 -7.45 2.09 21.11
6.90 -6.95 2.18 21.66 45.408194 11.893832 0.33
7.09 -6.81 2.04 21.61
6.38 -7.31 2.29 21.80
6.25 -7.40 1.66 21.37
5.98 -7.53 2.02 21.40
6.39 -7.39 2.25 21.92
6.51 -7.10 2.34 21.95
6.89 -7.43 1.68 21.63
6.30 -7.46 1.86 21.66
6.05 -8.03 2.20 21.63
6.13 -7.44 2.25 22.00 45.408194 11.893832 0.33
6.50 -7.29 2.29 22.00
6.29 -7.08 1.64 21.49
6.65 -7.98 1.84 21.47
5.77 -6.96 2.60 21.39
6.03 -8.04 0.82 21.40
5.95 -7.49 0.98 21.81
5.81 -8.07 2.31 21.80
5.82 -8.31 2.00 21.63
6.24 -7.58 1.19 22.05
6.65 -7.15 2.28 22.47 45.408189 11.893831 0.64
5.53 -8.01 1.63 22.36
5.96 -8.04 1.88 22.59
6.61 -7.00 0.93 22.38
6.24 -7.70 1.64 21.97
6.30 -8.12 0.71 21.33
6.29 -7.53 1.52 21.13
6.39 -7.15 1.81 20.97
6.01 -9.27 1.13 21.08
5.65 -7.97 1.02 22.02
6.44 -5.65 1.99 21.71
6.50 -6.93 1.02 21.42
5.83 -8.33 2.01 21.64
6.80 -7.17 1.85 21.21
6.08 -7.71 2.18 21.42
5.36 -7.88 1.45 21.64
5.92 -7.50 2.08 21.92
6.57 -7.32 0.49 21.95
6.33 -7.48 1.63 21.52
6.27 -7.61 1.52 21.20
5.94 -8.01 1.70 20.84 45.408181 11.893828 0.79
5.87 -8.10 1.78 22.00
6.22 -6.94 1.46 21.73
5.86 -7.87 1.66 21.92
6.34 -7.39 1.89 21.97
6.39 -7.29 1.90 22.31
6.27 -8.42 2.50 21.57
6.34 -7.70 2.09 21.71
7.45 -7.62 1.05 21.97
6.16 -8.19 2.12 22.55
5.69 -7.03 1.69 23.05 45.408181 11.893828 0.79
6.43 -7.20 1.94 22.57
6.00 -6.96 2.48 21.85
6.27 -7.16 2.41 20.92
6.11 -9.00 1.86 20.48
5.92 -8.51 2.03 20.65
5.73 -9.22 1.60 20.91
5.81 -7.08 2.05 20.84
6.12 -6.81 1.99 21.95
6.26 -7.70 1.68 21.54
6.54 -8.21 1.79 21.92 45.408171 11.893819 1.21
6.10 -7.40 1.64 22.26
5.92 -7.67 1.74 22.76
6.20 -7.58 1.69 21.92
6.09 -8.08 1.69 21.87
6.10 -7.78 1.73 22.40
6.08 -7.53 1.95 22.26
6.14 -7.68 1.90 21.81
5.88 -7.40 1.72 21.81
6.09 -7.95 1.49 21.51
5.86 -8.05 1.56 21.30 45.408164 11.893818 0.54
6.12 -7.58 1.39 21.37
6.18 -8.08 1.96 21.85
6.05 -7.73 1.58 21.40
5.75 -7.45 1.74 22.11
6.01 -7.91 1.27 21.90
6.08 -8.17 1.66 21.66
5.93 -6.98 1.75 21.66
6.26 -8.16 2.08 21.76
6.02 -7.95 2.25 21.83
5.93 -7.41 1.95 21.71 45.408164 11.893818 0.54
5.88 -7.58 1.86 21.93
6.14 -8.09 1.89 21.81
5.91 -8.06 2.30 21.73
6.27 -7.57 1.87 22.02
6.13 -7.43 1.98 21.78
5.76 -8.00 1.88 21.87
5.89 -7.55 2.34 21.81
5.90 -7.14 1.64 21.99
5.72 -8.24 1.96 21.47
5.79 -8.24 1.97 21.92 45.408158 11.893809 0.98
6.25 -7.40 1.94 21.92
5.84 -8.05 1.48 21.40
5.41 -8.05 2.26 21.87
6.15 -7.84 1.39 21.95
5.72 -8.15 1.73 21.97
5.91 -7.62 2.00 21.71
6.11 -7.63 1.33 21.73
6.38 -7.57 1.63 22.16
5.91 -7.61 1.77 21.68
5.82 -7.87 1.85 21.47
6.07 -7.81 1.50 21.37
6.00 -7.56 2.05 21.23
6.20 -7.99 1.75 21.76
5.87 -8.02 1.96 21.88
5.68 -7.99 1.93 21.66
5.57 -6.90 1.87 22.45
5.76 -8.11 1.67 21.56
5.91 -8.15 1.69 21.81
6.00 -8.10 1.70 23.29
5.79 -7.68 1.44 22.19 45.408141 11.893821 1.08
5.57 -8.04 1.47 22.84
5.85 -8.08 1.51 22.81
5.93 -7.39 2.13 22.35
6.60 -7.36 2.10 21.92
6.40 -8.03 1.80 22.16
5.76 -7.98 1.90 21.76
5.72 -8.06 1.74 22.21
6.21 -8.02 2.02 21.76
6.15 -7.16 2.10 22.11
5.95 -7.31 1.92 21.92 45.408141 11.893821 1.08
5.80 -8.01 2.48 21.87
6.18 -8.22 2.15 21.52
5.71 -7.82 1.91 21.35
5.57 -7.99 1.70 21.90
5.60 -8.33 1.78 21.85
6.43 -7.61 1.37 21.87
5.76 -7.21 2.23 21.78
6.20 -6.93 1.85 21.71
5.62 -8.46 1.96 21.57
6.33 -7.90 2.05 21.51 45.408127 11.893842 1.50
6.54 -7.95 0.99 21.95
5.75 -7.48 1.85 22.02
5.57 -7.62 2.16 22.50
5.55 -8.02 1.31 21.76
5.35 -7.90 1.73 21.08
5.74 -7.39 1.87 20.58
5.83 -7.38 1.85 20.03
5.41 -7.32 1.69 19.91
6.93 -10.44 2.47 20.24
6.64 -8.45 1.82 21.37
6.68 -7.13 0.79 22.90
5.37 -7.70 1.24 26.02
5.09 -6.76 2.52 26.00
4.71 -4.98 1.21 24.97
4.92 -4.45 1.21 22.05
7.92 -15.36 0.71 19.29
5.95 -11.41 2.65 19.19
6.97 -9.24 1.34 19.95
4.33 -10.57 1.54 22.62
5.60 -5.78 3.20 24.52 45.408110 11.893854 1.58
5.75 -4.04 0.48 24.18
3.64 -3.79 0.99 23.62
5.03 -11.76 7.53 21.13
5.00 -9.58 1.31 20.39
8.12 -7.29 1.54 19.69
5.98 -11.29 2.89 20.19
4.54 -7.63 1.68 21.52
5.98 -4.86 1.42 22.24
5.26 -5.77 3.41 22.24
5.57 -8.09 2.17 22.02 45.408110 11.893854 1.58
6.55 -8.57 1.37 21.87
6.64 -7.52 1.58 21.61
6.16 -7.31 1.30 21.68
5.92 -7.55 2.01 22.00
5.70 -8.34 1.24 21.63
5.66 -7.48 2.03 21.57
6.35 -7.70 1.92 22.17
6.15 -7.62 1.34 21.63
5.95 -7.87 1.99 21.68
5.65 -7.61 1.46 22.16 45.408095 11.893868 1.69
5.94 -7.87 1.93 21.81
6.16 -7.57 2.04 21.71
5.98 -7.62 1.54 22.12
6.24 -8.00 1.85 21.73
5.59 -8.17 1.61 21.81
6.15 -7.80 1.90 22.19
6.25 -7.26 2.02 21.75
6.16 -7.37 1.86 21.73
6.17 -8.31 1.90 21.66
5.68 -7.38 2.08 21.93 45.408095 11.893868 1.69
6.23 -7.67 1.61 21.81
6.64 -7.92 2.59 21.87
5.32 -7.68 2.93 21.90
5.63 -8.09 1.99 22.12
5.97 -7.97 2.28 21.87
5.83 -7.51 1.55 21.93
6.03 -7.74 1.97 22.11
5.81 -8.12 2.38 21.59
6.11 -8.16 1.57 21.57
5.98 -8.26 1.07 21.78 45.408088 11.893862 1.01
5.57 -7.56 1.84 21.81
5.88 -7.47 1.64 22.17
6.29 -7.61 1.12 21.68
6.43 -8.02 1.75 21.57
6.05 -7.98 2.00 21.66
5.98 -7.58 1.64 21.66
6.18 -7.66 1.68 21.56
5.55 -8.12 1.82 21.68
5.93 -7.70 1.73 21.61
6.09 -7.96 1.66 21.51 45.408077 11.893862 0.98
5.87 -8.06 1.64 21.61
5.51 -7.92 1.98 21.71
5.80 -7.90 1.63 21.81
5.90 -7.87 1.52 21.68
6.08 -7.89 1.95 21.68
6.26 -7.81 1.71 21.69
5.67 -7.72 1.70 21.71
5.88 -7.98 1.86 22.12
5.83 -7.20 1.85 22.11
6.06 -7.70 2.11 22.07
5.61 -6.68 1.93 21.81
5.77 -8.56 1.79 20.49
6.74 -8.82 1.92 20.34
6.37 -8.34 2.04 20.85
5.65 -7.68 2.20 23.98
6.17 -8.14 1.68 23.79
5.51 -6.11 1.87 23.98
8.51 -7.19 1.61 23.05
6.56 -10.20 1.38 22.86
7.28 -9.49 1.94 21.52 45.408061 11.893859 1.34
5.70 -9.45 1.82 20.48
5.33 -7.71 2.69 20.82
5.48 -8.37 1.84 21.13
5.79 -6.56 0.80 21.63
5.62 -6.55 1.58 22.11
6.06 -7.43 2.16 21.97
5.79 -8.25 2.04 21.92
5.79 -8.12 2.08 21.76
5.69 -7.67 1.82 21.81
5.83 -7.80 1.64 21.80 45.408061 11.893859 1.34
6.06 -8.17 1.70 22.91
5.89 -8.18 1.97 21.64
5.95 -8.06 1.69 21.83
5.90 -7.72 1.51 22.26
5.97 -7.82 1.73 22.02
6.48 -7.92 1.83 21.56
6.20 -8.17 1.75 21.85
5.64 -7.88 1.55 22.11
5.56 -7.67 1.61 22.31
5.94 -7.97 1.87 22.26 45.408048 11.893839 1.59
5.57 -8.54 3.19 22.62
5.86 -8.17 2.07 22.05
6.25 -8.53 0.83 22.52
5.08 -8.80 1.90 23.48
6.57 -10.39 1.80 22.40
5.89 -8.40 2.34 23.15
5.61 -8.06 1.56 22.31
6.06 -9.17 2.31 21.88
5.64 -8.69 2.25 20.39
6.90 -9.93 2.38 20.99 45.407688 11.893809 1.935.19 -8.45 2.20 22.91
5.21 -8.40 1.81 22.48
5.99 -8.22 1.59 21.37
6.05 -8.37 2.38 21.44
5.97 -8.05 2.14 21.28
5.74 -8.92 1.03 20.48
4.99 -10.83 1.72 21.88
5.86 -7.89 1.68 20.92
5.32 -6.58 1.49 21.73
4.75 -8.59 2.45 22.50 45.407688 11.893809 1.93
6.04 -8.26 1.98 21.42
5.76 -8.20 1.74 21.63
5.79 -8.02 1.62 21.61
5.66 -7.76 2.07 22.12
6.16 -7.43 1.98 21.81
5.89 -7.87 1.69 22.23
6.01 -7.66 1.98 22.31
6.00 -7.73 1.99 21.69
6.07 -7.39 1.55 22.09
5.75 -8.00 1.90 21.61 45.408029 11.893825 1.71
5.95 -8.09 1.81 22.26
5.87 -7.80 1.83 21.95
6.05 -7.96 1.94 21.92
5.59 -8.06 1.96 21.76
5.70 -7.73 1.39 22.26
5.72 -7.37 1.74 21.75
5.54 -8.05 1.36 21.81
6.02 -8.17 1.62 21.97
6.33 -7.71 2.08 21.63
6.13 -8.49 1.73 22.16 45.408029 11.893825 1.71
5.84 -7.74 1.57 22.71
5.94 -7.55 1.85 21.81
6.16 -7.82 2.29 21.76
5.93 -8.54 1.83 21.71
5.84 -7.93 1.73 22.26
6.03 -7.81 1.84 21.80
5.65 -7.73 2.09 21.76
5.71 -7.90 1.82 21.97
5.31 -8.40 1.57 21.32
5.21 -8.01 1.88 20.97 45.407996 11.893822 2.19
5.72 -9.51 1.42 21.76
6.93 -7.95 1.90 21.87
5.54 -7.46 1.65 22.55
5.36 -7.57 1.24 23.53
5.04 -6.68 1.63 23.96
6.51 -6.83 2.03 22.91
7.74 -10.52 1.31 20.44
5.44 -7.84 1.55 20.89
6.08 -10.39 1.65 21.92
5.29 -6.35 1.62 21.92
6.31 -6.51 1.24 21.71
5.60 -7.94 1.97 22.72
6.24 -9.35 1.51 21.81
5.64 -5.72 1.49 20.99
13.66 -12.83 2.33 21.30
2.62 -8.42 3.50 22.19
6.31 -6.22 1.18 22.29
5.80 -7.92 2.61 22.19
5.37 -7.83 1.55 22.19
6.40 -8.31 1.70 22.45 45.407963 11.893826 2.45
7.41 -8.07 0.33 22.00
5.79 -6.98 2.23 22.05
5.07 -8.32 2.27 21.61
5.70 -8.05 1.65 21.42
6.17 -7.90 1.76 21.32
5.58 -7.95 2.07 21.87
5.81 -8.04 2.25 21.68
5.72 -7.76 2.09 21.87
5.55 -7.53 1.87 22.71
5.63 -7.72 1.76 22.16 45.407963 11.893826 2.45
5.91 -8.19 1.73 22.11
6.25 -8.06 2.01 21.61
5.67 -8.09 1.89 21.66
5.97 -8.15 2.01 22.14
5.85 -8.13 1.94 22.36
5.47 -7.78 1.55 22.36
5.87 -7.95 1.50 22.19
6.05 -8.12 1.59 22.00
5.64 -8.54 1.83 21.83
6.04 -8.03 1.52 26.05 45.407930 11.893828 2.50
5.73 -7.82 1.62 22.95
5.91 -8.00 1.79 21.81
5.71 -7.75 1.81 22.21
5.69 -7.74 1.83 21.81
5.70 -7.72 1.80 27.46
5.87 -7.98 1.86 22.16
5.92 -7.88 1.22 22.55
5.51 -7.79 1.82 22.16
5.97 -7.99 1.71 22.09
5.56 -7.70 1.82 21.97
6.16 -8.27 1.71 21.97
5.82 -8.01 1.92 21.90
5.76 -7.83 1.82 21.52
5.79 -7.85 2.03 21.90
5.40 -8.15 2.03 22.05
6.01 -7.93 1.78 22.60
5.65 -7.99 2.36 21.71
5.78 -7.86 1.67 22.16
5.93 -8.32 2.04 21.87
5.92 -7.73 1.85 22.17 45.407897 11.893825 2.64
5.61 -7.84 1.81 22.50
5.66 -8.14 1.77 22.11
5.82 -8.30 1.32 22.11
5.62 -7.92 1.67 22.11
5.60 -8.02 1.66 21.71
5.94 -8.19 1.51 22.07
5.92 -8.04 1.55 21.95
5.78 -7.73 1.65 21.90
5.23 -8.39 1.46 21.83
4.95 -6.97 1.35 21.08 45.407897 11.893825 2.64
5.06 -8.19 2.30 20.61
6.11 -8.96 1.71 21.40
6.57 -7.51 2.08 20.43
4.67 -7.11 1.39 21.27
5.64 -7.41 2.05 21.97
6.98 -7.24 2.33 23.87
5.89 -6.16 2.29 23.96
6.89 -8.47 1.35 25.18
5.40 -7.57 1.09 25.12
4.66 -2.91 1.33 25.14
6.58 -11.22 2.71 21.87
4.89 -10.21 1.94 24.34
6.87 -10.75 3.34 19.81
5.48 -9.78 3.07 20.92
4.25 -6.73 2.88 20.49
4.28 -5.49 2.46 21.49
7.86 -8.28 1.98 21.08
5.27 -8.12 1.05 21.90
7.30 -6.47 1.40 21.61
5.61 -6.97 2.12 22.21 45.407837 11.893819 2.54
5.44 -8.06 1.92 21.81
5.44 -8.31 1.41 21.81
5.90 -7.62 1.61 21.87
6.02 -7.76 1.33 21.92
5.84 -7.95 1.33 21.81
6.14 -7.97 1.78 22.60
6.39 -7.82 1.87 22.07
5.95 -7.29 2.15 22.02
6.35 -8.06 1.61 22.02
6.01 -7.90 1.72 22.16 45.407837 11.893819 2.54
6.35 -7.54 1.51 21.76
5.80 -7.51 2.05 23.00
5.79 -7.85 2.03 21.45
5.49 -8.22 2.24 21.85
5.82 -7.83 2.06 21.44
5.91 -7.47 2.26 22.11
5.83 -7.99 1.25 21.63
5.49 -7.99 1.61 22.21
5.96 -7.97 2.15 22.64
5.83 -7.88 2.26 22.55 45.407808 11.893816 2.41
6.13 -6.97 1.62 21.80
5.96 -7.64 1.90 21.92
6.12 -7.92 1.54 21.92
6.36 -7.86 2.11 22.26
6.08 -7.86 2.22 22.16
5.94 -7.82 1.73 21.76
5.59 -8.05 1.82 21.73
5.56 -7.97 1.72 22.02
5.76 -7.78 1.78 21.83
5.95 -8.20 1.87 21.87
5.65 -7.71 1.74 22.00
5.64 -7.99 1.44 22.11
5.64 -7.68 1.71 22.40
5.71 -7.91 1.72 22.21
5.64 -7.92 1.66 22.04
6.06 -7.93 1.53 22.02
5.99 -8.30 1.66 22.02
5.69 -7.80 1.74 21.56
5.80 -8.30 1.81 23.36
5.59 -7.97 1.53 23.20 45.407786 11.893814 1.93
5.87 -7.41 2.02 22.60
5.78 -8.22 1.61 21.75
6.04 -7.98 1.57 22.12
5.99 -8.28 1.87 21.73
5.75 -7.48 1.81 21.95
5.36 -8.14 1.53 21.83
5.98 -8.21 2.04 22.31
6.12 -7.27 1.75 22.21
5.48 -8.88 2.03 22.09
5.59 -7.97 1.73 22.64 45.407786 11.893814 1.93
5.77 -8.01 2.03 22.16
5.85 -7.83 2.10 22.50
5.64 -7.87 1.57 22.02
5.61 -8.24 1.61 21.51
5.32 -8.34 2.06 21.52
5.62 -7.83 1.87 21.56
5.90 -7.78 1.82 23.55
5.47 -8.07 1.60 22.05
5.64 -7.67 2.21 21.69
5.86 -7.72 1.78 22.50 45.407754 11.893812 2.73
5.92 -8.12 2.31 22.55
5.63 -7.60 1.72 21.66
5.28 -8.26 1.63 22.02
6.05 -8.09 1.58 22.07
6.10 -8.12 1.36 22.50
5.58 -7.88 1.60 22.42
5.20 -8.06 1.80 21.66
5.68 -8.37 1.39 21.92
5.96 -7.97 1.22 21.56
5.12 -7.87 1.61 21.83 45.407754 11.893812 2.73
5.81 -8.15 1.37 21.47
5.70 -7.96 1.20 21.78
6.11 -8.78 1.76 22.60
5.39 -7.35 1.53 21.88
4.98 -7.48 1.60 21.92
5.54 -7.67 1.83 21.73
6.63 -7.81 2.13 22.60
5.76 -7.59 1.88 21.23
5.30 -7.47 2.02 21.66
5.76 -8.15 1.98 22.54 45.407729 11.893809 2.46
5.56 -9.41 2.31 21.76
5.83 -7.02 2.90 21.73
5.95 -6.29 1.21 22.02
6.12 -9.92 1.65 21.33
5.46 -8.19 2.08 21.20
6.32 -8.01 2.08 21.18
4.78 -8.34 1.93 21.23
5.35 -8.68 2.29 21.37
5.88 -8.14 1.98 21.47
5.95 -7.99 1.35 21.47 45.407706 11.893805 2.30
5.34 -7.78 1.70 21.51
5.41 -8.25 1.77 21.27
5.68 -8.71 1.54 22.00
5.86 -7.50 2.08 21.68
5.65 -7.24 2.23 21.52
5.73 -8.77 1.80 20.89
5.83 -8.87 1.36 21.42
6.01 -8.15 1.93 21.68
5.61 -8.64 0.86 24.47
5.36 -8.30 1.67 21.97
4.45 -8.06 2.29 21.97
5.79 -8.10 1.18 21.66
5.98 -7.47 2.06 23.07
5.71 -7.72 2.74 21.87
4.84 -7.99 3.13 21.88
5.88 -7.92 1.86 22.31
5.97 -7.83 2.25 21.88
5.71 -8.02 1.86 22.42
5.24 -8.00 2.14 22.02
5.38 -8.97 2.90 22.43
6.42 -7.21 2.03 21.92
5.52 -7.04 1.66 22.76
4.54 -8.83 2.06 22.19
5.60 -8.24 1.92 22.17
6.61 -7.58 2.63 21.75
5.74 -7.68 2.34 22.00
4.75 -8.35 1.08 22.45
4.74 -8.83 2.27 22.05 45.407675 11.893838 1.42
6.43 -7.71 2.99 22.40
5.01 -7.46 2.07 21.56
5.13 -8.02 2.72 22.16
5.73 -8.05 2.12 22.50
6.86 -7.76 1.53 22.16
6.33 -8.01 1.18 21.97
5.90 -8.36 2.45 22.21
5.74 -7.47 2.09 21.78
5.73 -7.10 1.62 21.76
5.01 -8.62 2.44 22.96 45.407675 11.893838 1.42
5.73 -8.11 2.44 23.34
6.22 -7.40 2.43 23.14
6.12 -7.05 2.52 22.59
6.06 -7.67 1.84 22.59
6.35 -7.39 1.20 23.02
7.60 -7.67 2.11 21.90
5.62 -8.44 1.55 21.81
5.99 -7.65 1.92 21.87
6.14 -7.44 1.69 21.39
5.78 -8.73 2.19 21.42 45.407660 11.893848 1.75
6.15 -7.24 1.57 21.71
5.91 -7.32 1.88 22.17
5.57 -8.27 1.72 22.71
5.58 -8.07 1.93 22.36
5.76 -7.72 2.43 22.31
5.46 -8.01 3.25 22.26
6.07 -7.41 1.65 22.62
5.96 -7.11 2.12 22.12
6.52 -7.88 1.85 22.31
6.06 -7.87 2.28 22.00
6.30 -7.85 1.78 21.61
6.22 -7.55 2.24 22.19
6.31 -7.85 1.96 22.42
6.14 -7.67 1.76 21.66
6.25 -7.54 1.64 21.56
5.68 -8.17 2.11 22.12
5.54 -7.84 1.75 21.97
6.14 -7.59 2.01 22.55
5.96 -7.95 1.92 21.69
5.90 -7.46 1.75 22.11 45.407660 11.893849 0.70
5.74 -7.92 2.00 21.68
5.81 -7.85 1.65 21.63
5.90 -7.58 1.88 22.07
5.95 -8.06 1.71 21.73
6.01 -7.84 1.92 22.21
6.09 -7.78 1.55 21.87
5.46 -7.38 1.72 22.50
5.95 -8.18 1.90 22.02
6.19 -7.86 1.67 21.66
6.14 -7.73 1.73 21.97 45.407660 11.893849 0.70
6.21 -7.84 1.98 21.56
6.36 -8.15 1.86 22.12
6.26 -7.82 1.53 21.97
5.84 -7.29 1.70 22.86
5.91 -8.21 1.62 21.81
5.62 -8.13 1.36 21.87
5.54 -7.76 2.08 21.47
6.27 -8.19 2.64 21.81
5.96 -8.35 2.01 21.52
5.52 -7.45 2.13 21.66
5.71 -7.90 1.89 21.64
5.74 -7.66 1.49 21.63
6.11 -7.64 2.16 21.64
6.22 -7.79 2.25 22.23
5.73 -7.95 1.92 22.17
5.71 -7.71 1.97 22.11
6.19 -7.40 2.09 21.64
6.26 -8.04 1.73 21.66
5.84 -8.11 1.79 22.05
5.85 -8.11 2.23 22.16 45.407676 11.893866 1.14
5.91 -7.82 2.02 21.95
5.83 -7.96 1.88 21.76
5.72 -8.11 1.52 21.73
5.44 -8.00 1.80 21.78
6.00 -7.65 2.04 21.69
5.87 -7.75 1.97 22.12
5.90 -8.22 1.61 21.69
5.56 -7.75 2.22 21.78
5.64 -7.88 1.77 22.14
6.12 -7.90 1.84 21.73 45.407676 11.893866 1.14
5.96 -7.93 2.08 21.64
5.73 -7.66 2.22 22.57
5.98 -7.88 2.04 22.02
5.83 -7.67 1.68 21.97
5.79 -7.82 2.01 22.04
5.62 -8.25 1.92 22.23
5.65 -8.06 1.95 21.63
5.43 -7.58 1.99 22.21
5.90 -8.16 1.76 22.16
5.70 -7.98 1.92 22.17 45.407685 11.893877 1.33
5.68 -7.83 1.58 22.45
6.06 -7.84 1.86 22.66
5.98 -7.86 2.16 23.02
5.92 -7.61 2.33 22.26
6.11 -8.02 2.15 22.33
5.62 -7.85 2.00 23.50
5.87 -7.98 1.72 23.05
5.84 -8.21 1.82 22.21
5.67 -7.90 1.91 22.26
4.94 -7.14 1.98 22.02
5.81 -7.92 2.07 21.81
5.82 -8.46 1.90 21.42
6.25 -8.24 1.80 21.28
5.44 -7.92 1.56 21.95
5.65 -7.56 1.86 22.21
5.88 -7.40 1.78 23.79
6.67 -7.39 1.67 22.31
6.09 -8.27 2.00 22.21
6.06 -8.18 1.99 22.16
6.10 -7.65 1.41 22.02 45.407704 11.893889 1.92
6.00 -7.87 1.84 21.97
5.73 -7.66 1.87 21.78
6.03 -7.80 1.82 21.92
6.07 -8.88 2.09 21.92
5.33 -8.29 1.49 21.68
5.54 -7.88 1.76 21.75
5.92 -7.63 1.85 21.97
5.70 -7.81 2.16 22.14
5.75 -8.19 1.61 21.97
5.97 -7.91 1.56 21.39 45.407704 11.893889 1.92
5.57 -7.93 1.59 21.85
6.33 -7.70 2.02 21.92
5.76 -7.82 2.03 21.57
5.59 -7.55 1.56 21.99
5.93 -8.00 1.48 21.52
5.97 -7.89 2.13 21.88
5.88 -7.92 1.72 21.87
5.83 -7.84 1.53 21.63
5.83 -7.91 2.12 21.57
5.78 -8.16 2.30 22.02 45.407714 11.893901 1.66
5.84 -8.07 1.83 22.09
5.45 -8.09 1.84 22.21
5.77 -7.73 1.90 22.14
5.78 -7.89 1.68 21.73
6.02 -8.00 1.97 21.83
6.34 -7.94 1.77 21.52
5.92 -8.01 1.68 21.47
5.56 -8.06 1.94 22.00
5.83 -7.64 1.81 21.59
6.18 -7.53 1.70 22.02 45.407714 11.893901 1.66
5.81 -7.71 1.73 21.61
5.67 -8.07 2.14 21.93
5.76 -8.26 1.27 22.05
5.77 -7.86 1.46 21.88
5.53 -7.73 1.84 22.00
5.78 -7.97 2.11 22.09
6.02 -8.17 1.73 22.17
5.52 -7.77 1.84 22.17
6.05 -8.28 1.29 21.87
6.06 -7.68 1.77 22.26 45.407727 11.893916 1.91
6.01 -7.94 1.89 22.07
6.03 -7.86 1.86 22.91
5.82 -7.65 1.83 22.43
5.98 -7.67 1.95 21.87
6.11 -7.93 2.13 21.88
6.22 -7.58 1.76 21.47
6.15 -8.34 1.88 21.37
5.42 -8.05 1.43 22.40
5.55 -8.12 1.91 21.93
5.70 -7.89 2.04 21.76 45.407742 11.893926 1.81
5.91 -7.90 1.94 21.83
5.92 -8.24 1.89 21.32
5.61 -8.02 1.93 21.57
5.85 -7.90 1.57 21.78
5.70 -8.08 1.82 21.44
5.64 -7.63 1.91 21.57
5.84 -8.20 1.92 21.54
5.80 -7.48 1.93 21.73
5.81 -7.40 2.01 22.19
5.86 -7.70 1.87 23.55
6.02 -8.34 1.53 21.78
5.74 -7.65 1.65 22.42
6.02 -7.72 1.28 22.35
6.41 -8.15 1.68 22.96
4.59 -7.52 1.00 21.69
6.42 -9.53 2.43 22.24
6.73 -7.21 1.24 21.32
5.32 -8.43 2.11 21.11
4.90 -8.57 1.38 22.35
5.94 -7.91 2.01 22.52 45.407758 11.893925 1.38
6.31 -7.63 1.78 22.31
4.88 -4.19 1.52 22.31
4.82 -11.34 2.29 20.91
5.90 -8.45 1.60 20.65
6.63 -7.91 2.51 20.61
5.27 -7.39 2.38 21.39
6.27 -7.65 2.53 22.28
5.56 -7.38 1.47 23.00
5.18 -7.56 2.15 23.36
5.37 -7.56 2.32 23.19 45.407758 11.893925 1.38
6.32 -7.83 2.82 21.90
6.03 -10.15 3.43 20.79
5.82 -10.19 0.97 21.18
5.53 -8.03 2.00 21.33
5.05 -6.75 1.65 21.87
5.84 -7.56 2.20 21.64
6.53 -7.48 1.61 22.00
5.85 -8.19 2.01 22.55
5.49 -7.61 2.12 22.26
5.83 -7.40 1.96 21.81 45.407782 11.893925 1.89
6.20 -7.56 1.60 21.73
6.15 -8.07 2.18 21.76
6.03 -8.45 2.06 22.26
5.35 -7.46 1.97 22.02
5.28 -7.94 1.87 22.26
6.01 -8.25 1.59 22.54
6.40 -7.78 1.83 22.12
5.71 -7.69 1.93 23.31
5.42 -8.61 1.66 22.38
5.51 -8.24 1.36 22.45 45.407808 11.893925 2.27
6.31 -7.49 2.14 21.71
6.07 -7.65 1.63 21.90
5.73 -8.09 1.84 21.88
5.94 -7.73 1.70 21.37
6.27 -8.27 1.73 21.68
6.14 -8.06 1.58 21.27
5.76 -7.98 1.74 22.07
5.97 -8.00 1.64 21.87
5.97 -8.18 1.64 21.85
5.92 -7.97 1.62 22.36 45.407808 11.893925 2.27
5.75 -8.08 1.11 21.97
5.54 -8.73 1.22 22.04
5.36 -8.23 1.25 22.57
5.66 -7.91 1.54 21.64
6.26 -7.88 0.42 21.73
5.52 -7.50 1.93 21.42
5.77 -7.82 1.60 21.97
5.98 -8.53 1.58 21.68
5.96 -7.33 2.22 21.66
5.42 -7.66 1.62 21.09 45.407836 11.893936 2.73
6.35 -8.24 1.75 21.20
6.48 -8.28 2.67 21.47
6.21 -8.69 2.14 20.73
5.75 -8.67 2.33 23.89
5.81 -8.94 2.24 21.03
5.99 -8.76 2.33 21.13
5.32 -8.66 2.15 21.18
5.07 -8.07 2.16 21.18
5.97 -8.71 2.13 21.37
5.66 -8.33 1.89 21.63
5.26 -8.34 2.49 21.92
4.96 -7.81 2.44 22.04
5.55 -7.79 2.34 22.17
5.67 -7.77 1.97 21.68
5.59 -7.72 1.85 21.75
5.65 -7.79 1.74 21.64
6.34 -7.69 1.67 22.00
5.89 -7.63 1.56 21.75
5.80 -8.04 1.16 21.68
5.77 -7.66 1.67 21.27 45.407858 11.893940 2.30
6.48 -8.55 2.17 20.70
5.98 -10.35 1.86 20.77
6.19 -8.53 0.82 20.89
5.86 -7.83 1.65 21.97
5.83 -8.37 0.91 22.26
6.51 -7.12 0.71 22.42
5.88 -7.23 2.28 22.42
5.84 -8.51 1.44 22.02
5.92 -8.34 1.94 22.04
6.56 -8.26 1.93 21.73 45.407858 11.893940 2.30
6.13 -7.81 1.84 21.33
5.68 -8.29 1.92 21.66
5.58 -8.32 1.43 21.88
5.85 -7.66 1.57 22.02
5.86 -7.54 1.94 21.88
5.49 -8.01 1.83 21.92
6.03 -8.92 0.92 21.49
5.87 -8.06 0.86 21.47
5.92 -7.95 1.79 21.88
5.38 -8.00 1.67 21.52 45.407871 11.893945 1.48
5.61 -8.20 1.28 21.68
6.18 -7.72 1.83 22.17
5.77 -7.76 1.59 22.21
5.86 -7.78 1.38 22.21
5.97 -6.83 1.76 22.07
6.55 -7.63 2.57 21.92
5.94 -7.90 1.61 22.31
5.55 -7.84 1.57 21.68
5.69 -8.33 2.13 21.64
5.98 -7.79 2.24 21.40
5.76 -8.18 2.29 20.87
5.69 -7.87 2.21 21.04
5.94 -8.25 2.28 21.27
5.82 -8.85 2.66 21.92
5.84 -8.77 1.89 22.05
6.09 -8.82 2.18 21.28
5.44 -8.49 2.51 20.73
5.96 -8.74 2.62 20.65
5.39 -8.71 2.79 20.84
5.86 -8.90 2.32 21.09 45.407886 11.893962 1.75
5.84 -9.00 1.52 21.63
5.71 -7.63 2.87 22.23
5.24 -7.10 2.00 22.21
5.29 -7.97 1.80 21.25
5.34 -8.32 1.94 21.63
5.92 -9.60 1.37 21.33
5.24 -8.06 1.92 21.73
5.40 -6.89 2.36 21.83
5.35 -7.74 1.98 21.76
5.87 -7.92 1.78 21.78 45.407886 11.893962 1.75
6.43 -7.41 1.97 21.63
5.91 -7.85 1.82 21.81
6.02 -8.05 1.55 21.56
6.46 -8.07 1.89 21.32
6.62 -8.16 1.60 21.39
6.19 -8.03 1.96 21.52
5.33 -8.49 2.01 21.52
5.53 -8.12 2.01 21.39
6.08 -7.90 2.03 21.23
6.27 -8.46 1.35 21.78
5.63 -8.39 1.78 21.42
5.68 -8.21 2.23 21.52
5.91 -7.91 1.67 21.33
5.87 -9.14 1.71 21.68
5.94 -7.97 1.94 21.28
6.05 -8.70 1.46 21.71
5.17 -8.03 0.29 21.51
2.88 -7.16 1.45 19.69
7.81 -7.87 3.19 20.84
8.16 -7.32 2.74 20.99 45.407939 11.893969 2.32
4.12 -8.47 0.45 21.97
6.45 -8.64 1.87 25.52
4.51 -5.99 2.10 24.73
2.33 -1.18 0.49 25.47
4.93 -9.91 1.24 22.81
2.72 -11.88 4.82 20.44
6.62 -7.68 2.89 20.13
6.00 -11.96 2.90 21.69
4.38 -7.71 1.53 21.83
6.15 -6.12 1.94 22.43 45.407939 11.893969 2.32
5.74 -5.62 1.86 22.62
6.26 -8.16 1.25 21.52
6.18 -8.52 1.94 21.87
6.52 -7.64 2.05 21.35
5.25 -7.06 2.38 21.66
6.36 -8.68 2.08 21.23
5.90 -8.85 2.62 22.42
5.49 -8.30 2.85 21.47
4.84 -8.05 1.63 21.37
5.68 -8.24 1.77 21.03 45.407953 11.893980 2.08
6.49 -8.11 2.29 22.14
6.32 -8.70 2.29 22.57
5.67 -8.27 2.25 21.63
5.60 -8.24 1.76 21.09
5.46 -8.71 2.68 21.13
6.28 -8.37 1.81 21.20
5.83 -8.53 2.31 21.37
5.75 -8.29 2.26 21.44
5.74 -8.33 2.20 21.52
5.67 -8.24 2.39 21.40
5.11 -8.57 2.35 21.97
4.91 -8.00 1.64 21.61
5.41 -7.89 2.11 21.68
5.59 -8.07 1.08 22.02
5.61 -7.95 1.31 21.61
5.84 -8.01 1.27 21.54
6.06 -7.37 1.61 21.92
6.57 -7.27 1.63 21.63
5.56 -8.67 1.55 21.95
6.15 -7.82 1.19 21.87 45.407984 11.893985 2.57
5.92 -7.86 1.58 21.87
6.03 -7.83 1.52 21.68
6.03 -7.64 1.09 21.97
6.44 -8.91 1.58 22.38
5.98 -8.30 2.08 21.73
5.36 -7.76 1.62 21.59
4.62 -7.30 1.28 21.47
5.75 -8.85 2.16 21.09
6.33 -8.41 1.84 21.52
5.93 -7.07 1.64 21.97 45.407984 11.893985 2.57
5.22 -8.48 2.08 22.52
5.36 -7.40 2.16 22.11
6.50 -6.72 1.33 22.36
5.92 -8.08 2.31 21.42
5.68 -9.27 2.69 21.64
5.67 -7.49 1.32 21.57
5.56 -7.85 1.79 21.59
5.21 -7.88 2.01 21.63
6.04 -7.67 1.98 21.93
5.73 -8.18 1.83 21.68 45.408003 11.893984 2.11
4.90 -8.15 2.18 21.87
5.48 -7.73 2.34 22.36
5.58 -7.74 2.06 22.81
5.80 -7.87 1.92 22.62
5.47 -8.11 2.06 21.78
5.67 -8.10 1.64 21.75
5.68 -8.33 2.30 21.71
6.00 -8.17 2.05 21.68
5.79 -8.57 1.42 22.11
5.51 -8.35 1.58 22.23 45.408028 11.893979 1.92
5.46 -7.34 1.23 22.29
6.03 -7.72 1.98 21.73
5.96 -8.41 1.47 21.56
6.01 -7.84 1.66 21.39
5.55 -8.27 1.74 21.32
4.86 -8.39 1.50 21.49
4.91 -7.39 1.95 20.84
5.47 -7.91 1.95 20.44
5.85 -8.48 1.52 20.53
6.41 -8.59 1.08 22.12
5.78 -7.80 1.76 22.62
4.41 -7.91 0.88 23.38
5.54 -6.40 2.65 23.65
7.26 -6.77 2.06 22.95
6.61 -8.77 2.80 22.76
4.99 -10.87 2.65 22.16
5.61 -10.19 0.55 22.59
4.22 -4.97 1.44 21.71
4.97 -9.58 2.22 21.32
4.77 -8.95 1.16 20.53 45.408045 11.893973 1.45
6.98 -9.07 0.28 20.34
4.70 -7.73 2.49 21.32
5.25 -6.40 1.40 21.56
5.55 -7.48 2.55 22.28
6.22 -6.59 2.35 22.02
5.84 -7.14 2.03 22.04
5.45 -8.16 1.80 22.66
5.09 -9.26 1.12 21.54
6.05 -7.07 2.47 21.33
7.59 -9.24 2.11 21.20 45.408045 11.893973 1.45
4.67 -9.52 2.00 21.71
5.77 -7.47 1.49 23.10
5.79 -6.60 1.83 22.36
5.47 -7.84 2.54 21.61
6.67 -7.95 0.99 21.04
5.94 -7.98 1.27 20.82
5.69 -8.80 1.99 21.68
5.22 -8.53 2.84 21.42
5.38 -6.32 1.22 21.73
5.90 -8.07 1.62 22.66 45.408046 11.893969 0.30
6.37 -8.73 0.69 21.66
6.31 -7.51 0.85 21.75
5.88 -7.26 1.83 22.36
6.20 -9.69 0.46 22.52
5.49 -6.89 1.14 22.76
6.25 -7.51 2.13 22.81
5.08 -9.22 1.93 21.30
5.39 -8.67 2.10 20.92
6.64 -8.13 1.24 20.92
5.41 -9.50 1.55 21.57
5.11 -7.62 0.67 21.32
6.19 -7.30 1.49 21.25
6.30 -7.87 1.35 21.66
6.03 -8.21 1.03 21.73
5.89 -8.03 0.28 21.87
5.25 -8.10 1.93 22.12
5.51 -8.11 1.79 21.61
6.25 -8.07 1.83 21.57
5.74 -8.63 1.97 22.11
5.57 -8.23 3.07 21.97 45.408041 11.893975 0.92
5.23 -8.21 2.86 21.87
6.02 -8.10 1.64 21.44
5.65 -8.16 1.43 21.63
5.24 -7.80 1.19 21.69
5.83 -7.69 1.50 21.92
5.75 -7.45 1.19 21.49
5.86 -8.78 1.76 21.33
6.32 -7.46 1.88 21.25
4.88 -8.23 1.60 21.73
4.45 -7.54 1.41 21.54 45.408041 11.893975 0.92
4.95 -7.58 1.31 20.87
6.60 -8.17 1.47 20.20
7.20 -7.75 1.93 20.10
6.11 -8.18 2.16 21.08
4.88 -9.16 1.44 21.76
5.24 -8.94 2.24 23.19
5.47 -6.50 1.04 25.07
4.33 -5.37 2.08 23.87
7.38 -7.95 2.03 28.50
6.17 -10.52 2.14 22.91 45.408039 11.893989 1.60
5.79 -9.41 3.23 21.73
6.09 -8.08 1.49 20.24
5.52 -7.62 2.10 20.29
5.49 -11.10 1.58 20.39
5.28 -8.84 2.09 20.79
6.25 -6.90 1.48 24.44
4.82 -6.92 2.37 21.45
4.32 -8.65 2.05 21.56
4.46 -8.16 1.81 23.20
7.33 -7.48 1.78 21.44 45.408039 11.893989 1.60
6.25 -7.69 1.47 22.09
4.99 -8.18 1.02 22.67
5.20 -7.88 1.24 23.20
5.74 -7.55 2.52 24.30
6.55 -7.72 1.34 22.11
5.70 -8.79 2.15 22.91
5.63 -8.20 1.81 22.09
6.72 -8.24 1.73 22.42
5.49 -7.10 1.90 22.78
5.78 -7.57 1.82 22.66 45.408058 11.893998 1.31
6.24 -9.59 2.09 21.85
5.48 -12.78 1.70 20.97
7.63 -7.01 1.08 21.83
5.23 -6.93 1.29 23.32
4.08 -7.33 0.74 25.62
6.03 -6.96 1.66 22.31
6.28 -6.39 1.18 21.23
15.80 -13.52 3.67 20.01
2.60 -10.75 1.58 22.11
5.20 -4.91 2.02 23.17 45.408078 11.894000 1.00
5.27 -7.81 2.08 29.02
4.75 -6.33 1.40 23.79
6.34 -9.32 0.81 20.80
6.37 -9.08 2.14 20.92
7.19 -11.91 0.72 21.59
4.22 -6.08 0.72 24.49
6.78 -8.06 1.18 22.02
5.35 -8.17 2.66 21.97
5.34 -8.68 1.21 21.97
5.92 -7.16 1.55 21.73
6.89 -8.74 0.91 22.48
4.70 -9.17 2.08 22.35
5.24 -7.85 2.46 21.63
5.69 -7.49 2.30 20.63
6.73 -7.72 0.62 20.92
5.56 -9.20 1.14 20.92
5.70 -8.08 2.34 21.08
6.37 -8.75 1.74 20.87
5.34 -7.53 1.67 21.16
4.98 -8.52 3.08 23.39 45.408113 11.893991 1.58
5.64 -6.49 2.55 20.89
6.64 -7.82 2.89 21.39
5.43 -9.98 2.09 21.15
4.73 -8.80 2.30 20.89
3.25 -13.69 5.88 20.08
4.19 -6.95 2.10 21.37
6.56 -9.22 1.69 23.12
7.40 -9.33 3.45 24.63
4.21 -6.48 5.13 25.74
4.63 -7.15 2.56 23.02 45.408113 11.893991 1.58
5.29 -8.73 0.53 23.48
10.19 -10.57 -0.06 22.12
3.07 -7.82 2.87 21.97
6.66 -11.01 -0.14 20.79
5.33 -10.71 2.17 25.57
5.43 -8.28 2.26 19.55
7.07 -9.50 0.89 22.05
4.23 -9.31 2.57 19.98
6.13 -8.67 0.27 22.76
5.53 -7.50 2.48 875.73
5.59 -2.65 2.06 5.66
5.79 -5.68 1.34 23.75
4.43 -8.10 0.51 23.29
5.59 -11.53 -0.34 23.53
6.94 -6.87 3.96 20.01
8.34 -8.23 0.43 20.22
5.23 -12.81 -0.42 21.81
5.31 -9.27 1.56 21.47
6.36 -6.38 0.61 21.23
6.42 -7.92 2.84 22.31 45.408134 11.893976 0.12
7.04 -8.40 0.77 22.02
5.39 -9.38 1.89 21.68
4.70 -8.91 3.67 22.42
7.11 -6.35 0.48 21.68
5.11 -10.87 2.25 20.49
5.15 -10.22 2.06 20.44
6.64 -8.44 1.16 21.18
5.56 -8.43 1.10 21.78
4.70 -8.00 1.50 22.91
5.77 -7.77 1.16 21.68 45.408134 11.893976 0.12
5.44 -8.32 1.60 22.04
6.76 -9.12 1.31 20.97
5.94 -7.25 1.40 22.05
6.23 -8.22 1.74 22.16
5.49 -8.87 1.54 21.37
5.36 -7.28 1.90 21.37
5.50 -8.25 1.90 22.12
6.20 -9.19 1.52 22.96
5.73 -7.35 2.10 22.48
6.09 -6.44 1.52 22.07 45.408137 11.893970 0.52
5.60 -7.86 2.02 21.87
5.78 -7.96 1.21 21.30
6.23 -6.82 1.76 21.83
7.01 -7.70 3.51 22.28
6.43 -8.51 1.90 21.73
4.84 -8.97 2.23 22.38
4.99 -6.79 2.54 22.60
5.99 -8.26 1.79 21.87
7.58 -10.10 1.50 22.64
7.23 -7.68 1.52 22.86 45.408140 11.893971 0.99
6.03 -7.97 2.93 22.45
6.61 -8.14 0.10 23.46
5.21 -7.97 1.98 22.96
5.74 -8.17 0.98 22.07
6.03 -6.89 2.09 22.36
6.33 -6.86 2.88 21.08
6.79 -7.80 1.79 20.89
6.71 -8.32 2.84 21.54
5.86 -9.10 1.89 20.97
5.50 -7.18 1.42 21.25 45.408140 11.893971 0.99
6.87 -7.22 1.98 21.68
6.11 -7.98 1.76 21.81
5.81 -7.45 1.81 22.31
6.05 -7.21 1.54 21.99
6.18 -8.03 1.72 22.57
6.30 -7.24 1.51 22.12
6.33 -6.86 1.94 22.31
6.30 -7.46 1.99 22.12
5.82 -7.86 1.76 21.87
6.07 -7.45 1.72 22.12 45.408151 11.893969 0.80
6.45 -7.44 1.52 21.66
6.15 -7.68 1.77 21.52
5.94 -7.69 1.71 22.02
5.92 -7.95 1.39 21.49
6.04 -8.15 1.85 21.57
6.19 -7.81 1.41 21.93
6.41 -7.70 1.52 22.07
6.59 -7.83 2.48 22.19
6.65 -7.87 2.24 22.52
6.41 -7.53 1.82 22.12
6.38 -6.99 2.38 22.33
6.57 -6.78 2.18 21.87
6.86 -8.22 1.85 23.51
6.43 -7.89 1.98 21.61
6.08 -8.05 2.39 21.63
6.30 -7.38 1.31 22.05
6.28 -7.76 1.87 21.90
5.69 -7.88 1.54 21.45
6.25 -7.44 1.93 21.37
6.24 -7.69 2.24 21.37 45.408161 11.893960 0.41
5.49 -8.76 1.64 21.42
5.81 -8.01 1.59 21.39
6.04 -7.49 1.51 22.02
6.00 -7.38 0.92 22.36
5.94 -7.91 1.58 21.73
6.17 -7.76 1.22 21.28
6.19 -7.97 0.88 21.42
5.74 -7.74 1.90 21.87
5.82 -7.86 1.79 21.97
6.02 -7.69 1.65 21.97 45.408161 11.893960 0.41
5.93 -7.89 1.54 21.97
5.89 -8.02 1.66 21.52
5.78 -7.89 2.12 22.31
5.68 -7.91 1.51 21.52
5.84 -7.76 1.64 21.42
5.82 -7.95 1.97 21.52
5.72 -7.98 2.10 21.88
5.45 -8.15 1.91 21.75
5.69 -7.86 1.75 21.39
5.95 -7.82 1.74 21.87 45.408157 11.893948 0.90
6.05 -8.01 1.63 21.63
5.54 -8.21 1.78 21.69
5.38 -7.98 2.15 21.78
5.66 -7.54 2.10 21.75
5.98 -7.81 1.97 21.68
5.76 -7.75 2.33 21.59
5.68 -7.85 1.65 21.57
5.63 -7.87 2.24 21.85
5.78 -8.15 2.30 21.78
5.82 -8.35 1.59 21.73
5.53 -8.16 1.93 21.42
5.94 -7.83 2.43 21.76
6.07 -7.80 1.42 21.47
5.42 -8.02 1.72 21.76
5.80 -8.09 2.12 21.81
6.37 -7.90 0.77 21.83
5.69 -7.94 1.54 22.21
5.52 -7.76 1.85 21.51
5.49 -7.98 1.15 21.63
5.60 -8.27 1.76 21.54 45.408149 11.893937 1.20
5.09 -7.84 2.05 21.40
5.11 -8.46 2.50 21.33
5.69 -8.06 2.02 21.25
6.02 -7.92 2.26 21.37
5.88 -7.92 2.35 21.35
5.57 -8.20 1.76 21.52
5.57 -8.38 1.91 22.17
5.66 -8.81 2.05 22.40
5.55 -7.82 1.70 23.15
5.32 -7.53 1.37 23.58 45.408149 11.893937 1.20
5.47 -7.75 1.86 23.19
6.42 -7.97 1.83 23.00
6.30 -7.38 1.46 23.41
6.48 -7.12 1.69 22.55
5.88 -7.89 2.15 21.59
5.63 -8.76 2.04 21.23
6.01 -7.71 1.98 20.80
6.09 -7.67 1.92 20.92
5.26 -8.52 1.61 20.56
5.16 -9.25 2.03 20.79
4.98 -9.44 1.57 21.47
5.28 -8.15 1.84 21.92
5.50 -7.08 1.85 22.66
5.81 -7.10 1.70 22.67
4.95 -8.38 2.04 22.90
5.33 -8.65 1.92 24.35
6.35 -7.87 1.99 22.98
5.94 -6.48 2.05 22.00
6.05 -8.06 2.66 21.87
5.61 -7.88 1.41 21.33 45.408150 11.893926 0.49
6.39 -8.40 1.82 21.85
6.09 -8.58 1.74 20.96
5.45 -8.46 1.58 21.16
5.37 -7.84 1.38 21.99
5.37 -7.74 2.18 21.78
5.42 -8.16 1.72 21.78
5.87 -8.15 1.59 21.81
5.43 -8.10 2.17 21.92
5.51 -8.25 1.61 21.87
5.69 -7.89 1.61 21.92 45.408150 11.893926 0.49
5.72 -8.07 1.75 22.42
5.84 -7.81 1.48 22.47
5.85 -7.65 1.84 22.09
5.71 -7.42 1.74 21.87
6.01 -7.93 2.02 21.57
6.28 -8.07 1.72 21.76
6.00 -7.92 1.85 21.39
5.91 -8.03 1.24 21.92
5.35 -8.17 1.76 21.59
5.49 -8.48 1.55 22.12 45.408152 11.893922 0.44
5.15 -8.09 1.53 21.73
5.48 -7.90 1.55 21.59
5.65 -8.04 1.69 21.75
5.65 -8.18 1.65 22.26
5.52 -8.24 1.42 21.78
5.67 -8.12 1.62 22.26
5.69 -7.92 1.25 21.90
5.71 -8.05 1.35 22.31
5.65 -8.02 1.39 21.88
5.89 -7.84 1.35 22.31
