5.70 -8.03 2.05 22.54
5.63 -7.99 1.88 22.57
5.45 -7.99 2.23 22.57
5.58 -8.01 2.06 22.62
5.61 -8.02 2.07 22.57
5.59 -8.04 2.25 22.59
5.64 -8.03 1.89 22.57
5.62 -8.02 1.98 22.54
5.61 -8.09 1.90 22.57
5.59 -8.07 1.98 22.54
5.58 -7.99 1.96 22.57
5.73 -8.01 1.92 22.54
5.60 -8.06 1.91 22.57
5.62 -8.10 1.83 22.57
5.66 -8.07 1.81 22.57
5.59 -8.04 1.75 22.57
5.65 -8.03 1.85 22.55
5.67 -8.08 1.83 22.57
5.57 -8.00 1.86 22.54
5.61 -8.03 1.71 22.57
5.59 -8.01 1.84 22.57
5.60 -8.06 1.80 22.57
5.64 -8.08 1.78 22.57
5.66 -8.10 1.80 22.54
5.59 -8.03 1.65 22.57
5.58 -8.09 1.79 22.54
5.63 -8.05 1.90 22.57
5.59 -8.03 1.82 22.59
5.65 -8.03 1.72 22.62
5.69 -8.08 1.92 22.62
5.60 -8.06 1.78 22.62
5.60 -8.03 1.72 22.62
5.65 -8.02 1.78 22.62
5.67 -8.02 1.72 22.57
5.61 -8.07 1.78 22.59
5.58 -8.09 1.82 22.62
5.57 -8.08 1.70 22.59
5.60 -8.04 1.74 22.62
5.63 -8.10 1.98 22.59
5.73 -8.05 1.64 22.62
5.66 -8.07 1.64 22.62
5.71 -7.98 1.60 22.62
5.61 -7.99 1.78 22.62
5.68 -8.03 1.79 22.59
5.64 -8.09 1.81 22.62
5.66 -8.05 1.77 22.59
5.61 -8.05 2.13 22.62
5.61 -8.09 1.89 22.59
5.61 -8.07 1.87 22.57
5.57 -8.08 1.84 22.57
5.64 -8.04 1.85 22.62
5.62 -8.09 1.98 22.57
5.65 -8.12 1.91 22.57
5.65 -8.00 1.84 22.57
5.62 -8.08 1.83 22.59
5.59 -8.09 1.85 22.62
5.54 -8.15 2.07 22.59
5.62 -8.07 2.05 22.62
5.58 -7.99 2.08 22.59
5.66 -8.08 2.15 22.62
5.64 -8.08 1.81 22.62
5.60 -8.06 1.99 22.59
5.63 -7.99 1.86 22.62
5.57 -8.10 1.94 22.59
5.62 -8.02 1.83 22.62
5.61 -8.07 1.80 22.62
5.59 -8.00 1.84 22.62
5.66 -8.11 1.78 22.62
5.58 -8.06 1.76 22.59
5.68 -8.07 1.80 22.62
5.58 -8.03 1.77 22.59
5.63 -8.10 1.77 22.62
5.63 -8.03 1.91 22.59
5.55 -8.05 1.73 22.62
5.60 -8.09 1.79 22.62
5.60 -8.02 1.84 22.62
5.69 -8.03 1.63 22.62
5.58 -8.07 1.70 22.62
5.52 -8.08 1.71 22.62
5.60 -8.11 1.88 22.59
5.65 -8.04 1.85 22.62
5.64 -8.14 1.81 22.59
5.68 -8.07 1.82 22.62
5.64 -8.03 1.70 22.62
5.61 -8.12 1.64 22.59
5.61 -8.11 1.69 22.62
5.69 -8.07 1.61 22.59
5.62 -8.04 1.64 22.62
5.66 -8.08 1.61 22.59
5.64 -8.05 1.81 22.62
5.68 -8.06 1.76 22.54
5.66 -8.09 1.70 22.62
5.62 -8.07 1.82 22.62
5.57 -8.04 1.67 22.62
5.57 -8.12 1.70 22.62
5.60 -8.10 1.79 22.59
5.66 -8.08 1.82 22.62
5.70 -8.02 1.75 22.59
5.62 -8.02 1.84 22.62
5.58 -8.11 1.87 22.62
5.55 -8.07 1.84 22.59
5.62 -8.10 1.82 22.62
5.64 -8.06 1.72 22.59
5.77 -8.03 1.55 22.62
5.64 -8.03 1.89 22.59
5.63 -8.10 1.85 22.62
5.64 -8.11 1.76 22.62
5.63 -8.09 1.94 22.62
5.67 -8.03 1.87 22.62
5.62 -8.07 1.83 22.59
5.58 -8.07 1.87 22.62
5.70 -8.11 1.85 22.59
5.61 -8.08 1.71 22.62
5.52 -8.08 1.78 22.59
5.64 -8.02 1.81 22.62
5.62 -8.10 1.84 22.62
5.62 -8.09 1.83 22.62
5.65 -8.05 1.88 22.62
5.67 -8.09 1.98 22.59
5.67 -8.02 1.87 22.62
5.62 -8.08 1.85 22.59
5.61 -8.04 1.83 22.62
5.64 -8.03 1.69 22.59
5.58 -8.04 1.87 22.62
5.64 -8.07 1.86 22.62
5.55 -8.05 1.81 22.62
5.65 -8.12 1.76 22.62
5.61 -8.08 1.74 22.59
5.67 -8.05 1.75 22.62
5.61 -8.02 1.76 22.59
5.67 -8.07 1.89 22.62
5.59 -8.09 1.79 22.62
5.67 -8.07 1.80 22.59
5.65 -8.02 1.84 22.62
5.63 -8.01 1.80 22.59
5.63 -8.02 1.72 22.62
5.61 -8.08 1.75 22.62
5.60 -8.03 1.77 22.62
5.62 -8.11 1.72 22.62
5.66 -8.02 1.73 22.59
5.66 -7.98 1.81 22.62
5.63 -8.07 1.78 22.59
5.60 -7.99 1.80 22.62
5.60 -8.09 1.80 22.59
5.62 -8.03 1.80 22.62
5.64 -8.05 1.80 22.59
5.66 -8.09 1.85 22.62
5.64 -8.07 1.77 22.62
5.65 -8.05 1.76 22.62
5.66 -8.05 1.77 22.62
5.70 -7.99 1.76 22.59
5.61 -8.01 1.76 22.62
5.62 -8.06 1.75 22.59
5.62 -8.09 1.78 22.62
5.64 -8.04 1.67 22.59
5.60 -8.06 1.75 22.62
5.65 -8.09 1.92 22.62
5.58 -8.07 1.93 22.62
5.67 -8.03 1.91 22.62
5.59 -8.08 1.87 22.59
5.63 -8.06 1.75 22.62
5.64 -8.05 1.75 22.59
5.63 -8.04 1.79 22.62
5.66 -8.08 1.82 22.59
5.74 -8.03 1.74 22.62
5.63 -8.08 1.80 22.62
5.62 -8.06 1.80 22.62
5.67 -8.08 1.74 22.62
5.63 -8.06 1.79 22.59
5.63 -8.03 1.77 22.62
5.61 -8.06 1.87 22.59
5.57 -8.01 1.78 22.62
5.66 -8.02 1.74 22.59
5.63 -8.01 1.75 22.62
5.67 -8.15 1.60 22.59
5.59 -8.03 1.66 22.62
5.67 -8.08 1.67 22.62
5.70 -8.01 1.68 22.62
5.71 -8.05 1.39 22.62
5.64 -8.06 1.77 22.59
5.66 -8.05 1.63 22.62
5.73 -8.09 1.64 22.62
5.63 -8.10 1.67 22.62
5.64 -8.07 1.68 22.62
5.74 -8.13 1.65 22.59
5.71 -8.03 1.47 22.62
5.60 -8.03 1.72 22.59
5.71 -8.08 1.69 22.62
5.61 -8.05 1.68 22.59
5.67 -8.12 1.84 22.62
5.67 -8.15 1.87 22.59
5.67 -8.07 1.78 22.62
5.63 -8.09 1.77 22.62
5.63 -8.05 1.76 22.62
5.68 -8.03 1.88 22.62
5.61 -8.02 1.94 22.59
5.66 -8.03 1.75 22.62
5.62 -8.10 1.82 22.59
5.63 -8.07 1.74 22.62
5.65 -8.05 1.69 22.62
5.70 -8.07 1.77 22.62
5.61 -8.02 1.85 22.62
5.67 -8.05 1.78 22.59
5.66 -8.07 1.84 22.62
5.64 -8.06 1.81 22.59
5.64 -8.04 1.68 22.62
5.63 -8.01 1.79 22.59
5.65 -8.04 1.78 22.62
5.65 -8.05 1.69 22.62
5.67 -8.06 1.67 22.62
5.64 -7.99 1.76 22.62
5.64 -8.03 1.73 22.59
5.61 -8.04 1.70 22.62
5.58 -8.12 1.71 22.59
5.66 -8.00 1.68 22.62
5.63 -8.07 1.77 22.59
5.64 -8.04 1.61 22.62
5.66 -8.06 1.68 22.62
5.63 -8.04 1.76 22.62
5.62 -8.03 1.73 22.62
5.65 -8.06 1.73 22.59
5.63 -8.03 1.66 22.62
5.59 -8.04 1.70 22.59
5.64 -8.03 1.73 22.62
5.63 -8.09 1.67 22.57
5.69 -8.07 1.77 22.57
5.71 -8.01 1.68 22.57
5.67 -8.07 1.74 22.54
5.62 -8.03 1.76 22.57
5.67 -8.05 1.74 22.54
5.69 -8.03 1.70 22.57
5.62 -8.07 1.71 22.54
5.69 -8.04 1.69 22.57
5.65 -8.09 1.77 22.54
5.66 -8.04 1.72 22.57
5.65 -8.08 1.74 22.57
5.67 -8.03 1.73 22.57
5.61 -8.14 1.67 22.57
5.62 -8.05 1.71 22.54
5.64 -8.03 1.74 22.57
5.63 -8.06 1.74 22.54
5.71 -8.09 1.70 22.57
5.62 -8.04 1.77 22.54
5.61 -8.06 1.72 22.57
5.67 -8.12 1.77 22.54
5.69 -8.08 1.69 22.57
5.61 -8.06 1.74 22.57
5.66 -8.06 1.78 22.57
5.64 -8.04 1.69 22.57
5.62 -8.07 1.79 22.54
5.68 -8.02 1.78 22.57
5.66 -7.99 1.71 22.59
5.65 -8.10 1.82 22.62
5.67 -8.09 1.73 22.59
5.62 -8.02 1.66 22.57
5.66 -8.04 1.69 22.54
5.63 -8.03 1.63 22.57
5.67 -8.03 1.68 22.57
5.65 -8.08 1.57 22.57
5.66 -8.10 1.55 22.57
5.75 -8.03 1.45 22.57
5.64 -8.00 1.70 22.57
5.73 -8.09 1.50 22.54
5.69 -8.12 1.56 22.57
5.67 -8.08 1.58 22.54
5.68 -8.04 1.61 22.57
5.66 -8.08 1.62 22.54
5.71 -8.09 1.59 22.57
5.62 -8.05 1.55 22.57
5.67 -8.03 1.71 22.57
5.64 -8.10 1.80 22.57
5.71 -8.10 1.70 22.54
5.63 -8.07 1.67 22.57
5.68 -8.06 1.67 22.54
5.65 -8.06 1.61 22.57
5.59 -8.06 1.79 22.57
5.65 -8.03 1.75 22.57
5.62 -8.00 1.74 22.57
5.71 -8.07 1.58 22.54
5.65 -8.08 1.61 22.57
5.58 -8.08 1.76 22.54
5.62 -8.06 1.78 22.57
5.65 -8.09 1.70 22.54
5.67 -8.02 1.66 22.62
5.62 -8.05 1.62 22.62
5.66 -8.00 1.71 22.62
5.63 -8.07 1.72 22.62
5.60 -8.05 1.66 22.59
5.67 -8.04 1.79 22.62
5.68 -8.07 1.62 22.54
5.66 -8.09 1.69 22.57
5.66 -8.03 1.65 22.59
5.71 -8.09 1.58 22.62
5.66 -8.01 1.60 22.59
5.63 -8.07 1.62 22.62
5.66 -8.10 1.53 22.62
5.66 -8.07 1.63 22.62
5.61 -8.04 1.61 22.62
5.63 -8.10 1.65 22.59
5.66 -8.05 1.61 22.62
5.61 -8.08 1.64 22.54
5.69 -8.05 1.63 22.57
5.66 -8.06 1.61 22.54
5.63 -8.07 1.57 22.62
5.61 -8.13 1.62 22.59
5.67 -8.06 1.63 22.62
5.68 -8.08 1.60 22.62
5.69 -8.10 1.70 22.62
5.69 -8.14 1.66 22.62
5.65 -8.04 1.67 22.59
5.65 -8.04 1.62 22.62
5.56 -8.05 1.62 22.62
5.61 -8.06 1.68 22.62
5.64 -8.04 1.63 22.62
5.63 -8.04 1.70 22.59
5.60 -8.09 1.71 22.62
5.59 -8.08 1.65 22.59
5.68 -8.08 1.68 22.62
5.67 -7.98 1.63 22.62
5.67 -8.07 1.58 22.62
5.63 -8.02 1.62 22.57
5.64 -8.08 1.69 22.54
5.67 -8.04 1.69 22.62
5.65 -8.05 1.59 22.59
5.69 -8.04 1.61 22.62
5.59 -8.03 1.58 22.59
5.66 -8.07 1.70 22.62
5.61 -8.11 1.72 22.57
5.62 -8.03 1.62 22.57
5.73 -8.01 1.62 22.57
5.68 -8.05 1.58 22.54
5.64 -8.12 1.62 22.57
5.66 -8.01 1.69 22.57
5.66 -8.00 1.61 22.57
5.62 -8.02 1.62 22.57
5.65 -8.07 1.71 22.57
5.69 -8.08 1.62 22.62
5.67 -7.96 1.74 22.59
5.69 -8.06 1.65 22.57
5.60 -8.05 1.67 22.54
5.61 -8.09 1.68 22.57
5.58 -8.06 1.67 22.54
5.66 -8.14 1.67 22.57
5.66 -8.05 1.63 22.54
5.65 -8.03 1.63 22.57
5.64 -8.08 1.60 22.57
5.59 -8.09 1.71 22.57
5.70 -8.07 1.73 22.57
5.62 -8.05 1.79 22.54
5.64 -8.02 1.64 22.57
5.61 -8.05 1.72 22.54
5.66 -8.04 1.60 22.57
5.59 -8.00 1.67 22.54
5.64 -8.03 1.74 22.57
5.64 -8.03 1.61 22.54
5.68 -8.10 1.64 22.62
5.63 -8.09 1.66 22.62
5.63 -8.04 1.72 22.62
5.71 -8.05 1.54 22.62
5.66 -8.06 1.61 22.54
5.61 -8.01 1.65 22.62
5.66 -8.09 1.58 22.59
5.64 -8.04 1.57 22.62
5.64 -8.05 1.66 22.59
5.73 -8.07 1.58 22.62
5.69 -8.01 1.68 22.62
5.68 -8.06 1.57 22.62
5.66 -7.99 1.50 22.62
5.63 -8.06 1.58 22.59
5.67 -8.04 1.59 22.62
5.67 -8.02 1.64 22.59
5.62 -8.03 1.56 22.62
5.64 -8.08 1.59 22.59
5.66 -8.07 1.70 22.62
5.72 -8.04 1.59 22.62
5.66 -8.06 1.52 22.62
5.57 -8.10 1.61 22.62
5.63 -8.12 1.60 22.59
5.69 -8.03 1.45 22.62
5.66 -8.05 1.53 22.59
5.71 -8.06 1.52 22.62
5.64 -8.03 1.51 22.62
5.70 -7.99 1.52 22.59
5.68 -7.99 1.49 22.62
5.69 -8.09 1.60 22.59
5.67 -8.06 1.41 22.62
5.64 -8.04 1.54 22.59
5.68 -8.08 1.66 22.62
5.75 -8.09 1.63 22.62
5.76 -7.96 1.38 22.62
5.57 -7.95 1.52 22.62
5.69 -8.24 1.69 22.59
5.68 -8.17 1.32 22.62
5.52 -7.98 1.73 22.59
5.66 -8.06 1.64 22.57
5.79 -8.01 1.46 22.54
5.68 -7.91 1.67 22.57
5.72 -7.98 1.30 22.57
5.81 -8.13 1.10 22.52
5.54 -8.14 1.33 22.52
5.57 -8.27 0.96 22.52
5.60 -8.15 1.21 22.52
5.61 -7.98 1.13 22.48
5.77 -7.94 1.01 22.52
5.84 -8.05 1.17 22.48
5.74 -8.00 1.48 22.52
5.78 -7.82 1.44 22.52
5.82 -7.85 1.52 22.52
5.83 -7.87 1.58 22.52
5.95 -7.87 0.72 22.52
6.06 -8.04 -0.24 22.52
5.99 -7.73 0.11 22.52
5.77 -7.63 0.34 22.91
5.50 -8.13 1.75 22.83
5.20 -8.40 0.36 22.76
5.06 -8.70 1.55 22.59
4.23 -8.79 3.20 22.17
6.77 -8.25 -3.09 22.12
7.12 -7.27 -0.30 22.17
6.87 -7.47 2.19 22.23
5.69 -8.68 4.07 22.29
5.02 -8.75 2.86 22.31
5.26 -8.40 0.89 22.78
4.87 -8.09 1.98 22.78
5.85 -7.69 1.23 22.71
5.83 -7.97 2.01 22.64
9.05 -8.84 5.11 22.96
4.29 -7.80 10.45 22.93
5.77 -7.62 -4.83 22.96
2.68 -6.02 11.65 23.46
5.75 -7.74 -1.52 22.98
5.57 -8.52 0.64 22.47
5.10 -7.23 1.77 22.29
6.98 -7.34 2.84 22.33
6.82 -7.45 1.68 22.35
6.12 -7.13 2.81 21.97
6.03 -7.60 3.29 22.36
6.63 -7.80 1.66 22.78
6.80 -7.47 1.72 22.02
6.45 -7.54 2.46 22.02
6.63 -7.92 0.62 22.36
6.72 -8.75 1.44 22.35
7.36 -8.36 1.61 23.26
6.27 -7.72 2.77 22.00
6.15 -8.32 1.73 22.36
6.25 -8.31 2.40 23.17
7.36 -7.80 2.62 21.99
6.00 -8.29 5.23 22.47
7.83 -6.73 -0.34 22.14
13.11 -5.40 -15.49 22.72
3.91 -8.27 10.36 22.40
6.20 -6.39 1.30 22.81
6.62 -8.93 5.92 22.69
5.15 -8.78 5.66 22.07
5.34 -9.67 4.70 22.07
5.89 -7.23 1.13 22.07
2.52 -6.61 4.05 22.86
5.08 -10.50 8.64 21.35
5.58 -11.23 3.63 21.33
8.07 -8.66 0.75 22.79
5.26 -5.95 6.14 22.12
6.48 -7.39 2.60 22.12
5.10 -6.17 6.32 23.14
7.38 -6.30 4.92 22.36
8.49 -9.67 -1.92 22.00
4.38 -7.89 2.90 22.91
1.81 -9.37 9.05 22.40
6.71 -7.45 -1.90 21.99
7.47 -6.09 -3.77 21.88
7.02 -6.40 1.81 22.12
9.55 -7.01 -10.36 21.99
8.41 -9.44 -2.19 21.28
4.51 -6.51 2.35 21.33
5.18 -6.78 -0.71 21.88
4.18 -9.42 5.56 23.20
3.71 -7.27 4.15 23.56
8.09 -7.06 -1.33 21.83
2.57 -6.39 10.64 22.11
9.83 -5.84 -6.51 21.78
7.93 -8.62 2.19 21.64
5.71 -6.48 2.79 22.02
7.97 -9.32 -2.51 21.95
3.06 -9.37 12.85 22.76
11.45 -4.08 -7.41 21.93
7.52 -7.05 -0.05 21.49
8.14 -7.45 -6.10 21.44
7.49 -7.22 -2.26 23.51
6.06 -8.43 1.33 21.54
6.80 -7.54 0.08 21.54
6.00 -7.99 1.18 22.02
8.58 -9.33 -4.08 22.17
8.52 -8.86 3.14 22.17
3.65 -8.56 5.17 21.78
10.60 -5.17 -19.21 22.23
6.62 -6.08 1.78 22.64
3.39 -8.67 11.00 22.12
9.80 -11.22 1.02 21.80
4.98 -5.75 0.62 21.78
7.41 -8.04 0.24 21.90
7.70 -4.85 -2.73 21.97
5.18 -3.88 0.54 22.67
6.29 -6.77 1.09 22.64
7.18 -6.33 -3.22 22.86
6.59 -6.74 -1.50 21.64
9.79 -5.15 -4.32 21.28
6.33 -4.65 -10.00 22.05
4.11 -8.71 8.23 21.88
8.57 -7.93 -3.52 22.19
6.16 -6.98 3.49 21.83
0.78 -9.49 13.95 21.73
5.09 -7.34 4.33 21.44
-10.97 -9.74 19.61 21.09
5.73 -5.58 -1.97 21.09
10.03 -10.23 -0.18 20.15
8.41 -7.21 0.23 20.25
11.37 -3.58 -9.36 21.09
3.06 -7.65 5.34 22.40
3.27 -9.28 6.86 23.86
3.67 -7.48 10.35 25.33
1.78 -6.03 13.01 23.32
9.14 -5.84 7.87 21.44
15.20 -12.29 -10.94 21.28
-0.62 -11.03 15.03 22.40
13.21 -8.45 -9.93 24.49
5.14 -4.87 -0.72 24.99
6.42 -8.13 -1.19 22.64
15.00 -5.62 -8.57 21.20
-6.34 -14.25 -1.41 23.38
8.03 -9.35 5.07 22.33
-11.90 2.95 19.61 23.15
15.69 -5.35 -9.09 25.55
4.85 0.10 2.82 24.04
11.59 -2.19 -17.76 22.76
4.81 -14.25 -4.90 22.29
10.62 -8.31 -0.50 22.23
9.34 -8.71 -9.38 21.57
5.68 -3.09 1.31 21.83
14.88 -10.57 -19.61 23.86
8.28 -2.83 -5.40 22.24
6.77 -10.68 5.16 22.86
4.13 -10.79 10.70 23.41
12.55 -9.60 -4.72 22.91
9.42 -9.56 -5.19 21.63
2.74 -4.22 4.10 21.18
5.98 -7.48 0.86 21.54
14.35 -4.71 -16.77 21.99
4.53 -6.77 0.69 22.45
8.05 -6.10 3.08 23.80
7.16 -7.83 1.12 21.66
11.28 -9.33 -6.72 21.68
4.17 -8.23 9.94 27.23
5.12 -4.39 9.14 22.52
1.58 -11.15 19.27 22.96
6.93 -5.56 -4.66 22.88
5.92 -6.28 3.36 23.02
12.31 -6.92 -4.45 22.43
5.73 -11.78 6.11 23.98
9.30 -6.48 -11.81 21.83
8.93 -7.94 -9.50 23.03
12.30 -8.30 -17.18 22.28
11.17 -2.91 0.57 22.38
-6.66 -7.19 19.61 24.06
-1.30 -9.28 15.72 23.03
5.32 -12.72 10.73 24.04
5.37 -10.00 6.63 21.69
6.76 -8.55 -11.55 21.33
2.10 -3.01 4.28 21.73
10.60 -7.46 -11.70 22.29
-7.53 -11.29 19.61 22.62
9.21 -2.78 -10.17 22.38
0.53 -11.20 10.56 22.12
7.24 -9.98 -6.07 21.99
9.87 -7.12 -4.69 22.79
9.08 -8.73 -4.94 22.72
6.49 -8.82 -4.33 22.69
6.90 -8.70 1.81 23.31
4.01 -8.95 12.61 35.07
8.67 -5.43 -12.27 22.17
11.10 -5.86 -7.21 22.00
1.71 -4.11 5.77 21.28
10.89 -4.81 -4.74 21.39
4.75 -8.78 7.61 21.30
1.38 -9.67 1.38 22.23
6.96 -7.34 6.36 22.29
6.34 -4.60 -4.05 21.73
5.91 -9.07 -3.85 22.00
11.07 -8.07 -8.84 22.07
12.34 -8.76 -11.94 21.73
8.88 -3.79 -5.87 21.92
9.71 -8.00 -17.75 21.83
0.04 -5.16 10.54 21.87
4.20 -7.94 -0.01 21.73
5.29 -5.20 0.37 22.96
13.37 -6.42 -15.90 21.78
3.92 -7.15 12.31 22.14
8.14 -7.97 -14.16 22.23
1.85 -0.94 -3.25 21.69
-1.12 -9.18 19.61 22.02
7.26 -10.60 7.48 21.93
7.01 -9.25 8.36 21.49
6.65 -9.16 -5.46 21.59
4.28 -9.50 4.66 22.54
-4.07 -5.38 18.26 22.38
5.71 -9.39 -6.15 22.29
4.83 -2.83 -14.39 21.88
6.39 -13.44 6.76 21.63
10.25 -9.61 -2.72 21.90
0.60 -8.26 18.52 21.63
7.95 -6.85 0.78 21.80
0.29 -7.33 9.92 22.62
6.89 -5.55 -4.81 22.54
6.01 -3.52 -16.10 22.47
0.10 -12.79 16.12 21.99
19.61 -7.22 -19.61 22.02
16.68 -8.23 -13.20 22.07
18.26 -3.72 -9.31 21.85
3.11 -11.91 18.04 22.17
1.42 -6.26 15.54 21.78
3.95 -8.50 7.43 21.73
4.22 -9.28 -8.07 21.73
8.61 -5.45 -2.55 22.07
4.18 -5.30 1.32 22.91
5.58 -9.27 1.51 21.73
8.68 -5.30 -2.45 22.12
11.81 -6.58 -18.02 22.48
0.84 -7.09 8.41 21.63
8.53 -5.94 -6.40 22.14
1.84 -4.59 -1.60 23.02
7.47 -9.90 -5.18 22.00
12.22 -7.42 -12.01 22.76
2.59 -6.74 9.97 22.59
6.23 -8.29 2.24 22.81
11.35 -5.94 -6.15 23.41
7.41 -11.54 -2.62 23.53
1.32 -8.17 7.33 21.04
9.30 -11.14 3.37 22.09
6.16 -9.47 4.00 21.23
11.41 -5.54 -16.15 21.69
6.99 -6.64 2.09 21.93
7.04 -6.81 -3.76 21.83
6.34 -7.31 -3.51 21.63
5.37 -6.19 0.67 22.45
12.58 -5.82 -19.61 23.31
10.06 -4.48 -17.31 22.36
5.44 -7.70 0.62 22.35
6.07 -8.66 2.93 22.83
6.79 -6.58 -0.36 21.80
8.55 -10.54 2.42 21.63
-1.29 -11.70 19.61 21.49
-0.51 -10.22 19.61 21.78
3.60 -9.23 9.53 21.49
4.82 -8.98 2.70 21.59
11.86 -6.78 -11.09 22.07
4.13 -6.97 4.36 22.07
8.44 -9.90 -4.17 23.34
6.59 -9.27 -2.77 22.04
4.57 -7.30 3.63 23.38
5.17 -8.20 4.08 21.83
0.59 -6.11 16.26 22.00
3.79 -8.05 6.60 22.33
10.02 -8.67 -3.61 22.07
6.13 -5.29 -6.71 22.04
3.51 -8.46 10.08 22.09
3.73 -11.63 7.29 22.19
10.01 -10.95 1.41 23.02
6.71 -4.73 1.41 22.33
7.36 -11.52 2.64 22.33
6.47 -9.52 3.18 22.07
5.21 -8.16 3.22 21.75
1.61 -10.91 19.61 21.73
-2.93 -5.52 19.61 22.17
3.00 -9.73 18.01 21.69
5.50 -8.31 -0.63 22.52
-0.81 -6.06 0.77 22.24
6.44 -6.18 -2.26 23.38
7.14 -7.20 8.54 22.14
3.34 -10.06 7.48 23.12
12.45 -9.81 -7.05 22.07
3.07 -9.97 11.18 21.57
6.86 -9.58 -3.11 21.68
13.07 -10.60 -17.70 21.45
0.39 -6.65 6.09 22.02
14.26 -12.01 -10.65 22.04
-2.97 -4.29 19.61 22.17
6.96 -11.30 7.95 22.12
0.71 -4.86 2.64 22.67
7.88 -7.17 -12.41 22.07
3.43 -6.74 9.72 23.43
8.56 -2.85 -5.63 23.56
2.18 -10.98 14.14 23.99
-0.93 -9.10 19.61 21.75
-4.39 -8.54 19.58 22.31
-0.22 -10.63 19.61 22.23
-0.60 -8.41 19.61 22.07
13.89 -10.16 -6.38 21.83
3.30 -10.90 1.34 21.80
-0.13 -8.70 19.61 22.12
2.92 -8.82 15.21 21.69
8.05 -4.52 -10.38 21.87
2.81 -11.41 6.22 22.52
-0.66 -7.70 15.45 21.68
5.52 -8.02 -0.52 21.28
11.68 -8.20 -8.08 21.73
10.44 -9.98 -6.31 22.12
11.09 -7.23 -9.85 22.43
1.77 -9.75 19.61 22.38
7.67 -11.20 3.25 21.54
-4.88 -11.40 19.61 21.68
3.76 -5.54 -0.52 21.78
2.78 -7.67 2.38 21.73
2.90 -5.91 5.94 22.12
10.51 -9.17 -13.95 22.17
2.87 -8.72 9.31 22.31
0.93 -6.17 8.81 22.28
8.65 -8.57 -2.46 22.47
11.08 -7.87 -10.12 22.02
12.57 -11.04 -7.28 22.43
2.75 -7.22 6.62 22.07
6.92 -11.48 -5.41 22.02
6.47 -7.61 -2.31 21.93
5.18 -7.48 1.53 21.90
8.54 -9.18 -4.11 22.17
5.76 -8.99 5.18 22.12
7.07 -7.02 -3.15 21.78
6.03 -5.22 8.27 22.17
-0.29 -8.51 8.07 23.31
6.71 -11.43 7.44 21.83
9.34 -8.42 -3.07 22.35
3.10 -10.84 12.81 22.43
1.00 -6.29 5.00 22.14
0.17 -8.74 15.19 22.17
2.00 -7.04 12.55 22.12
4.72 -6.19 7.88 22.17
7.98 -5.83 -4.14 22.57
4.88 -8.59 -6.95 21.59
7.37 -7.83 -2.62 21.44
1.76 -8.33 6.36 21.54
4.82 -7.84 4.60 21.88
3.30 -8.12 9.98 21.63
2.77 -8.52 6.16 21.39
6.24 -4.20 1.53 22.05
5.93 -5.85 -3.32 23.12
7.96 -7.84 5.29 22.62
8.86 -9.44 -5.47 22.72
-1.97 -10.60 19.61 22.57
2.99 -9.69 17.58 888.76
-0.45 -6.53 9.05 5.64
11.99 -5.91 -17.65 21.78
7.94 -7.37 -5.53 22.02
7.40 -4.81 2.04 21.93
8.28 -7.69 -3.27 22.09
5.16 -7.52 -2.35 22.17
4.19 -10.23 9.55 21.78
8.40 -6.56 -9.63 22.12
8.77 -6.73 -1.33 21.59
1.64 -4.28 7.88 22.02
3.44 -10.26 3.36 22.12
7.57 -7.51 -1.07 22.19
6.67 -8.76 0.11 22.23
6.52 -3.67 -4.98 21.75
5.10 -11.09 3.36 22.02
4.90 -9.21 4.56 21.59
1.54 -7.86 14.25 21.64
5.93 -9.66 -4.74 22.04
12.11 -8.19 -9.90 22.12
8.01 -8.65 -3.79 21.75
4.64 -7.73 6.98 21.83
9.46 -6.69 -7.88 21.88
4.67 -6.22 7.57 21.83
8.06 -9.63 -0.84 21.73
8.15 -8.20 -9.16 22.07
3.51 -7.31 6.85 21.63
8.22 -8.19 -2.86 22.07
4.87 -8.01 2.35 21.78
6.23 -6.19 1.82 21.88
2.43 -9.17 7.59 22.17
8.59 -5.50 -17.94 22.14
8.13 -9.57 -2.60 21.59
1.07 -6.22 5.41 22.09
5.77 -9.78 8.80 22.28
4.55 -7.27 4.53 21.51
4.90 -7.95 0.48 21.88
2.45 -8.55 13.50 22.62
4.03 -10.45 6.56 22.14
0.58 -6.00 19.61 21.73
3.07 -7.38 6.34 22.05
3.18 -9.03 2.49 22.07
4.86 -8.68 -0.23 22.04
6.56 -5.11 -3.22 21.63
6.54 -9.02 5.95 21.69
6.70 -6.04 -4.64 22.02
3.14 -7.38 8.66 21.95
2.20 -4.45 9.37 22.17
15.78 -10.26 -7.20 21.51
13.76 -3.76 -17.53 22.33
1.23 -13.07 -1.44 22.52
-1.54 -17.39 19.61 23.03
-6.77 -7.14 19.61 21.92
12.77 -2.91 -7.54 22.74
8.99 -7.94 -19.61 21.23
-1.57 -6.67 19.61 21.44
19.52 -3.89 -19.61 22.84
2.47 -9.17 12.79 21.78
5.77 -7.73 4.25 22.48
7.86 -4.10 -11.38 22.07
2.87 -12.99 13.16 23.70
2.81 -8.90 7.28 22.54
1.70 -8.76 13.62 21.49
11.28 -7.18 -3.14 21.71
6.36 -4.65 0.63 22.57
3.01 -7.29 8.83 22.23
4.57 -9.61 7.90 22.19
7.78 -8.35 -2.02 22.28
2.41 -9.34 10.75 22.69
7.17 -7.73 -1.45 22.17
3.61 -10.06 10.08 21.64
8.70 -6.43 -5.40 22.07
7.60 -9.54 -2.40 21.64
9.68 -4.64 8.24 22.23
13.13 -5.19 -19.61 21.93
7.89 -8.06 3.61 22.91
10.60 -3.24 -3.17 21.73
4.33 -6.28 2.87 21.59
3.89 -7.53 -2.69 22.36
9.82 -9.67 -4.79 21.75
12.50 -5.07 -16.63 21.49
11.36 -8.34 -12.23 21.85
-2.26 -9.07 11.38 22.04
5.33 -5.73 1.79 22.78
4.39 -8.68 1.66 22.98
9.54 -8.03 -8.08 24.10
7.87 -13.01 0.62 21.45
4.02 -9.77 12.18 22.52
6.27 -11.63 3.05 21.92
6.91 -3.23 -4.46 22.12
11.14 -8.64 -4.57 21.54
4.79 -11.81 9.10 22.57
0.68 -6.28 13.84 21.39
11.36 -5.49 -2.46 21.04
9.53 -8.24 -2.03 21.73
6.73 -6.88 -1.08 22.93
5.59 -5.64 -3.88 24.46
4.54 -6.01 4.15 24.25
1.36 -16.24 5.37 23.02
5.88 -10.55 4.65 21.99
7.99 -12.08 -0.83 21.01
8.51 -10.56 -10.70 22.12
1.76 -2.04 7.22 21.85
6.41 -9.81 5.97 21.78
2.08 -8.35 0.51 22.29
16.25 -12.89 -11.77 21.09
10.00 -8.03 -1.44 22.57
4.57 -8.84 6.56 21.52
8.43 -5.77 3.42 22.57
-0.28 -5.73 4.53 22.43
15.06 -11.95 -12.27 21.33
9.88 -8.28 -11.23 21.75
19.46 -8.05 -15.72 21.88
2.12 -10.67 12.12 22.62
0.93 -10.27 19.61 21.59
-1.43 -7.11 -0.67 22.78
2.43 -9.55 -7.49 22.00
1.58 -7.85 10.48 22.17
7.88 -8.98 -1.21 22.35
7.15 -7.54 -8.88 22.47
7.49 -4.56 -3.19 22.23
9.79 -6.13 -10.10 21.99
4.23 -12.43 -3.05 22.12
6.69 -4.63 -5.44 22.84
5.15 -7.42 6.91 21.93
2.66 -9.43 10.32 22.00
2.66 -7.86 11.85 21.63
3.46 -7.70 16.29 21.95
6.36 -7.43 -5.87 21.97
7.71 -4.80 -7.02 21.80
4.30 -10.82 2.97 21.78
9.33 -0.60 -4.09 22.74
1.15 -11.34 19.21 22.91
7.20 -15.07 5.11 24.46
-1.95 -5.89 11.11 21.64
9.25 -9.35 -8.49 21.39
8.58 -12.14 -3.06 21.75
4.31 -6.51 8.73 22.02
8.33 -6.50 -7.95 22.45
4.52 -7.41 -3.59 21.73
7.16 -9.04 9.86 22.04
17.59 -10.92 -19.61 22.52
5.02 -8.94 3.27 21.73
12.03 -5.74 -19.61 21.75
7.81 -7.15 -0.77 22.12
7.07 -7.33 9.14 21.73
-2.47 -8.57 19.61 22.07
0.23 -8.03 15.17 22.09
6.60 -7.90 0.39 21.68
5.61 -7.66 3.01 21.90
-2.11 -8.11 19.61 21.99
0.47 -11.28 17.16 21.95
5.19 -8.08 3.14 21.83
-7.07 -7.52 19.61 21.25
3.10 -8.31 9.21 21.44
4.57 -10.93 8.21 21.09
1.27 -9.55 19.61 22.07
4.19 -10.60 6.90 22.42
3.36 -11.10 9.05 26.93
0.35 -8.83 10.86 21.68
4.65 -6.06 1.48 22.52
2.98 -12.05 10.08 22.12
19.61 -3.59 -19.61 22.47
4.51 -5.37 0.01 22.43
-5.14 -12.62 19.61 22.36
1.75 -3.99 7.47 25.78
7.90 -6.31 9.51 21.69
17.48 -8.24 -19.61 25.69
1.41 -3.73 8.71 21.08
10.43 -9.87 1.06 21.88
0.25 -10.68 18.10 21.13
6.99 -4.74 -12.61 22.24
-10.58 -10.55 19.61 22.33
-0.30 -6.48 15.87 21.99
11.14 -11.52 -5.40 22.76
-0.43 -9.51 19.61 21.63
11.99 -5.90 -19.61 21.93
10.15 -7.48 2.38 21.33
5.38 -13.98 19.61 20.51
9.28 -12.37 8.37 20.94
-2.30 -9.03 13.90 21.51
6.03 -9.89 10.46 21.49
5.74 -7.48 9.26 22.45
0.41 -7.77 14.28 28.16
18.03 -19.61 -14.16 22.12
-5.10 -3.01 19.56 23.63
6.49 -10.52 0.33 23.46
19.61 -16.22 -19.61 22.67
19.61 -13.69 -19.61 22.47
7.39 -9.54 -0.13 21.49
9.13 -4.68 6.80 21.28
3.33 -7.04 13.13 21.04
-2.50 -7.09 10.29 21.28
14.35 -5.45 -18.18 21.69
5.90 -2.23 -8.14 21.54
5.11 -3.64 -6.26 21.93
4.55 -8.88 3.30 22.67
9.78 -11.97 2.31 22.69
8.50 -8.56 -0.99 40.06
11.12 -7.26 -15.78 22.57
6.35 -9.91 -14.22 22.28
2.79 -8.13 2.14 22.36
6.01 -8.27 7.35 22.05
9.79 -5.49 -13.88 22.81
14.17 -5.59 -19.61 21.95
7.26 -6.94 0.06 22.23
1.61 -8.27 3.76 22.93
4.37 -7.18 -0.25 21.04
5.56 -8.71 -1.51 22.09
8.15 -6.73 -7.01 22.26
7.51 -5.00 -5.83 21.90
3.96 -7.84 3.52 21.73
0.49 -7.81 14.65 21.25
6.62 -8.34 4.81 21.39
8.94 -6.59 0.56 23.29
9.62 -7.56 -8.82 22.12
5.29 -7.11 2.03 22.14
10.59 -10.03 -5.93 22.17
8.34 -4.53 -5.56 22.17
4.77 -9.27 5.92 22.23
8.28 -9.67 -2.68 21.57
5.15 -5.74 1.58 23.41
4.21 -8.93 7.96 22.07
6.07 -5.98 3.99 22.14
5.84 -10.04 3.77 21.97
3.41 -8.59 0.60 21.68
4.04 -8.94 14.23 22.12
6.21 -5.61 0.40 22.33
12.76 -10.84 -10.57 22.57
9.33 -8.70 -7.85 22.14
9.77 -6.63 -6.22 21.93
7.33 -6.50 0.12 22.35
4.38 -7.80 4.78 22.33
8.82 -7.43 -8.23 21.73
6.75 -8.97 10.92 22.12
-2.65 -8.03 19.61 21.73
5.51 -8.44 -1.20 22.28
5.12 -6.61 1.02 21.88
3.64 -9.13 6.18 22.14
11.48 -6.98 -18.16 21.99
7.50 -4.97 -4.58 22.40
4.07 -5.62 5.58 22.52
-1.63 -10.18 19.61 22.23
10.09 -8.09 -1.43 22.67
4.73 -7.94 4.74 22.72
3.93 -10.47 6.87 22.24
6.44 -8.13 4.26 23.46
1.24 -6.88 7.87 22.24
8.68 -5.34 -5.09 24.04
0.65 -10.00 19.02 22.28
7.71 -5.66 -8.61 22.24
1.14 -11.43 17.44 22.57
6.73 -5.96 -12.53 22.72
4.50 -7.13 2.48 22.62
4.14 -7.20 5.95 23.20
7.46 -7.73 -0.62 22.57
7.71 -4.89 -3.26 22.35
3.89 -8.53 9.61 22.28
5.75 -5.69 1.99 22.24
2.66 -12.78 11.51 22.52
5.32 -6.34 1.93 22.14
9.18 -4.99 -1.64 29.21
7.82 -5.54 -3.95 21.88
6.90 -7.21 -1.17 21.85
7.04 -7.68 -0.51 22.31
4.90 -10.11 3.37 22.29
6.45 -5.97 -8.07 22.23
8.76 -7.61 -7.38 22.12
5.09 -10.26 3.69 22.04
5.92 -5.72 -5.03 22.07
6.77 -7.73 -2.02 21.45
3.90 -5.60 -0.67 22.02
2.03 -5.72 4.37 21.06
9.22 -10.69 -7.43 20.44
13.57 -10.98 -2.59 20.77
10.52 -7.87 -5.23 22.62
0.48 -3.70 8.39 25.06
8.71 -1.19 -7.84 26.79
16.52 -19.15 -15.62 24.35
19.61 -9.45 -19.61 22.28
11.78 -16.80 -9.64 21.45
7.78 -5.86 -11.42 20.65
-5.74 -8.44 19.61 19.88
5.93 -9.73 6.14 20.31
2.31 -2.84 10.22 21.80
7.03 -6.50 1.68 22.07
1.07 -8.68 12.27 22.14
2.03 -3.65 4.76 22.28
11.16 -8.05 -13.37 21.78
7.02 -8.09 5.43 22.57
9.38 -7.76 -5.08 22.57
5.19 -10.35 -1.20 22.64
4.30 -7.66 9.82 22.67
6.43 -8.27 -1.14 22.64
6.43 -10.20 1.88 22.28
1.66 -11.20 19.61 22.23
8.99 -5.27 -7.38 22.17
4.49 -8.25 5.46 22.17
6.48 -8.08 4.52 22.47
3.33 -7.71 5.28 22.02
2.45 -6.75 4.53 22.04
6.74 -8.32 0.76 21.78
1.56 -7.58 19.61 22.24
6.87 -6.24 0.20 22.23
6.30 -7.69 -2.15 22.11
6.87 -9.08 -1.77 22.23
7.16 -5.71 -3.22 22.17
3.76 -5.60 2.30 22.19
3.79 -10.34 11.31 21.83
3.35 -8.92 12.85 22.93
5.03 -8.06 0.18 22.17
5.49 -8.97 3.29 21.73
7.85 -6.29 2.95 22.17
8.33 -9.68 -2.05 22.28
2.78 -7.96 8.63 22.81
3.18 -9.55 5.09 22.96
5.69 -6.72 -0.62 22.88
0.40 -6.71 12.58 21.93
3.31 -9.02 10.14 21.64
2.62 -9.04 6.03 22.52
0.53 -8.05 16.38 22.19
5.89 -7.91 -0.07 22.33
17.17 -5.99 -19.61 22.28
9.72 -12.37 -3.38 21.57
7.36 -8.29 -7.86 21.83
0.19 -7.35 6.81 21.39
2.46 -7.41 9.67 22.02
12.51 -9.11 -10.37 22.54
7.23 -5.04 -0.53 21.88
6.44 -10.73 9.54 22.19
5.05 -7.32 4.90 21.97
12.87 -7.11 -19.61 21.93
9.46 -5.57 -0.88 22.38
9.35 -8.44 -3.15 21.83
9.62 -15.61 -2.52 22.52
19.61 1.15 -19.61 21.39
-6.65 -7.87 18.71 21.30
16.03 -10.53 -17.45 22.81
-1.10 -6.37 12.89 21.73
2.95 -1.00 2.72 21.52
7.76 -8.58 -18.67 20.65
8.06 -3.63 2.78 20.65
-16.66 -8.79 19.61 21.92
-5.01 -10.44 19.61 22.19
6.43 -7.56 -1.63 22.91
15.01 -8.28 -6.12 23.38
17.00 -8.30 -19.61 21.93
19.61 -18.29 -4.12 21.13
19.61 -9.67 -19.61 21.20
5.67 -5.01 -8.88 21.49
2.42 -7.64 13.44 23.14
3.11 -5.62 11.51 22.33
2.69 -7.00 10.80 22.09
14.13 -7.76 -17.50 22.47
5.50 -9.49 -1.13 21.78
5.36 -8.49 -0.40 21.90
5.02 -7.22 3.54 22.72
6.29 -7.55 2.57 21.75
10.07 -8.56 1.61 22.96
6.38 -7.27 -0.67 21.59
6.22 -6.39 -2.17 21.57
4.22 -7.59 6.73 22.28
9.75 -6.65 -3.58 22.43
6.37 -8.66 0.22 21.99
7.59 -10.77 -2.46 22.19
2.85 -9.82 5.47 21.68
5.64 -8.41 3.08 22.09
5.50 -7.13 0.63 23.07
9.83 -8.52 -3.75 22.24
5.02 -4.87 -3.12 22.23
9.06 -8.06 -7.13 22.19
10.05 -8.39 -4.07 22.67
6.00 -5.78 -2.28 22.28
5.76 -8.69 3.28 21.88
3.74 -4.83 2.90 21.69
4.35 -5.61 11.13 21.68
3.88 -9.11 12.65 22.02
10.56 -4.90 -12.86 22.14
6.40 -11.90 12.82 21.92
-3.76 -7.86 19.61 22.33
3.66 -7.35 7.30 22.23
10.35 -9.17 2.66 22.12
7.98 -8.20 0.06 22.57
2.63 -6.43 4.69 22.67
7.23 -12.04 6.90 22.35
3.84 -6.11 2.04 22.72
4.88 -5.91 3.52 21.75
3.76 -8.12 4.41 21.88
5.22 -7.03 3.96 22.54
4.81 -9.26 8.82 22.17
3.23 -10.55 6.31 22.04
4.98 -8.88 5.05 22.86
4.84 -5.46 0.23 21.57
4.39 -5.47 4.64 21.83
4.92 -5.73 1.98 23.12
2.95 -7.98 8.09 20.44
7.49 -4.97 -0.24 20.94
6.75 -7.37 -5.28 22.62
9.75 -7.86 0.99 24.75
3.26 -4.38 8.04 23.92
-5.05 -7.69 16.22 23.26
19.28 -9.04 -19.61 23.36
8.15 -8.33 -2.19 20.67
-6.93 -12.96 19.61 20.36
-5.80 -14.74 19.61 21.32
5.06 -5.82 -11.00 21.69
3.96 -7.32 4.62 21.95
1.09 -6.36 -2.89 21.83
6.13 -7.03 -4.50 21.64
11.41 -10.34 -6.83 21.52
4.93 -9.85 3.79 21.68
4.85 -8.92 3.10 22.12
2.95 -8.27 9.61 22.17
6.23 -6.83 3.44 22.12
7.34 -10.38 2.04 21.73
7.33 -8.79 0.63 22.67
6.35 -8.13 -1.16 21.93
6.46 -6.30 -2.91 21.83
7.08 -7.88 -0.87 22.14
3.93 -7.86 7.08 22.09
2.37 -8.26 9.58 22.17
4.67 -8.58 4.23 21.75
5.04 -8.83 4.97 21.78
5.79 -5.52 2.38 21.80
2.99 -9.05 6.52 22.12
5.12 -9.34 5.81 21.51
7.53 -7.15 0.30 21.59
3.68 -9.80 5.66 21.85
4.07 -6.78 -3.74 22.67
5.32 -6.34 3.52 22.04
7.16 -7.98 3.78 22.12
10.40 -8.27 -6.36 21.49
2.33 -10.62 5.69 21.49
7.01 -7.89 -5.15 21.69
1.87 -6.61 7.67 22.72
5.56 -7.52 6.09 21.97
5.28 -6.75 4.32 22.33
5.25 -8.05 4.66 21.68
3.73 -10.02 8.41 21.57
5.24 -8.27 8.81 21.68
8.82 -7.14 0.52 21.78
2.93 -7.77 4.83 22.12
4.97 -8.58 3.14 21.78
6.26 -9.67 -2.06 21.64
4.80 -7.52 4.13 22.04
6.15 -8.74 0.14 22.23
9.47 -5.76 -0.51 22.33
4.22 -6.46 4.53 21.85
9.71 -7.64 -4.33 23.07
12.13 -7.23 -14.84 21.66
6.15 -8.37 -2.97 21.54
3.34 -3.77 -4.18 21.56
5.42 -8.32 14.08 20.01
3.43 -15.02 8.60 20.07
7.92 -8.70 17.58 20.31
12.60 -6.48 -19.61 25.40
4.08 -2.19 1.17 24.35
-5.03 2.56 11.61 23.17
-19.61 19.61 19.61 20.12
8.64 -11.64 -19.61 19.26
-10.69 -19.61 16.49 20.17
-8.56 -5.85 19.61 24.75
4.85 0.99 -2.72 26.33
5.88 -1.27 -6.92 26.87
19.61 -11.50 -1.68 23.27
-7.24 -5.57 19.61 19.96
-0.02 -11.61 -5.13 19.23
-0.00 -7.25 14.80 20.10
-1.02 -4.76 13.24 20.67
1.83 -8.12 12.12 21.59
13.90 -5.61 -16.29 21.90
11.36 -4.34 -6.64 21.83
-0.61 -6.29 6.56 21.93
10.66 -8.54 -8.22 21.97
5.78 -4.82 0.79 22.23
9.39 -8.04 -5.07 22.28
5.09 -8.05 2.61 21.83
8.03 -12.10 4.15 22.14
5.55 -7.41 6.07 21.64
2.61 -8.97 11.47 21.56
4.72 -7.97 1.92 21.15
4.10 -9.63 4.73 21.56
7.09 -7.18 3.18 22.96
8.42 -9.68 -5.48 21.69
2.24 -8.29 12.20 22.07
-5.85 -4.88 19.61 22.09
1.88 -8.32 12.78 21.78
5.48 -5.92 3.62 23.20
9.50 -7.10 -13.29 23.24
1.06 -7.50 5.11 22.33
7.04 -8.25 9.42 22.09
2.10 -8.65 11.43 22.38
4.20 -9.73 3.31 22.09
4.51 -7.93 7.57 21.92
6.40 -9.11 3.49 22.28
6.94 -5.83 2.67 22.07
3.28 -10.85 13.87 22.12
6.65 -7.25 -3.86 21.18
10.75 -8.09 -5.06 21.44
2.63 -4.85 8.96 21.73
1.53 -11.82 4.62 21.97
3.35 -9.19 -1.71 21.95
3.66 -7.92 -10.05 22.28
4.70 -6.32 12.02 22.00
-5.27 -11.42 19.61 22.02
0.27 -11.54 12.09 21.88
3.00 -9.06 -4.63 22.74
6.50 -4.38 2.71 21.88
7.19 -7.63 -13.34 21.68
-0.17 -12.33 7.69 21.99
0.07 -9.74 15.73 21.93
5.90 -11.01 3.89 22.02
16.35 -6.99 1.09 22.47
9.11 -4.17 -5.49 22.24
0.90 -7.69 -2.19 22.33
3.08 -13.97 2.48 22.35
0.86 -11.17 12.74 22.78
1.53 -11.11 -2.17 22.29
-4.52 -9.58 2.67 23.46
-4.24 -8.58 -7.96 21.63
2.43 -13.91 2.93 21.61
16.90 0.38 -19.61 21.73
2.43 -10.72 5.95 21.80
2.93 -10.06 -8.36 20.99
-6.00 -14.10 19.61 20.39
4.91 -17.69 -3.01 21.25
11.65 -3.87 -19.61 22.43
8.19 -6.27 12.37 23.17
-0.70 -7.10 16.45 23.92
-5.44 -9.28 18.31 22.76
6.39 -7.24 9.74 23.41
17.40 -16.29 -17.33 22.54
12.42 -10.83 -12.68 22.17
17.03 -5.93 -11.11 21.83
3.71 -11.38 -0.38 20.60
-12.15 -18.35 11.93 21.68
18.67 -7.40 -19.61 21.35
9.01 -4.07 -11.50 21.39
11.28 -12.96 -19.61 22.81
15.38 -5.40 -19.61 22.98
8.97 -8.36 -3.48 22.67
-6.63 -13.22 19.61 22.19
7.58 -4.52 0.06 21.78
-1.51 -11.32 19.61 22.86
7.87 -7.19 -19.61 21.68
6.17 -11.22 -11.62 21.69
-9.87 -7.94 11.84 22.09
-13.36 -14.01 19.61 21.88
3.30 -11.95 19.61 23.70
-3.33 -13.10 13.40 23.08
4.43 -6.43 13.69 22.72
-0.95 -8.08 19.61 22.47
8.13 -6.03 5.07 21.68
17.28 -1.09 -19.61 21.49
-19.61 -14.50 19.61 22.04
19.61 0.61 -19.61 21.39
-11.64 -0.62 17.50 21.68
-4.02 -10.57 3.93 22.62
12.33 -12.42 -8.54 23.41
3.01 -3.56 14.46 23.14
-0.96 -0.34 6.48 23.20
10.15 -7.19 -14.33 21.93
17.23 -4.59 -17.13 21.16
16.69 -7.55 -19.61 21.15
1.87 -11.71 -12.20 21.40
13.47 -5.85 -2.34 21.69
11.55 -3.72 3.08 22.07
-19.61 -19.25 19.61 21.97
3.43 -6.54 -4.60 21.88
1.49 -5.48 13.75 22.28
2.11 -7.65 7.39 21.97
4.32 -7.16 4.90 21.59
3.23 -9.46 14.68 22.09
5.79 -8.20 3.47 23.07
6.72 -6.76 -1.00 21.80
4.80 -8.26 0.68 22.52
7.99 -10.09 1.01 22.00
7.37 -8.95 3.06 21.59
5.59 -6.98 -1.99 22.00
1.43 -8.56 7.07 22.07
11.21 -8.97 -4.31 22.07
5.42 -6.90 -2.86 21.97
5.10 -6.68 5.99 21.99
4.99 -4.86 -7.48 22.04
4.15 -9.45 2.90 21.78
19.61 -1.31 -19.61 22.19
3.41 -9.47 5.21 21.78
-6.22 -8.74 16.29 22.45
-1.84 -10.46 8.82 21.78
5.96 -6.96 1.70 20.96
-0.38 -9.42 16.49 21.15
3.00 -10.85 -0.83 21.61
-9.16 -16.91 19.61 21.78
18.61 -4.42 -16.53 21.93
19.61 -4.82 -19.61 21.69
10.76 -6.27 -15.09 21.83
5.79 -6.57 7.65 21.95
12.22 -3.77 -5.85 22.67
9.05 -8.23 -8.75 21.39
-4.26 -11.60 19.61 21.73
14.29 -8.46 -15.05 23.51
2.03 -8.17 17.42 23.98
3.28 -9.57 1.68 24.20
19.61 4.74 -19.61 22.72
13.13 -14.95 7.97 21.45
2.70 -11.48 19.61 21.23
10.96 -7.53 -4.22 21.44
7.25 -5.10 7.24 20.94
5.17 -5.02 -1.16 20.94
2.03 -8.30 8.26 21.09
13.97 2.40 19.61 23.41
1.15 -3.30 -0.69 27.23
-18.71 -5.74 19.61 25.40
0.62 -18.03 19.61 23.41
8.02 -6.47 -1.90 21.20
-3.48 -19.61 19.61 19.93
19.61 4.21 -19.61 21.09
-6.65 -10.34 14.80 21.33
3.62 -2.85 6.39 23.62
13.47 -0.58 -10.20 21.04
8.33 -14.20 -4.59 21.78
-6.54 -19.61 14.46 22.33
-19.10 -3.85 19.61 22.09
19.61 -3.83 -19.61 22.67
-2.36 -4.81 19.61 22.81
19.61 0.91 -19.61 22.90
17.92 13.23 -12.56 21.99
11.21 -14.56 -19.61 21.49
19.61 -10.40 -12.25 21.63
19.61 -2.79 -19.61 21.99
19.61 1.93 -2.94 21.51
-4.18 -19.61 19.61 20.94
6.62 -2.32 -17.36 21.11
2.60 -4.31 0.49 21.52
19.61 12.74 -10.95 21.20
0.10 -9.23 2.56 24.35
-14.69 -6.07 9.48 21.54
19.61 -9.27 -0.15 20.82
19.61 -7.34 -19.61 20.41
19.61 -5.85 -19.61 20.67
14.34 5.42 -19.61 20.99
-9.84 -3.98 19.61 21.30
-15.69 -12.59 19.61 21.93
1.28 -11.00 19.61 21.99
19.61 2.43 -19.61 24.27
17.23 -0.47 -18.43 26.69
-19.61 3.30 19.61 26.45
-6.89 -11.30 0.67 23.65
7.96 -4.86 -19.61 20.70
-19.61 -17.38 19.61 19.65
19.61 -0.25 -19.61 20.20
19.61 -8.22 8.05 20.34
19.61 -0.08 -19.61 21.20
-3.74 -13.01 19.61 21.04
5.19 -7.53 1.85 21.09
-2.44 -3.60 4.84 21.23
-1.70 -9.59 1.45 21.20
4.39 -9.71 -8.53 21.28
5.27 -11.52 -4.49 21.09
5.64 -5.79 5.57 22.02
11.59 -4.47 -5.62 20.99
6.31 -5.43 -19.61 24.08
19.61 -3.07 -19.61 21.25
-9.47 -4.81 -18.09 21.69
-19.61 -19.33 19.61 30.18
0.66 -11.85 10.12 21.25
-7.24 -10.45 19.61 21.64
2.17 -10.06 2.16 21.28
5.40 -8.44 0.39 20.75
19.61 -6.80 -19.61 21.23
6.85 -9.98 -8.55 21.40
0.77 -9.72 0.15 21.63
-2.44 -9.33 12.73 21.40
8.86 -6.39 -14.70 21.33
5.23 -8.93 2.70 21.35
8.88 -7.08 -8.02 20.94
-0.05 -8.60 10.26 21.20
5.63 -7.58 3.72 21.20
3.65 -10.32 1.27 21.01
8.27 -7.59 -9.75 20.49
8.56 -7.69 -4.97 20.96
4.15 -9.56 3.04 21.04
5.33 -7.24 -0.14 21.39
2.14 -10.26 7.06 21.49
8.33 -9.93 -6.42 20.60
10.67 -9.46 1.88 20.65
4.70 -9.82 3.74 21.28
3.06 -10.77 1.52 20.70
4.95 -7.34 9.98 21.09
6.59 -8.83 -0.57 21.23
4.36 -7.32 3.49 20.94
5.43 -7.58 5.44 21.57
4.70 -6.93 4.55 21.88
6.93 -7.55 -0.63 21.88
9.87 -6.59 -1.06 21.52
4.90 -6.58 1.47 21.59
4.98 -6.73 -1.35 21.78
4.85 -5.33 2.85 21.80
5.27 -6.91 5.75 22.31
5.78 -5.44 -2.44 22.24
9.22 -7.46 -5.32 21.93
6.29 -7.02 3.49 21.45
4.11 -8.03 -1.60 21.83
1.78 -7.77 12.25 21.68
3.51 -9.13 2.87 22.12
5.93 -7.12 0.08 21.57
6.21 -9.38 3.13 22.29
6.12 -8.64 3.71 21.78
4.28 -7.67 2.67 21.64
6.41 -8.19 1.43 22.12
9.28 -6.21 -1.60 22.19
4.92 -6.45 3.10 22.62
5.09 -6.45 10.03 22.17
6.45 -8.24 -0.77 23.38
3.92 -10.54 12.66 21.63
4.10 -6.36 5.26 21.18
9.63 -9.96 -6.62 21.88
5.26 -6.06 -0.96 22.02
5.92 -7.64 0.22 22.04
2.57 -8.74 5.61 21.88
4.99 -7.23 1.32 21.78
6.10 -13.30 -3.43 22.54
3.91 -9.41 10.57 21.39
16.19 -10.34 -19.61 22.59
2.23 -8.41 19.61 22.57
5.23 -5.37 -1.15 22.07
9.54 -9.15 -6.50 22.04
4.77 -11.63 15.79 21.73
7.64 -7.67 -8.97 23.70
5.71 -6.89 4.96 23.92
6.75 -3.85 -14.40 24.10
8.86 -6.27 -6.99 22.72
11.49 -10.30 -2.20 22.31
0.59 -8.58 9.58 21.78
6.85 -7.13 9.58 21.69
5.00 -7.99 7.76 21.44
8.88 -7.06 -1.97 22.43
3.96 -8.76 9.27 22.57
12.83 -3.82 -7.71 22.54
2.61 -9.33 11.28 22.12
5.54 -9.29 6.75 22.79
3.70 -9.23 19.31 21.93
6.72 -6.26 7.09 21.59
6.60 -8.80 0.90 23.15
3.79 -10.33 2.93 21.68
6.16 -6.02 3.02 21.90
7.09 -6.31 -1.32 22.52
2.58 -8.49 15.65 22.72
6.56 -5.40 -2.16 22.48
11.06 -6.86 -6.97 23.07
5.46 -3.89 -4.36 22.93
8.92 -6.65 -2.15 22.38
10.39 -4.23 -0.20 21.25
6.55 -6.15 -1.29 21.49
5.54 -8.05 -4.19 21.15
2.78 -7.94 0.14 22.83
3.61 -10.24 7.57 23.41
4.10 -4.91 7.78 23.36
2.18 -14.23 16.89 22.96
8.76 -8.89 -7.32 22.29
10.69 -7.66 -5.03 21.04
9.40 -10.85 4.38 21.73
9.53 -8.11 -4.81 21.39
12.42 -3.09 -9.44 22.57
6.40 -7.25 5.10 23.14
3.92 0.32 0.99 23.41
17.63 -2.55 -19.61 24.16
19.61 -2.76 -19.61 22.23
19.61 1.48 -19.61 21.83
18.15 -2.04 -13.72 21.59
3.26 -6.68 -6.49 21.88
1.15 -10.32 19.14 21.45
12.58 -5.32 -14.11 21.20
3.79 -2.87 -3.06 23.26
-5.96 -14.98 11.92 20.99
5.00 -9.81 5.97 23.75
12.87 -14.59 16.44 22.57
3.42 -10.24 1.40 23.34
7.50 -9.05 -2.95 24.40
3.62 -5.60 -6.91 24.80
19.61 -11.74 -19.61 23.29
6.09 -13.38 2.05 22.23
9.28 -10.22 8.04 22.12
3.56 -11.52 12.20 22.14
-8.88 -9.66 19.61 21.33
10.18 -7.04 -19.61 21.11
7.01 -11.11 -8.15 20.44
8.71 -11.51 4.07 21.80
4.16 -3.26 3.99 20.49
4.48 -13.96 17.11 21.20
-3.57 -15.59 19.61 21.44
-7.93 -1.45 19.61 21.93
-8.79 -10.12 19.61 21.23
3.67 -6.76 10.19 23.27
4.24 -1.03 -18.56 22.74
5.46 2.89 -0.98 22.91
2.33 -8.59 -18.67 21.66
10.53 -8.66 -7.45 21.18
7.51 -4.60 -8.26 21.90
4.73 -7.78 2.56 22.23
4.00 -7.78 0.42 23.07
4.28 -7.59 6.13 22.83
4.26 -9.18 -1.36 21.93
4.91 -8.20 2.21 21.54
8.86 -13.61 -3.96 20.36
0.77 -7.29 16.72 20.41
8.96 -8.51 -6.35 20.94
3.44 -5.93 4.05 22.00
6.45 -8.03 -0.50 22.83
6.17 -7.55 -0.92 22.29
9.39 -5.04 -7.33 22.67
6.19 -9.85 0.54 22.47
-4.38 -6.91 15.79 22.17
19.61 -9.80 -19.61 21.83
3.09 -6.09 4.31 22.04
3.60 -10.00 7.31 21.93
-4.13 -8.10 19.61 21.85
18.12 -3.66 -19.61 22.07
9.27 -5.82 -9.23 21.54
8.63 -7.12 0.59 21.57
2.14 -9.52 11.04 21.49
8.11 -4.41 -0.66 21.93
11.49 -10.30 -11.68 21.49
1.69 -7.36 11.58 21.80
7.31 -8.86 6.35 21.63
4.56 -8.59 0.82 21.78
9.50 -7.92 -3.04 22.28
6.85 -6.60 -4.41 22.12
5.95 -9.38 4.27 21.54
5.02 -9.11 0.43 21.44
4.53 -6.66 2.66 21.83
6.36 -8.48 0.57 21.64
5.85 -7.20 2.48 22.54
7.47 -8.04 -0.17 22.28
4.54 -6.56 6.34 21.85
6.44 -8.45 -2.04 22.12
5.52 -8.04 6.41 21.63
5.29 -7.85 4.98 21.49
9.03 -8.53 -2.34 21.73
4.76 -7.92 6.69 22.48
3.67 -8.45 5.78 22.29
2.84 -7.59 14.00 22.52
4.49 -10.17 5.91 22.98
7.90 -7.41 -1.46 21.83
3.32 -4.96 9.97 21.97
8.69 -10.74 0.77 21.56
7.22 -8.93 -1.50 21.63
4.15 -4.84 2.11 21.21
-2.05 -10.99 19.61 21.49
7.63 -9.01 8.19 22.09
3.59 -7.99 7.59 22.17
0.58 -8.53 17.03 22.62
6.62 -9.51 1.31 22.02
7.28 -4.30 -9.87 21.64
2.70 -10.18 13.54 21.61
5.04 -7.33 1.75 22.19
5.16 -7.26 5.68 22.09
2.39 -9.70 11.06 22.54
8.29 -5.66 -3.93 22.40
5.56 -8.33 4.32 22.23
2.86 -7.58 9.55 22.04
4.85 -7.09 4.98 22.04
4.45 -9.49 1.33 21.64
5.98 -7.73 1.30 21.64
6.10 -7.77 2.08 22.04
7.26 -7.86 -1.88 21.95
7.71 -6.86 -5.32 22.28
5.49 -7.56 1.82 21.85
6.32 -6.84 1.70 22.33
4.60 -9.61 5.81 22.12
5.99 -6.05 6.15 23.51
7.75 -7.39 -0.86 22.28
8.60 -7.33 -1.79 22.09
4.71 -7.19 3.94 21.99
8.45 -12.16 3.43 21.75
7.08 -8.06 -1.94 21.68
5.23 -9.62 9.43 21.73
4.71 -8.28 -0.97 21.93
3.71 -6.90 0.42 21.39
7.41 -6.40 1.05 21.59
3.97 -9.46 13.74 22.74
7.52 -6.87 1.19 21.78
10.65 -7.53 -3.80 23.63
10.81 -4.74 -18.75 21.64
0.58 -6.86 15.28 21.49
7.76 -8.73 -2.90 21.20
7.72 -9.60 -0.45 21.45
7.87 -7.11 -3.90 21.93
4.53 -6.74 2.11 21.69
3.62 -9.16 -0.10 22.43
8.20 -9.79 -4.58 22.17
5.10 -8.51 0.54 21.99
8.26 -10.12 5.64 22.17
5.63 -6.13 0.61 21.49
6.96 -11.50 -1.03 20.15
1.82 -3.23 16.87 48.98
19.61 -6.61 -19.61 21.85
6.35 -7.54 -2.46 22.72
4.34 -10.60 9.86 25.21
-9.28 -6.74 19.61 26.24
5.56 2.60 -1.49 24.15
-19.61 -10.82 19.61 0.05
-19.61 -17.48 19.61 22.81
-1.21 2.72 -19.61 0.05
4.15 -9.92 7.48 23.46
-6.55 -11.53 19.61 20.65
11.43 -7.15 -19.61 19.76
-11.18 -7.82 7.19 20.46
15.40 -0.85 -19.61 21.28
15.88 -2.22 -19.61 0.03
-8.25 -7.57 19.61 21.88
2.38 -6.21 18.15 22.28
13.37 -13.14 -19.61 21.80
19.61 -8.12 -19.61 21.68
1.89 -8.20 9.88 21.40
6.84 -6.36 0.81 21.68
-1.83 -8.54 17.09 21.69
7.18 -7.65 -3.95 21.64
3.48 -7.55 -1.18 21.44
5.78 -4.53 -0.21 21.20
5.97 -10.78 6.00 20.25
18.09 -17.83 -19.61 19.41
5.63 -5.83 19.61 0.03
9.55 -8.22 12.22 0.05
-8.32 -9.89 19.61 0.05
12.54 -6.89 -4.70 0.05
2.04 -7.33 18.50 0.03
6.94 -6.47 11.06 0.05
8.58 -19.61 1.95 0.05
19.61 -19.61 -19.61 20.37
7.61 6.54 -7.01 0.03
8.42 -7.85 -0.07 0.05
8.53 -9.02 2.65 0.05
4.92 -9.46 1.30 0.05
3.33 -4.90 -1.57 0.05
2.61 -13.86 15.85 0.05
18.90 -7.31 -19.61 0.03
5.93 -9.18 -0.04 0.05
5.72 -3.80 -6.52 0.05
8.12 -6.07 -0.75 0.05
2.70 -11.15 14.81 0.05
6.01 -8.47 2.33 0.05
6.86 -7.17 -5.19 0.03
6.21 -7.15 0.93 0.03
4.87 -7.12 3.31 0.05
8.50 -8.28 -1.33 0.05
5.97 -7.21 -0.43 0.03
6.70 -7.55 -1.50 0.05
6.18 -7.58 0.75 0.05
4.91 -9.59 2.73 0.05
6.84 -7.23 1.31 0.03
4.06 -7.52 7.18 0.05
3.67 -7.44 0.17 0.05
6.74 -8.10 -0.05 0.05
6.49 -7.97 3.21 0.05
5.93 -8.94 0.47 0.05
4.86 -6.88 -1.80 0.03
4.00 -7.19 13.49 0.05
3.84 -8.73 12.34 0.05
3.41 -9.24 11.76 0.05
3.13 -9.39 5.60 0.05
2.81 -8.08 5.89 0.05
12.24 -7.34 -14.53 0.05
4.93 -8.73 4.07 0.05
5.19 -9.61 5.91 0.03
4.46 -8.25 1.35 0.03
3.83 -6.30 1.79 0.05
5.87 -10.98 3.28 0.03
-4.15 -9.42 18.91 0.05
4.26 -9.47 3.69 0.03
9.74 -7.24 -10.51 0.03
7.14 -10.56 -3.14 0.03
10.40 -6.04 -3.09 0.03
18.97 -11.67 -18.07 0.05
10.05 -3.09 -16.68 0.05
9.02 -9.27 -0.41 0.05
-0.95 -4.00 6.53 0.05
-4.08 -7.00 19.61 0.03
8.40 -9.21 1.52 0.03
18.75 -5.37 -19.61 0.05
11.44 -9.67 -7.84 0.05
3.87 -6.01 10.56 0.03
17.46 -7.57 -19.61 0.05
6.66 -9.42 4.71 0.05
3.40 -6.67 8.41 0.03
6.65 -6.56 2.99 0.05
4.22 -10.30 -1.02 0.03
4.30 -7.28 7.26 0.05
11.02 -11.92 -4.97 0.03
19.61 -11.03 -19.61 0.05
0.83 -4.06 18.15 0.05
11.18 -10.33 2.83 0.05
-4.12 -11.21 19.61 0.05
9.90 -7.17 -12.37 0.05
6.54 -9.01 -12.74 0.03
19.61 -4.93 -19.61 0.03
2.67 -7.97 10.38 0.03
4.04 -7.38 6.99 0.05
4.79 -7.89 1.01 0.05
5.55 -9.81 3.36 0.05
3.79 -7.05 7.34 0.05
4.76 -9.13 0.56 0.05
5.73 -4.66 -5.99 0.05
13.99 -4.62 -19.61 0.05
-0.42 -8.46 9.27 0.03
9.71 -7.59 -4.88 0.05
3.69 -7.65 1.35 0.05
9.92 -6.46 -19.30 0.05
0.53 -12.65 6.97 0.05
-1.99 -9.28 -1.56 0.03
-3.36 -14.99 19.61 0.05
6.58 -8.55 1.62 0.03
11.46 -1.32 -5.13 0.03
15.57 -10.24 -10.00 0.03
2.75 -9.59 3.69 0.05
9.33 -9.30 -0.77 0.05
0.12 -1.12 10.30 0.05
-0.48 -9.17 19.61 0.05
-7.20 -14.50 19.61 0.03
11.94 -11.24 -19.61 0.05
3.85 -0.66 4.62 0.05
13.25 -5.47 -5.83 0.05
6.84 -4.10 -11.38 0.05
2.28 -8.38 14.21 0.05
19.61 -9.61 -19.61 0.05
13.94 -10.62 5.45 0.05
2.94 -7.10 0.76 0.05
12.16 -2.91 -10.97 0.03
13.14 -4.63 -19.61 0.03
19.61 1.26 -19.61 0.03
2.36 -9.56 2.08 0.05
4.02 -10.75 1.59 0.05
12.01 -10.70 -3.34 0.05
14.80 -4.51 -4.29 0.05
12.45 -9.78 -19.61 0.05
7.15 -11.83 -11.26 0.03
19.61 -3.76 -19.61 0.05
3.18 -7.00 -3.38 0.05
5.17 -8.69 5.25 0.05
6.68 -10.84 -6.81 0.05
-5.12 -17.03 19.61 0.03
10.42 -7.94 -19.61 0.05
5.40 -8.54 1.98 0.05
8.78 -6.98 -1.17 0.03
0.40 -14.92 19.61 0.03
10.65 -3.56 4.98 0.05
14.52 -5.73 -3.38 0.05
12.70 -5.54 -19.61 0.05
17.19 3.56 -19.61 0.05
19.61 -5.17 -9.35 0.03
17.86 -10.18 -19.61 0.03
10.29 -9.91 19.61 0.05
-10.66 -11.27 19.61 0.05
13.30 -7.82 -12.92 0.05
4.03 -9.45 1.38 0.05
15.07 -3.55 -4.21 0.05
10.70 -4.61 -19.61 0.05
2.67 -5.55 19.61 0.05
2.66 -12.92 11.86 0.05
6.63 -4.24 11.14 0.05
2.93 -14.17 -2.00 0.05
19.61 -4.76 -19.61 0.05
0.58 -4.40 -2.25 0.05
3.73 -9.14 -1.16 0.03
-8.00 -10.69 5.79 0.03
19.61 -2.01 -19.61 0.03
17.74 -8.33 8.51 0.03
17.83 -2.66 -18.64 0.05
2.25 -5.73 -0.51 0.05
19.61 -4.84 -19.61 0.03
1.61 -9.74 8.41 0.03
15.68 -6.83 1.75 0.05
10.44 -7.92 -1.56 0.05
-19.61 -19.61 19.61 0.05
19.61 -2.64 -19.61 0.05
-2.07 -4.61 19.61 0.05
-6.53 -14.44 19.61 0.05
6.72 -5.72 2.26 0.05
9.48 -1.87 0.00 0.05
7.95 -10.90 0.94 0.05
8.00 -1.12 18.47 0.03
-0.99 -5.31 13.24 0.05
-12.62 -14.64 19.61 0.05
-3.83 -13.57 19.61 0.03
6.64 -7.81 0.74 0.05
3.17 -7.98 -13.83 0.05
