5.94 -7.75 2.02 21.39
6.00 -7.80 2.00 21.35
6.02 -7.75 1.85 21.39
6.13 -7.73 1.92 21.35
5.93 -7.78 1.92 21.37
6.03 -7.71 1.98 21.35
6.11 -7.60 1.99 21.39
6.15 -7.60 1.93 21.35
6.02 -7.69 2.07 21.39
5.97 -7.71 2.03 21.40
6.05 -7.72 2.04 21.44
6.18 -7.69 1.87 21.42
6.19 -7.72 1.92 21.42
6.08 -7.69 2.05 21.42
6.02 -7.72 1.95 21.81
5.94 -7.73 1.73 21.80
5.99 -7.86 2.07 21.83
5.94 -7.78 1.82 22.19
6.00 -7.70 2.29 22.26
6.32 -7.63 2.30 22.24
6.45 -7.32 2.03 22.26
6.34 -7.52 1.91 22.19
6.40 -7.53 1.47 22.23
6.09 -7.44 2.21 21.80
6.30 -7.63 1.91 21.39
7.25 -7.49 -0.27 21.30
5.84 -7.84 2.29 21.33
5.48 -7.99 1.88 21.35
5.78 -7.83 1.99 21.39
5.89 -7.93 1.65 21.35
5.85 -7.26 1.18 21.78
6.54 -7.20 3.23 21.78
6.98 -7.06 1.22 21.78
6.05 -6.70 4.62 21.30
7.04 -7.26 2.11 21.33
6.74 -7.40 2.59 21.64
6.34 -7.40 3.25 21.73
6.68 -6.86 3.14 21.37
6.46 -7.12 4.39 21.42
6.41 -7.06 3.22 21.47
7.01 -7.20 2.80 22.02
6.58 -7.45 3.76 21.59
6.08 -6.64 2.82 22.17
7.43 -7.40 2.92 22.88
6.87 -6.00 2.44 22.67
6.54 -6.03 2.55 23.03
8.58 -6.15 0.77 22.12
7.10 -6.98 0.67 22.62
6.77 -7.93 1.96 21.52
7.60 -8.00 2.23 21.52
6.49 -9.50 4.08 21.92
7.09 -7.39 2.64 21.92
7.46 -9.26 -0.44 21.54
4.60 -5.99 5.78 22.02
8.43 -3.34 -1.24 22.04
3.20 -7.37 4.60 21.68
7.14 -7.14 0.20 22.09
5.44 -8.67 2.00 22.52
4.51 -7.80 5.45 22.04
4.54 -6.74 -0.02 22.02
7.84 -7.31 -4.22 21.54
6.25 -8.55 4.40 21.57
5.22 -10.61 2.10 21.49
8.56 -6.85 -4.98 22.02
4.83 -7.04 3.37 21.75
5.03 -7.45 2.37 21.78
6.06 -7.05 4.26 21.75
4.69 -9.18 8.82 21.73
9.28 -6.33 -6.72 22.54
6.13 -8.44 3.32 22.17
5.80 -7.99 4.20 21.80
5.50 -8.04 0.34 21.78
3.94 -8.46 3.84 22.04
5.20 -7.92 4.29 21.52
6.95 -7.29 1.91 21.80
5.31 -9.68 7.62 21.81
2.14 -8.61 13.92 22.98
8.70 -8.67 -3.64 21.73
6.22 -8.20 -2.49 22.52
6.44 -8.55 6.01 21.63
5.73 -8.74 7.65 21.63
7.33 -8.64 1.41 21.68
7.51 -7.61 3.73 21.30
6.45 -8.76 4.03 21.87
5.80 -7.79 -3.21 21.80
4.71 -7.76 0.42 21.87
3.88 -7.49 5.37 21.40
7.72 -5.99 -5.12 21.28
7.70 -8.78 -0.77 21.20
7.64 -7.29 -5.49 21.63
7.14 -7.44 -3.53 21.11
6.98 -9.10 3.40 21.08
6.22 -7.25 1.78 21.20
8.16 -7.03 -1.04 21.39
3.59 -8.63 4.08 21.47
9.54 -7.67 -8.19 21.68
6.46 -7.22 3.37 22.67
5.01 -6.39 3.26 22.81
6.10 -7.17 8.65 23.27
6.91 -6.40 -1.19 23.02
5.71 -6.25 1.54 22.78
4.78 -8.50 4.18 22.38
6.10 -9.69 1.01 21.39
6.67 -7.66 8.52 21.51
8.25 -6.49 0.65 20.65
8.15 -8.65 -7.56 20.49
7.39 -7.69 7.25 22.36
4.82 -10.23 9.26 21.06
0.51 -12.96 19.61 22.23
15.37 -10.38 -14.45 21.68
12.33 -7.37 -19.53 21.57
-8.11 -8.72 19.61 21.63
8.75 -12.86 -2.04 22.38
3.46 -6.58 12.64 22.26
9.41 -10.25 -3.01 22.19
6.76 -7.58 0.26 22.02
7.70 -8.65 -0.09 21.80
4.91 -7.41 2.98 21.52
5.52 -10.25 1.18 21.57
5.74 -6.48 -0.16 21.63
8.34 -7.50 -0.50 21.18
8.87 -6.21 -10.37 21.92
9.10 -7.99 3.03 22.64
6.65 -6.92 1.41 23.74
6.59 -5.85 3.66 21.92
6.82 -5.85 -2.06 21.87
6.62 -13.13 0.50 21.92
6.60 -6.96 -13.97 21.30
11.96 -4.62 -18.05 21.13
15.76 -4.19 -19.61 20.75
-0.62 -8.29 8.93 20.73
11.26 -9.71 -14.70 20.56
6.84 -7.47 -4.61 21.04
8.45 -3.76 2.97 22.48
19.61 -3.19 -19.61 22.26
7.57 -7.45 -19.61 22.42
0.59 -5.78 15.34 22.71
14.62 -1.02 -19.61 23.10
-2.74 -10.88 19.61 22.67
5.16 -2.87 -0.23 23.15
4.30 -11.72 1.92 23.15
4.00 -1.56 1.00 22.72
6.90 -7.63 1.14 21.23
2.20 -12.35 14.60 20.61
1.67 -13.44 12.44 20.44
8.33 -9.79 0.10 20.56
6.08 -7.89 4.20 21.42
4.48 -7.58 7.20 21.45
5.39 -6.24 1.88 21.68
4.77 -8.71 5.98 21.64
8.01 -5.95 -2.57 21.63
10.18 -6.47 -0.49 21.69
4.15 -7.51 4.82 21.97
9.85 -6.78 -11.19 22.43
7.36 -7.28 1.90 22.36
2.75 -7.27 8.10 21.80
5.72 -9.50 6.11 21.52
9.37 -6.09 -4.20 21.45
5.65 -6.66 2.40 21.81
5.73 -7.62 -0.84 21.59
4.18 -8.26 6.11 21.73
2.66 -7.77 10.05 21.73
4.59 -9.00 4.47 22.43
6.69 -7.52 -2.49 22.12
5.99 -7.05 -0.29 22.17
5.09 -5.45 1.78 22.23
9.84 -9.72 -5.15 22.62
7.07 -5.67 -5.57 22.26
6.86 -6.29 -0.06 21.87
5.89 -9.41 0.11 22.26
5.76 -5.78 1.63 22.57
0.78 -8.10 19.61 21.87
14.68 -4.81 -19.61 21.81
4.66 -6.23 5.34 21.85
0.65 -10.80 13.52 21.73
8.32 -5.24 -8.74 21.20
8.57 -8.66 -1.44 21.18
3.39 -7.71 7.20 21.01
9.64 -9.19 -5.03 21.68
8.17 -7.47 -7.37 21.85
4.64 -6.05 5.33 21.83
4.78 -6.86 3.20 23.56
0.54 -10.68 19.61 22.04
5.15 -9.01 3.24 22.02
10.84 -6.89 -11.95 21.78
10.40 -8.66 -6.92 21.92
4.42 -8.28 9.33 21.92
5.56 -9.15 3.86 22.28
6.75 -7.19 -3.38 22.96
6.24 -8.37 3.33 21.49
1.92 -8.31 7.85 21.87
0.79 -10.36 11.06 21.45
7.39 -8.22 -0.01 21.97
8.34 -7.23 -11.00 21.45
2.84 -6.18 -3.74 22.23
7.66 -7.11 -2.57 21.30
5.94 -8.24 0.35 21.28
5.04 -8.96 6.33 21.90
7.88 -9.20 -4.72 23.15
10.43 -6.14 -9.69 22.43
9.73 -9.34 -3.56 22.36
11.68 -8.18 -14.76 22.57
9.83 -8.77 -1.55 21.97
13.11 -8.36 -16.25 21.57
9.08 -7.61 -6.86 22.00
8.03 -4.71 -6.88 22.12
3.88 -9.39 4.49 22.14
6.57 -7.36 -0.02 21.42
3.85 -5.73 2.15 21.40
6.77 -7.66 -2.31 20.39
4.42 -6.17 0.45 20.05
1.22 -6.42 12.71 19.71
4.25 -7.64 16.02 20.29
8.32 -5.55 -7.12 22.04
6.68 -9.98 -2.44 26.12
1.39 -5.48 8.18 26.67
-2.65 -4.65 19.61 25.64
10.05 0.73 -19.37 23.27
18.40 -19.61 2.15 20.00
11.56 -7.59 12.98 18.88
3.43 -4.69 19.61 19.21
1.94 -10.53 -19.60 21.57
13.55 7.10 -19.61 24.70
-3.62 -9.25 19.61 24.10
-0.39 -7.62 8.73 23.36
19.61 -7.81 17.62 22.59
10.80 -8.59 -3.87 19.71
6.19 -7.22 6.51 19.67
7.43 -17.31 -6.42 20.29
6.42 1.84 -10.41 21.01
18.33 -8.15 -19.61 22.07
8.37 -4.22 -13.12 21.35
5.11 -6.00 -1.90 21.78
10.32 -6.41 -10.24 21.85
5.21 -9.22 6.59 22.52
4.68 -5.72 0.53 21.93
6.78 -6.50 3.37 20.97
-0.94 -10.44 18.86 20.68
6.84 -8.77 5.42 21.63
16.38 -6.69 -19.61 21.18
12.91 -6.62 -12.42 22.14
4.10 -8.16 9.07 21.73
11.28 -9.43 -7.66 21.51
11.22 -5.09 -14.68 21.23
10.30 -9.46 -9.27 22.09
5.86 -8.64 1.54 21.78
5.82 -5.86 3.45 21.75
10.51 -7.79 -5.09 21.68
4.52 -9.38 5.27 21.64
0.93 -7.24 11.37 21.33
4.17 -7.97 2.82 21.87
-1.35 -11.24 19.61 21.47
4.04 -8.60 3.16 22.23
7.23 -6.84 -4.10 21.87
1.21 -7.63 9.41 21.57
3.32 -11.58 8.31 21.93
8.21 -7.32 -8.48 22.02
4.05 -8.36 5.74 21.69
4.65 -6.45 1.91 21.78
5.37 -6.35 6.14 22.14
8.51 -9.39 -1.16 22.07
5.96 -7.05 2.40 22.02
5.22 -9.88 8.05 21.88
0.55 -8.41 17.57 22.23
4.44 -6.99 9.62 21.30
4.57 -11.51 7.84 22.07
4.25 -6.33 2.13 21.99
6.37 -8.93 1.34 22.31
7.93 -7.49 -5.69 22.76
4.38 -9.63 5.31 22.60
5.50 -7.38 0.06 22.76
4.61 -9.96 7.35 22.98
7.13 -7.61 -4.85 22.02
8.54 -5.58 4.07 22.62
3.68 -8.47 1.34 22.67
2.84 -8.79 14.30 23.10
4.80 -8.77 3.68 24.27
4.78 -7.63 8.24 21.13
4.83 -8.30 3.98 21.63
8.41 -16.76 2.91 21.23
-1.30 -10.58 15.19 21.64
13.87 -3.98 -7.52 22.62
-5.05 -9.84 19.61 21.37
2.20 -6.44 6.38 21.93
6.82 -7.07 -1.94 21.52
6.20 -8.91 6.23 21.64
8.87 -10.42 -1.14 21.68
9.35 -5.61 -5.74 21.99
-2.10 -7.14 13.08 21.57
10.85 -5.58 -0.40 21.90
8.48 -8.05 0.37 21.87
6.79 -7.25 1.32 21.54
5.69 -9.67 8.05 22.42
5.92 -10.38 4.88 22.04
5.24 -3.57 -0.91 21.87
6.53 -9.62 9.67 21.92
6.43 -9.11 3.89 21.47
4.87 -11.21 11.64 21.47
7.48 -6.73 -2.95 21.83
0.06 -10.05 17.10 21.44
5.62 -8.16 -5.95 23.92
10.96 -5.32 -16.00 21.81
6.73 -7.85 -0.54 21.85
7.03 -4.66 -1.45 21.52
-0.69 -6.61 19.61 22.24
2.16 -8.38 10.87 22.12
4.29 -7.82 6.78 22.14
7.23 -8.19 -0.79 22.17
5.70 -10.19 3.35 22.17
9.39 -10.53 -5.04 22.26
14.72 -10.06 -17.74 21.73
11.70 -8.90 -13.34 21.73
1.15 -8.02 13.07 21.73
7.70 -10.38 -3.69 21.44
-0.25 -4.13 12.78 21.64
8.45 -10.44 -0.62 21.47
1.81 -16.48 10.78 21.54
6.62 -11.70 -3.43 22.36
8.34 0.53 -6.86 21.68
1.43 -2.42 5.65 21.87
-6.63 -11.89 19.61 22.67
10.86 -8.50 -4.87 21.69
4.16 -6.03 5.61 25.54
12.89 -15.57 -13.58 21.28
10.85 -5.63 -6.44 21.37
19.61 -4.63 -19.61 22.07
-7.52 -10.26 19.61 21.59
5.87 -8.50 3.00 22.02
7.88 -7.27 3.52 21.93
7.08 -8.33 0.80 21.52
2.16 -9.61 12.31 22.33
8.48 -5.07 -18.82 21.47
19.61 -0.14 -19.61 21.52
7.77 -6.95 -4.83 22.76
2.93 -8.11 8.16 21.23
3.28 -8.28 6.08 22.42
1.96 -10.41 12.65 22.52
8.75 -8.98 1.40 22.45
4.13 -4.05 -4.96 21.68
10.58 -9.76 -15.06 22.24
4.67 -7.33 1.85 22.42
2.30 -6.35 9.79 21.56
4.63 -10.01 14.35 21.87
0.79 -9.32 19.61 21.92
10.35 -7.81 -6.36 21.83
1.58 -7.04 12.68 21.63
1.78 -9.77 8.30 21.73
7.28 -6.18 -18.92 22.02
8.49 -10.68 -5.56 24.80
2.49 -5.49 14.29 22.07
7.93 -7.60 -4.01 21.78
-1.15 -9.93 19.61 21.81
10.00 -8.39 -2.80 21.78
7.15 -6.56 -0.79 21.73
-1.25 -7.33 18.56 22.07
5.49 -7.49 1.19 21.71
5.73 -7.24 -0.45 22.12
3.75 -7.37 6.34 21.69
6.73 -8.63 2.07 22.42
8.63 -8.61 -2.94 21.99
2.84 -8.65 9.65 21.57
6.19 -7.18 2.14 22.00
12.75 -5.70 -17.47 21.57
3.28 -6.89 8.54 21.69
-3.30 -9.52 19.61 22.62
0.23 -8.49 11.79 22.81
8.21 -8.30 1.20 21.97
9.34 -5.57 -0.86 22.36
10.81 -11.07 -5.64 22.33
7.42 -5.86 -18.23 22.23
6.02 -9.32 -9.70 22.04
14.70 -10.62 -7.17 21.92
14.32 -8.03 -19.61 21.63
3.89 -4.69 0.85 21.73
3.22 -6.22 3.22 22.23
8.72 -7.98 -6.78 21.78
2.66 -8.77 10.83 21.63
9.05 -8.51 -2.61 22.02
9.43 -8.21 -3.01 22.02
10.59 -6.82 -8.71 21.73
13.52 -6.11 -6.87 22.07
8.31 -6.92 -12.30 22.98
6.53 -7.35 1.96 21.68
5.71 -6.40 4.66 21.59
8.49 -6.36 -7.43 22.07
5.03 -9.59 4.40 21.88
7.96 -6.80 -2.87 22.02
8.53 -9.02 -14.55 22.12
14.98 -9.39 -17.03 21.73
5.64 -7.76 5.08 21.73
9.45 -5.32 -4.44 21.57
5.81 -8.08 2.58 21.63
-0.79 -7.06 19.61 22.17
6.98 -7.42 3.82 23.41
3.35 -9.09 11.37 22.43
10.25 -5.37 -9.28 21.97
5.62 -7.74 2.66 21.54
-0.02 -9.12 10.44 22.12
5.54 -8.62 -0.77 22.12
0.43 -9.44 18.64 22.12
12.46 -5.60 -19.61 21.54
-2.61 -11.89 19.61 21.37
1.15 -5.01 19.61 21.37
2.62 -9.41 7.46 21.57
0.19 -5.46 10.84 22.52
-6.88 -10.58 19.61 21.69
4.87 -11.58 5.67 22.17
10.54 -11.82 -1.84 20.91
7.30 -12.17 -2.84 21.33
3.79 -7.82 3.14 22.59
8.38 -5.58 -7.63 22.17
4.88 -11.01 2.01 23.07
3.92 -6.21 2.50 22.88
10.56 -8.08 -11.36 21.63
-9.90 -15.31 -7.46 21.25
7.44 -9.24 -0.78 21.97
7.75 -6.75 -7.70 22.28
5.91 -9.70 4.68 22.91
11.31 -4.17 -13.33 21.47
9.20 -8.95 -10.78 21.73
4.97 -6.75 12.34 21.92
9.39 -7.36 -10.30 21.44
13.68 -3.84 -18.52 21.68
6.76 -6.76 3.91 21.28
3.83 -11.44 9.07 21.39
4.32 -7.94 9.13 21.42
9.12 -8.77 -3.67 22.23
8.60 -7.56 -10.32 23.70
-2.24 -8.59 18.87 22.48
1.33 -7.87 12.08 22.62
6.69 -9.04 0.95 21.56
17.30 -6.72 -19.61 21.87
7.96 -6.83 -4.90 22.14
5.21 -8.09 5.40 22.26
3.77 -8.18 -0.48 21.80
9.14 -10.96 -6.05 22.23
3.01 -4.89 4.78 21.81
9.56 -2.82 -12.91 21.57
3.68 -6.24 15.20 22.07
2.77 -11.94 14.51 21.20
6.06 -3.36 0.15 22.62
8.87 -4.16 -3.60 22.64
1.46 -6.75 10.63 22.07
-12.71 1.17 -19.61 21.35
9.35 -7.09 -4.53 22.26
9.02 -7.43 -9.99 22.24
7.86 -7.24 -1.81 21.92
2.31 -6.03 8.81 22.81
7.73 -8.86 0.75 22.57
4.07 -7.54 5.23 22.07
6.63 -8.11 0.65 22.26
8.36 -14.56 4.37 21.83
8.68 -5.52 -13.59 21.40
7.14 -8.36 -2.65 22.07
6.22 -11.20 -1.82 21.45
4.89 -9.45 -5.15 21.47
11.36 -5.60 -10.67 22.88
3.90 -8.45 6.22 21.87
4.93 -7.75 5.85 21.88
8.96 -11.11 -7.28 22.12
9.63 -7.64 -2.43 21.83
9.45 -6.80 -6.95 21.85
8.71 -4.34 6.05 21.92
13.41 -5.79 -17.80 21.90
7.79 -4.81 -7.28 21.57
6.39 -11.77 -3.71 21.45
2.82 -8.10 7.23 21.52
5.42 -8.96 2.82 23.08
8.68 -8.95 -13.92 21.97
6.50 -5.99 -2.32 22.07
9.01 -5.32 -4.78 21.68
5.92 -7.79 4.96 22.52
5.73 -8.02 3.93 21.63
4.29 -7.25 2.22 21.63
9.49 -6.49 -11.61 22.42
5.85 -7.69 4.55 22.02
7.32 -7.52 -0.91 22.33
6.84 -9.95 -3.50 22.42
6.17 -7.75 2.01 23.92
6.85 -8.39 4.75 21.73
5.68 -5.16 -4.16 22.64
3.01 -9.53 14.44 22.59
9.82 -6.53 -11.35 21.93
6.33 -5.64 -1.16 22.29
9.50 -4.86 -7.32 22.23
11.02 -8.96 -9.88 22.57
5.05 -4.03 -0.18 21.83
7.73 -8.67 -4.12 22.57
3.92 -6.84 -4.11 21.83
1.55 -10.02 5.92 21.78
10.74 -6.86 -10.05 22.54
6.35 -8.31 4.96 22.07
9.15 -7.53 3.55 22.23
6.91 -7.53 6.86 21.80
4.60 -8.17 3.79 22.26
1.24 -6.30 11.50 22.09
10.80 -7.38 -10.47 22.17
5.60 -7.56 -3.49 22.04
4.91 -5.82 -5.69 22.17
3.04 -11.06 12.14 21.68
3.60 -8.79 4.09 22.07
7.21 -3.90 -4.71 22.36
7.01 -10.13 5.97 21.52
12.62 -11.09 -12.28 22.52
10.20 -9.18 -5.94 22.04
4.12 -10.59 6.22 22.07
6.31 -6.43 6.45 22.09
1.31 -9.44 13.12 21.92
9.68 -7.41 -11.15 22.81
5.11 -9.79 6.98 22.42
3.17 -15.84 1.17 21.92
12.78 -9.53 -15.11 21.87
5.88 -7.62 5.73 21.68
9.42 -10.08 -6.93 22.09
4.84 -5.87 -3.03 22.12
4.61 -7.95 6.59 22.00
2.82 -8.56 13.58 22.12
7.44 -7.97 -11.54 22.19
8.41 -6.04 -0.96 21.81
9.31 -7.43 1.08 21.99
1.88 -8.40 10.74 22.07
1.91 -9.86 11.69 21.51
8.32 -9.33 -5.16 22.57
1.66 -6.54 1.12 22.14
4.77 -7.58 2.08 22.28
6.64 -7.05 2.81 21.75
5.36 -6.64 1.58 22.07
7.53 -7.16 -1.04 21.95
-2.04 -7.72 19.61 22.47
-1.18 -12.23 19.61 22.02
9.58 -4.50 -13.94 22.04
1.84 -9.08 8.40 22.47
12.18 -5.59 -19.61 21.75
6.48 -10.77 -1.40 22.23
11.03 -5.67 -3.64 21.69
16.68 -7.77 -19.61 21.68
12.40 -8.50 -9.00 21.63
4.25 -10.23 8.03 22.12
11.82 -6.33 -11.17 22.62
10.81 -9.38 -19.38 21.64
13.79 -4.59 -19.61 21.52
5.80 -9.29 1.47 22.23
16.63 -6.63 -19.61 22.47
8.41 -4.94 -7.88 22.17
14.06 -9.60 -16.15 22.62
-0.80 -10.05 3.16 22.57
8.16 -8.72 -4.88 22.09
2.09 -10.18 6.40 22.12
9.02 -6.19 -11.11 21.80
3.58 -6.08 -2.36 22.81
6.08 -8.63 2.60 21.78
4.51 -11.64 10.77 21.63
6.06 -6.99 0.39 21.99
7.85 -8.55 -4.82 21.63
7.98 -7.92 0.28 21.45
8.31 -6.47 -1.62 22.76
6.69 -8.79 0.53 21.97
2.84 -7.64 4.52 21.68
1.13 -6.94 8.25 22.12
7.19 -6.27 2.65 22.17
12.53 -9.46 -5.40 22.67
0.95 -8.41 19.04 21.92
0.97 -8.19 19.18 22.02
5.16 -7.73 3.33 22.42
8.38 -6.86 -0.66 21.87
3.98 -7.15 7.20 22.24
5.65 -6.79 0.76 22.17
9.09 -9.05 1.88 22.09
-0.17 -8.79 19.61 21.57
7.98 -5.25 -5.35 21.59
3.51 -7.17 3.14 21.97
4.11 -6.98 6.61 21.57
5.83 -7.14 -1.87 21.57
5.53 -9.40 5.33 22.07
7.59 -9.54 -1.83 21.68
3.26 -8.00 4.96 22.07
2.21 -8.76 12.67 21.68
5.80 -9.28 -2.26 21.99
6.77 -7.10 -6.22 21.68
10.41 -9.29 -11.41 22.09
9.52 -6.03 -8.70 22.17
1.42 -8.82 13.70 21.75
5.65 -9.25 0.45 21.68
2.69 -10.71 -0.34 21.59
4.83 -6.97 -0.54 21.97
4.03 -9.76 7.54 21.51
4.92 -6.51 4.53 21.57
11.69 -7.72 -15.17 21.69
3.48 -7.27 11.92 22.17
3.07 -8.43 7.06 22.14
8.54 -8.16 -10.79 21.63
6.25 -7.36 3.44 21.56
4.46 -5.88 2.08 21.57
4.14 -9.80 11.03 21.59
6.89 -8.34 -1.88 21.68
3.19 -6.11 13.61 21.64
6.67 -7.75 0.22 21.68
4.93 -7.84 5.02 21.64
7.86 -7.07 -3.33 22.07
7.26 -7.78 -1.02 21.57
7.11 -8.40 -0.01 21.57
7.49 -7.30 -4.25 21.54
7.34 -8.27 -3.65 22.02
11.76 -6.68 -11.97 21.99
8.42 -7.73 -1.24 21.73
7.92 -7.06 -0.87 21.75
8.26 -8.91 2.04 21.73
6.28 -8.32 -1.76 21.59
4.49 -10.47 9.81 21.57
4.63 -7.41 4.02 21.59
4.55 -9.18 7.28 21.68
9.23 -9.21 -1.47 21.52
6.09 -8.57 0.13 21.68
5.50 -8.25 7.32 21.88
2.73 -8.77 11.10 22.52
6.15 -6.60 9.56 21.99
6.39 -7.32 5.79 22.17
8.97 -9.08 -0.59 21.99
5.63 -7.16 3.19 22.86
8.15 -5.68 -5.26 21.54
5.10 -7.21 -0.87 21.63
4.91 -9.57 7.15 21.95
6.68 -7.03 2.75 22.02
5.95 -8.35 3.39 21.64
3.13 -8.00 3.98 22.02
6.83 -7.11 2.29 21.54
6.15 -7.96 0.09 21.63
6.65 -8.00 0.00 21.64
4.51 -10.06 5.92 21.68
8.86 -6.86 -5.06 21.64
11.66 -5.72 -13.90 21.63
9.99 -8.39 -5.08 21.54
7.89 -6.14 -2.39 21.68
3.72 -6.61 1.93 21.75
4.66 -7.49 9.73 21.78
6.53 -6.71 1.24 21.64
9.61 -6.40 -11.00 21.63
5.11 -6.87 6.27 21.44
6.55 -8.44 0.19 21.49
8.21 -6.88 -6.34 21.40
4.27 -9.22 5.22 21.08
6.02 -9.29 2.72 21.47
6.02 -8.52 -5.19 21.57
3.11 -7.85 3.61 21.57
9.93 -8.34 -5.97 21.68
7.12 -8.98 0.17 21.57
10.07 -8.87 -7.28 21.97
7.43 -8.13 -3.95 21.57
5.71 -8.91 3.05 21.63
7.53 -6.08 0.75 21.52
3.75 -8.43 6.28 21.44
6.09 -6.81 -4.23 21.39
6.02 -8.58 0.46 21.64
7.76 -8.13 -3.34 21.57
10.82 -8.27 -12.74 21.92
6.23 -9.83 3.45 21.08
7.29 -8.24 0.90 21.52
5.47 -8.88 0.55 21.49
4.59 -8.81 1.75 21.35
4.80 -7.11 0.85 20.89
7.90 -6.22 -4.19 21.15
3.86 -11.78 19.61 21.47
13.24 -5.32 -19.61 21.01
6.42 -7.27 -7.34 20.84
6.04 -8.31 -5.54 21.15
-8.17 -9.98 19.61 20.44
17.42 -10.24 -19.39 21.15
5.61 -10.99 2.03 21.68
7.58 -6.64 4.02 22.04
-0.61 -4.72 10.27 22.57
-2.55 -17.34 19.61 21.81
16.24 -11.18 -15.59 22.23
19.61 -4.34 -19.61 23.36
14.95 -8.10 11.48 24.90
11.53 -10.00 -19.61 23.03
19.61 -19.61 -19.61 22.81
19.61 -6.75 -15.22 21.57
6.90 -5.09 19.61 21.63
-2.39 -1.49 13.46 21.42
6.31 -13.25 13.42 21.20
-5.73 -5.71 19.61 21.03
16.16 -9.05 13.45 21.35
1.85 -8.14 4.09 20.34
6.45 -7.60 6.72 20.89
8.11 -2.08 -9.67 21.33
1.64 -5.52 2.52 21.33
8.24 -6.04 -1.65 21.33
0.46 -9.98 12.16 21.37
8.65 -8.07 -4.19 21.03
6.33 -7.24 -1.27 21.52
0.75 -7.64 9.06 21.57
7.95 -8.37 -9.57 21.08
7.02 -9.58 -4.68 21.06
7.47 -9.13 -4.55 21.87
6.08 -6.96 3.92 21.20
6.50 -8.20 1.31 22.07
5.15 -7.25 6.49 21.30
7.51 -6.96 0.70 25.72
7.97 -8.20 1.43 21.87
6.68 -6.97 1.86 25.35
5.64 -6.70 -0.69 21.81
5.95 -7.52 -2.01 21.87
3.96 -7.03 7.75 22.31
4.16 -9.60 8.45 21.57
6.10 -9.87 -2.25 21.97
3.41 -7.52 6.17 21.97
8.40 -7.41 -7.31 22.02
-0.01 -6.43 5.74 25.45
11.65 -3.87 -12.06 21.42
4.81 -12.32 4.22 21.35
-0.32 -2.31 9.17 21.92
2.13 -7.48 -0.77 22.48
9.64 -10.64 -10.95 24.23
5.32 0.49 -16.33 23.65
8.15 -5.59 -0.77 22.59
14.79 -14.26 -5.64 22.52
19.61 -8.47 -3.97 21.35
12.49 -1.83 -14.35 20.97
14.69 -15.00 -17.56 20.73
-7.19 -6.15 19.61 21.03
-2.00 -6.75 19.61 21.73
4.42 -8.83 6.79 22.42
7.84 -6.08 -9.33 22.47
13.61 -5.90 -18.87 21.59
8.85 -8.20 -9.44 21.47
4.17 -7.78 8.95 21.80
7.52 -7.98 1.26 21.57
2.42 -6.46 13.04 21.69
10.79 -9.69 0.86 22.28
8.43 -8.37 2.59 22.14
2.36 -7.81 5.82 22.07
8.32 -6.80 -6.53 21.45
3.91 -6.40 4.48 21.52
-0.16 -13.25 17.14 22.40
5.61 -6.29 5.31 22.17
6.05 -9.82 3.32 21.85
5.75 -8.91 1.77 21.92
9.36 -7.13 -6.53 22.24
6.19 -6.36 -0.35 21.78
7.35 -5.30 -6.48 21.73
9.56 -8.52 -7.14 22.24
8.79 -7.44 -11.07 21.87
-0.51 -5.61 19.61 22.59
5.68 -8.71 -3.94 22.12
4.59 -11.28 7.03 22.23
12.39 -1.31 -12.65 23.92
7.74 -5.58 -1.27 22.33
7.86 -8.83 -1.10 22.29
7.13 -4.48 -2.90 22.31
3.11 -8.65 9.07 22.66
10.30 -8.33 -13.65 22.14
1.97 -8.03 4.78 22.02
4.67 -10.00 7.18 21.61
8.12 -7.14 5.34 22.12
8.01 -6.52 -2.56 21.80
7.46 -4.74 -9.64 21.52
5.43 -7.95 2.58 20.56
7.99 -6.62 -3.32 20.79
8.56 -9.54 2.15 20.55
7.83 -8.55 -8.55 23.15
6.82 -7.20 5.88 26.29
1.04 -5.60 19.61 24.85
6.49 -8.28 -3.45 24.88
7.98 -4.75 8.26 22.59
4.02 -9.63 -7.07 22.42
0.90 -19.61 19.61 21.59
16.95 0.19 -19.61 20.10
13.05 -13.21 -19.61 20.89
5.05 -8.23 -3.33 21.52
5.36 -1.98 -1.45 22.23
-2.94 -3.66 -6.78 22.33
8.49 -9.67 -8.03 22.23
3.46 -10.61 9.11 22.19
0.85 -2.60 13.56 22.07
7.80 -8.01 -2.12 22.14
1.26 -8.34 5.60 22.23
2.83 -7.61 11.87 23.51
3.58 -4.74 10.05 22.98
1.34 -6.37 11.38 22.57
10.96 -4.89 -12.19 22.71
4.81 -7.17 4.75 22.14
6.84 -7.16 3.18 22.02
9.91 -10.17 0.03 21.90
7.83 -5.91 -0.35 22.02
7.03 -6.97 -3.65 21.99
4.58 -7.68 2.23 26.02
3.33 -11.67 10.65 22.47
2.35 -6.11 2.06 22.14
2.94 -7.57 0.38 21.83
8.32 -9.13 -5.98 22.09
8.27 -9.65 0.36 22.62
1.74 -9.68 10.49 22.14
5.61 -7.87 -2.26 22.67
6.39 -9.65 -2.51 21.68
7.92 -8.02 0.07 22.26
11.20 -8.21 -11.79 22.12
7.21 -7.92 -2.57 22.09
5.94 -7.55 -5.32 22.17
10.00 -7.86 -6.25 21.80
4.75 -7.92 11.13 22.02
4.05 -6.30 3.41 22.07
4.01 -8.02 7.21 22.36
6.46 -10.21 6.48 22.09
8.39 -7.30 0.70 21.57
3.53 -9.67 9.62 21.59
4.29 -8.19 4.04 21.87
5.81 -7.25 -1.47 21.88
7.00 -6.26 0.29 22.17
5.79 -7.48 2.09 21.90
5.91 -7.13 -5.51 21.83
6.25 -5.60 1.19 21.88
6.39 -7.34 4.33 21.97
4.67 -10.25 0.05 21.73
2.24 -6.93 7.55 22.14
3.98 -7.03 8.52 27.75
3.80 -12.36 5.56 21.78
9.46 -5.37 -4.53 22.59
10.49 -5.24 -5.70 22.38
12.34 -8.37 -10.84 22.40
4.38 -14.68 7.01 21.73
19.61 -2.27 -19.61 21.52
2.83 -16.28 4.24 21.39
14.25 -8.80 -9.26 22.57
-1.34 -8.29 19.61 21.99
-5.48 0.60 19.43 22.17
19.61 -17.65 12.97 21.15
6.61 -4.81 -5.92 21.44
12.51 -15.62 -4.15 20.85
4.19 -10.76 5.86 22.07
-0.47 -8.48 16.63 24.94
-5.53 -8.83 19.61 23.80
7.52 -8.35 16.61 22.69
6.74 -7.34 -5.17 21.57
7.15 -19.61 19.61 21.88
7.95 -2.14 -11.78 21.81
6.27 -7.06 7.84 22.07
7.53 -8.58 1.98 22.29
4.96 -6.67 -0.90 22.31
9.34 -7.86 -9.98 21.75
5.72 -11.08 -0.33 22.07
11.08 -7.55 -8.95 21.75
5.87 -8.60 2.38 21.88
4.28 -5.20 1.55 22.24
-2.89 -10.87 19.61 22.23
8.56 -5.65 -3.84 21.73
9.31 -6.04 -10.83 22.42
4.38 -11.30 9.38 23.36
9.49 -6.03 -12.80 22.24
9.34 -6.48 -6.02 22.36
6.54 -6.91 0.49 21.90
5.87 -5.24 1.34 21.73
6.32 -10.31 1.84 21.99
8.02 -8.23 -3.70 21.57
3.20 -7.90 7.42 21.75
1.64 -10.59 6.20 22.23
6.46 -7.92 -2.76 21.83
10.97 -3.96 -5.93 21.88
6.17 -6.60 -1.05 21.88
5.47 -8.76 2.67 21.87
3.29 -8.63 15.14 22.17
8.09 -7.81 -1.20 22.07
6.64 -9.53 2.47 22.02
8.39 -10.93 -5.46 22.45
10.39 -7.79 -13.19 21.78
4.12 -6.92 8.22 22.19
8.52 -5.98 -6.08 22.23
8.27 -6.46 -5.43 21.75
9.16 -5.90 0.44 22.02
1.90 -6.61 6.02 22.04
5.36 -6.53 2.34 21.78
2.92 -9.31 4.90 22.78
10.40 -6.66 -4.71 22.26
5.68 -5.32 0.28 22.23
8.63 -9.11 2.56 22.09
4.36 -8.93 5.36 21.73
-9.72 -9.66 19.61 22.48
5.28 -9.55 3.10 21.59
5.84 -6.91 6.86 21.99
5.18 -10.71 6.08 21.52
6.17 -8.33 0.76 21.87
10.56 -5.37 -16.29 20.67
8.85 -7.15 -1.02 20.39
12.48 -7.33 -2.67 20.73
8.69 -10.73 -10.35 22.62
-0.07 -7.64 8.15 24.37
2.01 -8.56 5.97 24.83
12.03 -4.14 -0.61 23.41
-12.84 -10.19 19.61 23.60
2.40 -6.07 4.76 21.68
-1.30 -4.04 19.61 20.31
-3.95 -8.76 4.84 20.63
12.25 -10.90 -9.32 21.37
4.78 -4.41 -9.60 22.31
1.94 -6.65 10.34 22.28
5.22 -6.34 -0.90 22.07
8.61 -6.32 -3.34 21.49
7.02 -8.65 7.16 21.57
4.28 -7.03 6.96 21.73
6.15 -9.01 7.58 21.73
4.90 -8.05 11.72 21.73
3.44 -7.38 6.22 21.63
5.72 -8.41 4.39 22.02
4.93 -8.28 1.00 21.63
5.21 -6.52 3.61 21.73
5.91 -8.65 0.90 21.73
4.80 -7.85 4.49 22.12
7.13 -8.42 -1.44 21.28
4.77 -8.01 4.84 21.73
7.91 -7.76 -1.39 21.81
5.50 -7.67 3.94 21.78
6.51 -7.67 -2.78 21.73
5.85 -8.44 3.62 21.57
7.42 -8.11 0.62 21.57
5.29 -6.74 3.21 21.73
7.45 -7.74 0.16 21.90
2.69 -8.24 10.06 22.26
4.70 -7.51 2.01 21.59
7.32 -7.10 2.31 22.76
7.34 -6.19 -8.00 21.93
1.80 -8.07 10.03 21.78
8.12 -7.30 -0.21 21.80
5.15 -7.42 1.79 21.92
7.75 -8.28 -0.76 22.29
6.92 -5.03 -4.69 21.73
8.65 -8.51 -0.86 22.00
7.65 -7.64 -0.24 21.63
7.49 -7.18 1.35 21.75
3.51 -8.46 5.97 22.07
6.58 -7.03 -1.35 22.00
7.63 -7.92 2.09 21.92
1.95 -8.08 7.76 21.63
4.96 -7.27 0.20 23.03
6.42 -6.39 2.10 22.17
-1.93 -8.23 19.61 22.14
6.45 -10.51 -7.14 23.07
13.70 -4.26 -19.61 21.68
3.54 -6.20 3.83 21.68
3.32 -5.43 -0.95 21.78
3.69 -17.57 19.61 20.39
-6.64 -12.47 15.52 20.05
-4.23 -16.75 14.61 20.99
19.61 4.72 -19.61 24.54
1.85 -12.30 -0.32 24.61
2.32 3.89 2.56 23.91
-19.61 -14.84 19.61 20.00
19.61 6.04 -19.61 18.81
1.89 -19.61 19.61 20.65
6.04 14.84 2.55 27.08
-11.59 3.78 19.61 26.58
5.54 1.98 -19.24 26.03
-6.75 5.05 -4.00 22.02
19.61 4.13 -19.61 19.91
4.69 -19.61 -6.30 19.81
3.71 -4.97 1.34 20.07
-13.75 -8.95 19.61 21.13
-0.76 -8.90 19.61 21.95
-3.28 -8.02 19.61 21.52
19.05 -5.50 3.02 22.07
4.53 -12.17 18.87 21.57
6.87 -8.29 0.97 22.52
5.32 -6.45 -3.99 21.88
8.20 -7.60 0.48 22.36
11.01 -7.86 -6.38 22.29
5.53 -9.50 1.62 21.68
8.52 -8.44 -3.92 22.00
4.49 -7.76 4.09 21.97
1.82 -7.83 8.15 21.69
2.77 -8.36 10.29 21.78
0.22 -8.41 15.71 23.32
10.74 -5.80 -2.99 22.00
1.19 -8.88 11.44 22.47
4.12 -9.05 9.16 22.19
2.63 -8.74 9.68 22.31
2.66 -10.89 9.83 22.52
2.39 -9.43 11.44 22.88
7.46 -5.37 -1.11 21.78
7.66 -9.34 -2.88 21.85
8.89 -9.82 2.68 21.83
5.90 -5.66 -3.44 21.69
-2.04 -7.88 19.41 22.02
3.81 -11.01 11.18 21.75
10.86 -9.43 -2.96 21.13
3.84 -6.26 0.52 21.35
1.86 -11.42 4.66 22.17
4.53 -7.18 0.58 23.08
10.87 -4.11 -15.39 22.31
-9.48 -11.28 19.61 21.68
1.64 -11.10 -4.78 22.00
4.92 -9.95 -9.88 22.76
7.57 -3.58 -3.18 22.14
4.42 -5.50 15.39 22.02
9.57 -7.81 -10.65 21.88
13.86 -7.52 -18.21 21.52
19.61 -8.45 -12.32 21.78
19.61 -4.32 -19.61 21.80
-1.28 -9.02 11.47 21.83
-2.77 -12.75 3.40 22.02
3.62 -9.28 3.58 21.57
16.34 -1.78 -10.27 21.64
6.09 -8.46 17.93 22.17
8.34 -6.19 19.61 22.07
15.39 -8.35 -19.61 21.69
-6.50 -12.68 9.56 21.68
1.57 -10.11 -11.00 22.14
4.87 -8.19 -8.28 22.67
19.61 -4.99 -10.68 22.26
19.61 -1.49 -19.61 22.24
0.07 -12.58 -17.28 22.31
-13.61 -13.40 19.61 23.51
-8.45 -12.39 13.20 22.12
2.41 -6.03 8.78 21.63
-19.61 -19.61 14.71 26.22
13.76 -4.82 -5.73 22.12
0.81 -3.58 -3.26 21.68
19.61 -12.52 -19.61 21.63
0.99 -6.65 -14.05 21.95
-0.30 -1.00 16.17 21.39
19.61 -10.98 -19.61 21.57
6.44 -2.54 -19.61 21.28
13.89 -13.74 19.61 21.73
-18.60 -12.85 19.61 23.14
18.68 -3.80 -19.61 23.60
-0.57 -10.80 7.69 22.42
9.00 -8.96 -7.81 22.88
11.37 -5.86 -18.11 22.71
0.91 -10.99 3.50 21.59
0.79 -6.48 19.61 21.78
-18.42 -15.40 19.61 22.07
11.32 -4.98 0.81 23.46
1.75 -18.11 6.43 24.04
-18.56 -15.89 19.61 22.17
19.61 -12.30 -2.80 21.90
12.67 0.14 -17.83 21.39
7.10 -16.76 -19.17 21.35
18.84 2.18 -19.61 21.44
-2.60 -16.94 3.55 21.39
8.41 -6.01 -6.68 21.81
-2.82 -16.41 6.80 21.73
7.97 -4.68 9.71 22.36
3.28 -9.09 1.67 21.83
-0.11 -8.09 15.89 22.04
-10.62 -13.81 19.61 21.97
-5.53 -13.19 3.47 22.36
7.47 -9.50 -0.98 21.68
13.72 -7.38 8.92 20.94
11.11 -10.63 -19.61 21.08
-6.34 -11.76 19.61 21.44
19.61 -2.19 -12.79 21.69
4.77 -7.69 -0.11 21.92
11.64 -7.03 0.65 21.85
9.60 -6.90 7.29 21.73
-11.48 -19.61 19.61 21.80
1.35 -6.34 -0.85 21.88
10.33 -4.52 6.05 22.48
3.01 -5.92 15.88 22.71
0.95 -11.28 14.08 22.02
7.92 -8.38 -1.63 21.88
-1.68 -12.27 17.12 22.31
-2.42 -6.81 -8.39 22.59
-3.33 -3.05 19.61 22.12
7.00 -8.65 0.50 22.59
0.08 -6.85 19.61 22.47
8.15 -6.26 -11.50 22.47
0.43 -7.75 15.61 22.02
19.61 -3.10 -19.61 21.44
19.61 -6.33 -19.61 21.30
18.13 -5.90 7.05 21.18
1.85 -12.16 7.17 22.14
-1.36 -4.00 6.65 870.11
0.39 -10.54 4.98 5.68
8.77 -5.47 9.31 22.59
10.39 -8.99 -16.24 22.86
9.61 -9.39 -11.90 22.62
4.21 -8.19 19.61 23.38
19.61 2.33 -19.61 44.76
-0.37 -10.59 -2.89 23.12
10.15 -7.13 -5.49 23.14
12.46 -4.23 19.61 22.57
-0.89 -10.68 2.77 22.26
13.07 -5.52 -6.31 22.54
3.15 -12.69 19.61 23.99
5.44 -5.66 -10.23 21.68
-1.97 -11.35 -2.20 21.47
18.67 -7.41 -19.61 22.42
10.28 -2.26 -7.97 23.22
19.61 -3.05 -19.61 22.12
7.08 -8.66 2.50 22.42
2.73 -10.63 -4.23 22.62
3.11 -8.92 16.18 21.88
19.61 0.85 -19.61 21.78
-6.06 -10.42 19.61 21.57
19.61 -4.78 -19.61 22.64
15.56 2.45 -19.61 22.07
19.61 -1.58 -9.45 23.91
-0.02 -13.29 -12.44 25.26
-0.35 18.51 19.61 22.86
-19.61 -14.07 19.61 22.76
2.93 -7.40 0.45 23.08
19.30 1.78 -10.99 23.15
-11.74 -17.01 19.61 21.92
-19.61 -18.61 19.61 21.51
6.91 -6.37 -5.56 21.28
2.25 -19.34 -16.52 21.25
4.62 -5.63 -16.66 21.54
-3.67 1.63 6.18 23.56
5.34 -14.89 7.50 27.77
-8.94 -1.91 19.61 23.46
10.37 0.33 -2.02 21.68
-19.61 19.61 19.61 20.00
-4.21 -13.42 -1.41 20.79
1.16 -8.70 8.11 21.08
-19.61 -10.39 19.61 22.07
-0.06 -11.45 14.64 21.85
9.60 -1.99 15.91 23.36
10.19 -9.85 -19.61 22.42
19.61 -5.74 -19.61 22.12
9.04 -2.34 -2.95 20.94
5.26 -7.26 -12.27 21.44
19.61 -10.07 -6.40 21.52
1.15 -10.60 -6.73 20.94
0.28 -4.30 2.19 21.04
19.31 6.33 -19.61 21.57
15.84 -10.06 -19.61 22.52
-0.15 -9.86 15.76 21.06
-1.53 -9.21 12.18 20.99
15.17 -8.21 -19.02 21.04
5.08 -7.53 7.90 21.42
11.92 -7.56 -16.12 21.13
-0.76 -12.30 9.89 21.08
9.03 -5.35 -14.09 21.15
2.38 -12.54 12.57 32.76
13.62 -10.75 -6.14 20.68
-1.20 -6.48 4.24 20.39
12.12 -10.34 -10.58 19.95
16.82 -4.94 -12.40 20.20
2.41 -13.50 2.79 23.22
3.77 -5.62 14.69 22.62
6.84 -19.61 19.61 21.56
19.61 7.19 -19.61 20.60
6.03 -18.75 19.22 19.72
13.95 -2.02 6.38 20.99
-3.50 -18.93 -16.05 19.47
12.92 5.06 -19.61 22.31
6.20 -19.61 -19.61 21.04
-5.02 -4.22 16.55 20.60
10.38 -19.61 -19.61 19.65
9.91 -8.75 19.61 19.50
16.59 -19.61 -9.12 20.34
7.97 -11.69 16.80 19.45
17.16 -8.22 -19.61 20.85
15.31 -5.36 -19.61 22.12
-3.75 -8.65 19.61 21.15
6.96 -10.23 18.62 22.17
-0.50 -13.03 19.61 22.42
8.67 -8.09 -1.19 21.57
4.99 -8.05 4.77 21.04
4.94 -7.59 -0.82 20.79
0.90 -7.81 12.61 20.49
5.20 -10.29 2.41 20.89
5.19 -8.29 5.86 21.13
5.15 -9.80 3.72 21.92
4.77 -9.12 0.52 21.33
12.15 -7.73 -15.88 21.92
5.39 -9.40 4.62 22.12
3.69 -9.83 7.71 22.23
6.55 -8.25 2.31 21.73
6.11 -6.24 0.75 22.12
6.11 -5.90 0.21 22.62
6.40 -8.00 0.20 21.75
6.87 -7.80 0.66 21.81
5.84 -8.54 1.50 22.12
7.13 -10.25 1.73 21.09
4.01 -9.04 9.04 21.97
6.20 -7.77 -0.18 22.47
9.30 -7.33 -6.20 22.17
3.96 -9.67 6.61 21.92
6.19 -6.79 -1.11 22.83
6.26 -5.68 4.96 22.42
9.57 -5.13 -10.71 21.85
4.55 -7.86 9.56 22.17
9.23 -9.13 -1.28 22.23
6.41 -7.68 8.38 22.26
5.84 -7.72 0.36 21.85
8.24 -6.93 0.37 21.83
7.80 -6.94 -1.64 21.64
6.10 -8.71 -0.45 21.63
5.98 -8.40 -3.43 22.00
5.42 -9.62 2.29 21.68
8.31 -7.07 -6.43 22.14
4.93 -7.96 1.21 22.47
7.53 -6.21 -1.78 21.97
4.94 -7.39 5.58 21.78
8.07 -6.40 -7.46 21.73
3.77 -7.76 5.71 21.44
9.52 -6.30 -0.91 21.83
7.57 -8.59 -0.40 21.47
4.62 -8.66 6.45 21.47
8.43 -5.02 -2.32 22.36
8.23 -9.75 0.39 21.92
8.74 -5.28 -2.91 21.95
0.44 -10.14 15.71 21.92
2.59 -6.04 9.70 21.63
5.30 -8.58 9.30 21.52
8.11 -6.91 -2.40 21.92
6.54 -8.25 -0.09 21.52
6.72 -7.51 -2.10 22.02
7.93 -6.62 -9.64 22.12
3.70 -8.32 9.41 22.17
7.86 -7.26 -0.56 22.52
6.22 -6.82 6.53 22.02
6.90 -5.38 1.84 21.97
3.29 -8.13 6.32 21.52
9.71 -6.49 -6.36 21.47
7.36 -5.90 -4.38 21.52
7.58 -9.06 1.12 21.92
5.37 -7.61 4.23 21.92
7.94 -8.62 -0.43 21.92
4.81 -8.65 6.28 21.57
7.78 -6.55 -1.68 22.02
5.57 -10.33 6.06 21.35
4.70 -7.85 5.93 21.28
6.17 -5.49 -0.77 21.69
6.46 -7.52 -0.20 21.52
6.24 -9.37 -1.04 21.85
7.78 -8.84 0.85 23.26
4.90 -6.23 6.26 22.62
9.09 -11.66 -7.75 22.31
12.76 -13.07 12.52 22.62
12.49 -3.62 -19.61 22.04
11.45 -6.31 -16.49 22.52
10.32 -5.76 -6.89 22.72
3.59 -11.49 8.06 22.52
13.41 -3.86 -10.73 21.52
7.50 -2.04 0.34 21.25
9.26 -9.49 -15.47 21.08
3.38 -6.98 19.61 20.96
19.61 -4.89 12.44 21.57
6.94 -6.66 1.85 21.75
5.28 -7.57 0.95 22.47
4.75 -9.05 2.14 22.74
3.38 -9.96 6.63 21.63
8.65 -7.54 -0.35 21.20
3.21 -15.01 -1.42 21.68
1.36 -4.73 -0.62 21.56
-15.21 -14.44 19.61 22.52
2.52 -8.62 7.04 22.48
3.78 -8.31 4.85 22.33
5.97 -4.49 5.13 22.02
11.33 -10.72 -4.64 21.88
-0.19 -7.96 15.17 22.02
-0.24 -8.68 16.96 21.28
7.37 -6.50 3.21 21.33
2.88 -7.44 10.39 20.49
5.70 -11.41 8.20 20.70
8.74 -8.79 -4.30 22.36
5.04 -5.50 2.20 22.76
6.73 -8.05 -1.40 22.96
2.77 -4.86 2.38 23.60
6.46 -6.30 -4.56 22.69
-0.53 -9.87 11.35 22.57
1.80 -9.91 6.49 25.85
1.81 -11.20 5.50 22.36
16.01 -8.25 -6.20 21.57
8.86 -7.85 3.13 21.03
11.33 -4.97 1.72 20.99
5.92 -7.78 4.09 21.04
9.16 -5.21 -10.25 21.64
10.20 -5.70 -3.80 21.78
1.77 -2.54 4.27 22.02
6.46 -9.69 -2.49 21.57
2.40 -7.78 5.68 22.52
0.32 -9.43 8.77 22.28
3.34 -7.32 9.46 22.04
8.35 -8.05 -4.04 21.95
4.72 -7.78 2.58 22.31
6.72 -8.39 -3.15 22.14
6.42 -7.37 -1.15 21.83
5.23 -9.33 6.72 22.04
4.91 -7.21 -2.43 21.97
6.19 -5.34 1.08 21.45
6.12 -8.29 -2.26 22.02
4.03 -7.66 5.57 21.69
7.55 -7.64 -4.90 21.88
11.59 -10.32 -5.36 22.29
5.41 -9.21 -1.88 24.20
7.16 -7.03 -3.48 21.68
8.61 -4.87 -8.40 22.02
4.47 -10.58 3.10 22.07
2.25 -7.37 11.34 22.19
8.55 -9.13 4.07 21.87
8.54 -7.01 2.66 21.90
5.48 -5.45 5.19 21.57
5.85 -6.00 -2.92 21.40
3.41 -9.06 7.29 21.68
6.22 -6.83 -4.24 21.69
6.76 -8.32 2.18 21.97
5.23 -8.83 6.44 22.19
5.85 -5.60 -1.46 22.33
7.82 -7.78 -2.12 21.75
4.19 -7.47 4.53 22.04
-0.39 -9.79 13.33 21.63
2.27 -8.27 13.21 21.69
10.25 -8.49 -2.33 22.31
9.17 -5.26 -7.29 22.04
-1.02 -8.51 8.21 22.52
5.15 -7.47 2.78 22.26
5.74 -7.70 4.15 23.02
3.79 -8.93 13.95 21.63
9.34 -6.99 -9.73 22.78
7.35 -8.98 1.52 21.47
4.58 -9.29 0.78 21.49
1.53 -9.18 12.21 21.42
-0.24 -8.11 14.31 21.52
3.54 -8.05 5.16 22.86
5.72 -7.44 -2.74 22.31
5.38 -7.39 -2.65 22.31
4.74 -7.52 -2.15 21.99
8.74 -10.69 1.79 21.80
6.25 -8.74 1.22 22.23
6.81 -9.38 -3.08 21.69
13.77 -7.66 -16.48 21.73
10.61 -10.13 -12.48 22.14
5.31 -5.33 7.45 21.63
3.36 -7.25 4.03 21.52
-0.17 -8.86 19.12 20.60
6.56 -9.32 -6.17 20.05
5.64 -7.06 3.00 20.55
5.39 -17.89 3.80 20.31
19.61 -2.03 -19.61 22.47
-10.15 -18.63 19.61 24.54
8.98 -4.88 -7.75 26.22
2.62 -2.13 -0.82 25.60
8.26 -5.91 11.41 21.63
19.61 -19.61 -19.61 18.92
-0.22 -17.16 15.12 18.81
-0.74 -9.47 17.94 21.78
-9.82 2.69 12.24 24.11
-8.16 -6.93 19.61 24.25
10.47 0.58 -4.85 24.10
19.61 -5.63 19.61 21.23
19.61 -4.19 -19.61 19.57
14.51 -6.34 -10.59 19.71
11.70 -4.80 -4.34 21.23
5.79 -4.82 -0.94 21.92
0.54 -9.26 9.87 21.92
-4.94 -8.60 10.45 22.59
3.91 -4.83 5.40 22.52
19.61 -5.94 -19.61 21.45
5.49 -15.58 -8.51 22.07
15.67 -2.80 6.61 21.83
6.38 -11.41 4.24 22.54
6.80 -5.27 -4.19 21.68
12.54 -7.04 -7.26 21.90
5.90 -11.79 7.02 21.54
8.03 -7.62 -7.57 21.28
4.53 -10.70 5.77 21.97
8.23 -9.04 -0.65 21.63
9.08 -10.38 2.47 22.02
7.40 -9.26 2.99 22.26
5.67 -7.53 -0.66 22.02
2.32 -9.73 8.82 21.78
6.97 -6.27 -2.66 21.93
6.78 -9.29 -0.61 21.49
1.74 -7.51 6.32 22.52
7.75 -5.76 2.83 18.13
10.66 -8.27 -6.72 22.72
4.90 -6.18 2.15 22.81
19.61 -17.52 -19.61 23.14
-19.61 2.70 19.61 24.40
19.61 -10.26 -12.66 21.88
8.64 0.68 -19.61 21.73
19.61 -19.61 -3.42 21.18
-6.65 -6.80 19.61 21.93
13.80 -4.21 -19.61 21.69
5.36 -8.95 6.41 21.78
3.02 -7.61 4.10 21.75
9.92 -10.49 4.00 21.68
4.31 -8.37 4.36 22.04
4.91 -8.01 8.82 21.73
3.31 -8.22 5.82 21.75
5.78 -6.63 -1.40 22.23
6.55 -8.23 3.42 21.69
10.99 -9.37 -5.87 21.68
7.85 -7.02 -6.54 21.68
4.55 -8.90 5.49 22.12
8.18 -9.35 -1.99 21.73
11.67 -7.27 -10.43 21.68
1.40 -5.20 6.61 21.68
3.12 -8.02 10.59 22.02
6.06 -9.64 1.25 21.63
6.26 -7.14 -2.72 22.09
4.27 -9.13 6.30 22.12
6.78 -7.89 -0.36 22.12
4.94 -6.70 0.34 21.49
5.36 -4.42 -0.35 20.94
-0.09 -6.09 9.79 20.55
-1.49 -6.60 19.61 20.67
3.38 -8.08 10.14 22.07
3.12 -7.78 16.12 23.58
3.17 -7.23 5.61 23.70
7.19 2.26 -4.39 24.04
5.72 -8.49 2.81 23.14
-4.73 -12.73 12.61 23.62
6.96 -6.61 12.57 21.33
-1.54 -15.32 19.61 20.84
-7.07 -7.27 19.61 20.60
8.71 -9.54 6.85 21.42
4.12 -5.20 2.75 21.83
9.12 -5.06 -5.25 22.07
8.31 -5.93 -11.45 22.02
6.05 -6.90 -1.91 21.40
4.62 -8.69 7.18 21.54
2.61 -8.77 4.11 22.09
6.56 -8.81 3.76 22.28
6.89 -8.04 -2.40 21.88
7.61 -7.33 0.22 22.17
5.27 -6.64 1.69 22.17
1.60 -9.94 7.88 22.23
2.40 -10.02 12.82 21.83
5.65 -8.21 3.78 22.14
4.57 -9.17 4.44 22.07
7.31 -10.18 2.05 22.04
3.54 -9.22 3.19 21.73
5.71 -8.78 1.29 22.09
7.67 -4.87 -3.10 23.46
5.74 -9.72 3.40 21.83
7.85 -7.88 -3.67 21.78
6.90 -8.34 -1.90 22.47
3.13 -8.04 7.54 22.02
9.35 -4.19 -10.76 21.73
3.41 -9.49 14.15 22.09
5.76 -6.76 -3.58 22.67
6.15 -8.89 -0.05 22.24
6.51 -8.63 0.76 21.83
7.05 -7.57 -3.38 21.78
4.85 -7.27 5.63 21.68
5.03 -7.33 2.06 22.07
5.94 -5.79 -1.82 22.07
5.63 -7.10 -0.60 22.07
7.88 -8.23 -2.82 22.12
5.07 -8.09 5.41 21.83
5.41 -7.65 -0.49 22.36
2.37 -8.83 6.89 22.36
2.49 -8.04 7.21 21.83
5.48 -7.62 3.55 21.97
8.84 -9.25 0.15 21.92
2.85 -10.29 7.94 21.68
6.73 -7.47 0.84 22.24
4.50 -7.23 0.53 21.88
7.37 -7.06 0.09 22.19
5.08 -9.20 2.82 22.17
4.13 -7.80 6.19 21.69
5.66 -7.90 0.17 22.62
6.68 -5.92 -0.65 21.85
5.01 -10.04 8.21 21.78
4.26 -7.58 4.45 22.09
5.74 -7.54 4.40 21.97
7.84 -8.03 -0.69 22.19
2.74 -7.38 2.99 21.15
6.49 -6.52 2.19 21.25
8.32 -3.75 -7.35 21.44
5.66 -7.99 5.06 23.68
6.76 -5.58 7.11 23.60
3.65 -8.10 5.45 24.25
2.07 -6.85 6.14 23.08
13.53 -5.13 -15.40 21.57
14.09 -6.67 -14.32 20.49
19.61 -5.34 -19.61 20.89
-1.54 -9.64 10.60 20.65
8.26 -10.65 2.35 21.23
4.33 -5.17 8.73 22.31
8.39 -6.22 4.67 21.57
7.42 -7.52 2.42 22.67
10.90 -10.02 -8.12 22.45
12.82 -0.18 -14.70 22.12
7.40 0.09 -3.83 21.25
19.61 -10.57 -19.61 21.88
-6.36 -14.65 19.61 22.07
-5.79 -12.84 19.36 22.19
-4.20 -10.81 19.61 21.97
12.80 -3.85 -11.36 22.33
4.46 -8.49 11.40 21.63
6.31 -7.99 3.50 21.78
7.81 -8.53 4.55 22.42
9.43 -8.97 -19.61 22.12
17.10 -3.88 -19.61 22.19
-3.79 -11.68 13.16 22.02
7.08 -7.99 7.72 21.88
-5.82 -8.93 19.61 21.33
4.18 -9.05 6.67 21.78
6.89 -7.61 1.58 22.23
-1.53 -9.04 8.87 21.83
6.79 -5.16 -2.01 21.88
13.67 -4.36 -2.60 21.78
3.09 -7.29 5.29 21.59
4.29 -9.10 2.87 21.54
1.38 -7.66 9.27 21.08
4.25 -10.11 -1.18 21.33
0.90 -13.09 15.87 22.04
9.25 -4.32 -8.62 21.44
0.46 -9.91 12.60 20.75
10.26 -8.52 -7.00 21.04
2.68 -12.27 19.61 21.59
4.01 -8.22 -2.58 20.99
11.27 -5.01 -7.83 20.99
-2.04 -12.65 19.61 21.28
7.55 -8.61 4.40 20.75
4.81 -7.68 5.25 20.75
12.89 -8.99 -4.78 21.20
11.10 -4.71 -19.61 21.15
19.61 -8.11 -0.65 23.15
-6.18 -10.65 8.59 20.96
-10.02 -12.39 19.61 21.09
-5.19 -11.94 19.61 21.44
9.36 -11.96 -1.72 20.60
6.96 -10.17 6.33 23.15
14.17 -5.23 -14.24 25.79
4.53 -9.29 4.11 23.15
3.87 -11.18 9.45 21.63
2.85 -8.83 8.15 22.31
4.25 -9.73 -0.80 22.76
5.64 -12.79 -11.57 21.06
1.79 -10.78 -7.69 22.76
-3.15 -11.92 16.29 21.33
2.94 -11.88 11.36 20.99
4.00 -8.36 8.54 21.15
4.67 -10.55 -5.98 20.84
0.19 -9.30 17.50 21.68
1.28 -8.77 11.23 20.99
7.44 -9.41 0.45 21.11
11.62 -8.18 -2.00 21.09
2.94 -11.50 4.61 21.15
2.58 -10.13 11.33 21.39
8.27 -8.48 -2.87 21.45
10.23 -6.60 -13.42 21.57
8.18 -8.15 0.89 21.63
14.88 -6.85 -10.85 21.20
12.44 -9.09 -13.74 21.63
5.43 -11.47 -19.61 21.25
19.61 -3.44 -19.61 21.78
8.28 -5.60 1.18 21.44
10.81 -7.21 -4.93 21.45
5.08 -6.75 -8.30 21.57
1.97 -8.26 14.74 22.05
2.40 -10.01 19.61 22.28
7.10 -4.93 2.36 21.95
14.12 -4.06 3.67 22.02
5.62 -7.12 13.95 22.48
-8.91 -13.11 19.61 22.43
-10.22 -14.14 19.61 22.23
6.16 -8.27 7.00 21.59
13.18 -6.05 -13.91 22.07
-4.29 -10.31 13.75 22.00
7.43 -8.14 -3.54 22.12
-1.06 -9.65 14.21 21.78
10.12 -6.83 -1.47 22.33
13.77 -4.59 1.82 22.38
19.61 -2.16 -19.61 22.14
0.58 -9.74 7.74 21.57
10.98 -6.18 -3.31 21.59
4.99 -6.29 1.10 22.23
14.37 -3.96 -2.16 22.43
2.06 -9.45 -19.61 21.95
-4.88 -13.16 18.32 22.33
8.13 -5.63 -8.19 22.47
12.88 -2.06 -17.84 22.29
5.98 -3.59 0.50 22.78
-1.72 -7.34 19.61 21.75
-8.68 -15.01 12.27 22.02
2.72 -6.58 8.20 21.68
4.96 -6.03 6.34 21.52
-2.80 -12.11 11.82 21.18
5.98 -5.96 8.02 21.49
13.28 -5.42 -0.83 21.15
6.62 -9.49 -5.19 21.09
13.19 -5.96 -19.61 22.28
2.92 -8.36 6.89 22.52
5.62 -7.34 2.30 22.12
8.69 -7.07 -5.29 21.99
4.39 -6.76 0.16 22.36
2.78 -8.47 19.61 21.97
4.54 -8.84 12.22 22.35
0.98 -8.74 8.80 22.81
10.75 -6.79 -13.09 22.79
0.88 -9.08 11.43 22.47
3.88 -8.61 5.61 22.42
4.83 -7.93 4.24 22.42
7.24 -7.74 -2.31 22.42
5.89 -8.08 0.45 22.47
5.77 -7.82 2.07 22.52
5.83 -7.97 2.24 22.43
5.50 -7.83 2.10 22.86
5.37 -7.88 1.95 22.43
6.16 -7.83 0.34 22.36
6.14 -7.70 2.40 22.29
5.96 -7.86 2.34 21.92
6.22 -7.66 1.71 21.93
5.97 -7.87 2.20 21.92
5.63 -7.73 3.21 21.93
6.10 -7.59 2.08 21.92
5.88 -7.91 1.79 21.92
5.21 -8.14 2.68 21.92
5.52 -7.96 2.77 21.93
5.83 -7.91 2.27 21.92
5.71 -7.89 2.43 21.92
5.59 -8.02 2.51 21.92
5.79 -7.77 2.17 21.92
5.95 -7.82 2.03 21.92
5.78 -7.90 2.53 21.92
5.78 -7.90 2.53 21.92
5.55 -7.86 2.77 21.93
5.66 -7.98 2.44 21.92
5.67 -7.99 2.28 21.93
5.67 -7.95 2.27 21.90
5.69 -7.92 2.25 21.93
5.70 -7.88 2.18 21.85
5.68 -7.97 2.24 21.87
5.73 -7.85 2.20 21.85
5.73 -7.85 2.32 21.88
5.74 -7.93 2.23 21.85
5.69 -7.87 2.17 21.87
5.76 -7.92 2.26 21.85
5.74 -7.91 2.40 21.87
5.99 -7.83 2.02 21.85
5.87 -7.84 2.21 21.88
5.72 -7.86 2.29 21.85
5.77 -7.88 2.26 21.87
5.80 -7.97 2.29 21.85
5.77 -7.87 2.36 21.88
5.83 -7.87 2.23 21.85
5.62 -7.94 2.12 21.88
5.66 -7.93 2.11 21.85
5.72 -7.95 2.15 22.28
5.69 -7.91 2.22 22.24
5.71 -7.94 2.13 22.28
5.85 -7.85 2.04 22.24
5.72 -7.89 2.21 21.87
5.70 -7.96 2.22 21.88
5.78 -7.88 2.27 21.88
5.71 -7.81 2.23 21.88
5.71 -7.91 2.23 22.19
5.77 -7.87 2.20 21.88
5.77 -7.89 2.19 21.80
5.77 -7.87 2.15 21.88
5.79 -7.81 2.17 21.85
5.88 -7.85 2.18 21.83
5.81 -7.83 2.19 21.80
5.74 -7.85 2.09 21.87
5.77 -7.90 2.27 22.23
5.81 -7.87 2.09 22.23
5.79 -7.87 2.22 21.88
5.75 -7.91 2.20 22.26
5.84 -7.81 2.23 21.88
5.77 -7.83 2.23 22.28
5.73 -7.93 2.17 22.26
5.74 -8.00 2.21 22.28
5.71 -7.90 2.42 22.28
5.67 -7.99 2.30 22.24
5.70 -7.93 2.19 22.28
5.81 -7.96 2.12 22.24
5.72 -7.93 2.16 22.28
5.70 -7.92 2.12 22.24
5.85 -7.85 1.94 22.67
5.77 -7.99 2.09 22.64
5.76 -7.87 2.15 22.71
5.71 -7.87 2.21 22.33
5.75 -7.88 2.31 22.72
5.83 -7.79 2.34 22.72
5.77 -7.87 2.31 22.29
5.74 -7.91 2.31 22.72
5.72 -7.92 2.14 22.69
5.62 -8.00 2.26 22.78
5.68 -7.92 2.06 22.74
5.77 -7.91 2.21 22.76
5.69 -7.95 2.17 22.78
5.75 -7.92 2.29 23.14
5.43 -8.02 2.86 22.72
5.49 -7.93 2.85 22.69
5.70 -7.99 2.49 22.71