6.17 -7.31 2.35 22.29 0.16 45.407365 11.879572 0
6.68 -7.11 2.45 22.24 0.16 45.407365 11.879572 0
7.45 -6.73 2.36 22.24 0.16 45.407365 11.879572 0
7.83 -6.19 1.92 22.26 0.16 45.407365 11.879572 0
7.94 -6.21 2.25 22.23 0.16 45.407365 11.879572 0
7.66 -6.64 2.11 22.57 0.16 45.407365 11.879572 0
7.16 -6.77 2.13 22.14 0.12 45.407371 11.879573 1
7.14 -6.94 1.76 21.75 0.12 45.407371 11.879573 0
7.33 -6.70 2.25 22.19 0.12 45.407371 11.879573 1
7.00 -6.72 2.28 22.04 0.12 45.407371 11.879573 0
6.41 -7.30 2.31 22.00 0.12 45.407371 11.879573 0
5.98 -7.85 2.35 21.92 0.12 45.407371 11.879573 0
6.19 -7.69 2.17 21.83 0.12 45.407371 11.879573 0
6.85 -7.32 1.86 22.00 0.12 45.407371 11.879573 0
6.89 -6.80 1.80 21.90 0.12 45.407371 11.879573 0
7.02 -6.89 2.47 21.88 0.12 45.407371 11.879573 0
6.77 -7.16 2.49 21.85 0.12 45.407371 11.879573 0
6.79 -7.15 2.41 21.85 0.12 45.407371 11.879573 0
6.32 -7.86 1.82 21.85 0.12 45.407371 11.879573 0
6.09 -7.74 2.02 21.97 0.12 45.407371 11.879573 0
6.49 -7.40 2.14 22.60 0.12 45.407371 11.879573 0
5.70 -7.26 2.25 22.26 0.12 45.407371 11.879573 0
5.62 -7.94 1.80 21.68 0.12 45.407371 11.879573 0
6.51 -7.43 1.96 21.63 1.15 45.407373 11.879585 1
6.83 -7.31 1.52 21.78 1.15 45.407373 11.879585 0
5.92 -7.91 1.36 21.78 1.15 45.407373 11.879585 1
5.48 -7.85 1.40 21.88 1.15 45.407373 11.879585 0
5.85 -7.93 1.87 21.37 1.15 45.407373 11.879585 0
6.09 -7.56 2.06 21.33 1.15 45.407373 11.879585 0
5.85 -7.68 1.72 21.57 1.15 45.407373 11.879585 0
5.83 -8.18 1.69 21.28 1.15 45.407373 11.879585 0
6.13 -8.13 1.44 21.85 1.15 45.407373 11.879585 0
6.35 -7.87 1.86 21.75 1.15 45.407373 11.879585 0
6.39 -7.36 1.87 22.00 1.15 45.407373 11.879585 0
6.32 -7.23 1.90 22.54 1.15 45.407373 11.879585 0
6.25 -7.51 1.83 22.26 1.15 45.407373 11.879585 0
6.51 -7.26 1.64 22.79 1.15 45.407373 11.879585 0
6.33 -7.36 1.84 22.76 1.15 45.407373 11.879585 0
6.30 -7.41 2.12 22.16 1.15 45.407373 11.879585 0
6.51 -7.45 1.37 22.24 1.15 45.407373 11.879585 0
6.36 -7.77 1.42 22.07 1.15 45.407373 11.879585 0
6.21 -7.64 1.66 21.37 1.34 45.407373 11.879604 1
6.22 -8.21 1.57 21.78 1.34 45.407373 11.879604 0
5.85 -7.98 1.79 21.88 1.34 45.407373 11.879604 1
5.50 -7.93 2.09 21.47 1.34 45.407373 11.879604 0
5.97 -7.90 1.14 21.95 1.34 45.407373 11.879604 0
6.55 -7.09 0.96 21.93 1.34 45.407373 11.879604 0
6.21 -7.45 1.46 21.37 1.34 45.407373 11.879604 0
5.77 -8.09 1.82 22.05 1.34 45.407373 11.879604 0
5.30 -8.70 1.97 21.69 1.34 45.407373 11.879604 0
5.29 -8.14 1.87 22.19 1.34 45.407373 11.879604 0
5.67 -7.53 1.64 22.09 1.34 45.407373 11.879604 0
6.17 -7.71 1.88 21.83 1.34 45.407373 11.879604 0
6.21 -7.53 1.46 21.11 1.34 45.407373 11.879604 0
5.93 -7.62 1.40 21.20 1.34 45.407373 11.879604 0
5.53 -7.64 1.61 20.92 1.34 45.407373 11.879604 0
5.58 -8.07 1.61 20.32 1.34 45.407373 11.879604 0
5.78 -7.92 1.49 20.46 1.34 45.407373 11.879604 0
5.99 -7.92 1.20 20.25 1.98 45.407370 11.879627 1
5.72 -7.46 1.27 20.44 1.98 45.407370 11.879627 0
5.88 -7.66 1.23 20.27 1.98 45.407370 11.879627 1
6.13 -8.57 1.64 21.52 1.98 45.407370 11.879627 0
5.93 -7.29 1.95 22.19 1.98 45.407370 11.879627 0
5.32 -6.99 1.48 23.22 1.98 45.407370 11.879627 0
5.67 -6.72 1.49 24.39 1.98 45.407370 11.879627 0
6.23 -8.00 1.72 23.67 1.98 45.407370 11.879627 0
5.97 -8.25 2.41 24.25 1.98 45.407370 11.879627 0
6.12 -6.78 1.80 22.50 1.98 45.407370 11.879627 0
6.64 -9.67 1.58 23.22 1.98 45.407370 11.879627 0
4.98 -9.73 1.26 22.50 1.98 45.407370 11.879627 0
5.59 -7.78 1.56 22.91 1.98 45.407370 11.879627 0
5.97 -6.81 1.61 22.67 1.98 45.407370 11.879627 0
6.54 -8.05 2.04 22.16 1.98 45.407370 11.879627 0
5.69 -8.47 2.19 21.49 1.98 45.407370 11.879627 0
6.10 -8.91 2.10 21.69 1.98 45.407370 11.879627 0
6.06 -7.88 1.75 21.69 1.98 45.407370 11.879627 0
6.16 -7.55 1.68 21.71 1.10 45.407369 11.879642 1
6.20 -7.68 1.76 21.73 1.10 45.407369 11.879642 1
6.09 -8.04 1.79 21.64 1.10 45.407369 11.879642 0
6.06 -8.21 1.77 22.14 1.10 45.407369 11.879642 0
5.88 -7.58 1.55 22.14 1.10 45.407369 11.879642 0
6.23 -7.95 1.48 23.07 1.10 45.407369 11.879642 0
6.48 -8.06 2.33 22.29 1.10 45.407369 11.879642 0
5.73 -7.93 1.89 24.10 1.10 45.407369 11.879642 0
5.87 -7.41 1.82 24.03 1.10 45.407369 11.879642 0
5.81 -8.87 1.92 22.96 1.10 45.407369 11.879642 0
5.89 -6.95 1.50 21.95 1.10 45.407369 11.879642 0
5.29 -7.60 1.33 20.17 1.10 45.407369 11.879642 0
6.78 -9.58 1.99 19.77 1.10 45.407369 11.879642 0
5.46 -9.98 1.89 20.46 1.10 45.407369 11.879642 0
5.85 -6.89 1.82 21.13 1.10 45.407369 11.879642 0
5.98 -7.48 1.70 21.64 1.10 45.407369 11.879642 0
5.42 -6.14 1.65 21.73 1.10 45.407369 11.879642 0
6.36 -8.09 1.86 21.57 1.85 45.407368 11.879668 1
6.23 -7.71 2.09 21.52 1.85 45.407368 11.879668 0
5.99 -8.10 1.56 21.95 1.85 45.407368 11.879668 1
5.38 -8.44 2.18 21.64 1.85 45.407368 11.879668 0
5.58 -8.08 2.12 21.52 1.85 45.407368 11.879668 0
5.35 -7.22 2.18 21.52 1.85 45.407368 11.879668 0
5.96 -7.94 1.70 21.08 1.85 45.407368 11.879668 0
6.59 -8.62 1.72 21.64 1.85 45.407368 11.879668 0
5.58 -7.36 1.71 21.71 1.85 45.407368 11.879668 0
5.91 -7.65 1.78 22.52 1.85 45.407368 11.879668 0
3.74 -6.34 1.44 22.29 1.85 45.407368 11.879668 0
6.10 -8.22 1.13 21.80 1.85 45.407368 11.879668 0
7.46 -7.97 1.91 20.68 1.85 45.407368 11.879668 0
5.24 -8.50 2.07 20.80 1.85 45.407368 11.879668 0
5.75 -5.90 -0.45 22.71 1.85 45.407368 11.879668 0
6.50 -5.70 1.07 23.07 1.85 45.407368 11.879668 0
7.62 -9.35 1.86 25.95 1.85 45.407368 11.879668 0
6.21 -6.18 0.32 22.57 1.27 45.407365 11.879687 1
10.39 -6.86 -0.38 21.73 1.27 45.407365 11.879687 0
7.19 -9.85 0.37 21.78 1.27 45.407365 11.879687 1
5.26 -10.55 -1.78 22.52 1.27 45.407365 11.879687 0
8.04 -6.33 0.83 23.24 1.27 45.407365 11.879687 0
6.45 -5.32 2.86 22.43 1.27 45.407365 11.879687 0
3.89 -7.72 1.50 22.54 1.27 45.407365 11.879687 0
5.17 -9.63 0.80 22.29 1.27 45.407365 11.879687 0
4.72 -6.49 1.43 23.00 1.27 45.407365 11.879687 0
6.63 -7.41 1.78 23.79 1.27 45.407365 11.879687 0
7.01 -7.06 0.56 21.92 1.27 45.407365 11.879687 0
5.95 -10.40 0.22 23.07 1.27 45.407365 11.879687 0
5.72 -7.08 1.53 23.07 1.27 45.407365 11.879687 0
5.83 -6.99 0.75 21.56 1.27 45.407365 11.879687 0
7.13 -10.50 1.03 22.28 1.27 45.407365 11.879687 0
5.15 -7.34 2.35 22.23 1.27 45.407365 11.879687 0
5.79 -9.00 2.54 22.19 1.27 45.407365 11.879687 0
5.24 -6.89 1.39 21.33 1.27 45.407365 11.879687 0
5.44 -7.15 0.44 24.15 2.38 45.407358 11.879717 1
5.07 -6.41 1.82 22.93 2.38 45.407358 11.879717 0
4.68 -11.64 5.85 23.08 2.38 45.407358 11.879717 1
6.77 -7.63 1.10 22.96 2.38 45.407358 11.879717 0
4.63 -6.99 1.81 22.60 2.38 45.407358 11.879717 0
5.14 -9.12 0.94 23.46 2.38 45.407358 11.879717 0
4.43 -8.43 1.03 20.31 2.38 45.407358 11.879717 0
10.47 -6.56 0.52 21.20 2.38 45.407358 11.879717 0
8.05 -8.73 3.67 22.81 2.38 45.407358 11.879717 0
4.85 -4.93 1.42 24.90 2.38 45.407358 11.879717 0
4.62 -5.84 0.88 24.61 2.38 45.407358 11.879717 0
5.92 -7.50 2.28 22.35 2.38 45.407358 11.879717 0
5.31 -5.75 1.58 22.09 2.38 45.407358 11.879717 0
8.34 -14.57 0.85 23.07 2.38 45.407358 11.879717 0
5.11 -6.45 0.72 22.04 2.38 45.407358 11.879717 0
4.74 -6.24 2.53 22.11 2.38 45.407358 11.879717 0
6.75 -7.46 -0.34 21.61 2.38 45.407358 11.879717 0
5.59 -8.82 1.83 21.51 2.00 45.407356 11.879743 1
4.29 -8.85 3.46 21.95 2.00 45.407356 11.879743 0
5.35 -5.47 2.96 22.17 2.00 45.407356 11.879743 1
6.11 -7.64 2.27 23.07 2.00 45.407356 11.879743 0
5.89 -7.12 2.05 21.63 2.00 45.407356 11.879743 0
6.99 -9.29 1.83 21.80 2.00 45.407356 11.879743 0
5.27 -8.04 1.75 22.74 2.00 45.407356 11.879743 0
4.36 -4.55 2.26 22.17 2.00 45.407356 11.879743 0
6.06 -7.38 2.41 22.64 2.00 45.407356 11.879743 0
5.02 -11.74 1.52 19.60 2.00 45.407356 11.879743 0
5.98 -7.11 2.22 19.96 2.00 45.407356 11.879743 0
7.11 -9.59 2.72 21.81 2.00 45.407356 11.879743 0
4.81 -8.71 1.40 24.92 2.00 45.407356 11.879743 0
4.47 -6.73 1.44 23.86 2.00 45.407356 11.879743 0
6.98 -5.22 1.92 25.93 2.00 45.407356 11.879743 0
6.06 -5.16 4.09 24.78 2.00 45.407356 11.879743 0
4.47 -10.72 1.29 23.89 2.00 45.407356 11.879743 0
5.83 -9.81 0.69 23.99 2.00 45.407356 11.879743 0
5.32 -9.24 1.60 24.03 1.89 45.407348 11.879766 1
7.56 -5.86 0.78 23.84 1.89 45.407348 11.879766 0
6.58 -8.41 3.24 22.67 1.89 45.407348 11.879766 1
4.46 -10.15 -1.27 24.16 1.89 45.407348 11.879766 0
7.61 -6.56 2.02 50.49 1.89 45.407348 11.879766 0
5.78 -6.14 -0.18 22.47 1.89 45.407348 11.879766 0
6.95 -10.64 -0.93 22.66 1.89 45.407348 11.879766 0
6.37 -6.90 1.92 23.44 1.89 45.407348 11.879766 0
4.10 -6.78 2.45 22.05 1.89 45.407348 11.879766 0
8.68 -9.23 1.86 23.03 1.89 45.407348 11.879766 0
5.38 -7.60 0.83 24.25 1.89 45.407348 11.879766 0
6.42 -10.30 0.29 22.35 1.89 45.407348 11.879766 0
7.88 -7.72 1.31 22.04 1.89 45.407348 11.879766 0
5.72 -7.29 1.85 21.90 1.89 45.407348 11.879766 0
7.16 -7.67 0.95 22.31 1.89 45.407348 11.879766 0
5.32 -9.36 2.00 21.85 1.89 45.407348 11.879766 0
8.58 -8.35 0.93 24.32 1.89 45.407348 11.879766 0
4.87 -7.01 2.47 23.29 2.30 45.407335 11.879795 1
7.87 -9.20 0.02 22.12 2.30 45.407335 11.879795 0
5.57 -5.99 3.87 22.57 2.30 45.407335 11.879795 1
4.78 -7.52 2.97 22.28 2.30 45.407335 11.879795 0
4.23 -7.52 0.84 25.23 2.30 45.407335 11.879795 0
5.44 -9.72 3.19 22.69 2.30 45.407335 11.879795 0
5.94 -8.46 2.17 22.79 2.30 45.407335 11.879795 0
4.82 -5.62 1.73 21.87 2.30 45.407335 11.879795 0
5.16 -7.65 1.25 22.21 2.30 45.407335 11.879795 0
4.65 -8.43 2.29 23.20 2.30 45.407335 11.879795 0
6.42 -5.56 1.58 22.36 2.30 45.407335 11.879795 0
5.67 -8.16 -0.00 24.83 2.30 45.407335 11.879795 0
3.31 -8.24 3.79 22.04 2.30 45.407335 11.879795 0
5.46 -7.63 1.06 22.28 2.30 45.407335 11.879795 0
5.78 -9.09 2.20 23.77 2.30 45.407335 11.879795 0
6.44 -5.97 -1.19 22.16 2.30 45.407335 11.879795 0
4.09 -4.87 2.12 25.43 2.30 45.407335 11.879795 0
6.03 -5.99 1.35 22.93 3.01 45.407319 11.879825 1
5.40 -8.40 2.16 23.00 3.01 45.407319 11.879825 0
5.37 -8.11 0.35 21.03 3.01 45.407319 11.879825 0
6.44 -10.28 1.95 26.09 3.01 45.407319 11.879825 1
3.21 -4.88 2.94 24.63 3.01 45.407319 11.879825 0
6.63 -13.60 -0.93 22.84 3.01 45.407319 11.879825 0
5.59 -5.03 4.02 21.49 3.01 45.407319 11.879825 0
4.27 -6.09 3.48 21.95 3.01 45.407319 11.879825 0
3.79 -10.87 11.09 21.97 3.01 45.407319 11.879825 0
2.81 -7.03 3.10 21.81 3.01 45.407319 11.879825 0
