6.56 -7.36 2.15 21.47 0.04 45.407401 11.879581 0
6.86 -7.17 2.31 21.99 0.04 45.407401 11.879581 0
6.82 -7.00 2.56 22.00 0.04 45.407401 11.879581 0
6.75 -7.01 2.59 22.11 0.04 45.407401 11.879581 0
6.90 -7.04 2.05 22.05 0.04 45.407401 11.879581 0
6.83 -7.07 1.95 21.95 0.04 45.407401 11.879581 0
6.55 -7.13 2.18 21.85 0.04 45.407401 11.879581 0
6.66 -7.39 2.19 21.76 0.04 45.407401 11.879581 0
6.54 -7.20 2.08 21.76 0.04 45.407401 11.879581 0
6.36 -7.50 1.80 21.33 0.04 45.407401 11.879581 0
6.09 -7.94 2.04 21.69 0.04 45.407401 11.879581 0
5.94 -8.04 1.75 21.80 0.04 45.407401 11.879581 0
6.32 -7.37 1.80 21.49 0.04 45.407401 11.879581 0
6.49 -7.35 2.03 21.57 0.67 45.407403 11.879588 1
6.85 -7.11 1.85 21.68 0.67 45.407403 11.879588 0
7.01 -7.07 1.79 22.24 0.67 45.407403 11.879588 1
7.03 -6.96 1.92 21.93 0.67 45.407403 11.879588 0
6.92 -6.86 2.47 22.42 0.67 45.407403 11.879588 0
6.78 -7.01 2.52 22.04 0.67 45.407403 11.879588 0
6.91 -7.17 2.66 22.52 0.67 45.407403 11.879588 0
6.33 -7.11 2.47 22.66 0.67 45.407403 11.879588 0
6.62 -7.45 1.73 22.52 0.67 45.407403 11.879588 0
6.65 -7.34 1.89 22.40 0.67 45.407403 11.879588 0
6.87 -7.18 2.38 22.26 0.67 45.407403 11.879588 0
6.61 -7.41 1.90 21.69 0.67 45.407403 11.879588 0
6.29 -7.33 2.11 21.95 0.67 45.407403 11.879588 0
6.73 -7.39 1.92 21.69 0.67 45.407403 11.879588 0
6.37 -7.98 1.92 21.69 0.67 45.407403 11.879588 0
5.65 -8.25 1.24 21.85 0.67 45.407403 11.879588 0
5.32 -7.88 1.91 21.92 0.67 45.407403 11.879588 0
5.99 -7.99 2.62 21.40 0.67 45.407403 11.879588 0
6.44 -7.47 1.81 21.78 1.11 45.407402 11.879599 1
6.16 -7.51 1.02 21.45 1.11 45.407402 11.879599 0
6.10 -7.85 1.23 21.39 1.11 45.407402 11.879599 1
5.54 -7.88 1.86 21.83 1.11 45.407402 11.879599 0
5.66 -7.89 1.63 22.09 1.11 45.407402 11.879599 0
5.68 -7.93 1.73 22.45 1.11 45.407402 11.879599 0
5.61 -7.33 2.48 21.90 1.11 45.407402 11.879599 0
5.96 -7.68 2.62 21.85 1.11 45.407402 11.879599 0
5.91 -7.54 2.60 21.18 1.11 45.407402 11.879599 0
6.19 -7.66 1.63 21.28 1.11 45.407402 11.879599 0
5.94 -7.55 1.95 20.63 1.11 45.407402 11.879599 0
5.86 -7.80 1.72 20.37 1.11 45.407402 11.879599 0
5.61 -7.97 1.86 20.32 1.11 45.407402 11.879599 0
6.04 -7.93 1.28 20.55 1.11 45.407402 11.879599 0
6.17 -7.58 1.32 20.55 1.11 45.407402 11.879599 0
5.66 -7.29 1.50 20.60 1.11 45.407402 11.879599 0
5.93 -7.91 1.00 20.65 1.11 45.407402 11.879599 0
6.26 -8.62 1.44 21.39 1.26 45.407403 11.879613 1
6.02 -7.44 1.19 22.31 1.26 45.407403 11.879613 0
6.02 -6.82 0.97 23.07 1.26 45.407403 11.879613 1
5.84 -6.86 0.64 23.67 1.26 45.407403 11.879613 0
6.33 -7.89 1.03 23.43 1.26 45.407403 11.879613 0
6.16 -8.02 1.70 23.36 1.26 45.407403 11.879613 0
6.08 -7.52 2.11 22.91 1.26 45.407403 11.879613 0
6.81 -7.91 1.66 23.63 1.26 45.407403 11.879613 0
5.63 -10.11 1.45 22.67 1.26 45.407403 11.879613 0
6.10 -8.73 2.32 22.26 1.26 45.407403 11.879613 0
6.23 -7.11 2.01 22.60 1.26 45.407403 11.879613 0
6.21 -7.39 2.41 22.31 1.26 45.407403 11.879613 0
5.55 -8.35 1.67 22.11 1.26 45.407403 11.879613 0
6.24 -8.37 2.04 21.54 1.26 45.407403 11.879613 0
6.09 -7.76 2.48 21.49 1.26 45.407403 11.879613 0
5.94 -7.54 2.25 21.81 1.26 45.407403 11.879613 0
6.13 -8.29 2.10 21.81 1.26 45.407403 11.879613 0
6.16 -8.09 2.37 21.49 1.26 45.407403 11.879613 0
5.81 -7.87 2.08 21.66 1.58 45.407398 11.879634 1
5.66 -8.26 2.14 22.29 1.58 45.407398 11.879634 0
5.98 -8.09 2.20 22.55 1.58 45.407398 11.879634 1
6.42 -8.27 2.30 23.50 1.58 45.407398 11.879634 0
6.43 -7.54 2.29 22.60 1.58 45.407398 11.879634 0
5.86 -7.89 1.97 22.96 1.58 45.407398 11.879634 0
5.25 -7.93 1.35 23.56 1.58 45.407398 11.879634 0
5.81 -8.30 1.50 22.42 1.58 45.407398 11.879634 0
6.07 -7.47 1.33 21.33 1.58 45.407398 11.879634 0
7.02 -7.07 1.83 20.43 1.58 45.407398 11.879634 0
6.13 -9.70 2.65 19.96 1.58 45.407398 11.879634 0
5.14 -10.05 1.66 20.94 1.58 45.407398 11.879634 0
5.81 -7.14 1.23 21.64 1.58 45.407398 11.879634 0
5.90 -6.76 1.46 21.97 1.58 45.407398 11.879634 0
6.02 -5.85 1.33 22.07 1.58 45.407398 11.879634 0
6.45 -7.58 1.87 21.85 1.58 45.407398 11.879634 0
6.15 -8.01 2.05 22.09 1.58 45.407398 11.879634 0
5.73 -8.16 1.83 21.88 2.06 45.407392 11.879659 1
5.56 -7.92 1.48 22.00 2.06 45.407392 11.879659 0
5.48 -7.48 1.84 21.88 2.06 45.407392 11.879659 1
5.92 -7.88 1.47 21.99 2.06 45.407392 11.879659 0
5.72 -7.82 1.81 21.40 2.06 45.407392 11.879659 0
5.65 -8.34 2.21 21.33 2.06 45.407392 11.879659 0
6.09 -7.93 1.63 21.64 2.06 45.407392 11.879659 0
5.93 -7.33 2.09 22.12 2.06 45.407392 11.879659 0
5.33 -7.88 1.50 22.05 2.06 45.407392 11.879659 0
5.69 -7.01 1.87 22.55 2.06 45.407392 11.879659 0
5.51 -6.68 1.84 21.52 2.06 45.407392 11.879659 0
5.97 -7.63 1.18 21.01 2.06 45.407392 11.879659 0
6.49 -7.77 2.31 22.78 2.06 45.407392 11.879659 0
4.91 -9.90 0.84 24.03 2.06 45.407392 11.879659 0
5.07 -6.30 3.12 21.08 2.06 45.407392 11.879659 0
4.86 -7.08 3.14 24.59 2.06 45.407392 11.879659 0
6.55 -6.64 2.06 26.36 2.06 45.407392 11.879659 0
2.99 -6.49 2.77 24.40 2.06 45.407392 11.879659 0
5.46 -7.01 2.91 22.16 2.18 45.407382 11.879690 1
5.78 -10.58 0.63 23.67 2.18 45.407382 11.879690 0
8.85 -8.85 2.12 21.85 2.18 45.407382 11.879690 1
3.76 -7.86 1.33 22.57 2.18 45.407382 11.879690 0
4.20 -8.28 3.18 23.20 2.18 45.407382 11.879690 0
5.10 -6.50 1.39 26.31 2.18 45.407382 11.879690 0
6.21 -5.40 1.99 22.50 2.18 45.407382 11.879690 0
7.24 -9.25 0.86 22.60 2.18 45.407382 11.879690 0
7.32 -11.34 2.35 22.57 2.18 45.407382 11.879690 0
6.96 -7.55 3.22 21.45 2.18 45.407382 11.879690 0
7.52 -7.54 0.23 21.90 2.18 45.407382 11.879690 0
5.40 -7.20 1.93 21.16 2.18 45.407382 11.879690 0
6.17 -8.37 1.63 22.17 2.18 45.407382 11.879690 0
5.58 -8.16 1.35 21.87 2.18 45.407382 11.879690 0
5.39 -9.20 1.08 22.31 2.18 45.407382 11.879690 0
5.79 -6.51 1.20 22.36 2.18 45.407382 11.879690 0
6.45 -8.66 2.19 22.71 2.18 45.407382 11.879690 0
6.82 -9.31 1.14 22.88 2.55 45.407368 11.879719 1
5.29 -7.09 1.63 22.86 2.55 45.407368 11.879719 0
5.80 -7.56 1.10 22.29 2.55 45.407368 11.879719 1
7.32 -9.38 1.92 22.72 2.55 45.407368 11.879719 0
1.88 -6.21 0.93 20.61 2.55 45.407368 11.879719 0
8.95 -13.53 2.16 20.39 2.55 45.407368 11.879719 0
7.63 -5.38 2.24 23.74 2.55 45.407368 11.879719 0
7.30 -6.77 1.26 22.83 2.55 45.407368 11.879719 0
5.75 -7.58 1.32 25.38 2.55 45.407368 11.879719 0
6.41 -6.96 1.49 23.15 2.55 45.407368 11.879719 0
6.65 -7.97 1.92 22.74 2.55 45.407368 11.879719 0
10.19 -10.22 2.79 21.97 2.55 45.407368 11.879719 0
7.39 -7.68 1.13 22.05 2.55 45.407368 11.879719 0
6.27 -8.34 1.18 26.31 2.55 45.407368 11.879719 0
6.10 -7.12 2.38 22.02 2.55 45.407368 11.879719 0
6.51 -8.84 1.02 21.85 2.55 45.407368 11.879719 0
7.25 -5.40 1.48 22.40 2.55 45.407368 11.879719 0
5.89 -8.15 0.66 22.04 2.76 45.407353 11.879749 1
6.43 -8.51 1.30 21.90 2.76 45.407353 11.879749 0
6.09 -6.86 2.18 22.84 2.76 45.407353 11.879749 0
6.59 -7.53 2.25 21.64 2.76 45.407353 11.879749 1
7.37 -8.56 2.88 22.24 2.76 45.407353 11.879749 0
4.35 -7.88 1.09 22.50 2.76 45.407353 11.879749 0
4.51 -5.79 1.44 22.45 2.76 45.407353 11.879749 0
6.94 -9.33 1.77 21.06 2.76 45.407353 11.879749 0
5.97 -7.49 1.62 20.87 2.76 45.407353 11.879749 0
6.35 -8.76 2.10 20.92 2.76 45.407353 11.879749 0
4.13 -10.00 1.41 23.98 2.76 45.407353 11.879749 0
4.02 -5.03 2.01 22.72 2.76 45.407353 11.879749 0
5.88 -4.14 2.79 23.67 2.76 45.407353 11.879749 0
7.80 -10.00 1.62 25.71 2.76 45.407353 11.879749 0
5.72 -7.88 2.78 22.59 2.76 45.407353 11.879749 0
7.24 -8.59 2.07 24.18 2.76 45.407353 11.879749 0
5.37 -9.37 3.58 24.58 2.76 45.407353 11.879749 0
3.21 -4.16 2.41 23.50 2.76 45.407353 11.879749 0
5.73 -8.42 1.15 22.62 2.64 45.407338 11.879782 1
6.57 -12.87 2.47 22.19 2.64 45.407338 11.879782 0
4.33 -10.69 1.47 21.28 2.64 45.407338 11.879782 1
5.11 -6.17 1.54 21.80 2.64 45.407338 11.879782 0
7.15 -10.43 1.67 22.98 2.64 45.407338 11.879782 0
6.13 -6.42 0.16 21.81 2.64 45.407338 11.879782 0
6.13 -6.80 -0.19 22.45 2.64 45.407338 11.879782 0
7.32 -7.74 1.87 22.45 2.64 45.407338 11.879782 0
6.17 -9.36 0.51 24.47 2.64 45.407338 11.879782 0
7.65 -5.38 0.22 23.70 2.64 45.407338 11.879782 0
6.65 -6.25 1.07 22.16 2.64 45.407338 11.879782 0
6.71 -9.69 -3.32 21.59 2.64 45.407338 11.879782 0
6.43 -7.09 1.65 23.00 2.64 45.407338 11.879782 0
6.56 -8.24 2.84 22.35 2.64 45.407338 11.879782 0
5.89 -7.59 2.29 22.69 2.64 45.407338 11.879782 0
6.82 -9.52 1.70 30.56 2.64 45.407338 11.879782 0
6.71 -4.88 1.53 23.36 2.64 45.407338 11.879782 0
5.67 -5.21 2.25 24.06 1.60 45.407331 11.879800 1
3.77 -10.14 2.98 27.59 1.60 45.407331 11.879800 0
5.77 -7.65 0.55 22.62 1.60 45.407331 11.879800 1
5.21 -8.07 2.35 21.57 1.60 45.407331 11.879800 0
6.97 -7.59 -0.94 22.47 1.60 45.407331 11.879800 0
5.35 -8.32 2.21 22.90 1.60 45.407331 11.879800 0
7.83 -8.95 2.01 26.58 1.60 45.407331 11.879800 0
9.93 -8.55 3.14 23.08 1.60 45.407331 11.879800 0
3.84 -9.84 2.74 22.09 1.60 45.407331 11.879800 0
5.13 -4.32 1.10 21.54 1.60 45.407331 11.879800 0
4.01 -6.80 1.55 29.31 1.60 45.407331 11.879800 0
6.77 -7.12 0.42 22.91 1.60 45.407331 11.879800 0
4.95 -7.91 2.65 22.91 1.60 45.407331 11.879800 0
5.94 -7.16 2.83 22.45 1.60 45.407331 11.879800 0
6.83 -7.45 1.78 22.00 1.60 45.407331 11.879800 0
5.28 -7.51 1.72 22.19 1.60 45.407331 11.879800 0
6.33 -9.53 6.81 22.57 1.60 45.407331 11.879800 0
2.90 -8.69 3.00 21.54 1.60 45.407331 11.879800 0
5.36 -6.48 1.81 21.59 2.44 45.407323 11.879829 1
