7.39 -6.54 2.51 22.23 0.45 45.407327 11.879576 0
7.31 -6.65 2.32 21.75 0.45 45.407327 11.879576 0
7.37 -6.85 2.11 22.09 0.45 45.407327 11.879576 0
7.11 -6.98 1.90 22.48 0.45 45.407327 11.879576 0
6.42 -7.16 2.28 21.97 0.45 45.407327 11.879576 0
6.57 -7.58 2.05 21.97 0.45 45.407327 11.879576 0
6.56 -7.39 2.02 21.52 0.45 45.407327 11.879576 0
6.96 -7.03 1.70 21.93 0.43 45.407326 11.879577 1
7.37 -6.71 2.30 21.51 0.43 45.407326 11.879577 0
7.19 -6.48 1.94 21.66 0.43 45.407326 11.879577 1
7.31 -6.81 1.81 22.12 0.43 45.407326 11.879577 0
7.09 -7.13 2.28 22.12 0.43 45.407326 11.879577 0
6.39 -7.72 1.78 21.47 0.43 45.407326 11.879577 0
6.00 -7.89 1.79 21.76 0.43 45.407326 11.879577 0
6.77 -7.33 2.08 21.42 0.43 45.407326 11.879577 0
6.28 -7.23 2.28 21.69 0.43 45.407326 11.879577 0
6.13 -7.95 1.66 21.73 0.43 45.407326 11.879577 0
5.77 -8.11 1.81 21.81 0.43 45.407326 11.879577 0
6.05 -8.31 2.26 22.09 0.43 45.407326 11.879577 0
6.00 -7.32 1.69 21.87 0.43 45.407326 11.879577 0
6.07 -7.17 1.91 22.43 0.43 45.407326 11.879577 0
6.13 -7.43 2.08 22.55 0.43 45.407326 11.879577 0
5.90 -7.82 2.29 22.64 0.43 45.407326 11.879577 0
6.13 -7.87 1.45 22.64 0.43 45.407326 11.879577 0
6.22 -7.52 1.95 22.59 0.43 45.407326 11.879577 0
6.28 -7.50 2.58 21.88 0.86 45.407325 11.879582 1
5.71 -7.96 1.48 22.12 0.86 45.407325 11.879582 0
6.40 -7.92 1.21 21.51 0.86 45.407325 11.879582 1
6.88 -7.58 1.65 21.40 0.86 45.407325 11.879582 0
6.63 -7.29 1.70 21.76 0.86 45.407325 11.879582 0
6.36 -7.48 1.63 21.39 0.86 45.407325 11.879582 0
6.10 -7.76 1.56 21.93 0.86 45.407325 11.879582 0
5.91 -7.80 1.84 22.05 0.86 45.407325 11.879582 0
5.95 -7.69 2.15 21.59 0.86 45.407325 11.879582 0
6.20 -7.32 2.14 22.02 0.86 45.407325 11.879582 0
6.32 -7.52 1.57 21.63 0.86 45.407325 11.879582 0
6.10 -7.74 1.92 21.68 0.86 45.407325 11.879582 0
5.98 -7.88 1.95 22.14 0.86 45.407325 11.879582 0
5.56 -7.83 2.21 22.19 0.86 45.407325 11.879582 0
5.32 -7.82 1.78 22.02 0.86 45.407325 11.879582 0
5.98 -7.53 1.62 21.23 0.86 45.407325 11.879582 0
6.16 -7.62 1.05 21.23 0.86 45.407325 11.879582 0
5.67 -7.66 1.20 20.91 1.11 45.407336 11.879597 1
5.30 -7.98 2.04 20.17 1.11 45.407336 11.879597 0
5.54 -8.41 1.34 20.51 1.11 45.407336 11.879597 1
5.57 -7.92 1.57 20.39 1.11 45.407336 11.879597 0
6.05 -7.71 1.48 19.98 1.11 45.407336 11.879597 0
5.52 -7.43 1.58 20.51 1.11 45.407336 11.879597 0
5.83 -7.98 1.33 20.72 1.11 45.407336 11.879597 0
6.18 -8.66 1.46 21.13 1.11 45.407336 11.879597 0
6.29 -7.19 1.26 22.48 1.11 45.407336 11.879597 0
6.04 -6.84 1.11 23.20 1.11 45.407336 11.879597 0
5.48 -6.62 1.10 24.32 1.11 45.407336 11.879597 0
6.48 -7.72 1.39 23.92 1.11 45.407336 11.879597 0
6.42 -7.82 1.87 23.41 1.11 45.407336 11.879597 0
6.20 -7.27 2.08 23.50 1.11 45.407336 11.879597 0
7.35 -8.35 1.64 23.15 1.11 45.407336 11.879597 0
5.22 -9.73 2.50 22.66 1.11 45.407336 11.879597 0
5.44 -8.96 1.78 22.50 1.11 45.407336 11.879597 0
6.26 -7.08 2.23 22.42 1.11 45.407336 11.879597 0
6.43 -7.77 2.50 21.76 2.10 45.407336 11.879622 1
5.52 -8.48 1.74 21.45 2.10 45.407336 11.879622 0
5.55 -8.49 1.76 21.39 2.10 45.407336 11.879622 1
5.98 -8.01 1.76 21.42 2.10 45.407336 11.879622 0
6.09 -7.95 1.71 21.71 2.10 45.407336 11.879622 0
5.80 -8.05 1.85 21.47 2.10 45.407336 11.879622 0
5.70 -7.90 1.81 21.93 2.10 45.407336 11.879622 0
6.04 -7.89 1.97 22.17 2.10 45.407336 11.879622 0
6.09 -7.68 1.64 22.35 2.10 45.407336 11.879622 0
6.43 -8.17 1.69 22.45 2.10 45.407336 11.879622 0
6.59 -8.03 2.05 23.07 2.10 45.407336 11.879622 0
6.71 -7.57 2.17 23.05 2.10 45.407336 11.879622 0
5.60 -7.88 1.97 23.15 2.10 45.407336 11.879622 0
4.74 -7.69 1.50 40.41 2.10 45.407336 11.879622 0
6.00 -8.31 1.43 22.62 2.10 45.407336 11.879622 0
5.81 -8.27 1.93 21.42 2.10 45.407336 11.879622 0
5.98 -7.76 2.28 19.79 2.10 45.407336 11.879622 0
6.79 -9.61 1.51 19.40 1.65 45.407326 11.879632 1
5.40 -9.59 1.94 20.75 1.65 45.407326 11.879632 0
6.24 -7.31 1.73 21.71 1.65 45.407326 11.879632 1
5.57 -7.05 2.18 21.81 1.65 45.407326 11.879632 0
5.75 -6.28 1.98 21.88 1.65 45.407326 11.879632 0
5.98 -7.38 1.84 21.76 1.65 45.407326 11.879632 0
6.09 -8.32 1.28 22.14 1.65 45.407326 11.879632 0
6.41 -7.66 1.14 21.93 1.65 45.407326 11.879632 0
6.10 -7.67 2.03 21.99 1.65 45.407326 11.879632 0
5.41 -7.05 1.84 21.32 1.65 45.407326 11.879632 0
6.46 -8.53 1.85 22.40 1.65 45.407326 11.879632 0
5.97 -7.06 1.92 21.90 1.65 45.407326 11.879632 0
6.53 -8.12 1.64 21.78 1.65 45.407326 11.879632 0
5.77 -7.75 2.12 21.87 1.65 45.407326 11.879632 0
6.63 -7.12 2.02 21.57 1.65 45.407326 11.879632 0
5.15 -8.02 1.41 21.87 1.65 45.407326 11.879632 0
5.47 -9.80 2.17 20.61 1.65 45.407326 11.879632 0
8.03 -9.95 1.72 20.97 1.58 45.407329 11.879661 1
5.85 -6.84 2.23 21.30 1.58 45.407329 11.879661 0
3.90 -6.68 2.08 23.10 1.58 45.407329 11.879661 1
6.98 -8.28 2.65 23.10 1.58 45.407329 11.879661 0
4.98 -7.07 0.05 23.91 1.58 45.407329 11.879661 0
7.69 -5.47 2.24 23.24 1.58 45.407329 11.879661 0
8.22 -8.98 0.94 22.59 1.58 45.407329 11.879661 0
5.73 -10.58 1.76 24.27 1.58 45.407329 11.879661 0
6.49 -9.37 0.16 24.22 1.58 45.407329 11.879661 0
5.89 -6.85 1.21 24.85 1.58 45.407329 11.879661 0
6.50 -5.08 2.48 23.20 1.58 45.407329 11.879661 0
4.93 -9.44 -0.62 22.04 1.58 45.407329 11.879661 0
6.62 -10.67 0.74 22.35 1.58 45.407329 11.879661 0
5.17 -6.88 3.56 22.38 1.58 45.407329 11.879661 0
6.53 -5.80 0.82 23.26 1.58 45.407329 11.879661 0
6.55 -8.25 2.93 27.77 1.58 45.407329 11.879661 0
5.47 -10.08 1.83 26.45 1.58 45.407329 11.879661 0
5.11 -6.96 2.01 21.45 1.58 45.407329 11.879661 0
6.25 -8.41 1.86 21.42 1.81 45.407331 11.879691 1
5.83 -7.55 1.61 22.09 1.81 45.407331 11.879691 0
4.76 -9.39 2.86 22.43 1.81 45.407331 11.879691 1
5.71 -6.37 1.03 311.94 1.81 45.407331 11.879691 0
4.40 -6.18 1.35 22.05 1.81 45.407331 11.879691 0
5.38 -7.52 0.35 22.95 1.81 45.407331 11.879691 0
6.37 -8.02 0.87 23.15 1.81 45.407331 11.879691 0
2.05 -8.27 3.12 22.09 1.81 45.407331 11.879691 0
6.81 -10.95 2.98 20.51 1.81 45.407331 11.879691 0
7.21 -5.84 4.06 22.17 1.81 45.407331 11.879691 0
6.81 -10.15 1.49 24.27 1.81 45.407331 11.879691 0
4.19 -4.81 1.67 24.20 1.81 45.407331 11.879691 0
7.78 -6.35 1.62 23.58 1.81 45.407331 11.879691 0
4.36 -8.51 1.56 22.69 1.81 45.407331 11.879691 0
6.06 -3.51 1.84 21.92 3.23 45.407345 11.879733 1
5.54 -11.46 3.47 21.03 3.23 45.407345 11.879733 0
4.87 -6.48 2.25 22.52 3.23 45.407345 11.879733 1
4.82 -6.76 2.02 30.29 3.23 45.407345 11.879733 0
8.04 -9.43 0.07 21.97 3.23 45.407345 11.879733 0
6.26 -4.22 0.96 21.80 3.23 45.407345 11.879733 0
5.03 -8.14 3.50 21.83 3.23 45.407345 11.879733 0
4.50 -6.82 0.67 21.73 3.23 45.407345 11.879733 0
5.58 -8.01 1.98 21.97 3.23 45.407345 11.879733 0
6.15 -7.35 1.68 23.77 3.23 45.407345 11.879733 0
5.95 -8.72 2.24 21.33 3.23 45.407345 11.879733 0
5.39 -8.77 1.47 21.92 3.23 45.407345 11.879733 0
5.74 -7.83 1.01 22.23 3.23 45.407345 11.879733 0
5.62 -5.64 1.43 22.07 3.23 45.407345 11.879733 0
3.70 -7.00 2.01 21.37 3.23 45.407345 11.879733 0
5.60 -7.75 1.83 21.73 3.23 45.407345 11.879733 0
6.65 -9.18 1.84 24.47 3.23 45.407345 11.879733 0
7.06 -9.58 2.06 29.34 3.04 45.407342 11.879776 1
4.61 -6.04 1.37 23.08 3.04 45.407342 11.879776 0
6.69 -8.17 1.94 23.58 3.04 45.407342 11.879776 1
5.06 -5.48 1.95 23.44 3.04 45.407342 11.879776 0
13.63 -12.72 5.14 23.03 3.04 45.407342 11.879776 0
5.17 -5.07 1.73 23.89 3.04 45.407342 11.879776 0
5.86 -11.36 0.60 36.07 3.04 45.407342 11.879776 0
6.51 -4.06 0.92 27.44 3.04 45.407342 11.879776 0
7.49 -10.77 3.43 23.79 3.04 45.407342 11.879776 0
4.72 -5.72 1.58 22.29 3.04 45.407342 11.879776 0
5.03 -12.92 2.41 21.78 3.04 45.407342 11.879776 0
6.66 -6.39 0.73 21.92 3.04 45.407342 11.879776 0
5.20 -5.82 1.39 22.62 3.04 45.407342 11.879776 0
6.57 -12.18 1.83 22.40 3.04 45.407342 11.879776 0
6.14 -6.33 1.03 24.54 3.04 45.407342 11.879776 0
5.30 -6.04 1.61 22.12 3.04 45.407342 11.879776 0
6.73 -7.96 4.19 23.43 3.04 45.407342 11.879776 0
4.26 -7.31 1.96 22.48 2.72 45.407336 11.879809 1
2.10 -10.78 2.89 22.29 2.72 45.407336 11.879809 0
7.35 -6.63 3.52 22.12 2.72 45.407336 11.879809 0
4.39 -9.62 0.54 23.02 2.72 45.407336 11.879809 1
5.31 -8.26 2.72 22.93 2.72 45.407336 11.879809 0
5.04 -10.24 1.14 21.42 2.72 45.407336 11.879809 0
4.80 -6.94 5.27 21.92 2.72 45.407336 11.879809 0
4.82 -5.34 1.19 22.59 2.72 45.407336 11.879809 0
5.91 -7.47 1.16 22.28 2.72 45.407336 11.879809 0
6.47 -5.84 2.32 23.70 2.72 45.407336 11.879809 0
6.41 -8.03 1.21 23.41 2.72 45.407336 11.879809 0
5.58 -8.73 1.27 22.29 2.72 45.407336 11.879809 0
7.10 -8.14 3.17 21.97 2.72 45.407336 11.879809 0
5.18 -8.18 1.40 21.57 2.72 45.407336 11.879809 0
6.29 -7.03 0.73 22.17 2.72 45.407336 11.879809 0
8.98 -10.37 -0.25 23.82 2.72 45.407336 11.879809 0
4.53 -9.46 1.21 22.74 2.72 45.407336 11.879809 0
5.37 -3.63 1.55 25.42 2.72 45.407336 11.879809 0
5.78 -6.64 2.33 23.41 1.85 45.407325 11.879834 1
6.75 -7.70 0.38 21.99 1.85 45.407325 11.879834 0
5.04 -7.38 1.78 21.59 1.85 45.407325 11.879834 1
3.90 -9.59 0.57 21.54 1.85 45.407325 11.879834 0
7.15 -8.44 0.55 22.29 1.85 45.407325 11.879834 0
6.74 -8.42 1.59 31.49 1.85 45.407325 11.879834 0
6.49 -7.68 1.54 21.97 1.85 45.407325 11.879834 0
6.39 -4.77 1.19 22.12 1.85 45.407325 11.879834 0
7.23 -10.06 3.48 22.19 1.85 45.407325 11.879834 0
4.93 -9.51 1.60 23.55 1.85 45.407325 11.879834 0
5.54 -6.74 -0.17 21.71 1.85 45.407325 11.879834 0
6.10 -9.87 2.40 23.39 1.85 45.407325 11.879834 0
5.06 -7.30 -0.39 23.32 1.85 45.407325 11.879834 0
5.19 -7.80 1.86 22.91 1.85 45.407325 11.879834 0
6.86 -8.70 2.04 22.90 1.85 45.407325 11.879834 0
4.52 -4.99 0.46 21.99 1.85 45.407325 11.879834 0
6.74 -10.95 3.60 22.26 1.85 45.407325 11.879834 0
6.38 -5.73 1.70 22.91 2.00 45.407318 11.879855 1
