6.03 -6.99 2.16 21.75 1.13 45.407414 11.879584 0
6.75 -7.55 2.21 21.30 1.13 45.407414 11.879584 0
6.37 -8.29 2.13 21.59 1.13 45.407414 11.879584 0
5.72 -7.96 1.48 22.00 1.13 45.407414 11.879584 0
6.03 -7.25 1.38 22.67 1.13 45.407414 11.879584 0
6.10 -6.96 2.17 22.38 1.13 45.407414 11.879584 0
6.60 -7.42 1.19 22.38 1.13 45.407414 11.879584 0
6.23 -7.30 1.05 21.95 1.13 45.407414 11.879584 0
6.97 -7.64 1.62 22.00 3.18 45.407395 11.879608 1
7.04 -7.62 1.04 21.44 3.18 45.407395 11.879608 0
6.70 -7.68 1.07 21.71 3.18 45.407395 11.879608 1
6.15 -7.51 1.53 21.78 3.18 45.407395 11.879608 0
5.67 -8.22 1.61 21.51 3.18 45.407395 11.879608 0
5.28 -8.41 1.44 21.59 3.18 45.407395 11.879608 0
5.56 -7.61 1.86 22.05 3.18 45.407395 11.879608 0
5.96 -7.69 2.05 22.16 3.18 45.407395 11.879608 0
5.36 -8.02 2.16 22.21 3.18 45.407395 11.879608 0
5.32 -7.80 2.64 22.19 3.18 45.407395 11.879608 0
6.12 -7.59 2.03 21.90 3.18 45.407395 11.879608 0
6.14 -7.22 1.80 21.45 3.18 45.407395 11.879608 0
6.11 -7.56 1.42 20.63 3.18 45.407395 11.879608 0
5.73 -8.09 1.02 20.27 3.18 45.407395 11.879608 0
5.59 -8.08 1.34 20.53 3.18 45.407395 11.879608 0
5.70 -7.77 1.63 20.03 3.18 45.407395 11.879608 0
5.88 -6.66 1.31 20.13 3.18 45.407395 11.879608 0
6.89 -8.35 1.99 21.28 1.70 45.407392 11.879630 1
5.83 -7.38 1.46 22.66 1.70 45.407392 11.879630 0
5.86 -5.91 1.04 23.03 1.70 45.407392 11.879630 0
5.05 -7.23 2.00 23.62 1.70 45.407392 11.879630 1
6.46 -8.75 2.05 25.52 1.70 45.407392 11.879630 0
6.09 -6.50 1.81 22.55 1.70 45.407392 11.879630 0
6.55 -10.77 2.78 22.11 1.70 45.407392 11.879630 0
5.50 -9.24 1.45 22.66 1.70 45.407392 11.879630 0
5.54 -7.34 1.81 22.57 1.70 45.407392 11.879630 0
6.71 -7.38 2.23 22.36 1.70 45.407392 11.879630 0
6.08 -8.15 2.63 21.85 1.70 45.407392 11.879630 0
6.38 -9.38 2.07 21.25 1.70 45.407392 11.879630 0
5.83 -8.75 2.17 21.69 1.70 45.407392 11.879630 0
6.00 -7.83 1.95 21.87 1.70 45.407392 11.879630 0
6.03 -7.66 2.00 21.61 1.70 45.407392 11.879630 0
6.46 -8.32 2.25 21.90 1.70 45.407392 11.879630 0
5.71 -7.93 2.20 23.67 1.70 45.407392 11.879630 0
6.44 -8.78 1.95 21.73 1.70 45.407392 11.879630 0
5.33 -7.64 2.38 23.05 1.88 45.407392 11.879656 1
6.00 -8.65 1.55 23.43 1.88 45.407392 11.879656 0
4.67 -8.04 2.25 23.20 1.88 45.407392 11.879656 1
5.70 -6.35 1.55 21.23 1.88 45.407392 11.879656 0
7.66 -8.47 1.60 20.68 1.88 45.407392 11.879656 0
5.52 -11.32 2.26 19.95 1.88 45.407392 11.879656 0
5.89 -9.02 1.70 21.25 1.88 45.407392 11.879656 0
5.98 -6.14 2.02 22.16 1.88 45.407392 11.879656 0
6.19 -4.84 2.27 22.17 1.88 45.407392 11.879656 0
6.19 -6.87 1.58 22.12 1.88 45.407392 11.879656 0
5.92 -7.36 1.84 22.05 1.88 45.407392 11.879656 0
5.60 -8.90 1.69 22.07 1.88 45.407392 11.879656 0
5.54 -7.83 1.91 21.56 1.88 45.407392 11.879656 0
5.77 -7.37 1.18 21.81 1.88 45.407392 11.879656 0
6.12 -7.66 1.34 21.59 1.88 45.407392 11.879656 0
5.72 -8.57 1.70 21.27 1.88 45.407392 11.879656 0
5.93 -8.14 1.64 21.87 1.88 45.407392 11.879656 0
5.57 -7.34 1.73 22.11 2.24 45.407381 11.879681 1
6.03 -7.68 1.47 22.07 2.24 45.407381 11.879681 0
6.38 -7.41 1.08 22.11 2.24 45.407381 11.879681 1
5.32 -6.55 1.99 21.09 2.24 45.407381 11.879681 0
5.78 -5.92 2.10 20.92 2.24 45.407381 11.879681 0
9.75 -12.23 1.66 20.24 2.24 45.407381 11.879681 0
4.64 -7.35 3.25 21.09 2.24 45.407381 11.879681 0
7.73 -9.22 1.05 28.67 2.24 45.407381 11.879681 0
3.80 -5.24 1.68 23.44 2.24 45.407381 11.879681 0
5.71 -6.60 0.33 24.30 2.24 45.407381 11.879681 0
2.58 -1.44 1.77 24.13 2.24 45.407381 11.879681 0
5.69 -6.37 -3.42 26.70 2.24 45.407381 11.879681 0
4.55 -11.61 3.54 23.05 2.24 45.407381 11.879681 0
5.74 -6.73 0.59 22.59 2.24 45.407381 11.879681 0
5.94 -7.69 2.20 24.76 2.24 45.407381 11.879681 0
5.17 -8.86 -0.28 22.59 2.24 45.407381 11.879681 0
5.78 -8.93 3.03 21.93 2.24 45.407381 11.879681 0
5.55 -5.35 0.76 21.42 2.24 45.407381 11.879681 0
7.15 -8.74 2.56 21.49 2.84 45.407388 11.879718 1
4.84 -10.90 1.80 22.28 2.84 45.407388 11.879718 0
4.41 -6.93 1.61 22.57 2.84 45.407388 11.879718 1
7.84 -7.42 -0.60 22.21 2.84 45.407388 11.879718 0
6.48 -6.32 3.73 22.95 2.84 45.407388 11.879718 0
5.64 -8.43 3.95 25.02 2.84 45.407388 11.879718 0
3.90 -8.62 0.61 22.31 2.84 45.407388 11.879718 0
5.36 -7.89 3.44 22.04 2.84 45.407388 11.879718 0
3.53 -7.83 3.23 20.82 2.84 45.407388 11.879718 0
4.97 -9.65 2.28 21.30 2.84 45.407388 11.879718 0
8.36 -11.21 0.59 21.03 2.84 45.407388 11.879718 0
6.91 -6.96 -1.84 22.29 2.84 45.407388 11.879718 0
4.94 -6.05 1.64 23.00 2.84 45.407388 11.879718 0
4.85 -7.35 1.46 22.35 2.84 45.407388 11.879718 0
5.42 -4.86 1.02 22.33 2.84 45.407388 11.879718 0
4.59 -12.06 2.79 333.17 2.17 45.407387 11.879746 1
5.09 -8.13 2.07 6.48 2.17 45.407387 11.879746 1
5.29 -7.26 2.25 22.12 2.17 45.407387 11.879746 0
6.12 -7.96 2.02 27.94 2.17 45.407387 11.879746 0
6.36 -7.64 1.78 22.17 2.17 45.407387 11.879746 0
7.22 -10.39 3.03 22.04 2.17 45.407387 11.879746 0
4.00 -5.85 2.38 22.90 2.17 45.407387 11.879746 0
4.15 -6.03 3.72 22.54 2.17 45.407387 11.879746 0
7.06 -8.03 2.01 21.42 2.17 45.407387 11.879746 0
5.74 -8.66 1.37 21.63 2.17 45.407387 11.879746 0
6.99 -7.59 3.51 25.19 2.17 45.407387 11.879746 0
4.31 -9.84 1.21 28.28 2.17 45.407387 11.879746 0
5.26 -6.14 2.64 22.90 2.17 45.407387 11.879746 0
4.60 -5.83 2.18 22.52 2.17 45.407387 11.879746 0
6.66 -9.80 1.36 22.40 2.17 45.407387 11.879746 0
6.28 -5.94 1.39 23.70 2.17 45.407387 11.879746 0
7.77 -9.65 3.21 26.81 3.23 45.407379 11.879783 1
4.78 -7.55 2.72 23.05 3.23 45.407379 11.879783 0
6.55 -3.58 0.87 22.33 3.23 45.407379 11.879783 1
4.51 -6.76 3.45 22.42 3.23 45.407379 11.879783 0
6.58 -11.66 -1.21 21.80 3.23 45.407379 11.879783 0
5.17 -8.52 1.23 21.42 3.23 45.407379 11.879783 0
6.61 -8.04 2.18 23.20 3.23 45.407379 11.879783 0
6.51 -7.21 0.24 23.17 3.23 45.407379 11.879783 0
5.30 -7.35 1.43 22.38 3.23 45.407379 11.879783 0
6.08 -8.75 0.19 23.05 3.23 45.407379 11.879783 0
4.59 -8.91 2.52 26.24 3.23 45.407379 11.879783 0
4.08 -6.05 2.96 22.36 3.23 45.407379 11.879783 0
4.26 -7.35 1.30 24.47 3.23 45.407379 11.879783 0
9.34 -8.54 -1.50 22.54 3.23 45.407379 11.879783 0
5.62 -5.88 3.09 25.02 3.23 45.407379 11.879783 0
8.98 -9.48 1.16 23.02 3.23 45.407379 11.879783 0
5.38 -10.49 3.79 23.46 3.23 45.407379 11.879783 0
6.79 -5.99 1.16 22.57 3.28 45.407357 11.879821 1
6.28 -6.07 4.60 21.97 3.28 45.407357 11.879821 0
6.61 -7.05 0.96 23.00 3.28 45.407357 11.879821 1
6.12 -9.01 0.24 22.43 3.28 45.407357 11.879821 0
6.78 -7.17 -1.21 21.80 3.28 45.407357 11.879821 0
5.59 -11.71 2.57 21.33 3.28 45.407357 11.879821 0
4.99 -6.75 1.44 21.68 3.28 45.407357 11.879821 0
6.62 -6.89 1.54 21.18 3.28 45.407357 11.879821 0
6.37 -9.84 1.29 22.67 3.28 45.407357 11.879821 0
5.70 -8.06 0.95 22.45 3.28 45.407357 11.879821 0
4.76 -6.69 2.68 22.90 3.28 45.407357 11.879821 0
7.41 -7.99 1.82 22.19 3.28 45.407357 11.879821 0
5.71 -8.94 2.09 21.85 3.28 45.407357 11.879821 0
6.06 -6.31 1.38 22.74 3.28 45.407357 11.879821 0
5.54 -8.30 0.76 22.36 3.28 45.407357 11.879821 0
6.65 -8.42 2.09 23.03 3.28 45.407357 11.879821 0
6.03 -8.39 2.14 23.87 3.28 45.407357 11.879821 0
5.00 -8.27 1.31 22.50 3.28 45.407357 11.879821 0
4.83 -6.50 2.91 21.23 2.61 45.407353 11.879856 1
7.33 -12.07 2.50 21.39 2.61 45.407353 11.879856 0
7.11 -8.83 -0.92 23.48 2.61 45.407353 11.879856 1
4.56 -5.94 2.03 23.70 2.61 45.407353 11.879856 0
8.12 -9.00 1.55 23.08 2.61 45.407353 11.879856 0
5.43 -7.90 2.77 23.53 2.61 45.407353 11.879856 0
4.99 -6.28 1.28 23.46 2.61 45.407353 11.879856 0
7.78 -10.03 0.30 21.99 2.61 45.407353 11.879856 0
6.60 -7.32 2.53 23.15 2.61 45.407353 11.879856 0
8.67 -10.42 1.82 24.75 2.61 45.407353 11.879856 0
3.95 -6.87 1.57 23.43 2.61 45.407353 11.879856 0
6.56 -7.53 1.18 22.07 2.61 45.407353 11.879856 0
4.88 -7.83 3.20 23.05 2.61 45.407353 11.879856 0
5.42 -8.64 0.63 23.20 2.61 45.407353 11.879856 0
6.48 -9.67 1.87 22.45 2.61 45.407353 11.879856 0
5.06 -6.82 1.46 24.08 2.61 45.407353 11.879856 0
