6.28 -7.46 1.89 22.05 0.14 45.407390 11.879603 0
6.30 -7.41 1.96 22.00 0.14 45.407390 11.879603 0
6.31 -7.51 1.51 22.00 0.49 45.407390 11.879606 1
6.37 -7.57 1.71 22.04 0.49 45.407390 11.879606 0
6.39 -7.46 2.23 22.09 0.49 45.407390 11.879606 1
6.41 -7.54 2.14 21.75 0.49 45.407390 11.879606 0
6.63 -7.26 2.04 22.17 0.49 45.407390 11.879606 0
6.95 -7.03 1.68 21.81 0.49 45.407390 11.879606 0
6.97 -6.76 1.74 21.71 0.49 45.407390 11.879606 0
7.00 -6.98 2.02 21.90 0.49 45.407390 11.879606 0
6.76 -7.17 1.93 22.31 0.49 45.407390 11.879606 0
6.73 -6.97 1.81 21.87 0.49 45.407390 11.879606 0
6.75 -7.05 1.86 22.17 0.49 45.407390 11.879606 0
6.85 -7.22 1.87 22.47 0.49 45.407390 11.879606 0
6.91 -7.23 1.54 22.40 0.49 45.407390 11.879606 0
6.50 -7.20 2.08 21.85 0.49 45.407390 11.879606 0
6.55 -7.33 2.17 21.80 0.49 45.407390 11.879606 0
6.74 -7.20 1.63 21.20 0.49 45.407390 11.879606 0
7.10 -7.34 1.87 21.39 0.49 45.407390 11.879606 0
6.70 -7.47 2.17 21.61 0.49 45.407390 11.879606 0
6.28 -7.57 2.13 21.42 0.85 45.407391 11.879615 1
6.21 -7.84 2.14 22.09 0.85 45.407391 11.879615 0
6.33 -7.41 1.74 22.40 0.85 45.407391 11.879615 1
6.35 -7.23 1.45 22.12 0.85 45.407391 11.879615 0
5.91 -7.63 2.27 22.19 0.85 45.407391 11.879615 0
5.98 -7.65 1.64 22.07 0.85 45.407391 11.879615 0
6.05 -7.76 1.18 21.99 0.85 45.407391 11.879615 0
5.85 -8.13 1.20 22.31 0.85 45.407391 11.879615 0
5.79 -8.27 1.91 22.09 0.85 45.407391 11.879615 0
5.95 -7.99 1.60 22.05 0.85 45.407391 11.879615 0
6.04 -7.75 1.70 21.95 0.85 45.407391 11.879615 0
5.95 -7.99 1.59 22.36 0.85 45.407391 11.879615 0
5.78 -7.88 1.88 22.00 0.85 45.407391 11.879615 0
6.15 -7.70 1.93 22.50 0.85 45.407391 11.879615 0
5.93 -7.80 2.07 22.11 0.85 45.407391 11.879615 0
5.91 -7.58 1.92 21.69 0.85 45.407391 11.879615 0
6.16 -7.48 1.99 21.45 0.85 45.407391 11.879615 0
6.20 -7.67 1.79 21.90 1.34 45.407386 11.879628 1
6.00 -7.86 1.94 21.64 1.34 45.407386 11.879628 0
5.95 -7.78 2.15 21.95 1.34 45.407386 11.879628 1
5.84 -7.41 2.18 21.99 1.34 45.407386 11.879628 0
5.97 -7.69 1.50 21.78 1.34 45.407386 11.879628 0
6.06 -7.59 1.20 21.32 1.34 45.407386 11.879628 0
6.06 -7.60 1.48 21.03 1.34 45.407386 11.879628 0
5.55 -7.58 1.67 20.94 1.34 45.407386 11.879628 0
5.53 -8.31 1.69 20.32 1.34 45.407386 11.879628 0
5.26 -8.39 1.73 20.25 1.34 45.407386 11.879628 0
5.48 -8.16 1.76 20.48 1.34 45.407386 11.879628 0
5.76 -7.62 1.28 20.63 1.34 45.407386 11.879628 0
5.55 -7.06 1.31 20.65 1.34 45.407386 11.879628 0
6.49 -8.27 1.30 20.80 1.34 45.407386 11.879628 0
5.87 -8.43 1.44 21.71 1.34 45.407386 11.879628 0
5.74 -6.96 1.76 23.02 1.34 45.407386 11.879628 0
5.47 -6.69 1.62 23.51 1.34 45.407386 11.879628 0
5.81 -7.44 1.56 23.50 1.61 45.407387 11.879645 1
6.40 -7.68 1.81 23.00 1.61 45.407387 11.879645 0
6.70 -7.64 2.13 23.46 1.61 45.407387 11.879645 1
6.61 -6.36 1.63 22.71 1.61 45.407387 11.879645 0
6.19 -9.69 1.78 22.42 1.61 45.407387 11.879645 0
6.04 -9.09 2.10 22.26 1.61 45.407387 11.879645 0
5.77 -7.53 2.15 22.54 1.61 45.407387 11.879645 0
6.00 -6.51 2.49 21.97 1.61 45.407387 11.879645 0
5.88 -8.68 2.84 22.11 1.61 45.407387 11.879645 0
5.69 -8.88 2.32 21.44 1.61 45.407387 11.879645 0
5.79 -8.41 1.96 21.80 1.61 45.407387 11.879645 0
5.62 -7.85 2.15 21.69 1.61 45.407387 11.879645 0
6.06 -8.42 2.33 21.75 1.61 45.407387 11.879645 0
6.03 -7.84 2.61 21.87 1.61 45.407387 11.879645 0
6.00 -8.42 2.09 22.98 1.61 45.407387 11.879645 0
5.69 -8.17 2.20 22.00 1.61 45.407387 11.879645 0
5.16 -7.72 2.57 22.60 1.61 45.407387 11.879645 0
7.03 -8.91 2.12 21.37 1.61 45.407387 11.879645 0
6.88 -7.31 1.68 24.99 1.45 45.407384 11.879662 1
5.32 -8.75 2.46 22.93 1.45 45.407384 11.879662 0
5.08 -8.10 1.73 23.51 1.45 45.407384 11.879662 1
4.75 -6.99 1.97 23.02 1.45 45.407384 11.879662 0
6.72 -6.43 1.63 22.05 1.45 45.407384 11.879662 0
6.38 -7.70 1.75 21.69 1.45 45.407384 11.879662 0
6.13 -9.56 1.11 20.25 1.45 45.407384 11.879662 0
5.62 -9.82 1.42 21.13 1.45 45.407384 11.879662 0
5.56 -5.82 1.95 21.44 1.45 45.407384 11.879662 0
6.32 -8.46 1.04 21.23 1.45 45.407384 11.879662 0
5.65 -7.06 2.11 21.90 1.45 45.407384 11.879662 0
5.50 -7.85 1.71 22.00 1.45 45.407384 11.879662 0
5.87 -7.91 1.74 22.00 1.45 45.407384 11.879662 0
6.06 -7.27 1.93 22.02 1.45 45.407384 11.879662 0
6.14 -7.21 1.73 21.56 1.45 45.407384 11.879662 0
5.45 -7.79 1.85 21.69 1.45 45.407384 11.879662 0
5.19 -8.17 2.11 20.82 1.45 45.407384 11.879662 0
6.97 -7.53 2.61 21.52 1.80 45.407374 11.879690 1
5.96 -7.58 2.17 23.26 1.80 45.407374 11.879690 0
5.93 -6.44 0.77 22.52 1.80 45.407374 11.879690 1
5.11 -7.12 1.43 23.07 1.80 45.407374 11.879690 0
4.01 -7.04 1.91 21.27 1.80 45.407374 11.879690 0
7.27 -8.73 1.11 20.17 1.80 45.407374 11.879690 0
3.84 -9.28 1.07 22.42 1.80 45.407374 11.879690 0
5.80 -4.65 0.62 25.76 1.80 45.407374 11.879690 0
5.05 -6.45 4.14 23.34 1.80 45.407374 11.879690 0
6.69 -9.81 -0.08 22.42 1.80 45.407374 11.879690 0
4.02 -9.87 1.96 23.05 1.80 45.407374 11.879690 0
6.45 -4.62 3.12 22.98 1.80 45.407374 11.879690 0
5.20 -10.31 2.18 23.38 1.80 45.407374 11.879690 0
5.75 -9.05 1.84 24.34 1.80 45.407374 11.879690 0
2.87 -7.81 2.43 22.02 1.80 45.407374 11.879690 0
7.37 -5.35 -1.44 21.90 1.80 45.407374 11.879690 0
5.29 -7.75 2.47 21.68 1.80 45.407374 11.879690 0
2.09 -9.11 4.85 22.64 1.80 45.407374 11.879690 0
5.91 -6.30 -2.28 24.80 2.27 45.407374 11.879722 1
6.76 -7.15 1.69 23.44 2.27 45.407374 11.879722 0
10.15 -8.92 0.43 23.46 2.27 45.407374 11.879722 1
4.39 -9.41 1.65 24.30 2.27 45.407374 11.879722 0
5.66 -8.76 1.10 280.75 2.27 45.407374 11.879722 0
4.68 -5.52 2.61 6.45 2.27 45.407374 11.879722 0
6.79 -8.51 0.56 21.92 2.27 45.407374 11.879722 0
4.54 -7.91 4.42 22.12 2.27 45.407374 11.879722 0
5.01 -6.88 0.85 23.91 2.27 45.407374 11.879722 0
10.08 -6.09 -0.43 23.19 2.27 45.407374 11.879722 0
4.22 -8.29 1.10 23.58 2.27 45.407374 11.879722 0
8.57 -9.72 2.35 23.68 2.27 45.407374 11.879722 0
5.58 -9.57 -1.51 21.57 2.27 45.407374 11.879722 0
5.20 -9.99 -0.59 20.56 2.27 45.407374 11.879722 0
6.51 -7.30 2.96 23.27 2.71 45.407367 11.879756 1
7.53 -8.44 1.69 22.12 2.71 45.407367 11.879756 0
4.41 -5.66 1.50 23.86 2.71 45.407367 11.879756 1
5.61 -7.32 1.55 25.24 2.71 45.407367 11.879756 0
3.83 -8.33 1.40 23.31 2.71 45.407367 11.879756 0
5.45 -4.89 1.18 24.52 2.71 45.407367 11.879756 0
5.83 -13.89 2.75 21.28 2.71 45.407367 11.879756 0
5.08 -7.88 0.94 22.17 2.71 45.407367 11.879756 0
5.36 -6.66 1.24 22.07 2.71 45.407367 11.879756 0
7.47 -7.45 -0.21 21.99 2.71 45.407367 11.879756 0
6.27 -5.50 0.98 22.12 2.71 45.407367 11.879756 0
4.55 -9.07 2.01 22.11 2.71 45.407367 11.879756 0
5.67 -6.17 1.96 22.11 2.71 45.407367 11.879756 0
5.88 -8.19 1.82 21.90 2.71 45.407367 11.879756 0
6.34 -7.08 1.88 21.95 2.71 45.407367 11.879756 0
6.44 -9.00 1.64 21.88 2.71 45.407367 11.879756 0
5.23 -9.35 1.95 22.86 2.71 45.407367 11.879756 0
4.03 -6.87 2.01 23.56 2.45 45.407352 11.879786 1
4.93 -6.39 1.43 22.38 2.45 45.407352 11.879786 0
2.70 -6.31 1.53 21.42 2.45 45.407352 11.879786 1
7.15 -9.28 3.17 20.73 2.45 45.407352 11.879786 0
6.92 -8.00 2.38 20.24 2.45 45.407352 11.879786 0
5.12 -9.24 0.68 22.54 2.45 45.407352 11.879786 0
4.98 -3.50 1.74 23.14 2.45 45.407352 11.879786 0
7.05 -6.99 1.08 24.94 2.45 45.407352 11.879786 0
5.07 -4.47 1.73 24.16 2.45 45.407352 11.879786 0
12.16 -9.72 -2.96 23.70 2.45 45.407352 11.879786 0
6.34 -10.57 1.40 24.82 2.45 45.407352 11.879786 0
4.30 -8.86 1.94 23.60 2.45 45.407352 11.879786 0
4.51 -3.98 1.30 22.31 2.45 45.407352 11.879786 0
8.14 -8.14 3.81 23.19 2.45 45.407352 11.879786 0
3.18 -11.62 5.90 22.45 2.45 45.407352 11.879786 0
6.52 -9.28 0.70 21.69 2.45 45.407352 11.879786 0
4.67 -6.04 2.32 25.55 2.45 45.407352 11.879786 0
6.84 -9.49 2.91 22.42 2.45 45.407352 11.879786 0
4.67 -6.32 1.64 21.56 3.20 45.407332 11.879813 1
5.36 -8.40 1.98 22.26 3.20 45.407332 11.879813 0
5.50 -7.54 3.00 24.03 3.20 45.407332 11.879813 1
6.97 -8.35 2.10 22.91 3.20 45.407332 11.879813 0
6.49 -8.58 3.34 22.42 3.20 45.407332 11.879813 0
4.89 -6.23 1.40 22.26 3.20 45.407332 11.879813 0
5.28 -8.44 3.97 23.26 3.20 45.407332 11.879813 0
7.32 -8.85 1.41 21.88 3.20 45.407332 11.879813 0
2.66 -6.53 4.91 21.68 3.20 45.407332 11.879813 0
7.77 -7.59 1.47 22.93 3.20 45.407332 11.879813 0
5.13 -8.95 2.08 23.07 3.20 45.407332 11.879813 0
6.66 -6.98 2.16 22.57 3.20 45.407332 11.879813 0
4.08 -3.93 0.70 22.84 3.20 45.407332 11.879813 0
4.05 -8.09 1.65 23.72 3.20 45.407332 11.879813 0
7.07 -7.02 0.17 22.66 3.20 45.407332 11.879813 0
6.98 -8.22 2.37 21.73 3.20 45.407332 11.879813 0
8.69 -11.12 1.21 22.11 3.20 45.407332 11.879813 0
5.26 -7.62 1.99 21.71 2.12 45.407319 11.879831 1
7.27 -8.72 0.87 23.32 2.12 45.407319 11.879831 0
5.77 -5.42 3.33 21.95 2.12 45.407319 11.879831 1
5.24 -6.13 -1.97 21.92 2.12 45.407319 11.879831 0
6.34 -9.78 0.92 22.54 2.12 45.407319 11.879831 0
8.58 -8.51 -1.90 26.87 2.12 45.407319 11.879831 0
5.87 -6.14 0.81 22.60 2.12 45.407319 11.879831 0
6.86 -8.36 3.15 23.17 2.12 45.407319 11.879831 0
6.39 -8.65 1.25 22.14 2.12 45.407319 11.879831 0
5.48 -8.90 0.86 24.16 2.12 45.407319 11.879831 0
9.16 -9.27 -2.49 22.05 2.12 45.407319 11.879831 0
3.73 -5.54 0.37 22.16 2.12 45.407319 11.879831 0
5.73 -6.99 3.96 22.05 2.12 45.407319 11.879831 0
5.02 -8.08 1.22 21.88 2.12 45.407319 11.879831 0
6.32 -7.24 2.14 20.79 2.12 45.407319 11.879831 0
4.01 -8.54 3.20 22.96 2.12 45.407319 11.879831 0
5.15 -8.54 1.78 27.01 2.12 45.407319 11.879831 0
5.99 -6.11 1.53 22.43 3.41 45.407301 11.879859 1
6.97 -10.27 0.03 25.06 3.41 45.407301 11.879859 0
4.40 -6.17 1.82 23.41 3.41 45.407301 11.879859 1
4.22 -7.51 3.31 22.95 3.41 45.407301 11.879859 0
5.03 -7.83 1.15 22.52 3.41 45.407301 11.879859 0
2.00 -10.55 5.60 22.64 3.41 45.407301 11.879859 0
7.73 -6.93 1.81 22.29 3.41 45.407301 11.879859 0
4.20 -9.68 2.29 22.29 3.41 45.407301 11.879859 0
6.07 -4.98 0.86 24.30 3.41 45.407301 11.879859 0
6.12 -9.34 1.95 22.11 3.41 45.407301 11.879859 0
6.97 -9.64 0.70 21.99 3.41 45.407301 11.879859 0
4.86 -7.25 1.82 22.50 3.41 45.407301 11.879859 0
6.10 -8.95 1.39 23.79 3.41 45.407301 11.879859 0
