5.9 -7.32 1.97 21.9 2.87 45.408005 11.888416 1 0
5.78 -8.24 1.83 22.35 2.87 45.408005 11.888416 0 0
5.55 -8.42 1.71 21.95 2.87 45.408005 11.888416 1 0
5.56 -7.81 1.62 21.81 2.87 45.408005 11.888416 1 0
5.96 -7.75 1.58 21.76 2.87 45.408005 11.888416 1 0
6.33 -7.99 1.72 21.8 2.87 45.408005 11.888416 1 0
6.24 -7.6 1.85 22.05 2.87 45.408005 11.888416 1 0
5.96 -7.2 1.75 22.4 2.87 45.408005 11.888416 1 0
6.01 -7.59 1.55 22.05 2.87 45.408005 11.888416 1 0
6.26 -8.12 1.57 21.97 2.87 45.408005 11.888416 1 0
6.27 -8.03 1.84 22.36 2.87 45.408005 11.888416 1 0
6.12 -7.73 2.08 21.95 2.87 45.408005 11.888416 1 0
5.97 -7.75 2.0 22.47 2.87 45.408005 11.888416 1 0
5.73 -7.98 1.68 23.34 2.87 45.408005 11.888416 1 0
5.57 -8.03 1.49 22.83 2.87 45.408005 11.888416 1 0
5.77 -7.85 1.61 22.4 2.87 45.408005 11.888416 1 0
6.12 -7.7 1.82 22.42 2.87 45.408005 11.888416 1 0
6.15 -7.74 1.89 21.85 3.13 45.408004 11.888377 0 0
5.98 -7.79 1.9 21.81 3.13 45.408004 11.888377 1 0
6.03 -7.78 1.93 22.29 3.13 45.408004 11.888377 0 0
6.23 -7.85 1.95 21.9 3.13 45.408004 11.888377 1 0
6.23 -7.86 1.91 21.88 3.13 45.408004 11.888377 1 0
6.02 -7.7 1.94 21.83 3.13 45.408004 11.888377 1 0
5.84 -7.72 2.02 21.95 3.13 45.408004 11.888377 1 0
5.8 -7.95 2.01 21.85 3.13 45.408004 11.888377 1 0
5.84 -7.85 1.81 22.38 3.13 45.408004 11.888377 1 0
5.81 -7.51 1.62 22.17 3.13 45.408004 11.888377 1 0
5.73 -7.65 1.66 22.05 3.13 45.408004 11.888377 1 0
5.86 -8.04 1.78 22.14 3.13 45.408004 11.888377 1 0
6.18 -7.97 1.76 22.19 3.13 45.408004 11.888377 1 0
6.28 -7.63 1.67 22.07 3.13 45.408004 11.888377 1 0
6.03 -7.54 1.77 22.21 3.13 45.408004 11.888377 1 0
5.91 -7.58 1.96 22.57 3.13 45.408004 11.888377 1 0
6.12 -7.76 1.91 21.85 3.13 45.408004 11.888377 1 0
6.22 -8.19 1.63 21.75 2.76 45.408002 11.888340 0 0
