5.91 -7.72 1.61 21.93 2.41 45.407966 11.888227 1 0
5.8 -7.78 1.69 21.93 2.41 45.407966 11.888227 0 0
5.71 -8.06 1.71 22.0 2.41 45.407966 11.888227 1 0
5.93 -8.01 1.96 21.99 2.41 45.407966 11.888227 1 0
6.28 -7.53 2.22 21.85 2.41 45.407966 11.888227 1 0
6.31 -7.52 2.21 21.54 2.41 45.407966 11.888227 1 0
6.26 -7.75 2.08 21.93 2.41 45.407966 11.888227 1 0
6.49 -7.44 1.89 21.95 2.41 45.407966 11.888227 1 0
6.51 -7.28 1.6 22.05 2.41 45.407966 11.888227 1 0
5.98 -7.79 1.6 22.05 2.41 45.407966 11.888227 1 0
5.53 -8.1 2.03 21.66 2.41 45.407966 11.888227 1 0
5.55 -7.96 2.2 22.52 2.41 45.407966 11.888227 1 0
5.58 -8.04 1.81 22.05 2.41 45.407966 11.888227 1 0
5.48 -8.17 1.61 22.02 2.41 45.407966 11.888227 1 0
5.58 -7.93 1.91 21.52 2.41 45.407966 11.888227 1 0
5.84 -7.75 2.04 21.95 2.41 45.407966 11.888227 1 0
5.97 -7.82 1.72 21.28 2.41 45.407966 11.888227 1 0
6.04 -7.8 1.52 21.39 3.35 45.407945 11.888201 0 0
6.1 -7.68 1.69 21.95 3.35 45.407945 11.888201 1 0
5.98 -7.67 1.93 22.02 3.35 45.407945 11.888201 0 0
5.82 -7.63 2.03 22.09 3.35 45.407945 11.888201 1 0
5.84 -7.66 1.98 22.05 3.35 45.407945 11.888201 1 0
5.91 -7.97 1.76 21.54 3.35 45.407945 11.888201 1 0
5.87 -8.2 1.6 21.49 3.35 45.407945 11.888201 1 0
5.81 -8.04 1.72 21.97 3.35 45.407945 11.888201 1 0
5.74 -7.81 1.88 22.16 3.35 45.407945 11.888201 1 0
5.65 -7.78 1.75 22.16 3.35 45.407945 11.888201 1 0
5.74 -7.84 1.53 22.0 3.35 45.407945 11.888201 1 0
5.98 -7.99 1.61 21.87 3.35 45.407945 11.888201 1 0
6.02 -8.18 1.81 21.9 3.35 45.407945 11.888201 1 0
5.75 -8.07 1.7 22.0 3.35 45.407945 11.888201 1 0
5.57 -7.72 1.42 22.09 3.35 45.407945 11.888201 1 0
5.67 -7.65 1.38 22.0 3.35 45.407945 11.888201 1 0
5.85 -7.94 1.58 21.66 3.35 45.407945 11.888201 1 0
5.93 -8.07 1.74 21.85 1.48 45.407942 11.888179 0 0
