6.16 -7.7 1.97 21.45 3.07 45.407988 11.888316 1 NO
6.28 -7.75 2.09 21.95 3.07 45.407988 11.888316 1
6.2 -7.78 1.97 21.9 3.07 45.407988 11.888316 1
6.05 -7.62 1.85 22.0 3.07 45.407988 11.888316 1
5.82 -7.78 1.97 21.8 3.07 45.407988 11.888316 1
5.65 -8.21 2.11 22.47 3.07 45.407988 11.888316 1
5.73 -8.11 2.03 22.09 3.07 45.407988 11.888316 1
5.83 -7.6 1.87 22.19 3.07 45.407988 11.888316 1
5.83 -7.53 1.89 22.16 3.07 45.407988 11.888316 1
6.0 -7.79 1.98 22.11 3.07 45.407988 11.888316 1
6.26 -7.78 1.94 22.05 3.07 45.407988 11.888316 1
6.16 -7.66 1.77 22.59 3.07 45.407988 11.888316 1
5.9 -7.66 1.62 22.16 3.07 45.407988 11.888316 1
5.98 -7.55 1.63 21.85 3.07 45.407988 11.888316 1
6.08 -7.62 1.77 21.85 2.39 45.407986 11.888284 0
5.94 -8.08 1.8 21.28 2.39 45.407986 11.888284 1
5.84 -8.14 1.68 21.76 2.39 45.407986 11.888284 0
5.71 -7.61 1.66 21.4 2.39 45.407986 11.888284 1
5.54 -7.43 1.75 22.16 2.39 45.407986 11.888284 1
5.89 -7.67 1.68 21.93 2.39 45.407986 11.888284 1
6.34 -7.79 1.61 22.19 2.39 45.407986 11.888284 1
5.89 -8.03 1.82 22.11 2.39 45.407986 11.888284 1
5.47 -8.13 1.91 22.05 2.39 45.407986 11.888284 1
6.06 -7.67 1.67 21.9 2.39 45.407986 11.888284 1
5.85 -7.84 1.61 21.75 2.39 45.407986 11.888284 1
4.36 -8.47 1.67 21.87 2.39 45.407986 11.888284 1
4.93 -7.34 1.55 20.67 2.39 45.407986 11.888284 1
7.9 -6.1 1.95 21.09 2.39 45.407986 11.888284 1
8.51 -7.65 2.79 22.76 2.39 45.407986 11.888284 1
5.44 -8.02 2.24 24.75 2.39 45.407986 11.888284 1
3.17 -4.42 0.49 24.64 2.39 45.407986 11.888284 1
3.82 -4.34 0.26 26.27 2.39 45.407986 11.888284 1
4.99 -10.8 1.61 20.12 2.18 45.407981 11.888255 0
5.3 -13.18 1.9 20.84 2.18 45.407981 11.888255 1
5.43 -7.31 1.2 22.21 2.18 45.407981 11.888255 0
