6.17 -7.77 2.47 21.85 1.93 45.408022 11.888610 0
5.76 -7.72 2.08 21.92 1.93 45.408022 11.888610 1
5.71 -7.86 1.84 21.95 1.93 45.408022 11.888610 1
5.76 -8.04 1.66 22.52 1.93 45.408022 11.888610 1
5.75 -8.0 1.54 22.23 1.93 45.408022 11.888610 1
5.86 -7.77 1.58 22.28 1.93 45.408022 11.888610 1
6.01 -7.64 1.77 22.33 1.93 45.408022 11.888610 1
5.96 -7.76 1.88 22.17 1.93 45.408022 11.888610 1
5.92 -7.94 1.84 22.14 1.93 45.408022 11.888610 1
6.2 -7.84 1.78 22.09 1.93 45.408022 11.888610 1
6.5 -7.46 1.8 21.95 1.93 45.408022 11.888610 1
6.42 -7.28 1.77 21.69 1.93 45.408022 11.888610 1
6.14 -7.61 1.63 21.64 1.93 45.408022 11.888610 0
6.05 -7.94 1.54 21.76 1.93 45.408022 11.888610 1
6.1 -7.78 1.61 21.8 1.93 45.408022 11.888610 0
5.91 -7.59 1.61 21.8 1.93 45.408022 11.888610 1
5.47 -7.93 1.49 21.85 1.93 45.408022 11.888610 1
5.32 -8.31 1.54 22.36 1.93 45.408022 11.888610 1
5.73 -8.11 1.8 21.9 1.93 45.408022 11.888610 1
6.19 -7.73 1.9 21.92 1.93 45.408022 11.888610 1
6.2 -7.65 1.83 22.12 1.93 45.408022 11.888610 1
6.02 -7.59 1.89 22.23 1.93 45.408022 11.888610 1
6.1 -7.44 1.98 22.57 1.93 45.408022 11.888610 1
6.33 -7.56 1.86 21.99 1.93 45.408022 11.888610 1
6.33 -7.83 1.78 22.09 1.93 45.408022 11.888610 1
6.1 -7.74 1.97 22.16 1.93 45.408022 11.888610 1
5.99 -7.48 2.18 22.23 1.93 45.408022 11.888610 1
6.18 -7.56 2.19 21.61 1.93 45.408022 11.888610 1
6.37 -7.88 2.16 21.78 1.93 45.408022 11.888610 1
6.15 -8.03 2.12 21.68 2.62 45.408019 11.888593 0
5.7 -7.98 1.95 21.8 2.62 45.408019 11.888593 1
5.6 -7.75 1.79 21.54 2.62 45.408019 11.888593 0
5.83 -7.46 1.92 21.97 2.62 45.408019 11.888593 1
5.9 -7.47 2.18 21.87 2.62 45.408019 11.888593 1
5.83 -7.82 2.15 21.71 2.62 45.408019 11.888593 1
6.02 -7.96 1.77 21.78 2.62 45.408019 11.888593 1
6.28 -7.66 1.5 21.9 2.62 45.408019 11.888593 1
6.21 -7.45 1.54 21.9 2.62 45.408019 11.888593 1
6.03 -7.59 1.65 21.66 2.62 45.408019 11.888593 1
6.12 -7.72 1.65 22.04 2.62 45.408019 11.888593 1
6.32 -7.7 1.69 22.52 2.62 45.408019 11.888593 1
6.28 -7.78 1.74 22.07 2.62 45.408019 11.888593 1
6.0 -7.9 1.62 22.12 2.62 45.408019 11.888593 1
5.74 -7.83 1.45 22.17 2.62 45.408019 11.888593 1
5.74 -7.72 1.51 22.04 2.62 45.408019 11.888593 1
6.0 -7.79 1.72 21.9 2.62 45.408019 11.888593 1
6.16 -7.91 1.87 21.4 2.62 45.408019 11.888593 1
6.02 -7.86 1.99 22.02 2.42 45.408024 11.888569 0
5.9 -7.65 2.11 22.12 2.42 45.408024 11.888569 1
6.05 -7.51 2.07 22.11 2.42 45.408024 11.888569 0
6.23 -7.65 1.87 23.22 2.42 45.408024 11.888569 1
6.19 -7.93 1.75 21.87 2.42 45.408024 11.888569 1
6.07 -8.02 1.85 21.76 2.42 45.408024 11.888569 1
5.98 -7.82 1.99 21.93 2.42 45.408024 11.888569 1
5.86 -7.66 2.0 21.93 2.42 45.408024 11.888569 1
5.76 -7.75 1.99 21.99 2.42 45.408024 11.888569 1
5.76 -7.92 2.04 21.99 2.42 45.408024 11.888569 1
5.83 -7.92 2.0 22.0 2.42 45.408024 11.888569 1
5.97 -7.74 1.75 22.47 2.42 45.408024 11.888569 1
6.13 -7.71 1.51 22.05 2.42 45.408024 11.888569 1
6.15 -7.86 1.57 22.48 2.42 45.408024 11.888569 1
6.08 -7.84 1.8 23.36 2.42 45.408024 11.888569 1
6.13 -7.63 1.86 22.05 2.42 45.408024 11.888569 1
6.21 -7.68 1.72 21.9 2.42 45.408024 11.888569 1
6.1 -7.88 1.67 21.83 1.74 45.408034 11.888561 0
6.01 -7.75 1.78 21.9 1.74 45.408034 11.888561 1
6.13 -7.63 1.73 21.85 1.74 45.408034 11.888561 0
6.09 -7.94 1.47 22.21 1.74 45.408034 11.888561 1
5.77 -8.13 1.36 21.95 1.74 45.408034 11.888561 1
5.67 -7.87 1.58 22.31 1.74 45.408034 11.888561 1
5.92 -7.72 1.82 21.85 1.74 45.408034 11.888561 1
6.04 -7.76 1.86 21.9 1.74 45.408034 11.888561 1
6.0 -7.62 1.76 21.9 1.74 45.408034 11.888561 1
6.08 -7.58 1.64 22.42 1.74 45.408034 11.888561 1
6.17 -7.87 1.66 22.02 1.74 45.408034 11.888561 1
6.17 -7.85 1.82 21.99 1.74 45.408034 11.888561 1
6.21 -7.48 1.85 21.57 1.74 45.408034 11.888561 1
6.2 -7.59 1.75 22.07 1.74 45.408034 11.888561 1
6.0 -7.99 1.88 22.11 1.74 45.408034 11.888561 1
5.83 -7.86 2.17 22.16 1.74 45.408034 11.888561 1
5.81 -7.62 2.12 21.51 1.74 45.408034 11.888561 1
5.73 -7.96 1.75 22.26 1.74 45.408034 11.888561 1
5.74 -8.26 1.64 21.8 3.09 45.408031 11.888531 0
5.98 -8.02 1.83 22.23 3.09 45.408031 11.888531 1
6.08 -7.75 1.91 21.54 3.09 45.408031 11.888531 0
5.87 -7.69 1.77 22.11 3.09 45.408031 11.888531 1
5.84 -7.53 1.61 21.97 3.09 45.408031 11.888531 1
6.17 -7.53 1.55 21.87 3.09 45.408031 11.888531 1
6.37 -7.87 1.65 21.76 3.09 45.408031 11.888531 1
6.23 -8.01 1.77 22.23 3.09 45.408031 11.888531 1
6.05 -7.7 1.66 22.54 3.09 45.408031 11.888531 1
5.96 -7.57 1.35 22.55 3.09 45.408031 11.888531 1
5.88 -7.89 1.21 22.57 3.09 45.408031 11.888531 1
5.82 -8.14 1.38 22.11 3.09 45.408031 11.888531 1
5.81 -8.06 1.66 22.47 3.09 45.408031 11.888531 1
5.8 -7.92 1.88 22.48 3.09 45.408031 11.888531 1
5.82 -7.84 2.01 22.09 3.09 45.408031 11.888531 1
5.9 -7.71 2.04 22.52 3.09 45.408031 11.888531 1
5.99 -7.66 2.01 21.97 3.09 45.408031 11.888531 1
6.11 -7.78 1.92 21.92 2.43 45.408032 11.888503 0
6.24 -7.85 1.77 21.95 2.43 45.408032 11.888503 1
6.17 -7.73 1.75 21.92 2.43 45.408032 11.888503 0
5.94 -7.62 1.96 21.97 2.43 45.408032 11.888503 1
5.8 -7.73 2.12 21.92 2.43 45.408032 11.888503 1
5.84 -7.94 1.95 21.95 2.43 45.408032 11.888503 1
5.84 -8.01 1.66 22.36 2.43 45.408032 11.888503 1
5.8 -7.92 1.61 22.35 2.43 45.408032 11.888503 1
5.9 -7.83 1.81 22.0 2.43 45.408032 11.888503 1
6.05 -7.8 1.93 22.12 2.43 45.408032 11.888503 1
6.05 -7.77 1.86 22.47 2.43 45.408032 11.888503 1
5.95 -7.74 1.8 21.99 2.43 45.408032 11.888503 1
5.96 -7.75 1.77 22.0 2.43 45.408032 11.888503 1
5.99 -7.77 1.68 22.07 2.43 45.408032 11.888503 1
5.94 -7.76 1.63 22.12 2.43 45.408032 11.888503 1
5.93 -7.8 1.79 22.52 2.43 45.408032 11.888503 1
5.99 -7.89 1.88 22.38 2.43 45.408032 11.888503 1
5.93 -7.93 1.69 21.85 2.43 45.408032 11.888503 1
5.77 -7.91 1.55 21.75 2.74 45.408025 11.888470 0
5.78 -7.94 1.67 21.71 2.74 45.408025 11.888470 1
5.9 -7.85 1.8 21.85 2.74 45.408025 11.888470 0
5.92 -7.56 1.8 22.31 2.74 45.408025 11.888470 1
5.94 -7.44 1.87 21.87 2.74 45.408025 11.888470 1
6.1 -7.72 1.91 21.81 2.74 45.408025 11.888470 1
6.23 -7.98 1.76 22.33 2.74 45.408025 11.888470 1
6.21 -7.9 1.69 21.97 2.74 45.408025 11.888470 1
6.15 -7.7 1.88 22.55 2.74 45.408025 11.888470 1
6.03 -7.65 2.02 22.59 2.74 45.408025 11.888470 1
5.76 -7.75 1.95 22.62 2.74 45.408025 11.888470 1
5.6 -7.94 1.86 22.88 2.74 45.408025 11.888470 1
5.75 -8.07 1.85 22.9 2.74 45.408025 11.888470 1
5.94 -8.02 1.85 22.29 2.74 45.408025 11.888470 1
5.9 -7.93 1.85 22.36 2.74 45.408025 11.888470 1
5.79 -7.85 1.84 22.88 2.74 45.408025 11.888470 1
5.86 -7.67 1.77 21.85 2.74 45.408025 11.888470 1
6.04 -7.54 1.72 22.76 3.15 45.408015 11.888431 0
6.17 -7.66 1.74 21.8 3.15 45.408015 11.888431 1
6.15 -7.74 1.8 21.92 3.15 45.408015 11.888431 0
6.07 -7.61 1.78 22.29 3.15 45.408015 11.888431 1
6.05 -7.63 1.67 22.66 3.15 45.408015 11.888431 1
6.01 -7.94 1.58 22.31 3.15 45.408015 11.888431 1
5.83 -8.07 1.74 21.8 3.15 45.408015 11.888431 1
5.63 -7.87 2.01 22.26 3.15 45.408015 11.888431 1
5.61 -7.76 2.04 21.9 3.15 45.408015 11.888431 1
5.72 -7.8 1.83 21.99 3.15 45.408015 11.888431 1
5.95 -7.73 1.69 22.07 3.15 45.408015 11.888431 1
6.22 -7.58 1.71 22.17 3.15 45.408015 11.888431 1
6.23 -7.61 1.84 22.09 3.15 45.408015 11.888431 1
5.96 -7.73 2.09 22.12 3.15 45.408015 11.888431 1
5.9 -7.8 2.16 22.72 3.15 45.408015 11.888431 1
6.14 -7.89 1.85 21.92 3.15 45.408015 11.888431 1
6.11 -7.92 1.59 22.48 3.15 45.408015 11.888431 1
5.67 -7.75 1.77 21.64 3.15 45.408015 11.888431 1
5.46 -7.66 2.04 21.57 2.33 45.408000 11.888406 0
5.71 -7.9 1.95 21.45 2.33 45.408000 11.888406 1
5.94 -8.14 1.7 21.83 2.33 45.408000 11.888406 0
5.96 -7.96 1.57 21.88 2.33 45.408000 11.888406 1
5.98 -7.62 1.6 21.92 2.33 45.408000 11.888406 1
6.0 -7.57 1.76 22.69 2.33 45.408000 11.888406 1
5.96 -7.66 1.9 21.97 2.33 45.408000 11.888406 1
6.03 -7.7 1.82 22.0 2.33 45.408000 11.888406 1
6.2 -7.77 1.59 22.07 2.33 45.408000 11.888406 1
6.14 -7.88 1.44 22.57 2.33 45.408000 11.888406 1
5.83 -7.85 1.49 22.48 2.33 45.408000 11.888406 1
5.71 -7.8 1.73 22.05 2.33 45.408000 11.888406 1
5.88 -7.89 2.01 22.02 2.33 45.408000 11.888406 1
5.99 -7.93 2.0 22.47 2.33 45.408000 11.888406 1
5.88 -7.74 1.76 22.17 2.33 45.408000 11.888406 1
5.85 -7.61 1.7 22.04 2.33 45.408000 11.888406 1
5.99 -7.8 1.82 21.9 2.33 45.408000 11.888406 1
6.0 -7.98 1.81 22.0 3.01 45.407992 11.888370 0
5.81 -7.77 1.71 22.84 3.01 45.407992 11.888370 1
5.72 -7.49 1.71 22.42 3.01 45.407992 11.888370 0
5.92 -7.73 1.77 21.64 3.01 45.407992 11.888370 1
6.14 -8.31 1.88 22.64 3.01 45.407992 11.888370 1
6.08 -8.27 2.06 21.9 3.01 45.407992 11.888370 1
5.84 -7.52 2.1 22.31 3.01 45.407992 11.888370 1
5.67 -7.21 1.89 22.0 3.01 45.407992 11.888370 1
5.74 -7.79 1.75 21.9 3.01 45.407992 11.888370 1
6.06 -8.26 1.85 21.92 3.01 45.407992 11.888370 1
6.34 -7.98 1.9 22.04 3.01 45.407992 11.888370 1
6.22 -7.62 1.79 21.59 3.01 45.407992 11.888370 1
5.9 -7.65 1.67 22.05 3.01 45.407992 11.888370 1
5.87 -7.74 1.58 21.61 3.01 45.407992 11.888370 1
6.07 -7.76 1.53 22.04 3.01 45.407992 11.888370 1
6.05 -7.84 1.69 22.05 3.01 45.407992 11.888370 1
5.82 -7.87 1.9 22.07 3.01 45.407992 11.888370 1
5.7 -7.83 1.75 21.54 3.01 45.407992 11.888370 1
5.74 -7.92 1.48 21.97 3.12 45.407986 11.888328 0
5.84 -7.94 1.57 21.95 3.12 45.407986 11.888328 1
6.02 -7.75 1.81 21.92 3.12 45.407986 11.888328 0
6.16 -7.72 1.76 21.87 3.12 45.407986 11.888328 1
6.12 -7.91 1.67 21.51 3.12 45.407986 11.888328 1
6.02 -7.87 1.81 21.87 3.12 45.407986 11.888328 1
6.09 -7.63 1.85 21.9 3.12 45.407986 11.888328 1
6.17 -7.59 1.67 21.8 3.12 45.407986 11.888328 1
6.05 -7.77 1.67 21.61 3.12 45.407986 11.888328 1
5.82 -7.92 1.93 22.02 3.12 45.407986 11.888328 1
5.7 -8.01 2.09 22.12 3.12 45.407986 11.888328 1
5.71 -7.99 2.1 22.12 3.12 45.407986 11.888328 1
5.74 -7.86 2.08 22.21 3.12 45.407986 11.888328 1
5.76 -7.84 1.91 21.76 3.12 45.407986 11.888328 1
5.78 -7.99 1.63 22.12 3.12 45.407986 11.888328 1
5.88 -8.03 1.56 21.99 3.12 45.407986 11.888328 1
6.04 -7.89 1.72 21.33 3.12 45.407986 11.888328 1
6.12 -7.76 1.79 21.9 3.46 45.407978 11.888284 0
6.06 -7.68 1.69 22.0 3.46 45.407978 11.888284 1
6.0 -7.66 1.64 22.0 3.46 45.407978 11.888284 0
5.95 -7.83 1.68 21.92 3.46 45.407978 11.888284 1
5.83 -8.1 1.66 21.51 3.46 45.407978 11.888284 1
5.68 -8.09 1.53 22.0 3.46 45.407978 11.888284 1
5.67 -7.75 1.49 22.0 3.46 45.407978 11.888284 1
5.85 -7.57 1.68 22.0 3.46 45.407978 11.888284 1
6.04 -7.88 1.87 21.9 3.46 45.407978 11.888284 1
6.0 -8.21 1.81 22.07 3.46 45.407978 11.888284 1
5.92 -7.94 1.74 21.66 3.46 45.407978 11.888284 1
6.1 -7.4 1.81 22.09 3.46 45.407978 11.888284 1
6.24 -7.42 1.81 21.92 3.46 45.407978 11.888284 1
6.04 -7.84 1.82 21.85 3.46 45.407978 11.888284 1
5.89 -7.9 2.06 21.71 3.46 45.407978 11.888284 1
5.97 -7.81 2.16 21.83 3.46 45.407978 11.888284 1
5.84 -7.99 1.95 22.43 3.46 45.407978 11.888284 1
5.61 -7.86 1.9 21.69 3.46 45.407978 11.888284 1
5.66 -7.45 1.98 22.21 2.52 45.407975 11.888249 0
5.66 -7.72 1.75 21.93 2.52 45.407975 11.888249 1
5.55 -8.33 1.69 21.95 2.52 45.407975 11.888249 0
5.84 -8.12 2.02 21.45 2.52 45.407975 11.888249 1
5.9 -7.53 1.91 21.33 2.52 45.407975 11.888249 1
5.24 -7.0 1.59 21.33 2.52 45.407975 11.888249 1
5.82 -6.39 1.98 20.79 2.52 45.407975 11.888249 1
8.23 -7.33 2.17 21.3 2.52 45.407975 11.888249 1
8.48 -9.88 1.63 21.9 2.52 45.407975 11.888249 1
4.68 -8.89 1.97 25.54 2.52 45.407975 11.888249 1
2.12 -3.59 2.41 25.79 2.52 45.407975 11.888249 1
4.69 -3.14 0.08 21.59 2.52 45.407975 11.888249 1
7.78 -10.4 -2.67 20.32 2.52 45.407975 11.888249 1
6.65 -14.05 -0.88 20.84 2.52 45.407975 11.888249 1
4.2 -8.66 3.29 22.14 2.52 45.407975 11.888249 1
4.53 -4.09 4.0 22.21 2.52 45.407975 11.888249 1
6.31 -5.88 2.03 21.95 2.52 45.407975 11.888249 1
7.06 -7.62 1.57 21.8 3.05 45.407964 11.888211 0
7.15 -6.72 2.32 21.75 3.05 45.407964 11.888211 1
6.99 -7.31 2.19 21.23 3.05 45.407964 11.888211 0
6.14 -8.76 1.78 21.49 3.05 45.407964 11.888211 1
5.31 -7.97 1.79 21.71 3.05 45.407964 11.888211 1
5.47 -6.96 1.7 21.54 3.05 45.407964 11.888211 1
6.01 -7.87 1.63 21.54 3.05 45.407964 11.888211 1
6.06 -8.61 1.94 21.51 3.05 45.407964 11.888211 1
5.92 -8.07 2.06 22.0 3.05 45.407964 11.888211 1
6.02 -7.78 1.79 22.16 3.05 45.407964 11.888211 1
6.24 -7.89 1.63 22.05 3.05 45.407964 11.888211 1
6.35 -7.67 1.62 22.04 3.05 45.407964 11.888211 1
6.31 -7.58 1.58 22.05 3.05 45.407964 11.888211 1
6.21 -7.86 1.6 22.07 3.05 45.407964 11.888211 1
6.08 -7.96 1.68 21.92 3.05 45.407964 11.888211 1
5.79 -7.93 1.68 22.05 3.05 45.407964 11.888211 1
5.46 -8.02 1.63 22.05 3.05 45.407964 11.888211 1
5.48 -8.0 1.58 21.95 3.05 45.407964 11.888211 1
5.79 -7.91 1.58 21.92 3.34 45.407950 11.888170 0
5.91 -7.91 1.75 21.87 3.34 45.407950 11.888170 1
5.9 -7.8 1.97 21.49 3.34 45.407950 11.888170 0
6.07 -7.56 1.96 21.85 3.34 45.407950 11.888170 1
6.22 -7.62 1.81 21.9 3.34 45.407950 11.888170 1
6.07 -7.9 1.77 21.45 3.34 45.407950 11.888170 1
5.86 -7.93 1.88 21.78 3.34 45.407950 11.888170 1
5.91 -7.75 2.04 21.76 3.34 45.407950 11.888170 1
6.06 -7.72 2.13 21.88 3.34 45.407950 11.888170 1
6.03 -7.78 1.96 22.43 3.34 45.407950 11.888170 1
5.83 -7.73 1.7 21.76 3.34 45.407950 11.888170 1
5.73 -7.67 1.65 22.23 3.34 45.407950 11.888170 1
5.91 -7.74 1.69 22.17 3.34 45.407950 11.888170 1
6.13 -7.84 1.6 22.09 3.34 45.407950 11.888170 1
6.1 -7.89 1.55 21.66 3.34 45.407950 11.888170 1
5.98 -7.91 1.67 22.05 3.34 45.407950 11.888170 1
6.05 -7.88 1.69 21.92 3.34 45.407950 11.888170 1
6.19 -7.72 1.65 21.92 2.57 45.407941 11.888140 0
6.1 -7.56 1.79 22.02 2.57 45.407941 11.888140 1
5.91 -7.66 1.95 21.33 2.57 45.407941 11.888140 0
5.78 -7.97 1.85 21.8 2.57 45.407941 11.888140 1
5.64 -8.07 1.66 21.95 2.57 45.407941 11.888140 1
5.47 -7.86 1.62 21.95 2.57 45.407941 11.888140 1
5.41 -7.69 1.64 21.95 2.57 45.407941 11.888140 1
5.45 -7.73 1.61 21.96 2.57 45.407941 11.888140 1
5.45 -7.77 1.61 21.95 2.57 45.407941 11.888140 1
5.43 -7.73 1.64 21.94 2.57 45.407941 11.888140 1
5.44 -7.72 1.62 21.96 2.57 45.407941 11.888140 1
5.45 -7.75 1.61 21.96 2.57 45.407941 11.888140 1
5.44 -7.75 1.62 21.96 2.57 45.407941 11.888140 1
5.44 -7.73 1.63 21.94 2.57 45.407941 11.888140 1
5.44 -7.75 1.62 21.95 2.57 45.407941 11.888140 1
5.43 -7.75 1.63 21.94 2.57 45.407941 11.888140 1
5.44 -7.74 1.63 21.94 2.57 45.407941 11.888140 1
5.45 -7.74 1.62 21.95 2.57 45.407941 11.888140 1
5.44 -7.74 1.62 21.94 2.57 45.407941 11.888140 1
5.44 -7.74 1.63 21.94 2.57 45.407941 11.888140 1
5.45 -7.75 1.63 21.96 2.57 45.407941 11.888140 1
5.45 -7.75 1.62 21.95 2.57 45.407941 11.888140 1
5.43 -7.74 1.62 21.94 2.57 45.407941 11.888140 1
5.43 -7.73 1.62 21.95 2.57 45.407941 11.888140 1
5.44 -7.74 1.62 21.96 2.57 45.407941 11.888140 1
5.45 -7.74 1.62 21.95 2.57 45.407941 11.888140 1
5.44 -7.74 1.61 21.94 2.57 45.407941 11.888140 1
5.45 -7.74 1.62 21.96 2.57 45.407941 11.888140 1
5.45 -7.74 1.63 21.96 2.57 45.407941 11.888140 1
5.45 -7.74 1.63 21.94 2.57 45.407941 11.888140 1
5.44 -7.74 1.63 21.96 2.57 45.407941 11.888140 1
5.44 -7.74 1.61 21.96 2.57 45.407941 11.888140 1
5.44 -7.73 1.61 21.96 2.57 45.407941 11.888140 1
5.43 -7.74 1.62 21.94 2.57 45.407941 11.888140 1
5.43 -7.75 1.62 21.94 2.57 45.407941 11.888140 1
5.44 -7.75 1.62 21.96 2.57 45.407941 11.888140 1
5.45 -7.74 1.61 21.94 2.57 45.407941 11.888140 1
5.45 -7.74 1.62 21.96 2.57 45.407941 11.888140 1
5.44 -7.74 1.62 21.94 2.57 45.407941 11.888140 1
5.44 -7.75 1.61 21.96 2.57 45.407941 11.888140 1
5.43 -7.75 1.61 21.95 2.57 45.407941 11.888140 1
5.44 -7.74 1.62 21.96 2.57 45.407941 11.888140 1
5.44 -7.75 1.62 21.96 2.57 45.407941 11.888140 1
5.44 -7.75 1.61 21.95 2.57 45.407941 11.888140 1
5.43 -7.74 1.62 21.96 2.57 45.407941 11.888140 1
5.43 -7.74 1.62 21.94 2.57 45.407941 11.888140 1
5.44 -7.74 1.62 21.94 2.57 45.407941 11.888140 1
5.44 -7.75 1.62 21.94 2.57 45.407941 11.888140 1
5.44 -7.75 1.63 21.96 2.57 45.407941 11.888140 1
5.43 -7.75 1.63 21.94 2.57 45.407941 11.888140 1
5.43 -7.74 1.62 21.94 2.57 45.407941 11.888140 1
5.43 -7.73 1.62 21.94 2.57 45.407941 11.888140 1
5.44 -7.74 1.63 21.95 2.57 45.407941 11.888140 1
5.44 -7.75 1.63 21.95 2.57 45.407941 11.888140 1
5.44 -7.75 1.62 21.96 2.57 45.407941 11.888140 1
5.44 -7.74 1.63 21.96 2.57 45.407941 11.888140 1
5.44 -7.74 1.63 21.95 2.57 45.407941 11.888140 1
5.44 -7.73 1.63 21.95 2.57 45.407941 11.888140 1
5.44 -7.74 1.63 21.95 2.57 45.407941 11.888140 1
5.44 -7.74 1.63 21.95 2.57 45.407941 11.888140 1
5.44 -7.75 1.62 21.95 2.57 45.407941 11.888140 1
5.44 -7.74 1.62 21.96 2.57 45.407941 11.888140 1
5.44 -7.74 1.62 21.94 2.57 45.407941 11.888140 1
5.45 -7.73 1.62 21.94 2.57 45.407941 11.888140 1
5.44 -7.73 1.62 21.95 2.57 45.407941 11.888140 1
5.44 -7.74 1.62 21.95 2.57 45.407941 11.888140 1
5.43 -7.74 1.61 21.94 2.57 45.407941 11.888140 1
5.44 -7.75 1.61 21.94 2.57 45.407941 11.888140 1
5.45 -7.75 1.62 21.96 2.57 45.407941 11.888140 1
5.44 -7.74 1.62 21.95 2.57 45.407941 11.888140 1
5.44 -7.74 1.62 21.95 2.57 45.407941 11.888140 1
5.45 -7.74 1.62 21.96 2.57 45.407941 11.888140 1
5.45 -7.75 1.62 21.96 2.57 45.407941 11.888140 1
5.44 -7.75 1.62 21.94 2.57 45.407941 11.888140 1
5.43 -7.75 1.61 21.95 2.57 45.407941 11.888140 1
5.43 -7.75 1.63 21.95 2.57 45.407941 11.888140 1
