5.69 -7.59 1.68 21.75 2.7 45.408017 11.888668 0
6.27 -7.64 1.73 21.76 2.7 45.408017 11.888668 0
6.71 -7.61 1.74 21.33 2.7 45.408017 11.888668 1
6.58 -7.52 1.8 22.14 2.7 45.408017 11.888668 1
6.1 -7.36 1.81 22.35 2.7 45.408017 11.888668 1
6.08 -7.3 1.61 22.21 2.7 45.408017 11.888668 1
6.33 -7.67 1.37 21.54 2.7 45.408017 11.888668 1
6.03 -8.36 1.38 22.0 2.7 45.408017 11.888668 1
5.49 -8.57 1.51 22.05 2.7 45.408017 11.888668 1
5.54 -8.02 1.53 22.05 2.7 45.408017 11.888668 1
5.87 -7.56 1.53 21.92 2.7 45.408017 11.888668 1
5.85 -7.77 1.61 21.92 2.7 45.408017 11.888668 1
5.83 -7.98 1.68 22.42 2.7 45.408017 11.888668 1
6.15 -7.72 1.78 22.05 2.7 45.408017 11.888668 1
6.3 -7.47 2.02 22.05 2.7 45.408017 11.888668 1
6.12 -7.54 2.13 22.36 2.7 45.408017 11.888668 1
6.12 -7.62 1.91 21.78 2.7 45.408017 11.888668 1
6.29 -7.67 1.67 22.16 3.48 45.408017 11.888632 0
6.14 -7.83 1.76 21.83 3.48 45.408017 11.888632 1
5.82 -7.92 1.97 22.0 3.48 45.408017 11.888632 0
5.75 -7.82 1.9 22.31 3.48 45.408017 11.888632 1
5.85 -7.83 1.73 22.02 3.48 45.408017 11.888632 1
5.88 -8.0 1.86 21.9 3.48 45.408017 11.888632 1
5.86 -8.03 2.13 22.36 3.48 45.408017 11.888632 1
5.88 -7.85 2.16 22.42 3.48 45.408017 11.888632 1
5.96 -7.7 1.98 22.36 3.48 45.408017 11.888632 1
6.05 -7.72 1.85 21.95 3.48 45.408017 11.888632 1
6.05 -7.73 1.79 21.92 3.48 45.408017 11.888632 1
5.98 -7.57 1.74 22.09 3.48 45.408017 11.888632 1
6.06 -7.44 1.79 22.02 3.48 45.408017 11.888632 1
6.21 -7.62 1.91 22.42 3.48 45.408017 11.888632 1
6.09 -7.93 1.86 21.95 3.48 45.408017 11.888632 1
5.74 -8.0 1.61 22.02 3.48 45.408017 11.888632 1
5.6 -7.85 1.49 21.45 3.48 45.408017 11.888632 1
5.83 -7.77 1.66 21.83 2.23 45.408017 11.888609 0
6.09 -7.79 1.82 22.0 2.23 45.408017 11.888609 1
6.11 -7.74 1.76 22.4 2.23 45.408017 11.888609 0
6.0 -7.76 1.7 21.97 2.23 45.408017 11.888609 1
5.99 -7.89 1.84 21.97 2.23 45.408017 11.888609 1
6.09 -7.91 1.98 21.8 2.23 45.408017 11.888609 1
6.15 -7.77 1.93 21.83 2.23 45.408017 11.888609 1
6.15 -7.72 1.79 21.9 2.23 45.408017 11.888609 1
6.09 -7.83 1.72 22.0 2.23 45.408017 11.888609 1
5.94 -7.91 1.77 22.05 2.23 45.408017 11.888609 1
5.78 -7.9 1.91 22.54 2.23 45.408017 11.888609 1
5.7 -7.88 2.01 22.16 2.23 45.408017 11.888609 1
5.73 -7.86 1.96 22.05 2.23 45.408017 11.888609 1
5.77 -7.89 1.88 22.05 2.23 45.408017 11.888609 1
5.78 -7.97 1.86 21.97 2.23 45.408017 11.888609 1
5.83 -7.91 1.83 22.0 2.23 45.408017 11.888609 1
5.94 -7.74 1.75 22.23 2.23 45.408017 11.888609 1
6.09 -7.76 1.67 21.9 2.23 45.408017 11.888609 1
6.15 -7.9 1.66 21.9 1.17 45.408017 11.888595 0
6.01 -7.75 1.72 21.9 1.17 45.408017 11.888595 0
5.92 -7.49 1.8 21.83 1.17 45.408017 11.888595 1
6.08 -7.69 1.77 22.35 1.17 45.408017 11.888595 1
6.14 -8.09 1.68 21.54 1.17 45.408017 11.888595 1
5.81 -8.09 1.66 21.99 1.17 45.408017 11.888595 1
5.53 -7.88 1.65 22.45 1.17 45.408017 11.888595 1
5.75 -7.88 1.56 22.0 1.17 45.408017 11.888595 1
6.03 -7.87 1.6 22.05 1.17 45.408017 11.888595 1
5.98 -7.75 1.86 22.47 1.17 45.408017 11.888595 1
5.9 -7.78 1.97 22.05 1.17 45.408017 11.888595 1
6.02 -7.91 1.79 21.57 1.17 45.408017 11.888595 1
6.06 -7.8 1.69 22.0 1.17 45.408017 11.888595 1
5.97 -7.67 1.8 21.59 1.17 45.408017 11.888595 1
5.96 -7.76 1.84 22.5 1.17 45.408017 11.888595 1
5.97 -7.82 1.85 22.43 1.17 45.408017 11.888595 1
5.86 -7.76 2.01 21.99 1.17 45.408017 11.888595 1
5.73 -7.84 2.1 22.76 2.47 45.408021 11.888573 0
5.74 -7.98 1.92 21.85 2.47 45.408021 11.888573 1
5.87 -7.95 1.68 21.88 2.47 45.408021 11.888573 0
5.96 -7.86 1.64 21.95 2.47 45.408021 11.888573 1
5.92 -7.8 1.75 22.11 2.47 45.408021 11.888573 1
5.85 -7.62 1.9 22.0 2.47 45.408021 11.888573 1
5.95 -7.55 1.96 21.75 2.47 45.408021 11.888573 1
6.15 -7.84 1.8 21.66 2.47 45.408021 11.888573 1
6.19 -8.05 1.62 21.76 2.47 45.408021 11.888573 1
6.09 -7.82 1.72 21.92 2.47 45.408021 11.888573 1
6.04 -7.6 1.91 22.0 2.47 45.408021 11.888573 1
5.93 -7.76 1.82 22.05 2.47 45.408021 11.888573 1
5.69 -7.94 1.55 22.16 2.47 45.408021 11.888573 1
5.61 -7.91 1.53 22.02 2.47 45.408021 11.888573 1
5.83 -7.89 1.74 22.38 2.47 45.408021 11.888573 1
6.02 -7.96 1.82 22.47 2.47 45.408021 11.888573 1
5.96 -7.93 1.81 21.95 2.47 45.408021 11.888573 1
5.83 -7.68 1.99 22.35 2.47 45.408021 11.888573 1
5.87 -7.4 2.2 22.0 3.23 45.408023 11.888538 0
6.11 -7.49 2.09 21.95 3.23 45.408023 11.888538 1
6.26 -7.91 1.87 21.83 3.23 45.408023 11.888538 0
6.08 -8.04 1.94 21.76 3.23 45.408023 11.888538 1
5.78 -7.71 2.08 21.8 3.23 45.408023 11.888538 1
5.77 -7.61 1.96 21.95 3.23 45.408023 11.888538 1
5.89 -7.94 1.8 21.54 3.23 45.408023 11.888538 1
5.79 -8.02 1.86 22.4 3.23 45.408023 11.888538 1
5.66 -7.74 1.96 22.57 3.23 45.408023 11.888538 1
5.82 -7.73 1.97 22.11 3.23 45.408023 11.888538 1
5.99 -7.92 1.99 22.02 3.23 45.408023 11.888538 1
5.91 -7.77 1.94 22.02 3.23 45.408023 11.888538 1
5.79 -7.5 1.78 22.05 3.23 45.408023 11.888538 1
5.9 -7.59 1.72 22.52 3.23 45.408023 11.888538 1
6.09 -7.8 1.77 22.47 3.23 45.408023 11.888538 1
6.19 -7.81 1.71 22.02 3.23 45.408023 11.888538 1
6.16 -7.83 1.63 21.83 3.23 45.408023 11.888538 1
5.98 -7.88 1.67 21.95 3.41 45.408020 11.888495 0
5.75 -7.83 1.73 21.92 3.41 45.408020 11.888495 1
5.63 -7.86 1.71 21.95 3.41 45.408020 11.888495 0
5.68 -8.08 1.75 22.69 3.41 45.408020 11.888495 1
5.79 -8.09 1.83 22.21 3.41 45.408020 11.888495 1
5.9 -7.8 1.85 21.85 3.41 45.408020 11.888495 1
5.95 -7.64 1.88 21.97 3.41 45.408020 11.888495 1
5.91 -7.74 2.02 22.78 3.41 45.408020 11.888495 1
5.9 -7.81 2.05 21.87 3.41 45.408020 11.888495 1
6.05 -7.84 1.87 21.97 3.41 45.408020 11.888495 1
6.15 -7.9 1.73 22.0 3.41 45.408020 11.888495 1
5.94 -7.85 1.78 22.14 3.41 45.408020 11.888495 1
5.64 -7.79 1.88 22.16 3.41 45.408020 11.888495 1
5.65 -7.95 1.92 22.05 3.41 45.408020 11.888495 1
5.86 -8.09 1.94 22.07 3.41 45.408020 11.888495 1
5.94 -7.97 1.93 22.11 3.41 45.408020 11.888495 1
5.95 -7.82 1.87 22.11 3.41 45.408020 11.888495 1
6.03 -7.82 1.77 22.05 3.41 45.408020 11.888495 1
6.02 -7.77 1.65 22.55 3.29 45.408010 11.888454 0
5.91 -7.7 1.56 22.55 3.29 45.408010 11.888454 1
5.98 -7.73 1.69 22.35 3.29 45.408010 11.888454 0
6.17 -7.78 1.88 22.66 3.29 45.408010 11.888454 1
6.11 -7.86 1.83 23.07 3.29 45.408010 11.888454 1
5.94 -7.89 1.7 21.9 3.29 45.408010 11.888454 1
5.87 -7.68 1.81 22.0 3.29 45.408010 11.888454 1
5.72 -7.5 1.92 22.79 3.29 45.408010 11.888454 1
5.59 -7.85 1.74 23.29 3.29 45.408010 11.888454 1
5.91 -8.21 1.58 21.95 3.29 45.408010 11.888454 1
6.31 -7.95 1.72 21.97 3.29 45.408010 11.888454 1
6.07 -7.62 1.88 23.12 3.29 45.408010 11.888454 1
5.6 -7.66 1.86 22.31 3.29 45.408010 11.888454 1
5.8 -7.65 1.8 21.95 3.29 45.408010 11.888454 1
6.31 -7.67 1.74 22.26 3.29 45.408010 11.888454 1
6.3 -8.03 1.68 22.28 3.29 45.408010 11.888454 1
5.95 -7.94 1.77 22.29 3.29 45.408010 11.888454 1
5.84 -7.25 1.95 22.0 2.87 45.408005 11.888416 0
5.9 -7.32 1.97 21.9 2.87 45.408005 11.888416 1
5.78 -8.24 1.83 22.35 2.87 45.408005 11.888416 0
5.55 -8.42 1.71 21.95 2.87 45.408005 11.888416 1
5.56 -7.81 1.62 21.81 2.87 45.408005 11.888416 1
5.96 -7.75 1.58 21.76 2.87 45.408005 11.888416 1
6.33 -7.99 1.72 21.8 2.87 45.408005 11.888416 1
6.24 -7.6 1.85 22.05 2.87 45.408005 11.888416 1
5.96 -7.2 1.75 22.4 2.87 45.408005 11.888416 1
6.01 -7.59 1.55 22.05 2.87 45.408005 11.888416 1
6.26 -8.12 1.57 21.97 2.87 45.408005 11.888416 1
6.27 -8.03 1.84 22.36 2.87 45.408005 11.888416 1
6.12 -7.73 2.08 21.95 2.87 45.408005 11.888416 1
5.97 -7.75 2.0 22.47 2.87 45.408005 11.888416 1
5.73 -7.98 1.68 23.34 2.87 45.408005 11.888416 1
5.57 -8.03 1.49 22.83 2.87 45.408005 11.888416 1
5.77 -7.85 1.61 22.4 2.87 45.408005 11.888416 1
6.12 -7.7 1.82 22.42 2.87 45.408005 11.888416 1
6.15 -7.74 1.89 21.85 3.13 45.408004 11.888377 0
5.98 -7.79 1.9 21.81 3.13 45.408004 11.888377 1
6.03 -7.78 1.93 22.29 3.13 45.408004 11.888377 0
6.23 -7.85 1.95 21.9 3.13 45.408004 11.888377 1
6.23 -7.86 1.91 21.88 3.13 45.408004 11.888377 1
6.02 -7.7 1.94 21.83 3.13 45.408004 11.888377 1
5.84 -7.72 2.02 21.95 3.13 45.408004 11.888377 1
5.8 -7.95 2.01 21.85 3.13 45.408004 11.888377 1
5.84 -7.85 1.81 22.38 3.13 45.408004 11.888377 1
5.81 -7.51 1.62 22.17 3.13 45.408004 11.888377 1
5.73 -7.65 1.66 22.05 3.13 45.408004 11.888377 1
5.86 -8.04 1.78 22.14 3.13 45.408004 11.888377 1
6.18 -7.97 1.76 22.19 3.13 45.408004 11.888377 1
6.28 -7.63 1.67 22.07 3.13 45.408004 11.888377 1
6.03 -7.54 1.77 22.21 3.13 45.408004 11.888377 1
5.91 -7.58 1.96 22.57 3.13 45.408004 11.888377 1
6.12 -7.76 1.91 21.85 3.13 45.408004 11.888377 1
6.22 -8.19 1.63 21.75 2.76 45.408002 11.888340 0
5.88 -8.25 1.52 21.49 2.76 45.408002 11.888340 1
5.53 -7.7 1.68 21.99 2.76 45.408002 11.888340 0
5.65 -7.46 1.75 21.95 2.76 45.408002 11.888340 1
5.99 -7.92 1.61 21.8 2.76 45.408002 11.888340 1
6.08 -8.11 1.68 21.95 2.76 45.408002 11.888340 1
5.94 -7.68 2.0 21.95 2.76 45.408002 11.888340 1
5.93 -7.42 2.11 21.93 2.76 45.408002 11.888340 1
6.15 -7.63 2.02 21.78 2.76 45.408002 11.888340 1
6.33 -7.74 2.09 22.0 2.76 45.408002 11.888340 1
6.3 -7.61 2.23 21.59 2.76 45.408002 11.888340 1
6.12 -7.51 2.09 22.07 2.76 45.408002 11.888340 1
5.86 -7.59 1.84 22.11 2.76 45.408002 11.888340 1
5.61 -7.86 1.79 22.05 2.76 45.408002 11.888340 1
5.53 -8.16 1.77 22.0 2.76 45.408002 11.888340 1
5.65 -8.18 1.72 21.97 2.76 45.408002 11.888340 1
5.8 -7.95 1.76 21.8 2.76 45.408002 11.888340 1
5.87 -7.8 1.8 21.93 2.76 45.408002 11.888340 1
5.99 -7.78 1.73 21.9 3.04 45.407997 11.888302 0
6.19 -7.75 1.7 21.92 3.04 45.407997 11.888302 1
6.28 -7.73 1.7 21.52 3.04 45.407997 11.888302 0
6.12 -7.7 1.59 22.04 3.04 45.407997 11.888302 1
5.92 -7.65 1.61 22.09 3.04 45.407997 11.888302 1
5.89 -7.74 1.88 22.0 3.04 45.407997 11.888302 1
5.94 -8.0 1.98 21.9 3.04 45.407997 11.888302 1
5.83 -8.16 1.69 21.8 3.04 45.407997 11.888302 1
5.62 -8.11 1.52 22.02 3.04 45.407997 11.888302 1
5.59 -7.97 1.73 22.11 3.04 45.407997 11.888302 1
5.82 -7.8 1.98 22.05 3.04 45.407997 11.888302 1
6.1 -7.7 2.01 22.0 3.04 45.407997 11.888302 1
6.23 -7.72 1.92 21.97 3.04 45.407997 11.888302 1
6.21 -7.74 1.81 22.54 3.04 45.407997 11.888302 1
6.13 -7.63 1.79 21.75 3.04 45.407997 11.888302 1
6.1 -7.53 1.91 22.16 3.04 45.407997 11.888302 1
6.15 -7.68 1.99 21.83 3.04 45.407997 11.888302 1
6.11 -7.96 1.87 21.92 2.76 45.407992 11.888264 0
5.91 -8.01 1.67 22.0 2.76 45.407992 11.888264 1
5.65 -7.76 1.57 21.63 2.76 45.407992 11.888264 0
5.58 -7.66 1.66 21.76 2.76 45.407992 11.888264 1
5.83 -7.91 1.83 21.73 2.76 45.407992 11.888264 1
6.2 -8.06 1.78 21.69 2.76 45.407992 11.888264 1
6.15 -7.93 1.52 21.45 2.76 45.407992 11.888264 1
5.74 -7.81 1.56 21.49 2.76 45.407992 11.888264 1
5.66 -7.64 1.87 21.93 2.76 45.407992 11.888264 1
5.97 -7.37 1.95 22.16 2.76 45.407992 11.888264 1
6.07 -7.6 1.85 22.47 2.76 45.407992 11.888264 1
6.05 -8.15 1.94 22.07 2.76 45.407992 11.888264 1
6.08 -8.1 1.99 21.56 2.76 45.407992 11.888264 1
5.54 -7.57 1.89 21.85 2.76 45.407992 11.888264 1
5.06 -7.17 1.84 21.08 2.76 45.407992 11.888264 1
6.5 -7.1 1.58 21.23 2.76 45.407992 11.888264 1
8.65 -8.28 1.09 21.03 2.76 45.407992 11.888264 1
7.78 -10.21 1.32 22.4 2.76 45.407992 11.888264 1
4.27 -8.84 2.05 25.24 1.89 45.407988 11.888235 0
2.85 -4.15 1.73 25.52 1.89 45.407988 11.888235 1
4.72 -4.07 0.99 22.19 1.89 45.407988 11.888235 0
6.25 -10.63 1.79 20.15 1.89 45.407988 11.888235 1
5.66 -13.75 3.1 20.56 1.89 45.407988 11.888235 1
4.76 -8.73 2.67 22.09 1.89 45.407988 11.888235 1
4.69 -4.43 1.64 22.12 1.89 45.407988 11.888235 1
5.07 -6.12 1.91 22.0 1.89 45.407988 11.888235 1
5.79 -8.42 2.22 21.87 1.89 45.407988 11.888235 1
6.56 -8.21 1.41 21.66 1.89 45.407988 11.888235 1
6.64 -7.99 1.04 22.04 1.89 45.407988 11.888235 1
6.19 -7.86 1.79 22.16 1.89 45.407988 11.888235 1
6.05 -6.95 2.15 22.21 1.89 45.407988 11.888235 1
6.18 -7.03 1.68 21.61 1.89 45.407988 11.888235 1
6.12 -8.22 1.48 21.95 1.89 45.407988 11.888235 1
5.96 -8.36 1.63 22.0 1.89 45.407988 11.888235 1
5.91 -7.67 1.54 22.0 1.89 45.407988 11.888235 1
5.92 -7.58 1.45 21.51 2.41 45.407966 11.888227 0
5.91 -7.72 1.61 21.93 2.41 45.407966 11.888227 1
5.8 -7.78 1.69 21.93 2.41 45.407966 11.888227 0
5.71 -8.06 1.71 22.0 2.41 45.407966 11.888227 1
5.93 -8.01 1.96 21.99 2.41 45.407966 11.888227 1
6.28 -7.53 2.22 21.85 2.41 45.407966 11.888227 1
6.31 -7.52 2.21 21.54 2.41 45.407966 11.888227 1
6.26 -7.75 2.08 21.93 2.41 45.407966 11.888227 1
6.49 -7.44 1.89 21.95 2.41 45.407966 11.888227 1
6.51 -7.28 1.6 22.05 2.41 45.407966 11.888227 1
5.98 -7.79 1.6 22.05 2.41 45.407966 11.888227 1
5.53 -8.1 2.03 21.66 2.41 45.407966 11.888227 1
5.55 -7.96 2.2 22.52 2.41 45.407966 11.888227 1
5.58 -8.04 1.81 22.05 2.41 45.407966 11.888227 1
5.48 -8.17 1.61 22.02 2.41 45.407966 11.888227 1
5.58 -7.93 1.91 21.52 2.41 45.407966 11.888227 1
5.84 -7.75 2.04 21.95 2.41 45.407966 11.888227 1
5.97 -7.82 1.72 21.28 2.41 45.407966 11.888227 1
6.04 -7.8 1.52 21.39 3.35 45.407945 11.888201 0
6.1 -7.68 1.69 21.95 3.35 45.407945 11.888201 1
5.98 -7.67 1.93 22.02 3.35 45.407945 11.888201 0
5.82 -7.63 2.03 22.09 3.35 45.407945 11.888201 1
5.84 -7.66 1.98 22.05 3.35 45.407945 11.888201 1
5.91 -7.97 1.76 21.54 3.35 45.407945 11.888201 1
5.87 -8.2 1.6 21.49 3.35 45.407945 11.888201 1
5.81 -8.04 1.72 21.97 3.35 45.407945 11.888201 1
5.74 -7.81 1.88 22.16 3.35 45.407945 11.888201 1
5.65 -7.78 1.75 22.16 3.35 45.407945 11.888201 1
5.74 -7.84 1.53 22.0 3.35 45.407945 11.888201 1
5.98 -7.99 1.61 21.87 3.35 45.407945 11.888201 1
6.02 -8.18 1.81 21.9 3.35 45.407945 11.888201 1
5.75 -8.07 1.7 22.0 3.35 45.407945 11.888201 1
5.57 -7.72 1.42 22.09 3.35 45.407945 11.888201 1
5.67 -7.65 1.38 22.0 3.35 45.407945 11.888201 1
5.85 -7.94 1.58 21.66 3.35 45.407945 11.888201 1
5.93 -8.07 1.74 21.85 1.48 45.407942 11.888179 0
5.9 -7.86 1.84 21.83 1.48 45.407942 11.888179 1
5.86 -7.69 1.97 21.95 1.48 45.407942 11.888179 0
5.92 -7.7 1.98 21.87 1.48 45.407942 11.888179 1
6.09 -7.7 1.87 21.75 1.48 45.407942 11.888179 1
6.22 -7.64 1.83 21.4 1.48 45.407942 11.888179 1
6.22 -7.64 1.89 21.39 1.48 45.407942 11.888179 1
6.19 -7.67 1.89 21.41 1.48 45.407942 11.888179 1
6.21 -7.67 1.85 21.4 1.48 45.407942 11.888179 1
6.21 -7.66 1.86 21.4 1.48 45.407942 11.888179 1
6.2 -7.66 1.88 21.4 1.48 45.407942 11.888179 1
6.21 -7.67 1.86 21.4 1.48 45.407942 11.888179 1
6.22 -7.66 1.85 21.4 1.48 45.407942 11.888179 1
6.21 -7.66 1.87 21.4 1.48 45.407942 11.888179 1
6.21 -7.67 1.87 21.4 1.48 45.407942 11.888179 1
6.21 -7.66 1.85 21.4 1.48 45.407942 11.888179 1
6.21 -7.66 1.86 21.39 1.48 45.407942 11.888179 1
6.21 -7.66 1.87 21.41 1.48 45.407942 11.888179 1
6.21 -7.66 1.87 21.39 1.48 45.407942 11.888179 1
6.21 -7.66 1.87 21.4 1.48 45.407942 11.888179 1
6.21 -7.67 1.88 21.4 1.48 45.407942 11.888179 1
6.21 -7.67 1.87 21.41 1.48 45.407942 11.888179 1
6.21 -7.67 1.87 21.41 1.48 45.407942 11.888179 1
6.21 -7.67 1.87 21.41 1.48 45.407942 11.888179 1
6.21 -7.66 1.87 21.39 1.48 45.407942 11.888179 1
6.22 -7.65 1.87 21.39 1.48 45.407942 11.888179 1
6.21 -7.65 1.87 21.4 1.48 45.407942 11.888179 1
6.21 -7.66 1.87 21.4 1.48 45.407942 11.888179 1
6.21 -7.66 1.86 21.4 1.48 45.407942 11.888179 1
6.21 -7.66 1.86 21.41 1.48 45.407942 11.888179 1
6.21 -7.66 1.86 21.4 1.48 45.407942 11.888179 1
6.21 -7.66 1.86 21.4 1.48 45.407942 11.888179 1
6.22 -7.65 1.87 21.39 1.48 45.407942 11.888179 1
6.21 -7.65 1.88 21.41 1.48 45.407942 11.888179 1
6.21 -7.66 1.87 21.4 1.48 45.407942 11.888179 1
6.21 -7.66 1.87 21.4 1.48 45.407942 11.888179 1
6.2 -7.66 1.87 21.4 1.48 45.407942 11.888179 1
6.2 -7.67 1.87 21.4 1.48 45.407942 11.888179 1
6.21 -7.67 1.87 21.4 1.48 45.407942 11.888179 1
6.21 -7.66 1.87 21.39 1.48 45.407942 11.888179 1
6.21 -7.66 1.87 21.4 1.48 45.407942 11.888179 1
6.21 -7.66 1.87 21.41 1.48 45.407942 11.888179 1
6.21 -7.66 1.87 21.39 1.48 45.407942 11.888179 1
6.21 -7.66 1.87 21.4 1.48 45.407942 11.888179 1
6.21 -7.66 1.87 21.4 1.48 45.407942 11.888179 1
6.21 -7.66 1.86 21.41 1.48 45.407942 11.888179 1
6.2 -7.66 1.87 21.41 1.48 45.407942 11.888179 1
6.2 -7.66 1.87 21.4 1.48 45.407942 11.888179 1
6.21 -7.67 1.86 21.41 1.48 45.407942 11.888179 1
6.22 -7.67 1.86 21.4 1.48 45.407942 11.888179 1
6.22 -7.66 1.87 21.41 1.48 45.407942 11.888179 1
6.21 -7.66 1.87 21.41 1.48 45.407942 11.888179 1
6.21 -7.66 1.87 21.39 1.48 45.407942 11.888179 1
6.21 -7.65 1.88 21.41 1.48 45.407942 11.888179 1
6.21 -7.65 1.87 21.4 1.48 45.407942 11.888179 1
6.2 -7.66 1.87 21.4 1.48 45.407942 11.888179 1
6.21 -7.67 1.86 21.39 1.48 45.407942 11.888179 1
6.21 -7.66 1.86 21.4 1.48 45.407942 11.888179 1
6.21 -7.66 1.86 21.41 1.48 45.407942 11.888179 1
6.21 -7.66 1.86 21.41 1.48 45.407942 11.888179 1
6.21 -7.66 1.86 21.41 1.48 45.407942 11.888179 1
6.21 -7.66 1.87 21.41 1.48 45.407942 11.888179 1
6.21 -7.66 1.87 21.4 1.48 45.407942 11.888179 1
6.21 -7.66 1.86 21.41 1.48 45.407942 11.888179 1
6.21 -7.66 1.86 21.39 1.48 45.407942 11.888179 1
6.21 -7.66 1.86 21.39 1.48 45.407942 11.888179 1
6.21 -7.66 1.87 21.41 1.48 45.407942 11.888179 1
6.21 -7.67 1.87 21.39 1.48 45.407942 11.888179 1
6.2 -7.67 1.88 21.41 1.48 45.407942 11.888179 1
6.2 -7.66 1.88 21.41 1.48 45.407942 11.888179 1
6.21 -7.65 1.87 21.4 1.48 45.407942 11.888179 1
