6.89 -7.75 2.34 22.0 2.34 45.408015 11.888701 0
6.39 -7.61 2.15 22.23 2.34 45.408015 11.888701 1
6.09 -7.52 1.97 22.26 2.34 45.408015 11.888701 1
5.78 -7.75 1.77 22.28 2.34 45.408015 11.888701 1
5.42 -8.22 1.59 21.81 2.34 45.408015 11.888701 1
5.43 -8.39 1.54 22.57 2.34 45.408015 11.888701 1
5.79 -8.15 1.62 22.07 2.34 45.408015 11.888701 1
5.95 -7.84 1.65 22.07 2.34 45.408015 11.888701 0
5.87 -7.64 1.54 21.95 2.34 45.408015 11.888701 1
6.1 -7.52 1.57 21.8 2.34 45.408015 11.888701 0
6.62 -7.43 1.82 22.14 2.34 45.408015 11.888701 1
6.77 -7.38 1.93 21.75 2.34 45.408015 11.888701 1
6.49 -7.34 1.69 21.75 2.34 45.408015 11.888701 1
6.32 -7.33 1.39 21.85 2.34 45.408015 11.888701 1
6.32 -7.44 1.25 21.9 2.34 45.408015 11.888701 1
5.99 -7.8 1.16 21.85 2.34 45.408015 11.888701 1
5.43 -8.28 1.2 21.56 2.34 45.408015 11.888701 1
5.3 -8.34 1.51 22.05 2.34 45.408015 11.888701 1
5.71 -7.88 1.86 22.11 2.34 45.408015 11.888701 1
6.1 -7.64 1.88 22.09 2.34 45.408015 11.888701 1
6.18 -7.97 1.78 21.71 2.34 45.408015 11.888701 1
6.2 -8.11 1.87 22.17 2.34 45.408015 11.888701 1
6.28 -7.59 2.02 22.78 2.34 45.408015 11.888701 1
6.33 -7.19 1.99 22.12 2.34 45.408015 11.888701 1
6.25 -7.53 1.91 21.92 2.34 45.408015 11.888701 1
6.13 -8.01 1.94 21.71 2.96 45.408014 11.888670 0
6.12 -8.02 2.07 21.75 2.96 45.408014 11.888670 1
6.14 -7.87 2.18 21.85 2.96 45.408014 11.888670 0
5.95 -7.81 2.19 22.0 2.96 45.408014 11.888670 1
5.68 -7.69 2.11 22.02 2.96 45.408014 11.888670 1
5.65 -7.69 2.02 21.92 2.96 45.408014 11.888670 1
5.8 -8.01 1.88 21.73 2.96 45.408014 11.888670 1
5.79 -8.16 1.62 21.68 2.96 45.408014 11.888670 1
5.76 -7.82 1.48 22.02 2.96 45.408014 11.888670 1
5.99 -7.58 1.7 21.61 2.96 45.408014 11.888670 1
6.23 -7.69 1.95 21.57 2.96 45.408014 11.888670 1
6.29 -7.68 1.83 22.05 2.96 45.408014 11.888670 1
6.32 -7.46 1.55 22.07 2.96 45.408014 11.888670 1
6.33 -7.53 1.57 22.07 2.96 45.408014 11.888670 1
6.18 -7.72 1.78 22.48 2.96 45.408014 11.888670 1
6.08 -7.64 1.84 22.02 2.96 45.408014 11.888670 1
6.12 -7.63 1.69 21.97 2.96 45.408014 11.888670 1
5.94 -7.93 1.46 21.85 2.69 45.408017 11.888637 0
5.63 -8.06 1.33 21.88 2.69 45.408017 11.888637 1
5.71 -7.89 1.47 22.02 2.69 45.408017 11.888637 0
6.06 -7.89 1.75 22.0 2.69 45.408017 11.888637 1
6.13 -7.97 1.87 22.05 2.69 45.408017 11.888637 1
5.97 -7.78 1.81 22.42 2.69 45.408017 11.888637 1
5.96 -7.64 1.81 21.81 2.69 45.408017 11.888637 1
6.11 -7.78 1.93 22.28 2.69 45.408017 11.888637 1
6.26 -7.77 2.04 22.33 2.69 45.408017 11.888637 1
6.34 -7.47 2.08 22.04 2.69 45.408017 11.888637 1
6.22 -7.42 2.06 22.02 2.69 45.408017 11.888637 1
5.96 -7.74 2.04 22.0 2.69 45.408017 11.888637 1
5.9 -7.89 2.06 21.97 2.69 45.408017 11.888637 1
5.97 -7.78 1.97 21.52 2.69 45.408017 11.888637 1
5.83 -7.78 1.8 22.12 2.69 45.408017 11.888637 1
5.71 -7.94 1.79 22.47 2.69 45.408017 11.888637 1
5.9 -7.94 1.94 21.92 2.69 45.408017 11.888637 1
6.08 -7.78 1.9 21.87 2.69 45.408017 11.888637 1
5.99 -7.66 1.64 22.33 2.23 45.408015 11.888609 0
5.97 -7.61 1.56 22.42 2.23 45.408015 11.888609 1
6.19 -7.56 1.76 21.95 2.23 45.408015 11.888609 0
6.28 -7.65 1.92 21.87 2.23 45.408015 11.888609 1
6.18 -7.83 1.86 21.9 2.23 45.408015 11.888609 1
6.13 -7.85 1.71 21.75 2.23 45.408015 11.888609 1
6.04 -7.75 1.66 21.92 2.23 45.408015 11.888609 1
5.85 -7.8 1.69 21.95 2.23 45.408015 11.888609 1
5.82 -7.9 1.6 22.12 2.23 45.408015 11.888609 1
5.9 -7.89 1.44 22.07 2.23 45.408015 11.888609 1
5.78 -7.89 1.51 22.48 2.23 45.408015 11.888609 1
5.67 -7.91 1.79 22.83 2.23 45.408015 11.888609 1
5.99 -7.78 1.88 22.0 2.23 45.408015 11.888609 1
6.38 -7.6 1.8 22.02 2.23 45.408015 11.888609 1
6.33 -7.57 1.88 22.07 2.23 45.408015 11.888609 1
6.09 -7.5 2.03 22.19 2.23 45.408015 11.888609 1
6.05 -7.43 1.99 22.0 2.23 45.408015 11.888609 1
6.02 -7.62 1.97 21.8 2.64 45.408023 11.888580 0
5.93 -7.92 2.06 21.35 2.64 45.408023 11.888580 1
5.92 -7.95 1.96 21.71 2.64 45.408023 11.888580 0
5.86 -7.89 1.72 21.9 2.64 45.408023 11.888580 1
5.61 -7.98 1.72 22.47 2.64 45.408023 11.888580 1
5.53 -7.94 1.92 22.88 2.64 45.408023 11.888580 1
5.76 -7.77 1.97 21.92 2.64 45.408023 11.888580 1
5.96 -7.79 1.83 21.78 2.64 45.408023 11.888580 1
6.02 -7.91 1.68 21.87 2.64 45.408023 11.888580 1
6.09 -7.78 1.63 22.04 2.64 45.408023 11.888580 1
6.06 -7.62 1.73 22.95 2.64 45.408023 11.888580 1
5.97 -7.7 1.83 22.16 2.64 45.408023 11.888580 1
6.06 -7.76 1.75 22.57 2.64 45.408023 11.888580 1
6.15 -7.77 1.59 22.07 2.64 45.408023 11.888580 1
5.87 -7.98 1.49 22.04 2.64 45.408023 11.888580 1
5.47 -8.21 1.45 22.52 2.64 45.408023 11.888580 1
5.45 -8.09 1.48 22.29 2.64 45.408023 11.888580 1
5.72 -7.84 1.68 21.9 2.64 45.408023 11.888580 1
5.86 -7.78 1.89 22.0 3.02 45.408034 11.888546 0
5.83 -7.82 1.99 21.95 3.02 45.408034 11.888546 1
5.87 -7.78 2.02 21.9 3.02 45.408034 11.888546 0
6.08 -7.69 1.98 21.8 3.02 45.408034 11.888546 1
6.27 -7.63 1.8 21.78 3.02 45.408034 11.888546 1
6.14 -7.73 1.64 21.9 3.02 45.408034 11.888546 1
5.79 -7.96 1.74 21.92 3.02 45.408034 11.888546 1
5.65 -7.94 2.05 22.38 3.02 45.408034 11.888546 1
5.86 -7.66 2.29 22.04 3.02 45.408034 11.888546 1
6.02 -7.67 2.26 22.54 3.02 45.408034 11.888546 1
5.96 -7.98 1.98 22.05 3.02 45.408034 11.888546 1
5.93 -7.95 1.72 22.52 3.02 45.408034 11.888546 1
6.03 -7.62 1.61 22.12 3.02 45.408034 11.888546 1
6.1 -7.66 1.57 22.09 3.02 45.408034 11.888546 1
6.08 -7.96 1.53 22.52 3.02 45.408034 11.888546 1
6.07 -7.93 1.63 22.98 3.02 45.408034 11.888546 1
6.07 -7.66 1.8 22.35 3.02 45.408034 11.888546 1
6.02 -7.63 1.75 22.42 2.5 45.408031 11.888512 0
5.96 -7.77 1.57 21.95 2.5 45.408031 11.888512 1
5.95 -7.86 1.65 22.38 2.5 45.408031 11.888512 0
5.97 -7.92 1.9 22.29 2.5 45.408031 11.888512 1
5.9 -7.93 1.91 21.9 2.5 45.408031 11.888512 1
5.74 -7.85 1.75 22.47 2.5 45.408031 11.888512 1
5.74 -7.81 1.74 22.05 2.5 45.408031 11.888512 1
5.97 -7.86 1.81 21.95 2.5 45.408031 11.888512 1
6.03 -7.83 1.79 22.42 2.5 45.408031 11.888512 1
5.86 -7.73 1.83 22.11 2.5 45.408031 11.888512 1
5.94 -7.72 1.9 22.62 2.5 45.408031 11.888512 1
6.24 -7.8 1.8 22.23 2.5 45.408031 11.888512 1
6.14 -7.79 1.69 22.64 2.5 45.408031 11.888512 1
5.8 -7.69 1.87 22.48 2.5 45.408031 11.888512 1
5.79 -7.76 2.1 22.42 2.5 45.408031 11.888512 1
5.88 -8.11 2.0 22.26 2.5 45.408031 11.888512 1
5.79 -8.24 1.75 22.17 2.5 45.408031 11.888512 1
5.81 -7.74 1.69 22.43 2.5 45.408031 11.888512 1
5.87 -7.25 1.75 22.95 3.39 45.408021 11.888471 0
5.68 -7.53 1.79 23.38 3.39 45.408021 11.888471 1
5.79 -8.11 1.88 22.29 3.39 45.408021 11.888471 0
6.31 -8.12 1.9 23.08 3.39 45.408021 11.888471 1
6.19 -7.67 1.69 22.11 3.39 45.408021 11.888471 1
5.56 -7.26 1.53 22.21 3.39 45.408021 11.888471 1
5.83 -7.23 1.71 21.95 3.39 45.408021 11.888471 1
6.63 -7.89 1.89 21.64 3.39 45.408021 11.888471 1
6.34 -8.65 1.75 22.23 3.39 45.408021 11.888471 1
5.37 -8.27 1.63 22.47 3.39 45.408021 11.888471 1
5.24 -7.25 1.72 22.72 3.39 45.408021 11.888471 1
5.78 -7.41 1.72 22.11 3.39 45.408021 11.888471 1
5.99 -8.49 1.58 21.93 3.39 45.408021 11.888471 1
5.92 -8.55 1.73 22.36 3.39 45.408021 11.888471 1
5.91 -7.61 2.06 22.88 3.39 45.408021 11.888471 1
6.01 -7.25 2.07 21.97 3.39 45.408021 11.888471 1
6.19 -7.57 1.82 21.81 3.39 45.408021 11.888471 1
6.27 -7.72 1.76 21.92 2.26 45.408019 11.888442 0
6.04 -7.69 1.96 21.9 2.26 45.408019 11.888442 1
5.85 -7.77 2.16 21.95 2.26 45.408019 11.888442 0
6.0 -7.81 2.22 22.36 2.26 45.408019 11.888442 1
6.06 -7.84 2.07 22.0 2.26 45.408019 11.888442 1
5.82 -8.02 1.76 21.95 2.26 45.408019 11.888442 1
5.74 -8.11 1.57 22.81 2.26 45.408019 11.888442 1
5.92 -7.92 1.7 22.42 2.26 45.408019 11.888442 1
6.02 -7.79 1.88 21.85 2.26 45.408019 11.888442 1
6.02 -7.91 1.77 22.02 2.26 45.408019 11.888442 1
6.05 -7.92 1.55 22.02 2.26 45.408019 11.888442 1
6.02 -7.62 1.59 22.02 2.26 45.408019 11.888442 1
6.02 -7.46 1.84 22.42 2.26 45.408019 11.888442 1
6.13 -7.71 1.94 23.24 2.26 45.408019 11.888442 1
6.03 -7.97 1.82 22.05 2.26 45.408019 11.888442 1
5.73 -7.91 1.63 22.57 2.26 45.408019 11.888442 1
5.67 -7.8 1.48 22.07 2.26 45.408019 11.888442 1
5.84 -7.82 1.5 22.35 2.26 45.408019 11.888442 1
5.99 -7.85 1.74 22.29 2.17 45.408016 11.888411 0
6.2 -8.01 1.94 21.97 2.17 45.408016 11.888411 1
6.35 -8.27 1.83 22.47 2.17 45.408016 11.888411 0
6.08 -8.05 1.64 22.0 2.17 45.408016 11.888411 1
5.75 -7.43 1.66 22.54 2.17 45.408016 11.888411 1
5.98 -7.38 1.76 21.51 2.17 45.408016 11.888411 1
6.33 -7.98 1.81 21.47 2.17 45.408016 11.888411 1
6.09 -8.08 1.91 21.57 2.17 45.408016 11.888411 1
5.67 -7.49 1.97 22.36 2.17 45.408016 11.888411 1
5.68 -7.33 1.86 22.07 2.17 45.408016 11.888411 1
5.89 -7.91 1.83 22.36 2.17 45.408016 11.888411 1
5.91 -8.33 1.99 21.93 2.17 45.408016 11.888411 1
5.85 -8.1 2.0 22.12 2.17 45.408016 11.888411 1
5.83 -7.7 1.74 21.66 2.17 45.408016 11.888411 1
5.93 -7.56 1.61 21.66 2.17 45.408016 11.888411 1
6.14 -7.66 1.72 21.99 2.17 45.408016 11.888411 1
6.21 -7.82 1.73 21.95 2.17 45.408016 11.888411 1
6.0 -7.86 1.59 21.95 2.64 45.408012 11.888376 0
5.91 -7.77 1.59 21.88 2.64 45.408012 11.888376 1
6.09 -7.78 1.68 21.9 2.64 45.408012 11.888376 0
6.07 -7.99 1.65 22.0 2.64 45.408012 11.888376 1
5.7 -8.09 1.53 22.47 2.64 45.408012 11.888376 1
5.52 -7.95 1.48 22.84 2.64 45.408012 11.888376 1
5.7 -7.89 1.56 22.38 2.64 45.408012 11.888376 1
5.87 -8.03 1.78 21.81 2.64 45.408012 11.888376 1
5.91 -8.05 2.01 21.81 2.64 45.408012 11.888376 1
5.97 -7.85 2.08 21.99 2.64 45.408012 11.888376 1
5.99 -7.69 1.99 21.61 2.64 45.408012 11.888376 1
5.96 -7.68 1.88 22.05 2.64 45.408012 11.888376 1
6.01 -7.71 1.84 22.07 2.64 45.408012 11.888376 1
6.09 -7.77 1.87 21.99 2.64 45.408012 11.888376 1
5.99 -7.87 1.97 22.17 2.64 45.408012 11.888376 1
5.78 -7.85 2.08 22.26 2.64 45.408012 11.888376 1
5.68 -7.79 2.04 21.75 2.64 45.408012 11.888376 1
5.74 -7.89 1.81 22.02 2.64 45.408012 11.888376 1
5.93 -8.06 1.62 21.95 2.91 45.408005 11.888337 0
6.08 -7.99 1.64 21.95 2.91 45.408005 11.888337 1
6.04 -7.72 1.75 22.0 2.91 45.408005 11.888337 0
5.94 -7.55 1.77 22.02 2.91 45.408005 11.888337 1
5.98 -7.64 1.71 22.0 2.91 45.408005 11.888337 1
6.09 -7.82 1.7 21.49 2.91 45.408005 11.888337 1
6.14 -7.87 1.77 21.9 2.91 45.408005 11.888337 1
6.12 -7.79 1.8 21.85 2.91 45.408005 11.888337 1
6.0 -7.73 1.69 22.16 2.91 45.408005 11.888337 1
5.81 -7.68 1.59 22.21 2.91 45.408005 11.888337 1
5.81 -7.68 1.64 22.09 2.91 45.408005 11.888337 1
5.97 -7.9 1.76 22.05 2.91 45.408005 11.888337 1
5.96 -8.15 1.8 22.17 2.91 45.408005 11.888337 1
5.87 -7.99 1.81 22.23 2.91 45.408005 11.888337 1
5.92 -7.6 1.82 22.14 2.91 45.408005 11.888337 1
5.99 -7.63 1.81 21.95 2.91 45.408005 11.888337 1
6.04 -7.92 1.85 21.69 2.91 45.408005 11.888337 1
6.29 -7.85 1.93 21.59 2.89 45.407994 11.888296 0
6.41 -7.55 1.86 21.78 2.89 45.407994 11.888296 1
6.11 -7.53 1.76 21.92 2.89 45.407994 11.888296 0
5.88 -7.67 1.84 22.05 2.89 45.407994 11.888296 1
5.95 -7.67 1.89 22.21 2.89 45.407994 11.888296 1
5.81 -7.75 1.73 21.95 2.89 45.407994 11.888296 1
5.7 -8.01 1.73 22.02 2.89 45.407994 11.888296 1
5.9 -8.16 1.95 21.78 2.89 45.407994 11.888296 1
5.52 -7.96 1.88 21.63 2.89 45.407994 11.888296 1
4.89 -7.41 1.57 21.47 2.89 45.407994 11.888296 1
6.19 -7.08 1.66 21.11 2.89 45.407994 11.888296 1
8.74 -7.96 2.15 21.06 2.89 45.407994 11.888296 1
8.59 -9.1 2.46 22.31 2.89 45.407994 11.888296 1
5.44 -7.82 2.19 24.58 2.89 45.407994 11.888296 1
3.67 -5.08 1.39 24.46 2.89 45.407994 11.888296 1
4.8 -6.02 0.65 22.84 2.89 45.407994 11.888296 1
5.71 -10.86 0.85 20.24 2.89 45.407994 11.888296 1
5.02 -12.73 1.95 20.13 2.89 45.407994 11.888296 1
4.67 -8.94 2.77 21.44 1.93 45.407984 11.888271 0
5.43 -5.45 2.71 22.09 1.93 45.407984 11.888271 1
6.1 -6.15 2.28 21.85 1.93 45.407984 11.888271 0
6.35 -7.87 1.93 21.87 1.93 45.407984 11.888271 1
6.65 -8.04 1.7 21.64 1.93 45.407984 11.888271 1
6.72 -7.9 1.71 21.64 1.93 45.407984 11.888271 1
6.32 -7.9 1.96 22.35 1.93 45.407984 11.888271 1
5.91 -7.41 2.2 22.5 1.93 45.407984 11.888271 1
5.86 -7.22 2.19 22.16 1.93 45.407984 11.888271 1
6.01 -7.84 1.93 21.59 1.93 45.407984 11.888271 1
6.13 -8.26 1.65 22.0 1.93 45.407984 11.888271 1
6.0 -8.11 1.58 22.05 1.93 45.407984 11.888271 1
5.71 -7.95 1.72 22.14 1.93 45.407984 11.888271 1
5.71 -7.77 1.84 22.14 1.93 45.407984 11.888271 1
6.09 -7.56 1.8 22.11 1.93 45.407984 11.888271 1
6.28 -7.7 1.57 22.11 1.93 45.407984 11.888271 1
6.1 -7.93 1.42 21.85 1.93 45.407984 11.888271 1
5.99 -7.75 1.63 21.92 2.63 45.407967 11.888242 0
6.1 -7.51 2.0 21.9 2.63 45.407967 11.888242 1
6.18 -7.68 1.99 21.85 2.63 45.407967 11.888242 0
6.1 -7.93 1.64 21.76 2.63 45.407967 11.888242 1
5.87 -7.96 1.48 21.92 2.63 45.407967 11.888242 1
5.57 -8.02 1.61 21.45 2.63 45.407967 11.888242 1
5.55 -8.12 1.74 21.92 2.63 45.407967 11.888242 1
5.92 -7.99 1.82 21.56 2.63 45.407967 11.888242 1
6.17 -7.73 1.91 21.9 2.63 45.407967 11.888242 1
6.01 -7.68 1.93 21.61 2.63 45.407967 11.888242 1
5.84 -7.8 1.83 21.93 2.63 45.407967 11.888242 1
5.96 -7.8 1.76 21.51 2.63 45.407967 11.888242 1
6.09 -7.68 1.89 21.92 2.63 45.407967 11.888242 1
6.09 -7.62 2.12 21.45 2.63 45.407967 11.888242 1
6.19 -7.65 2.23 21.9 2.63 45.407967 11.888242 1
6.3 -7.63 2.15 21.61 2.63 45.407967 11.888242 1
6.06 -7.56 2.07 22.16 2.63 45.407967 11.888242 1
5.64 -7.63 1.98 21.66 2.63 45.407967 11.888242 1
5.58 -7.9 1.8 22.05 3.19 45.407949 11.888210 0
5.9 -8.12 1.65 22.0 3.19 45.407949 11.888210 1
6.08 -8.09 1.65 21.85 3.19 45.407949 11.888210 0
6.0 -7.89 1.61 21.52 3.19 45.407949 11.888210 1
6.01 -7.67 1.49 22.0 3.19 45.407949 11.888210 1
6.24 -7.53 1.5 22.5 3.19 45.407949 11.888210 1
6.3 -7.59 1.55 21.78 3.19 45.407949 11.888210 1
6.01 -7.87 1.48 21.28 3.19 45.407949 11.888210 1
5.8 -8.07 1.57 21.9 3.19 45.407949 11.888210 1
5.92 -7.92 1.99 22.0 3.19 45.407949 11.888210 1
5.97 -7.66 2.24 22.02 3.19 45.407949 11.888210 1
5.69 -7.71 2.0 22.05 3.19 45.407949 11.888210 1
5.54 -8.03 1.66 22.0 3.19 45.407949 11.888210 1
5.78 -8.23 1.61 21.56 3.19 45.407949 11.888210 1
5.91 -8.06 1.75 22.04 3.19 45.407949 11.888210 1
5.69 -7.74 1.9 22.16 3.19 45.407949 11.888210 1
5.7 -7.68 2.04 21.95 3.19 45.407949 11.888210 1
6.11 -7.84 2.09 21.83 2.73 45.407942 11.888174 0
6.16 -7.89 2.07 21.92 2.73 45.407942 11.888174 1
5.63 -7.85 2.09 21.97 2.73 45.407942 11.888174 0
5.3 -7.92 2.04 21.54 2.73 45.407942 11.888174 1
5.49 -8.03 1.72 21.85 2.73 45.407942 11.888174 1
5.57 -8.14 1.36 21.76 2.73 45.407942 11.888174 1
5.38 -8.37 1.24 21.45 2.73 45.407942 11.888174 1
5.53 -8.48 1.21 21.54 2.73 45.407942 11.888174 1
5.99 -8.27 1.0 21.33 2.73 45.407942 11.888174 1
5.97 -8.11 0.86 22.29 2.73 45.407942 11.888174 1
5.39 -8.12 1.07 22.62 2.73 45.407942 11.888174 1
5.13 -7.92 1.39 22.78 2.73 45.407942 11.888174 1
5.49 -7.87 1.45 22.11 2.73 45.407942 11.888174 1
5.84 -8.56 1.35 21.78 2.73 45.407942 11.888174 1
5.84 -9.21 1.2 21.15 2.73 45.407942 11.888174 1
5.65 -8.87 1.04 21.69 2.73 45.407942 11.888174 1
5.38 -8.17 1.08 21.92 2.73 45.407942 11.888174 1
5.15 -7.99 1.36 21.87 2.73 45.407942 11.888174 1
5.17 -8.15 1.42 21.87 1.86 45.407941 11.888147 0
5.27 -8.34 1.14 21.8 1.86 45.407941 11.888147 1
5.15 -8.56 1.04 21.85 1.86 45.407941 11.888147 0
5.15 -8.39 1.37 21.85 1.86 45.407941 11.888147 1
5.58 -7.78 1.58 21.9 1.86 45.407941 11.888147 1
5.92 -7.5 1.4 21.85 1.86 45.407941 11.888147 1
5.77 -7.77 1.38 22.26 1.86 45.407941 11.888147 1
5.6 -7.98 1.72 21.64 1.86 45.407941 11.888147 1
5.66 -8.02 1.96 22.0 1.86 45.407941 11.888147 1
5.62 -8.23 1.9 21.4 1.86 45.407941 11.888147 1
5.57 -8.42 1.85 21.75 1.86 45.407941 11.888147 1
5.78 -8.3 1.84 21.76 1.86 45.407941 11.888147 1
5.86 -8.19 1.64 21.35 1.86 45.407941 11.888147 1
5.52 -8.33 1.45 21.69 1.86 45.407941 11.888147 1
5.31 -8.51 1.64 22.62 1.86 45.407941 11.888147 1
5.5 -8.58 2.05 21.52 1.86 45.407941 11.888147 1
5.55 -8.69 2.29 22.21 1.86 45.407941 11.888147 1
5.25 -8.85 2.3 21.75 1.75 45.407946 11.888122 0
5.07 -8.91 2.27 21.76 1.75 45.407946 11.888122 1
5.14 -8.88 2.28 21.76 1.75 45.407946 11.888122 1
5.17 -8.87 2.28 21.75 1.75 45.407946 11.888122 1
5.12 -8.89 2.28 21.75 1.75 45.407946 11.888122 1
5.13 -8.88 2.28 21.76 1.75 45.407946 11.888122 1
5.15 -8.87 2.28 21.75 1.75 45.407946 11.888122 1
5.13 -8.88 2.28 21.74 1.75 45.407946 11.888122 1
5.13 -8.89 2.28 21.76 1.75 45.407946 11.888122 1
5.16 -8.88 2.28 21.75 1.75 45.407946 11.888122 1
5.15 -8.87 2.27 21.75 1.75 45.407946 11.888122 1
5.14 -8.88 2.28 21.75 1.75 45.407946 11.888122 1
5.15 -8.88 2.29 21.76 1.75 45.407946 11.888122 1
5.14 -8.88 2.28 21.75 1.75 45.407946 11.888122 1
5.13 -8.88 2.28 21.75 1.75 45.407946 11.888122 1
5.14 -8.88 2.28 21.74 1.75 45.407946 11.888122 1
5.15 -8.88 2.28 21.76 1.75 45.407946 11.888122 1
5.13 -8.88 2.29 21.76 1.75 45.407946 11.888122 1
5.13 -8.88 2.28 21.74 1.75 45.407946 11.888122 1
5.14 -8.87 2.28 21.75 1.75 45.407946 11.888122 1
5.14 -8.87 2.28 21.76 1.75 45.407946 11.888122 1
5.14 -8.87 2.28 21.75 1.75 45.407946 11.888122 1
5.14 -8.87 2.28 21.76 1.75 45.407946 11.888122 1
5.14 -8.88 2.27 21.76 1.75 45.407946 11.888122 1
5.14 -8.89 2.27 21.76 1.75 45.407946 11.888122 1
5.13 -8.88 2.28 21.74 1.75 45.407946 11.888122 1
5.13 -8.87 2.29 21.75 1.75 45.407946 11.888122 1
5.15 -8.88 2.27 21.74 1.75 45.407946 11.888122 1
