5.91 -7.51 1.29 22.4 1.95 45.408034 11.888675 0
5.86 -7.48 1.76 22.71 1.95 45.408034 11.888675 1
5.83 -7.36 2.16 22.66 1.95 45.408034 11.888675 1
5.88 -7.6 2.24 22.55 1.95 45.408034 11.888675 1
6.05 -8.2 1.97 21.92 1.95 45.408034 11.888675 1
6.22 -8.44 1.72 21.81 1.95 45.408034 11.888675 1
6.16 -8.11 1.77 21.9 1.95 45.408034 11.888675 1
5.93 -7.77 1.98 21.51 1.95 45.408034 11.888675 1
5.87 -7.63 2.04 22.31 1.95 45.408034 11.888675 1
6.01 -7.57 1.9 22.33 1.95 45.408034 11.888675 1
6.01 -7.66 1.75 21.95 1.95 45.408034 11.888675 1
5.81 -7.88 1.8 21.95 1.95 45.408034 11.888675 1
5.61 -7.96 1.96 22.12 1.95 45.408034 11.888675 1
5.55 -7.88 1.91 21.92 1.95 45.408034 11.888675 1
5.65 -7.86 1.69 21.95 1.95 45.408034 11.888675 0
5.93 -7.89 1.69 21.45 1.95 45.408034 11.888675 1
6.15 -7.8 1.95 21.85 1.95 45.408034 11.888675 0
6.12 -7.66 2.02 21.92 1.95 45.408034 11.888675 1
6.04 -7.63 1.8 21.95 1.95 45.408034 11.888675 1
6.13 -7.7 1.71 21.95 1.95 45.408034 11.888675 1
6.23 -7.73 1.88 21.95 1.95 45.408034 11.888675 1
6.19 -7.66 1.96 21.95 1.95 45.408034 11.888675 1
6.14 -7.61 1.85 22.11 1.95 45.408034 11.888675 1
6.15 -7.67 1.82 22.05 1.95 45.408034 11.888675 1
6.09 -7.82 1.88 22.48 1.95 45.408034 11.888675 1
5.9 -7.99 1.78 22.0 1.95 45.408034 11.888675 1
5.75 -8.0 1.58 22.11 1.95 45.408034 11.888675 1
5.78 -7.83 1.56 22.05 1.95 45.408034 11.888675 1
5.98 -7.7 1.72 22.11 1.95 45.408034 11.888675 1
6.07 -7.77 1.78 22.48 1.95 45.408034 11.888675 1
5.96 -7.91 1.75 21.9 1.95 45.408034 11.888675 1
5.85 -8.0 1.84 21.75 1.84 45.408041 11.888660 0
5.89 -7.99 1.99 21.8 1.84 45.408041 11.888660 1
6.0 -7.84 2.02 22.24 1.84 45.408041 11.888660 0
6.16 -7.6 1.93 21.85 1.84 45.408041 11.888660 1
6.28 -7.59 1.9 21.87 1.84 45.408041 11.888660 1
6.19 -7.78 1.99 22.33 1.84 45.408041 11.888660 1
6.02 -7.78 2.09 21.81 1.84 45.408041 11.888660 1
6.03 -7.62 2.11 22.02 1.84 45.408041 11.888660 1
6.01 -7.67 2.07 21.99 1.84 45.408041 11.888660 1
5.76 -7.9 1.95 22.11 1.84 45.408041 11.888660 1
5.59 -8.01 1.72 22.38 1.84 45.408041 11.888660 1
5.73 -8.07 1.57 22.28 1.84 45.408041 11.888660 1
5.9 -8.18 1.69 22.42 1.84 45.408041 11.888660 1
5.9 -8.08 1.88 22.52 1.84 45.408041 11.888660 1
5.91 -7.73 1.84 22.26 1.84 45.408041 11.888660 1
6.01 -7.48 1.68 22.26 1.84 45.408041 11.888660 1
6.14 -7.52 1.68 22.12 1.84 45.408041 11.888660 1
6.19 -7.68 1.8 21.95 1.84 45.408041 11.888660 1
6.05 -7.81 1.8 21.9 2.11 45.408047 11.888636 0
5.84 -7.88 1.74 21.87 2.11 45.408047 11.888636 1
5.9 -7.85 1.72 21.9 2.11 45.408047 11.888636 0
6.1 -7.8 1.71 21.9 2.11 45.408047 11.888636 1
5.98 -7.86 1.68 22.72 2.11 45.408047 11.888636 1
5.67 -7.98 1.72 22.33 2.11 45.408047 11.888636 1
5.7 -7.96 1.79 21.87 2.11 45.408047 11.888636 1
6.0 -7.81 1.82 22.21 2.11 45.408047 11.888636 1
6.11 -7.7 1.82 21.99 2.11 45.408047 11.888636 1
6.0 -7.66 1.88 22.02 2.11 45.408047 11.888636 1
6.02 -7.63 2.01 22.05 2.11 45.408047 11.888636 1
6.16 -7.65 2.08 22.16 2.11 45.408047 11.888636 1
6.15 -7.7 2.05 22.5 2.11 45.408047 11.888636 1
6.02 -7.68 2.02 22.02 2.11 45.408047 11.888636 1
6.01 -7.7 1.98 22.0 2.11 45.408047 11.888636 1
6.09 -7.77 1.89 22.05 2.11 45.408047 11.888636 1
6.01 -7.76 1.86 21.9 2.11 45.408047 11.888636 1
5.84 -7.81 1.98 21.85 2.64 45.408039 11.888609 0
5.81 -8.02 2.02 21.39 2.64 45.408039 11.888609 1
5.87 -7.98 1.83 22.24 2.64 45.408039 11.888609 0
5.86 -7.62 1.64 21.56 2.64 45.408039 11.888609 1
5.9 -7.56 1.65 21.95 2.64 45.408039 11.888609 1
6.05 -7.81 1.75 22.36 2.64 45.408039 11.888609 1
6.16 -7.72 1.79 21.73 2.64 45.408039 11.888609 1
6.2 -7.5 1.8 22.19 2.64 45.408039 11.888609 1
6.25 -7.74 1.82 21.45 2.64 45.408039 11.888609 1
6.23 -7.94 1.9 21.59 2.64 45.408039 11.888609 1
6.05 -7.65 2.01 22.0 2.64 45.408039 11.888609 1
5.9 -7.56 1.98 22.05 2.64 45.408039 11.888609 1
5.88 -7.89 1.79 22.07 2.64 45.408039 11.888609 1
5.83 -7.91 1.68 22.11 2.64 45.408039 11.888609 1
5.74 -7.69 1.79 21.64 2.64 45.408039 11.888609 1
5.68 -7.9 1.99 22.0 2.64 45.408039 11.888609 1
5.67 -8.21 2.12 21.52 2.64 45.408039 11.888609 1
5.77 -7.97 2.04 21.85 2.64 45.408039 11.888609 1
6.03 -7.61 1.85 21.81 2.76 45.408037 11.888576 0
6.19 -7.62 1.84 21.93 2.76 45.408037 11.888576 1
6.11 -7.6 1.99 22.0 2.76 45.408037 11.888576 0
6.07 -7.38 1.99 22.0 2.76 45.408037 11.888576 1
6.2 -7.51 1.88 22.23 2.76 45.408037 11.888576 1
6.23 -7.89 2.01 21.69 2.76 45.408037 11.888576 1
6.02 -7.91 2.18 21.83 2.76 45.408037 11.888576 1
5.84 -7.7 2.02 22.11 2.76 45.408037 11.888576 1
5.71 -7.78 1.71 22.21 2.76 45.408037 11.888576 1
5.58 -7.98 1.63 23.86 2.76 45.408037 11.888576 1
5.63 -7.95 1.74 22.43 2.76 45.408037 11.888576 1
5.85 -7.9 1.78 22.07 2.76 45.408037 11.888576 1
5.94 -7.91 1.75 22.05 2.76 45.408037 11.888576 1
5.97 -7.74 1.73 22.98 2.76 45.408037 11.888576 1
6.14 -7.54 1.78 22.48 2.76 45.408037 11.888576 1
6.25 -7.63 1.9 22.52 2.76 45.408037 11.888576 1
6.12 -7.77 1.88 22.0 2.76 45.408037 11.888576 1
6.07 -7.66 1.69 21.95 2.94 45.408033 11.888537 0
6.17 -7.6 1.67 22.42 2.94 45.408033 11.888537 1
6.06 -7.81 1.89 21.95 2.94 45.408033 11.888537 0
5.79 -7.95 1.94 21.97 2.94 45.408033 11.888537 1
5.71 -7.94 1.73 21.97 2.94 45.408033 11.888537 1
5.62 -8.07 1.68 21.97 2.94 45.408033 11.888537 1
5.41 -8.2 1.79 22.02 2.94 45.408033 11.888537 1
5.58 -8.01 1.66 22.0 2.94 45.408033 11.888537 1
6.18 -7.72 1.46 21.83 2.94 45.408033 11.888537 1
6.38 -7.69 1.62 22.52 2.94 45.408033 11.888537 1
5.98 -7.73 1.95 22.62 2.94 45.408033 11.888537 1
5.85 -7.59 1.93 22.48 2.94 45.408033 11.888537 1
6.19 -7.53 1.72 22.05 2.94 45.408033 11.888537 1
6.32 -7.76 1.71 21.61 2.94 45.408033 11.888537 1
6.11 -7.9 1.79 22.05 2.94 45.408033 11.888537 1
5.98 -7.74 1.79 22.54 2.94 45.408033 11.888537 1
5.9 -7.68 1.9 22.52 2.94 45.408033 11.888537 1
5.67 -7.98 2.12 22.83 2.94 45.408033 11.888537 1
5.56 -8.18 2.08 21.9 2.81 45.408029 11.888499 0
5.71 -8.02 1.78 21.81 2.81 45.408029 11.888499 1
5.9 -7.91 1.62 21.85 2.81 45.408029 11.888499 0
6.0 -7.94 1.75 21.95 2.81 45.408029 11.888499 1
6.04 -7.77 1.91 21.97 2.81 45.408029 11.888499 1
6.05 -7.53 1.93 21.92 2.81 45.408029 11.888499 1
6.13 -7.66 1.86 22.28 2.81 45.408029 11.888499 1
6.23 -7.92 1.8 21.81 2.81 45.408029 11.888499 1
6.12 -7.87 1.85 22.43 2.81 45.408029 11.888499 1
5.94 -7.74 1.93 22.9 2.81 45.408029 11.888499 1
5.94 -7.82 1.85 22.57 2.81 45.408029 11.888499 1
5.85 -7.95 1.61 23.58 2.81 45.408029 11.888499 1
5.56 -8.03 1.48 24.25 2.81 45.408029 11.888499 1
5.61 -8.03 1.53 22.47 2.81 45.408029 11.888499 1
6.08 -7.9 1.6 22.28 2.81 45.408029 11.888499 1
6.21 -7.79 1.64 22.71 2.81 45.408029 11.888499 1
5.92 -7.84 1.77 21.95 2.81 45.408029 11.888499 1
5.89 -7.71 1.9 22.42 2.43 45.408026 11.888463 0
6.08 -7.48 1.9 22.74 2.43 45.408026 11.888463 1
6.07 -7.7 1.83 22.33 2.43 45.408026 11.888463 0
6.07 -8.04 1.9 21.85 2.43 45.408026 11.888463 1
6.26 -7.83 1.97 22.35 2.43 45.408026 11.888463 1
6.12 -7.51 1.92 22.11 2.43 45.408026 11.888463 1
5.63 -7.63 1.91 23.0 2.43 45.408026 11.888463 1
5.5 -7.8 2.03 22.38 2.43 45.408026 11.888463 1
5.83 -7.94 2.0 22.05 2.43 45.408026 11.888463 1
6.03 -8.26 1.77 22.28 2.43 45.408026 11.888463 1
5.96 -8.08 1.73 23.12 2.43 45.408026 11.888463 1
5.94 -7.32 1.91 22.57 2.43 45.408026 11.888463 1
6.01 -7.29 1.91 22.47 2.43 45.408026 11.888463 1
6.07 -8.06 1.8 22.47 2.43 45.408026 11.888463 1
6.11 -8.09 1.86 22.04 2.43 45.408026 11.888463 1
6.11 -7.39 1.85 22.42 2.43 45.408026 11.888463 1
6.06 -7.39 1.57 21.95 2.43 45.408026 11.888463 1
6.06 -8.02 1.45 21.75 2.43 45.408026 11.888463 1
5.99 -8.16 1.66 21.85 3.01 45.408014 11.888429 0
5.74 -7.87 1.71 22.14 3.01 45.408014 11.888429 1
5.62 -7.71 1.54 22.93 3.01 45.408014 11.888429 0
5.84 -7.78 1.62 22.0 3.01 45.408014 11.888429 1
6.09 -8.0 1.93 21.9 3.01 45.408014 11.888429 1
6.08 -8.09 2.09 22.47 3.01 45.408014 11.888429 1
6.01 -7.77 2.08 22.35 3.01 45.408014 11.888429 1
6.04 -7.48 2.05 22.35 3.01 45.408014 11.888429 1
6.06 -7.69 1.93 22.11 3.01 45.408014 11.888429 1
6.03 -7.92 1.79 22.0 3.01 45.408014 11.888429 1
6.02 -7.78 1.87 22.11 3.01 45.408014 11.888429 1
6.0 -7.7 2.08 22.0 3.01 45.408014 11.888429 1
5.93 -7.86 2.13 22.48 3.01 45.408014 11.888429 1
5.86 -7.91 2.01 22.07 3.01 45.408014 11.888429 1
5.8 -7.84 1.84 23.79 3.01 45.408014 11.888429 1
5.83 -7.84 1.72 22.11 3.01 45.408014 11.888429 1
5.96 -7.79 1.65 21.95 3.01 45.408014 11.888429 1
6.04 -7.72 1.66 22.93 3.03 45.408000 11.888394 0
5.93 -7.78 1.72 22.79 3.03 45.408000 11.888394 1
5.95 -7.78 1.84 22.76 3.03 45.408000 11.888394 1
6.25 -7.64 1.91 21.8 3.03 45.408000 11.888394 0
6.38 -7.71 1.78 21.97 3.03 45.408000 11.888394 1
6.02 -7.92 1.59 22.42 3.03 45.408000 11.888394 1
5.65 -7.87 1.66 23.38 3.03 45.408000 11.888394 1
5.72 -7.77 1.85 22.16 3.03 45.408000 11.888394 1
5.91 -8.03 1.8 22.45 3.03 45.408000 11.888394 1
5.9 -8.2 1.67 22.57 3.03 45.408000 11.888394 1
5.81 -7.82 1.77 22.31 3.03 45.408000 11.888394 1
5.87 -7.47 1.89 22.02 3.03 45.408000 11.888394 1
6.02 -7.74 1.79 21.93 3.03 45.408000 11.888394 1
6.15 -8.12 1.73 21.95 3.03 45.408000 11.888394 1
6.13 -7.96 1.89 22.11 3.03 45.408000 11.888394 1
5.95 -7.6 2.02 21.61 3.03 45.408000 11.888394 1
5.86 -7.6 2.0 22.02 3.03 45.408000 11.888394 1
6.04 -7.81 1.98 22.31 3.03 45.408000 11.888394 1
6.19 -7.81 1.95 21.88 3.01 45.407994 11.888355 0
5.98 -7.73 1.88 21.87 3.01 45.407994 11.888355 1
5.68 -7.81 1.93 21.95 3.01 45.407994 11.888355 0
5.69 -7.95 2.02 21.95 3.01 45.407994 11.888355 1
5.89 -7.94 1.9 21.95 3.01 45.407994 11.888355 1
5.9 -7.86 1.69 22.43 3.01 45.407994 11.888355 1
5.82 -7.77 1.77 22.31 3.01 45.407994 11.888355 1
5.96 -7.69 2.03 21.92 3.01 45.407994 11.888355 1
6.23 -7.66 2.1 21.57 3.01 45.407994 11.888355 1
6.22 -7.68 1.93 21.63 3.01 45.407994 11.888355 1
6.01 -7.67 1.72 22.0 3.01 45.407994 11.888355 1
6.0 -7.65 1.55 22.0 3.01 45.407994 11.888355 1
6.22 -7.68 1.52 21.57 3.01 45.407994 11.888355 1
6.21 -7.78 1.64 21.97 3.01 45.407994 11.888355 1
5.84 -7.93 1.7 22.11 3.01 45.407994 11.888355 1
5.55 -8.02 1.63 22.16 3.01 45.407994 11.888355 1
5.74 -7.85 1.65 21.75 3.01 45.407994 11.888355 1
6.1 -7.64 1.79 22.07 3.07 45.407988 11.888316 0
6.12 -7.79 1.81 22.05 3.07 45.407988 11.888316 1
5.9 -8.06 1.69 22.0 3.07 45.407988 11.888316 1
5.91 -7.94 1.73 21.92 3.07 45.407988 11.888316 0
6.16 -7.7 1.97 21.45 3.07 45.407988 11.888316 1
6.28 -7.75 2.09 21.95 3.07 45.407988 11.888316 1
6.2 -7.78 1.97 21.9 3.07 45.407988 11.888316 1
6.05 -7.62 1.85 22.0 3.07 45.407988 11.888316 1
5.82 -7.78 1.97 21.8 3.07 45.407988 11.888316 1
5.65 -8.21 2.11 22.47 3.07 45.407988 11.888316 1
5.73 -8.11 2.03 22.09 3.07 45.407988 11.888316 1
5.83 -7.6 1.87 22.19 3.07 45.407988 11.888316 1
5.83 -7.53 1.89 22.16 3.07 45.407988 11.888316 1
6.0 -7.79 1.98 22.11 3.07 45.407988 11.888316 1
6.26 -7.78 1.94 22.05 3.07 45.407988 11.888316 1
6.16 -7.66 1.77 22.59 3.07 45.407988 11.888316 1
5.9 -7.66 1.62 22.16 3.07 45.407988 11.888316 1
5.98 -7.55 1.63 21.85 3.07 45.407988 11.888316 1
6.08 -7.62 1.77 21.85 2.39 45.407986 11.888284 0
5.94 -8.08 1.8 21.28 2.39 45.407986 11.888284 1
5.84 -8.14 1.68 21.76 2.39 45.407986 11.888284 0
5.71 -7.61 1.66 21.4 2.39 45.407986 11.888284 1
5.54 -7.43 1.75 22.16 2.39 45.407986 11.888284 1
5.89 -7.67 1.68 21.93 2.39 45.407986 11.888284 1
6.34 -7.79 1.61 22.19 2.39 45.407986 11.888284 1
5.89 -8.03 1.82 22.11 2.39 45.407986 11.888284 1
5.47 -8.13 1.91 22.05 2.39 45.407986 11.888284 1
6.06 -7.67 1.67 21.9 2.39 45.407986 11.888284 1
5.85 -7.84 1.61 21.75 2.39 45.407986 11.888284 1
4.36 -8.47 1.67 21.87 2.39 45.407986 11.888284 1
4.93 -7.34 1.55 20.67 2.39 45.407986 11.888284 1
7.9 -6.1 1.95 21.09 2.39 45.407986 11.888284 1
8.51 -7.65 2.79 22.76 2.39 45.407986 11.888284 1
5.44 -8.02 2.24 24.75 2.39 45.407986 11.888284 1
3.17 -4.42 0.49 24.64 2.39 45.407986 11.888284 1
3.82 -4.34 0.26 26.27 2.39 45.407986 11.888284 1
4.99 -10.8 1.61 20.12 2.18 45.407981 11.888255 0
5.3 -13.18 1.9 20.84 2.18 45.407981 11.888255 1
5.43 -7.31 1.2 22.21 2.18 45.407981 11.888255 0
5.59 -3.63 1.62 22.11 2.18 45.407981 11.888255 1
5.96 -6.27 2.47 21.39 2.18 45.407981 11.888255 1
6.88 -7.87 2.07 21.85 2.18 45.407981 11.888255 1
7.41 -6.95 1.38 21.64 2.18 45.407981 11.888255 1
6.6 -7.88 1.55 21.75 2.18 45.407981 11.888255 1
5.36 -8.89 1.76 22.16 2.18 45.407981 11.888255 1
5.0 -7.44 1.6 22.31 2.18 45.407981 11.888255 1
5.37 -6.92 1.74 22.16 2.18 45.407981 11.888255 1
5.74 -8.59 2.04 21.95 2.18 45.407981 11.888255 1
5.88 -8.94 1.94 21.56 2.18 45.407981 11.888255 1
5.94 -7.57 1.85 21.75 2.18 45.407981 11.888255 1
6.05 -7.09 2.1 22.21 2.18 45.407981 11.888255 1
6.23 -7.49 2.26 22.11 2.18 45.407981 11.888255 1
6.34 -7.64 2.05 21.45 2.18 45.407981 11.888255 1
6.23 -7.76 1.74 21.95 2.46 45.407969 11.888225 0
6.04 -7.87 1.67 22.05 2.46 45.407969 11.888225 1
5.94 -7.71 1.9 21.59 2.46 45.407969 11.888225 0
5.89 -7.8 2.11 21.45 2.46 45.407969 11.888225 1
5.81 -8.16 1.86 21.95 2.46 45.407969 11.888225 1
5.77 -8.1 1.38 22.45 2.46 45.407969 11.888225 1
5.84 -7.81 1.31 22.0 2.46 45.407969 11.888225 1
5.97 -7.83 1.67 22.0 2.46 45.407969 11.888225 1
6.13 -7.83 1.91 21.64 2.46 45.407969 11.888225 1
6.31 -7.55 1.75 22.11 2.46 45.407969 11.888225 1
6.4 -7.41 1.58 22.02 2.46 45.407969 11.888225 1
6.29 -7.55 1.71 21.97 2.46 45.407969 11.888225 1
6.14 -7.66 1.94 21.95 2.46 45.407969 11.888225 1
6.06 -7.69 1.88 21.9 2.46 45.407969 11.888225 1
6.01 -7.82 1.64 21.85 2.46 45.407969 11.888225 1
5.87 -7.96 1.64 21.83 2.46 45.407969 11.888225 1
5.72 -7.99 1.8 21.44 2.46 45.407969 11.888225 1
5.71 -7.95 1.73 22.0 2.46 45.407969 11.888225 1
5.82 -7.83 1.61 22.04 3.27 45.407950 11.888194 0
5.95 -7.63 1.81 22.0 3.27 45.407950 11.888194 1
6.02 -7.56 2.06 22.04 3.27 45.407950 11.888194 0
6.09 -7.74 1.97 21.54 3.27 45.407950 11.888194 1
6.19 -7.95 1.83 21.87 3.27 45.407950 11.888194 1
6.25 -7.88 1.99 21.9 3.27 45.407950 11.888194 1
6.22 -7.62 2.21 22.0 3.27 45.407950 11.888194 1
6.09 -7.51 2.18 21.93 3.27 45.407950 11.888194 1
5.92 -7.67 1.98 21.64 3.27 45.407950 11.888194 1
5.82 -7.98 1.88 21.92 3.27 45.407950 11.888194 1
5.83 -8.17 1.92 21.49 3.27 45.407950 11.888194 1
5.83 -8.03 1.96 22.0 3.27 45.407950 11.888194 1
5.76 -7.71 1.92 22.11 3.27 45.407950 11.888194 1
5.71 -7.65 1.84 21.61 3.27 45.407950 11.888194 1
5.79 -7.9 1.83 22.0 3.27 45.407950 11.888194 1
5.92 -7.99 1.85 21.59 3.27 45.407950 11.888194 1
6.02 -7.76 1.83 21.49 3.27 45.407950 11.888194 1
6.1 -7.57 1.8 21.83 3.09 45.407934 11.888158 0
6.12 -7.62 1.84 21.8 3.09 45.407934 11.888158 1
6.05 -7.68 1.9 21.87 3.09 45.407934 11.888158 0
5.98 -7.63 1.93 21.86 3.09 45.407934 11.888158 1
5.99 -7.61 1.94 21.87 3.09 45.407934 11.888158 1
6.01 -7.65 1.93 21.87 3.09 45.407934 11.888158 1
6.0 -7.65 1.92 21.86 3.09 45.407934 11.888158 1
6.0 -7.63 1.92 21.87 3.09 45.407934 11.888158 1
6.0 -7.63 1.93 21.87 3.09 45.407934 11.888158 1
6.0 -7.63 1.93 21.87 3.09 45.407934 11.888158 1
6.0 -7.63 1.93 21.86 3.09 45.407934 11.888158 1
6.0 -7.63 1.93 21.87 3.09 45.407934 11.888158 1
6.0 -7.64 1.92 21.86 3.09 45.407934 11.888158 1
6.0 -7.63 1.92 21.88 3.09 45.407934 11.888158 1
6.0 -7.63 1.93 21.86 3.09 45.407934 11.888158 1
6.0 -7.64 1.94 21.87 3.09 45.407934 11.888158 1
6.0 -7.63 1.93 21.87 3.09 45.407934 11.888158 1
6.0 -7.63 1.93 21.87 3.09 45.407934 11.888158 1
6.0 -7.63 1.93 21.87 3.09 45.407934 11.888158 1
5.99 -7.64 1.92 21.87 3.09 45.407934 11.888158 1
5.99 -7.63 1.92 21.87 3.09 45.407934 11.888158 1
6.0 -7.63 1.93 21.87 3.09 45.407934 11.888158 1
6.0 -7.63 1.93 21.87 3.09 45.407934 11.888158 1
5.99 -7.63 1.94 21.87 3.09 45.407934 11.888158 1
6.0 -7.62 1.94 21.88 3.09 45.407934 11.888158 1
6.01 -7.62 1.94 21.87 3.09 45.407934 11.888158 1
6.0 -7.63 1.92 21.87 3.09 45.407934 11.888158 1
5.99 -7.63 1.92 21.87 3.09 45.407934 11.888158 1
6.0 -7.62 1.93 21.86 3.09 45.407934 11.888158 1
6.0 -7.62 1.93 21.87 3.09 45.407934 11.888158 1
6.0 -7.63 1.93 21.86 3.09 45.407934 11.888158 1
6.0 -7.63 1.93 21.87 3.09 45.407934 11.888158 1
6.01 -7.64 1.93 21.86 3.09 45.407934 11.888158 1
6.0 -7.63 1.93 21.86 3.09 45.407934 11.888158 1
6.0 -7.63 1.93 21.87 3.09 45.407934 11.888158 1
6.0 -7.63 1.94 21.87 3.09 45.407934 11.888158 1
6.01 -7.63 1.94 21.87 3.09 45.407934 11.888158 1
6.01 -7.63 1.93 21.88 3.09 45.407934 11.888158 1
6.0 -7.63 1.92 21.87 3.09 45.407934 11.888158 1
5.99 -7.63 1.93 21.88 3.09 45.407934 11.888158 1
6.0 -7.62 1.92 21.87 3.09 45.407934 11.888158 1
6.0 -7.62 1.93 21.88 3.09 45.407934 11.888158 1
6.0 -7.63 1.93 21.88 3.09 45.407934 11.888158 1
6.0 -7.64 1.93 21.86 3.09 45.407934 11.888158 1
6.0 -7.64 1.92 21.87 3.09 45.407934 11.888158 1
6.0 -7.63 1.93 21.88 3.09 45.407934 11.888158 1
6.0 -7.63 1.94 21.87 3.09 45.407934 11.888158 1
6.0 -7.63 1.94 21.87 3.09 45.407934 11.888158 1
6.0 -7.63 1.93 21.86 3.09 45.407934 11.888158 1
6.0 -7.64 1.92 21.87 3.09 45.407934 11.888158 1
6.01 -7.63 1.93 21.86 3.09 45.407934 11.888158 1
6.0 -7.63 1.94 21.86 3.09 45.407934 11.888158 1
6.0 -7.63 1.94 21.88 3.09 45.407934 11.888158 1
6.0 -7.63 1.93 21.86 3.09 45.407934 11.888158 1
6.01 -7.63 1.93 21.86 3.09 45.407934 11.888158 1
6.0 -7.63 1.94 21.87 3.09 45.407934 11.888158 1
