5.32 -8.46 1.65 21.95 1.89 45.408013 11.888756 0
5.87 -8.02 1.29 22.33 1.89 45.408013 11.888756 0
6.21 -7.72 1.19 22.57 1.89 45.408013 11.888756 1
6.19 -7.59 1.39 21.81 1.89 45.408013 11.888756 1
6.08 -7.55 1.56 22.07 1.89 45.408013 11.888756 1
6.26 -7.56 1.51 22.02 1.89 45.408013 11.888756 1
6.43 -7.67 1.46 21.95 1.89 45.408013 11.888756 1
6.25 -7.81 1.51 22.02 1.89 45.408013 11.888756 1
6.08 -7.76 1.48 22.83 1.89 45.408013 11.888756 1
6.12 -7.56 1.49 21.81 1.89 45.408013 11.888756 1
6.09 -7.65 1.75 21.73 1.89 45.408013 11.888756 1
5.93 -8.02 1.97 21.81 1.89 45.408013 11.888756 1
5.81 -8.16 1.81 21.87 1.89 45.408013 11.888756 1
5.6 -7.94 1.65 22.29 1.89 45.408013 11.888756 1
5.4 -7.85 1.81 21.88 1.89 45.408013 11.888756 1
5.63 -8.02 1.96 21.8 1.89 45.408013 11.888756 1
6.13 -7.94 1.91 22.21 2.61 45.408014 11.888726 0
6.31 -7.57 1.94 22.16 2.61 45.408014 11.888726 1
6.19 -7.49 1.99 21.83 2.61 45.408014 11.888726 0
6.12 -7.74 1.86 22.31 2.61 45.408014 11.888726 1
6.16 -7.79 1.77 22.0 2.61 45.408014 11.888726 1
6.3 -7.6 1.88 21.95 2.61 45.408014 11.888726 1
6.53 -7.58 1.9 22.42 2.61 45.408014 11.888726 1
6.53 -7.69 1.73 22.07 2.61 45.408014 11.888726 1
6.23 -7.65 1.69 22.62 2.61 45.408014 11.888726 1
6.04 -7.61 1.85 22.67 2.61 45.408014 11.888726 1
6.04 -7.77 1.91 22.47 2.61 45.408014 11.888726 1
5.91 -8.01 1.83 21.92 2.61 45.408014 11.888726 1
5.76 -8.18 1.77 21.88 2.61 45.408014 11.888726 1
5.85 -8.13 1.74 22.02 2.61 45.408014 11.888726 1
5.92 -7.76 1.74 22.23 2.61 45.408014 11.888726 1
5.83 -7.36 1.79 22.17 2.61 45.408014 11.888726 1
5.99 -7.41 1.77 21.97 2.61 45.408014 11.888726 1
6.37 -7.81 1.66 21.8 2.61 45.408014 11.888726 1
6.46 -7.93 1.59 22.21 2.06 45.408014 11.888697 0
6.25 -7.69 1.6 21.85 2.06 45.408014 11.888697 1
6.19 -7.53 1.65 21.92 2.06 45.408014 11.888697 0
6.26 -7.58 1.74 21.51 2.06 45.408014 11.888697 1
6.21 -7.63 1.78 21.9 2.06 45.408014 11.888697 1
6.07 -7.71 1.64 21.9 2.06 45.408014 11.888697 1
5.98 -7.86 1.44 21.95 2.06 45.408014 11.888697 1
5.94 -7.84 1.43 21.95 2.06 45.408014 11.888697 1
5.91 -7.7 1.6 22.09 2.06 45.408014 11.888697 1
5.82 -7.8 1.73 22.12 2.06 45.408014 11.888697 1
5.78 -8.04 1.8 21.97 2.06 45.408014 11.888697 1
6.07 -7.94 1.96 22.04 2.06 45.408014 11.888697 1
6.46 -7.58 2.14 21.99 2.06 45.408014 11.888697 1
6.34 -7.49 2.15 22.12 2.06 45.408014 11.888697 1
5.93 -7.65 1.95 22.23 2.06 45.408014 11.888697 1
5.99 -7.64 1.79 22.54 2.06 45.408014 11.888697 1
6.36 -7.51 1.83 21.97 2.06 45.408014 11.888697 1
6.37 -7.63 1.95 22.29 2.22 45.408026 11.888672 0
6.09 -7.92 1.95 21.42 2.22 45.408026 11.888672 1
5.94 -7.96 1.83 21.97 2.22 45.408026 11.888672 0
5.83 -7.76 1.72 22.69 2.22 45.408026 11.888672 1
5.66 -7.76 1.65 22.17 2.22 45.408026 11.888672 1
5.68 -7.97 1.6 21.4 2.22 45.408026 11.888672 1
5.88 -7.99 1.69 21.88 2.22 45.408026 11.888672 1
6.04 -7.78 1.9 21.87 2.22 45.408026 11.888672 1
6.17 -7.65 2.03 22.48 2.22 45.408026 11.888672 1
6.27 -7.72 1.93 22.02 2.22 45.408026 11.888672 1
6.19 -7.84 1.71 22.04 2.22 45.408026 11.888672 1
6.04 -7.92 1.65 22.42 2.22 45.408026 11.888672 1
6.03 -7.88 1.84 22.02 2.22 45.408026 11.888672 1
6.1 -7.74 1.99 21.99 2.22 45.408026 11.888672 1
6.08 -7.68 1.75 22.45 2.22 45.408026 11.888672 1
5.99 -7.76 1.4 21.97 2.22 45.408026 11.888672 1
5.92 -7.85 1.48 21.92 2.22 45.408026 11.888672 1
5.85 -7.88 1.89 22.26 2.22 45.408026 11.888672 1
5.82 -7.89 2.05 21.95 2.72 45.408035 11.888639 0
5.9 -7.76 1.89 22.0 2.72 45.408035 11.888639 1
6.03 -7.62 1.82 21.99 2.72 45.408035 11.888639 0
6.1 -7.73 1.85 21.97 2.72 45.408035 11.888639 1
6.11 -7.94 1.68 22.36 2.72 45.408035 11.888639 1
6.11 -7.87 1.52 22.35 2.72 45.408035 11.888639 1
6.09 -7.63 1.72 22.47 2.72 45.408035 11.888639 1
6.06 -7.6 1.98 21.85 2.72 45.408035 11.888639 1
6.07 -7.78 1.94 22.07 2.72 45.408035 11.888639 1
6.09 -7.82 1.8 22.12 2.72 45.408035 11.888639 1
5.99 -7.71 1.82 22.59 2.72 45.408035 11.888639 1
5.83 -7.73 1.85 22.09 2.72 45.408035 11.888639 1
5.8 -7.95 1.81 22.42 2.72 45.408035 11.888639 1
5.91 -8.09 1.82 21.97 2.72 45.408035 11.888639 1
6.05 -7.98 1.86 21.97 2.72 45.408035 11.888639 1
6.16 -7.82 1.8 22.02 2.72 45.408035 11.888639 1
6.18 -7.7 1.74 21.9 2.72 45.408035 11.888639 1
6.09 -7.56 1.74 22.11 2.76 45.408043 11.888601 0
6.03 -7.49 1.75 21.99 2.76 45.408043 11.888601 1
6.18 -7.64 1.77 21.83 2.76 45.408043 11.888601 1
6.33 -7.79 1.83 21.85 2.76 45.408043 11.888601 0
6.15 -7.75 1.76 21.54 2.76 45.408043 11.888601 1
5.78 -7.75 1.59 22.07 2.76 45.408043 11.888601 1
5.61 -7.93 1.6 22.04 2.76 45.408043 11.888601 1
5.71 -8.06 1.74 21.99 2.76 45.408043 11.888601 1
5.91 -7.99 1.72 22.48 2.76 45.408043 11.888601 1
6.0 -7.83 1.69 21.99 2.76 45.408043 11.888601 1
5.92 -7.69 1.86 22.12 2.76 45.408043 11.888601 1
5.81 -7.64 1.97 22.17 2.76 45.408043 11.888601 1
5.91 -7.72 1.87 22.07 2.76 45.408043 11.888601 1
6.21 -7.8 1.9 22.4 2.76 45.408043 11.888601 1
6.37 -7.75 2.09 22.02 2.76 45.408043 11.888601 1
6.18 -7.63 2.05 22.48 2.76 45.408043 11.888601 1
5.89 -7.64 1.79 22.07 2.76 45.408043 11.888601 1
5.8 -7.81 1.73 22.23 2.76 45.408043 11.888601 1
5.83 -7.97 1.81 21.8 2.15 45.408058 11.888574 0
5.8 -8.0 1.77 22.24 2.15 45.408058 11.888574 1
5.69 -7.88 1.67 22.02 2.15 45.408058 11.888574 0
5.69 -7.72 1.66 22.02 2.15 45.408058 11.888574 1
5.96 -7.68 1.68 22.42 2.15 45.408058 11.888574 1
6.27 -7.72 1.72 21.39 2.15 45.408058 11.888574 1
6.21 -7.76 1.79 21.95 2.15 45.408058 11.888574 1
5.92 -7.78 1.81 21.56 2.15 45.408058 11.888574 1
5.93 -7.82 1.77 22.02 2.15 45.408058 11.888574 1
6.18 -7.85 1.76 22.02 2.15 45.408058 11.888574 1
6.18 -7.86 1.68 22.09 2.15 45.408058 11.888574 1
5.86 -7.87 1.55 22.52 2.15 45.408058 11.888574 1
5.63 -7.87 1.61 22.54 2.15 45.408058 11.888574 1
5.64 -7.86 1.86 22.04 2.15 45.408058 11.888574 1
5.82 -7.92 1.92 22.02 2.15 45.408058 11.888574 1
6.05 -7.98 1.7 22.0 2.15 45.408058 11.888574 1
6.12 -7.84 1.61 21.95 2.15 45.408058 11.888574 1
6.06 -7.53 1.85 22.11 1.69 45.408064 11.888550 0
6.09 -7.39 2.1 22.0 1.69 45.408064 11.888550 1
6.16 -7.63 2.08 21.92 1.69 45.408064 11.888550 1
6.08 -7.96 1.89 22.36 1.69 45.408064 11.888550 0
6.0 -7.98 1.77 22.0 1.69 45.408064 11.888550 1
6.02 -7.8 1.72 22.43 1.69 45.408064 11.888550 1
5.87 -7.77 1.68 22.14 1.69 45.408064 11.888550 1
5.59 -7.93 1.67 22.57 1.69 45.408064 11.888550 1
5.63 -8.01 1.71 21.61 1.69 45.408064 11.888550 1
5.92 -7.91 1.79 22.02 1.69 45.408064 11.888550 1
6.02 -7.8 1.84 22.29 1.69 45.408064 11.888550 1
5.95 -7.75 1.85 22.02 1.69 45.408064 11.888550 1
5.95 -7.67 1.82 22.07 1.69 45.408064 11.888550 1
5.92 -7.62 1.79 23.29 1.69 45.408064 11.888550 1
5.89 -7.72 1.8 22.42 1.69 45.408064 11.888550 1
6.09 -7.8 1.76 22.91 1.69 45.408064 11.888550 1
6.3 -7.72 1.61 22.52 1.69 45.408064 11.888550 1
6.1 -7.62 1.5 22.35 1.69 45.408064 11.888550 1
5.76 -7.65 1.56 21.95 2.86 45.408068 11.888513 0
5.78 -7.81 1.68 22.17 2.86 45.408068 11.888513 1
5.98 -8.09 1.82 22.04 2.86 45.408068 11.888513 0
5.91 -8.21 1.99 23.07 2.86 45.408068 11.888513 1
5.78 -7.89 1.99 21.95 2.86 45.408068 11.888513 1
5.95 -7.48 1.76 22.64 2.86 45.408068 11.888513 1
6.15 -7.49 1.69 21.99 2.86 45.408068 11.888513 1
6.03 -7.7 1.92 21.97 2.86 45.408068 11.888513 1
5.8 -7.72 2.0 22.5 2.86 45.408068 11.888513 1
5.9 -7.76 1.84 22.4 2.86 45.408068 11.888513 1
6.13 -7.97 1.81 22.36 2.86 45.408068 11.888513 1
6.01 -7.99 1.88 22.02 2.86 45.408068 11.888513 1
5.67 -7.79 1.8 22.26 2.86 45.408068 11.888513 1
5.64 -7.76 1.81 22.19 2.86 45.408068 11.888513 1
5.93 -7.93 2.04 22.07 2.86 45.408068 11.888513 1
6.09 -8.07 2.05 22.02 2.86 45.408068 11.888513 1
6.05 -8.08 1.83 21.92 2.86 45.408068 11.888513 1
6.01 -7.93 1.84 22.33 2.86 45.408068 11.888513 1
5.96 -7.68 2.02 22.21 1.77 45.408074 11.888487 0
5.92 -7.7 1.89 21.8 1.77 45.408074 11.888487 1
6.0 -7.96 1.69 22.33 1.77 45.408074 11.888487 0
6.12 -8.05 1.82 21.92 1.77 45.408074 11.888487 1
6.01 -7.91 1.96 21.95 1.77 45.408074 11.888487 1
5.76 -7.92 1.85 22.0 1.77 45.408074 11.888487 1
5.64 -8.0 1.78 22.0 1.77 45.408074 11.888487 1
5.74 -7.94 1.84 22.48 1.77 45.408074 11.888487 1
5.94 -7.91 1.78 22.07 1.77 45.408074 11.888487 1
6.05 -7.92 1.65 22.47 1.77 45.408074 11.888487 1
5.98 -7.75 1.6 22.45 1.77 45.408074 11.888487 1
5.98 -7.67 1.54 22.02 1.77 45.408074 11.888487 1
6.26 -8.01 1.61 21.97 1.77 45.408074 11.888487 1
6.41 -8.18 1.89 28.21 1.77 45.408074 11.888487 1
6.09 -7.69 2.09 22.17 1.77 45.408074 11.888487 1
5.72 -7.29 2.02 22.57 1.77 45.408074 11.888487 1
5.75 -7.82 1.98 22.09 1.77 45.408074 11.888487 1
5.92 -8.58 2.02 21.93 3.25 45.408056 11.888446 0
5.91 -8.37 1.84 22.0 3.25 45.408056 11.888446 1
5.84 -7.44 1.6 22.31 3.25 45.408056 11.888446 0
5.86 -7.1 1.67 22.42 3.25 45.408056 11.888446 1
5.96 -7.71 1.84 21.85 3.25 45.408056 11.888446 1
6.11 -8.25 1.77 21.4 3.25 45.408056 11.888446 1
6.13 -7.99 1.64 21.95 3.25 45.408056 11.888446 1
5.97 -7.53 1.73 21.97 3.25 45.408056 11.888446 1
5.91 -7.57 1.85 22.02 3.25 45.408056 11.888446 1
6.0 -7.91 1.72 22.07 3.25 45.408056 11.888446 1
5.94 -8.0 1.53 22.04 3.25 45.408056 11.888446 1
5.76 -7.85 1.55 22.5 3.25 45.408056 11.888446 1
5.76 -7.71 1.67 22.07 3.25 45.408056 11.888446 1
5.87 -7.72 1.75 22.07 3.25 45.408056 11.888446 1
5.89 -7.9 1.85 22.07 3.25 45.408056 11.888446 1
5.9 -8.05 1.89 22.04 3.25 45.408056 11.888446 1
6.03 -7.91 1.75 21.56 3.25 45.408056 11.888446 1
6.22 -7.62 1.65 21.51 3.25 45.408056 11.888446 1
6.28 -7.58 1.88 21.51 2.79 45.408042 11.888403 0
6.12 -7.79 2.09 21.87 2.79 45.408042 11.888403 1
5.91 -7.94 1.9 21.51 2.79 45.408042 11.888403 0
5.89 -7.9 1.58 21.9 2.79 45.408042 11.888403 1
5.9 -7.86 1.58 21.51 2.79 45.408042 11.888403 1
5.74 -7.93 1.84 21.95 2.79 45.408042 11.888403 1
5.68 -8.01 1.99 21.95 2.79 45.408042 11.888403 1
5.94 -7.94 1.91 22.12 2.79 45.408042 11.888403 1
6.13 -7.72 1.81 22.23 2.79 45.408042 11.888403 1
5.97 -7.6 1.86 22.17 2.79 45.408042 11.888403 1
5.82 -7.75 1.97 22.04 2.79 45.408042 11.888403 1
5.92 -7.96 1.9 21.97 2.79 45.408042 11.888403 1
6.07 -8.02 1.67 21.97 2.79 45.408042 11.888403 1
6.14 -7.9 1.49 22.0 2.79 45.408042 11.888403 1
6.14 -7.66 1.46 22.52 2.79 45.408042 11.888403 1
6.01 -7.55 1.55 22.14 2.79 45.408042 11.888403 1
5.75 -7.9 1.67 21.85 2.79 45.408042 11.888403 1
5.61 -8.41 1.71 21.9 2.76 45.408036 11.888365 0
5.64 -8.39 1.69 21.99 2.76 45.408036 11.888365 1
5.6 -7.9 1.74 22.0 2.76 45.408036 11.888365 0
5.63 -7.66 1.89 21.95 2.76 45.408036 11.888365 1
6.03 -7.78 1.92 21.81 2.76 45.408036 11.888365 1
6.45 -7.9 1.7 21.76 2.76 45.408036 11.888365 1
6.23 -7.95 1.41 22.43 2.76 45.408036 11.888365 1
5.67 -7.84 1.43 22.04 2.76 45.408036 11.888365 1
5.53 -7.57 1.8 21.99 2.76 45.408036 11.888365 1
5.8 -7.7 2.08 21.83 2.76 45.408036 11.888365 1
5.94 -8.19 1.99 21.69 2.76 45.408036 11.888365 1
5.87 -8.09 1.79 21.45 2.76 45.408036 11.888365 1
5.66 -7.49 1.83 21.56 2.76 45.408036 11.888365 1
5.53 -7.41 1.97 22.23 2.76 45.408036 11.888365 1
5.92 -7.6 1.96 22.57 2.76 45.408036 11.888365 1
6.39 -7.54 1.8 22.72 2.76 45.408036 11.888365 1
6.02 -7.77 1.72 22.07 2.76 45.408036 11.888365 1
5.49 -7.98 1.84 21.97 1.16 45.408033 11.888343 0
5.79 -7.47 2.03 21.85 1.16 45.408033 11.888343 1
5.71 -7.61 1.94 21.61 1.16 45.408033 11.888343 0
4.83 -8.68 1.49 21.21 1.16 45.408033 11.888343 1
5.59 -8.36 1.16 20.51 1.16 45.408033 11.888343 1
7.79 -7.33 1.29 21.16 1.16 45.408033 11.888343 1
7.28 -8.07 1.58 23.55 1.16 45.408033 11.888343 1
4.24 -7.92 1.64 24.85 1.16 45.408033 11.888343 1
3.82 -4.99 1.44 24.71 1.16 45.408033 11.888343 1
6.45 -5.38 1.05 21.56 1.16 45.408033 11.888343 1
7.41 -11.16 0.77 20.39 1.16 45.408033 11.888343 1
5.9 -13.14 0.99 20.68 1.16 45.408033 11.888343 1
5.11 -7.78 1.37 21.83 1.16 45.408033 11.888343 1
5.6 -4.1 1.35 22.23 1.16 45.408033 11.888343 1
5.96 -6.38 1.34 22.02 1.16 45.408033 11.888343 1
6.26 -8.57 1.98 21.9 1.16 45.408033 11.888343 1
6.56 -8.05 2.53 21.73 1.16 45.408033 11.888343 1
6.08 -7.82 2.07 21.4 1.16 45.408033 11.888343 1
5.35 -8.04 1.41 22.11 1.76 45.408023 11.888318 0
5.49 -7.56 1.66 21.9 1.76 45.408023 11.888318 1
5.98 -7.63 2.23 21.8 1.76 45.408023 11.888318 0
6.02 -8.25 2.13 21.39 1.76 45.408023 11.888318 1
5.97 -7.88 1.74 21.47 1.76 45.408023 11.888318 1
6.16 -7.21 1.79 21.99 1.76 45.408023 11.888318 1
6.24 -7.44 1.94 21.47 1.76 45.408023 11.888318 1
6.19 -7.74 1.73 21.47 1.76 45.408023 11.888318 1
6.26 -7.57 1.54 21.99 1.76 45.408023 11.888318 1
6.29 -7.6 1.67 22.09 1.76 45.408023 11.888318 1
6.13 -7.74 1.7 22.11 1.76 45.408023 11.888318 1
5.98 -7.69 1.4 22.07 1.76 45.408023 11.888318 1
5.9 -7.81 1.24 22.0 1.76 45.408023 11.888318 1
5.81 -8.07 1.55 21.61 1.76 45.408023 11.888318 1
5.8 -7.99 1.96 21.66 1.76 45.408023 11.888318 1
5.85 -7.78 2.06 22.12 1.76 45.408023 11.888318 1
5.87 -7.79 1.94 21.83 1.76 45.408023 11.888318 1
6.04 -7.74 1.88 22.33 1.76 45.408023 11.888318 1
6.38 -7.55 1.99 21.87 2.48 45.408003 11.888280 0
6.47 -7.51 2.09 21.51 2.48 45.408003 11.888280 1
6.18 -7.57 1.97 21.97 2.48 45.408003 11.888280 0
5.97 -7.56 1.69 21.92 2.48 45.408003 11.888280 1
6.0 -7.7 1.59 21.42 2.48 45.408003 11.888280 1
5.92 -7.98 1.75 21.37 2.48 45.408003 11.888280 1
5.69 -8.03 1.85 21.37 2.48 45.408003 11.888280 1
5.66 -7.86 1.74 21.93 2.48 45.408003 11.888280 1
5.84 -7.86 1.67 22.07 2.48 45.408003 11.888280 1
5.99 -7.9 1.78 22.09 2.48 45.408003 11.888280 1
6.06 -7.66 1.91 22.23 2.48 45.408003 11.888280 1
6.11 -7.43 1.99 22.17 2.48 45.408003 11.888280 1
6.14 -7.64 1.97 22.12 2.48 45.408003 11.888280 1
6.14 -7.95 1.82 21.99 2.48 45.408003 11.888280 1
6.14 -7.91 1.71 22.0 2.48 45.408003 11.888280 1
6.17 -7.7 1.74 22.11 2.48 45.408003 11.888280 1
6.17 -7.67 1.69 22.05 2.48 45.408003 11.888280 1
5.97 -7.73 1.49 22.02 2.01 45.407996 11.888252 0
5.64 -7.88 1.5 21.45 2.01 45.407996 11.888252 1
5.61 -8.16 1.78 21.85 2.01 45.407996 11.888252 0
5.9 -8.21 1.97 21.87 2.01 45.407996 11.888252 1
6.02 -7.82 1.94 21.99 2.01 45.407996 11.888252 1
5.85 -7.48 1.88 22.0 2.01 45.407996 11.888252 1
5.85 -7.69 1.83 21.49 2.01 45.407996 11.888252 1
6.13 -8.07 1.79 21.8 2.01 45.407996 11.888252 1
6.33 -7.95 1.86 21.61 2.01 45.407996 11.888252 1
6.31 -7.49 1.93 22.07 2.01 45.407996 11.888252 1
6.18 -7.38 1.71 22.04 2.01 45.407996 11.888252 1
5.97 -7.78 1.39 22.02 2.01 45.407996 11.888252 1
5.81 -8.17 1.38 21.97 2.01 45.407996 11.888252 1
5.88 -8.18 1.6 21.57 2.01 45.407996 11.888252 1
6.0 -8.05 1.7 21.58 2.01 45.407996 11.888252 1
5.97 -8.06 1.65 21.57 2.01 45.407996 11.888252 1
5.92 -8.1 1.64 21.57 2.01 45.407996 11.888252 1
5.97 -8.07 1.67 21.57 2.01 45.407996 11.888252 1
5.99 -8.05 1.67 21.56 2.01 45.407996 11.888252 1
5.95 -8.08 1.65 21.57 2.01 45.407996 11.888252 1
5.96 -8.08 1.66 21.56 2.01 45.407996 11.888252 1
5.98 -8.06 1.66 21.57 2.01 45.407996 11.888252 1
5.97 -8.07 1.66 21.57 2.01 45.407996 11.888252 1
5.96 -8.08 1.67 21.58 2.01 45.407996 11.888252 1
5.97 -8.06 1.67 21.58 2.01 45.407996 11.888252 1
5.96 -8.06 1.66 21.56 2.01 45.407996 11.888252 1
5.95 -8.07 1.66 21.57 2.01 45.407996 11.888252 1
5.96 -8.07 1.66 21.58 2.01 45.407996 11.888252 1
5.97 -8.06 1.65 21.56 2.01 45.407996 11.888252 1
5.96 -8.06 1.66 21.56 2.01 45.407996 11.888252 1
5.96 -8.07 1.67 21.58 2.01 45.407996 11.888252 1
5.97 -8.07 1.66 21.57 2.01 45.407996 11.888252 1
5.96 -8.07 1.65 21.56 2.01 45.407996 11.888252 1
5.95 -8.08 1.66 21.58 2.01 45.407996 11.888252 1
5.95 -8.08 1.66 21.57 2.01 45.407996 11.888252 1
5.96 -8.07 1.65 21.56 2.01 45.407996 11.888252 1
5.96 -8.07 1.66 21.57 2.01 45.407996 11.888252 1
5.96 -8.08 1.66 21.57 2.01 45.407996 11.888252 1
5.97 -8.08 1.66 21.57 2.01 45.407996 11.888252 1
5.97 -8.07 1.66 21.56 2.01 45.407996 11.888252 1
5.95 -8.06 1.65 21.57 2.01 45.407996 11.888252 1
5.95 -8.07 1.65 21.57 2.01 45.407996 11.888252 1
5.96 -8.08 1.66 21.57 2.01 45.407996 11.888252 1
5.97 -8.08 1.66 21.56 2.01 45.407996 11.888252 1
5.96 -8.07 1.66 21.57 2.01 45.407996 11.888252 1
5.96 -8.07 1.65 21.56 2.01 45.407996 11.888252 1
5.95 -8.07 1.65 21.57 2.01 45.407996 11.888252 1
5.96 -8.06 1.65 21.57 2.01 45.407996 11.888252 1
5.96 -8.06 1.65 21.56 2.01 45.407996 11.888252 1
5.96 -8.07 1.65 21.56 2.01 45.407996 11.888252 1
5.95 -8.07 1.67 21.57 2.01 45.407996 11.888252 1
5.95 -8.07 1.66 21.57 2.01 45.407996 11.888252 1
5.96 -8.07 1.65 21.58 2.01 45.407996 11.888252 1
5.96 -8.07 1.66 21.57 2.01 45.407996 11.888252 1
5.96 -8.07 1.67 21.57 2.01 45.407996 11.888252 1
5.96 -8.06 1.67 21.57 2.01 45.407996 11.888252 1
5.96 -8.07 1.66 21.57 2.01 45.407996 11.888252 1
5.96 -8.08 1.66 21.57 2.01 45.407996 11.888252 1
5.97 -8.07 1.66 21.58 2.01 45.407996 11.888252 1
5.97 -8.06 1.66 21.57 2.01 45.407996 11.888252 1
5.96 -8.07 1.66 21.56 2.01 45.407996 11.888252 1
5.96 -8.07 1.66 21.57 2.01 45.407996 11.888252 1
5.95 -8.07 1.66 21.58 2.01 45.407996 11.888252 1
5.95 -8.08 1.65 21.57 2.01 45.407996 11.888252 1
5.96 -8.08 1.66 21.58 2.01 45.407996 11.888252 1
5.97 -8.08 1.67 21.58 2.01 45.407996 11.888252 1
5.97 -8.06 1.66 21.57 2.01 45.407996 11.888252 1
5.96 -8.06 1.65 21.57 2.01 45.407996 11.888252 1
5.96 -8.06 1.66 21.58 2.01 45.407996 11.888252 1
5.96 -8.07 1.66 21.57 2.01 45.407996 11.888252 1
5.96 -8.08 1.65 21.56 2.01 45.407996 11.888252 1
