7.37 -7.12 2.26 22.74 1.55 45.408027 11.888704 0
6.74 -7.24 2.05 22.09 1.55 45.408027 11.888704 1
5.75 -7.75 1.9 22.67 1.55 45.408027 11.888704 0
5.17 -8.28 1.83 22.16 1.55 45.408027 11.888704 1
5.46 -8.35 1.73 21.95 1.55 45.408027 11.888704 0
5.86 -8.16 1.56 22.74 1.55 45.408027 11.888704 1
5.82 -8.1 1.47 21.92 1.55 45.408027 11.888704 1
5.84 -7.96 1.52 21.49 1.55 45.408027 11.888704 1
6.16 -7.53 1.6 21.85 1.55 45.408027 11.888704 1
6.36 -7.27 1.63 21.75 1.55 45.408027 11.888704 1
6.23 -7.57 1.68 22.23 1.55 45.408027 11.888704 1
6.13 -7.92 1.8 21.81 1.55 45.408027 11.888704 1
6.2 -7.75 1.95 21.9 1.55 45.408027 11.888704 1
6.26 -7.38 1.98 21.97 1.55 45.408027 11.888704 1
6.25 -7.39 1.8 22.42 1.55 45.408027 11.888704 1
6.18 -7.69 1.6 21.61 1.55 45.408027 11.888704 1
5.95 -7.89 1.56 21.99 1.55 45.408027 11.888704 1
5.7 -7.92 1.57 22.0 1.55 45.408027 11.888704 1
5.7 -7.9 1.56 21.8 1.55 45.408027 11.888704 1
5.89 -7.91 1.69 22.02 1.94 45.408031 11.888685 0
5.91 -7.91 1.89 21.87 1.94 45.408031 11.888685 1
5.82 -7.83 1.86 21.87 1.94 45.408031 11.888685 0
6.02 -7.66 1.63 21.9 1.94 45.408031 11.888685 1
6.36 -7.58 1.56 21.97 1.94 45.408031 11.888685 1
6.4 -7.65 1.74 21.85 1.94 45.408031 11.888685 1
6.27 -7.66 1.98 21.9 1.94 45.408031 11.888685 1
6.44 -7.48 2.17 21.87 1.94 45.408031 11.888685 1
6.69 -7.35 2.25 21.37 1.94 45.408031 11.888685 1
6.61 -7.45 2.22 21.88 1.94 45.408031 11.888685 1
6.29 -7.63 2.15 22.42 1.94 45.408031 11.888685 1
6.0 -7.77 2.15 22.93 1.94 45.408031 11.888685 1
5.73 -7.88 2.1 22.07 1.94 45.408031 11.888685 1
5.57 -7.99 1.96 22.35 1.94 45.408031 11.888685 1
5.7 -8.03 1.88 21.45 1.94 45.408031 11.888685 1
5.9 -7.95 1.91 21.92 1.94 45.408031 11.888685 1
5.89 -7.83 1.88 21.92 1.94 45.408031 11.888685 1
5.91 -7.74 1.77 21.88 1.94 45.408031 11.888685 1
6.08 -7.66 1.69 22.35 1.9 45.408031 11.888661 0
6.17 -7.54 1.62 21.95 1.9 45.408031 11.888661 1
6.19 -7.49 1.51 21.9 1.9 45.408031 11.888661 0
6.29 -7.65 1.46 21.92 1.9 45.408031 11.888661 1
6.27 -7.81 1.54 21.88 1.9 45.408031 11.888661 1
6.02 -7.72 1.59 21.93 1.9 45.408031 11.888661 1
5.92 -7.57 1.46 22.28 1.9 45.408031 11.888661 1
6.07 -7.66 1.33 21.8 1.9 45.408031 11.888661 1
6.06 -7.91 1.43 21.56 1.9 45.408031 11.888661 1
5.85 -8.03 1.72 21.99 1.9 45.408031 11.888661 1
5.8 -7.94 1.92 22.55 1.9 45.408031 11.888661 1
5.9 -7.76 1.85 22.17 1.9 45.408031 11.888661 1
5.89 -7.59 1.69 22.28 1.9 45.408031 11.888661 1
5.89 -7.6 1.7 22.45 1.9 45.408031 11.888661 1
6.03 -7.8 1.83 22.35 1.9 45.408031 11.888661 1
6.1 -7.92 1.89 21.92 1.9 45.408031 11.888661 1
6.02 -7.82 1.85 21.39 1.9 45.408031 11.888661 1
6.02 -7.65 1.84 21.92 2.06 45.408038 11.888638 0
6.12 -7.54 1.9 21.8 2.06 45.408038 11.888638 1
6.12 -7.56 1.99 21.92 2.06 45.408038 11.888638 0
5.95 -7.83 2.05 21.8 2.06 45.408038 11.888638 1
5.76 -8.1 1.96 21.8 2.06 45.408038 11.888638 1
5.72 -8.01 1.79 22.83 2.06 45.408038 11.888638 1
5.87 -7.79 1.8 21.97 2.06 45.408038 11.888638 1
6.0 -7.79 1.98 21.95 2.06 45.408038 11.888638 1
5.95 -7.77 2.02 22.76 2.06 45.408038 11.888638 1
5.89 -7.56 1.79 22.07 2.06 45.408038 11.888638 1
6.03 -7.56 1.57 22.02 2.06 45.408038 11.888638 1
6.17 -7.8 1.56 22.48 2.06 45.408038 11.888638 1
6.05 -7.74 1.7 21.93 2.06 45.408038 11.888638 1
5.91 -7.55 1.79 21.97 2.06 45.408038 11.888638 1
6.06 -7.72 1.75 21.92 2.06 45.408038 11.888638 1
6.2 -7.94 1.62 22.02 2.06 45.408038 11.888638 1
5.98 -7.82 1.54 22.07 2.06 45.408038 11.888638 1
5.65 -7.77 1.6 21.87 2.06 45.408038 11.888638 1
5.64 -7.99 1.72 21.87 2.33 45.408047 11.888613 0
5.83 -8.02 1.76 22.31 2.33 45.408047 11.888613 1
5.88 -7.82 1.69 22.23 2.33 45.408047 11.888613 0
5.84 -7.76 1.65 22.23 2.33 45.408047 11.888613 1
5.9 -7.78 1.72 21.85 2.33 45.408047 11.888613 1
5.99 -7.72 1.85 21.95 2.33 45.408047 11.888613 1
6.02 -7.75 1.85 22.02 2.33 45.408047 11.888613 1
6.05 -7.79 1.67 22.02 2.33 45.408047 11.888613 1
6.06 -7.68 1.63 22.52 2.33 45.408047 11.888613 1
6.0 -7.66 1.9 22.02 2.33 45.408047 11.888613 1
5.89 -7.92 2.2 21.52 2.33 45.408047 11.888613 1
5.78 -8.12 2.16 21.93 2.33 45.408047 11.888613 1
5.7 -8.04 1.89 21.97 2.33 45.408047 11.888613 1
5.74 -7.93 1.75 22.07 2.33 45.408047 11.888613 1
5.88 -7.87 1.79 22.98 2.33 45.408047 11.888613 1
5.94 -7.72 1.87 22.66 2.33 45.408047 11.888613 1
5.93 -7.6 1.87 22.07 2.33 45.408047 11.888613 1
6.05 -7.68 1.73 21.92 2.55 45.408055 11.888584 0
6.19 -7.82 1.58 21.88 2.55 45.408055 11.888584 1
6.09 -7.83 1.69 21.87 2.55 45.408055 11.888584 0
5.91 -7.73 1.9 22.42 2.55 45.408055 11.888584 1
6.01 -7.63 1.88 22.47 2.55 45.408055 11.888584 1
6.25 -7.61 1.73 21.93 2.55 45.408055 11.888584 1
6.23 -7.72 1.73 21.93 2.55 45.408055 11.888584 1
5.89 -7.98 1.74 21.88 2.55 45.408055 11.888584 1
5.59 -8.19 1.65 21.92 2.55 45.408055 11.888584 1
5.59 -8.09 1.69 22.5 2.55 45.408055 11.888584 1
5.82 -7.78 1.89 22.14 2.55 45.408055 11.888584 1
5.99 -7.65 1.92 22.12 2.55 45.408055 11.888584 1
5.95 -7.76 1.77 22.54 2.55 45.408055 11.888584 1
5.88 -7.81 1.73 22.07 2.55 45.408055 11.888584 1
5.98 -7.72 1.82 22.45 2.55 45.408055 11.888584 1
6.13 -7.71 1.88 22.02 2.55 45.408055 11.888584 1
6.07 -7.76 1.9 22.07 2.55 45.408055 11.888584 1
5.93 -7.72 1.89 22.42 2.55 45.408055 11.888584 1
5.93 -7.67 1.84 21.56 2.16 45.408064 11.888558 0
5.94 -7.78 1.84 21.85 2.16 45.408064 11.888558 1
5.84 -7.92 1.93 21.83 2.16 45.408064 11.888558 0
5.78 -7.89 1.95 22.31 2.16 45.408064 11.888558 1
5.82 -7.82 1.88 22.29 2.16 45.408064 11.888558 1
5.81 -7.87 1.88 21.9 2.16 45.408064 11.888558 1
5.82 -7.93 2.0 21.97 2.16 45.408064 11.888558 1
5.99 -7.86 1.98 22.81 2.16 45.408064 11.888558 1
6.16 -7.79 1.76 22.48 2.16 45.408064 11.888558 1
6.15 -7.72 1.61 22.45 2.16 45.408064 11.888558 1
6.07 -7.61 1.73 22.17 2.16 45.408064 11.888558 1
6.02 -7.6 1.89 22.54 2.16 45.408064 11.888558 1
5.97 -7.8 1.82 22.07 2.16 45.408064 11.888558 1
6.02 -7.94 1.6 21.93 2.16 45.408064 11.888558 1
6.08 -7.86 1.46 21.61 2.16 45.408064 11.888558 1
5.92 -7.87 1.5 21.99 2.16 45.408064 11.888558 1
5.65 -7.98 1.65 21.9 2.16 45.408064 11.888558 1
5.7 -7.87 1.72 22.02 2.61 45.408066 11.888524 0
6.0 -7.72 1.63 21.97 2.61 45.408066 11.888524 1
6.09 -7.86 1.58 21.87 2.61 45.408066 11.888524 1
5.9 -7.98 1.77 21.97 2.61 45.408066 11.888524 0
5.84 -7.81 1.99 22.42 2.61 45.408066 11.888524 1
6.04 -7.68 2.0 22.0 2.61 45.408066 11.888524 1
6.2 -7.77 1.89 22.07 2.61 45.408066 11.888524 1
6.12 -7.75 1.85 22.09 2.61 45.408066 11.888524 1
5.92 -7.64 1.87 22.79 2.61 45.408066 11.888524 1
5.81 -7.75 1.95 22.4 2.61 45.408066 11.888524 1
5.76 -8.0 2.08 21.87 2.61 45.408066 11.888524 1
5.67 -8.1 2.04 21.87 2.61 45.408066 11.888524 1
5.65 -7.97 1.81 21.97 2.61 45.408066 11.888524 1
5.78 -7.74 1.77 21.97 2.61 45.408066 11.888524 1
5.93 -7.65 1.94 22.84 2.61 45.408066 11.888524 1
6.04 -7.77 1.98 21.97 2.61 45.408066 11.888524 1
6.2 -7.83 1.85 22.02 2.61 45.408066 11.888524 1
6.28 -7.7 1.79 22.31 2.61 45.408066 11.888524 1
6.17 -7.59 1.74 22.0 3.04 45.408057 11.888486 0
6.1 -7.51 1.65 22.47 3.04 45.408057 11.888486 1
6.21 -7.5 1.66 22.28 3.04 45.408057 11.888486 0
6.16 -7.85 1.72 21.76 3.04 45.408057 11.888486 1
5.76 -8.31 1.71 22.26 3.04 45.408057 11.888486 1
5.5 -8.13 1.7 22.0 3.04 45.408057 11.888486 1
5.73 -7.61 1.72 21.9 3.04 45.408057 11.888486 1
6.12 -7.74 1.61 21.85 3.04 45.408057 11.888486 1
6.17 -8.14 1.58 22.09 3.04 45.408057 11.888486 1
5.93 -7.88 1.85 22.12 3.04 45.408057 11.888486 1
5.78 -7.44 2.11 21.97 3.04 45.408057 11.888486 1
5.96 -7.62 2.0 21.92 3.04 45.408057 11.888486 1
6.25 -7.93 1.87 21.78 3.04 45.408057 11.888486 1
6.22 -7.78 2.05 22.05 3.04 45.408057 11.888486 1
5.85 -7.51 2.23 22.23 3.04 45.408057 11.888486 1
5.71 -7.43 2.13 22.67 3.04 45.408057 11.888486 1
6.03 -7.55 1.96 22.38 3.04 45.408057 11.888486 1
6.14 -7.96 1.93 21.81 2.94 45.408042 11.888446 0
5.79 -8.3 1.92 21.9 2.94 45.408042 11.888446 1
5.63 -8.03 1.87 23.17 2.94 45.408042 11.888446 1
5.91 -7.56 1.84 22.84 2.94 45.408042 11.888446 0
6.05 -7.59 1.83 21.92 2.94 45.408042 11.888446 1
5.99 -7.83 1.8 22.36 2.94 45.408042 11.888446 1
6.19 -7.81 1.72 22.24 2.94 45.408042 11.888446 1
6.34 -7.73 1.62 21.78 2.94 45.408042 11.888446 1
6.03 -7.76 1.63 22.31 2.94 45.408042 11.888446 1
5.81 -7.7 1.74 22.02 2.94 45.408042 11.888446 1
6.06 -7.68 1.75 22.02 2.94 45.408042 11.888446 1
6.19 -7.89 1.63 21.97 2.94 45.408042 11.888446 1
5.9 -8.11 1.6 22.5 2.94 45.408042 11.888446 1
5.71 -8.12 1.69 22.17 2.94 45.408042 11.888446 1
5.76 -7.97 1.74 22.17 2.94 45.408042 11.888446 1
5.79 -7.71 1.71 22.07 2.94 45.408042 11.888446 1
5.91 -7.62 1.69 21.97 2.94 45.408042 11.888446 1
6.13 -7.92 1.67 22.04 2.94 45.408042 11.888446 1
6.08 -8.13 1.69 21.93 2.95 45.408029 11.888404 0
5.81 -7.77 1.84 22.21 2.95 45.408029 11.888404 1
5.83 -7.47 1.95 21.66 2.95 45.408029 11.888404 0
6.1 -7.8 1.83 22.4 2.95 45.408029 11.888404 1
6.13 -8.04 1.72 22.05 2.95 45.408029 11.888404 1
5.89 -7.61 1.84 22.19 2.95 45.408029 11.888404 1
5.71 -7.4 1.88 21.88 2.95 45.408029 11.888404 1
5.77 -7.99 1.67 21.76 2.95 45.408029 11.888404 1
5.91 -8.43 1.6 21.47 2.95 45.408029 11.888404 1
5.93 -7.99 1.79 22.5 2.95 45.408029 11.888404 1
5.9 -7.4 1.88 21.66 2.95 45.408029 11.888404 1
6.03 -7.46 1.81 22.07 2.95 45.408029 11.888404 1
6.21 -7.85 1.81 21.97 2.95 45.408029 11.888404 1
6.14 -7.93 1.83 21.57 2.95 45.408029 11.888404 1
5.93 -7.71 1.69 21.99 2.95 45.408029 11.888404 1
5.98 -7.6 1.57 21.61 2.95 45.408029 11.888404 1
6.14 -7.71 1.64 21.45 2.95 45.408029 11.888404 1
6.04 -7.82 1.75 21.8 3.23 45.408020 11.888360 0
5.78 -7.85 1.73 22.29 3.23 45.408020 11.888360 1
5.66 -7.85 1.6 22.28 3.23 45.408020 11.888360 1
5.64 -7.85 1.47 21.87 3.23 45.408020 11.888360 0
5.67 -7.88 1.5 22.26 3.23 45.408020 11.888360 1
5.78 -7.96 1.74 21.8 3.23 45.408020 11.888360 1
5.92 -7.97 1.95 21.45 3.23 45.408020 11.888360 1
5.94 -7.83 1.96 21.9 3.23 45.408020 11.888360 1
5.94 -7.71 1.86 21.51 3.23 45.408020 11.888360 1
5.95 -7.73 1.79 22.07 3.23 45.408020 11.888360 1
5.94 -7.78 1.76 21.66 3.23 45.408020 11.888360 1
5.93 -7.84 1.81 21.66 3.23 45.408020 11.888360 1
5.94 -7.94 1.93 22.12 3.23 45.408020 11.888360 1
5.86 -7.97 1.9 22.19 3.23 45.408020 11.888360 1
5.75 -7.89 1.77 22.21 3.23 45.408020 11.888360 1
5.83 -7.91 1.85 22.54 3.23 45.408020 11.888360 1
6.04 -8.03 2.1 22.02 3.23 45.408020 11.888360 1
6.11 -7.89 2.11 21.87 3.23 45.408020 11.888360 1
6.05 -7.55 1.86 21.93 3.09 45.408014 11.888319 0
6.06 -7.51 1.72 21.97 3.09 45.408014 11.888319 1
6.11 -7.76 1.72 21.56 3.09 45.408014 11.888319 0
6.11 -7.84 1.67 21.9 3.09 45.408014 11.888319 1
6.13 -7.77 1.63 21.83 3.09 45.408014 11.888319 1
6.19 -7.76 1.7 21.93 3.09 45.408014 11.888319 1
6.12 -7.67 1.68 21.92 3.09 45.408014 11.888319 1
5.83 -7.56 1.55 21.97 3.09 45.408014 11.888319 1
5.62 -7.79 1.53 22.09 3.09 45.408014 11.888319 1
5.73 -8.14 1.71 22.04 3.09 45.408014 11.888319 1
5.94 -8.1 1.9 22.11 3.09 45.408014 11.888319 1
5.93 -7.89 1.89 22.17 3.09 45.408014 11.888319 1
5.81 -7.82 1.74 22.17 3.09 45.408014 11.888319 1
5.83 -7.67 1.71 22.4 3.09 45.408014 11.888319 1
5.92 -7.59 1.8 21.87 3.09 45.408014 11.888319 1
6.03 -7.94 1.8 21.76 3.09 45.408014 11.888319 1
6.12 -8.17 1.72 21.81 3.09 45.408014 11.888319 1
5.87 -7.86 1.84 21.47 3.09 45.408014 11.888319 1
5.49 -7.61 2.04 22.11 2.95 45.408002 11.888276 0
5.79 -7.59 2.06 22.05 2.95 45.408002 11.888276 1
6.3 -7.65 2.05 22.11 2.95 45.408002 11.888276 0
5.82 -8.02 2.06 21.69 2.95 45.408002 11.888276 1
5.2 -8.17 1.8 21.54 2.95 45.408002 11.888276 1
5.75 -7.6 1.61 21.9 2.95 45.408002 11.888276 1
5.97 -7.67 1.83 21.61 2.95 45.408002 11.888276 1
4.86 -8.36 1.69 21.25 2.95 45.408002 11.888276 1
5.17 -7.46 0.92 21.06 2.95 45.408002 11.888276 1
7.75 -6.45 0.89 21.11 2.95 45.408002 11.888276 1
8.31 -8.15 1.8 22.42 2.95 45.408002 11.888276 1
5.15 -8.5 1.86 25.35 2.95 45.408002 11.888276 1
2.8 -4.43 1.16 26.14 2.95 45.408002 11.888276 1
4.03 -3.75 1.7 22.67 2.95 45.408002 11.888276 1
5.74 -10.72 2.9 20.34 2.95 45.408002 11.888276 1
5.5 -14.63 2.52 20.72 2.95 45.408002 11.888276 1
4.83 -9.1 1.28 22.0 2.95 45.408002 11.888276 1
5.17 -3.97 1.19 22.14 2.61 45.407993 11.888238 0
5.93 -5.8 1.73 21.8 2.61 45.407993 11.888238 1
6.52 -8.21 1.69 21.69 2.61 45.407993 11.888238 0
6.87 -7.58 1.61 21.57 2.61 45.407993 11.888238 1
6.71 -7.55 2.0 21.56 2.61 45.407993 11.888238 1
6.07 -8.25 2.23 21.92 2.61 45.407993 11.888238 1
5.71 -7.34 2.24 22.02 2.61 45.407993 11.888238 1
6.02 -6.69 2.33 22.47 2.61 45.407993 11.888238 1
6.4 -7.86 2.17 21.97 2.61 45.407993 11.888238 1
6.13 -8.57 1.65 21.61 2.61 45.407993 11.888238 1
5.48 -7.98 1.44 22.14 2.61 45.407993 11.888238 1
5.31 -7.76 1.74 22.17 2.61 45.407993 11.888238 1
5.74 -8.04 1.95 22.07 2.61 45.407993 11.888238 1
6.08 -7.91 1.72 21.66 2.61 45.407993 11.888238 1
5.98 -7.77 1.41 22.07 2.61 45.407993 11.888238 1
5.86 -7.87 1.44 22.16 2.61 45.407993 11.888238 1
6.03 -7.72 1.66 22.31 2.61 45.407993 11.888238 1
6.23 -7.5 1.71 21.92 2.61 45.407993 11.888238 1
6.24 -7.7 1.62 21.85 2.92 45.407980 11.888202 0
6.16 -7.95 1.68 21.9 2.92 45.407980 11.888202 1
6.03 -7.82 1.82 21.92 2.92 45.407980 11.888202 0
5.79 -7.66 1.75 22.0 2.92 45.407980 11.888202 1
5.6 -7.84 1.6 21.97 2.92 45.407980 11.888202 1
5.67 -8.12 1.66 21.9 2.92 45.407980 11.888202 1
5.86 -8.04 1.88 21.95 2.92 45.407980 11.888202 1
5.88 -7.67 2.03 21.95 2.92 45.407980 11.888202 1
5.89 -7.5 1.99 22.05 2.92 45.407980 11.888202 1
6.13 -7.67 1.77 22.02 2.92 45.407980 11.888202 1
6.34 -7.75 1.59 21.51 2.92 45.407980 11.888202 1
6.22 -7.65 1.68 21.47 2.92 45.407980 11.888202 1
5.99 -7.68 1.92 21.92 2.92 45.407980 11.888202 1
5.94 -7.74 1.98 21.97 2.92 45.407980 11.888202 1
6.01 -7.59 1.91 21.93 2.92 45.407980 11.888202 1
6.05 -7.57 1.93 22.02 2.92 45.407980 11.888202 1
5.99 -7.83 1.99 22.47 2.92 45.407980 11.888202 1
5.77 -7.87 1.93 22.17 2.94 45.407965 11.888170 0
5.58 -7.66 1.77 22.07 2.94 45.407965 11.888170 1
5.7 -7.81 1.66 22.42 2.94 45.407965 11.888170 0
5.96 -8.16 1.65 21.75 2.94 45.407965 11.888170 1
6.05 -8.04 1.66 21.51 2.94 45.407965 11.888170 1
6.06 -7.66 1.72 22.0 2.94 45.407965 11.888170 1
6.1 -7.59 1.89 21.95 2.94 45.407965 11.888170 1
6.06 -7.63 2.05 21.95 2.94 45.407965 11.888170 1
6.02 -7.56 1.94 21.56 2.94 45.407965 11.888170 1
6.12 -7.68 1.64 21.56 2.94 45.407965 11.888170 1
6.08 -7.97 1.52 21.97 2.94 45.407965 11.888170 1
5.71 -7.99 1.63 21.63 2.94 45.407965 11.888170 1
5.45 -7.84 1.72 21.63 2.94 45.407965 11.888170 1
5.53 -7.86 1.69 21.63 2.94 45.407965 11.888170 1
5.6 -7.94 1.67 21.62 2.94 45.407965 11.888170 1
5.52 -7.88 1.7 21.64 2.94 45.407965 11.888170 1
5.51 -7.86 1.7 21.63 2.94 45.407965 11.888170 1
5.57 -7.91 1.69 21.63 2.94 45.407965 11.888170 1
5.55 -7.9 1.7 21.64 2.94 45.407965 11.888170 1
5.53 -7.87 1.7 21.63 2.94 45.407965 11.888170 1
5.55 -7.89 1.69 21.63 2.94 45.407965 11.888170 1
5.54 -7.91 1.7 21.62 2.94 45.407965 11.888170 1
5.52 -7.89 1.7 21.63 2.94 45.407965 11.888170 1
5.54 -7.89 1.69 21.63 2.94 45.407965 11.888170 1
5.56 -7.91 1.69 21.63 2.94 45.407965 11.888170 1
5.54 -7.9 1.7 21.63 2.94 45.407965 11.888170 1
5.53 -7.89 1.69 21.64 2.94 45.407965 11.888170 1
5.54 -7.9 1.69 21.63 2.94 45.407965 11.888170 1
5.53 -7.89 1.69 21.63 2.94 45.407965 11.888170 1
5.53 -7.88 1.69 21.64 2.94 45.407965 11.888170 1
5.54 -7.89 1.68 21.62 2.94 45.407965 11.888170 1
5.55 -7.89 1.68 21.62 2.94 45.407965 11.888170 1
5.54 -7.89 1.69 21.62 2.94 45.407965 11.888170 1
5.54 -7.89 1.69 21.64 2.94 45.407965 11.888170 1
5.54 -7.9 1.69 21.63 2.94 45.407965 11.888170 1
5.54 -7.88 1.69 21.63 2.94 45.407965 11.888170 1
5.54 -7.87 1.69 21.62 2.94 45.407965 11.888170 1
5.54 -7.88 1.69 21.63 2.94 45.407965 11.888170 1
5.54 -7.89 1.69 21.63 2.94 45.407965 11.888170 1
5.54 -7.89 1.7 21.64 2.94 45.407965 11.888170 1
5.54 -7.89 1.7 21.63 2.94 45.407965 11.888170 1
5.53 -7.9 1.69 21.64 2.94 45.407965 11.888170 1
5.53 -7.9 1.68 21.63 2.94 45.407965 11.888170 1
5.54 -7.89 1.69 21.63 2.94 45.407965 11.888170 1
5.54 -7.88 1.69 21.63 2.94 45.407965 11.888170 1
5.53 -7.89 1.69 21.62 2.94 45.407965 11.888170 1
5.54 -7.9 1.69 21.63 2.94 45.407965 11.888170 1
5.54 -7.89 1.69 21.64 2.94 45.407965 11.888170 1
5.54 -7.88 1.69 21.62 2.94 45.407965 11.888170 1
5.53 -7.88 1.69 21.63 2.94 45.407965 11.888170 1
5.54 -7.89 1.69 21.63 2.94 45.407965 11.888170 1
5.54 -7.89 1.69 21.63 2.94 45.407965 11.888170 1
5.54 -7.88 1.69 21.64 2.94 45.407965 11.888170 1
5.54 -7.88 1.69 21.63 2.94 45.407965 11.888170 1
5.54 -7.89 1.69 21.62 2.94 45.407965 11.888170 1
5.54 -7.88 1.69 21.64 2.94 45.407965 11.888170 1
5.54 -7.88 1.69 21.63 2.94 45.407965 11.888170 1
5.55 -7.9 1.69 21.62 2.94 45.407965 11.888170 1
5.55 -7.9 1.69 21.62 2.94 45.407965 11.888170 1
5.55 -7.9 1.69 21.62 2.94 45.407965 11.888170 1
5.54 -7.89 1.7 21.63 2.94 45.407965 11.888170 1
5.54 -7.89 1.7 21.63 2.94 45.407965 11.888170 1
5.54 -7.89 1.69 21.63 2.94 45.407965 11.888170 1
5.55 -7.89 1.68 21.62 2.94 45.407965 11.888170 1
5.54 -7.88 1.68 21.63 2.94 45.407965 11.888170 1
5.54 -7.89 1.68 21.62 2.94 45.407965 11.888170 1
5.53 -7.9 1.68 21.62 2.94 45.407965 11.888170 1
5.54 -7.89 1.69 21.64 2.94 45.407965 11.888170 1
