6.19 -7.58 2.25 21.56 2.29 45.407974 11.888627 0
6.34 -7.4 2.31 22.36 2.29 45.407974 11.888627 1
6.16 -7.49 1.94 21.95 2.29 45.407974 11.888627 1
6.13 -7.61 1.63 21.81 2.29 45.407974 11.888627 1
6.47 -7.57 1.8 21.85 2.29 45.407974 11.888627 1
6.57 -7.54 2.02 21.9 2.29 45.407974 11.888627 1
6.17 -7.62 2.01 22.12 2.29 45.407974 11.888627 1
5.85 -7.6 2.01 22.11 2.29 45.407974 11.888627 1
5.93 -7.56 2.06 21.81 2.29 45.407974 11.888627 0
6.07 -7.72 1.95 22.11 2.29 45.407974 11.888627 1
6.09 -7.94 1.8 21.9 2.29 45.407974 11.888627 0
6.15 -7.88 1.83 21.83 2.29 45.407974 11.888627 1
6.28 -7.54 1.94 21.81 2.29 45.407974 11.888627 1
6.39 -7.28 1.98 21.81 2.29 45.407974 11.888627 1
6.41 -7.37 1.97 21.78 2.29 45.407974 11.888627 1
6.27 -7.67 1.86 21.4 2.29 45.407974 11.888627 1
6.12 -7.79 1.71 21.9 2.29 45.407974 11.888627 1
6.18 -7.59 1.7 21.95 2.29 45.407974 11.888627 1
6.18 -7.5 1.9 21.97 2.29 45.407974 11.888627 1
5.79 -7.81 2.06 22.02 2.29 45.407974 11.888627 1
5.53 -8.01 2.03 22.42 2.29 45.407974 11.888627 1
5.86 -7.75 1.92 22.0 2.29 45.407974 11.888627 1
6.16 -7.57 1.83 21.57 2.29 45.407974 11.888627 1
5.97 -7.79 1.82 22.57 2.29 45.407974 11.888627 1
5.92 -7.87 1.91 21.85 2.29 45.407974 11.888627 1
6.37 -7.64 2.03 22.05 2.69 45.407973 11.888606 0
6.56 -7.52 1.97 22.02 2.69 45.407973 11.888606 1
6.19 -7.46 1.79 22.84 2.69 45.407973 11.888606 1
5.92 -7.36 1.71 22.07 2.69 45.407973 11.888606 0
6.07 -7.64 1.78 21.8 2.69 45.407973 11.888606 1
6.31 -8.22 1.8 21.59 2.69 45.407973 11.888606 1
6.31 -8.26 1.71 21.69 2.69 45.407973 11.888606 1
6.08 -7.69 1.62 21.56 2.69 45.407973 11.888606 1
5.82 -7.33 1.65 22.05 2.69 45.407973 11.888606 1
5.81 -7.43 1.73 22.11 2.69 45.407973 11.888606 1
6.02 -7.73 1.75 21.97 2.69 45.407973 11.888606 1
6.09 -8.07 1.7 21.9 2.69 45.407973 11.888606 1
5.96 -8.09 1.66 21.93 2.69 45.407973 11.888606 1
5.91 -7.61 1.74 22.02 2.69 45.407973 11.888606 1
6.03 -7.29 1.91 22.02 2.69 45.407973 11.888606 1
6.18 -7.58 2.06 21.97 2.69 45.407973 11.888606 1
6.24 -7.85 2.06 22.0 2.69 45.407973 11.888606 1
6.19 -7.69 1.94 21.95 2.69 45.407973 11.888606 1
6.1 -7.57 1.86 22.42 2.95 45.407968 11.888582 0
6.03 -7.74 1.92 21.52 2.95 45.407968 11.888582 1
5.92 -7.85 1.94 21.95 2.95 45.407968 11.888582 0
5.84 -7.85 1.83 22.81 2.95 45.407968 11.888582 1
5.91 -7.85 1.81 21.92 2.95 45.407968 11.888582 1
6.0 -7.79 1.91 21.8 2.95 45.407968 11.888582 1
5.91 -7.74 1.91 21.56 2.95 45.407968 11.888582 1
5.83 -7.83 1.81 22.0 2.95 45.407968 11.888582 1
6.0 -7.79 1.78 23.31 2.95 45.407968 11.888582 1
6.23 -7.58 1.77 21.97 2.95 45.407968 11.888582 1
6.22 -7.63 1.73 21.97 2.95 45.407968 11.888582 1
6.11 -7.93 1.79 21.97 2.95 45.407968 11.888582 1
6.13 -7.93 1.82 22.02 2.95 45.407968 11.888582 1
6.14 -7.68 1.56 21.99 2.95 45.407968 11.888582 1
5.96 -7.71 1.31 22.0 2.95 45.407968 11.888582 1
5.78 -7.91 1.57 22.47 2.95 45.407968 11.888582 1
5.83 -7.82 1.97 22.36 2.95 45.407968 11.888582 1
6.0 -7.7 1.92 21.83 2.95 45.407968 11.888582 1
6.04 -7.86 1.67 21.39 2.58 45.407972 11.888555 0
6.01 -7.95 1.7 22.24 2.58 45.407972 11.888555 1
6.07 -7.73 1.81 21.81 2.58 45.407972 11.888555 0
6.13 -7.58 1.71 22.24 2.58 45.407972 11.888555 1
6.12 -7.65 1.67 22.29 2.58 45.407972 11.888555 1
6.14 -7.69 1.89 22.31 2.58 45.407972 11.888555 1
6.15 -7.65 2.09 21.75 2.58 45.407972 11.888555 1
6.02 -7.68 2.14 23.03 2.58 45.407972 11.888555 1
5.85 -7.77 2.12 21.93 2.58 45.407972 11.888555 1
5.84 -7.87 1.92 21.9 2.58 45.407972 11.888555 1
5.9 -7.98 1.6 22.36 2.58 45.407972 11.888555 1
5.87 -7.89 1.58 22.57 2.58 45.407972 11.888555 1
5.84 -7.59 1.9 22.21 2.58 45.407972 11.888555 1
5.96 -7.52 2.05 22.04 2.58 45.407972 11.888555 1
6.15 -7.8 1.85 22.26 2.58 45.407972 11.888555 1
6.25 -7.96 1.75 22.21 2.58 45.407972 11.888555 1
6.18 -7.79 1.86 22.23 2.58 45.407972 11.888555 1
6.04 -7.56 1.87 22.47 2.76 45.407976 11.888525 0
6.01 -7.45 1.69 22.09 2.76 45.407976 11.888525 1
6.04 -7.51 1.62 22.42 2.76 45.407976 11.888525 0
5.93 -7.82 1.73 22.23 2.76 45.407976 11.888525 1
5.72 -8.12 1.84 21.85 2.76 45.407976 11.888525 1
5.72 -8.02 1.79 21.9 2.76 45.407976 11.888525 1
5.89 -7.79 1.69 21.9 2.76 45.407976 11.888525 1
5.89 -7.85 1.72 22.0 2.76 45.407976 11.888525 1
5.77 -7.92 1.83 22.16 2.76 45.407976 11.888525 1
5.84 -7.68 1.82 22.12 2.76 45.407976 11.888525 1
6.09 -7.57 1.75 22.02 2.76 45.407976 11.888525 1
6.21 -7.81 1.78 22.05 2.76 45.407976 11.888525 1
6.15 -7.92 1.8 22.07 2.76 45.407976 11.888525 1
6.01 -7.79 1.72 22.07 2.76 45.407976 11.888525 1
5.84 -7.86 1.74 22.09 2.76 45.407976 11.888525 1
5.77 -8.05 1.92 22.04 2.76 45.407976 11.888525 1
5.87 -7.96 2.01 22.0 2.76 45.407976 11.888525 1
5.92 -7.81 1.94 22.76 2.76 45.407976 11.888525 1
5.79 -7.92 1.87 21.88 3.7 45.407985 11.888487 0
5.74 -7.99 1.78 21.95 3.7 45.407985 11.888487 1
5.94 -7.81 1.66 21.9 3.7 45.407985 11.888487 0
6.12 -7.65 1.65 22.0 3.7 45.407985 11.888487 1
6.1 -7.67 1.71 21.95 3.7 45.407985 11.888487 1
6.03 -7.72 1.65 21.95 3.7 45.407985 11.888487 1
6.07 -7.79 1.6 21.9 3.7 45.407985 11.888487 1
6.08 -7.87 1.69 21.9 3.7 45.407985 11.888487 1
5.94 -7.81 1.8 22.07 3.7 45.407985 11.888487 1
5.72 -7.71 1.82 22.62 3.7 45.407985 11.888487 1
5.62 -7.83 1.84 22.11 3.7 45.407985 11.888487 1
5.73 -8.01 1.85 22.45 3.7 45.407985 11.888487 1
5.88 -7.98 1.8 22.09 3.7 45.407985 11.888487 1
5.92 -7.81 1.78 22.12 3.7 45.407985 11.888487 1
5.94 -7.73 1.8 22.16 3.7 45.407985 11.888487 1
5.99 -7.77 1.77 22.02 3.7 45.407985 11.888487 1
6.02 -7.89 1.81 21.49 3.7 45.407985 11.888487 1
6.09 -7.93 2.04 21.92 3.3 45.407991 11.888448 0
6.21 -7.76 2.17 22.04 3.3 45.407991 11.888448 1
6.08 -7.62 2.03 22.16 3.3 45.407991 11.888448 0
5.68 -7.76 1.85 22.43 3.3 45.407991 11.888448 1
5.5 -8.01 1.8 21.81 3.3 45.407991 11.888448 1
5.76 -8.16 1.84 21.8 3.3 45.407991 11.888448 1
5.93 -8.12 1.9 21.9 3.3 45.407991 11.888448 1
5.7 -7.87 1.9 22.57 3.3 45.407991 11.888448 1
5.57 -7.57 1.74 22.67 3.3 45.407991 11.888448 1
5.89 -7.57 1.55 22.52 3.3 45.407991 11.888448 1
6.22 -7.83 1.56 22.16 3.3 45.407991 11.888448 1
6.16 -7.92 1.73 22.12 3.3 45.407991 11.888448 1
6.04 -7.75 1.81 22.62 3.3 45.407991 11.888448 1
6.13 -7.68 1.76 22.57 3.3 45.407991 11.888448 1
6.03 -7.83 1.72 23.43 3.3 45.407991 11.888448 1
5.63 -7.98 1.71 22.54 3.3 45.407991 11.888448 1
5.5 -7.96 1.62 22.28 3.3 45.407991 11.888448 1
5.81 -8.0 1.49 21.8 3.3 45.407991 11.888448 1
5.95 -8.1 1.52 21.75 3.09 45.407989 11.888407 0
5.78 -7.87 1.72 22.35 3.09 45.407989 11.888407 1
5.84 -7.4 1.85 22.91 3.09 45.407989 11.888407 0
6.12 -7.35 1.83 21.95 3.09 45.407989 11.888407 1
6.21 -7.67 1.9 22.36 3.09 45.407989 11.888407 1
6.19 -7.69 2.07 22.33 3.09 45.407989 11.888407 1
6.16 -7.52 2.05 21.97 3.09 45.407989 11.888407 1
5.94 -7.68 1.85 22.48 3.09 45.407989 11.888407 1
5.67 -7.9 1.74 22.19 3.09 45.407989 11.888407 1
5.69 -7.98 1.68 21.93 3.09 45.407989 11.888407 1
5.71 -8.27 1.53 21.83 3.09 45.407989 11.888407 1
5.56 -8.42 1.47 22.52 3.09 45.407989 11.888407 1
5.7 -7.89 1.68 22.93 3.09 45.407989 11.888407 1
6.08 -7.39 1.89 22.07 3.09 45.407989 11.888407 1
6.13 -7.57 1.9 21.97 3.09 45.407989 11.888407 1
6.02 -7.68 1.93 22.16 3.09 45.407989 11.888407 1
6.12 -7.45 2.03 22.83 3.09 45.407989 11.888407 1
6.15 -7.74 1.89 22.71 3.05 45.407988 11.888372 0
6.01 -8.31 1.56 21.69 3.05 45.407988 11.888372 1
5.99 -8.12 1.52 23.14 3.05 45.407988 11.888372 0
5.92 -7.59 1.81 22.91 3.05 45.407988 11.888372 1
5.6 -7.7 1.92 22.11 3.05 45.407988 11.888372 1
5.56 -8.07 1.71 22.42 3.05 45.407988 11.888372 1
5.94 -8.1 1.59 21.85 3.05 45.407988 11.888372 1
6.05 -8.04 1.78 21.87 3.05 45.407988 11.888372 1
5.8 -7.92 2.02 21.99 3.05 45.407988 11.888372 1
5.8 -7.57 2.09 22.45 3.05 45.407988 11.888372 1
6.11 -7.43 2.04 22.47 3.05 45.407988 11.888372 1
6.27 -7.67 1.99 22.52 3.05 45.407988 11.888372 1
6.25 -7.7 1.94 26.43 3.05 45.407988 11.888372 1
6.17 -7.58 1.9 22.02 3.05 45.407988 11.888372 1
5.97 -7.83 1.85 21.57 3.05 45.407988 11.888372 1
5.72 -8.02 1.78 22.11 3.05 45.407988 11.888372 1
5.69 -7.68 1.75 21.9 3.05 45.407988 11.888372 1
5.91 -7.5 1.8 22.26 3.05 45.407988 11.888372 1
6.02 -7.83 1.83 22.29 2.86 45.407984 11.888337 0
5.81 -7.88 1.73 22.16 2.86 45.407984 11.888337 1
5.72 -7.54 1.65 21.92 2.86 45.407984 11.888337 0
6.15 -7.65 1.69 21.83 2.86 45.407984 11.888337 1
6.53 -8.11 1.65 22.0 2.86 45.407984 11.888337 1
6.15 -8.0 1.53 21.9 2.86 45.407984 11.888337 1
5.64 -7.52 1.55 22.11 2.86 45.407984 11.888337 1
5.87 -7.6 1.66 21.69 2.86 45.407984 11.888337 1
6.23 -8.08 1.6 22.07 2.86 45.407984 11.888337 1
5.93 -8.06 1.5 22.12 2.86 45.407984 11.888337 1
5.56 -7.54 1.64 22.78 2.86 45.407984 11.888337 1
5.75 -7.46 1.84 21.61 2.86 45.407984 11.888337 1
5.99 -7.98 1.85 21.9 2.86 45.407984 11.888337 1
5.95 -8.25 1.78 21.95 2.86 45.407984 11.888337 1
6.0 -7.85 1.76 22.17 2.86 45.407984 11.888337 1
6.12 -7.45 1.77 22.02 2.86 45.407984 11.888337 1
6.03 -7.56 1.8 21.9 2.86 45.407984 11.888337 1
5.96 -7.82 1.84 21.33 3.06 45.407978 11.888301 0
6.07 -7.79 1.85 21.51 3.06 45.407978 11.888301 1
6.01 -7.67 1.92 21.97 3.06 45.407978 11.888301 0
5.76 -7.78 2.01 21.88 3.06 45.407978 11.888301 1
5.73 -8.02 1.93 21.92 3.06 45.407978 11.888301 1
5.88 -8.12 1.77 21.81 3.06 45.407978 11.888301 1
5.85 -8.0 1.77 22.26 3.06 45.407978 11.888301 1
5.69 -7.84 1.86 22.47 3.06 45.407978 11.888301 1
5.69 -7.8 1.83 22.42 3.06 45.407978 11.888301 1
5.89 -7.86 1.79 22.05 3.06 45.407978 11.888301 1
6.12 -7.88 1.79 21.97 3.06 45.407978 11.888301 1
6.16 -7.81 1.74 21.97 3.06 45.407978 11.888301 1
5.99 -7.72 1.73 22.02 3.06 45.407978 11.888301 1
5.81 -7.7 1.9 22.07 3.06 45.407978 11.888301 1
5.84 -7.84 1.93 21.61 3.06 45.407978 11.888301 1
5.89 -8.07 1.66 22.07 3.06 45.407978 11.888301 1
5.76 -8.11 1.44 22.36 3.06 45.407978 11.888301 1
5.59 -7.87 1.52 22.21 3.06 45.407978 11.888301 1
5.68 -7.7 1.75 22.12 3.26 45.407970 11.888261 0
5.98 -7.85 1.88 21.97 3.26 45.407970 11.888261 1
6.16 -8.04 1.91 21.95 3.26 45.407970 11.888261 0
6.12 -7.94 1.89 21.95 3.26 45.407970 11.888261 1
5.99 -7.71 1.9 21.97 3.26 45.407970 11.888261 1
5.91 -7.66 1.96 21.97 3.26 45.407970 11.888261 1
5.91 -7.77 1.95 21.92 3.26 45.407970 11.888261 1
5.94 -7.89 1.81 21.35 3.26 45.407970 11.888261 1
5.95 -7.93 1.72 21.99 3.26 45.407970 11.888261 1
5.85 -7.84 1.8 22.09 3.26 45.407970 11.888261 1
5.74 -7.69 1.87 22.21 3.26 45.407970 11.888261 1
5.79 -7.75 1.79 22.23 3.26 45.407970 11.888261 1
5.97 -7.89 1.77 22.11 3.26 45.407970 11.888261 1
6.08 -7.78 1.87 22.02 3.26 45.407970 11.888261 1
6.05 -7.57 1.84 22.16 3.26 45.407970 11.888261 1
5.93 -7.55 1.72 21.76 3.26 45.407970 11.888261 1
5.86 -7.59 1.8 22.05 3.26 45.407970 11.888261 1
5.89 -7.59 1.91 21.44 1.98 45.407971 11.888234 0
5.97 -7.86 1.82 22.11 1.98 45.407971 11.888234 1
6.08 -8.13 1.81 21.61 1.98 45.407971 11.888234 0
6.24 -7.85 1.86 21.44 1.98 45.407971 11.888234 1
6.23 -7.5 1.57 22.05 1.98 45.407971 11.888234 1
5.89 -7.7 1.42 22.04 1.98 45.407971 11.888234 1
5.61 -7.89 1.83 22.17 1.98 45.407971 11.888234 1
5.72 -7.76 1.95 22.0 1.98 45.407971 11.888234 1
5.85 -7.99 1.52 21.95 1.98 45.407971 11.888234 1
5.79 -8.3 1.53 22.07 1.98 45.407971 11.888234 1
5.71 -7.57 1.8 21.51 1.98 45.407971 11.888234 1
5.69 -6.73 1.39 21.56 1.98 45.407971 11.888234 1
6.33 -7.61 1.4 21.25 1.98 45.407971 11.888234 1
8.02 -9.39 2.6 20.44 1.98 45.407971 11.888234 1
8.52 -9.54 3.05 22.21 1.98 45.407971 11.888234 1
5.77 -7.45 2.18 24.58 1.98 45.407971 11.888234 1
3.38 -5.31 2.03 24.42 1.98 45.407971 11.888234 1
6.1 -6.16 2.26 22.59 1.98 45.407971 11.888234 1
10.57 -10.07 0.89 20.53 2.37 45.407964 11.888207 0
10.05 -12.4 -0.4 20.43 2.37 45.407964 11.888207 1
5.98 -9.78 0.76 21.69 2.37 45.407964 11.888207 0
4.53 -5.93 2.37 22.14 2.37 45.407964 11.888207 1
5.97 -5.7 2.15 21.95 2.37 45.407964 11.888207 1
6.78 -7.44 1.56 21.85 2.37 45.407964 11.888207 1
6.64 -7.77 1.85 21.69 2.37 45.407964 11.888207 1
6.67 -7.56 1.93 21.75 2.37 45.407964 11.888207 1
6.31 -8.11 1.51 22.07 2.37 45.407964 11.888207 1
5.62 -8.09 1.54 22.17 2.37 45.407964 11.888207 1
5.66 -7.38 1.86 22.17 2.37 45.407964 11.888207 1
6.1 -7.55 1.88 22.04 2.37 45.407964 11.888207 1
6.03 -8.33 1.8 22.05 2.37 45.407964 11.888207 1
5.77 -8.31 1.82 22.05 2.37 45.407964 11.888207 1
5.75 -7.68 1.83 22.23 2.37 45.407964 11.888207 1
5.83 -7.38 1.86 21.73 2.37 45.407964 11.888207 1
6.06 -7.55 1.9 21.95 2.37 45.407964 11.888207 1
6.33 -7.84 1.82 21.56 1.32 45.407960 11.888189 0
6.23 -7.91 1.8 21.97 1.32 45.407960 11.888189 1
5.9 -7.71 1.92 22.05 1.32 45.407960 11.888189 0
5.86 -7.69 1.92 21.92 1.32 45.407960 11.888189 1
5.97 -7.99 1.77 21.51 1.32 45.407960 11.888189 1
5.83 -8.07 1.76 21.97 1.32 45.407960 11.888189 1
5.63 -7.83 1.79 22.4 1.32 45.407960 11.888189 1
5.74 -7.77 1.67 21.42 1.32 45.407960 11.888189 1
6.07 -7.87 1.62 21.57 1.32 45.407960 11.888189 1
6.28 -7.71 1.8 22.09 1.32 45.407960 11.888189 1
6.19 -7.5 1.93 22.07 1.32 45.407960 11.888189 1
5.98 -7.6 1.88 22.0 1.32 45.407960 11.888189 1
5.96 -7.77 1.89 21.92 1.32 45.407960 11.888189 1
6.1 -7.79 2.0 21.83 1.32 45.407960 11.888189 1
6.11 -7.75 1.94 21.8 1.32 45.407960 11.888189 1
6.0 -7.77 1.75 22.26 1.32 45.407960 11.888189 1
5.94 -7.86 1.61 21.8 1.32 45.407960 11.888189 1
5.83 -7.93 1.58 21.95 1.32 45.407960 11.888189 1
5.66 -7.79 1.69 22.5 2.87 45.407950 11.888158 0
5.77 -7.57 1.88 22.16 2.87 45.407950 11.888158 1
6.1 -7.67 1.93 22.05 2.87 45.407950 11.888158 0
6.15 -7.98 1.84 21.97 2.87 45.407950 11.888158 1
5.94 -7.96 1.86 21.51 2.87 45.407950 11.888158 1
5.96 -7.68 1.93 21.95 2.87 45.407950 11.888158 1
6.17 -7.61 1.83 21.99 2.87 45.407950 11.888158 1
6.15 -7.63 1.72 21.93 2.87 45.407950 11.888158 1
6.0 -7.53 1.8 22.07 2.87 45.407950 11.888158 1
6.07 -7.6 1.86 21.92 2.87 45.407950 11.888158 1
6.14 -7.92 1.78 21.9 2.87 45.407950 11.888158 1
5.92 -8.06 1.82 21.93 2.87 45.407950 11.888158 1
5.62 -7.88 1.97 21.8 2.87 45.407950 11.888158 1
5.56 -7.75 1.97 21.8 2.87 45.407950 11.888158 1
5.61 -7.81 1.9 21.8 2.87 45.407950 11.888158 1
5.59 -7.83 1.92 21.8 2.87 45.407950 11.888158 1
5.58 -7.79 1.96 21.81 2.87 45.407950 11.888158 1
5.61 -7.8 1.92 21.81 2.87 45.407950 11.888158 1
5.6 -7.81 1.91 21.81 2.87 45.407950 11.888158 1
5.58 -7.79 1.94 21.8 2.87 45.407950 11.888158 1
5.59 -7.79 1.93 21.8 2.87 45.407950 11.888158 1
5.6 -7.81 1.92 21.8 2.87 45.407950 11.888158 1
5.59 -7.8 1.94 21.81 2.87 45.407950 11.888158 1
5.59 -7.79 1.94 21.8 2.87 45.407950 11.888158 1
5.6 -7.8 1.93 21.81 2.87 45.407950 11.888158 1
5.6 -7.81 1.92 21.81 2.87 45.407950 11.888158 1
5.6 -7.79 1.93 21.81 2.87 45.407950 11.888158 1
5.6 -7.8 1.93 21.81 2.87 45.407950 11.888158 1
5.6 -7.8 1.93 21.81 2.87 45.407950 11.888158 1
5.59 -7.79 1.94 21.8 2.87 45.407950 11.888158 1
5.58 -7.79 1.93 21.79 2.87 45.407950 11.888158 1
5.59 -7.8 1.92 21.8 2.87 45.407950 11.888158 1
5.59 -7.8 1.93 21.81 2.87 45.407950 11.888158 1
5.59 -7.79 1.93 21.79 2.87 45.407950 11.888158 1
5.58 -7.79 1.92 21.79 2.87 45.407950 11.888158 1
5.59 -7.81 1.92 21.8 2.87 45.407950 11.888158 1
5.59 -7.8 1.92 21.81 2.87 45.407950 11.888158 1
5.6 -7.8 1.93 21.8 2.87 45.407950 11.888158 1
5.59 -7.81 1.93 21.8 2.87 45.407950 11.888158 1
5.59 -7.8 1.93 21.81 2.87 45.407950 11.888158 1
5.58 -7.79 1.93 21.8 2.87 45.407950 11.888158 1
5.58 -7.79 1.93 21.79 2.87 45.407950 11.888158 1
5.58 -7.79 1.93 21.8 2.87 45.407950 11.888158 1
5.58 -7.8 1.94 21.81 2.87 45.407950 11.888158 1
5.59 -7.79 1.94 21.79 2.87 45.407950 11.888158 1
5.6 -7.8 1.94 21.8 2.87 45.407950 11.888158 1
5.6 -7.81 1.93 21.81 2.87 45.407950 11.888158 1
5.59 -7.8 1.93 21.8 2.87 45.407950 11.888158 1
5.58 -7.79 1.94 21.8 2.87 45.407950 11.888158 1
5.59 -7.79 1.93 21.81 2.87 45.407950 11.888158 1
5.59 -7.8 1.92 21.8 2.87 45.407950 11.888158 1
5.58 -7.8 1.92 21.8 2.87 45.407950 11.888158 1
5.58 -7.8 1.93 21.8 2.87 45.407950 11.888158 1
5.59 -7.8 1.94 21.81 2.87 45.407950 11.888158 1
5.58 -7.79 1.94 21.81 2.87 45.407950 11.888158 1
5.58 -7.79 1.94 21.8 2.87 45.407950 11.888158 1
5.59 -7.8 1.93 21.81 2.87 45.407950 11.888158 1
5.59 -7.8 1.92 21.8 2.87 45.407950 11.888158 1
5.58 -7.8 1.92 21.8 2.87 45.407950 11.888158 1
5.59 -7.8 1.93 21.8 2.87 45.407950 11.888158 1
5.6 -7.81 1.93 21.8 2.87 45.407950 11.888158 1
5.6 -7.8 1.94 21.8 2.87 45.407950 11.888158 1
5.59 -7.79 1.94 21.81 2.87 45.407950 11.888158 1
5.59 -7.79 1.94 21.8 2.87 45.407950 11.888158 1
5.59 -7.8 1.93 21.8 2.87 45.407950 11.888158 1
5.59 -7.81 1.94 21.79 2.87 45.407950 11.888158 1
5.59 -7.8 1.93 21.81 2.87 45.407950 11.888158 1
5.59 -7.8 1.93 21.81 2.87 45.407950 11.888158 1
5.59 -7.8 1.93 21.81 2.87 45.407950 11.888158 1
5.59 -7.8 1.93 21.79 2.87 45.407950 11.888158 1
5.59 -7.8 1.93 21.81 2.87 45.407950 11.888158 1
5.58 -7.8 1.92 21.8 2.87 45.407950 11.888158 1
5.58 -7.8 1.93 21.81 2.87 45.407950 11.888158 1
5.58 -7.81 1.94 21.8 2.87 45.407950 11.888158 1
5.59 -7.8 1.93 21.79 2.87 45.407950 11.888158 1
5.59 -7.79 1.92 21.81 2.87 45.407950 11.888158 1
5.59 -7.8 1.92 21.8 2.87 45.407950 11.888158 1
5.58 -7.81 1.93 21.8 2.87 45.407950 11.888158 1
5.6 -7.8 1.94 21.81 2.87 45.407950 11.888158 1
