5.51 -7.94 2.27 22.52 1.55 45.407984 11.888708 0
5.7 -7.84 1.99 21.56 1.55 45.407984 11.888708 1
5.6 -8.16 1.71 22.36 1.55 45.407984 11.888708 1
5.41 -8.35 1.59 21.97 1.55 45.407984 11.888708 1
5.5 -8.03 1.63 22.02 1.55 45.407984 11.888708 1
5.84 -7.72 1.66 22.0 1.55 45.407984 11.888708 1
6.03 -7.71 1.63 21.8 1.55 45.407984 11.888708 1
6.01 -7.68 1.66 21.42 1.55 45.407984 11.888708 0
6.13 -7.59 1.7 21.3 1.55 45.407984 11.888708 1
6.41 -7.67 1.69 21.39 1.55 45.407984 11.888708 0
6.5 -7.7 1.62 22.0 1.55 45.407984 11.888708 1
6.32 -7.49 1.49 22.16 1.55 45.407984 11.888708 1
6.17 -7.32 1.3 21.75 1.55 45.407984 11.888708 1
6.17 -7.46 1.26 22.67 1.55 45.407984 11.888708 1
6.19 -7.73 1.39 22.0 1.55 45.407984 11.888708 1
6.13 -7.98 1.42 21.9 1.55 45.407984 11.888708 1
5.92 -8.18 1.3 22.0 1.55 45.407984 11.888708 1
5.62 -8.22 1.28 22.05 1.55 45.407984 11.888708 1
5.52 -7.98 1.42 22.05 1.55 45.407984 11.888708 1
5.77 -7.72 1.55 21.88 1.55 45.407984 11.888708 1
6.03 -7.79 1.7 22.31 1.55 45.407984 11.888708 1
6.03 -8.01 1.91 21.9 1.55 45.407984 11.888708 1
5.97 -7.89 2.03 21.92 1.55 45.407984 11.888708 1
6.08 -7.48 2.01 22.23 1.55 45.407984 11.888708 1
6.23 -7.37 1.97 21.81 1.55 45.407984 11.888708 1
6.18 -7.7 1.92 21.87 2.18 45.407989 11.888693 0
5.99 -7.92 1.84 21.44 2.18 45.407989 11.888693 1
5.98 -7.79 1.92 21.8 2.18 45.407989 11.888693 0
6.19 -7.7 2.13 21.8 2.18 45.407989 11.888693 1
6.28 -7.82 2.2 21.81 2.18 45.407989 11.888693 1
6.02 -7.85 2.07 21.97 2.18 45.407989 11.888693 1
5.69 -7.79 2.0 21.87 2.18 45.407989 11.888693 1
5.62 -7.86 2.05 21.99 2.18 45.407989 11.888693 1
5.79 -7.99 2.02 22.07 2.18 45.407989 11.888693 1
5.96 -7.96 1.9 22.12 2.18 45.407989 11.888693 1
6.04 -7.86 1.83 22.11 2.18 45.407989 11.888693 1
6.08 -7.77 1.74 22.17 2.18 45.407989 11.888693 1
6.19 -7.63 1.63 22.42 2.18 45.407989 11.888693 1
6.31 -7.56 1.62 21.87 2.18 45.407989 11.888693 1
6.26 -7.72 1.69 21.95 2.18 45.407989 11.888693 1
6.1 -7.86 1.67 21.95 2.18 45.407989 11.888693 1
6.06 -7.67 1.67 21.85 2.18 45.407989 11.888693 1
6.12 -7.42 1.81 21.95 1.85 45.407990 11.888673 0
6.11 -7.51 1.79 21.73 1.85 45.407990 11.888673 1
6.08 -7.82 1.5 22.21 1.85 45.407990 11.888673 0
6.04 -7.97 1.39 21.64 1.85 45.407990 11.888673 1
5.83 -7.9 1.63 21.75 1.85 45.407990 11.888673 1
5.61 -7.84 1.73 21.39 1.85 45.407990 11.888673 1
5.67 -7.87 1.58 22.35 1.85 45.407990 11.888673 1
5.91 -7.8 1.62 21.95 1.85 45.407990 11.888673 1
5.98 -7.64 1.84 21.95 1.85 45.407990 11.888673 1
5.93 -7.63 1.9 22.05 1.85 45.407990 11.888673 1
5.97 -7.82 1.88 22.0 1.85 45.407990 11.888673 1
6.02 -7.86 1.93 22.05 1.85 45.407990 11.888673 1
5.98 -7.64 1.91 22.04 1.85 45.407990 11.888673 1
5.97 -7.54 1.8 22.0 1.85 45.407990 11.888673 1
6.04 -7.69 1.79 21.95 1.85 45.407990 11.888673 1
6.06 -7.84 1.86 22.0 1.85 45.407990 11.888673 1
5.97 -7.82 1.89 21.97 1.85 45.407990 11.888673 1
5.85 -7.77 1.98 22.0 1.85 45.407990 11.888673 1
5.73 -7.74 2.05 22.11 2.51 45.407995 11.888642 0
5.65 -7.73 1.92 22.07 2.51 45.407995 11.888642 1
5.68 -7.79 1.72 22.35 2.51 45.407995 11.888642 0
5.82 -7.89 1.72 21.78 2.51 45.407995 11.888642 1
5.98 -7.89 1.8 21.37 2.51 45.407995 11.888642 1
6.04 -7.79 1.78 21.87 2.51 45.407995 11.888642 1
6.0 -7.65 1.7 22.28 2.51 45.407995 11.888642 1
6.02 -7.55 1.63 21.9 2.51 45.407995 11.888642 1
6.16 -7.57 1.56 21.95 2.51 45.407995 11.888642 1
6.23 -7.67 1.61 21.99 2.51 45.407995 11.888642 1
6.08 -7.7 1.81 22.0 2.51 45.407995 11.888642 1
5.9 -7.68 1.91 22.0 2.51 45.407995 11.888642 1
5.89 -7.73 1.77 22.0 2.51 45.407995 11.888642 1
5.92 -7.82 1.62 21.66 2.51 45.407995 11.888642 1
5.79 -7.83 1.62 22.02 2.51 45.407995 11.888642 1
5.64 -7.84 1.63 22.05 2.51 45.407995 11.888642 1
5.73 -7.95 1.56 21.9 2.51 45.407995 11.888642 1
5.93 -8.04 1.64 21.81 2.45 45.408003 11.888612 0
5.92 -7.98 1.88 21.45 2.45 45.408003 11.888612 1
5.8 -7.81 1.99 21.47 2.45 45.408003 11.888612 1
5.86 -7.68 1.84 21.9 2.45 45.408003 11.888612 0
6.04 -7.68 1.73 21.95 2.45 45.408003 11.888612 1
6.08 -7.75 1.85 21.9 2.45 45.408003 11.888612 1
6.03 -7.81 1.97 21.87 2.45 45.408003 11.888612 1
6.03 -7.86 1.89 21.87 2.45 45.408003 11.888612 1
5.96 -7.85 1.74 21.92 2.45 45.408003 11.888612 1
5.77 -7.79 1.8 21.93 2.45 45.408003 11.888612 1
5.68 -7.85 2.01 22.36 2.45 45.408003 11.888612 1
5.8 -8.03 2.06 21.56 2.45 45.408003 11.888612 1
5.94 -7.97 1.9 22.47 2.45 45.408003 11.888612 1
5.96 -7.66 1.85 21.61 2.45 45.408003 11.888612 1
5.9 -7.65 1.97 22.04 2.45 45.408003 11.888612 1
5.95 -7.94 1.92 22.05 2.45 45.408003 11.888612 1
6.05 -7.91 1.72 22.11 2.45 45.408003 11.888612 1
6.04 -7.55 1.75 21.97 2.45 45.408003 11.888612 1
5.96 -7.54 1.94 21.9 2.66 45.408011 11.888582 0
6.03 -7.88 1.87 21.85 2.66 45.408011 11.888582 1
6.16 -7.89 1.66 21.85 2.66 45.408011 11.888582 0
6.11 -7.65 1.72 21.81 2.66 45.408011 11.888582 1
5.98 -7.69 1.85 21.9 2.66 45.408011 11.888582 1
5.96 -7.89 1.77 21.9 2.66 45.408011 11.888582 1
5.87 -7.83 1.66 22.0 2.66 45.408011 11.888582 1
5.66 -7.74 1.71 22.05 2.66 45.408011 11.888582 1
5.65 -7.91 1.75 22.05 2.66 45.408011 11.888582 1
5.93 -8.01 1.74 23.74 2.66 45.408011 11.888582 1
6.1 -7.84 1.76 21.63 2.66 45.408011 11.888582 1
6.05 -7.71 1.8 22.54 2.66 45.408011 11.888582 1
6.0 -7.76 1.8 22.16 2.66 45.408011 11.888582 1
6.04 -7.75 1.8 22.21 2.66 45.408011 11.888582 1
6.01 -7.69 1.79 22.19 2.66 45.408011 11.888582 1
5.9 -7.81 1.79 22.09 2.66 45.408011 11.888582 1
5.89 -7.96 1.89 21.83 2.66 45.408011 11.888582 1
6.03 -7.87 1.98 21.51 2.56 45.408018 11.888550 0
6.09 -7.71 1.92 22.28 2.56 45.408018 11.888550 1
5.88 -7.8 1.8 22.31 2.56 45.408018 11.888550 1
5.63 -7.96 1.79 21.85 2.56 45.408018 11.888550 0
5.65 -7.89 1.85 22.24 2.56 45.408018 11.888550 1
5.83 -7.79 1.86 21.32 2.56 45.408018 11.888550 1
5.89 -7.92 1.87 21.87 2.56 45.408018 11.888550 1
5.87 -8.03 1.88 21.87 2.56 45.408018 11.888550 1
5.98 -7.79 1.81 21.87 2.56 45.408018 11.888550 1
6.13 -7.54 1.75 21.99 2.56 45.408018 11.888550 1
6.14 -7.69 1.78 22.4 2.56 45.408018 11.888550 1
6.11 -7.95 1.84 21.95 2.56 45.408018 11.888550 1
6.1 -7.88 1.85 22.0 2.56 45.408018 11.888550 1
6.03 -7.67 1.87 22.04 2.56 45.408018 11.888550 1
5.92 -7.71 1.91 22.05 2.56 45.408018 11.888550 1
5.88 -7.83 1.91 22.11 2.56 45.408018 11.888550 1
5.82 -7.85 1.85 22.0 2.56 45.408018 11.888550 1
5.71 -7.93 1.74 21.92 2.56 45.408018 11.888550 1
5.69 -8.09 1.64 21.95 2.5 45.408023 11.888517 0
5.76 -8.1 1.64 22.36 2.5 45.408023 11.888517 1
5.73 -7.97 1.73 22.48 2.5 45.408023 11.888517 0
5.71 -7.89 1.82 22.48 2.5 45.408023 11.888517 1
5.87 -7.82 1.84 22.0 2.5 45.408023 11.888517 1
6.05 -7.72 1.86 21.95 2.5 45.408023 11.888517 1
6.04 -7.77 1.87 21.9 2.5 45.408023 11.888517 1
5.99 -7.96 1.83 21.9 2.5 45.408023 11.888517 1
5.93 -7.97 1.8 22.05 2.5 45.408023 11.888517 1
5.8 -7.82 1.83 22.11 2.5 45.408023 11.888517 1
5.76 -7.73 1.85 22.57 2.5 45.408023 11.888517 1
5.89 -7.8 1.84 22.07 2.5 45.408023 11.888517 1
5.94 -7.95 1.83 22.52 2.5 45.408023 11.888517 1
5.86 -8.0 1.85 22.52 2.5 45.408023 11.888517 1
5.94 -7.81 1.89 22.11 2.5 45.408023 11.888517 1
6.09 -7.67 1.96 22.16 2.5 45.408023 11.888517 1
6.05 -7.84 2.03 21.87 2.5 45.408023 11.888517 1
6.07 -7.87 2.0 22.47 2.5 45.408023 11.888517 1
6.32 -7.53 1.88 22.9 2.31 45.408021 11.888485 0
6.35 -7.45 1.81 25.6 2.31 45.408021 11.888485 1
6.03 -7.78 1.85 21.75 2.31 45.408021 11.888485 0
5.93 -7.78 1.83 22.16 2.31 45.408021 11.888485 1
6.17 -7.54 1.62 22.16 2.31 45.408021 11.888485 1
6.21 -7.71 1.44 21.8 2.31 45.408021 11.888485 1
6.04 -7.86 1.55 22.66 2.31 45.408021 11.888485 1
5.98 -7.45 1.67 21.95 2.31 45.408021 11.888485 1
5.94 -7.28 1.51 21.56 2.31 45.408021 11.888485 1
5.83 -7.77 1.43 22.0 2.31 45.408021 11.888485 1
5.9 -8.0 1.74 21.97 2.31 45.408021 11.888485 1
6.1 -7.64 2.04 22.09 2.31 45.408021 11.888485 1
6.15 -7.41 1.93 22.26 2.31 45.408021 11.888485 1
6.23 -7.49 1.68 22.16 2.31 45.408021 11.888485 1
6.43 -7.58 1.6 21.9 2.31 45.408021 11.888485 1
6.34 -7.79 1.66 21.85 2.31 45.408021 11.888485 1
6.01 -7.98 1.82 22.26 2.31 45.408021 11.888485 1
6.01 -7.63 2.04 21.87 3.14 45.408018 11.888446 0
6.23 -7.19 2.11 21.85 3.14 45.408018 11.888446 1
6.11 -7.44 2.0 22.0 3.14 45.408018 11.888446 0
5.79 -7.91 1.95 22.09 3.14 45.408018 11.888446 1
5.74 -7.82 2.03 46.41 3.14 45.408018 11.888446 1
5.85 -7.66 2.01 22.76 3.14 45.408018 11.888446 1
5.88 -7.96 1.87 21.76 3.14 45.408018 11.888446 1
5.98 -8.11 1.79 22.26 3.14 45.408018 11.888446 1
6.18 -7.64 1.83 22.05 3.14 45.408018 11.888446 1
6.19 -7.24 1.91 22.26 3.14 45.408018 11.888446 1
6.02 -7.48 1.95 22.16 3.14 45.408018 11.888446 1
5.97 -7.86 1.91 22.05 3.14 45.408018 11.888446 1
6.14 -7.9 1.77 21.93 3.14 45.408018 11.888446 1
6.28 -7.84 1.61 21.95 3.14 45.408018 11.888446 1
6.1 -7.92 1.52 22.05 3.14 45.408018 11.888446 1
5.73 -7.93 1.55 22.52 3.14 45.408018 11.888446 1
5.58 -7.79 1.7 21.97 3.14 45.408018 11.888446 1
5.77 -7.74 1.87 21.97 2.89 45.408004 11.888409 0
5.96 -7.86 1.9 22.76 2.89 45.408004 11.888409 1
6.01 -7.9 1.81 21.87 2.89 45.408004 11.888409 1
6.08 -7.75 1.79 21.9 2.89 45.408004 11.888409 0
6.12 -7.58 1.81 21.81 2.89 45.408004 11.888409 1
6.06 -7.59 1.73 21.78 2.89 45.408004 11.888409 1
6.09 -7.71 1.73 22.31 2.89 45.408004 11.888409 1
6.2 -7.76 1.91 21.9 2.89 45.408004 11.888409 1
6.03 -7.72 2.0 22.36 2.89 45.408004 11.888409 1
5.8 -7.73 1.91 22.07 2.89 45.408004 11.888409 1
6.02 -7.82 1.91 22.93 2.89 45.408004 11.888409 1
6.25 -7.96 1.98 22.93 2.89 45.408004 11.888409 1
5.8 -8.02 1.86 22.54 2.89 45.408004 11.888409 1
5.43 -7.82 1.72 22.57 2.89 45.408004 11.888409 1
6.17 -7.55 1.84 22.17 2.89 45.408004 11.888409 1
7.17 -7.59 1.94 21.95 2.89 45.408004 11.888409 1
7.06 -7.65 1.68 22.05 2.89 45.408004 11.888409 1
6.33 -7.29 1.42 22.07 2.89 45.408004 11.888409 1
6.15 -7.0 1.49 21.87 3.15 45.407997 11.888370 0
6.37 -7.43 1.59 22.16 3.15 45.407997 11.888370 1
6.34 -7.94 1.53 22.16 3.15 45.407997 11.888370 0
6.17 -7.73 1.63 21.85 3.15 45.407997 11.888370 1
6.02 -7.46 1.92 21.87 3.15 45.407997 11.888370 1
5.79 -7.78 1.98 21.76 3.15 45.407997 11.888370 1
5.73 -7.96 1.78 21.87 3.15 45.407997 11.888370 1
6.06 -7.48 1.69 21.71 3.15 45.407997 11.888370 1
6.37 -7.19 1.74 21.92 3.15 45.407997 11.888370 1
6.34 -7.53 1.8 21.92 3.15 45.407997 11.888370 1
6.3 -7.72 1.99 21.99 3.15 45.407997 11.888370 1
6.42 -7.45 2.24 22.05 3.15 45.407997 11.888370 1
6.29 -7.39 2.17 22.52 3.15 45.407997 11.888370 1
5.93 -7.72 1.87 22.05 3.15 45.407997 11.888370 1
5.85 -7.95 1.8 21.97 3.15 45.407997 11.888370 1
6.04 -7.97 1.91 22.0 3.15 45.407997 11.888370 1
5.95 -7.97 1.9 21.93 3.15 45.407997 11.888370 1
5.75 -7.93 1.81 21.9 3.53 45.407991 11.888324 0
6.02 -7.79 1.83 21.81 3.53 45.407991 11.888324 1
6.47 -7.74 1.86 21.81 3.53 45.407991 11.888324 1
6.45 -7.71 1.82 21.9 3.53 45.407991 11.888324 0
6.21 -7.55 1.76 22.0 3.53 45.407991 11.888324 1
6.24 -7.47 1.65 22.05 3.53 45.407991 11.888324 1
6.26 -7.67 1.6 21.92 3.53 45.407991 11.888324 1
6.03 -7.91 1.77 21.87 3.53 45.407991 11.888324 1
5.91 -7.95 1.89 21.92 3.53 45.407991 11.888324 1
5.94 -7.86 1.61 21.63 3.53 45.407991 11.888324 1
5.88 -7.77 1.31 22.02 3.53 45.407991 11.888324 1
5.93 -7.74 1.41 21.66 3.53 45.407991 11.888324 1
6.22 -7.78 1.69 22.0 3.53 45.407991 11.888324 1
6.34 -7.76 1.87 21.61 3.53 45.407991 11.888324 1
6.16 -7.55 1.99 22.07 3.53 45.407991 11.888324 1
6.13 -7.38 2.0 22.16 3.53 45.407991 11.888324 1
6.3 -7.59 1.81 22.02 3.53 45.407991 11.888324 1
6.24 -7.97 1.79 21.97 3.53 45.407991 11.888324 1
5.9 -7.93 2.02 21.51 2.78 45.407992 11.888287 0
5.66 -7.57 2.04 21.95 2.78 45.407992 11.888287 1
5.68 -7.67 1.81 21.33 2.78 45.407992 11.888287 0
5.78 -8.16 1.69 21.59 2.78 45.407992 11.888287 1
5.96 -8.22 1.71 21.25 2.78 45.407992 11.888287 1
6.28 -7.86 1.67 21.45 2.78 45.407992 11.888287 1
6.28 -7.69 1.61 22.47 2.78 45.407992 11.888287 1
5.9 -7.48 1.56 22.72 2.78 45.407992 11.888287 1
5.96 -7.29 1.55 21.75 2.78 45.407992 11.888287 1
6.13 -7.9 1.76 22.05 2.78 45.407992 11.888287 1
5.17 -8.33 1.86 21.92 2.78 45.407992 11.888287 1
4.5 -7.11 1.59 21.2 2.78 45.407992 11.888287 1
6.6 -6.52 1.57 21.8 2.78 45.407992 11.888287 1
9.12 -8.82 1.98 20.68 2.78 45.407992 11.888287 1
7.65 -10.28 1.9 22.93 2.78 45.407992 11.888287 1
4.12 -7.74 1.66 24.54 2.78 45.407992 11.888287 1
4.02 -6.33 2.78 24.42 2.78 45.407992 11.888287 1
7.1 -10.12 4.51 21.23 2.78 45.407992 11.888287 1
8.74 -13.12 4.41 20.32 2.92 45.407983 11.888251 0
7.31 -10.14 2.69 21.54 2.92 45.407983 11.888251 1
4.65 -6.23 1.71 21.75 2.92 45.407983 11.888251 0
3.18 -6.47 1.91 21.8 2.92 45.407983 11.888251 1
4.53 -8.03 2.02 21.54 2.92 45.407983 11.888251 1
7.14 -8.03 1.81 21.59 2.92 45.407983 11.888251 1
7.32 -8.04 1.81 21.44 2.92 45.407983 11.888251 1
5.12 -8.43 1.9 22.11 2.92 45.407983 11.888251 1
4.44 -7.92 1.89 22.26 2.92 45.407983 11.888251 1
6.02 -7.44 1.86 21.59 2.92 45.407983 11.888251 1
6.78 -8.02 1.82 21.95 2.92 45.407983 11.888251 1
5.91 -8.35 1.77 22.02 2.92 45.407983 11.888251 1
5.39 -7.88 1.84 21.75 2.92 45.407983 11.888251 1
5.78 -7.69 1.88 22.16 2.92 45.407983 11.888251 1
5.98 -7.96 1.77 22.11 2.92 45.407983 11.888251 1
5.74 -8.03 1.66 22.12 2.92 45.407983 11.888251 1
5.6 -7.97 1.61 21.64 2.92 45.407983 11.888251 1
5.67 -8.0 1.49 21.97 2.82 45.407966 11.888222 0
5.78 -8.0 1.47 21.85 2.82 45.407966 11.888222 1
5.77 -8.08 1.72 21.49 2.82 45.407966 11.888222 0
5.59 -8.19 1.94 22.0 2.82 45.407966 11.888222 1
5.44 -8.1 1.84 22.04 2.82 45.407966 11.888222 1
5.53 -7.95 1.64 22.04 2.82 45.407966 11.888222 1
5.75 -8.02 1.59 21.9 2.82 45.407966 11.888222 1
5.81 -8.03 1.7 21.4 2.82 45.407966 11.888222 1
5.67 -7.9 1.81 22.04 2.82 45.407966 11.888222 1
5.54 -7.87 1.76 22.07 2.82 45.407966 11.888222 1
5.6 -7.95 1.58 21.59 2.82 45.407966 11.888222 1
5.71 -7.98 1.54 21.56 2.82 45.407966 11.888222 1
5.71 -8.01 1.72 21.87 2.82 45.407966 11.888222 1
5.66 -7.97 1.79 22.36 2.82 45.407966 11.888222 1
5.69 -7.78 1.71 21.59 2.82 45.407966 11.888222 1
5.78 -7.64 1.77 22.16 2.82 45.407966 11.888222 1
5.83 -7.71 1.92 22.55 2.82 45.407966 11.888222 1
5.85 -7.79 1.86 22.07 2.82 45.407966 11.888222 1
5.81 -7.86 1.66 22.0 2.88 45.407950 11.888192 0
5.78 -8.04 1.62 22.45 2.88 45.407950 11.888192 1
5.85 -8.15 1.7 21.49 2.88 45.407950 11.888192 0
5.91 -8.05 1.73 21.92 2.88 45.407950 11.888192 1
5.81 -7.91 1.72 22.0 2.88 45.407950 11.888192 1
5.68 -7.9 1.68 22.05 2.88 45.407950 11.888192 1
5.72 -7.94 1.64 22.0 2.88 45.407950 11.888192 1
5.81 -7.98 1.77 21.88 2.88 45.407950 11.888192 1
5.79 -8.03 1.98 22.0 2.88 45.407950 11.888192 1
5.74 -8.02 1.97 22.0 2.88 45.407950 11.888192 1
5.77 -7.88 1.79 22.07 2.88 45.407950 11.888192 1
5.81 -7.75 1.75 22.07 2.88 45.407950 11.888192 1
5.82 -7.72 1.85 22.05 2.88 45.407950 11.888192 1
5.8 -7.85 1.86 21.95 2.88 45.407950 11.888192 1
5.75 -8.03 1.8 22.43 2.88 45.407950 11.888192 1
5.71 -8.05 1.82 21.64 2.88 45.407950 11.888192 1
5.77 -7.85 1.86 21.95 2.88 45.407950 11.888192 1
5.92 -7.68 1.83 21.4 3.02 45.407943 11.888152 0
6.04 -7.77 1.85 21.44 3.02 45.407943 11.888152 1
6.05 -7.98 1.94 21.75 3.02 45.407943 11.888152 0
6.02 -8.07 1.99 21.75 3.02 45.407943 11.888152 1
6.01 -8.05 1.98 21.75 3.02 45.407943 11.888152 1
6.03 -8.03 1.98 21.75 3.02 45.407943 11.888152 1
6.03 -8.05 1.99 21.74 3.02 45.407943 11.888152 1
6.02 -8.04 1.98 21.74 3.02 45.407943 11.888152 1
6.02 -8.03 1.96 21.75 3.02 45.407943 11.888152 1
6.03 -8.03 1.97 21.76 3.02 45.407943 11.888152 1
6.03 -8.04 1.98 21.76 3.02 45.407943 11.888152 1
6.02 -8.04 1.98 21.75 3.02 45.407943 11.888152 1
6.01 -8.05 1.98 21.76 3.02 45.407943 11.888152 1
6.01 -8.04 1.99 21.75 3.02 45.407943 11.888152 1
6.03 -8.03 1.97 21.75 3.02 45.407943 11.888152 1
6.03 -8.03 1.97 21.75 3.02 45.407943 11.888152 1
6.02 -8.04 1.98 21.75 3.02 45.407943 11.888152 1
6.02 -8.05 1.98 21.76 3.02 45.407943 11.888152 1
6.03 -8.04 1.98 21.75 3.02 45.407943 11.888152 1
6.03 -8.03 1.98 21.74 3.02 45.407943 11.888152 1
6.02 -8.04 1.98 21.76 3.02 45.407943 11.888152 1
6.02 -8.04 1.98 21.75 3.02 45.407943 11.888152 1
6.02 -8.04 1.98 21.75 3.02 45.407943 11.888152 1
6.02 -8.03 1.98 21.76 3.02 45.407943 11.888152 1
6.02 -8.04 1.97 21.75 3.02 45.407943 11.888152 1
6.02 -8.05 1.97 21.74 3.02 45.407943 11.888152 1
6.02 -8.05 1.98 21.75 3.02 45.407943 11.888152 1
6.01 -8.03 1.99 21.75 3.02 45.407943 11.888152 1
6.02 -8.03 1.99 21.74 3.02 45.407943 11.888152 1
6.03 -8.04 1.99 21.76 3.02 45.407943 11.888152 1
6.03 -8.04 1.99 21.76 3.02 45.407943 11.888152 1
6.02 -8.04 1.99 21.75 3.02 45.407943 11.888152 1
6.01 -8.04 1.98 21.75 3.02 45.407943 11.888152 1
6.02 -8.04 1.97 21.74 3.02 45.407943 11.888152 1
6.02 -8.05 1.97 21.74 3.02 45.407943 11.888152 1
6.01 -8.04 1.98 21.74 3.02 45.407943 11.888152 1
6.02 -8.04 1.98 21.76 3.02 45.407943 11.888152 1
6.02 -8.04 1.98 21.75 3.02 45.407943 11.888152 1
6.02 -8.04 1.98 21.75 3.02 45.407943 11.888152 1
6.02 -8.04 1.99 21.74 3.02 45.407943 11.888152 1
6.02 -8.03 1.99 21.75 3.02 45.407943 11.888152 1
6.02 -8.04 1.98 21.76 3.02 45.407943 11.888152 1
6.02 -8.04 1.98 21.75 3.02 45.407943 11.888152 1
6.02 -8.03 1.98 21.75 3.02 45.407943 11.888152 1
6.01 -8.04 1.99 21.75 3.02 45.407943 11.888152 1
