6.19 -7.62 1.59 21.99 2.27 45.408029 11.888668 0
6.23 -7.89 1.51 21.88 2.27 45.408029 11.888668 1
6.11 -7.75 1.63 21.78 2.27 45.408029 11.888668 1
5.98 -7.53 1.82 21.85 2.27 45.408029 11.888668 1
6.05 -7.62 1.79 21.9 2.27 45.408029 11.888668 1
6.23 -7.82 1.59 21.9 2.27 45.408029 11.888668 1
6.17 -7.83 1.53 22.36 2.27 45.408029 11.888668 1
5.88 -7.73 1.64 21.97 2.27 45.408029 11.888668 1
5.73 -7.74 1.73 22.02 2.27 45.408029 11.888668 1
5.84 -7.82 1.82 22.05 2.27 45.408029 11.888668 1
5.97 -7.83 1.96 22.0 2.27 45.408029 11.888668 1
5.98 -7.79 1.98 21.97 2.27 45.408029 11.888668 1
5.95 -7.81 1.89 21.95 2.27 45.408029 11.888668 1
6.01 -7.79 1.94 22.02 2.27 45.408029 11.888668 0
6.26 -7.6 2.02 21.9 2.27 45.408029 11.888668 1
6.47 -7.55 1.91 21.59 2.27 45.408029 11.888668 0
6.29 -7.77 1.78 22.14 2.27 45.408029 11.888668 1
5.94 -7.78 1.85 21.92 2.27 45.408029 11.888668 1
5.93 -7.45 1.94 22.07 2.27 45.408029 11.888668 1
6.03 -7.61 1.86 21.4 2.27 45.408029 11.888668 1
5.79 -8.37 1.77 21.66 2.27 45.408029 11.888668 1
5.61 -8.53 1.84 21.81 2.27 45.408029 11.888668 1
5.95 -7.73 1.95 22.02 2.27 45.408029 11.888668 1
6.21 -7.18 1.96 22.16 2.27 45.408029 11.888668 1
5.95 -7.4 1.87 22.11 2.27 45.408029 11.888668 1
5.92 -7.63 1.77 21.97 2.27 45.408029 11.888668 1
6.41 -7.61 1.78 21.87 2.27 45.408029 11.888668 1
6.48 -7.74 1.87 21.9 2.27 45.408029 11.888668 1
5.92 -7.85 1.88 22.36 2.27 45.408029 11.888668 1
5.8 -7.65 1.82 21.85 2.27 45.408029 11.888668 1
6.29 -7.51 1.81 21.87 2.96 45.408028 11.888635 0
6.34 -7.62 1.81 22.35 2.96 45.408028 11.888635 1
5.81 -7.71 1.77 22.0 2.96 45.408028 11.888635 1
5.62 -7.82 1.75 21.97 2.96 45.408028 11.888635 0
5.92 -8.03 1.75 21.92 2.96 45.408028 11.888635 1
6.03 -7.96 1.63 22.0 2.96 45.408028 11.888635 1
5.95 -7.61 1.5 21.99 2.96 45.408028 11.888635 1
6.1 -7.54 1.61 22.35 2.96 45.408028 11.888635 1
6.27 -7.83 1.82 21.37 2.96 45.408028 11.888635 1
6.18 -7.94 1.86 22.09 2.96 45.408028 11.888635 1
6.09 -7.83 1.83 22.11 2.96 45.408028 11.888635 1
6.16 -7.78 1.86 22.54 2.96 45.408028 11.888635 1
6.13 -7.71 1.82 22.05 2.96 45.408028 11.888635 1
5.95 -7.62 1.76 21.59 2.96 45.408028 11.888635 1
5.81 -7.78 1.9 22.42 2.96 45.408028 11.888635 1
5.7 -8.04 2.04 22.02 2.96 45.408028 11.888635 1
5.61 -8.0 1.88 22.09 2.96 45.408028 11.888635 1
5.69 -7.82 1.64 22.35 2.96 45.408028 11.888635 1
5.91 -7.82 1.65 21.9 2.28 45.408040 11.888609 0
6.09 -7.83 1.79 22.26 2.28 45.408040 11.888609 1
6.18 -7.71 1.8 22.35 2.28 45.408040 11.888609 0
6.21 -7.65 1.73 21.83 2.28 45.408040 11.888609 1
6.08 -7.72 1.66 22.74 2.28 45.408040 11.888609 1
5.94 -7.78 1.63 21.9 2.28 45.408040 11.888609 1
6.12 -7.76 1.74 21.9 2.28 45.408040 11.888609 1
6.43 -7.69 1.94 21.9 2.28 45.408040 11.888609 1
6.32 -7.58 1.95 22.02 2.28 45.408040 11.888609 1
5.8 -7.66 1.69 22.43 2.28 45.408040 11.888609 1
5.53 -7.99 1.49 22.36 2.28 45.408040 11.888609 1
5.79 -8.11 1.6 21.54 2.28 45.408040 11.888609 1
6.08 -7.85 1.82 21.95 2.28 45.408040 11.888609 1
5.94 -7.7 1.86 22.43 2.28 45.408040 11.888609 1
5.65 -7.85 1.78 22.11 2.28 45.408040 11.888609 1
5.67 -7.81 1.85 22.57 2.28 45.408040 11.888609 1
5.92 -7.53 2.02 21.93 2.28 45.408040 11.888609 1
6.11 -7.58 2.04 22.31 2.64 45.408045 11.888579 0
6.23 -7.89 1.9 22.31 2.64 45.408045 11.888579 1
6.24 -7.86 1.81 21.9 2.64 45.408045 11.888579 1
5.99 -7.63 1.85 21.93 2.64 45.408045 11.888579 0
5.72 -7.72 1.91 22.47 2.64 45.408045 11.888579 1
5.71 -7.97 1.93 22.45 2.64 45.408045 11.888579 1
5.83 -7.98 1.92 22.0 2.64 45.408045 11.888579 1
5.77 -7.96 1.88 21.85 2.64 45.408045 11.888579 1
5.65 -8.09 1.8 21.75 2.64 45.408045 11.888579 1
5.73 -8.02 1.74 22.0 2.64 45.408045 11.888579 1
5.89 -7.76 1.72 22.0 2.64 45.408045 11.888579 1
5.93 -7.71 1.68 22.02 2.64 45.408045 11.888579 1
5.9 -7.75 1.64 22.16 2.64 45.408045 11.888579 1
5.96 -7.61 1.7 22.16 2.64 45.408045 11.888579 1
6.06 -7.6 1.85 22.0 2.64 45.408045 11.888579 1
6.08 -7.94 1.93 21.56 2.64 45.408045 11.888579 1
5.96 -8.14 1.81 22.02 2.64 45.408045 11.888579 1
5.76 -7.97 1.61 22.5 2.64 45.408045 11.888579 1
5.63 -7.76 1.54 22.98 2.92 45.408053 11.888545 0
5.74 -7.67 1.65 22.5 2.92 45.408053 11.888545 1
6.03 -7.72 1.73 22.36 2.92 45.408053 11.888545 0
6.19 -7.96 1.7 21.95 2.92 45.408053 11.888545 1
5.99 -8.06 1.78 21.92 2.92 45.408053 11.888545 1
5.72 -7.72 1.97 21.99 2.92 45.408053 11.888545 1
5.8 -7.44 2.0 22.4 2.92 45.408053 11.888545 1
6.14 -7.65 1.84 21.85 2.92 45.408053 11.888545 1
6.27 -7.89 1.79 22.0 2.92 45.408053 11.888545 1
6.07 -7.8 1.91 22.05 2.92 45.408053 11.888545 1
5.81 -7.74 1.98 22.02 2.92 45.408053 11.888545 1
5.73 -7.84 1.95 22.48 2.92 45.408053 11.888545 1
5.81 -7.85 1.87 22.11 2.92 45.408053 11.888545 1
5.9 -7.82 1.78 22.05 2.92 45.408053 11.888545 1
5.91 -7.8 1.83 22.9 2.92 45.408053 11.888545 1
5.9 -7.67 1.98 21.66 2.92 45.408053 11.888545 1
5.97 -7.63 1.97 21.93 2.92 45.408053 11.888545 1
6.04 -7.87 1.8 21.93 2.92 45.408053 11.888545 1
5.99 -7.97 1.78 22.36 3.0 45.408053 11.888506 0
5.96 -7.71 1.89 22.4 3.0 45.408053 11.888506 1
6.09 -7.6 1.88 21.95 3.0 45.408053 11.888506 0
6.23 -7.77 1.78 22.0 3.0 45.408053 11.888506 1
6.11 -7.84 1.74 22.0 3.0 45.408053 11.888506 1
5.78 -7.87 1.69 22.0 3.0 45.408053 11.888506 1
5.62 -8.03 1.59 22.45 3.0 45.408053 11.888506 1
5.82 -7.99 1.52 21.97 3.0 45.408053 11.888506 1
6.03 -7.67 1.54 22.52 3.0 45.408053 11.888506 1
5.95 -7.61 1.72 22.04 3.0 45.408053 11.888506 1
5.85 -7.87 2.04 22.05 3.0 45.408053 11.888506 1
5.99 -7.98 2.19 25.97 3.0 45.408053 11.888506 1
6.13 -7.87 1.99 22.16 3.0 45.408053 11.888506 1
6.07 -7.73 1.79 22.05 3.0 45.408053 11.888506 1
6.04 -7.59 1.89 22.48 3.0 45.408053 11.888506 1
6.1 -7.63 2.08 22.02 3.0 45.408053 11.888506 1
6.07 -7.92 2.08 22.47 3.0 45.408053 11.888506 1
5.9 -8.05 1.97 22.05 2.16 45.408052 11.888475 0
5.68 -7.88 1.88 22.12 2.16 45.408052 11.888475 1
5.55 -7.84 1.85 22.5 2.16 45.408052 11.888475 0
5.69 -7.99 1.85 22.31 2.16 45.408052 11.888475 1
6.0 -7.99 1.78 22.12 2.16 45.408052 11.888475 1
6.08 -7.89 1.59 22.23 2.16 45.408052 11.888475 1
5.95 -7.77 1.51 22.42 2.16 45.408052 11.888475 1
5.89 -7.49 1.69 22.52 2.16 45.408052 11.888475 1
5.85 -7.38 1.87 22.95 2.16 45.408052 11.888475 1
5.88 -7.82 1.83 24.04 2.16 45.408052 11.888475 1
6.2 -8.22 1.77 21.87 2.16 45.408052 11.888475 1
6.34 -8.03 1.82 22.47 2.16 45.408052 11.888475 1
5.73 -7.78 1.86 22.72 2.16 45.408052 11.888475 1
5.13 -7.84 1.77 22.72 2.16 45.408052 11.888475 1
5.5 -7.96 1.71 22.23 2.16 45.408052 11.888475 1
6.16 -8.21 1.76 21.8 2.16 45.408052 11.888475 1
6.17 -8.4 1.89 22.71 2.16 45.408052 11.888475 1
5.91 -7.78 1.96 23.07 2.44 45.408041 11.888442 0
5.99 -6.9 1.86 22.57 2.44 45.408041 11.888442 1
6.17 -7.22 1.65 21.85 2.44 45.408041 11.888442 1
6.19 -8.25 1.6 21.85 2.44 45.408041 11.888442 0
6.07 -8.27 1.78 21.85 2.44 45.408041 11.888442 1
5.8 -7.56 2.02 22.78 2.44 45.408041 11.888442 1
5.62 -7.57 2.16 21.87 2.44 45.408041 11.888442 1
5.83 -8.06 2.1 21.35 2.44 45.408041 11.888442 1
6.08 -8.03 1.89 22.45 2.44 45.408041 11.888442 1
5.99 -7.67 1.81 21.85 2.44 45.408041 11.888442 1
5.86 -7.63 1.92 22.64 2.44 45.408041 11.888442 1
5.96 -7.82 1.91 22.07 2.44 45.408041 11.888442 1
6.1 -7.87 1.69 22.47 2.44 45.408041 11.888442 1
6.09 -7.78 1.59 22.11 2.44 45.408041 11.888442 1
6.01 -7.67 1.71 22.11 2.44 45.408041 11.888442 1
5.94 -7.6 1.77 22.02 2.44 45.408041 11.888442 1
6.01 -7.65 1.73 21.95 2.44 45.408041 11.888442 1
6.19 -7.86 1.73 22.29 2.44 45.408041 11.888442 1
6.09 -8.13 1.66 22.36 2.66 45.408035 11.888406 0
5.71 -8.13 1.46 22.45 2.66 45.408035 11.888406 1
5.6 -7.81 1.38 22.0 2.66 45.408035 11.888406 0
5.86 -7.63 1.59 21.85 2.66 45.408035 11.888406 1
6.02 -7.85 1.85 21.9 2.66 45.408035 11.888406 1
5.98 -8.03 1.89 21.95 2.66 45.408035 11.888406 1
5.97 -7.81 1.76 22.5 2.66 45.408035 11.888406 1
6.03 -7.46 1.73 22.07 2.66 45.408035 11.888406 1
6.14 -7.5 1.9 22.12 2.66 45.408035 11.888406 1
6.31 -7.99 2.02 21.97 2.66 45.408035 11.888406 1
6.24 -8.39 1.95 22.47 2.66 45.408035 11.888406 1
5.79 -8.12 1.9 22.16 2.66 45.408035 11.888406 1
5.52 -7.53 1.98 22.57 2.66 45.408035 11.888406 1
5.74 -7.52 2.01 21.81 2.66 45.408035 11.888406 1
6.02 -8.06 1.95 22.0 2.66 45.408035 11.888406 1
5.99 -8.16 1.9 21.59 2.66 45.408035 11.888406 1
5.89 -7.64 1.89 22.24 2.66 45.408035 11.888406 1
5.95 -7.39 1.89 21.92 2.66 45.408035 11.888406 1
6.08 -7.77 1.86 21.95 2.98 45.408027 11.888366 0
6.16 -8.08 1.67 21.44 2.98 45.408027 11.888366 1
6.13 -7.89 1.37 21.8 2.98 45.408027 11.888366 0
5.99 -7.6 1.35 21.87 2.98 45.408027 11.888366 1
5.92 -7.59 1.72 21.85 2.98 45.408027 11.888366 1
6.02 -7.7 2.01 21.9 2.98 45.408027 11.888366 1
6.02 -7.75 1.82 22.0 2.98 45.408027 11.888366 1
5.84 -7.86 1.42 21.95 2.98 45.408027 11.888366 1
5.78 -8.06 1.34 22.0 2.98 45.408027 11.888366 1
5.96 -8.07 1.61 22.0 2.98 45.408027 11.888366 1
6.05 -7.78 1.83 22.02 2.98 45.408027 11.888366 1
5.9 -7.5 1.8 22.16 2.98 45.408027 11.888366 1
5.82 -7.56 1.75 21.69 2.98 45.408027 11.888366 1
5.91 -7.82 1.86 22.48 2.98 45.408027 11.888366 1
6.0 -7.91 1.96 21.97 2.98 45.408027 11.888366 1
6.03 -7.76 1.95 22.04 2.98 45.408027 11.888366 1
6.06 -7.65 1.99 21.92 2.98 45.408027 11.888366 1
6.04 -7.74 2.11 21.87 2.75 45.408016 11.888327 0
5.89 -7.89 2.12 21.9 2.75 45.408016 11.888327 1
5.77 -7.95 2.03 21.9 2.75 45.408016 11.888327 0
5.78 -7.93 1.96 21.97 2.75 45.408016 11.888327 1
5.89 -7.83 1.85 21.59 2.75 45.408016 11.888327 1
6.09 -7.67 1.69 22.04 2.75 45.408016 11.888327 1
6.26 -7.62 1.68 21.93 2.75 45.408016 11.888327 1
6.2 -7.7 1.8 21.52 2.75 45.408016 11.888327 1
6.01 -7.76 1.73 22.11 2.75 45.408016 11.888327 1
6.02 -7.76 1.49 22.0 2.75 45.408016 11.888327 1
6.16 -7.78 1.52 21.52 2.75 45.408016 11.888327 1
6.14 -7.78 1.77 22.0 2.75 45.408016 11.888327 1
5.92 -7.81 1.74 22.0 2.75 45.408016 11.888327 1
5.73 -7.89 1.47 22.05 2.75 45.408016 11.888327 1
5.72 -7.89 1.49 21.57 2.75 45.408016 11.888327 1
5.9 -7.76 1.81 22.05 2.75 45.408016 11.888327 1
6.02 -7.77 1.95 21.99 2.75 45.408016 11.888327 1
5.9 -7.89 1.85 22.0 2.75 45.408016 11.888327 1
5.81 -7.82 1.72 22.05 3.35 45.408006 11.888284 0
5.99 -7.68 1.64 22.0 3.35 45.408006 11.888284 1
6.22 -7.78 1.76 21.92 3.35 45.408006 11.888284 0
6.24 -7.83 2.05 21.93 3.35 45.408006 11.888284 1
6.12 -7.6 2.05 21.99 3.35 45.408006 11.888284 1
5.97 -7.5 1.67 21.85 3.35 45.408006 11.888284 1
5.84 -7.77 1.59 21.28 3.35 45.408006 11.888284 1
5.81 -8.04 1.92 21.54 3.35 45.408006 11.888284 1
5.78 -8.15 1.98 21.45 3.35 45.408006 11.888284 1
5.71 -8.16 1.81 22.0 3.35 45.408006 11.888284 1
5.74 -7.91 1.99 22.26 3.35 45.408006 11.888284 1
5.8 -7.52 2.18 22.33 3.35 45.408006 11.888284 1
5.85 -7.61 1.91 22.12 3.35 45.408006 11.888284 1
6.14 -8.18 1.84 21.64 3.35 45.408006 11.888284 1
6.26 -8.39 2.21 21.95 3.35 45.408006 11.888284 1
5.51 -7.79 2.17 21.51 3.35 45.408006 11.888284 1
5.11 -6.76 1.79 21.51 3.35 45.408006 11.888284 1
6.79 -6.34 1.93 21.4 2.27 45.407999 11.888253 0
8.64 -7.78 2.1 20.79 2.27 45.407999 11.888253 1
7.22 -9.92 1.69 22.19 2.27 45.407999 11.888253 0
3.81 -8.88 1.63 25.14 2.27 45.407999 11.888253 1
2.83 -4.84 2.06 24.42 2.27 45.407999 11.888253 1
4.74 -4.42 1.53 22.24 2.27 45.407999 11.888253 1
6.11 -9.69 0.37 20.48 2.27 45.407999 11.888253 1
5.7 -12.75 0.67 20.48 2.27 45.407999 11.888253 1
5.38 -8.94 2.2 22.0 2.27 45.407999 11.888253 1
6.03 -4.75 2.82 22.26 2.27 45.407999 11.888253 1
6.62 -5.44 2.33 22.09 2.27 45.407999 11.888253 1
6.64 -7.4 2.08 21.63 2.27 45.407999 11.888253 1
6.44 -7.63 2.14 21.95 2.27 45.407999 11.888253 1
6.14 -8.01 1.84 22.21 2.27 45.407999 11.888253 1
5.67 -8.62 1.41 22.21 2.27 45.407999 11.888253 1
5.43 -7.9 1.42 21.81 2.27 45.407999 11.888253 1
5.72 -7.19 1.78 22.09 2.27 45.407999 11.888253 1
6.16 -7.82 1.97 21.42 2.27 45.407999 11.888253 1
6.17 -8.21 1.79 21.42 2.69 45.407989 11.888219 0
5.84 -7.7 1.54 22.04 2.69 45.407989 11.888219 1
5.73 -7.57 1.47 21.92 2.69 45.407989 11.888219 0
6.01 -7.82 1.56 21.99 2.69 45.407989 11.888219 1
6.27 -7.73 1.79 21.32 2.69 45.407989 11.888219 1
6.17 -7.71 2.08 21.93 2.69 45.407989 11.888219 1
5.88 -7.97 2.05 22.0 2.69 45.407989 11.888219 1
5.69 -7.99 1.6 22.05 2.69 45.407989 11.888219 1
5.62 -7.9 1.32 22.05 2.69 45.407989 11.888219 1
5.69 -8.03 1.54 22.05 2.69 45.407989 11.888219 1
5.96 -7.98 1.84 22.09 2.69 45.407989 11.888219 1
6.15 -7.66 1.85 22.05 2.69 45.407989 11.888219 1
5.98 -7.63 1.76 22.02 2.69 45.407989 11.888219 1
5.84 -7.81 1.83 21.64 2.69 45.407989 11.888219 1
6.07 -7.76 2.01 22.05 2.69 45.407989 11.888219 1
6.32 -7.58 2.11 21.61 2.69 45.407989 11.888219 1
6.24 -7.58 2.05 21.54 2.69 45.407989 11.888219 1
6.05 -7.66 2.02 21.49 2.94 45.407967 11.888184 0
5.98 -7.75 2.08 21.85 2.94 45.407967 11.888184 1
5.85 -7.88 1.99 21.39 2.94 45.407967 11.888184 0
5.67 -7.88 1.63 21.69 2.94 45.407967 11.888184 1
5.66 -7.78 1.4 21.75 2.94 45.407967 11.888184 1
5.8 -7.81 1.56 21.97 2.94 45.407967 11.888184 1
5.94 -7.85 1.78 22.07 2.94 45.407967 11.888184 1
6.09 -7.63 1.79 22.14 2.94 45.407967 11.888184 1
6.19 -7.44 1.74 22.14 2.94 45.407967 11.888184 1
6.1 -7.66 1.78 22.04 2.94 45.407967 11.888184 1
6.07 -7.95 1.84 21.57 2.94 45.407967 11.888184 1
6.2 -7.92 1.87 22.05 2.94 45.407967 11.888184 1
6.09 -7.86 1.87 22.11 2.94 45.407967 11.888184 1
5.64 -8.03 1.79 22.16 2.94 45.407967 11.888184 1
5.48 -8.1 1.69 22.02 2.94 45.407967 11.888184 1
5.85 -7.9 1.7 21.95 2.94 45.407967 11.888184 1
6.12 -7.83 1.78 21.78 2.94 45.407967 11.888184 1
5.91 -8.02 1.8 21.44 2.94 45.407967 11.888184 1
5.62 -8.02 1.73 21.54 2.56 45.407957 11.888152 0
5.6 -7.72 1.64 21.93 2.56 45.407957 11.888152 1
5.81 -7.61 1.58 21.45 2.56 45.407957 11.888152 0
6.06 -7.85 1.64 21.81 2.56 45.407957 11.888152 1
6.14 -8.06 1.8 21.9 2.56 45.407957 11.888152 1
5.95 -7.97 1.83 22.36 2.56 45.407957 11.888152 1
5.7 -7.82 1.67 21.83 2.56 45.407957 11.888152 1
5.62 -7.79 1.57 21.83 2.56 45.407957 11.888152 1
5.66 -7.82 1.6 21.83 2.56 45.407957 11.888152 1
5.66 -7.81 1.62 21.83 2.56 45.407957 11.888152 1
5.64 -7.8 1.58 21.82 2.56 45.407957 11.888152 1
5.65 -7.81 1.58 21.84 2.56 45.407957 11.888152 1
5.65 -7.8 1.61 21.83 2.56 45.407957 11.888152 1
5.64 -7.79 1.6 21.84 2.56 45.407957 11.888152 1
5.65 -7.81 1.59 21.84 2.56 45.407957 11.888152 1
5.65 -7.81 1.6 21.83 2.56 45.407957 11.888152 1
5.64 -7.8 1.6 21.83 2.56 45.407957 11.888152 1
5.64 -7.8 1.59 21.82 2.56 45.407957 11.888152 1
5.65 -7.81 1.6 21.83 2.56 45.407957 11.888152 1
5.65 -7.8 1.61 21.84 2.56 45.407957 11.888152 1
5.65 -7.79 1.59 21.83 2.56 45.407957 11.888152 1
5.65 -7.8 1.59 21.83 2.56 45.407957 11.888152 1
5.65 -7.8 1.6 21.82 2.56 45.407957 11.888152 1
5.65 -7.8 1.59 21.83 2.56 45.407957 11.888152 1
5.64 -7.79 1.59 21.82 2.56 45.407957 11.888152 1
5.65 -7.8 1.6 21.82 2.56 45.407957 11.888152 1
5.65 -7.8 1.61 21.83 2.56 45.407957 11.888152 1
5.66 -7.8 1.61 21.84 2.56 45.407957 11.888152 1
5.65 -7.79 1.61 21.84 2.56 45.407957 11.888152 1
5.65 -7.8 1.61 21.84 2.56 45.407957 11.888152 1
5.64 -7.8 1.59 21.84 2.56 45.407957 11.888152 1
5.64 -7.8 1.59 21.84 2.56 45.407957 11.888152 1
5.64 -7.79 1.6 21.83 2.56 45.407957 11.888152 1
5.65 -7.8 1.6 21.84 2.56 45.407957 11.888152 1
5.65 -7.8 1.59 21.84 2.56 45.407957 11.888152 1
5.65 -7.8 1.6 21.83 2.56 45.407957 11.888152 1
5.65 -7.81 1.59 21.82 2.56 45.407957 11.888152 1
5.65 -7.81 1.59 21.84 2.56 45.407957 11.888152 1
5.65 -7.8 1.6 21.83 2.56 45.407957 11.888152 1
5.65 -7.79 1.61 21.82 2.56 45.407957 11.888152 1
5.65 -7.79 1.6 21.84 2.56 45.407957 11.888152 1
5.65 -7.8 1.6 21.82 2.56 45.407957 11.888152 1
5.66 -7.81 1.6 21.83 2.56 45.407957 11.888152 1
5.65 -7.8 1.59 21.84 2.56 45.407957 11.888152 1
5.65 -7.8 1.59 21.84 2.56 45.407957 11.888152 1
5.66 -7.8 1.6 21.82 2.56 45.407957 11.888152 1
5.65 -7.8 1.61 21.83 2.56 45.407957 11.888152 1
5.65 -7.8 1.61 21.83 2.56 45.407957 11.888152 1
5.65 -7.8 1.61 21.83 2.56 45.407957 11.888152 1
5.64 -7.8 1.6 21.84 2.56 45.407957 11.888152 1
5.65 -7.8 1.6 21.83 2.56 45.407957 11.888152 1
5.65 -7.8 1.6 21.83 2.56 45.407957 11.888152 1
5.65 -7.81 1.6 21.84 2.56 45.407957 11.888152 1
5.65 -7.8 1.6 21.84 2.56 45.407957 11.888152 1
5.64 -7.79 1.6 21.83 2.56 45.407957 11.888152 1
5.65 -7.8 1.6 21.82 2.56 45.407957 11.888152 1
5.65 -7.8 1.61 21.83 2.56 45.407957 11.888152 1
5.64 -7.8 1.61 21.84 2.56 45.407957 11.888152 1
5.64 -7.8 1.6 21.83 2.56 45.407957 11.888152 1
5.65 -7.8 1.6 21.83 2.56 45.407957 11.888152 1
5.66 -7.8 1.61 21.84 2.56 45.407957 11.888152 1
5.66 -7.8 1.6 21.82 2.56 45.407957 11.888152 1
5.64 -7.79 1.59 21.83 2.56 45.407957 11.888152 1
5.64 -7.8 1.59 21.84 2.56 45.407957 11.888152 1
5.64 -7.81 1.6 21.84 2.56 45.407957 11.888152 1
5.65 -7.81 1.6 21.83 2.56 45.407957 11.888152 1
5.65 -7.8 1.6 21.83 2.56 45.407957 11.888152 1
5.65 -7.8 1.61 21.84 2.56 45.407957 11.888152 1
5.66 -7.8 1.6 21.84 2.56 45.407957 11.888152 1
5.65 -7.81 1.59 21.82 2.56 45.407957 11.888152 1
5.64 -7.8 1.6 21.83 2.56 45.407957 11.888152 1
5.65 -7.8 1.6 21.84 2.56 45.407957 11.888152 1
5.66 -7.79 1.6 21.82 2.56 45.407957 11.888152 1
5.65 -7.79 1.6 21.83 2.56 45.407957 11.888152 1
