5.51 -7.67 1.88 22.52 0.14 45.405735 11.883009 0
5.05 -8.57 1.64 22.36 0.14 45.405735 11.883009 0
6.20 -7.69 2.46 22.71 0.14 45.405735 11.883009 0
8.41 -6.42 3.08 22.76 0.14 45.405735 11.883009 0
8.63 -5.66 3.20 22.45 0.14 45.405735 11.883009 0
8.00 -6.21 2.50 22.52 0.14 45.405735 11.883009 0
7.13 -7.27 1.74 22.59 0.14 45.405735 11.883009 0
6.73 -7.27 1.78 23.19 0.14 45.405735 11.883009 0
6.92 -6.22 1.72 23.07 0.14 45.405735 11.883009 0
7.22 -6.59 1.97 22.47 0.08 45.405733 11.883007 1
6.74 -6.96 2.70 21.85 0.08 45.405733 11.883007 0
7.01 -7.47 2.13 22.07 0.08 45.405733 11.883007 1
7.01 -7.11 1.60 21.80 0.08 45.405733 11.883007 0
7.12 -7.53 1.29 22.05 0.08 45.405733 11.883007 0
6.71 -7.28 2.15 22.14 0.08 45.405733 11.883007 0
6.46 -7.86 1.98 21.85 0.08 45.405733 11.883007 0
6.23 -7.48 1.98 22.76 0.08 45.405733 11.883007 0
6.92 -7.08 1.58 22.76 0.08 45.405733 11.883007 0
6.91 -6.96 2.08 22.14 0.08 45.405733 11.883007 0
6.19 -7.21 2.50 23.12 0.08 45.405733 11.883007 0
5.85 -7.05 1.84 22.12 0.08 45.405733 11.883007 0
6.14 -7.57 2.91 22.31 0.08 45.405733 11.883007 0
6.63 -6.91 1.88 22.31 0.08 45.405733 11.883007 0
6.81 -6.41 1.50 22.81 0.08 45.405733 11.883007 0
6.29 -8.20 1.86 21.75 0.08 45.405733 11.883007 0
6.15 -9.48 2.09 21.78 0.08 45.405733 11.883007 0
6.17 -8.07 1.08 21.71 0.35 45.405733 11.883005 1
5.39 -7.60 1.82 22.04 0.35 45.405733 11.883005 0
6.29 -6.79 0.92 21.42 0.35 45.405733 11.883005 1
6.59 -7.15 0.79 22.11 0.35 45.405733 11.883005 0
6.55 -8.04 1.92 21.69 0.35 45.405733 11.883005 0
5.63 -9.33 2.08 21.80 0.35 45.405733 11.883005 0
5.79 -8.03 1.59 22.14 0.35 45.405733 11.883005 0
6.38 -6.60 2.22 22.14 0.35 45.405733 11.883005 0
6.84 -6.67 1.87 22.14 0.35 45.405733 11.883005 0
6.75 -7.57 1.18 22.40 0.35 45.405733 11.883005 0
6.29 -8.44 1.02 22.28 0.35 45.405733 11.883005 0
5.27 -7.82 0.06 22.17 0.35 45.405733 11.883005 0
5.91 -7.45 -0.11 22.07 0.35 45.405733 11.883005 0
6.79 -8.09 1.14 22.14 0.35 45.405733 11.883005 0
6.28 -8.24 0.48 21.39 0.35 45.405733 11.883005 0
6.22 -8.47 0.39 21.75 0.35 45.405733 11.883005 0
6.33 -7.69 0.54 21.39 0.35 45.405733 11.883005 0
6.11 -7.18 1.16 22.00 0.35 45.405733 11.883005 0
6.09 -7.34 1.22 21.75 1.14 45.405721 11.882995 1
5.97 -7.84 1.26 22.59 1.14 45.405721 11.882995 0
5.94 -8.01 1.10 21.27 1.14 45.405721 11.882995 1
6.07 -8.31 2.16 21.64 1.14 45.405721 11.882995 0
5.92 -8.52 1.76 21.90 1.14 45.405721 11.882995 0
6.09 -6.74 2.06 21.85 1.14 45.405721 11.882995 0
5.91 -7.52 1.16 23.00 1.14 45.405721 11.882995 0
5.79 -7.57 0.62 22.86 1.14 45.405721 11.882995 0
6.59 -6.96 1.07 22.26 1.14 45.405721 11.882995 0
6.75 -7.77 0.81 21.95 1.14 45.405721 11.882995 0
6.19 -8.71 1.02 22.02 1.14 45.405721 11.882995 0
6.27 -8.12 1.05 23.27 1.14 45.405721 11.882995 0
5.97 -8.22 1.28 21.54 1.14 45.405721 11.882995 0
5.67 -6.63 1.98 22.11 1.14 45.405721 11.882995 0
7.20 -8.97 2.19 21.33 1.14 45.405721 11.882995 0
6.16 -8.50 2.37 21.49 1.14 45.405721 11.882995 0
6.70 -6.70 2.02 22.04 1.14 45.405721 11.882995 0
6.36 -8.99 2.04 22.31 1.95 45.405713 11.882975 1
4.78 -7.77 2.40 23.67 1.95 45.405713 11.882975 0
5.89 -5.28 1.90 24.28 1.95 45.405713 11.882975 1
6.16 -7.40 1.52 22.81 1.95 45.405713 11.882975 0
7.13 -8.77 2.66 21.75 1.95 45.405713 11.882975 0
6.31 -9.79 0.93 20.89 1.95 45.405713 11.882975 0
5.15 -8.61 1.44 23.22 1.95 45.405713 11.882975 0
7.32 -10.17 1.28 22.54 1.95 45.405713 11.882975 0
4.93 -6.63 1.47 22.19 1.95 45.405713 11.882975 0
5.98 -5.00 1.16 23.14 1.95 45.405713 11.882975 0
8.47 -6.95 2.51 21.28 1.95 45.405713 11.882975 0
6.38 -9.21 2.35 21.90 1.95 45.405713 11.882975 0
4.80 -8.54 4.49 22.00 1.95 45.405713 11.882975 0
4.76 -8.93 1.20 21.85 1.95 45.405713 11.882975 0
6.27 -7.06 2.26 21.64 1.95 45.405713 11.882975 0
6.84 -4.87 0.15 22.36 1.95 45.405713 11.882975 0
6.92 -7.77 1.51 22.78 1.95 45.405713 11.882975 0
4.74 -8.11 1.03 22.24 1.95 45.405713 11.882975 0
3.60 -11.13 1.93 21.78 1.54 45.405702 11.882964 1
6.63 -7.88 0.69 22.35 1.54 45.405702 11.882964 0
3.98 -6.94 2.62 22.00 1.54 45.405702 11.882964 1
6.04 -7.74 2.99 21.93 1.54 45.405702 11.882964 0
6.80 -8.48 1.64 22.17 1.54 45.405702 11.882964 0
5.62 -6.53 2.59 22.50 1.54 45.405702 11.882964 0
6.43 -8.17 1.41 22.40 1.54 45.405702 11.882964 0
6.37 -7.27 1.46 21.92 1.54 45.405702 11.882964 0
6.33 -8.66 1.95 22.07 1.54 45.405702 11.882964 0
6.13 -7.33 1.91 21.80 1.54 45.405702 11.882964 0
7.73 -10.21 0.45 21.44 1.54 45.405702 11.882964 0
6.14 -8.28 1.45 22.11 1.54 45.405702 11.882964 0
5.61 -6.63 1.64 24.59 1.54 45.405702 11.882964 0
5.42 -7.44 1.49 23.19 1.54 45.405702 11.882964 0
5.87 -7.63 1.26 21.45 1.54 45.405702 11.882964 0
5.71 -7.75 2.54 21.49 1.54 45.405702 11.882964 0
5.76 -10.12 2.26 20.82 1.54 45.405702 11.882964 0
5.31 -9.07 1.13 22.36 1.65 45.405690 11.882957 1
5.98 -6.51 1.01 21.44 1.65 45.405690 11.882957 0
7.40 -7.06 1.59 22.21 1.65 45.405690 11.882957 1
6.12 -7.20 2.92 22.09 1.65 45.405690 11.882957 0
6.53 -8.24 2.14 21.75 1.65 45.405690 11.882957 0
5.70 -8.58 2.12 22.66 1.65 45.405690 11.882957 0
4.70 -7.18 2.84 22.16 1.65 45.405690 11.882957 0
7.15 -7.37 1.65 22.96 1.65 45.405690 11.882957 0
6.41 -6.56 1.62 21.97 1.65 45.405690 11.882957 0
6.06 -8.05 2.16 21.44 1.65 45.405690 11.882957 0
5.06 -8.12 1.44 44.85 1.65 45.405690 11.882957 0
5.93 -9.39 1.67 21.51 1.65 45.405690 11.882957 0
4.38 -7.00 2.54 22.36 1.65 45.405690 11.882957 0
6.04 -7.55 2.25 21.54 1.65 45.405690 11.882957 0
5.91 -7.32 1.30 21.80 1.65 45.405690 11.882957 0
5.54 -8.05 1.17 21.69 1.65 45.405690 11.882957 0
5.75 -8.36 1.79 22.19 1.65 45.405690 11.882957 0
6.05 -7.35 2.57 22.57 1.65 45.405690 11.882957 0
6.60 -8.01 1.85 24.11 2.21 45.405680 11.882931 1
5.79 -6.01 1.88 22.60 2.21 45.405680 11.882931 0
6.02 -8.46 1.64 38.64 2.21 45.405680 11.882931 1
6.44 -6.81 2.17 22.21 2.21 45.405680 11.882931 0
6.32 -8.96 2.09 21.18 2.21 45.405680 11.882931 0
5.47 -7.00 1.46 67.49 2.21 45.405680 11.882931 0
6.07 -9.16 1.72 22.04 2.21 45.405680 11.882931 0
3.69 -6.66 1.11 22.28 2.21 45.405680 11.882931 0
6.40 -6.60 2.09 22.31 2.21 45.405680 11.882931 0
6.24 -8.81 1.54 21.45 2.21 45.405680 11.882931 0
6.47 -10.91 1.88 21.39 2.21 45.405680 11.882931 0
4.70 -6.28 0.73 21.56 2.21 45.405680 11.882931 0
5.91 -8.59 2.12 22.93 2.21 45.405680 11.882931 0
5.99 -4.94 1.94 21.95 2.21 45.405680 11.882931 0
6.34 -5.95 1.38 23.84 2.21 45.405680 11.882931 0
6.97 -8.11 2.14 22.57 2.21 45.405680 11.882931 0
7.15 -9.40 0.72 22.90 2.21 45.405680 11.882931 0
5.56 -6.48 0.63 47.83 2.56 45.405675 11.882900 1
6.12 -6.53 1.69 22.19 2.56 45.405675 11.882900 0
7.32 -8.50 1.28 22.81 2.56 45.405675 11.882900 1
5.27 -8.97 0.94 21.83 2.56 45.405675 11.882900 0
5.41 -7.62 1.94 22.60 2.56 45.405675 11.882900 0
6.36 -8.32 0.78 20.89 2.56 45.405675 11.882900 0
6.89 -6.66 1.11 22.14 2.56 45.405675 11.882900 0
5.95 -9.29 2.12 21.27 2.56 45.405675 11.882900 0
5.07 -5.76 2.34 23.03 2.56 45.405675 11.882900 0
6.51 -8.62 1.84 22.62 2.56 45.405675 11.882900 0
5.71 -7.54 1.47 22.66 2.56 45.405675 11.882900 0
6.10 -7.33 2.46 22.04 2.56 45.405675 11.882900 0
6.73 -9.89 2.47 22.72 2.56 45.405675 11.882900 0
5.57 -6.69 2.18 21.64 2.56 45.405675 11.882900 0
6.65 -9.39 2.17 24.54 2.56 45.405675 11.882900 0
5.72 -8.24 2.48 23.53 2.56 45.405675 11.882900 0
4.89 -8.14 1.60 23.89 2.56 45.405675 11.882900 0
6.43 -7.18 2.22 23.15 2.70 45.405656 11.882874 1
5.28 -8.64 1.12 21.51 2.70 45.405656 11.882874 0
7.08 -8.01 2.04 21.85 2.70 45.405656 11.882874 1
4.74 -7.75 1.20 22.72 2.70 45.405656 11.882874 0
6.97 -8.18 1.45 22.66 2.70 45.405656 11.882874 0
4.87 -6.84 1.68 21.64 2.70 45.405656 11.882874 0
5.39 -8.12 1.96 22.00 2.70 45.405656 11.882874 0
6.45 -9.62 1.29 23.89 2.70 45.405656 11.882874 0
5.43 -7.98 1.38 21.39 2.70 45.405656 11.882874 0
