7.51 -6.73 2.51 22.17 0.01 45.405711 11.882999 1
8.02 -5.70 1.86 22.29 0.01 45.405711 11.882999 0
8.18 -6.09 2.19 21.47 0.01 45.405711 11.882999 1
8.01 -7.49 1.91 21.59 0.01 45.405711 11.882999 0
6.64 -7.64 1.73 21.95 0.01 45.405711 11.882999 0
5.70 -8.01 1.35 22.31 0.01 45.405711 11.882999 0
5.64 -7.74 1.72 23.26 0.01 45.405711 11.882999 0
6.60 -7.00 2.12 26.17 0.01 45.405711 11.882999 0
7.52 -6.14 2.42 22.74 0.01 45.405711 11.882999 0
7.80 -5.89 2.69 22.02 0.01 45.405711 11.882999 0
7.50 -6.27 2.08 21.64 0.01 45.405711 11.882999 0
6.36 -8.94 1.87 22.36 0.01 45.405711 11.882999 0
4.83 -9.61 2.83 22.31 0.01 45.405711 11.882999 0
6.30 -8.01 2.61 22.91 0.01 45.405711 11.882999 0
5.74 -7.21 1.84 22.09 0.01 45.405711 11.882999 0
7.13 -7.25 0.51 21.51 0.01 45.405711 11.882999 0
6.70 -6.62 2.67 22.26 0.01 45.405711 11.882999 0
6.26 -9.54 1.64 21.75 0.01 45.405711 11.882999 0
5.78 -8.40 1.87 22.52 0.42 45.405712 11.882997 1
6.56 -6.31 1.80 21.88 0.42 45.405712 11.882997 0
7.00 -6.91 2.78 22.36 0.42 45.405712 11.882997 1
5.56 -7.88 2.01 23.72 0.42 45.405712 11.882997 0
5.16 -8.79 1.40 22.66 0.42 45.405712 11.882997 0
6.28 -6.65 1.77 21.71 0.42 45.405712 11.882997 0
7.14 -6.98 1.97 21.64 0.42 45.405712 11.882997 0
6.55 -7.36 1.90 21.68 0.42 45.405712 11.882997 0
6.56 -7.87 0.53 21.59 0.42 45.405712 11.882997 0
5.81 -7.36 1.07 21.49 0.42 45.405712 11.882997 0
5.87 -7.17 1.88 21.75 0.42 45.405712 11.882997 0
6.37 -7.19 2.21 22.64 0.42 45.405712 11.882997 0
6.59 -8.23 1.55 21.92 0.42 45.405712 11.882997 0
5.57 -7.25 1.75 22.52 0.42 45.405712 11.882997 0
5.89 -7.74 2.48 22.81 0.42 45.405712 11.882997 0
5.66 -8.40 2.09 22.71 0.42 45.405712 11.882997 0
5.16 -7.96 1.48 22.66 0.42 45.405712 11.882997 0
6.22 -7.00 1.42 22.40 0.34 45.405710 11.882991 1
6.96 -7.15 1.89 22.26 0.34 45.405710 11.882991 0
6.57 -8.88 2.42 22.67 0.34 45.405710 11.882991 1
5.45 -8.42 1.76 21.81 0.34 45.405710 11.882991 0
5.06 -7.18 2.45 21.44 0.34 45.405710 11.882991 0
5.60 -7.13 1.66 22.36 0.34 45.405710 11.882991 0
8.21 -9.20 1.90 20.79 0.34 45.405710 11.882991 0
7.41 -7.16 2.06 22.26 0.34 45.405710 11.882991 0
7.76 -7.63 2.40 22.09 0.34 45.405710 11.882991 0
6.16 -7.00 3.10 28.01 0.34 45.405710 11.882991 0
4.67 -4.85 2.35 24.03 0.34 45.405710 11.882991 0
5.08 -5.69 1.46 23.05 0.34 45.405710 11.882991 0
5.22 -9.65 2.42 21.15 0.34 45.405710 11.882991 0
6.79 -10.77 0.79 20.92 0.34 45.405710 11.882991 0
5.01 -8.65 -0.79 22.96 0.34 45.405710 11.882991 0
6.16 -6.80 1.61 22.45 0.34 45.405710 11.882991 0
5.36 -4.78 2.05 22.29 0.34 45.405710 11.882991 0
9.67 -8.99 1.73 21.64 0.34 45.405710 11.882991 0
5.07 -5.95 2.34 21.85 1.08 45.405710 11.882982 1
6.28 -10.41 2.45 22.66 1.08 45.405710 11.882982 0
5.94 -8.58 1.32 21.68 1.08 45.405710 11.882982 1
6.42 -7.94 -0.28 21.93 1.08 45.405710 11.882982 0
5.23 -8.27 1.68 21.51 1.08 45.405710 11.882982 0
6.18 -5.20 0.63 24.73 1.08 45.405710 11.882982 0
5.34 -9.50 3.45 21.30 1.08 45.405710 11.882982 0
5.97 -7.08 2.23 22.19 1.08 45.405710 11.882982 0
4.81 -7.82 1.00 24.59 1.08 45.405710 11.882982 0
3.36 -6.25 1.04 53.61 1.08 45.405710 11.882982 0
7.20 -8.75 1.90 22.00 1.08 45.405710 11.882982 0
6.66 -6.19 0.75 22.24 1.08 45.405710 11.882982 0
5.29 -7.97 2.04 22.71 1.08 45.405710 11.882982 0
5.52 -7.66 1.90 21.87 1.08 45.405710 11.882982 0
7.76 -7.17 1.97 21.25 1.08 45.405710 11.882982 0
7.06 -7.60 2.55 22.29 1.08 45.405710 11.882982 0
7.19 -7.09 1.60 21.99 1.08 45.405710 11.882982 0
5.75 -7.00 1.65 22.12 2.33 45.405691 11.882960 1
5.50 -6.98 1.76 22.29 2.33 45.405691 11.882960 0
6.74 -7.57 2.47 22.09 2.33 45.405691 11.882960 1
5.72 -6.74 1.80 22.07 2.33 45.405691 11.882960 0
5.73 -8.97 1.18 21.52 2.33 45.405691 11.882960 0
5.52 -9.16 1.43 21.09 2.33 45.405691 11.882960 0
5.59 -7.19 1.87 21.80 2.33 45.405691 11.882960 0
6.50 -8.06 2.20 22.50 2.33 45.405691 11.882960 0
6.00 -7.79 1.99 22.76 2.33 45.405691 11.882960 0
5.88 -7.75 1.94 21.13 2.33 45.405691 11.882960 0
5.40 -7.26 1.61 21.45 2.33 45.405691 11.882960 0
6.05 -8.55 2.39 21.20 2.33 45.405691 11.882960 0
5.48 -7.52 3.47 22.12 2.33 45.405691 11.882960 0
5.59 -6.34 2.10 22.76 2.33 45.405691 11.882960 0
6.82 -8.04 1.52 21.95 2.33 45.405691 11.882960 0
3.51 -5.86 0.94 22.00 2.33 45.405691 11.882960 0
5.97 -7.97 2.28 22.04 2.33 45.405691 11.882960 0
6.10 -8.06 2.34 20.99 2.33 45.405691 11.882960 0
5.82 -8.74 1.09 22.50 2.57 45.405678 11.882933 1
7.09 -10.51 1.56 21.56 2.57 45.405678 11.882933 0
4.38 -3.52 1.38 22.36 2.57 45.405678 11.882933 1
6.94 -8.82 1.40 22.64 2.57 45.405678 11.882933 0
7.05 -7.16 3.32 22.00 2.57 45.405678 11.882933 0
6.73 -8.27 1.96 21.27 2.57 45.405678 11.882933 0
6.18 -9.08 2.44 21.51 2.57 45.405678 11.882933 0
4.42 -7.45 0.97 21.69 2.57 45.405678 11.882933 0
6.59 -7.22 1.66 21.39 2.57 45.405678 11.882933 0
6.06 -9.54 1.14 21.87 2.57 45.405678 11.882933 0
5.50 -9.13 1.24 22.98 2.57 45.405678 11.882933 0
5.77 -8.36 1.56 22.71 2.57 45.405678 11.882933 0
5.95 -7.56 1.85 22.00 2.57 45.405678 11.882933 0
7.67 -9.06 2.66 22.50 2.57 45.405678 11.882933 0
8.26 -9.47 0.49 22.60 2.57 45.405678 11.882933 0
6.35 -5.80 2.33 23.19 2.57 45.405678 11.882933 0
6.03 -7.40 -0.11 22.57 2.57 45.405678 11.882933 0
7.34 -7.64 1.78 22.14 1.51 45.405670 11.882914 1
6.07 -8.78 0.98 21.44 1.51 45.405670 11.882914 0
5.15 -7.58 1.96 22.11 1.51 45.405670 11.882914 1
4.03 -7.55 1.88 24.90 1.51 45.405670 11.882914 0
7.49 -8.82 0.92 22.19 1.51 45.405670 11.882914 0
5.13 -7.47 1.38 21.83 1.51 45.405670 11.882914 0
5.86 -6.64 1.75 22.38 1.51 45.405670 11.882914 0
4.75 -7.40 3.27 21.90 1.51 45.405670 11.882914 0
5.50 -7.35 3.38 21.75 1.51 45.405670 11.882914 0
6.20 -9.11 2.40 21.33 1.51 45.405670 11.882914 0
6.45 -8.11 1.79 38.36 1.51 45.405670 11.882914 0
6.10 -7.46 0.82 23.96 1.51 45.405670 11.882914 0
4.97 -7.62 1.81 22.28 1.51 45.405670 11.882914 0
6.06 -7.94 1.81 22.35 1.51 45.405670 11.882914 0
6.44 -9.69 1.84 22.35 1.51 45.405670 11.882914 0
5.25 -7.52 2.36 24.10 1.51 45.405670 11.882914 0
5.08 -7.50 2.59 23.17 1.51 45.405670 11.882914 0
5.07 -6.81 0.10 22.35 1.52 45.405664 11.882895 1
5.38 -7.80 1.70 22.04 1.52 45.405664 11.882895 0
4.87 -8.99 2.97 21.49 1.52 45.405664 11.882895 1
