5.96 -8.14 1.22 22.07 3.32 45.408354 11.890111 0
5.82 -7.94 1.6 22.17 3.32 45.408354 11.890111 1
5.84 -7.61 1.75 22.17 3.32 45.408354 11.890111 1
5.95 -7.56 1.76 22.04 3.32 45.408354 11.890111 1
6.0 -7.9 1.8 22.24 3.32 45.408354 11.890111 1
5.99 -8.02 1.9 21.97 3.32 45.408354 11.890111 0
6.03 -7.7 2.01 21.47 3.32 45.408354 11.890111 1
6.11 -7.49 2.15 21.52 3.32 45.408354 11.890111 0
6.12 -7.61 2.23 21.97 3.32 45.408354 11.890111 1
6.06 -7.78 2.07 21.87 3.32 45.408354 11.890111 1
5.97 -7.85 1.82 21.95 3.32 45.408354 11.890111 1
5.84 -7.89 1.84 21.88 3.32 45.408354 11.890111 1
5.71 -7.88 2.05 21.93 3.32 45.408354 11.890111 1
5.7 -7.86 2.02 22.45 3.32 45.408354 11.890111 1
5.84 -7.84 1.72 21.68 3.32 45.408354 11.890111 1
5.96 -7.77 1.53 22.07 3.32 45.408354 11.890111 1
6.01 -7.68 1.6 21.63 3.32 45.408354 11.890111 1
6.08 -7.77 1.68 22.02 3.32 45.408354 11.890111 1
6.13 -7.87 1.66 21.64 3.32 45.408354 11.890111 1
6.07 -7.69 1.64 22.07 3.32 45.408354 11.890111 1
6.01 -7.54 1.67 22.02 3.32 45.408354 11.890111 1
6.09 -7.76 1.7 21.61 3.32 45.408354 11.890111 1
6.15 -8.0 1.75 21.93 3.32 45.408354 11.890111 1
5.91 -7.88 1.77 22.0 2.31 45.408354 11.890076 0
5.62 -7.75 1.65 22.05 2.31 45.408354 11.890076 1
5.72 -7.94 1.54 21.95 2.31 45.408354 11.890076 0
6.05 -8.07 1.63 21.83 2.31 45.408354 11.890076 1
6.04 -7.9 1.77 22.24 2.31 45.408354 11.890076 1
5.77 -7.71 1.76 21.95 2.31 45.408354 11.890076 1
5.77 -7.65 1.75 21.44 2.31 45.408354 11.890076 1
6.05 -7.68 1.89 21.8 2.31 45.408354 11.890076 1
6.19 -7.84 2.0 21.92 2.31 45.408354 11.890076 1
6.1 -8.0 1.97 21.66 2.31 45.408354 11.890076 1
6.02 -7.8 1.97 22.29 2.31 45.408354 11.890076 1
5.89 -7.45 2.08 22.29 2.31 45.408354 11.890076 1
