5.74 -7.97 2.24 22.45 2.38 45.408305 11.889715 1
5.81 -8.16 1.93 21.99 2.38 45.408305 11.889715 1
5.75 -8.07 1.65 22.05 2.38 45.408305 11.889715 1
5.61 -7.89 1.6 22.48 2.38 45.408305 11.889715 1
5.63 -7.98 1.58 22.02 2.38 45.408305 11.889715 1
5.67 -8.06 1.62 22.02 2.39 45.408310 11.889674 0
5.64 -7.97 1.85 21.87 2.39 45.408310 11.889674 1
5.74 -8.05 2.04 21.42 2.39 45.408310 11.889674 0
5.85 -8.19 2.02 21.47 2.39 45.408310 11.889674 1
5.66 -8.02 1.98 21.97 2.39 45.408310 11.889674 1
5.4 -7.79 2.04 21.97 2.39 45.408310 11.889674 1
5.41 -7.83 2.06 21.96 2.39 45.408310 11.889674 1
5.5 -7.93 2.03 21.98 2.39 45.408310 11.889674 1
5.45 -7.86 2.03 21.98 2.39 45.408310 11.889674 1
5.42 -7.83 2.05 21.97 2.39 45.408310 11.889674 1
5.47 -7.89 2.05 21.97 2.39 45.408310 11.889674 1
5.47 -7.89 2.04 21.98 2.39 45.408310 11.889674 1
5.44 -7.85 2.05 21.96 2.39 45.408310 11.889674 1
5.46 -7.87 2.04 21.97 2.39 45.408310 11.889674 1
5.48 -7.89 2.04 21.98 2.39 45.408310 11.889674 1
5.45 -7.87 2.05 21.98 2.39 45.408310 11.889674 1
5.44 -7.87 2.05 21.97 2.39 45.408310 11.889674 1
5.47 -7.88 2.03 21.97 2.39 45.408310 11.889674 1
5.46 -7.86 2.04 21.96 2.39 45.408310 11.889674 1
5.46 -7.86 2.05 21.98 2.39 45.408310 11.889674 1
5.47 -7.88 2.05 21.98 2.39 45.408310 11.889674 1
5.47 -7.88 2.04 21.97 2.39 45.408310 11.889674 1
5.46 -7.87 2.05 21.97 2.39 45.408310 11.889674 1
5.46 -7.87 2.05 21.97 2.39 45.408310 11.889674 1
5.47 -7.87 2.04 21.98 2.39 45.408310 11.889674 1
5.46 -7.87 2.04 21.97 2.39 45.408310 11.889674 1
5.46 -7.87 2.05 21.97 2.39 45.408310 11.889674 1
5.46 -7.87 2.05 21.97 2.39 45.408310 11.889674 1
5.46 -7.86 2.03 21.96 2.39 45.408310 11.889674 1
5.45 -7.86 2.04 21.97 2.39 45.408310 11.889674 1
