5.49 -8.21 2.45 21.88 2.36 45.406312 11.894249 1 1
5.64 -7.83 2.09 22.69 2.36 45.406312 11.894249 1 1
5.44 -7.68 1.66 21.99 2.36 45.406312 11.894249 1 1
5.55 -7.87 1.61 21.88 2.36 45.406312 11.894249 1 1
6.04 -7.92 1.79 21.9 2.36 45.406312 11.894249 1 1
6.11 -7.97 1.95 22.09 2.36 45.406312 11.894249 1 1
5.84 -8.08 1.98 24.27 2.36 45.406312 11.894249 1 1
5.84 -7.73 1.82 22.6 2.36 45.406312 11.894249 1 1
5.95 -7.33 1.72 22.57 2.36 45.406312 11.894249 1 1
5.9 -7.82 1.84 21.69 2.36 45.406312 11.894249 1 1
5.82 -8.54 1.74 22.09 2.36 45.406312 11.894249 1 1
5.63 -8.35 1.32 21.99 2.36 45.406312 11.894249 1 1
5.42 -7.89 1.27 21.76 2.36 45.406312 11.894249 1 1
5.72 -8.02 1.81 21.73 2.36 45.406312 11.894249 1 1
6.11 -8.13 2.08 21.95 2.65 45.406318 11.894288 0 1
5.71 -7.76 1.7 21.88 2.65 45.406318 11.894288 1 1
5.24 -7.57 1.32 22.19 2.65 45.406318 11.894288 0 1
5.86 -7.8 1.34 22.0 2.65 45.406318 11.894288 1 1
6.61 -8.02 1.52 21.33 2.65 45.406318 11.894288 1 1
6.24 -8.09 1.59 22.09 2.65 45.406318 11.894288 1 1
5.55 -7.99 1.4 21.63 2.65 45.406318 11.894288 1 1
5.6 -7.76 1.13 21.92 2.65 45.406318 11.894288 1 1
5.92 -7.77 1.37 21.8 2.65 45.406318 11.894288 1 1
5.93 -8.14 2.04 21.44 2.65 45.406318 11.894288 1 1
5.77 -8.18 2.12 22.9 2.65 45.406318 11.894288 1 1
5.61 -7.59 1.61 21.93 2.65 45.406318 11.894288 1 1
5.71 -7.2 1.59 22.36 2.65 45.406318 11.894288 1 1
6.02 -7.67 1.97 22.81 2.65 45.406318 11.894288 1 1
5.79 -8.32 1.77 21.99 2.65 45.406318 11.894288 1 1
5.2 -8.4 1.44 22.96 2.65 45.406318 11.894288 1 1
5.46 -8.28 1.84 21.78 2.65 45.406318 11.894288 1 1
5.96 -8.41 2.23 21.45 2.03 45.406319 11.894319 0 1
5.21 -7.9 1.91 21.71 2.03 45.406319 11.894319 1 1
4.66 -6.32 1.59 22.29 2.03 45.406319 11.894319 0 1
6.19 -5.78 1.58 20.46 2.03 45.406319 11.894319 1 1
