5.91 -7.62 1.87 22.47 2.48 45.876070 12.305631 1
5.82 -7.63 1.93 22.02 2.48 45.876070 12.305631 0
6.05 -7.81 1.98 22.52 2.48 45.876070 12.305631 1
6.12 -7.78 1.81 22.54 2.48 45.876070 12.305631 0
6.08 -7.54 2.02 22.45 2.48 45.876070 12.305631 0
5.85 -7.66 1.9 22.52 2.48 45.876070 12.305631 0
5.97 -8.03 1.87 22.52 2.48 45.876070 12.305631 0
5.69 -7.64 2.0 22.9 2.48 45.876070 12.305631 0
5.84 -7.91 1.75 22.21 2.48 45.876070 12.305631 0
6.04 -7.91 2.27 22.72 2.48 45.876070 12.305631 0
5.57 -7.74 1.98 22.29 2.48 45.876070 12.305631 0
5.41 -7.56 1.89 22.69 2.48 45.876070 12.305631 0
6.22 -7.69 1.61 22.62 2.48 45.876070 12.305631 0
6.35 -7.72 2.18 22.64 2.48 45.876070 12.305631 0
6.14 -7.63 1.86 22.72 2.48 45.876070 12.305631 0
6.03 -7.67 1.85 22.67 2.48 45.876070 12.305631 0
5.92 -7.75 1.81 22.12 2.48 45.876070 12.305631 0
6.03 -7.86 1.9 22.11 2.84 45.876052 12.305608 1
5.75 -7.63 1.94 22.52 2.84 45.876052 12.305608 0
6.0 -7.98 1.76 22.84 2.84 45.876052 12.305608 1
5.76 -7.83 1.63 22.55 2.84 45.876052 12.305608 0
5.6 -7.64 1.69 22.54 2.84 45.876052 12.305608 0
5.78 -7.76 1.71 22.04 2.84 45.876052 12.305608 0
5.93 -7.88 1.81 22.4 2.84 45.876052 12.305608 0
6.44 -7.9 2.03 22.11 2.84 45.876052 12.305608 0
5.93 -7.55 2.11 22.71 2.84 45.876052 12.305608 0
5.85 -7.62 1.68 22.64 2.84 45.876052 12.305608 0
6.07 -7.91 1.95 22.64 2.84 45.876052 12.305608 0
5.73 -7.69 2.02 23.53 2.84 45.876052 12.305608 0
6.02 -7.53 1.83 22.67 2.84 45.876052 12.305608 0
5.67 -8.17 2.05 23.03 2.84 45.876052 12.305608 0
5.98 -7.67 2.25 22.71 2.84 45.876052 12.305608 0
5.9 -7.88 2.16 22.69 2.84 45.876052 12.305608 0
5.63 -7.91 2.18 22.55 2.84 45.876052 12.305608 0
5.86 -8.1 2.13 22.84 2.9 45.876031 12.305584 1
