6.14 -8.59 1.75 25.16 2.65 45.876210 12.305735 0
5.78 -7.22 1.79 23.53 2.65 45.876210 12.305735 0
6.87 -8.07 1.92 26.03 2.65 45.876210 12.305735 0
5.77 -6.23 1.96 23.19 2.65 45.876210 12.305735 0
6.82 -9.91 1.6 22.86 2.74 45.876192 12.305714 1
6.24 -7.81 1.75 23.94 2.74 45.876192 12.305714 0
6.48 -8.34 1.59 22.66 2.74 45.876192 12.305714 1
6.76 -7.82 1.85 22.24 2.74 45.876192 12.305714 0
5.19 -9.87 2.01 22.31 2.74 45.876192 12.305714 0
4.87 -4.7 2.13 22.96 2.74 45.876192 12.305714 0
5.93 -8.35 2.01 22.62 2.74 45.876192 12.305714 0
5.81 -8.44 1.86 22.14 2.74 45.876192 12.305714 0
6.16 -8.35 2.16 22.84 2.74 45.876192 12.305714 0
5.53 -7.8 2.42 23.03 2.74 45.876192 12.305714 0
5.87 -7.42 2.09 23.03 2.74 45.876192 12.305714 0
5.87 -7.48 1.99 22.59 2.74 45.876192 12.305714 0
6.21 -7.13 1.69 22.42 2.74 45.876192 12.305714 0
6.27 -7.81 1.96 23.14 2.74 45.876192 12.305714 0
6.32 -8.08 1.94 22.83 2.74 45.876192 12.305714 0
6.08 -7.95 1.51 25.19 2.74 45.876192 12.305714 0
5.82 -7.68 1.98 22.55 2.74 45.876192 12.305714 0
5.91 -7.65 1.61 23.02 2.42 45.876173 12.305698 1
5.75 -7.5 2.22 22.91 2.42 45.876173 12.305698 0
5.8 -8.23 1.95 22.09 2.42 45.876173 12.305698 1
5.91 -8.16 2.09 23.75 2.42 45.876173 12.305698 0
6.03 -8.09 2.09 23.24 2.42 45.876173 12.305698 0
5.73 -8.05 1.74 23.38 2.42 45.876173 12.305698 0
5.79 -7.18 1.55 23.19 2.42 45.876173 12.305698 0
5.89 -7.34 1.76 22.67 2.42 45.876173 12.305698 0
5.98 -7.76 1.9 22.43 2.42 45.876173 12.305698 0
6.04 -7.8 2.0 22.69 2.42 45.876173 12.305698 0
6.07 -7.69 1.72 23.19 2.42 45.876173 12.305698 0
5.47 -7.87 1.94 22.88 2.42 45.876173 12.305698 0
5.66 -7.68 1.9 22.47 2.42 45.876173 12.305698 0
5.74 -7.41 2.04 23.41 2.42 45.876173 12.305698 0
