10.54 -13.17 5.21 24.16 3.48 45.875984 12.305542 0
4.04 -8.95 2.21 24.54 3.48 45.875984 12.305542 0
6.75 -11.01 2.04 22.59 3.48 45.875984 12.305542 0
4.38 -6.74 3.9 23.65 3.48 45.875984 12.305542 0
6.03 -6.9 1.93 22.54 3.48 45.875984 12.305542 0
6.14 -7.19 1.25 23.84 3.48 45.875984 12.305542 0
5.91 -8.96 2.08 22.47 3.48 45.875984 12.305542 0
6.47 -8.37 1.92 23.41 3.48 45.875984 12.305542 0
5.64 -6.47 1.61 23.26 3.48 45.875984 12.305542 0
5.39 -6.37 1.61 23.19 3.48 45.875984 12.305542 0
5.35 -7.61 2.02 22.52 3.48 45.875984 12.305542 0
6.78 -7.92 2.14 22.96 3.48 45.875984 12.305542 0
5.59 -8.84 2.59 23.31 3.48 45.875984 12.305542 0
5.75 -7.56 1.6 23.36 3.48 45.875984 12.305542 0
6.01 -7.35 1.8 22.31 3.26 45.875957 12.305517 1
5.64 -7.58 1.61 22.69 3.26 45.875957 12.305517 0
7.42 -8.18 2.31 22.29 3.26 45.875957 12.305517 1
6.08 -7.92 1.1 22.76 3.26 45.875957 12.305517 0
7.43 -7.57 2.26 22.48 3.26 45.875957 12.305517 0
6.07 -7.57 2.47 22.96 3.26 45.875957 12.305517 0
5.95 -7.4 1.89 23.15 3.26 45.875957 12.305517 0
6.39 -7.69 1.77 22.74 3.26 45.875957 12.305517 0
5.45 -7.0 2.11 23.2 3.26 45.875957 12.305517 0
6.22 -9.6 1.66 22.6 3.26 45.875957 12.305517 0
5.49 -7.06 2.01 22.05 3.26 45.875957 12.305517 0
5.34 -8.91 2.07 22.21 3.26 45.875957 12.305517 0
6.03 -7.28 1.52 22.96 3.26 45.875957 12.305517 0
5.4 -7.11 2.05 22.91 3.26 45.875957 12.305517 0
6.03 -7.14 2.2 23.92 3.26 45.875957 12.305517 0
5.85 -7.19 1.89 23.26 3.26 45.875957 12.305517 0
6.34 -8.38 1.68 22.4 3.26 45.875957 12.305517 0
5.8 -8.42 2.8 22.33 3.0 45.875937 12.305491 1
6.48 -8.78 1.84 21.85 3.0 45.875937 12.305491 0
5.8 -7.82 1.87 22.48 3.0 45.875937 12.305491 1
5.58 -7.65 1.91 22.59 3.0 45.875937 12.305491 0
