6.27 -7.93 1.6 22.43 2.58 45.876130 12.305677 0
6.24 -7.61 1.7 22.52 2.25 45.876112 12.305661 1
5.92 -7.72 2.09 22.57 2.25 45.876112 12.305661 0
5.84 -7.44 1.85 22.0 2.25 45.876112 12.305661 1
5.87 -7.96 1.83 22.52 2.25 45.876112 12.305661 0
5.86 -8.16 1.68 22.42 2.25 45.876112 12.305661 0
5.74 -7.85 2.12 22.45 2.25 45.876112 12.305661 0
6.03 -7.87 1.86 23.27 2.25 45.876112 12.305661 0
6.1 -8.01 1.84 22.55 2.25 45.876112 12.305661 0
5.75 -7.41 1.92 22.69 2.25 45.876112 12.305661 0
6.03 -7.66 1.95 22.71 2.25 45.876112 12.305661 0
6.24 -7.97 2.02 23.12 2.25 45.876112 12.305661 0
6.08 -7.33 1.88 22.78 2.25 45.876112 12.305661 0
6.29 -8.13 1.67 22.67 2.25 45.876112 12.305661 0
5.78 -7.62 1.81 22.59 2.25 45.876112 12.305661 0
6.07 -8.06 1.64 22.59 2.25 45.876112 12.305661 0
5.84 -7.79 1.93 22.76 2.25 45.876112 12.305661 0
5.56 -7.75 2.05 22.26 2.25 45.876112 12.305661 0
5.56 -7.92 1.97 22.62 2.87 45.876091 12.305646 1
5.9 -8.23 1.84 22.52 2.87 45.876091 12.305646 0
5.8 -7.68 1.77 21.99 2.87 45.876091 12.305646 1
5.83 -7.83 1.71 22.59 2.87 45.876091 12.305646 0
6.11 -7.82 1.67 22.59 2.87 45.876091 12.305646 0
6.03 -7.37 1.57 22.55 2.87 45.876091 12.305646 0
6.09 -7.66 1.69 22.43 2.87 45.876091 12.305646 0
6.21 -7.87 1.66 23.26 2.87 45.876091 12.305646 0
6.21 -7.68 1.88 22.59 2.87 45.876091 12.305646 0
5.78 -7.85 1.77 22.74 2.87 45.876091 12.305646 0
5.79 -7.85 1.96 23.58 2.87 45.876091 12.305646 0
5.93 -7.78 1.75 22.67 2.87 45.876091 12.305646 0
5.78 -8.03 2.0 23.02 2.87 45.876091 12.305646 0
5.71 -7.69 1.61 22.57 2.87 45.876091 12.305646 0
5.83 -8.07 2.03 22.17 2.87 45.876091 12.305646 0
6.03 -7.83 1.99 22.19 2.87 45.876091 12.305646 0
6.06 -7.47 2.01 22.36 2.87 45.876091 12.305646 0
