6.23 -7.91 2.09 21.69 2.5 45.407797 11.899486 1 0
5.94 -7.12 2.05 22.36 2.5 45.407797 11.899486 1 0
5.87 -7.1 1.9 22.42 2.5 45.407797 11.899486 1 0
5.82 -7.58 1.83 22.14 2.5 45.407797 11.899486 1 0
5.77 -8.27 1.91 21.4 2.5 45.407797 11.899486 1 0
5.92 -8.8 1.89 21.71 2.5 45.407797 11.899486 1 0
6.13 -8.45 1.79 21.9 2.5 45.407797 11.899486 1 0
6.12 -7.4 1.87 22.24 2.5 45.407797 11.899486 1 0
6.01 -6.92 2.04 21.93 2.5 45.407797 11.899486 1 0
6.06 -7.31 2.04 22.16 2.5 45.407797 11.899486 1 0
6.24 -7.84 1.91 22.26 2.5 45.407797 11.899486 1 0
6.31 -8.16 1.77 21.59 2.5 45.407797 11.899486 1 0
6.24 -8.21 1.77 21.63 2.5 45.407797 11.899486 1 0
6.15 -7.75 1.97 21.8 2.5 45.407797 11.899486 1 0
6.07 -7.18 2.07 22.0 1.89 45.407801 11.899513 0 0
5.86 -7.32 1.84 21.78 1.89 45.407801 11.899513 1 0
5.62 -7.95 1.72 21.35 1.89 45.407801 11.899513 0 0
5.71 -8.16 1.95 21.71 1.89 45.407801 11.899513 1 0
5.96 -7.9 2.03 21.85 1.89 45.407801 11.899513 1 0
5.88 -7.67 1.74 21.9 1.89 45.407801 11.899513 1 0
5.83 -7.57 1.58 21.83 1.89 45.407801 11.899513 1 0
6.35 -7.47 1.71 21.39 1.89 45.407801 11.899513 1 0
6.87 -7.44 1.78 22.05 1.89 45.407801 11.899513 1 0
6.67 -7.45 1.78 22.12 1.89 45.407801 11.899513 1 0
6.26 -7.41 1.87 22.02 1.89 45.407801 11.899513 1 0
6.28 -7.41 1.99 21.97 1.89 45.407801 11.899513 1 0
6.34 -7.55 2.14 21.95 1.89 45.407801 11.899513 1 0
6.05 -7.77 2.36 21.85 1.89 45.407801 11.899513 1 0
5.81 -7.94 2.39 22.23 1.89 45.407801 11.899513 1 0
5.92 -7.89 2.21 21.87 1.89 45.407801 11.899513 1 0
6.13 -7.65 2.17 21.28 1.89 45.407801 11.899513 1 0
6.17 -7.56 2.25 21.95 3.01 45.407806 11.899553 0 0
5.99 -7.72 2.07 21.52 3.01 45.407806 11.899553 1 0
5.92 -7.77 1.75 21.85 3.01 45.407806 11.899553 0 0
6.25 -7.6 1.7 21.69 3.01 45.407806 11.899553 1 0
