6.5 -7.82 1.46 22.23 2.85 45.408360 11.890121 0 0
6.04 -7.42 1.55 22.19 2.85 45.408360 11.890121 1 0
5.69 -7.72 1.63 21.92 2.85 45.408360 11.890121 1 0
5.94 -8.06 1.63 21.25 2.85 45.408360 11.890121 0 0
6.35 -7.96 1.69 21.81 2.85 45.408360 11.890121 1 0
5.85 -8.05 1.94 21.99 2.85 45.408360 11.890121 0 0
4.98 -8.39 2.04 22.04 2.85 45.408360 11.890121 1 0
5.19 -8.29 1.79 21.95 2.85 45.408360 11.890121 1 0
6.11 -7.83 1.61 21.52 2.85 45.408360 11.890121 1 0
6.21 -7.73 1.75 21.97 2.85 45.408360 11.890121 1 0
5.72 -7.89 1.78 21.97 2.85 45.408360 11.890121 1 0
5.74 -7.86 1.59 21.92 2.85 45.408360 11.890121 1 0
6.05 -7.78 1.57 22.09 2.85 45.408360 11.890121 1 0
6.04 -7.81 1.76 22.12 2.85 45.408360 11.890121 1 0
6.02 -7.73 1.86 22.14 2.85 45.408360 11.890121 1 0
6.06 -7.69 1.85 22.09 2.85 45.408360 11.890121 1 0
5.81 -7.9 1.86 21.63 2.85 45.408360 11.890121 1 0
5.66 -8.09 1.85 21.57 2.85 45.408360 11.890121 1 0
5.95 -7.97 1.86 21.54 2.85 45.408360 11.890121 1 0
5.97 -7.78 1.93 21.93 2.85 45.408360 11.890121 1 0
5.47 -7.79 1.88 22.07 2.85 45.408360 11.890121 1 0
5.36 -7.99 1.76 21.93 3.24 45.408345 11.890087 0 0
5.84 -8.23 1.81 21.44 3.24 45.408345 11.890087 1 0
6.07 -8.15 1.92 22.43 3.24 45.408345 11.890087 0 0
5.9 -7.69 1.84 21.73 3.24 45.408345 11.890087 1 0
5.94 -7.43 1.78 21.93 3.24 45.408345 11.890087 1 0
6.18 -7.74 1.92 21.42 3.24 45.408345 11.890087 1 0
6.15 -8.08 2.02 21.85 3.24 45.408345 11.890087 1 0
5.86 -7.95 1.86 22.04 3.24 45.408345 11.890087 1 0
5.66 -7.69 1.63 22.21 3.24 45.408345 11.890087 1 0
5.69 -7.73 1.52 21.64 3.24 45.408345 11.890087 1 0
5.89 -7.98 1.55 21.52 3.24 45.408345 11.890087 1 0
5.99 -8.17 1.6 21.52 3.24 45.408345 11.890087 1 0
5.83 -8.08 1.63 22.09 3.24 45.408345 11.890087 1 0
5.63 -7.67 1.67 22.14 3.24 45.408345 11.890087 1 0
