5.11 -8.04 1.54 21.64 3.32 45.408239 11.889715 1
6.19 -7.04 1.74 21.85 3.32 45.408239 11.889715 1
5.92 -7.01 1.37 22.0 3.32 45.408239 11.889715 1
6.29 -7.54 1.68 22.31 3.32 45.408239 11.889715 1
5.59 -7.73 2.26 22.76 3.32 45.408239 11.889715 1
5.89 -8.04 1.88 22.42 3.32 45.408239 11.889715 1
5.4 -8.01 1.65 22.35 3.32 45.408239 11.889715 1
5.51 -8.24 1.56 22.4 2.82 45.408231 11.889670 0
5.4 -7.83 1.82 21.9 2.82 45.408231 11.889670 1
5.96 -7.87 1.75 21.54 2.82 45.408231 11.889670 0
6.03 -7.72 1.9 21.95 2.82 45.408231 11.889670 1
6.03 -7.53 1.86 22.05 2.82 45.408231 11.889670 1
5.57 -7.73 1.89 22.48 2.82 45.408231 11.889670 1
6.16 -7.86 1.97 22.0 2.82 45.408231 11.889670 1
5.55 -7.81 1.87 21.75 2.82 45.408231 11.889670 1
6.04 -7.93 1.76 22.0 2.82 45.408231 11.889670 1
5.67 -7.95 1.9 22.52 2.82 45.408231 11.889670 1
5.84 -7.75 1.75 22.05 2.82 45.408231 11.889670 1
5.51 -8.19 1.59 21.99 2.82 45.408231 11.889670 1
5.92 -7.85 1.32 25.57 2.82 45.408231 11.889670 1
5.83 -8.01 1.64 22.62 2.82 45.408231 11.889670 1
5.56 -7.59 1.84 22.16 2.82 45.408231 11.889670 1
5.84 -7.8 1.74 22.0 2.82 45.408231 11.889670 1
6.14 -7.72 1.57 21.81 2.82 45.408231 11.889670 1
6.05 -8.29 1.51 21.9 2.82 45.408231 11.889670 1
5.7 -7.87 1.76 21.92 1.94 45.408226 11.889636 0
5.94 -7.17 1.54 21.95 1.94 45.408226 11.889636 1
5.96 -7.9 1.76 21.45 1.94 45.408226 11.889636 0
5.81 -7.87 1.98 21.52 1.94 45.408226 11.889636 1
5.89 -8.43 2.08 21.9 1.94 45.408226 11.889636 1
5.75 -7.65 1.92 22.26 1.94 45.408226 11.889636 1
5.27 -8.09 1.53 22.19 1.94 45.408226 11.889636 1
5.62 -7.41 1.62 22.04 1.94 45.408226 11.889636 1
5.77 -8.54 1.75 21.59 1.94 45.408226 11.889636 1
6.18 -7.97 1.86 22.5 1.94 45.408226 11.889636 1
