5.68 -8.17 2.13 22.16 1.94 45.408226 11.889636 1
5.57 -7.44 1.84 22.07 1.94 45.408226 11.889636 1
5.83 -7.99 1.87 22.07 1.94 45.408226 11.889636 1
5.83 -7.94 1.78 22.16 1.94 45.408226 11.889636 1
5.72 -8.24 1.82 22.16 1.94 45.408226 11.889636 1
5.68 -7.87 1.77 22.11 1.94 45.408226 11.889636 1
5.74 -8.08 1.75 21.97 1.94 45.408226 11.889636 1
5.74 -8.24 1.8 21.81 2.04 45.408217 11.889599 0
5.62 -7.99 1.79 22.36 2.04 45.408217 11.889599 1
6.11 -7.93 1.7 21.9 2.04 45.408217 11.889599 1
5.45 -7.97 1.73 21.83 2.04 45.408217 11.889599 0
6.12 -7.74 1.29 21.93 2.04 45.408217 11.889599 1
5.84 -7.97 1.63 21.85 2.04 45.408217 11.889599 1
5.82 -8.0 1.93 21.56 2.04 45.408217 11.889599 1
5.97 -8.02 1.9 22.42 2.04 45.408217 11.889599 1
5.19 -7.75 1.83 21.95 2.04 45.408217 11.889599 1
6.17 -7.96 1.72 21.71 2.04 45.408217 11.889599 1
5.36 -8.25 1.5 21.9 2.04 45.408217 11.889599 1
6.16 -7.95 1.45 22.12 2.04 45.408217 11.889599 1
5.73 -8.24 1.68 22.12 2.04 45.408217 11.889599 1
5.67 -7.56 1.78 22.47 2.04 45.408217 11.889599 1
5.43 -7.82 1.93 21.64 2.04 45.408217 11.889599 1
5.22 -7.77 1.74 21.9 2.04 45.408217 11.889599 1
6.31 -8.73 2.13 21.73 2.04 45.408217 11.889599 1
5.82 -8.2 1.77 21.85 2.04 45.408217 11.889599 1
5.69 -7.48 2.01 22.16 1.69 45.408219 11.889569 0
5.25 -7.88 1.66 21.78 1.69 45.408219 11.889569 1
5.6 -7.57 1.47 21.9 1.69 45.408219 11.889569 0
5.61 -7.57 1.46 21.9 1.69 45.408219 11.889569 1
5.6 -7.58 1.47 21.9 1.69 45.408219 11.889569 1
5.61 -7.57 1.47 21.9 1.69 45.408219 11.889569 1
5.59 -7.56 1.47 21.9 1.69 45.408219 11.889569 1
5.61 -7.56 1.48 21.91 1.69 45.408219 11.889569 1
5.6 -7.57 1.47 21.91 1.69 45.408219 11.889569 1
5.59 -7.58 1.48 21.89 1.69 45.408219 11.889569 1
