6.3 -7.86 1.68 21.87 3.32 45.408353 11.890030 1
6.19 -7.99 1.9 22.69 3.32 45.408353 11.890030 1
5.78 -7.84 1.43 22.55 3.32 45.408353 11.890030 1
6.08 -7.13 1.61 22.45 3.32 45.408353 11.890030 1
5.48 -7.83 1.85 21.51 3.32 45.408353 11.890030 1
6.6 -8.74 1.85 21.39 3.32 45.408353 11.890030 1
5.77 -8.67 1.92 21.73 3.32 45.408353 11.890030 1
5.65 -7.69 1.56 22.24 2.34 45.408346 11.890000 0
5.72 -7.87 1.91 21.95 2.34 45.408346 11.890000 1
5.47 -6.99 1.83 21.85 2.34 45.408346 11.890000 0
6.21 -8.84 1.77 21.83 2.34 45.408346 11.890000 1
5.89 -7.34 1.9 21.73 2.34 45.408346 11.890000 1
6.34 -7.84 1.74 21.32 2.34 45.408346 11.890000 1
5.81 -8.13 1.99 21.88 2.34 45.408346 11.890000 1
5.61 -7.81 1.87 22.19 2.34 45.408346 11.890000 1
6.2 -7.39 1.78 21.69 2.34 45.408346 11.890000 1
5.74 -7.47 1.84 21.8 2.34 45.408346 11.890000 1
5.84 -8.28 1.45 21.69 2.34 45.408346 11.890000 1
5.73 -7.9 1.59 21.51 2.34 45.408346 11.890000 1
5.93 -7.98 1.63 21.87 2.34 45.408346 11.890000 1
5.53 -8.3 1.6 22.09 2.34 45.408346 11.890000 1
6.07 -7.87 1.74 22.24 2.34 45.408346 11.890000 1
5.87 -7.48 2.18 22.24 2.34 45.408346 11.890000 1
6.03 -7.68 1.85 22.24 2.34 45.408346 11.890000 1
5.95 -7.92 1.81 22.0 2.34 45.408346 11.890000 1
5.92 -7.58 1.96 21.76 1.83 45.408343 11.889976 0
5.93 -8.27 2.05 21.57 1.83 45.408343 11.889976 1
6.03 -8.17 1.92 21.83 1.83 45.408343 11.889976 0
5.66 -7.95 1.79 22.05 1.83 45.408343 11.889976 1
5.56 -7.79 1.85 22.23 1.83 45.408343 11.889976 1
5.31 -7.59 1.74 22.19 1.83 45.408343 11.889976 1
6.01 -7.83 1.75 21.88 1.83 45.408343 11.889976 1
5.91 -8.49 1.73 21.49 1.83 45.408343 11.889976 1
6.24 -7.68 1.93 21.75 1.83 45.408343 11.889976 1
5.89 -7.75 1.73 22.24 1.83 45.408343 11.889976 1
