6.3 -8.21 1.22 23.7 2.99 45.875980 12.305518 0 0
6.1 -8.57 1.52 22.76 2.99 45.875980 12.305518 0 0
5.82 -7.88 1.48 23.31 2.99 45.875980 12.305518 0 0
5.47 -7.71 1.81 22.57 2.99 45.875980 12.305518 0 0
6.31 -8.94 1.32 22.88 2.99 45.875980 12.305518 0 0
5.78 -8.0 1.73 22.9 2.99 45.875980 12.305518 0 0
5.98 -7.61 1.71 23.0 2.99 45.875980 12.305518 0 0
6.34 -7.72 2.69 22.81 3.14 45.875956 12.305497 1 0
5.68 -7.18 1.47 23.05 3.14 45.875956 12.305497 0 0
5.62 -7.55 2.38 23.12 3.14 45.875956 12.305497 1 0
5.87 -7.11 1.77 21.97 3.14 45.875956 12.305497 0 0
6.2 -8.25 2.42 21.8 3.14 45.875956 12.305497 0 0
5.47 -9.25 1.81 21.56 3.14 45.875956 12.305497 0 0
5.52 -6.86 1.93 22.04 3.14 45.875956 12.305497 0 0
5.59 -7.09 1.89 22.67 3.14 45.875956 12.305497 0 0
5.62 -7.61 1.99 22.6 3.14 45.875956 12.305497 0 0
5.38 -7.46 1.45 22.29 3.14 45.875956 12.305497 0 0
6.44 -8.25 2.15 22.14 3.14 45.875956 12.305497 0 0
6.21 -7.87 1.9 22.6 3.14 45.875956 12.305497 0 0
5.67 -7.76 2.01 22.43 3.14 45.875956 12.305497 0 0
6.14 -7.51 1.84 23.32 3.14 45.875956 12.305497 0 0
5.86 -7.57 1.81 53.32 3.14 45.875956 12.305497 0 0
5.63 -6.67 1.39 23.17 3.14 45.875956 12.305497 0 0
6.48 -8.52 1.7 22.95 3.06 45.875934 12.305470 1 0
6.06 -8.39 2.01 22.5 3.06 45.875934 12.305470 0 0
5.78 -8.07 1.57 22.64 3.06 45.875934 12.305470 1 0
5.43 -7.68 1.85 22.48 3.06 45.875934 12.305470 0 0
5.77 -7.5 1.78 22.09 3.06 45.875934 12.305470 0 0
6.16 -8.43 1.71 22.48 3.06 45.875934 12.305470 0 0
6.07 -8.24 2.13 22.81 3.06 45.875934 12.305470 0 0
5.29 -7.77 2.09 22.9 3.06 45.875934 12.305470 0 0
5.4 -7.71 1.95 23.5 3.06 45.875934 12.305470 0 0
5.87 -7.49 2.0 23.05 3.06 45.875934 12.305470 0 0
5.76 -8.6 1.85 23.14 3.06 45.875934 12.305470 0 0
5.7 -8.08 1.56 23.34 3.06 45.875934 12.305470 0 0
