6.04 -7.92 2.07 22.26 2.25 45.876110 12.305643 0 0
5.7 -7.98 2.07 22.57 2.25 45.876110 12.305643 0 0
5.83 -7.99 2.1 23.07 2.25 45.876110 12.305643 0 0
5.96 -8.08 1.95 22.66 2.25 45.876110 12.305643 0 0
5.7 -7.66 2.22 23.22 2.25 45.876110 12.305643 0 0
5.9 -7.96 1.68 22.78 2.25 45.876110 12.305643 0 0
5.71 -7.84 1.94 22.62 2.25 45.876110 12.305643 0 0
6.03 -8.37 2.06 22.21 2.25 45.876110 12.305643 0 0
6.14 -7.85 2.13 22.67 2.25 45.876110 12.305643 0 0
5.97 -7.48 1.84 23.07 2.25 45.876110 12.305643 0 0
6.0 -8.09 1.97 22.66 2.25 45.876110 12.305643 0 0
6.12 -7.36 1.82 22.19 2.9 45.876088 12.305625 1 0
5.97 -7.42 1.75 22.47 2.9 45.876088 12.305625 0 0
6.01 -7.61 1.83 22.16 2.9 45.876088 12.305625 1 0
6.19 -8.23 1.84 22.5 2.9 45.876088 12.305625 0 0
5.83 -7.99 1.89 23.03 2.9 45.876088 12.305625 0 0
5.63 -7.78 1.79 22.21 2.9 45.876088 12.305625 0 0
5.67 -8.03 1.79 22.45 2.9 45.876088 12.305625 0 0
5.8 -8.29 2.03 22.5 2.9 45.876088 12.305625 0 0
5.3 -7.8 1.99 22.6 2.9 45.876088 12.305625 0 0
5.81 -7.7 2.08 22.21 2.9 45.876088 12.305625 0 0
6.12 -7.82 1.68 23.12 2.9 45.876088 12.305625 0 0
5.74 -7.69 1.93 22.66 2.9 45.876088 12.305625 0 0
5.83 -7.87 1.93 22.6 2.9 45.876088 12.305625 0 0
5.8 -7.81 2.14 22.12 2.9 45.876088 12.305625 0 0
6.13 -7.84 2.2 22.12 2.9 45.876088 12.305625 0 0
5.69 -7.91 2.02 22.9 2.9 45.876088 12.305625 0 0
5.69 -7.68 1.99 22.45 2.9 45.876088 12.305625 0 0
5.97 -7.89 1.76 22.09 2.71 45.876068 12.305602 1 0
5.79 -7.9 1.94 22.54 2.71 45.876068 12.305602 1 0
5.67 -7.71 1.9 22.4 2.71 45.876068 12.305602 0 0
5.82 -7.64 1.9 22.52 2.71 45.876068 12.305602 0 0
5.79 -8.02 1.76 22.19 2.71 45.876068 12.305602 0 0
5.79 -7.78 1.71 22.62 2.71 45.876068 12.305602 0 0
5.9 -7.83 1.72 22.11 2.71 45.876068 12.305602 0 0
