6.03 -7.74 1.71 22.14 3.31 45.408213 11.889569 1 0
6.08 -7.74 1.73 21.69 3.31 45.408213 11.889569 1 0
6.11 -7.68 1.73 22.19 3.31 45.408213 11.889569 1 0
5.9 -7.82 1.61 22.19 3.31 45.408213 11.889569 1 0
5.7 -8.07 1.62 22.04 3.31 45.408213 11.889569 1 0
5.6 -8.08 1.85 22.91 3.31 45.408213 11.889569 1 0
5.42 -8.03 1.91 21.45 3.31 45.408213 11.889569 1 0
5.39 -8.1 1.8 22.84 3.31 45.408213 11.889569 1 0
5.73 -8.02 1.88 21.92 3.27 45.408206 11.889530 0 0
6.02 -7.82 1.97 21.95 3.27 45.408206 11.889530 1 0
6.0 -7.78 1.84 21.97 3.27 45.408206 11.889530 0 0
5.99 -7.67 1.85 22.43 3.27 45.408206 11.889530 1 0
6.03 -7.43 2.15 21.73 3.27 45.408206 11.889530 1 0
5.88 -7.68 2.22 22.19 3.27 45.408206 11.889530 1 0
5.76 -8.24 1.97 21.44 3.27 45.408206 11.889530 1 0
5.82 -8.08 1.87 22.0 3.27 45.408206 11.889530 1 0
5.74 -7.49 1.96 22.62 3.27 45.408206 11.889530 1 0
5.59 -7.58 1.97 22.55 3.27 45.408206 11.889530 1 0
5.78 -8.06 1.92 21.63 3.27 45.408206 11.889530 1 0
6.04 -8.03 1.8 22.5 3.27 45.408206 11.889530 1 0
5.94 -7.82 1.57 22.59 3.27 45.408206 11.889530 1 0
5.78 -7.91 1.49 22.26 3.27 45.408206 11.889530 1 0
5.97 -7.87 1.65 22.24 3.27 45.408206 11.889530 1 0
6.21 -7.64 1.74 22.14 3.27 45.408206 11.889530 1 0
6.17 -7.8 1.7 21.92 3.27 45.408206 11.889530 1 0
5.99 -8.12 1.76 22.43 2.71 45.408201 11.889499 0 0
5.9 -8.0 1.8 22.02 2.71 45.408201 11.889499 1 0
5.87 -7.79 1.6 22.43 2.71 45.408201 11.889499 0 0
5.77 -7.95 1.46 21.97 2.71 45.408201 11.889499 1 0
5.57 -8.13 1.58 21.92 2.71 45.408201 11.889499 1 0
5.51 -8.07 1.69 21.52 2.71 45.408201 11.889499 1 0
5.8 -8.0 1.72 21.92 2.71 45.408201 11.889499 1 0
6.14 -7.96 1.81 21.52 2.71 45.408201 11.889499 1 0
6.11 -7.82 1.85 22.09 2.71 45.408201 11.889499 1 0
5.9 -7.74 1.79 22.29 2.71 45.408201 11.889499 1 0
