5.78 -8.31 1.66 21.95 1.7 45.408350 11.889965 1 0
5.52 -7.81 1.65 22.04 1.7 45.408350 11.889965 0 0
5.59 -7.44 1.79 21.47 1.7 45.408350 11.889965 1 0
6.23 -7.69 1.87 21.73 1.7 45.408350 11.889965 1 0
6.68 -7.88 1.89 21.44 1.7 45.408350 11.889965 1 0
6.24 -7.64 1.8 21.99 1.7 45.408350 11.889965 1 0
5.57 -7.57 1.68 22.0 1.7 45.408350 11.889965 1 0
5.71 -7.85 1.72 21.45 1.7 45.408350 11.889965 1 0
6.15 -8.07 1.82 21.56 1.7 45.408350 11.889965 1 0
5.89 -8.1 1.84 22.14 1.7 45.408350 11.889965 1 0
5.27 -8.01 1.9 22.26 1.7 45.408350 11.889965 1 0
5.28 -7.86 1.96 21.69 1.7 45.408350 11.889965 1 0
5.87 -7.86 1.81 21.56 1.7 45.408350 11.889965 1 0
6.27 -7.98 1.67 22.09 1.7 45.408350 11.889965 1 0
6.14 -7.81 1.86 22.24 1.7 45.408350 11.889965 1 0
5.88 -7.52 2.1 22.09 1.7 45.408350 11.889965 1 0
5.9 -7.62 2.0 21.8 1.7 45.408350 11.889965 1 0
6.1 -7.89 1.83 21.37 1.98 45.408347 11.889937 0 0
6.11 -7.9 1.93 21.78 1.98 45.408347 11.889937 1 0
5.93 -7.86 2.09 21.45 1.98 45.408347 11.889937 0 0
5.77 -7.99 2.03 21.54 1.98 45.408347 11.889937 1 0
5.66 -8.01 1.83 21.99 1.98 45.408347 11.889937 1 0
5.57 -7.89 1.71 21.52 1.98 45.408347 11.889937 1 0
5.62 -7.9 1.72 21.54 1.98 45.408347 11.889937 1 0
5.88 -7.99 1.78 21.85 1.98 45.408347 11.889937 1 0
6.09 -7.93 1.8 22.09 1.98 45.408347 11.889937 1 0
6.03 -7.69 1.78 22.14 1.98 45.408347 11.889937 1 0
5.84 -7.53 1.83 22.14 1.98 45.408347 11.889937 1 0
5.9 -7.71 1.9 22.04 1.98 45.408347 11.889937 1 0
6.13 -8.04 1.88 21.97 1.98 45.408347 11.889937 1 0
6.07 -8.03 1.89 22.04 1.98 45.408347 11.889937 1 0
5.71 -7.75 1.96 22.14 1.98 45.408347 11.889937 1 0
5.63 -7.81 1.84 22.6 1.98 45.408347 11.889937 1 0
5.74 -8.18 1.61 22.0 1.98 45.408347 11.889937 1 0
5.43 -8.32 1.64 22.31 1.99 45.408344 11.889909 0 0
