6.88 -7.05 1.84 22.07 0.41 45.407404 11.879944 0
6.71 -7.16 2.29 22.05 0.41 45.407404 11.879944 0
6.94 -7.12 2.11 21.64 0.41 45.407404 11.879944 0
6.91 -7.22 1.8 22.05 0.41 45.407404 11.879944 0
6.6 -7.07 2.14 22.09 0.41 45.407404 11.879944 0
6.61 -7.16 1.69 22.12 0.41 45.407404 11.879944 0
6.53 -7.31 2.26 22.11 0.41 45.407404 11.879944 0
6.62 -7.39 2.01 21.54 0.9 45.407413 11.879933 1
6.59 -7.36 1.92 21.49 0.9 45.407413 11.879933 0
6.66 -7.36 2.11 21.49 0.9 45.407413 11.879933 1
6.52 -7.2 1.74 21.9 0.9 45.407413 11.879933 0
5.85 -7.76 1.76 21.92 0.9 45.407413 11.879933 0
5.92 -7.95 2.04 22.05 0.9 45.407413 11.879933 0
5.8 -7.7 2.25 21.66 0.9 45.407413 11.879933 0
5.93 -7.7 1.58 22.16 0.9 45.407413 11.879933 0
6.01 -7.76 1.66 21.66 0.9 45.407413 11.879933 0
6.16 -7.84 1.06 21.52 0.9 45.407413 11.879933 0
5.95 -7.76 1.55 21.52 0.9 45.407413 11.879933 0
5.97 -7.78 1.81 21.66 0.9 45.407413 11.879933 0
6.01 -7.77 1.91 22.52 0.9 45.407413 11.879933 0
6.19 -7.76 1.73 22.21 0.9 45.407413 11.879933 0
5.94 -7.49 1.85 22.26 0.9 45.407413 11.879933 0
5.99 -7.6 1.92 23.26 0.9 45.407413 11.879933 0
6.15 -7.59 1.76 21.81 0.9 45.407413 11.879933 0
6.61 -7.13 1.92 22.04 0.9 45.407413 11.879933 0
6.77 -7.31 2.0 21.88 1.34 45.407415 11.879917 1
6.52 -7.41 1.5 21.47 1.34 45.407415 11.879917 0
6.66 -7.67 1.44 21.95 1.34 45.407415 11.879917 1
6.65 -7.52 1.68 21.49 1.34 45.407415 11.879917 0
6.5 -7.35 1.78 21.37 1.34 45.407415 11.879917 0
6.2 -7.57 2.09 21.8 1.34 45.407415 11.879917 0
5.84 -8.36 1.43 22.05 1.34 45.407415 11.879917 0
5.57 -8.2 1.53 21.88 1.34 45.407415 11.879917 0
5.52 -7.86 1.67 22.47 1.34 45.407415 11.879917 0
5.81 -7.18 1.91 22.98 1.34 45.407415 11.879917 0
