5.81 -7.65 1.72 22.16 1.34 45.407415 11.879917 0
5.99 -8.45 1.85 21.56 1.34 45.407415 11.879917 0
6.21 -8.08 1.72 21.35 1.34 45.407415 11.879917 0
6.48 -7.49 1.79 21.68 1.34 45.407415 11.879917 0
6.32 -7.71 1.64 21.99 1.34 45.407415 11.879917 0
5.84 -7.69 2.11 22.21 1.34 45.407415 11.879917 0
6.01 -7.67 1.85 22.16 1.34 45.407415 11.879917 0
6.34 -6.9 1.71 21.99 2.37 45.407408 11.879890 1
6.87 -7.33 1.97 22.76 2.37 45.407408 11.879890 0
6.24 -7.9 1.46 21.81 2.37 45.407408 11.879890 0
5.81 -8.32 1.43 22.36 2.37 45.407408 11.879890 1
5.7 -7.78 1.78 22.45 2.37 45.407408 11.879890 0
5.85 -7.65 1.6 22.21 2.37 45.407408 11.879890 0
5.52 -7.76 1.83 22.31 2.37 45.407408 11.879890 0
5.99 -8.18 2.11 21.85 2.37 45.407408 11.879890 0
5.83 -8.0 1.71 21.45 2.37 45.407408 11.879890 0
5.84 -8.52 1.49 21.42 2.37 45.407408 11.879890 0
5.95 -7.84 2.11 21.57 2.37 45.407408 11.879890 0
5.6 -7.68 2.19 21.75 2.37 45.407408 11.879890 0
5.57 -7.91 1.55 22.12 2.37 45.407408 11.879890 0
5.73 -7.66 2.02 22.12 2.37 45.407408 11.879890 0
5.94 -7.53 2.09 22.26 2.37 45.407408 11.879890 0
6.16 -8.15 1.84 21.61 2.37 45.407408 11.879890 0
5.84 -7.61 1.7 21.64 2.37 45.407408 11.879890 0
6.27 -7.74 1.21 22.0 2.37 45.407408 11.879890 0
6.02 -7.91 1.65 22.05 1.49 45.407401 11.879872 1
5.69 -7.72 1.55 21.9 1.49 45.407401 11.879872 0
6.07 -7.5 1.35 22.0 1.49 45.407401 11.879872 1
6.29 -7.6 1.42 21.27 1.49 45.407401 11.879872 0
6.05 -8.1 1.41 21.8 1.49 45.407401 11.879872 0
5.63 -8.87 1.36 21.61 1.49 45.407401 11.879872 0
5.26 -7.68 1.49 21.8 1.49 45.407401 11.879872 0
5.68 -7.38 1.89 22.21 1.49 45.407401 11.879872 0
6.33 -7.63 1.91 21.63 1.49 45.407401 11.879872 0
5.88 -7.9 1.81 22.52 1.49 45.407401 11.879872 0
