6.05 -7.51 1.97 21.71 3.3 45.407381 11.879793 0
5.75 -7.98 1.96 22.19 3.3 45.407381 11.879793 0
5.5 -8.12 1.8 21.76 3.3 45.407381 11.879793 0
5.22 -7.42 1.99 22.0 3.3 45.407381 11.879793 0
6.46 -8.06 2.22 21.61 3.3 45.407381 11.879793 0
5.92 -8.15 2.1 22.11 3.3 45.407381 11.879793 0
5.11 -8.1 2.41 22.29 3.3 45.407381 11.879793 0
5.63 -7.5 1.34 21.95 4.11 45.407362 11.879745 1
5.83 -7.87 1.99 21.75 4.11 45.407362 11.879745 0
6.08 -7.37 1.31 21.4 4.11 45.407362 11.879745 1
6.2 -8.13 1.8 21.35 4.11 45.407362 11.879745 0
5.83 -8.39 1.6 21.56 4.11 45.407362 11.879745 0
5.63 -7.57 1.67 21.93 4.11 45.407362 11.879745 0
5.92 -7.12 1.66 21.95 4.11 45.407362 11.879745 0
5.85 -8.12 1.61 21.92 4.11 45.407362 11.879745 0
5.57 -8.1 1.69 21.83 4.11 45.407362 11.879745 0
5.32 -7.62 1.69 21.71 4.11 45.407362 11.879745 0
5.43 -8.13 1.75 21.61 4.11 45.407362 11.879745 0
5.35 -8.18 1.55 21.66 4.11 45.407362 11.879745 0
5.84 -7.6 1.44 21.8 4.11 45.407362 11.879745 0
6.13 -7.81 1.44 22.05 4.11 45.407362 11.879745 0
6.4 -7.53 1.7 22.42 4.11 45.407362 11.879745 0
6.25 -7.78 1.65 22.98 4.11 45.407362 11.879745 0
5.7 -7.25 1.32 22.88 4.11 45.407362 11.879745 0
6.19 -5.71 0.85 22.79 4.11 45.407362 11.879745 0
5.75 -9.12 0.84 22.28 3.91 45.407352 11.879698 1
6.36 -9.32 2.31 22.57 3.91 45.407352 11.879698 0
4.85 -8.36 2.48 21.4 3.91 45.407352 11.879698 1
5.63 -7.06 1.96 20.58 3.91 45.407352 11.879698 0
5.29 -12.99 1.77 22.12 3.91 45.407352 11.879698 0
5.6 -4.79 1.49 21.73 3.91 45.407352 11.879698 0
7.07 -6.89 1.19 23.46 3.91 45.407352 11.879698 0
6.43 -8.18 2.89 23.2 3.91 45.407352 11.879698 0
5.17 -7.75 0.67 22.78 3.91 45.407352 11.879698 0
4.48 -6.58 -0.4 22.91 3.91 45.407352 11.879698 0
