6.33 -10.27 2.02 26.05 3.91 45.407352 11.879698 0
5.02 -7.52 2.19 22.74 3.91 45.407352 11.879698 0
6.63 -6.98 1.27 23.86 3.91 45.407352 11.879698 0
6.45 -7.45 0.86 23.7 3.91 45.407352 11.879698 0
8.32 -10.44 1.02 22.67 3.91 45.407352 11.879698 0
6.95 -6.69 0.4 22.76 3.91 45.407352 11.879698 0
4.98 -7.68 1.92 23.2 3.91 45.407352 11.879698 0
4.95 -8.43 0.91 22.26 2.09 45.407345 11.879675 1
4.57 -8.25 2.52 22.19 2.09 45.407345 11.879675 0
7.38 -8.83 1.98 23.74 2.09 45.407345 11.879675 1
3.99 -6.39 3.07 22.16 2.09 45.407345 11.879675 0
6.9 -10.5 0.89 22.43 2.09 45.407345 11.879675 0
4.42 -8.52 1.85 21.95 2.09 45.407345 11.879675 0
5.82 -9.02 2.6 22.24 2.09 45.407345 11.879675 0
7.69 -8.18 1.38 23.32 2.09 45.407345 11.879675 0
5.97 -8.82 1.84 23.07 2.09 45.407345 11.879675 0
5.56 -7.61 1.46 22.47 2.09 45.407345 11.879675 0
6.74 -9.16 1.64 22.93 2.09 45.407345 11.879675 0
5.6 -8.62 1.06 21.87 2.09 45.407345 11.879675 0
7.01 -10.54 2.12 22.98 2.09 45.407345 11.879675 0
4.93 -7.74 1.86 22.26 2.09 45.407345 11.879675 0
6.71 -8.07 0.5 23.19 2.09 45.407345 11.879675 0
6.31 -7.26 1.87 22.26 2.09 45.407345 11.879675 0
2.6 -7.99 2.39 21.33 2.09 45.407345 11.879675 0
6.51 -9.72 3.14 21.08 2.61 45.407342 11.879644 1
4.45 -7.73 3.2 21.03 2.61 45.407342 11.879644 0
6.04 -8.07 -0.42 26.87 2.61 45.407342 11.879644 1
5.3 -6.82 1.32 22.09 2.61 45.407342 11.879644 0
6.09 -6.82 -0.56 23.02 2.61 45.407342 11.879644 0
5.46 -12.26 1.25 22.47 2.61 45.407342 11.879644 0
5.0 -5.1 2.31 23.14 2.61 45.407342 11.879644 0
4.85 -11.19 5.76 22.81 2.61 45.407342 11.879644 0
5.12 -8.45 1.3 22.16 2.61 45.407342 11.879644 0
6.58 -7.55 1.16 22.54 2.61 45.407342 11.879644 0
3.29 -7.44 1.71 21.97 2.61 45.407342 11.879644 0
