6.21 -7.55 1.66 22.17 2.92 45.407758 11.879914 0
6.08 -7.74 1.74 21.59 2.92 45.407758 11.879914 0
6.01 -8.08 1.73 21.59 2.92 45.407758 11.879914 0
5.8 -8.17 1.94 22.07 2.92 45.407758 11.879914 0
5.81 -7.81 1.67 21.73 2.92 45.407758 11.879914 0
6.0 -7.61 1.81 21.75 3.13 45.407750 11.879885 1
5.98 -7.72 1.82 22.23 3.13 45.407750 11.879885 0
5.85 -7.86 1.94 21.81 3.13 45.407750 11.879885 1
5.87 -8.24 1.86 22.29 3.13 45.407750 11.879885 0
5.65 -8.0 1.64 22.84 3.13 45.407750 11.879885 0
5.95 -8.0 1.63 21.87 3.13 45.407750 11.879885 0
5.84 -7.61 1.59 22.35 3.13 45.407750 11.879885 0
5.62 -7.68 1.74 21.68 3.13 45.407750 11.879885 0
5.94 -8.32 1.75 21.85 3.13 45.407750 11.879885 0
5.99 -8.26 1.52 21.88 3.13 45.407750 11.879885 0
5.77 -7.68 1.66 22.35 3.13 45.407750 11.879885 0
5.86 -7.76 1.84 21.73 3.13 45.407750 11.879885 0
5.9 -7.84 1.75 21.83 3.13 45.407750 11.879885 0
6.04 -7.73 1.77 21.93 3.13 45.407750 11.879885 0
5.84 -8.08 1.84 21.93 3.13 45.407750 11.879885 0
5.8 -7.88 1.68 21.63 3.13 45.407750 11.879885 0
5.81 -7.34 1.82 22.02 3.13 45.407750 11.879885 0
5.94 -7.57 1.82 21.57 2.52 45.407736 11.879853 1
5.86 -8.02 1.82 21.37 2.52 45.407736 11.879853 0
5.8 -7.81 1.82 22.09 2.52 45.407736 11.879853 1
5.9 -7.96 2.08 22.04 2.52 45.407736 11.879853 0
5.78 -7.87 1.85 22.02 2.52 45.407736 11.879853 0
5.71 -7.57 1.63 22.17 2.52 45.407736 11.879853 0
5.73 -7.93 1.65 22.17 2.52 45.407736 11.879853 0
6.05 -8.11 1.9 22.16 2.52 45.407736 11.879853 0
5.97 -8.02 1.66 21.8 2.52 45.407736 11.879853 0
5.86 -7.7 1.66 22.29 2.52 45.407736 11.879853 0
5.4 -7.83 1.83 21.92 2.52 45.407736 11.879853 0
5.78 -7.86 1.61 22.24 2.52 45.407736 11.879853 0
5.98 -7.95 1.64 21.69 2.52 45.407736 11.879853 0
