5.99 -8.93 1.47 22.45 2.31 45.407686 11.879789 0
5.21 -8.47 1.9 23.05 2.31 45.407686 11.879789 0
6.45 -7.95 1.64 22.64 2.31 45.407686 11.879789 0
5.5 -7.64 1.64 22.54 2.31 45.407686 11.879789 0
5.9 -6.43 0.45 23.08 3.41 45.407664 11.879754 1
6.74 -8.89 1.4 22.66 3.41 45.407664 11.879754 0
5.96 -9.4 2.26 23.0 3.41 45.407664 11.879754 1
6.14 -6.97 1.14 22.54 3.41 45.407664 11.879754 0
5.43 -7.33 2.26 22.17 3.41 45.407664 11.879754 0
5.54 -9.02 1.99 22.17 3.41 45.407664 11.879754 0
5.68 -6.61 0.32 22.45 3.41 45.407664 11.879754 0
5.58 -7.53 1.75 21.73 3.41 45.407664 11.879754 0
5.56 -9.82 2.09 22.69 3.41 45.407664 11.879754 0
5.52 -7.92 1.19 23.05 3.41 45.407664 11.879754 0
5.36 -7.17 1.81 21.78 3.41 45.407664 11.879754 0
5.94 -8.86 2.44 22.86 3.41 45.407664 11.879754 0
4.41 -6.99 2.25 22.59 3.41 45.407664 11.879754 0
5.22 -7.58 1.87 24.58 3.41 45.407664 11.879754 0
6.18 -7.59 2.17 26.21 3.41 45.407664 11.879754 0
7.19 -9.73 1.31 22.91 3.41 45.407664 11.879754 0
6.11 -7.66 3.28 23.7 3.41 45.407664 11.879754 0
6.16 -7.67 0.78 23.29 3.41 45.407664 11.879754 0
5.18 -8.81 1.56 22.62 6.09 45.407598 11.879724 1
5.29 -6.0 1.75 24.61 6.09 45.407598 11.879724 0
6.48 -7.84 0.69 21.61 6.09 45.407598 11.879724 1
5.15 -7.19 1.84 21.18 6.09 45.407598 11.879724 0
5.16 -9.5 1.95 21.3 6.09 45.407598 11.879724 0
7.09 -7.94 2.33 21.51 6.09 45.407598 11.879724 0
3.92 -7.59 2.01 22.59 6.09 45.407598 11.879724 0
5.67 -5.89 1.8 22.45 6.09 45.407598 11.879724 0
6.03 -7.37 1.8 24.58 6.09 45.407598 11.879724 0
4.55 -9.5 3.53 22.64 6.09 45.407598 11.879724 0
6.13 -8.29 2.97 22.84 6.09 45.407598 11.879724 0
5.54 -7.0 1.13 21.68 6.09 45.407598 11.879724 0
5.81 -9.39 2.86 21.49 6.09 45.407598 11.879724 0
