6.47 -7.47 1.84 21.93 0.12 45.407776 11.880066 0
6.5 -7.52 1.76 21.95 0.12 45.407776 11.880066 0
6.62 -7.39 1.86 21.56 0.12 45.407776 11.880066 0
6.52 -7.39 1.78 21.63 0.12 45.407776 11.880066 0
6.44 -7.4 2.15 21.87 0.12 45.407776 11.880066 0
6.48 -7.5 2.25 21.92 1.27 45.407741 11.880052 1
6.16 -7.47 2.14 21.52 1.27 45.407741 11.880052 0
6.13 -7.62 1.86 21.37 1.27 45.407741 11.880052 1
6.25 -7.48 1.96 21.47 1.27 45.407741 11.880052 0
6.29 -7.56 2.15 21.44 1.27 45.407741 11.880052 0
6.16 -7.74 1.86 21.47 1.27 45.407741 11.880052 0
6.0 -7.89 1.77 22.09 1.27 45.407741 11.880052 0
5.99 -7.94 1.52 22.12 1.27 45.407741 11.880052 0
5.73 -7.88 2.19 21.68 1.27 45.407741 11.880052 0
5.63 -7.87 1.8 22.09 1.27 45.407741 11.880052 0
6.0 -7.95 1.6 22.12 1.27 45.407741 11.880052 0
5.95 -7.75 1.83 22.12 1.27 45.407741 11.880052 0
6.01 -7.63 1.89 22.0 1.27 45.407741 11.880052 0
6.22 -7.78 1.74 22.0 1.27 45.407741 11.880052 0
6.15 -7.89 1.49 21.54 1.27 45.407741 11.880052 0
5.65 -8.01 1.38 21.57 1.27 45.407741 11.880052 0
5.83 -7.75 1.59 21.99 1.27 45.407741 11.880052 0
5.94 -7.92 1.54 21.76 1.27 45.407741 11.880052 0
5.93 -7.75 1.47 21.28 1.3 45.407764 11.880044 1
6.08 -7.94 1.35 21.2 1.3 45.407764 11.880044 0
6.05 -7.76 1.49 21.78 1.3 45.407764 11.880044 1
6.09 -7.82 1.36 21.37 1.3 45.407764 11.880044 0
6.16 -7.55 1.3 21.3 1.3 45.407764 11.880044 0
6.07 -7.67 1.4 21.47 1.3 45.407764 11.880044 0
6.01 -7.73 1.71 22.04 1.3 45.407764 11.880044 0
6.16 -7.7 1.65 22.19 1.3 45.407764 11.880044 0
6.18 -7.5 1.67 22.19 1.3 45.407764 11.880044 0
6.13 -7.61 1.56 22.19 1.3 45.407764 11.880044 0
6.08 -7.69 1.69 22.04 1.3 45.407764 11.880044 0
6.22 -7.8 1.76 21.99 1.3 45.407764 11.880044 0
