5.95 -7.56 1.67 21.59 2.52 45.407736 11.879853 0
5.93 -7.75 1.87 21.52 2.52 45.407736 11.879853 0
5.82 -7.85 1.73 21.99 2.52 45.407736 11.879853 0
5.92 -8.15 1.85 21.92 2.52 45.407736 11.879853 0
5.94 -8.03 1.78 21.51 2.36 45.407711 11.879820 1
5.94 -7.53 1.78 21.99 2.36 45.407711 11.879820 0
5.82 -7.4 1.98 21.93 2.36 45.407711 11.879820 1
5.66 -8.08 1.84 21.85 2.36 45.407711 11.879820 0
5.78 -8.32 1.68 21.81 2.36 45.407711 11.879820 0
5.59 -7.66 1.87 21.75 2.36 45.407711 11.879820 0
5.62 -7.59 1.67 21.23 2.36 45.407711 11.879820 0
5.71 -7.94 1.77 21.11 2.36 45.407711 11.879820 0
5.73 -8.22 1.72 21.57 2.36 45.407711 11.879820 0
5.86 -8.06 1.92 21.78 2.36 45.407711 11.879820 0
5.54 -8.43 1.51 21.78 2.36 45.407711 11.879820 0
6.5 -7.48 1.66 22.04 2.36 45.407711 11.879820 0
5.71 -7.64 1.48 22.24 2.36 45.407711 11.879820 0
5.47 -8.21 1.66 22.36 2.36 45.407711 11.879820 0
5.2 -7.49 1.52 24.63 2.36 45.407711 11.879820 0
6.41 -8.0 1.76 22.6 2.36 45.407711 11.879820 0
6.45 -8.28 1.74 21.78 2.36 45.407711 11.879820 0
6.33 -7.95 1.62 23.14 2.36 45.407711 11.879820 0
5.6 -8.48 1.63 22.98 2.31 45.407686 11.879789 1
5.53 -8.32 1.73 24.01 2.31 45.407686 11.879789 0
5.62 -9.05 2.72 23.87 2.31 45.407686 11.879789 1
6.01 -4.9 2.26 22.07 2.31 45.407686 11.879789 0
6.58 -10.11 2.44 29.91 2.31 45.407686 11.879789 0
5.92 -9.12 0.17 22.84 2.31 45.407686 11.879789 0
6.05 -9.4 1.18 22.36 2.31 45.407686 11.879789 0
6.17 -5.14 1.25 23.1 2.31 45.407686 11.879789 0
5.67 -7.08 2.01 22.45 2.31 45.407686 11.879789 0
6.1 -7.33 1.01 22.14 2.31 45.407686 11.879789 0
8.53 -9.74 0.52 22.35 2.31 45.407686 11.879789 0
5.98 -9.51 2.64 22.54 2.31 45.407686 11.879789 0
5.47 -5.75 2.1 21.54 2.31 45.407686 11.879789 0
