6.46 -7.14 1.79 21.75 6.09 45.407598 11.879724 0
4.48 -7.78 3.22 21.78 6.09 45.407598 11.879724 0
7.17 -7.71 1.5 22.23 6.09 45.407598 11.879724 0
6.87 -7.46 1.35 51.54 6.09 45.407598 11.879724 0
5.97 -7.29 1.75 24.94 5.53 45.407594 11.879698 1
7.21 -9.54 0.86 23.29 5.53 45.407594 11.879698 0
6.75 -5.09 2.48 23.7 5.53 45.407594 11.879698 1
4.98 -9.08 2.57 22.54 5.53 45.407594 11.879698 0
5.69 -10.92 0.12 21.66 5.53 45.407594 11.879698 0
7.62 -6.69 2.09 22.36 5.53 45.407594 11.879698 0
6.21 -6.72 1.68 22.91 5.53 45.407594 11.879698 0
4.34 -7.52 2.56 22.14 5.53 45.407594 11.879698 0
5.21 -9.47 2.5 22.67 5.53 45.407594 11.879698 0
5.04 -7.27 2.5 23.24 5.53 45.407594 11.879698 0
5.19 -7.62 1.67 21.01 5.53 45.407594 11.879698 0
7.33 -9.76 4.68 22.47 5.53 45.407594 11.879698 0
6.37 -7.88 1.06 22.95 5.53 45.407594 11.879698 0
4.15 -9.76 1.53 22.78 5.53 45.407594 11.879698 0
4.97 -4.01 2.03 22.36 5.53 45.407594 11.879698 0
8.95 -7.83 -1.02 22.95 5.53 45.407594 11.879698 0
6.64 -8.3 0.92 22.16 5.53 45.407594 11.879698 0
5.76 -6.24 1.18 22.21 5.53 45.407594 11.879698 0
8.76 -9.1 -0.88 21.99 3.81 45.407609 11.879670 1
5.31 -7.55 3.04 22.57 3.81 45.407609 11.879670 0
6.27 -9.82 1.16 23.07 3.81 45.407609 11.879670 1
4.53 -6.13 2.44 22.6 3.81 45.407609 11.879670 0
6.94 -9.65 1.11 22.36 3.81 45.407609 11.879670 0
6.35 -8.07 3.39 22.23 3.81 45.407609 11.879670 0
5.43 -7.2 2.98 23.72 3.81 45.407609 11.879670 0
4.47 -9.27 1.73 22.55 3.81 45.407609 11.879670 0
4.89 -8.35 1.02 22.91 3.81 45.407609 11.879670 0
7.55 -7.1 1.28 21.64 3.81 45.407609 11.879670 0
7.17 -9.31 2.64 21.45 3.81 45.407609 11.879670 0
6.05 -7.31 1.53 22.05 3.81 45.407609 11.879670 0
4.79 -7.27 1.38 23.55 3.81 45.407609 11.879670 0
