6.01 -7.75 1.47 21.80 0.66 45.407335 11.879892 1
5.95 -7.71 1.81 21.78 0.66 45.407335 11.879892 0
5.95 -7.75 1.72 21.75 0.66 45.407335 11.879892 0
6.02 -7.77 1.77 21.68 0.66 45.407335 11.879892 0
5.66 -8.09 1.85 21.40 0.66 45.407335 11.879892 0
5.85 -8.09 2.04 22.00 0.66 45.407335 11.879892 0
6.13 -7.78 1.74 22.14 0.66 45.407335 11.879892 0
6.43 -7.36 1.69 22.29 0.66 45.407335 11.879892 0
6.34 -7.38 1.70 22.67 0.66 45.407335 11.879892 0
6.11 -7.82 1.77 22.26 0.66 45.407335 11.879892 0
5.66 -8.12 1.56 22.09 0.66 45.407335 11.879892 0
5.66 -8.10 1.81 22.45 0.66 45.407335 11.879892 0
6.22 -7.69 1.91 21.90 0.66 45.407335 11.879892 0
6.70 -7.12 1.84 21.80 0.66 45.407335 11.879892 0
6.46 -7.32 1.84 21.59 0.66 45.407335 11.879892 0
6.40 -7.76 2.01 20.99 0.41 45.407338 11.879886 1
6.28 -8.45 2.00 21.47 0.41 45.407338 11.879886 0
6.62 -7.19 1.92 21.57 0.41 45.407338 11.879886 1
6.22 -7.28 2.06 21.44 0.41 45.407338 11.879886 0
6.09 -7.63 1.78 21.88 0.41 45.407338 11.879886 0
6.21 -7.49 1.70 21.52 0.41 45.407338 11.879886 0
6.28 -7.29 1.91 21.80 0.41 45.407338 11.879886 0
6.69 -7.45 1.67 21.88 0.41 45.407338 11.879886 0
6.52 -7.44 1.88 21.80 0.41 45.407338 11.879886 0
6.51 -7.35 1.80 22.00 0.41 45.407338 11.879886 0
6.23 -7.65 1.49 22.31 0.41 45.407338 11.879886 0
6.02 -7.79 1.32 22.50 0.41 45.407338 11.879886 0
5.81 -7.59 1.48 22.14 0.41 45.407338 11.879886 0
6.35 -7.31 1.12 22.04 0.41 45.407338 11.879886 0
6.49 -7.23 1.50 21.93 0.41 45.407338 11.879886 0
5.96 -7.69 2.01 21.69 0.41 45.407338 11.879886 0
5.86 -8.44 1.77 21.95 0.41 45.407338 11.879886 0
5.86 -8.31 2.12 21.32 0.41 45.407338 11.879886 0
6.54 -7.38 1.94 21.95 1.69 45.407334 11.879868 1
6.66 -7.05 1.72 21.54 1.69 45.407334 11.879868 0
6.32 -7.50 1.51 21.69 1.69 45.407334 11.879868 1
5.54 -8.01 1.44 21.63 1.69 45.407334 11.879868 0
5.54 -8.15 1.88 21.57 1.69 45.407334 11.879868 0
6.20 -8.01 1.92 21.68 1.69 45.407334 11.879868 0
6.28 -7.26 1.87 21.45 1.69 45.407334 11.879868 0
6.31 -7.27 1.75 22.19 1.69 45.407334 11.879868 0
6.43 -7.24 2.20 22.40 1.69 45.407334 11.879868 0
6.54 -7.20 2.34 22.40 1.69 45.407334 11.879868 0
6.31 -7.46 2.57 22.21 1.69 45.407334 11.879868 0
6.34 -7.48 2.08 22.12 1.69 45.407334 11.879868 0
6.08 -7.77 2.25 22.04 1.69 45.407334 11.879868 0
5.56 -8.44 1.84 21.99 1.69 45.407334 11.879868 0
5.51 -8.17 1.66 21.52 1.69 45.407334 11.879868 0
6.23 -7.73 1.65 22.00 1.69 45.407334 11.879868 0
6.18 -7.28 2.19 21.44 1.69 45.407334 11.879868 0
5.94 -7.63 1.56 21.90 1.39 45.407333 11.879849 1
5.62 -8.49 1.63 22.17 1.39 45.407333 11.879849 0
5.47 -7.94 1.48 22.09 1.39 45.407333 11.879849 1
6.09 -7.57 1.64 21.75 1.39 45.407333 11.879849 0
6.21 -7.41 1.83 21.83 1.39 45.407333 11.879849 0
6.35 -7.97 1.67 21.90 1.39 45.407333 11.879849 0
5.91 -8.52 1.38 22.02 1.39 45.407333 11.879849 0
5.65 -7.67 1.27 22.36 1.39 45.407333 11.879849 0
5.84 -7.17 1.59 22.40 1.39 45.407333 11.879849 0
6.25 -7.42 1.64 22.24 1.39 45.407333 11.879849 0
6.42 -7.88 1.39 21.59 1.39 45.407333 11.879849 0
6.01 -8.15 1.48 21.90 1.39 45.407333 11.879849 0
5.75 -7.99 1.57 21.59 1.39 45.407333 11.879849 0
5.63 -7.84 1.28 21.64 1.39 45.407333 11.879849 0
5.67 -7.85 1.48 21.64 1.39 45.407333 11.879849 0
5.86 -7.71 1.91 21.59 1.39 45.407333 11.879849 0
6.18 -7.95 1.84 21.87 1.39 45.407333 11.879849 0
5.91 -8.00 1.96 22.09 1.39 45.407333 11.879849 0
5.85 -7.90 1.81 22.36 2.12 45.407326 11.879820 1
5.63 -7.90 2.07 22.71 2.12 45.407326 11.879820 0
5.73 -7.59 1.74 22.45 2.12 45.407326 11.879820 1
6.03 -7.17 1.84 22.12 2.12 45.407326 11.879820 0
6.36 -7.50 2.08 21.78 2.12 45.407326 11.879820 0
6.01 -8.70 1.84 21.71 2.12 45.407326 11.879820 0
6.04 -8.16 1.70 21.47 2.12 45.407326 11.879820 0
5.86 -7.60 1.38 22.19 2.12 45.407326 11.879820 0
5.96 -7.65 1.69 22.11 2.12 45.407326 11.879820 0
5.89 -7.56 1.90 22.12 2.12 45.407326 11.879820 0
6.36 -7.89 1.70 22.14 2.12 45.407326 11.879820 0
5.97 -8.07 1.84 21.88 2.12 45.407326 11.879820 0
5.28 -7.96 1.95 22.42 2.12 45.407326 11.879820 0
5.45 -7.91 1.89 22.52 2.12 45.407326 11.879820 0
5.86 -7.74 1.86 22.07 2.12 45.407326 11.879820 0
6.02 -7.93 1.78 21.28 2.12 45.407326 11.879820 0
6.17 -8.33 1.79 21.42 2.12 45.407326 11.879820 0
6.03 -8.62 1.68 21.57 2.52 45.407328 11.879788 1
5.76 -8.15 1.71 22.09 2.52 45.407328 11.879788 0
5.75 -7.36 1.91 22.42 2.52 45.407328 11.879788 1
5.58 -7.19 2.01 22.40 2.52 45.407328 11.879788 0
6.12 -7.58 1.94 21.92 2.52 45.407328 11.879788 0
6.28 -7.97 1.79 21.68 2.52 45.407328 11.879788 0
6.15 -8.09 1.88 21.76 2.52 45.407328 11.879788 0
5.96 -8.29 1.62 22.14 2.52 45.407328 11.879788 0
5.55 -8.02 1.79 22.19 2.52 45.407328 11.879788 0
5.77 -7.41 1.65 22.12 2.52 45.407328 11.879788 0
6.32 -7.61 1.58 22.14 2.52 45.407328 11.879788 0
6.16 -8.28 1.78 22.29 2.52 45.407328 11.879788 0
5.58 -8.32 1.56 22.40 2.52 45.407328 11.879788 0
5.51 -7.88 1.90 22.52 2.52 45.407328 11.879788 0
5.92 -7.27 1.70 22.24 2.52 45.407328 11.879788 0
6.15 -7.67 1.73 21.45 2.52 45.407328 11.879788 0
6.01 -8.12 1.73 21.90 2.52 45.407328 11.879788 0
5.95 -8.22 1.70 21.06 2.70 45.407328 11.879753 1
5.82 -7.82 1.78 21.75 2.70 45.407328 11.879753 0
5.78 -7.24 1.80 21.52 2.70 45.407328 11.879753 0
6.00 -7.67 2.06 21.33 2.70 45.407328 11.879753 1
6.31 -7.35 2.03 21.88 2.70 45.407328 11.879753 0
6.23 -7.61 1.86 21.90 2.70 45.407328 11.879753 0
5.76 -7.74 1.95 21.99 2.70 45.407328 11.879753 0
5.70 -7.92 2.05 22.26 2.70 45.407328 11.879753 0
5.39 -7.78 1.91 21.85 2.70 45.407328 11.879753 0
5.83 -7.33 1.61 22.04 2.70 45.407328 11.879753 0
6.26 -7.92 1.65 21.95 2.70 45.407328 11.879753 0
5.73 -8.37 1.53 21.85 2.70 45.407328 11.879753 0
5.81 -8.19 1.51 21.81 2.70 45.407328 11.879753 0
5.91 -7.44 1.96 22.02 2.70 45.407328 11.879753 0
5.79 -7.71 1.92 22.02 2.70 45.407328 11.879753 0
5.97 -6.95 1.89 22.29 2.70 45.407328 11.879753 0
6.05 -7.88 1.39 21.57 2.70 45.407328 11.879753 0
6.06 -8.20 1.51 21.68 2.70 45.407328 11.879753 0
5.72 -8.38 2.00 21.75 2.98 45.407332 11.879715 1
5.65 -7.62 1.77 21.37 2.98 45.407332 11.879715 0
5.68 -7.35 1.59 21.78 2.98 45.407332 11.879715 1
6.11 -8.00 1.25 21.13 2.98 45.407332 11.879715 0
5.81 -7.69 1.37 21.57 2.98 45.407332 11.879715 0
5.67 -7.73 1.74 21.63 2.98 45.407332 11.879715 0
5.70 -8.07 1.77 21.32 2.98 45.407332 11.879715 0
5.17 -8.02 1.48 22.16 2.98 45.407332 11.879715 0
5.58 -7.83 1.60 22.23 2.98 45.407332 11.879715 0
5.40 -6.80 2.23 22.05 2.98 45.407332 11.879715 0
6.92 -8.60 2.63 21.25 2.98 45.407332 11.879715 0
6.60 -7.93 2.48 21.44 2.98 45.407332 11.879715 0
6.16 -7.99 1.32 21.73 2.98 45.407332 11.879715 0
5.96 -8.11 1.10 23.02 2.98 45.407332 11.879715 0
5.39 -7.05 1.06 23.22 2.98 45.407332 11.879715 0
4.29 -5.85 1.12 25.02 2.98 45.407332 11.879715 0
6.50 -8.67 2.44 22.07 2.98 45.407332 11.879715 0
6.44 -10.05 -0.18 22.12 3.01 45.407339 11.879678 1
5.34 -10.12 2.44 21.83 3.01 45.407339 11.879678 0
6.28 -9.90 0.72 23.38 3.01 45.407339 11.879678 1
5.62 -5.40 0.50 23.20 3.01 45.407339 11.879678 0
6.70 -5.37 1.29 22.24 3.01 45.407339 11.879678 0
6.16 -8.86 2.92 22.55 3.01 45.407339 11.879678 0
4.09 -9.63 2.21 21.28 3.01 45.407339 11.879678 0
5.19 -9.72 2.00 23.31 3.01 45.407339 11.879678 0
5.77 -7.69 1.55 21.57 3.01 45.407339 11.879678 0
6.63 -6.98 2.21 21.15 3.01 45.407339 11.879678 0
4.59 -5.26 1.91 21.71 3.01 45.407339 11.879678 0
7.35 -10.18 1.44 22.88 3.01 45.407339 11.879678 0
5.35 -7.77 2.08 62.00 3.01 45.407339 11.879678 0
6.19 -6.38 1.29 26.26 3.01 45.407339 11.879678 0
5.88 -8.46 2.21 22.45 3.01 45.407339 11.879678 0
6.64 -7.05 1.52 23.63 3.01 45.407339 11.879678 0
6.39 -10.02 2.10 23.39 3.01 45.407339 11.879678 0
3.54 -7.47 0.87 25.36 3.01 45.407339 11.879678 0
5.24 -7.61 2.05 22.67 2.78 45.407347 11.879651 1
5.42 -9.85 2.28 22.24 2.78 45.407347 11.879651 0
5.73 -9.91 3.34 23.12 2.78 45.407347 11.879651 1
4.44 -7.45 3.09 23.51 2.78 45.407347 11.879651 0
4.44 -7.36 0.53 21.99 2.78 45.407347 11.879651 0
3.60 -6.97 3.34 21.75 2.78 45.407347 11.879651 0
4.89 -7.39 2.59 21.93 2.78 45.407347 11.879651 0
7.19 -7.18 0.54 22.42 2.78 45.407347 11.879651 0
5.82 -8.49 1.45 22.26 2.78 45.407347 11.879651 0
4.82 -6.83 2.20 22.35 2.78 45.407347 11.879651 0
7.32 -11.46 1.68 22.52 2.78 45.407347 11.879651 0
4.71 -6.59 1.96 22.52 2.78 45.407347 11.879651 0
6.03 -7.74 -1.32 22.54 2.78 45.407347 11.879651 0
7.52 -7.78 2.75 22.52 2.78 45.407347 11.879651 0
5.60 -8.14 0.82 22.31 2.78 45.407347 11.879651 0
4.45 -9.42 2.63 21.28 2.78 45.407347 11.879651 0
6.55 -5.16 1.48 22.33 2.78 45.407347 11.879651 0
6.50 -9.10 0.92 22.29 3.06 45.407356 11.879616 1
4.81 -7.18 2.13 22.81 3.06 45.407356 11.879616 0
5.54 -5.31 2.40 23.56 3.06 45.407356 11.879616 1
5.41 -8.81 3.61 23.24 3.06 45.407356 11.879616 0
4.69 -5.45 2.79 22.19 3.06 45.407356 11.879616 0
5.02 -7.64 3.50 22.40 3.06 45.407356 11.879616 0
5.62 -10.50 0.72 23.17 3.06 45.407356 11.879616 0
6.80 -11.53 1.25 24.18 3.06 45.407356 11.879616 0
3.91 -6.68 2.49 21.95 3.06 45.407356 11.879616 0
5.69 -8.46 1.17 22.81 3.06 45.407356 11.879616 0
7.95 -7.26 0.96 25.02 3.06 45.407356 11.879616 0
6.55 -8.42 1.73 22.36 3.06 45.407356 11.879616 0
7.35 -8.47 0.84 22.45 3.06 45.407356 11.879616 0
4.96 -7.78 2.71 22.45 3.06 45.407356 11.879616 0
5.61 -7.55 1.54 22.76 3.06 45.407356 11.879616 0
6.39 -10.65 4.01 23.63 3.06 45.407356 11.879616 0
4.96 -9.66 1.80 21.71 3.06 45.407356 11.879616 0
5.87 -9.64 1.56 22.38 3.31 45.407354 11.879573 1
4.32 -7.50 3.59 21.33 3.31 45.407354 11.879573 0
4.28 -7.84 1.28 22.40 3.31 45.407354 11.879573 1
5.51 -6.42 1.65 22.71 3.31 45.407354 11.879573 0
4.73 -7.08 3.95 24.23 3.31 45.407354 11.879573 0
3.95 -6.82 1.89 22.50 3.31 45.407354 11.879573 0
5.95 -9.27 1.57 22.21 3.31 45.407354 11.879573 0
6.75 -9.78 2.15 21.28 3.31 45.407354 11.879573 0
6.65 -9.28 -0.30 22.62 3.31 45.407354 11.879573 0
5.83 -7.54 1.02 22.02 3.31 45.407354 11.879573 0
4.03 -5.09 1.85 22.28 3.31 45.407354 11.879573 0
5.39 -6.58 2.45 30.99 3.31 45.407354 11.879573 0
7.93 -9.77 1.57 21.54 3.31 45.407354 11.879573 0
6.38 -7.98 1.64 22.57 3.31 45.407354 11.879573 0
4.89 -8.10 1.20 23.67 3.31 45.407354 11.879573 0
3.89 -4.04 1.38 23.22 3.31 45.407354 11.879573 0
8.01 -9.43 0.05 22.76 3.31 45.407354 11.879573 0
6.04 -9.96 0.73 22.31 3.31 45.407354 11.879573 0
5.92 -8.73 0.69 22.84 2.73 45.407359 11.879537 1
4.02 -5.52 1.78 21.87 2.73 45.407359 11.879537 0
6.32 -8.57 1.05 22.66 2.73 45.407359 11.879537 1
6.56 -11.80 -0.25 25.42 2.73 45.407359 11.879537 0
5.94 -5.38 2.91 24.23 2.73 45.407359 11.879537 0
4.71 -9.36 3.05 22.29 2.73 45.407359 11.879537 0
6.60 -8.63 1.25 25.30 2.73 45.407359 11.879537 0
8.17 -9.45 6.12 20.96 2.73 45.407359 11.879537 0
4.74 -7.39 0.30 20.96 2.73 45.407359 11.879537 0
4.67 -7.69 1.54 21.35 2.73 45.407359 11.879537 0
7.59 -7.73 -0.44 21.27 2.73 45.407359 11.879537 0
6.53 -8.73 2.43 22.88 2.73 45.407359 11.879537 0
3.99 -5.30 2.58 23.36 2.73 45.407359 11.879537 0
6.06 -4.98 1.88 22.78 2.73 45.407359 11.879537 0
3.54 -6.23 3.19 22.31 2.73 45.407359 11.879537 0
4.80 -11.36 1.90 24.42 2.73 45.407359 11.879537 0
5.26 -7.01 3.96 21.81 2.73 45.407359 11.879537 0
4.88 -10.52 1.99 21.80 3.26 45.407372 11.879499 1
5.52 -4.78 1.58 21.88 3.26 45.407372 11.879499 0
6.26 -8.01 1.93 26.51 3.26 45.407372 11.879499 1
6.12 -5.95 0.77 21.85 3.26 45.407372 11.879499 0
4.24 -7.37 1.37 23.72 3.26 45.407372 11.879499 0
5.13 -8.54 1.05 23.50 3.26 45.407372 11.879499 0
6.37 -8.33 0.86 22.76 3.26 45.407372 11.879499 0
5.70 -8.21 1.33 21.90 3.26 45.407372 11.879499 0
5.49 -6.91 1.50 22.19 3.26 45.407372 11.879499 0
6.37 -11.18 3.54 25.78 3.26 45.407372 11.879499 0
3.85 -4.42 1.70 23.07 3.26 45.407372 11.879499 0
7.20 -10.17 3.94 22.21 3.26 45.407372 11.879499 0
6.72 -5.89 2.04 22.91 3.26 45.407372 11.879499 0
6.56 -11.07 1.00 22.69 3.26 45.407372 11.879499 0
4.55 -8.70 3.46 23.55 3.26 45.407372 11.879499 0
2.27 -8.21 3.06 22.86 3.26 45.407372 11.879499 0
4.84 -9.17 1.57 21.80 3.26 45.407372 11.879499 0
5.39 -7.08 2.91 21.54 3.26 45.407372 11.879499 0
6.01 -8.79 1.08 22.86 3.29 45.407374 11.879456 1
5.19 -10.59 3.95 23.20 3.29 45.407374 11.879456 0
7.87 -8.56 -1.62 23.56 3.29 45.407374 11.879456 1
4.03 -7.36 1.99 23.19 3.29 45.407374 11.879456 0
4.49 -7.72 1.17 22.40 3.29 45.407374 11.879456 0
4.96 -8.31 3.85 20.92 3.29 45.407374 11.879456 0
4.39 -10.92 0.35 21.49 3.29 45.407374 11.879456 0
4.41 -5.99 0.47 22.17 3.29 45.407374 11.879456 0
