5.90 -8.07 1.66 22.04 3.05  45.406383 11.895076
5.68 -8.15 1.84 22.16
5.69 -8.08 1.69 22.21
5.50 -8.23 1.63 22.59
5.53 -8.16 1.93 22.54
6.05 -8.11 1.81 22.16
6.07 -7.71 1.59 22.26
5.91 -7.66 1.55 22.28
5.96 -7.72 1.89 22.59
6.19 -7.56 2.00 22.07
6.28 -8.07 1.99 21.93
6.08 -7.79 1.73 21.88 3.05  45.406383 11.895076
5.57 -7.76 1.66 22.36
5.75 -7.86 1.79 21.92 3.05  45.406383 11.895076
5.83 -8.13 1.84 21.90
5.70 -8.12 1.93 21.90
5.49 -7.82 1.76 21.93
5.52 -8.18 1.90 22.24
5.94 -7.88 1.89 21.95
5.84 -7.51 1.93 22.54
5.88 -7.89 1.89 22.11
5.71 -7.75 1.74 22.05
6.05 -7.85 1.41 21.95
5.94 -7.89 1.74 22.38
5.78 -7.84 1.62 22.05
6.06 -7.75 1.58 22.00
5.98 -7.64 1.62 22.88
6.00 -7.78 1.73 21.90
5.98 -7.68 1.51 21.85
5.90 -8.05 1.45 21.90 1.89  45.406380 11.895098
5.76 -8.12 1.78 22.09
5.62 -7.74 1.96 22.14 1.89  45.406380 11.895098
5.82 -8.00 1.60 21.52
5.97 -8.03 1.59 22.36
5.63 -8.11 2.00 21.83
5.82 -8.04 1.88 21.93
5.73 -7.56 2.13 22.14
6.07 -7.85 1.99 22.05
6.08 -7.86 1.85 22.02
5.95 -7.99 1.83 22.54
5.79 -7.79 1.78 21.75
5.66 -7.77 1.84 22.05
5.90 -7.80 1.59 21.92
6.03 -7.96 1.64 21.97
5.85 -8.01 1.57 22.05
5.66 -7.70 1.81 22.36
5.56 -8.13 1.90 22.00 2.76  45.406380 11.895128
5.80 -7.87 1.76 21.85
5.89 -8.12 1.54 21.90 2.76  45.406380 11.895128
5.86 -7.81 1.61 22.50
5.82 -7.99 1.89 22.16
6.04 -7.93 1.79 22.09
6.18 -7.75 2.00 22.88
6.02 -7.84 1.87 22.36
5.82 -8.00 1.76 22.07
5.97 -7.93 1.66 22.48
5.79 -7.71 1.70 22.04
5.83 -7.77 1.76 21.95
5.74 -8.09 1.66 21.95
5.94 -8.07 1.94 21.57
5.68 -8.18 1.68 22.05
5.49 -7.59 2.01 22.04
5.82 -8.01 1.67 21.85
5.98 -7.85 1.93 22.26
6.07 -7.68 1.83 21.93 2.22  45.406379 11.895152
5.92 -7.86 1.94 21.88
5.94 -7.95 1.48 21.95 2.22  45.406379 11.895152
6.04 -7.70 1.75 22.47
5.99 -7.43 1.78 22.09
5.94 -7.76 1.57 21.59
5.61 -8.38 1.92 21.95
5.71 -8.07 1.92 22.05
5.59 -8.04 1.84 22.05
5.62 -7.78 1.93 22.52
5.75 -7.85 2.03 22.43
5.64 -8.01 2.07 22.05
5.99 -7.73 1.77 22.00
6.04 -7.79 1.82 22.00
5.80 -8.21 1.47 22.43
5.94 -7.81 1.49 22.19
5.73 -7.92 1.59 22.96
5.58 -7.68 2.09 22.04 2.66  45.406381 11.895182
5.89 -7.85 2.13 21.97
6.08 -8.11 1.79 21.95 2.66  45.406381 11.895182
6.08 -7.96 1.69 22.40
5.80 -7.96 1.48 22.00
5.76 -7.83 1.53 22.11
5.99 -8.12 1.60 22.50
5.85 -7.79 1.58 22.04
5.77 -7.84 1.67 22.00
5.69 -8.34 1.73 22.42
5.82 -8.07 1.73 22.43
6.06 -7.98 1.73 22.16
5.57 -7.78 2.12 22.14
5.67 -7.74 2.49 22.09
6.08 -7.88 2.14 21.97
6.02 -7.96 2.01 21.97
5.83 -7.93 1.79 21.88
5.79 -7.78 1.79 21.99
5.65 -7.81 2.04 22.04 2.62  45.406382 11.895213
5.58 -7.68 1.91 21.97
5.64 -8.11 1.71 21.44 2.62  45.406382 11.895213
5.88 -8.15 1.64 21.33
5.99 -8.09 1.98 22.23
5.89 -7.84 2.07 22.47
5.68 -7.76 1.68 22.21
5.92 -7.62 1.66 22.48
5.89 -7.73 1.13 22.76
6.17 -7.71 1.64 22.07
6.28 -8.24 1.53 21.95
5.85 -8.60 1.71 21.59
5.47 -8.03 1.66 22.09
5.46 -7.62 2.14 21.59
5.76 -7.89 1.91 21.95
6.20 -7.62 1.65 21.92
5.81 -8.22 1.56 21.90
5.68 -8.04 1.52 21.95 2.17  45.406382 11.895240
5.44 -7.87 1.74 22.45
5.74 -7.75 1.56 21.99 2.17  45.406382 11.895240
6.02 -7.57 1.79 22.45
5.83 -8.05 1.77 22.00
7.08 -7.67 1.98 22.93
4.80 -7.89 1.77 22.67
4.92 -7.55 1.84 22.42
6.05 -7.96 1.77 30.49
5.96 -8.11 1.58 21.40
5.93 -9.50 1.64 21.80
6.22 -8.29 1.96 21.92
5.17 -6.96 1.95 23.86
5.59 -7.09 1.51 23.51
5.71 -7.38 1.57 23.12
6.15 -7.39 1.68 22.42
6.44 -8.21 1.91 21.92
5.82 -8.67 1.98 22.00
6.05 -8.09 1.69 22.31 2.83  45.406381 11.895272
5.71 -8.60 1.74 22.35
5.59 -7.26 1.71 21.78 2.83  45.406381 11.895272
5.56 -7.82 1.84 22.09
5.79 -7.97 1.85 22.50
5.95 -8.38 1.72 21.85
5.72 -8.19 1.92 21.69
5.41 -8.27 1.77 22.00
6.03 -7.73 1.98 22.16
5.34 -7.74 1.66 22.17
6.00 -7.92 1.72 22.54
5.93 -7.93 1.66 22.16
5.61 -7.86 1.64 22.11
5.80 -8.36 1.67 22.02
5.78 -7.86 1.89 21.97
5.61 -7.95 1.70 22.36
5.75 -8.06 1.43 22.74
5.69 -7.71 1.76 21.88 2.95  45.406377 11.895309
5.93 -7.70 1.57 22.78
5.80 -7.88 1.75 21.90 2.95  45.406377 11.895309
5.65 -7.93 1.94 21.88
5.78 -8.06 2.06 22.76
5.79 -7.78 1.55 21.92
5.56 -7.72 1.72 22.31
5.85 -7.86 1.76 21.85
5.91 -7.85 1.65 22.02
5.89 -7.68 1.86 22.43
5.67 -7.89 1.61 22.05
5.66 -7.98 1.96 21.69
5.76 -7.89 1.75 22.47
5.80 -7.85 1.60 22.52
5.60 -8.03 1.67 21.97
5.98 -7.85 1.34 21.95
5.88 -7.84 1.72 22.14
5.85 -8.19 1.73 21.90
6.02 -8.07 1.93 22.04 2.91  45.406377 11.895348
5.81 -7.92 1.85 23.50
5.75 -7.49 1.72 23.00 2.91  45.406377 11.895348
5.76 -8.37 1.58 23.79
6.13 -7.46 1.86 22.62
6.02 -8.71 1.84 22.04
6.52 -7.37 2.07 22.35
4.43 -7.83 2.30 22.86
5.50 -7.11 1.24 22.67
5.71 -8.36 2.24 22.02
6.24 -7.51 1.86 22.59
5.55 -9.48 1.10 23.55
5.72 -7.25 1.87 22.57
5.67 -7.02 1.14 22.86
5.97 -7.58 1.36 22.81
6.15 -8.02 1.57 22.48
5.67 -8.07 1.81 21.97
4.97 -7.59 1.94 22.26 2.85  45.406370 11.895387
5.77 -7.66 1.89 22.19
6.11 -7.91 1.64 21.64 2.85  45.406370 11.895387
5.72 -8.19 1.63 21.80
5.47 -8.17 1.91 22.24
5.61 -7.77 2.35 21.45
5.69 -7.52 2.32 21.92
5.82 -7.82 1.94 22.33
5.74 -7.94 1.97 22.42
5.53 -7.80 1.92 22.02
5.65 -7.81 2.14 21.64
5.86 -7.88 2.01 22.09
5.78 -7.83 1.90 23.80
5.91 -7.93 1.52 22.11
5.96 -8.07 1.74 22.91
5.57 -7.92 1.61 22.52
5.84 -7.92 1.41 21.85
6.06 -7.79 1.12 22.36
5.94 -7.80 1.56 21.95 3.26  45.406366 11.895427
5.66 -8.04 1.66 21.81
5.83 -7.62 1.82 22.40 3.26  45.406366 11.895427
5.85 -8.35 1.80 22.35
5.77 -7.74 1.74 22.26
5.79 -8.11 1.47 21.71
6.23 -8.12 1.67 23.53
5.71 -8.17 1.87 27.95
5.77 -7.55 2.00 23.48
5.60 -7.84 1.76 22.52
6.20 -7.85 1.65 22.00
6.08 -8.67 1.59 22.38
5.95 -7.63 1.51 22.11
5.48 -8.06 1.82 22.52
5.81 -7.73 1.98 21.95
5.71 -7.92 2.03 22.64
6.21 -8.21 1.89 22.52
5.86 -8.18 1.72 22.38 2.89  45.406367 11.895466
5.71 -7.45 1.36 23.31
5.56 -7.53 1.84 22.35 2.89  45.406367 11.895466
5.82 -7.79 1.60 21.92
5.42 -8.09 2.37 22.19
5.49 -8.11 1.91 21.78
5.63 -7.65 1.78 21.78
5.57 -7.82 1.49 21.85
5.13 -7.25 1.70 21.59
5.77 -9.15 1.59 21.13
6.66 -7.49 1.08 21.57
5.27 -7.67 1.49 23.17
6.10 -8.56 1.70 24.80
6.19 -6.35 2.05 23.74
3.26 -5.58 2.77 21.54
9.30 -9.95 0.21 25.06
4.30 -8.44 1.94 24.54
4.30 -5.21 1.95 23.87
5.42 -9.91 1.66 21.18 2.46  45.406368 11.895499
7.12 -4.82 1.74 21.03
6.22 -12.29 1.69 21.23 2.46  45.406368 11.895499
5.92 -7.49 1.94 23.22
3.65 -5.67 1.37 21.99
3.62 -6.98 1.34 21.90
8.08 -9.94 -1.05 20.92
8.43 -8.23 2.12 20.63
4.36 -8.39 1.93 23.12
4.20 -7.53 1.61 23.74
5.18 -5.68 1.73 23.08
6.85 -6.03 1.71 23.24
7.40 -9.25 1.34 21.80
7.09 -9.64 1.79 21.69
4.79 -8.02 1.39 22.33
4.70 -7.56 1.51 23.24
5.89 -7.33 2.23 22.64
6.19 -7.86 2.07 22.04 2.53  45.406372 11.895534
5.88 -8.62 1.68 22.66
5.35 -8.09 1.75 22.29 2.53  45.406372 11.895534
5.68 -7.56 1.90 22.00
6.00 -7.75 1.68 22.26
5.97 -7.96 1.89 22.67
5.78 -8.02 1.71 21.81
5.78 -8.41 1.35 21.90
5.53 -7.84 1.69 22.05
5.84 -7.90 1.58 22.02
5.87 -7.86 1.60 22.00
5.73 -8.20 1.71 23.27
5.62 -8.10 1.85 22.05
6.05 -8.01 1.70 22.16
5.84 -7.58 1.90 22.23
5.32 -7.59 1.54 21.90
6.20 -8.34 1.41 21.95
5.40 -7.67 1.77 21.69
6.55 -8.72 1.99 21.63 2.80  45.406373 11.895569
5.73 -8.61 1.88 23.62
