5.90 -7.70 1.65 22.91 2.10  45.406355 11.895053
6.09 -7.76 1.67 22.00
6.32 -7.98 1.64 21.90 2.10  45.406355 11.895053
6.40 -7.56 1.76 22.47
6.41 -7.51 2.12 22.50
6.02 -7.40 2.23 22.09
5.88 -7.91 1.67 22.05
5.87 -8.21 1.70 22.09
5.36 -8.43 1.76 22.11
5.62 -8.61 1.53 22.55
6.21 -7.62 2.10 22.59
5.71 -7.67 1.30 22.59
5.96 -8.03 1.92 22.52
5.81 -7.69 2.13 22.11
6.53 -7.81 1.94 22.45
5.78 -7.43 2.26 22.52
5.86 -8.08 1.66 21.92
6.04 -7.76 1.61 21.85 2.46  45.406359 11.895074
6.37 -7.73 1.75 21.49
6.13 -7.67 2.04 22.04 2.46  45.406359 11.895074
5.80 -7.99 2.00 21.92
5.79 -7.42 1.88 21.47
5.88 -7.89 1.52 21.78
5.71 -8.14 1.54 21.83
5.54 -8.07 1.50 21.83
5.83 -7.95 1.81 22.05
5.76 -7.81 1.57 22.11
5.98 -7.55 1.53 22.02
6.11 -7.57 1.67 22.00
5.92 -7.96 1.91 22.05
5.99 -7.90 1.79 22.16
5.88 -7.95 1.92 22.23
5.74 -7.63 2.03 22.59
5.68 -7.69 1.65 22.79
6.05 -7.81 1.78 21.80
6.10 -7.98 1.96 21.83 3.12  45.406358 11.895107
5.60 -7.92 1.84 22.31
5.54 -7.88 1.63 22.40 3.12  45.406358 11.895107
5.63 -7.95 1.65 21.47
5.85 -8.07 1.63 21.54
5.74 -7.82 1.98 21.81
5.82 -7.97 1.94 21.75
5.80 -7.70 1.99 21.92
5.94 -8.08 2.00 21.92
5.58 -7.87 1.64 22.05
6.18 -7.75 1.74 22.11
5.61 -7.85 1.97 22.14
5.87 -7.79 1.69 22.43
6.02 -7.93 1.67 22.88
5.96 -8.10 1.48 22.11
6.10 -7.70 1.28 22.26
5.60 -8.07 1.82 21.56
5.86 -8.00 1.77 22.42 2.41  45.406358 11.895134
5.72 -7.87 1.60 21.88
5.91 -8.00 1.64 21.83 2.41  45.406358 11.895134
5.91 -8.22 1.67 21.93
5.67 -7.67 1.82 22.35
5.54 -7.97 1.88 21.83
5.93 -7.75 1.94 22.60
5.88 -7.86 1.90 21.95
5.71 -7.99 1.73 22.50
5.87 -7.91 1.79 22.09
5.65 -7.77 1.63 22.57
5.92 -7.73 1.73 22.93
5.77 -7.89 1.63 22.02
5.97 -7.88 1.66 22.11
5.75 -7.82 1.71 22.57
5.77 -7.92 1.79 22.57
5.63 -7.77 1.86 22.42
5.84 -8.04 1.58 22.26
5.95 -7.90 1.43 22.24 2.42  45.406360 11.895163
5.79 -7.89 1.58 23.46
5.78 -7.96 1.82 21.92 2.42  45.406360 11.895163
5.54 -7.78 1.96 22.76
5.74 -7.92 1.87 22.24
5.87 -8.06 1.99 22.71
5.72 -8.05 1.63 21.85
5.76 -7.77 1.97 22.11
5.87 -7.99 1.89 22.60
5.74 -7.59 1.70 22.19
5.91 -8.07 1.53 21.69
5.82 -7.98 1.81 22.52
6.03 -8.13 1.75 22.02
5.67 -7.97 1.84 23.48
5.90 -7.83 1.57 22.16
5.91 -7.83 1.61 22.57
5.78 -7.85 1.68 22.36
5.77 -8.19 1.67 21.90 2.73  45.406359 11.895194
5.91 -8.05 1.63 21.90
5.73 -7.99 1.78 21.93 2.73  45.406359 11.895194
5.72 -7.98 1.68 22.02
5.76 -7.78 1.95 23.36
5.81 -7.84 1.68 21.93
5.92 -7.94 1.78 21.49
5.68 -7.98 1.59 22.36
5.86 -7.93 1.60 22.42
5.56 -7.82 1.88 22.11
5.75 -7.93 1.81 22.02
5.61 -7.68 1.78 22.43
5.54 -8.12 1.85 21.90
5.58 -8.03 1.75 22.19
6.19 -7.90 1.66 22.19
6.78 -7.91 1.47 22.33
6.10 -7.97 1.66 23.31
5.45 -7.42 1.54 22.67
5.89 -7.07 1.60 22.83 2.60  45.406363 11.895226
6.28 -8.05 1.57 22.78
6.17 -8.35 1.69 21.73 2.60  45.406363 11.895226
6.07 -8.54 1.96 21.71
5.82 -7.87 2.07 22.24
5.91 -7.31 1.73 21.95
5.69 -7.29 1.94 23.17
5.91 -7.95 1.94 22.00
6.11 -7.78 1.96 22.05
5.82 -7.47 2.25 21.56
5.92 -7.63 2.16 22.50
5.88 -7.96 1.76 22.16
5.57 -8.00 1.83 23.02
6.19 -8.88 1.57 22.28
5.83 -7.23 1.71 22.38
4.92 -8.01 1.70 22.76
5.53 -7.46 1.79 22.12
6.05 -7.86 1.69 22.69 3.22  45.406361 11.895262
5.48 -8.27 2.16 21.61
6.75 -10.82 1.58 21.64 3.22  45.406361 11.895262
5.55 -6.56 2.00 22.40
5.21 -7.10 1.84 22.93
5.72 -6.96 1.88 23.14
6.07 -6.99 1.69 22.29
7.17 -8.34 2.21 21.44
5.83 -9.04 1.81 21.90
5.74 -8.26 1.57 22.07
5.39 -8.20 1.63 22.67
5.73 -7.42 1.99 21.95
5.55 -7.77 2.26 22.26
5.98 -8.07 2.35 22.05
5.74 -8.11 1.97 21.97
5.75 -8.37 1.77 22.05
5.85 -8.16 2.06 21.93
5.88 -7.72 1.72 22.09
5.89 -7.57 1.82 22.55 2.99  45.406361 11.895300
5.87 -8.09 1.79 22.83
5.73 -7.87 1.77 22.40 2.99  45.406361 11.895300
5.53 -7.99 1.81 21.93
5.65 -7.89 1.80 21.80
5.84 -7.88 1.84 22.31
5.50 -7.98 1.94 22.83
5.75 -7.87 1.75 22.07
5.73 -7.72 1.75 22.47
5.81 -7.86 1.54 27.77
5.99 -8.04 1.65 22.33
5.78 -7.99 1.78 22.43
5.88 -8.03 1.81 22.52
5.60 -7.73 1.83 22.52
5.87 -8.01 1.93 22.48
6.04 -7.98 1.82 22.95
5.78 -7.68 1.84 21.99
5.60 -8.13 1.69 24.37 3.16  45.406362 11.895341
5.88 -7.91 1.54 21.95
5.69 -7.70 1.88 22.00 3.16  45.406362 11.895341
5.75 -8.12 2.01 21.90
5.75 -7.75 1.88 22.21
5.65 -8.04 1.38 22.16
6.06 -7.88 1.72 21.92
5.68 -7.75 1.84 22.83
6.43 -7.98 1.96 23.02
5.14 -7.53 1.67 23.43
5.47 -7.78 1.88 22.52
6.57 -8.61 1.59 22.12
5.56 -7.79 1.84 22.36
5.38 -9.22 2.24 23.74
5.73 -7.49 2.29 22.26
5.75 -7.49 0.74 22.57
6.50 -7.89 1.42 21.81
5.49 -7.85 1.70 22.04
5.60 -8.38 2.32 22.12 3.24  45.406359 11.895383
5.50 -8.12 1.45 21.78
5.53 -7.10 1.78 21.80 3.24  45.406359 11.895383
5.86 -8.05 1.31 21.80
6.03 -7.75 1.70 25.79
5.70 -7.61 2.23 22.86
5.96 -8.10 1.54 22.86
5.67 -7.75 1.72 22.00
5.58 -7.79 1.96 22.11
5.88 -8.23 1.64 22.11
5.68 -7.78 1.95 22.48
6.12 -8.36 1.34 21.99
5.78 -7.60 1.97 22.11
5.59 -8.06 1.61 22.05
5.75 -7.89 1.76 22.05
5.86 -8.08 1.72 22.07
5.77 -7.93 2.10 22.81
5.43 -7.81 1.77 22.36 3.24  45.406359 11.895424
6.14 -7.95 1.34 22.36
5.51 -8.01 1.83 21.90 3.24  45.406359 11.895424
6.00 -7.77 1.67 21.93
5.60 -8.43 1.97 22.83
5.40 -7.96 1.67 22.17
5.94 -7.96 1.66 23.29
5.56 -7.49 1.56 21.44
5.99 -8.50 1.58 21.95
5.96 -8.26 1.95 22.38
4.85 -7.52 1.70 21.90
6.43 -8.14 2.16 22.31
6.22 -7.81 1.25 22.55
5.53 -7.93 1.66 22.76
5.80 -7.63 1.97 22.74
5.63 -7.59 1.53 22.14
5.86 -8.92 1.97 21.93
5.56 -8.64 1.68 22.09
6.02 -7.66 1.92 23.41 2.37  45.406354 11.895459
5.49 -8.48 1.35 22.52
5.81 -7.79 1.64 22.09 2.37  45.406354 11.895459
5.65 -7.72 1.60 21.49
5.56 -7.21 1.86 21.81
5.60 -8.70 1.67 21.61
5.81 -7.82 1.63 21.61
5.63 -7.90 1.51 22.28
5.73 -8.11 1.72 24.20
5.90 -7.63 1.95 21.59
6.07 -7.64 1.96 22.00
5.49 -7.17 1.73 22.16
4.14 -9.57 1.83 21.32
7.59 -7.41 2.53 21.80
5.25 -8.18 1.63 22.36
4.38 -7.89 1.73 24.44
6.82 -7.08 1.61 23.68
2.77 -2.63 1.89 21.39 3.16  45.406353 11.895498
5.64 -16.95 0.34 22.98
5.89 -6.32 1.71 24.32 3.16  45.406353 11.895498
2.65 -6.34 1.98 31.20
7.62 -7.66 2.51 21.54
7.72 -6.00 1.17 21.47
7.15 -13.28 1.94 22.96
5.77 -10.68 2.81 22.50
3.74 -5.11 0.54 23.27
4.69 -6.59 1.30 30.36
6.78 -6.97 0.97 21.80
6.00 -8.25 2.87 20.27
6.52 -12.25 2.13 21.51
4.25 -7.52 1.88 25.07
5.23 -4.98 1.66 22.84
5.82 -5.04 2.02 22.72
7.52 -7.97 3.03 21.64
6.09 -11.70 1.50 21.20
5.41 -9.81 1.71 21.95 2.25  45.406357 11.895529
5.05 -6.88 1.77 22.24
6.42 -6.73 1.91 21.95 2.25  45.406357 11.895529
5.91 -6.89 2.05 21.35
6.03 -9.22 1.98 21.59
5.35 -9.67 1.89 23.10
5.19 -7.15 1.55 22.05
5.80 -7.08 1.96 22.17
6.27 -7.25 1.85 22.33
6.29 -8.24 1.54 22.26
5.48 -8.76 1.77 22.36
5.43 -7.90 1.83 23.03
5.87 -7.34 1.82 21.66
5.91 -7.47 1.77 22.40
5.83 -8.19 1.35 21.90
5.61 -8.48 1.67 22.31
5.84 -8.19 1.94 21.87
5.77 -7.42 2.10 22.07 2.00  45.406359 11.895555
5.89 -7.54 1.85 22.86
6.01 -7.86 1.55 21.88 2.00  45.406359 11.895555
5.76 -8.34 1.77 21.39
5.59 -8.11 1.59 22.74
5.36 -8.18 1.59 22.64
6.14 -8.06 1.23 22.36
5.07 -8.34 2.24 22.86
6.09 -7.59 1.84 22.16
5.55 -8.08 1.87 22.11
5.87 -7.95 1.91 22.05
5.55 -7.81 1.76 22.07
5.96 -8.32 1.54 22.86
5.96 -7.71 1.63 22.05
5.70 -7.99 1.83 22.50
5.86 -7.80 1.73 22.02
5.95 -7.79 1.80 21.87
5.85 -8.05 1.79 22.00
5.88 -8.13 1.78 22.05 2.43  45.406360 11.895585
5.75 -7.78 1.72 22.42
5.39 -7.83 1.62 22.45 2.43  45.406360 11.895585
5.98 -8.15 1.69 21.52
5.93 -7.62 1.74 22.57
5.85 -8.22 1.73 21.51
5.87 -8.23 1.59 22.47
