9.12 -9.75 3.17 21.52 3.24 45.877554 12.306933 0 1
7.79 -12.25 1.74 21.63 3.24 45.877554 12.306933 0 1
6.39 -8.62 2.1 24.42 3.24 45.877554 12.306933 0 1
5.48 -5.4 2.75 24.08 3.71 45.877545 12.306887 1 1
15.42 -9.17 2.62 22.26 3.71 45.877545 12.306887 0 1
12.01 -8.74 2.18 23.63 3.71 45.877545 12.306887 1 1
7.64 -12.09 -0.46 22.69 3.71 45.877545 12.306887 0 1
5.07 -4.37 0.55 24.2 3.71 45.877545 12.306887 0 1
7.07 -11.22 0.55 22.54 3.71 45.877545 12.306887 0 1
8.73 -8.37 2.03 21.87 3.71 45.877545 12.306887 0 1
5.85 -15.16 0.58 22.04 3.71 45.877545 12.306887 0 1
6.29 -7.84 2.51 22.79 3.71 45.877545 12.306887 0 1
4.84 -2.86 1.42 22.66 3.71 45.877545 12.306887 0 1
7.24 -8.42 1.59 23.43 3.71 45.877545 12.306887 0 1
5.89 -5.88 2.32 22.9 3.71 45.877545 12.306887 0 1
4.66 -7.18 3.0 24.27 3.71 45.877545 12.306887 0 1
5.91 -8.24 2.39 23.05 3.71 45.877545 12.306887 0 1
7.26 -10.0 2.49 22.5 3.71 45.877545 12.306887 0 1
4.04 -7.08 2.12 21.9 3.71 45.877545 12.306887 0 1
5.82 -8.55 1.69 21.99 3.71 45.877545 12.306887 0 1
5.33 -8.58 1.64 22.71 3.81 45.877522 12.306848 1 1
6.37 -8.46 1.8 22.9 3.81 45.877522 12.306848 0 1
6.48 -6.12 1.34 22.69 3.81 45.877522 12.306848 1 1
2.84 -5.62 0.93 28.79 3.81 45.877522 12.306848 0 1
4.72 -19.61 0.38 22.28 3.81 45.877522 12.306848 0 1
4.09 -9.19 1.38 23.65 3.81 45.877522 12.306848 0 1
4.8 -7.24 2.7 27.34 3.81 45.877522 12.306848 0 1
5.02 -7.32 1.55 23.07 3.81 45.877522 12.306848 0 1
4.9 -3.27 2.85 20.61 3.81 45.877522 12.306848 0 1
1.03 -9.68 3.07 22.64 3.81 45.877522 12.306848 0 1
9.48 -5.91 2.38 22.59 3.81 45.877522 12.306848 0 1
5.95 -6.11 2.59 22.93 3.81 45.877522 12.306848 0 1
6.71 -8.81 1.31 23.67 3.81 45.877522 12.306848 0 1
5.41 -6.84 1.24 28.88 3.81 45.877522 12.306848 0 1
5.51 -8.26 3.09 22.14 3.81 45.877522 12.306848 0 1
