6.09 -7.57 1.39 24.68 2.36 45.877616 12.307322 0 0
6.3 -8.11 1.6 23.08 2.36 45.877616 12.307322 0 0
6.21 -7.69 1.74 23.05 2.36 45.877616 12.307322 0 0
6.55 -7.61 1.78 22.5 2.36 45.877616 12.307322 0 0
6.09 -7.79 2.32 23.62 2.36 45.877616 12.307322 0 0
5.4 -7.9 1.87 23.03 2.36 45.877616 12.307322 0 0
5.54 -8.47 1.38 23.03 2.36 45.877616 12.307322 0 0
5.41 -7.74 3.23 22.19 2.36 45.877616 12.307322 0 0
6.14 -7.78 2.04 22.29 2.36 45.877616 12.307322 0 0
6.32 -7.84 1.85 23.22 2.36 45.877616 12.307322 0 0
5.99 -7.66 1.55 23.17 2.36 45.877616 12.307322 0 0
5.58 -7.67 2.34 23.2 2.36 45.877616 12.307322 0 0
5.75 -7.67 1.93 23.15 2.36 45.877616 12.307322 0 0
6.11 -7.8 1.94 22.96 3.04 45.877608 12.307289 1 0
6.08 -7.36 1.71 23.91 3.04 45.877608 12.307289 0 0
6.34 -8.14 1.78 23.1 3.04 45.877608 12.307289 1 0
6.0 -8.01 1.8 24.47 3.04 45.877608 12.307289 0 0
5.77 -7.75 1.87 24.95 3.04 45.877608 12.307289 0 0
5.81 -7.88 1.55 22.98 3.04 45.877608 12.307289 0 0
6.09 -8.13 1.61 22.67 3.04 45.877608 12.307289 0 0
5.85 -7.43 1.53 23.2 3.04 45.877608 12.307289 0 0
6.05 -7.54 1.86 23.32 3.04 45.877608 12.307289 0 0
6.02 -7.65 1.76 22.86 3.04 45.877608 12.307289 0 0
6.26 -7.48 1.81 22.79 3.04 45.877608 12.307289 0 0
5.86 -7.55 1.48 23.58 3.04 45.877608 12.307289 0 0
6.11 -7.97 1.42 24.1 3.04 45.877608 12.307289 0 0
6.0 -7.71 1.4 23.15 3.04 45.877608 12.307289 0 0
6.06 -7.55 1.9 23.07 3.04 45.877608 12.307289 0 0
6.28 -7.72 1.35 23.46 3.04 45.877608 12.307289 0 0
5.73 -8.02 1.38 22.91 3.04 45.877608 12.307289 0 0
5.52 -8.09 1.56 24.32 3.27 45.877602 12.307250 1 0
5.39 -7.58 2.11 23.2 3.27 45.877602 12.307250 0 0
6.14 -7.88 2.01 22.81 3.27 45.877602 12.307250 1 0
6.04 -7.6 2.34 22.64 3.27 45.877602 12.307250 0 0
6.33 -7.75 2.03 22.4 3.27 45.877602 12.307250 0 0
