6.42 -8.51 1.94 27.47 2.75 45.877623 12.307386 1 0
6.22 -7.75 1.86 22.86 2.75 45.877623 12.307386 0 0
5.52 -7.62 1.66 22.84 2.75 45.877623 12.307386 0 0
6.16 -8.36 1.88 23.17 2.75 45.877623 12.307386 0 0
5.74 -8.84 1.94 22.9 2.75 45.877623 12.307386 0 0
6.72 -7.23 1.62 23.51 2.75 45.877623 12.307386 0 0
6.14 -8.07 1.27 24.47 2.75 45.877623 12.307386 0 0
5.77 -7.26 1.9 23.68 2.75 45.877623 12.307386 0 0
6.76 -7.21 2.29 22.81 2.75 45.877623 12.307386 0 0
6.21 -7.24 1.99 23.22 2.75 45.877623 12.307386 0 0
5.87 -7.77 2.22 26.63 2.75 45.877623 12.307386 0 0
6.31 -7.41 1.69 22.93 2.75 45.877623 12.307386 0 0
6.07 -8.06 2.28 22.86 2.75 45.877623 12.307386 0 0
7.17 -7.23 1.59 25.93 2.75 45.877623 12.307386 0 0
5.22 -8.97 1.88 23.36 2.75 45.877623 12.307386 0 0
5.54 -6.75 1.49 24.46 2.99 45.877619 12.307352 1 0
6.6 -8.17 2.06 23.2 2.99 45.877619 12.307352 0 0
5.33 -8.34 1.75 22.55 2.99 45.877619 12.307352 1 0
5.91 -8.02 1.6 22.48 2.99 45.877619 12.307352 0 0
5.97 -7.01 1.83 23.46 2.99 45.877619 12.307352 0 0
6.41 -8.27 1.96 26.53 2.99 45.877619 12.307352 0 0
6.77 -7.99 2.08 22.59 2.99 45.877619 12.307352 0 0
5.71 -7.99 2.39 25.47 2.99 45.877619 12.307352 0 0
5.9 -7.25 2.13 24.13 2.99 45.877619 12.307352 0 0
5.77 -7.38 1.87 22.62 2.99 45.877619 12.307352 0 0
5.71 -7.68 2.11 23.12 2.99 45.877619 12.307352 0 0
6.44 -8.6 1.8 23.67 2.99 45.877619 12.307352 0 0
5.67 -7.73 1.87 23.36 2.99 45.877619 12.307352 0 0
5.78 -7.75 2.36 22.78 2.99 45.877619 12.307352 0 0
5.96 -7.82 1.56 23.03 2.99 45.877619 12.307352 0 0
6.01 -8.37 1.91 23.0 2.99 45.877619 12.307352 0 0
5.98 -7.88 2.06 23.56 2.99 45.877619 12.307352 0 0
6.05 -7.79 1.94 22.84 2.36 45.877616 12.307322 1 0
6.02 -7.67 1.7 23.17 2.36 45.877616 12.307322 0 0
5.89 -7.67 2.12 22.54 2.36 45.877616 12.307322 1 0
