5.88 -8.25 1.52 21.49 2.76 45.408002 11.888340 1 0
5.53 -7.7 1.68 21.99 2.76 45.408002 11.888340 0 0
5.65 -7.46 1.75 21.95 2.76 45.408002 11.888340 1 0
5.99 -7.92 1.61 21.8 2.76 45.408002 11.888340 1 0
6.08 -8.11 1.68 21.95 2.76 45.408002 11.888340 1 0
5.94 -7.68 2.0 21.95 2.76 45.408002 11.888340 1 0
5.93 -7.42 2.11 21.93 2.76 45.408002 11.888340 1 0
6.15 -7.63 2.02 21.78 2.76 45.408002 11.888340 1 0
6.33 -7.74 2.09 22.0 2.76 45.408002 11.888340 1 0
6.3 -7.61 2.23 21.59 2.76 45.408002 11.888340 1 0
6.12 -7.51 2.09 22.07 2.76 45.408002 11.888340 1 0
5.86 -7.59 1.84 22.11 2.76 45.408002 11.888340 1 0
5.61 -7.86 1.79 22.05 2.76 45.408002 11.888340 1 0
5.53 -8.16 1.77 22.0 2.76 45.408002 11.888340 1 0
5.65 -8.18 1.72 21.97 2.76 45.408002 11.888340 1 0
5.8 -7.95 1.76 21.8 2.76 45.408002 11.888340 1 0
5.87 -7.8 1.8 21.93 2.76 45.408002 11.888340 1 0
5.99 -7.78 1.73 21.9 3.04 45.407997 11.888302 0 0
6.19 -7.75 1.7 21.92 3.04 45.407997 11.888302 1 0
6.28 -7.73 1.7 21.52 3.04 45.407997 11.888302 0 0
6.12 -7.7 1.59 22.04 3.04 45.407997 11.888302 1 0
5.92 -7.65 1.61 22.09 3.04 45.407997 11.888302 1 0
5.89 -7.74 1.88 22.0 3.04 45.407997 11.888302 1 0
5.94 -8.0 1.98 21.9 3.04 45.407997 11.888302 1 0
5.83 -8.16 1.69 21.8 3.04 45.407997 11.888302 1 0
5.62 -8.11 1.52 22.02 3.04 45.407997 11.888302 1 0
5.59 -7.97 1.73 22.11 3.04 45.407997 11.888302 1 0
5.82 -7.8 1.98 22.05 3.04 45.407997 11.888302 1 0
6.1 -7.7 2.01 22.0 3.04 45.407997 11.888302 1 0
6.23 -7.72 1.92 21.97 3.04 45.407997 11.888302 1 0
6.21 -7.74 1.81 22.54 3.04 45.407997 11.888302 1 0
6.13 -7.63 1.79 21.75 3.04 45.407997 11.888302 1 0
6.1 -7.53 1.91 22.16 3.04 45.407997 11.888302 1 0
6.15 -7.68 1.99 21.83 3.04 45.407997 11.888302 1 0
6.11 -7.96 1.87 21.92 2.76 45.407992 11.888264 0 0
