5.6 -7.87 1.65 22.93 2.48 45.406287 11.894028 1
5.55 -7.95 1.7 22.45 2.53 45.406296 11.894054 0
5.66 -7.93 1.89 21.75 2.53 45.406296 11.894054 1
5.84 -7.97 2.01 21.88 2.53 45.406296 11.894054 0
6.02 -8.0 1.91 22.28 2.53 45.406296 11.894054 1
6.05 -7.77 1.82 22.45 2.53 45.406296 11.894054 1
5.82 -7.56 1.94 23.22 2.53 45.406296 11.894054 1
5.67 -7.71 2.1 21.9 2.53 45.406296 11.894054 1
5.95 -7.92 2.01 21.85 2.53 45.406296 11.894054 1
6.27 -7.85 1.79 21.9 2.53 45.406296 11.894054 1
6.04 -7.77 1.75 22.05 2.53 45.406296 11.894054 1
5.54 -7.8 1.8 22.93 2.53 45.406296 11.894054 1
5.48 -7.8 1.72 22.0 2.53 45.406296 11.894054 1
5.77 -7.82 1.63 22.45 2.53 45.406296 11.894054 1
5.84 -7.93 1.63 23.31 2.53 45.406296 11.894054 1
5.71 -7.94 1.52 22.09 2.53 45.406296 11.894054 1
5.73 -7.86 1.39 26.03 2.53 45.406296 11.894054 1
5.82 -7.78 1.53 24.59 2.53 45.406296 11.894054 1
5.8 -7.67 1.69 23.12 2.53 45.406296 11.894054 1
5.87 -7.76 1.63 22.79 1.84 45.406301 11.894075 0
6.07 -8.22 1.67 22.69 1.84 45.406301 11.894075 1
6.03 -8.39 1.97 27.08 1.84 45.406301 11.894075 0
5.7 -7.97 2.12 21.78 1.84 45.406301 11.894075 1
5.57 -7.7 1.92 22.28 1.84 45.406301 11.894075 1
5.75 -7.91 1.76 22.17 1.84 45.406301 11.894075 1
5.78 -7.97 1.84 22.54 1.84 45.406301 11.894075 1
5.58 -7.75 2.0 23.22 1.84 45.406301 11.894075 1
5.57 -7.7 2.09 22.05 1.84 45.406301 11.894075 1
5.82 -7.81 1.95 22.91 1.84 45.406301 11.894075 1
6.02 -7.87 1.68 22.09 1.84 45.406301 11.894075 1
6.12 -7.85 1.66 22.5 1.84 45.406301 11.894075 1
6.15 -7.77 1.88 22.48 1.84 45.406301 11.894075 1
5.93 -7.76 1.92 22.09 1.84 45.406301 11.894075 1
5.6 -8.04 1.85 22.42 1.84 45.406301 11.894075 1
5.62 -8.28 1.9 21.54 1.84 45.406301 11.894075 1
