6.52 -7.5 1.39 21.87 2.67 45.406277 11.894003 0
5.91 -7.43 1.71 95.18 2.67 45.406277 11.894003 0
6.02 -7.57 1.66 21.75 2.67 45.406277 11.894003 1
6.15 -7.74 1.69 22.21 2.67 45.406277 11.894003 0
5.82 -7.7 2.0 21.78 2.67 45.406277 11.894003 1
5.81 -7.65 2.03 22.64 2.67 45.406277 11.894003 1
6.34 -7.82 1.61 23.08 2.67 45.406277 11.894003 1
6.39 -7.95 1.42 21.63 2.67 45.406277 11.894003 1
5.78 -7.79 1.66 22.11 2.67 45.406277 11.894003 1
5.55 -7.77 1.77 22.36 2.67 45.406277 11.894003 1
5.99 -8.09 1.58 22.47 2.67 45.406277 11.894003 1
6.26 -8.21 1.54 23.19 2.67 45.406277 11.894003 1
6.09 -7.86 1.75 22.4 2.67 45.406277 11.894003 1
5.98 -7.63 1.82 22.14 2.67 45.406277 11.894003 1
6.1 -7.75 1.69 23.46 2.67 45.406277 11.894003 1
6.19 -7.83 1.65 22.11 2.67 45.406277 11.894003 1
6.22 -7.8 1.74 22.14 2.67 45.406277 11.894003 1
6.28 -7.92 1.77 22.35 2.67 45.406277 11.894003 1
6.19 -8.04 1.77 21.88 2.67 45.406277 11.894003 1
5.84 -7.91 1.83 22.84 2.48 45.406287 11.894028 0
5.57 -7.76 1.94 22.0 2.48 45.406287 11.894028 1
5.69 -7.87 2.04 22.74 2.48 45.406287 11.894028 0
5.95 -8.1 2.04 22.17 2.48 45.406287 11.894028 1
5.95 -8.12 1.88 22.28 2.48 45.406287 11.894028 1
5.77 -7.92 1.77 22.76 2.48 45.406287 11.894028 1
5.75 -7.72 1.9 22.4 2.48 45.406287 11.894028 1
5.91 -7.68 1.99 22.35 2.48 45.406287 11.894028 1
6.06 -7.78 1.78 22.05 2.48 45.406287 11.894028 1
6.09 -7.87 1.64 21.95 2.48 45.406287 11.894028 1
6.02 -7.86 1.87 22.83 2.48 45.406287 11.894028 1
5.86 -7.78 2.05 22.4 2.48 45.406287 11.894028 1
5.75 -7.76 1.8 22.86 2.48 45.406287 11.894028 1
5.8 -7.8 1.49 22.5 2.48 45.406287 11.894028 1
5.89 -7.8 1.49 22.11 2.48 45.406287 11.894028 1
5.79 -7.78 1.62 23.05 2.48 45.406287 11.894028 1
