6.1 -8.07 1.67 22.66 1.5 45.406302 11.894120 1
5.71 -7.88 1.63 22.05 1.31 45.406305 11.894139 0
5.72 -7.94 1.44 22.24 1.31 45.406305 11.894139 1
6.0 -8.05 1.37 22.35 1.31 45.406305 11.894139 0
5.96 -7.93 1.53 21.87 1.31 45.406305 11.894139 1
5.64 -7.85 1.61 29.38 1.31 45.406305 11.894139 1
5.55 -7.99 1.62 22.45 1.31 45.406305 11.894139 1
5.75 -8.06 1.84 22.35 1.31 45.406305 11.894139 1
5.98 -7.95 1.98 21.81 1.31 45.406305 11.894139 1
6.08 -7.98 1.77 21.8 1.31 45.406305 11.894139 1
5.99 -8.07 1.65 22.42 1.31 45.406305 11.894139 1
5.73 -7.89 1.85 22.07 1.31 45.406305 11.894139 1
5.61 -7.65 1.97 22.45 1.31 45.406305 11.894139 1
5.87 -7.76 1.89 22.0 1.31 45.406305 11.894139 1
6.1 -7.97 1.87 22.0 1.31 45.406305 11.894139 1
5.88 -7.84 1.85 22.11 1.31 45.406305 11.894139 1
5.52 -7.72 1.64 22.14 1.31 45.406305 11.894139 1
5.57 -8.0 1.52 21.99 1.31 45.406305 11.894139 1
5.89 -8.18 1.74 23.2 1.31 45.406305 11.894139 1
5.93 -7.9 1.93 22.0 1.3 45.406303 11.894156 0
5.74 -7.71 1.78 23.15 1.3 45.406303 11.894156 1
5.71 -7.89 1.59 21.87 1.3 45.406303 11.894156 0
5.84 -7.9 1.7 22.23 1.3 45.406303 11.894156 1
5.96 -7.7 1.87 23.94 1.3 45.406303 11.894156 1
6.03 -7.77 1.81 22.4 1.3 45.406303 11.894156 1
5.94 -7.97 1.71 22.02 1.3 45.406303 11.894156 1
5.7 -7.84 1.71 21.92 1.3 45.406303 11.894156 1
5.66 -7.72 1.58 22.14 1.3 45.406303 11.894156 1
5.9 -7.95 1.32 22.09 1.3 45.406303 11.894156 1
5.98 -8.03 1.33 23.38 1.3 45.406303 11.894156 1
5.74 -7.81 1.6 22.57 1.3 45.406303 11.894156 1
5.68 -7.83 1.72 22.55 1.3 45.406303 11.894156 1
5.87 -8.1 1.69 22.45 1.3 45.406303 11.894156 1
5.89 -8.02 1.84 21.99 1.3 45.406303 11.894156 1
5.81 -7.69 2.03 22.02 1.3 45.406303 11.894156 1
