6.12 -7.61 1.8 22.52 1.55 45.406301 11.894168 1 0
5.87 -7.6 2.02 23.26 1.55 45.406301 11.894168 1 0
6.15 -7.83 2.07 21.95 1.78 45.406300 11.894196 0 0
6.12 -7.53 1.84 22.9 1.78 45.406300 11.894196 1 0
6.27 -8.02 1.83 21.99 1.78 45.406300 11.894196 0 0
5.81 -7.63 1.69 23.27 1.78 45.406300 11.894196 1 0
6.04 -8.04 1.73 22.35 1.78 45.406300 11.894196 1 0
5.95 -7.57 1.93 22.43 1.78 45.406300 11.894196 1 0
5.72 -7.91 1.55 22.4 1.78 45.406300 11.894196 1 0
5.71 -8.05 1.7 21.9 1.78 45.406300 11.894196 1 0
5.71 -8.14 1.7 22.24 1.78 45.406300 11.894196 1 0
5.59 -7.84 1.58 21.99 1.78 45.406300 11.894196 1 0
5.77 -8.22 1.78 22.04 1.78 45.406300 11.894196 1 0
5.63 -7.53 1.84 22.47 1.78 45.406300 11.894196 1 0
5.76 -7.65 2.01 22.04 1.78 45.406300 11.894196 1 0
5.85 -7.84 2.12 22.04 1.78 45.406300 11.894196 1 0
6.14 -7.57 2.12 22.09 1.78 45.406300 11.894196 1 0
5.94 -7.76 1.97 22.09 1.78 45.406300 11.894196 1 0
5.9 -7.81 2.04 21.9 1.78 45.406300 11.894196 1 0
5.73 -7.81 1.95 21.92 1.78 45.406300 11.894196 1 0
5.88 -7.84 1.99 21.9 1.14 45.406295 11.894219 0 0
5.94 -7.97 2.16 22.79 1.14 45.406295 11.894219 1 0
5.83 -8.11 1.51 22.36 1.14 45.406295 11.894219 0 0
5.61 -8.16 2.12 22.45 1.14 45.406295 11.894219 1 0
5.64 -7.6 2.15 22.02 1.14 45.406295 11.894219 1 0
5.89 -8.22 2.06 21.63 1.14 45.406295 11.894219 1 0
5.91 -7.61 2.02 22.43 1.14 45.406295 11.894219 1 0
6.15 -7.59 1.5 22.5 1.14 45.406295 11.894219 1 0
6.16 -7.73 1.44 22.14 1.14 45.406295 11.894219 1 0
6.07 -7.98 1.81 22.14 1.14 45.406295 11.894219 1 0
5.33 -7.95 2.22 22.14 1.14 45.406295 11.894219 1 0
5.87 -8.04 1.93 22.05 1.14 45.406295 11.894219 1 0
5.84 -7.63 1.61 22.16 1.14 45.406295 11.894219 1 0
5.87 -8.24 1.47 22.24 1.14 45.406295 11.894219 1 0
5.73 -7.63 1.39 22.19 1.14 45.406295 11.894219 1 0
