5.28 -7.31 1.85 22.52 2.37 45.406320 11.894440 1 0
5.82 -7.99 1.7 21.92 2.37 45.406320 11.894440 1 0
6.22 -7.92 1.79 22.76 2.13 45.406317 11.894474 0 0
5.89 -8.25 1.78 22.48 2.13 45.406317 11.894474 1 0
5.49 -7.72 1.83 24.87 2.13 45.406317 11.894474 0 0
5.54 -7.78 1.73 22.95 2.13 45.406317 11.894474 1 0
5.88 -7.88 1.79 22.33 2.13 45.406317 11.894474 1 0
5.8 -7.84 1.8 22.19 2.13 45.406317 11.894474 1 0
5.81 -8.03 1.67 21.78 2.13 45.406317 11.894474 1 0
5.86 -7.73 1.87 22.24 2.13 45.406317 11.894474 1 0
5.56 -8.0 1.83 22.38 2.13 45.406317 11.894474 1 0
5.88 -7.64 1.59 22.67 2.13 45.406317 11.894474 1 0
5.82 -7.88 1.64 22.69 2.13 45.406317 11.894474 1 0
6.01 -7.64 1.7 23.07 2.13 45.406317 11.894474 1 0
5.93 -8.01 1.56 22.29 2.13 45.406317 11.894474 1 0
5.99 -8.09 1.87 22.31 2.13 45.406317 11.894474 1 0
5.61 -7.86 1.9 22.78 2.13 45.406317 11.894474 1 0
5.74 -7.91 1.67 22.62 2.13 45.406317 11.894474 1 0
5.88 -8.14 1.72 22.04 2.13 45.406317 11.894474 1 0
5.85 -8.11 1.66 22.29 2.13 45.406317 11.894474 1 0
5.73 -8.12 1.77 21.88 2.23 45.406314 11.894509 0 0
5.23 -8.08 1.81 21.99 2.23 45.406314 11.894509 1 0
5.23 -8.08 1.81 21.99 2.23 45.406314 11.894509 1 0
5.22 -8.09 1.81 22.0 2.23 45.406314 11.894509 1 0
5.24 -8.07 1.8 21.99 2.23 45.406314 11.894509 1 0
5.23 -8.07 1.82 21.99 2.23 45.406314 11.894509 1 0
5.22 -8.08 1.8 21.99 2.23 45.406314 11.894509 1 0
5.23 -8.07 1.81 22.0 2.23 45.406314 11.894509 1 0
5.24 -8.08 1.81 21.99 2.23 45.406314 11.894509 1 0
5.22 -8.07 1.81 21.99 2.23 45.406314 11.894509 1 0
5.24 -8.08 1.81 22.0 2.23 45.406314 11.894509 1 0
5.23 -8.09 1.82 21.98 2.23 45.406314 11.894509 1 0
5.23 -8.07 1.8 21.99 2.23 45.406314 11.894509 1 0
5.24 -8.08 1.81 21.98 2.23 45.406314 11.894509 1 0
5.23 -8.07 1.82 22.0 2.23 45.406314 11.894509 1 0
