6.53 -7.72 1.73 21.68 1.0 45.406316 11.894072 1 0
6.42 -8.52 1.79 22.05 1.0 45.406316 11.894072 1 0
6.25 -8.78 1.55 22.66 1.54 45.406317 11.894092 0 0
5.89 -7.73 1.29 22.59 1.54 45.406317 11.894092 1 0
5.62 -7.07 1.51 22.09 1.54 45.406317 11.894092 0 0
5.73 -7.85 1.9 22.31 1.54 45.406317 11.894092 1 0
5.76 -8.55 1.85 22.33 1.54 45.406317 11.894092 1 0
5.59 -8.18 1.56 21.57 1.54 45.406317 11.894092 1 0
5.75 -7.71 1.6 22.24 1.54 45.406317 11.894092 1 0
5.94 -7.74 1.86 22.21 1.54 45.406317 11.894092 1 0
5.71 -7.8 1.86 22.91 1.54 45.406317 11.894092 1 0
5.65 -7.71 1.64 21.87 1.54 45.406317 11.894092 1 0
6.12 -7.78 1.59 21.88 1.54 45.406317 11.894092 1 0
6.29 -8.03 1.85 22.14 1.54 45.406317 11.894092 1 0
5.88 -8.04 2.12 23.1 1.54 45.406317 11.894092 1 0
5.59 -7.63 2.09 22.86 1.54 45.406317 11.894092 1 0
5.66 -7.41 1.82 22.29 1.54 45.406317 11.894092 1 0
5.79 -7.89 1.68 22.42 1.54 45.406317 11.894092 1 0
5.88 -8.45 1.76 21.42 1.54 45.406317 11.894092 1 0
5.83 -8.33 1.8 21.83 1.54 45.406317 11.894092 1 0
5.58 -7.86 1.66 22.4 2.06 45.406316 11.894118 0 0
5.6 -7.7 1.58 22.19 2.06 45.406316 11.894118 1 0
6.07 -7.8 1.7 21.87 2.06 45.406316 11.894118 0 0
6.35 -7.89 1.83 21.83 2.06 45.406316 11.894118 1 0
6.15 -7.87 1.8 21.9 2.06 45.406316 11.894118 1 0
5.92 -7.68 1.68 21.9 2.06 45.406316 11.894118 1 0
5.93 -7.53 1.58 21.83 2.06 45.406316 11.894118 1 0
6.02 -7.74 1.53 21.87 2.06 45.406316 11.894118 1 0
6.07 -8.06 1.57 22.5 2.06 45.406316 11.894118 1 0
5.97 -7.96 1.7 22.47 2.06 45.406316 11.894118 1 0
5.69 -7.71 1.72 22.52 2.06 45.406316 11.894118 1 0
5.57 -7.88 1.65 22.09 2.06 45.406316 11.894118 1 0
5.75 -8.16 1.71 22.02 2.06 45.406316 11.894118 1 0
5.9 -7.99 1.93 22.04 2.06 45.406316 11.894118 1 0
5.84 -7.69 2.05 22.47 2.06 45.406316 11.894118 1 0
