5.73 -7.75 1.81 21.56 2.56 45.408358 11.890006 1 0
6.0 -7.63 1.58 21.97 2.88 45.408348 11.889970 0 0
5.99 -7.85 1.74 22.0 2.88 45.408348 11.889970 1 0
6.3 -7.78 1.54 22.02 2.88 45.408348 11.889970 0 0
6.18 -7.95 1.26 21.97 2.88 45.408348 11.889970 1 0
6.08 -7.67 1.44 21.47 2.88 45.408348 11.889970 1 0
6.11 -7.91 1.53 21.51 2.88 45.408348 11.889970 1 0
6.0 -7.89 1.75 21.92 2.88 45.408348 11.889970 1 0
6.14 -7.64 1.6 22.07 2.88 45.408348 11.889970 1 0
5.88 -7.75 1.72 22.05 2.88 45.408348 11.889970 1 0
5.6 -7.62 1.73 22.12 2.88 45.408348 11.889970 1 0
5.7 -8.4 1.86 21.57 2.88 45.408348 11.889970 1 0
5.75 -7.6 1.9 21.54 2.88 45.408348 11.889970 1 0
5.62 -8.13 1.83 21.57 2.88 45.408348 11.889970 1 0
6.19 -7.74 1.74 21.63 2.88 45.408348 11.889970 1 0
6.08 -7.73 1.99 22.14 2.88 45.408348 11.889970 1 0
5.9 -7.52 1.97 22.24 2.88 45.408348 11.889970 1 0
6.02 -7.68 1.87 22.23 2.88 45.408348 11.889970 1 0
5.72 -7.58 2.04 21.81 2.88 45.408348 11.889970 1 0
6.34 -8.0 2.18 21.35 3.05 45.408339 11.889932 0 0
5.97 -8.27 1.8 21.8 3.05 45.408339 11.889932 1 0
5.97 -7.68 2.28 22.09 3.05 45.408339 11.889932 0 0
5.67 -7.63 2.05 22.12 3.05 45.408339 11.889932 1 0
5.68 -7.34 1.88 22.21 3.05 45.408339 11.889932 1 0
5.38 -8.31 2.01 21.95 3.05 45.408339 11.889932 1 0
6.04 -7.91 1.63 21.73 3.05 45.408339 11.889932 1 0
5.99 -8.22 1.76 21.73 3.05 45.408339 11.889932 1 0
5.75 -8.04 1.58 21.64 3.05 45.408339 11.889932 1 0
6.01 -7.57 1.76 22.55 3.05 45.408339 11.889932 1 0
6.28 -7.29 1.78 22.23 3.05 45.408339 11.889932 1 0
5.75 -7.83 1.73 21.81 3.05 45.408339 11.889932 1 0
5.92 -7.86 1.56 22.19 3.05 45.408339 11.889932 1 0
5.81 -8.12 1.68 21.93 3.05 45.408339 11.889932 1 0
5.85 -7.67 1.82 21.47 3.05 45.408339 11.889932 1 0
5.98 -8.5 1.58 21.47 3.05 45.408339 11.889932 1 0
