6.59 -8.03 2.05 23.07 2.1 45.407336 11.879622 0
6.71 -7.57 2.17 23.05 2.1 45.407336 11.879622 0
5.6 -7.88 1.97 23.15 2.1 45.407336 11.879622 0
4.74 -7.69 1.5 40.41 2.1 45.407336 11.879622 0
6.0 -8.31 1.43 22.62 2.1 45.407336 11.879622 0
5.81 -8.27 1.93 21.42 2.1 45.407336 11.879622 0
5.98 -7.76 2.28 19.79 2.1 45.407336 11.879622 0
6.79 -9.61 1.51 19.4 1.65 45.407326 11.879632 1
5.4 -9.59 1.94 20.75 1.65 45.407326 11.879632 0
6.24 -7.31 1.73 21.71 1.65 45.407326 11.879632 1
5.57 -7.05 2.18 21.81 1.65 45.407326 11.879632 0
5.75 -6.28 1.98 21.88 1.65 45.407326 11.879632 0
5.98 -7.38 1.84 21.76 1.65 45.407326 11.879632 0
6.09 -8.32 1.28 22.14 1.65 45.407326 11.879632 0
6.41 -7.66 1.14 21.93 1.65 45.407326 11.879632 0
6.1 -7.67 2.03 21.99 1.65 45.407326 11.879632 0
5.41 -7.05 1.84 21.32 1.65 45.407326 11.879632 0
6.46 -8.53 1.85 22.4 1.65 45.407326 11.879632 0
5.97 -7.06 1.92 21.9 1.65 45.407326 11.879632 0
6.53 -8.12 1.64 21.78 1.65 45.407326 11.879632 0
5.77 -7.75 2.12 21.87 1.65 45.407326 11.879632 0
6.63 -7.12 2.02 21.57 1.65 45.407326 11.879632 0
5.15 -8.02 1.41 21.87 1.65 45.407326 11.879632 0
5.47 -9.8 2.17 20.61 1.65 45.407326 11.879632 0
8.03 -9.95 1.72 20.97 1.58 45.407329 11.879661 1
5.85 -6.84 2.23 21.3 1.58 45.407329 11.879661 0
3.9 -6.68 2.08 23.1 1.58 45.407329 11.879661 1
6.98 -8.28 2.65 23.1 1.58 45.407329 11.879661 0
4.98 -7.07 0.05 23.91 1.58 45.407329 11.879661 0
7.69 -5.47 2.24 23.24 1.58 45.407329 11.879661 0
8.22 -8.98 0.94 22.59 1.58 45.407329 11.879661 0
5.73 -10.58 1.76 24.27 1.58 45.407329 11.879661 0
6.49 -9.37 0.16 24.22 1.58 45.407329 11.879661 0
5.89 -6.85 1.21 24.85 1.58 45.407329 11.879661 0
6.5 -5.08 2.48 23.2 1.58 45.407329 11.879661 0
