4.93 -9.44 -0.62 22.04 1.58 45.407329 11.879661 0
6.62 -10.67 0.74 22.35 1.58 45.407329 11.879661 0
5.17 -6.88 3.56 22.38 1.58 45.407329 11.879661 0
6.53 -5.8 0.82 23.26 1.58 45.407329 11.879661 0
6.55 -8.25 2.93 27.77 1.58 45.407329 11.879661 0
5.47 -10.08 1.83 26.45 1.58 45.407329 11.879661 0
5.11 -6.96 2.01 21.45 1.58 45.407329 11.879661 0
6.25 -8.41 1.86 21.42 1.81 45.407331 11.879691 1
5.83 -7.55 1.61 22.09 1.81 45.407331 11.879691 0
4.76 -9.39 2.86 22.43 1.81 45.407331 11.879691 1
5.71 -6.37 1.03 311.94 1.81 45.407331 11.879691 0
4.4 -6.18 1.35 22.05 1.81 45.407331 11.879691 0
5.38 -7.52 0.35 22.95 1.81 45.407331 11.879691 0
6.37 -8.02 0.87 23.15 1.81 45.407331 11.879691 0
2.05 -8.27 3.12 22.09 1.81 45.407331 11.879691 0
6.81 -10.95 2.98 20.51 1.81 45.407331 11.879691 0
7.21 -5.84 4.06 22.17 1.81 45.407331 11.879691 0
6.81 -10.15 1.49 24.27 1.81 45.407331 11.879691 0
4.19 -4.81 1.67 24.2 1.81 45.407331 11.879691 0
7.78 -6.35 1.62 23.58 1.81 45.407331 11.879691 0
4.36 -8.51 1.56 22.69 1.81 45.407331 11.879691 0
6.06 -3.51 1.84 21.92 3.23 45.407345 11.879733 1
5.54 -11.46 3.47 21.03 3.23 45.407345 11.879733 0
4.87 -6.48 2.25 22.52 3.23 45.407345 11.879733 1
4.82 -6.76 2.02 30.29 3.23 45.407345 11.879733 0
8.04 -9.43 0.07 21.97 3.23 45.407345 11.879733 0
6.26 -4.22 0.96 21.8 3.23 45.407345 11.879733 0
5.03 -8.14 3.5 21.83 3.23 45.407345 11.879733 0
4.5 -6.82 0.67 21.73 3.23 45.407345 11.879733 0
5.58 -8.01 1.98 21.97 3.23 45.407345 11.879733 0
6.15 -7.35 1.68 23.77 3.23 45.407345 11.879733 0
5.95 -8.72 2.24 21.33 3.23 45.407345 11.879733 0
5.39 -8.77 1.47 21.92 3.23 45.407345 11.879733 0
5.74 -7.83 1.01 22.23 3.23 45.407345 11.879733 0
5.62 -5.64 1.43 22.07 3.23 45.407345 11.879733 0
