6.32 -7.52 1.57 21.63 0.86 45.407325 11.879582 0
6.1 -7.74 1.92 21.68 0.86 45.407325 11.879582 0
5.98 -7.88 1.95 22.14 0.86 45.407325 11.879582 0
5.56 -7.83 2.21 22.19 0.86 45.407325 11.879582 0
5.32 -7.82 1.78 22.02 0.86 45.407325 11.879582 0
5.98 -7.53 1.62 21.23 0.86 45.407325 11.879582 0
6.16 -7.62 1.05 21.23 0.86 45.407325 11.879582 0
5.67 -7.66 1.2 20.91 1.11 45.407336 11.879597 1
5.3 -7.98 2.04 20.17 1.11 45.407336 11.879597 0
5.54 -8.41 1.34 20.51 1.11 45.407336 11.879597 1
5.57 -7.92 1.57 20.39 1.11 45.407336 11.879597 0
6.05 -7.71 1.48 19.98 1.11 45.407336 11.879597 0
5.52 -7.43 1.58 20.51 1.11 45.407336 11.879597 0
5.83 -7.98 1.33 20.72 1.11 45.407336 11.879597 0
6.18 -8.66 1.46 21.13 1.11 45.407336 11.879597 0
6.29 -7.19 1.26 22.48 1.11 45.407336 11.879597 0
6.04 -6.84 1.11 23.2 1.11 45.407336 11.879597 0
5.48 -6.62 1.1 24.32 1.11 45.407336 11.879597 0
6.48 -7.72 1.39 23.92 1.11 45.407336 11.879597 0
6.42 -7.82 1.87 23.41 1.11 45.407336 11.879597 0
6.2 -7.27 2.08 23.5 1.11 45.407336 11.879597 0
7.35 -8.35 1.64 23.15 1.11 45.407336 11.879597 0
5.22 -9.73 2.5 22.66 1.11 45.407336 11.879597 0
5.44 -8.96 1.78 22.5 1.11 45.407336 11.879597 0
6.26 -7.08 2.23 22.42 1.11 45.407336 11.879597 0
6.43 -7.77 2.5 21.76 2.1 45.407336 11.879622 1
5.52 -8.48 1.74 21.45 2.1 45.407336 11.879622 0
5.55 -8.49 1.76 21.39 2.1 45.407336 11.879622 1
5.98 -8.01 1.76 21.42 2.1 45.407336 11.879622 0
6.09 -7.95 1.71 21.71 2.1 45.407336 11.879622 0
5.8 -8.05 1.85 21.47 2.1 45.407336 11.879622 0
5.7 -7.9 1.81 21.93 2.1 45.407336 11.879622 0
6.04 -7.89 1.97 22.17 2.1 45.407336 11.879622 0
6.09 -7.68 1.64 22.35 2.1 45.407336 11.879622 0
6.43 -8.17 1.69 22.45 2.1 45.407336 11.879622 0
