5.85 -8.18 2.01 21.63 2.31 45.406279 11.894081 1 0
5.82 -8.18 1.93 23.56 2.31 45.406279 11.894081 1 0
5.58 -7.75 1.79 22.81 2.31 45.406279 11.894081 1 0
5.5 -7.39 1.81 23.2 2.31 45.406279 11.894081 1 0
5.89 -7.78 1.77 22.6 2.31 45.406279 11.894081 1 0
6.32 -8.41 1.57 21.92 2.31 45.406279 11.894081 1 0
6.26 -8.3 1.54 21.99 2.31 45.406279 11.894081 1 0
5.87 -7.72 1.71 22.04 2.31 45.406279 11.894081 1 0
5.73 -7.59 1.71 21.95 2.31 45.406279 11.894081 1 0
5.8 -7.85 1.57 21.97 2.31 45.406279 11.894081 1 0
5.73 -7.95 1.6 22.74 2.31 45.406279 11.894081 1 0
5.57 -7.93 1.78 21.81 1.58 45.406280 11.894106 0 0
5.57 -7.94 1.83 22.35 1.58 45.406280 11.894106 1 0
5.79 -7.87 1.8 21.81 1.58 45.406280 11.894106 0 0
6.06 -7.79 1.86 21.85 1.58 45.406280 11.894106 1 0
6.09 -7.79 1.97 25.81 1.58 45.406280 11.894106 1 0
5.88 -7.69 2.02 21.93 1.58 45.406280 11.894106 1 0
5.85 -7.56 1.97 22.45 1.58 45.406280 11.894106 1 0
6.16 -7.77 1.81 22.4 1.58 45.406280 11.894106 1 0
6.29 -8.06 1.68 22.05 1.58 45.406280 11.894106 1 0
5.98 -7.92 1.73 22.45 1.58 45.406280 11.894106 1 0
5.73 -7.69 1.91 22.5 1.58 45.406280 11.894106 1 0
5.78 -7.86 2.03 22.09 1.58 45.406280 11.894106 1 0
5.73 -8.08 1.98 22.07 1.58 45.406280 11.894106 1 0
5.59 -8.01 1.81 22.09 1.58 45.406280 11.894106 1 0
5.7 -7.97 1.62 22.11 1.58 45.406280 11.894106 1 0
5.85 -7.99 1.61 22.05 1.58 45.406280 11.894106 1 0
5.74 -7.8 1.77 21.75 1.58 45.406280 11.894106 1 0
5.7 -7.59 1.88 22.31 1.81 45.406283 11.894130 0 0
5.93 -7.69 1.83 21.83 1.81 45.406283 11.894130 1 0
6.04 -7.79 1.74 21.83 1.81 45.406283 11.894130 0 0
5.92 -7.73 1.73 21.78 1.81 45.406283 11.894130 1 0
5.95 -7.75 1.78 21.83 1.81 45.406283 11.894130 1 0
6.07 -7.83 1.86 22.76 1.81 45.406283 11.894130 1 0
5.91 -7.84 1.85 21.8 1.81 45.406283 11.894130 1 0
