6.56 -7.73 1.81 21.71 2.99 45.406318 11.894391 1 0
6.2 -8.45 1.88 21.33 2.99 45.406318 11.894391 1 0
5.4 -8.68 1.79 21.97 2.99 45.406318 11.894391 1 0
5.07 -7.79 1.75 22.0 2.99 45.406318 11.894391 1 0
5.36 -7.16 1.8 21.33 2.99 45.406318 11.894391 1 0
5.72 -7.91 1.75 21.23 2.99 45.406318 11.894391 1 0
5.85 -8.54 1.63 21.54 2.99 45.406318 11.894391 1 0
5.74 -7.75 1.59 22.21 2.99 45.406318 11.894391 1 0
5.66 -6.88 1.52 22.4 2.99 45.406318 11.894391 1 0
5.83 -7.25 1.45 22.66 2.99 45.406318 11.894391 1 0
6.01 -7.93 1.72 23.2 2.99 45.406318 11.894391 1 0
5.82 -7.97 2.06 21.81 1.6 45.406320 11.894421 0 0
5.62 -7.98 1.88 22.62 1.6 45.406320 11.894421 1 0
5.85 -8.29 1.49 24.03 1.6 45.406320 11.894421 0 0
6.04 -8.35 1.52 23.58 1.6 45.406320 11.894421 1 0
5.77 -8.13 1.72 22.31 1.6 45.406320 11.894421 1 0
5.54 -8.07 1.67 21.9 1.6 45.406320 11.894421 1 0
5.75 -8.07 1.66 21.93 1.6 45.406320 11.894421 1 0
5.94 -7.93 1.83 22.14 1.6 45.406320 11.894421 1 0
5.82 -7.89 1.84 22.45 1.6 45.406320 11.894421 1 0
5.78 -7.86 1.68 22.86 1.6 45.406320 11.894421 1 0
5.95 -7.72 1.66 22.6 1.6 45.406320 11.894421 1 0
6.1 -7.82 1.74 21.97 1.6 45.406320 11.894421 1 0
6.04 -8.24 1.71 22.43 1.6 45.406320 11.894421 1 0
5.77 -8.28 1.62 22.14 1.6 45.406320 11.894421 1 0
5.48 -7.82 1.67 22.09 1.6 45.406320 11.894421 1 0
5.55 -7.64 1.81 23.31 1.6 45.406320 11.894421 1 0
5.93 -7.94 1.86 21.75 1.6 45.406320 11.894421 1 0
6.04 -8.07 1.75 22.0 2.01 45.406321 11.894451 0 0
5.76 -7.81 1.65 21.97 2.01 45.406321 11.894451 1 0
5.6 -7.63 1.7 22.04 2.01 45.406321 11.894451 1 0
5.74 -7.74 1.8 22.0 2.01 45.406321 11.894451 0 0
5.85 -7.93 1.77 22.33 2.01 45.406321 11.894451 1 0
5.82 -8.02 1.7 21.69 2.01 45.406321 11.894451 1 0
5.76 -8.03 1.77 22.24 2.01 45.406321 11.894451 1 0
