6.26 -8.02 1.2 21.64 3.32 45.408239 11.889715 1
5.48 -7.51 1.59 21.85 3.32 45.408239 11.889715 1
6.1 -6.92 1.62 22.0 3.32 45.408239 11.889715 1
6.33 -7.23 1.67 22.31 3.32 45.408239 11.889715 1
5.7 -7.99 2.05 22.76 3.32 45.408239 11.889715 1
5.58 -8.05 2.07 22.42 3.32 45.408239 11.889715 1
5.71 -7.93 1.62 22.35 3.32 45.408239 11.889715 1
5.38 -8.14 1.51 22.4 2.82 45.408231 11.889670 0
5.39 -8.08 1.79 21.9 2.82 45.408231 11.889670 1
5.97 -7.72 1.87 21.54 2.82 45.408231 11.889670 0
6.13 -7.65 1.79 21.95 2.82 45.408231 11.889670 1
5.84 -7.7 1.86 22.05 2.82 45.408231 11.889670 1
5.82 -7.66 1.96 22.48 2.82 45.408231 11.889670 1
5.9 -7.77 1.92 22.0 2.82 45.408231 11.889670 1
5.8 -7.95 1.85 21.75 2.82 45.408231 11.889670 1
5.82 -7.89 1.82 22.0 2.82 45.408231 11.889670 1
5.86 -7.84 1.84 22.52 2.82 45.408231 11.889670 1
5.67 -7.95 1.79 22.05 2.82 45.408231 11.889670 1
5.64 -8.0 1.55 21.99 2.82 45.408231 11.889670 1
5.86 -7.98 1.38 25.57 2.82 45.408231 11.889670 1
5.82 -7.92 1.59 22.62 2.82 45.408231 11.889670 1
5.6 -7.71 1.86 22.16 2.82 45.408231 11.889670 1
5.82 -7.61 1.75 22.0 2.82 45.408231 11.889670 1
6.15 -7.93 1.53 21.81 2.82 45.408231 11.889670 1
6.01 -8.17 1.58 21.9 2.82 45.408231 11.889670 1
5.78 -7.81 1.68 21.92 1.94 45.408226 11.889636 0
5.87 -7.39 1.62 21.95 1.94 45.408226 11.889636 1
5.96 -7.62 1.7 21.45 1.94 45.408226 11.889636 0
5.87 -8.12 2.0 21.52 1.94 45.408226 11.889636 1
5.84 -8.2 2.1 21.9 1.94 45.408226 11.889636 1
5.71 -7.93 1.86 22.26 1.94 45.408226 11.889636 1
5.4 -7.73 1.6 22.19 1.94 45.408226 11.889636 1
5.45 -7.82 1.57 22.04 1.94 45.408226 11.889636 1
5.93 -8.15 1.74 21.59 1.94 45.408226 11.889636 1
6.07 -8.28 1.94 22.5 1.94 45.408226 11.889636 1
