5.67 -8.01 2.18 22.52 2.93  45.408366 11.890121
5.48 -8.30 1.80 22.02
5.58 -7.88 1.93 22.05
5.66 -8.31 1.84 21.87
5.81 -7.76 1.92 21.64
5.73 -7.77 2.01 22.04 2.93  45.408366 11.890121
6.06 -7.50 2.01 21.95
6.11 -7.59 1.99 21.87 2.93  45.408366 11.890121
6.14 -7.93 2.10 22.31
5.83 -8.04 1.84 22.42
5.74 -7.67 1.72 21.59
5.88 -7.86 1.87 21.52
6.27 -7.85 1.45 21.88
5.73 -7.86 1.86 22.16
5.76 -7.74 1.42 22.16
5.83 -8.03 1.27 22.05
5.98 -7.97 1.65 21.97
5.93 -7.94 1.57 22.11
5.86 -7.99 1.78 22.14
6.14 -7.46 1.62 21.75
6.13 -7.85 2.11 22.12
6.09 -7.51 1.95 21.99
6.03 -7.99 1.94 21.83 3.00  45.408352 11.890089
6.10 -7.83 1.86 21.35
6.00 -7.70 1.96 21.85 3.00  45.408352 11.890089
5.99 -7.92 2.03 22.04
5.75 -7.72 1.93 21.88
5.74 -7.92 1.72 21.93
5.95 -7.90 1.53 21.54
5.74 -8.03 1.71 21.99
5.81 -7.84 1.75 22.05
5.79 -7.81 1.51 22.11
6.07 -7.65 1.75 22.00
6.13 -8.18 1.64 22.11
6.22 -7.57 1.93 21.76
5.93 -7.50 1.82 22.21
5.86 -7.78 1.82 22.09
5.98 -8.04 1.72 21.56
6.01 -8.20 1.61 21.76
5.44 -8.23 1.69 21.54
5.53 -7.84 1.49 21.56 3.15  45.408340 11.890052
5.87 -7.84 1.67 21.49
5.97 -7.61 1.53 21.39 3.15  45.408340 11.890052
6.39 -8.43 1.53 21.64
6.02 -7.66 1.65 22.23
5.63 -7.30 1.90 22.26
5.95 -7.49 2.12 22.00
5.97 -8.08 2.08 21.69
6.02 -8.32 1.91 21.80
5.83 -8.10 2.15 21.97
5.65 -7.62 2.02 22.14
5.75 -7.69 1.93 22.16
5.43 -7.72 1.86 22.05
6.06 -7.99 2.03 22.00
5.93 -8.10 1.71 22.07
5.91 -7.57 2.07 22.16
5.75 -7.69 1.80 22.45
5.66 -7.66 1.85 21.97 3.23  45.408326 11.890019
6.18 -7.95 1.77 21.44
6.44 -7.83 1.65 21.85 3.23  45.408326 11.890019
6.11 -7.63 1.42 21.51
5.78 -8.05 1.74 21.92
5.72 -7.76 1.73 21.95
5.75 -8.02 1.53 21.97
5.91 -8.06 1.50 22.04
5.78 -7.83 1.35 22.09
5.74 -7.42 1.70 22.16
5.98 -8.07 1.86 21.97
6.23 -8.07 1.90 22.00
5.91 -7.89 1.65 22.11
6.00 -7.33 1.80 22.05
6.05 -7.54 1.85 22.02
6.36 -7.96 1.74 22.05
5.78 -7.84 1.93 22.04
5.40 -7.98 1.70 21.90
5.90 -7.92 1.84 21.78 2.73  45.408319 11.889981
5.97 -8.09 1.91 21.75
5.99 -7.84 1.82 23.44 2.73  45.408319 11.889981
5.80 -7.94 1.77 22.36
5.60 -7.13 1.98 23.05
5.99 -7.80 1.76 21.90
6.29 -8.27 1.81 21.69
6.47 -7.95 1.88 22.16
5.72 -7.57 1.57 21.61
5.78 -7.76 1.48 22.07
5.99 -7.94 1.79 22.11
5.78 -7.59 1.52 22.21
5.64 -8.30 1.77 22.12
5.62 -7.81 1.78 21.85
5.95 -7.89 2.03 21.85
5.86 -8.56 1.76 21.59
6.09 -7.45 2.01 22.16
5.88 -7.30 2.14 21.95 2.91  45.408315 11.889941
5.83 -7.44 2.00 21.64
5.84 -8.29 1.87 21.83 2.91  45.408315 11.889941
6.32 -7.77 1.79 21.71
6.12 -7.83 1.72 21.66
5.74 -7.89 1.98 21.93
5.98 -7.91 2.02 21.69
5.80 -7.30 2.02 21.75
5.63 -8.10 1.93 21.73
6.02 -8.10 1.75 22.11
5.71 -7.92 1.35 21.92
6.13 -7.99 1.70 21.85
6.02 -8.01 1.45 21.56
6.22 -7.19 1.52 22.11
5.83 -7.75 1.73 22.28
6.18 -7.47 1.57 22.26
5.89 -7.62 1.64 22.04
6.45 -8.10 1.70 21.80
5.94 -8.21 1.89 21.83 2.88  45.408306 11.889906
5.73 -7.98 1.68 21.99
5.23 -7.51 1.63 22.00 2.88  45.408306 11.889906
5.92 -7.86 1.55 21.75
5.76 -8.01 1.80 21.63
6.20 -8.05 1.82 21.47
5.79 -7.87 1.99 21.99
5.73 -7.27 2.04 22.00
5.85 -7.50 2.22 21.54
6.25 -7.98 1.82 22.00
5.91 -7.86 2.09 22.48
5.88 -7.60 1.82 22.16
5.91 -7.75 2.05 21.59
5.83 -8.00 2.01 22.42
6.04 -8.20 1.83 22.21
5.75 -7.69 1.89 22.17
5.69 -7.76 1.51 22.09
5.89 -7.92 1.58 22.40 3.58  45.408287 11.889867
6.11 -7.80 1.32 21.45
6.06 -7.86 1.41 21.45 3.58  45.408287 11.889867
5.82 -7.76 1.87 21.80
6.06 -7.70 1.75 21.90
5.96 -7.84 1.73 22.00
5.52 -7.86 1.74 21.88
5.79 -7.92 2.01 21.90
5.89 -7.82 1.81 21.85
5.76 -8.27 1.83 22.09
5.61 -7.84 1.82 22.19
5.77 -7.63 1.94 22.62
6.01 -7.68 2.00 21.57
6.07 -7.87 2.22 21.54
6.04 -7.89 1.96 22.05
6.20 -7.75 1.61 22.21
5.60 -7.62 1.46 22.12
5.86 -7.91 2.01 21.64
5.92 -8.01 1.84 22.00 2.69  45.408276 11.889838
6.04 -7.94 1.84 22.36
5.51 -7.91 1.74 21.95 2.69  45.408276 11.889838
5.74 -7.92 1.68 21.49
6.06 -8.15 1.63 21.90
5.84 -7.64 2.06 22.02
5.95 -7.72 1.74 22.07
6.21 -7.85 1.66 21.90
6.00 -7.75 1.56 22.07
6.13 -8.02 1.68 22.07
6.02 -7.56 1.51 22.52
6.00 -8.04 1.42 22.09
5.70 -7.89 1.69 22.11
5.67 -8.16 1.91 22.07
5.62 -7.87 1.59 22.05
5.59 -8.06 1.66 22.11
5.90 -7.89 1.82 21.52
5.92 -7.88 2.01 21.92 3.71  45.408253 11.889803
5.78 -7.65 2.18 21.54
6.11 -7.75 1.95 22.00
5.98 -7.49 1.93 21.99 3.71  45.408253 11.889803
5.75 -7.81 1.97 21.90
5.80 -7.64 1.91 21.45
6.09 -8.17 1.90 21.30
5.77 -7.93 1.84 22.36
5.68 -7.81 1.63 22.09
5.59 -7.70 1.52 22.21
5.93 -8.14 1.74 22.07
5.73 -7.83 1.60 21.97
5.89 -8.09 1.70 22.11
5.72 -7.62 1.57 22.05
5.94 -8.02 1.52 22.11
5.98 -7.66 1.71 22.52
5.90 -8.01 1.58 22.11
6.12 -7.67 1.89 22.00
6.00 -7.79 2.08 21.95 3.67  45.408231 11.889767
5.49 -8.32 1.94 22.00
5.28 -8.38 1.71 22.04 3.67  45.408231 11.889767
5.47 -7.68 1.70 22.00
6.01 -7.98 1.55 21.44
6.33 -7.75 1.79 21.90
5.73 -8.09 1.77 21.88
5.83 -7.41 2.04 22.83
6.05 -7.89 1.83 22.31
6.05 -7.40 1.99 22.12
5.98 -7.88 2.05 22.09
5.86 -7.77 1.80 22.05
5.93 -8.14 2.00 21.64
5.66 -7.86 1.95 22.04
6.01 -7.70 2.09 21.69
5.69 -8.01 1.82 22.11
5.99 -8.18 1.72 22.04
5.81 -7.66 1.69 22.17 3.46  45.408210 11.889736
6.05 -7.84 1.73 22.04
6.26 -7.88 1.52 22.04
6.05 -7.84 1.77 21.51 3.46  45.408210 11.889736
6.18 -7.97 1.76 21.97
6.09 -8.05 1.56 21.95
6.00 -8.06 1.97 22.09
5.89 -7.91 1.56 22.69
5.37 -7.61 1.75 22.14
5.63 -8.08 1.75 22.02
6.02 -8.00 2.20 21.59
6.22 -8.12 1.92 22.60
6.01 -7.75 2.13 22.16
5.76 -7.27 1.88 22.07
6.36 -8.13 1.79 21.95
6.00 -7.39 2.23 21.95
6.03 -8.24 2.00 22.52
5.91 -7.80 1.71 21.92
5.49 -7.56 1.56 21.97 3.08  45.408200 11.889697
5.82 -8.22 1.71 21.93
5.74 -7.79 1.75 21.90 3.08  45.408200 11.889697
6.15 -7.90 1.87 21.99
5.86 -7.56 1.88 22.00
5.84 -7.65 1.70 22.00
6.09 -7.77 1.69 21.88
6.17 -7.82 1.70 21.93
6.25 -8.11 1.87 21.59
5.86 -7.26 1.86 22.05
5.69 -8.23 1.86 22.07
5.88 -7.72 1.83 22.11
5.64 -7.82 1.79 21.64
5.94 -7.90 1.60 22.05
5.88 -8.02 1.84 22.02
5.90 -7.73 1.79 22.09
5.95 -7.70 1.92 21.99
6.14 -7.36 1.96 21.83
5.84 -7.69 1.92 21.51 2.76  45.408187 11.889664
6.22 -7.73 1.97 21.95
6.09 -8.09 1.33 21.80 2.76  45.408187 11.889664
5.79 -7.63 1.82 21.83
5.76 -8.10 2.12 21.88
5.68 -8.02 1.85 21.85
5.70 -8.08 1.83 22.00
5.42 -7.96 1.83 21.95
4.03 -6.46 1.68 22.00
6.62 -10.80 2.02 20.58
9.05 -6.65 2.21 21.80
4.69 -8.22 1.41 23.72
6.72 -8.69 1.00 25.79
4.19 -2.89 0.20 24.32
13.08 -14.42 3.20 22.96
6.66 -8.22 -0.34 21.99
5.04 -5.52 3.20 21.63
4.09 -10.01 1.09 21.28 3.60  45.408184 11.889619
4.98 -7.14 1.40 21.47
6.06 -7.90 1.39 21.75 3.60  45.408184 11.889619
5.85 -6.88 1.77 21.90
5.56 -7.04 2.51 21.95
5.44 -7.34 2.54 21.78
6.30 -7.89 2.19 21.71
6.38 -7.80 2.31 22.57
6.20 -7.82 1.99 21.47
5.80 -7.74 2.08 22.07
5.69 -7.90 2.02 22.17
5.63 -7.83 1.75 21.76
5.58 -7.98 1.62 21.66
5.83 -8.23 1.73 21.56
5.72 -8.03 1.39 22.04
5.90 -7.84 1.54 22.11
6.04 -7.61 1.81 21.90
6.03 -7.83 1.87 21.85 2.91  45.408185 11.889578
6.16 -7.82 1.81 21.95
5.77 -7.66 1.99 21.99
5.76 -7.72 1.89 21.90 2.91  45.408185 11.889578
5.79 -7.98 1.99 21.81
5.77 -8.11 1.75 21.45
5.56 -7.96 1.41 22.05
5.56 -7.72 1.80 22.05
5.75 -7.93 1.84 22.00
5.86 -8.11 1.65 21.69
6.19 -7.79 1.74 22.07
5.70 -7.96 1.77 22.12
5.76 -8.19 1.59 21.73
5.77 -7.86 1.73 22.16
6.14 -7.92 1.56 22.11
6.03 -7.92 1.74 22.57
5.67 -7.90 1.64 22.62
5.49 -7.92 2.24 21.90
5.82 -7.92 2.07 21.97 2.58  45.408190 11.889539
5.78 -8.06 1.76 21.56
5.99 -7.99 1.60 22.00 2.58  45.408190 11.889539
5.74 -7.96 1.73 21.40
6.03 -7.83 1.69 21.87
5.54 -8.12 1.90 21.97
6.05 -7.85 1.86 22.05
5.69 -8.04 1.84 22.11
5.86 -7.70 1.72 22.09
5.65 -8.12 1.81 21.66
5.87 -7.97 1.72 21.93
6.05 -8.31 1.75 21.56
5.69 -7.95 1.71 22.05
5.82 -7.89 1.68 22.21
5.97 -7.72 1.64 22.14
5.94 -7.74 1.61 22.16
5.86 -8.13 1.83 22.00
5.96 -7.78 1.71 22.04
5.71 -7.92 1.81 22.42 3.41  45.408174 11.889496
5.58 -7.80 1.61 21.49
6.10 -8.13 1.83 21.39 3.41  45.408174 11.889496
5.86 -8.04 1.79 21.85
5.56 -8.01 1.66 22.04
5.68 -7.79 1.71 22.02
