5.67 -7.9 1.65 22.5 1.72 45.406283 11.894056 1 1
5.55 -7.21 1.41 22.43 1.72 45.406283 11.894056 1 1
6.17 -8.26 1.95 21.64 1.72 45.406283 11.894056 1 1
5.37 -7.63 2.22 21.8 1.72 45.406283 11.894056 1 1
5.78 -7.66 1.91 23.92 2.14 45.406278 11.894077 0 1
5.97 -8.14 1.36 22.04 2.14 45.406278 11.894077 1 1
5.77 -7.65 1.62 22.76 2.14 45.406278 11.894077 0 1
6.07 -8.45 1.42 23.8 2.14 45.406278 11.894077 1 1
6.13 -6.79 2.0 23.55 2.14 45.406278 11.894077 1 1
6.1 -8.02 1.24 22.42 2.14 45.406278 11.894077 1 1
4.64 -7.59 1.54 22.16 2.14 45.406278 11.894077 1 1
6.49 -7.99 1.67 21.85 2.14 45.406278 11.894077 1 1
5.74 -7.12 1.78 21.59 2.14 45.406278 11.894077 1 1
6.4 -8.83 2.04 24.9 2.14 45.406278 11.894077 1 1
4.73 -7.61 1.79 22.57 2.14 45.406278 11.894077 1 1
4.65 -5.79 2.28 23.38 2.14 45.406278 11.894077 1 1
5.98 -8.05 1.95 21.52 2.14 45.406278 11.894077 1 1
6.35 -8.62 1.69 22.79 2.14 45.406278 11.894077 1 1
6.95 -9.55 1.78 24.03 2.14 45.406278 11.894077 1 1
4.9 -6.63 1.92 24.88 2.14 45.406278 11.894077 1 1
5.48 -5.64 1.89 22.42 2.14 45.406278 11.894077 1 1
5.78 -8.88 1.78 22.42 2.14 45.406278 11.894077 1 1
6.74 -7.36 1.57 23.07 1.47 45.406277 11.894098 0 1
6.14 -8.64 1.19 21.92 1.47 45.406277 11.894098 1 1
5.39 -8.02 1.38 22.04 1.47 45.406277 11.894098 0 1
5.18 -7.83 1.54 22.42 1.47 45.406277 11.894098 1 1
5.71 -7.8 1.73 21.93 1.47 45.406277 11.894098 1 1
5.65 -7.84 2.03 21.93 1.47 45.406277 11.894098 1 1
6.14 -8.34 1.89 22.35 1.47 45.406277 11.894098 1 1
4.84 -7.18 2.21 21.88 1.47 45.406277 11.894098 1 1
6.54 -8.05 1.65 22.29 1.47 45.406277 11.894098 1 1
5.93 -7.7 2.04 21.64 1.47 45.406277 11.894098 1 1
5.99 -7.87 1.95 24.27 1.47 45.406277 11.894098 1 1
6.23 -8.34 2.01 23.12 1.47 45.406277 11.894098 1 1
5.35 -6.96 1.93 23.43 1.47 45.406277 11.894098 1 1
