5.57 -7.15 1.43 22.81 2.28 45.406267 11.894376 1 0
6.16 -7.84 2.07 23.94 2.28 45.406267 11.894376 1 0
6.21 -8.17 1.92 22.71 2.28 45.406267 11.894376 1 0
6.28 -8.32 1.94 23.46 2.28 45.406267 11.894376 1 0
5.62 -7.96 1.67 21.99 2.46 45.406273 11.894414 0 0
5.66 -7.99 1.3 22.81 2.46 45.406273 11.894414 1 0
6.03 -7.94 1.83 21.97 2.46 45.406273 11.894414 0 0
6.19 -7.99 1.62 22.78 2.46 45.406273 11.894414 1 0
5.66 -7.9 1.75 21.95 2.46 45.406273 11.894414 1 0
5.79 -8.01 1.43 22.42 2.46 45.406273 11.894414 1 0
5.67 -8.12 2.03 22.83 2.46 45.406273 11.894414 1 0
5.53 -7.9 1.72 22.4 2.46 45.406273 11.894414 1 0
5.56 -8.38 1.74 22.28 2.46 45.406273 11.894414 1 0
5.77 -8.13 1.66 23.31 2.46 45.406273 11.894414 1 0
5.57 -7.96 1.75 22.47 2.46 45.406273 11.894414 1 0
5.81 -7.83 1.47 22.52 2.46 45.406273 11.894414 1 0
5.85 -8.27 1.19 22.54 2.46 45.406273 11.894414 1 0
5.5 -7.9 1.58 22.54 2.46 45.406273 11.894414 1 0
5.14 -7.95 1.97 22.5 2.46 45.406273 11.894414 1 0
5.55 -8.16 1.87 23.02 2.46 45.406273 11.894414 1 0
5.69 -8.17 1.75 22.52 2.46 45.406273 11.894414 1 0
5.88 -7.93 1.64 22.09 2.46 45.406273 11.894414 1 0
5.86 -7.72 1.79 22.11 2.24 45.406275 11.894450 0 0
4.97 -8.03 2.05 23.31 2.24 45.406275 11.894450 1 0
6.06 -7.74 2.09 21.97 2.24 45.406275 11.894450 0 0
4.91 -8.37 2.06 21.9 2.24 45.406275 11.894450 1 0
6.62 -8.42 1.8 21.57 2.24 45.406275 11.894450 1 0
5.31 -9.03 1.6 21.37 2.24 45.406275 11.894450 1 0
5.37 -7.29 1.89 22.64 2.24 45.406275 11.894450 1 0
5.04 -7.98 1.72 22.84 2.24 45.406275 11.894450 1 0
5.09 -7.18 1.64 22.04 2.24 45.406275 11.894450 1 0
5.73 -7.65 1.97 21.64 2.24 45.406275 11.894450 1 0
5.52 -9.95 1.99 22.14 2.24 45.406275 11.894450 1 0
5.82 -8.5 2.13 22.26 2.24 45.406275 11.894450 1 0
4.95 -8.12 1.75 22.14 2.24 45.406275 11.894450 1 0
