2.65 -3.75 2.34 22.67 2.26 45.406261 11.894297 1 1
3.83 -6.68 1.68 21.13 2.26 45.406261 11.894297 1 1
4.76 -7.37 1.86 20.92 2.26 45.406261 11.894297 1 1
7.61 -10.35 1.56 20.01 2.26 45.406261 11.894297 1 1
7.09 -8.38 1.7 21.88 2.86 45.406262 11.894339 0 1
5.93 -6.37 1.85 24.27 2.86 45.406262 11.894339 1 1
5.68 -3.65 1.48 24.82 2.86 45.406262 11.894339 0 1
8.67 -6.55 2.42 23.39 2.86 45.406262 11.894339 1 1
5.42 -10.77 1.21 23.39 2.86 45.406262 11.894339 1 1
7.31 -9.4 0.9 22.4 2.86 45.406262 11.894339 1 1
5.16 -8.95 1.53 21.64 2.86 45.406262 11.894339 1 1
3.32 -6.16 2.23 20.48 2.86 45.406262 11.894339 1 1
4.66 -10.9 1.13 21.64 2.86 45.406262 11.894339 1 1
6.24 -7.19 1.6 24.22 2.86 45.406262 11.894339 1 1
4.75 -7.65 2.23 22.09 2.86 45.406262 11.894339 1 1
6.28 -6.42 1.75 22.52 2.86 45.406262 11.894339 1 1
4.37 -6.44 1.87 22.35 2.86 45.406262 11.894339 1 1
6.58 -8.8 1.61 23.02 2.86 45.406262 11.894339 1 1
5.98 -8.24 1.38 21.8 2.86 45.406262 11.894339 1 1
4.82 -7.24 2.12 22.26 2.86 45.406262 11.894339 1 1
5.62 -9.65 1.92 23.43 2.86 45.406262 11.894339 1 1
5.74 -6.69 1.55 22.47 2.86 45.406262 11.894339 1 1
5.86 -8.46 1.84 22.21 2.28 45.406267 11.894376 0 1
7.02 -9.3 1.73 23.05 2.28 45.406267 11.894376 1 1
4.87 -6.2 2.38 22.16 2.28 45.406267 11.894376 0 1
5.01 -7.99 2.27 22.76 2.28 45.406267 11.894376 1 1
6.01 -7.69 1.55 22.55 2.28 45.406267 11.894376 1 1
5.87 -7.09 1.07 22.02 2.28 45.406267 11.894376 1 1
6.68 -10.05 1.64 21.47 2.28 45.406267 11.894376 1 1
5.64 -8.24 1.52 22.07 2.28 45.406267 11.894376 1 1
4.89 -7.08 1.58 21.59 2.28 45.406267 11.894376 1 1
6.13 -7.67 1.43 21.71 2.28 45.406267 11.894376 1 1
6.18 -7.92 1.79 21.18 2.28 45.406267 11.894376 1 1
5.99 -8.5 1.6 23.41 2.28 45.406267 11.894376 1 1
5.5 -8.2 1.71 22.4 2.28 45.406267 11.894376 1 1
