6.26 -8.1 1.63 22.02 1.02 45.406273 11.894137 1 0
5.9 -8.04 1.79 22.93 1.02 45.406273 11.894137 1 0
5.75 -7.74 1.73 23.36 1.02 45.406273 11.894137 1 0
5.71 -7.91 1.56 21.81 1.02 45.406273 11.894137 1 0
5.86 -7.92 1.59 21.73 2.01 45.406259 11.894147 0 0
5.66 -8.16 1.85 21.75 2.01 45.406259 11.894147 1 0
5.81 -7.92 1.86 21.75 2.01 45.406259 11.894147 0 0
6.01 -8.01 1.95 22.17 2.01 45.406259 11.894147 1 0
6.02 -7.39 1.98 21.81 2.01 45.406259 11.894147 1 0
5.93 -7.71 1.76 21.83 2.01 45.406259 11.894147 1 0
5.77 -8.01 1.94 21.87 2.01 45.406259 11.894147 1 0
5.69 -7.97 2.34 21.78 2.01 45.406259 11.894147 1 0
6.2 -7.69 2.34 21.83 2.01 45.406259 11.894147 1 0
6.02 -7.74 2.06 21.95 2.01 45.406259 11.894147 1 0
6.12 -7.92 1.94 22.35 2.01 45.406259 11.894147 1 0
5.75 -8.39 2.49 22.35 2.01 45.406259 11.894147 1 0
5.34 -8.13 1.99 24.03 2.01 45.406259 11.894147 1 0
5.52 -8.0 2.2 22.0 2.01 45.406259 11.894147 1 0
5.65 -8.08 2.07 22.42 2.01 45.406259 11.894147 1 0
5.55 -8.04 2.0 21.99 2.01 45.406259 11.894147 1 0
6.01 -7.74 1.41 21.99 2.01 45.406259 11.894147 1 0
6.35 -7.84 1.43 22.33 2.01 45.406259 11.894147 1 0
6.07 -7.84 1.9 22.72 1.8 45.406257 11.894172 0 0
5.91 -7.83 1.84 21.47 1.8 45.406257 11.894172 1 0
6.02 -7.62 1.68 21.85 1.8 45.406257 11.894172 0 0
5.91 -7.78 1.64 21.47 1.8 45.406257 11.894172 1 0
5.68 -8.0 1.6 21.93 1.8 45.406257 11.894172 1 0
5.67 -7.75 1.61 22.35 1.8 45.406257 11.894172 1 0
5.65 -8.08 1.7 22.14 1.8 45.406257 11.894172 1 0
5.68 -7.89 2.02 21.8 1.8 45.406257 11.894172 1 0
5.83 -7.99 1.68 22.02 1.8 45.406257 11.894172 1 0
5.79 -7.44 1.91 22.09 1.8 45.406257 11.894172 1 0
5.66 -7.73 1.81 22.04 1.8 45.406257 11.894172 1 0
5.9 -7.84 1.68 22.0 1.8 45.406257 11.894172 1 0
5.82 -7.72 1.92 22.36 1.8 45.406257 11.894172 1 0
