6.31 -7.49 2.02 21.45
6.04 -7.73 2.19 21.75
5.60 -7.90 1.94 22.16 1.79  45.407707 11.899100
6.26 -7.88 1.98 22.21
6.33 -7.61 1.88 21.78 1.79  45.407707 11.899100
6.03 -7.73 1.73 21.81
5.61 -8.16 1.89 21.90
5.36 -8.13 2.09 21.44
5.54 -8.13 1.80 22.26
5.88 -8.04 1.65 21.92
5.86 -7.92 2.22 21.95
5.96 -7.66 1.78 22.00
6.06 -7.70 1.73 21.99
6.00 -7.64 1.81 21.95
6.24 -7.70 1.86 22.42
6.06 -7.87 1.68 22.36
5.97 -7.62 1.95 21.93
5.90 -7.84 2.15 22.00
5.95 -7.76 2.04 22.42
5.95 -7.90 1.96 21.95 2.67  45.407709 11.899134
5.67 -8.06 2.14 22.79
5.54 -8.03 1.89 22.31 2.67  45.407709 11.899134
5.94 -7.97 1.70 22.31
5.80 -7.76 1.76 21.97
5.97 -7.66 1.82 22.31
6.17 -7.49 1.90 21.85
6.36 -7.76 2.10 22.67
6.11 -7.40 2.02 21.93
6.12 -7.78 1.90 22.83
6.06 -7.72 2.01 22.47
6.05 -7.81 1.73 22.47
5.90 -7.55 1.66 22.43
5.78 -7.93 1.81 22.02
5.49 -8.27 1.75 22.00
5.56 -8.22 1.72 22.05
5.87 -7.58 1.77 22.11
5.89 -7.65 1.59 22.36
6.21 -7.89 1.67 21.90 2.90  45.407723 11.899165
6.11 -7.81 1.53 21.90
6.06 -7.98 2.15 21.81 2.90  45.407723 11.899165
5.78 -7.52 1.82 22.31
6.03 -7.72 1.85 21.90
5.74 -7.71 1.93 22.29
6.19 -8.19 1.79 23.48
6.13 -7.64 2.35 22.00
5.64 -8.12 2.57 21.97
6.02 -7.48 1.62 22.78
5.78 -7.83 1.90 22.31
6.00 -8.22 2.13 22.36
6.16 -7.45 1.83 22.43
6.13 -7.51 1.62 22.47
5.87 -7.46 1.92 22.07
6.28 -7.58 1.66 22.42
6.34 -7.57 1.56 21.69
6.05 -7.48 1.61 21.76 2.08  45.407736 11.899191
6.28 -7.70 1.67 21.75
6.02 -7.60 1.47 22.26 2.08  45.407736 11.899191
6.19 -7.49 1.55 21.71
6.05 -7.61 1.38 22.47
5.81 -8.08 2.03 21.80
5.93 -7.92 1.97 22.60
5.65 -7.75 1.81 22.24
5.59 -7.91 1.92 22.36
5.80 -7.47 2.36 21.92
6.36 -7.75 1.81 22.28
6.44 -7.54 1.96 21.95
6.30 -7.59 2.20 22.42
6.00 -7.63 2.16 22.05
6.03 -7.69 1.96 21.57
5.72 -7.60 2.37 22.38
6.00 -8.15 2.00 22.36
6.08 -7.86 1.43 21.90
5.57 -7.99 1.66 22.29 2.95  45.407743 11.899226
5.49 -7.69 1.65 21.92
5.61 -7.90 2.19 22.31 2.95  45.407743 11.899226
5.84 -7.51 1.91 22.26
6.01 -8.11 1.68 22.23
6.29 -7.55 1.85 21.78
6.13 -7.81 1.80 22.23
6.08 -7.64 2.21 21.87
6.04 -7.66 1.87 22.36
5.96 -7.97 2.01 21.93
5.87 -7.73 1.59 22.02
5.69 -7.81 1.42 22.88
5.88 -7.70 1.43 22.00
5.57 -8.17 1.67 21.88
5.92 -7.83 1.88 21.95
5.59 -8.41 1.34 21.95
6.08 -7.66 1.97 21.90
5.83 -7.58 2.13 22.26 2.72  45.407753 11.899260
6.00 -8.00 2.07 21.80
5.90 -7.83 2.15 22.16 2.72  45.407753 11.899260
6.03 -7.95 2.08 22.12
6.20 -7.78 1.99 21.39
5.79 -7.87 2.23 21.90
5.85 -7.44 2.22 21.90
6.07 -7.71 2.11 21.39
5.72 -8.09 1.92 22.05
5.67 -7.95 1.99 22.12
5.85 -7.96 1.69 22.04
5.87 -7.63 1.85 22.43
6.07 -8.06 1.80 22.00
5.93 -7.54 1.63 22.07
6.30 -7.95 1.66 22.42
6.06 -7.40 1.55 22.79
6.23 -7.67 1.53 22.00
6.27 -7.56 1.50 21.92
6.06 -7.54 1.99 22.26 2.48  45.407767 11.899292
6.16 -7.80 1.86 21.81
5.83 -7.91 1.66 22.36 2.48  45.407767 11.899292
5.77 -7.98 1.73 22.88
5.62 -7.81 1.63 21.47
5.83 -7.89 1.81 22.23
5.68 -8.06 2.09 22.23
6.04 -7.82 1.87 22.35
6.27 -7.36 2.03 22.74
6.15 -7.71 2.05 22.42
6.00 -7.70 2.01 21.97
6.04 -7.75 2.15 22.31
6.15 -7.73 2.04 21.92
6.12 -7.61 2.16 21.93
5.96 -7.78 2.44 22.00
5.80 -7.91 2.05 22.00
5.81 -7.97 1.85 21.95
5.76 -7.89 1.80 22.00 2.04  45.407774 11.899320
5.53 -7.92 1.93 22.35
5.99 -7.91 1.62 21.85
6.11 -7.69 1.63 21.81 2.04  45.407774 11.899320
6.24 -7.88 1.87 22.31
6.20 -7.48 2.03 21.85
6.05 -7.70 1.92 21.81
6.27 -7.85 1.66 21.75
6.16 -7.79 1.73 21.85
6.23 -7.70 1.81 21.90
6.08 -7.72 1.52 22.31
6.10 -7.68 1.45 22.33
5.60 -8.19 1.49 22.74
5.66 -7.86 1.89 22.78
5.87 -8.14 1.75 21.95
5.77 -7.74 1.94 22.36
5.95 -7.65 2.33 22.79
5.88 -7.63 2.17 21.76
6.30 -7.90 1.88 21.66 2.66  45.407780 11.899355
6.38 -7.69 1.93 22.66
6.03 -7.73 2.21 21.85 2.66  45.407780 11.899355
6.15 -7.62 2.18 22.28
6.07 -7.67 2.20 21.87
5.78 -7.90 2.28 22.74
5.71 -8.04 1.92 21.85
5.70 -8.28 1.79 21.97
5.79 -7.62 1.80 22.31
5.97 -7.77 1.86 22.31
5.75 -7.84 1.84 22.17
6.11 -7.85 1.52 22.72
6.46 -7.54 1.59 22.31
6.22 -7.38 1.62 22.42
6.10 -7.69 1.41 22.40
5.96 -7.62 1.50 21.90
6.33 -7.85 1.73 22.19
6.26 -7.51 1.57 22.21
6.23 -7.86 1.43 22.31 3.25  45.407784 11.899402
5.60 -7.88 1.80 21.90
5.64 -8.05 1.59 21.90 3.25  45.407784 11.899402
5.79 -7.96 2.08 22.31
5.33 -7.91 2.29 21.85
6.11 -7.70 1.94 22.26
6.37 -8.10 1.95 22.02
6.53 -7.34 1.90 22.79
6.39 -7.72 1.89 28.62
6.00 -7.47 1.83 23.41
6.14 -7.41 2.17 21.99
6.06 -6.90 2.11 22.52
5.93 -8.06 2.37 22.42
5.65 -8.34 1.91 21.85
5.74 -8.20 2.03 21.42
5.66 -7.85 2.20 21.69
5.46 -7.62 1.90 21.75
6.08 -8.34 1.92 21.88 3.16  45.407790 11.899444
5.31 -7.38 2.01 21.87
5.78 -6.99 1.77 22.21 3.16  45.407790 11.899444
6.31 -8.24 1.55 21.33
6.17 -7.42 1.67 21.30
5.70 -8.00 1.96 21.71
6.63 -7.74 2.17 21.52
5.63 -7.59 1.92 22.43
5.81 -7.53 2.00 22.79
5.49 -7.84 1.50 24.06
5.62 -7.04 1.88 23.07
6.51 -8.50 1.91 22.16
5.83 -9.18 2.10 22.12
6.11 -8.28 2.06 22.31
5.74 -6.77 1.95 21.63
6.09 -7.03 1.89 22.00
5.69 -7.67 1.96 21.61
6.60 -7.88 2.14 21.44
6.07 -8.20 1.62 21.47 2.18  45.407801 11.899472
5.90 -7.73 2.04 22.00
5.64 -7.15 2.25 21.76 2.18  45.407801 11.899472
5.88 -6.78 2.39 21.95
6.52 -8.22 2.20 22.16
5.99 -8.54 2.13 21.90
5.97 -8.24 1.78 22.42
5.78 -7.25 1.23 23.07
5.85 -7.26 1.54 22.36
5.98 -7.97 1.57 22.71
6.41 -8.02 1.74 21.56
6.63 -8.51 1.77 21.71
6.37 -7.71 1.82 22.07
5.56 -7.04 1.95 22.31
6.22 -7.14 1.62 22.21
6.35 -7.63 1.69 21.88
6.01 -8.15 1.99 21.61
5.71 -8.40 1.87 21.80 3.35  45.407808 11.899514
5.70 -7.92 1.69 21.45
5.63 -7.64 1.79 21.90 3.35  45.407808 11.899514
5.85 -7.64 1.75 21.40
6.16 -7.49 1.90 21.76
6.22 -7.59 2.04 21.76
6.31 -7.75 1.86 21.81
6.23 -7.61 1.99 22.17
6.33 -7.31 2.02 21.61
6.19 -7.83 2.19 22.09
6.10 -7.65 2.25 22.11
6.08 -7.45 2.15 22.11
5.95 -7.89 1.97 22.05
5.84 -8.10 1.94 22.40
5.54 -7.83 1.96 21.51
5.91 -7.92 2.11 21.85
5.82 -7.81 2.11 21.75
6.26 -7.70 2.04 21.73
6.36 -7.41 1.75 21.80 3.26  45.407815 11.899559
6.36 -7.32 1.78 22.31
6.14 -7.58 1.85 21.76 3.26  45.407815 11.899559
6.08 -7.79 1.51 21.69
6.18 -7.81 1.27 21.39
6.27 -7.71 1.74 21.80
5.92 -7.88 1.92 21.85
5.79 -7.54 1.89 22.00
5.87 -7.73 1.69 22.00
5.69 -8.05 1.58 21.92
5.94 -8.17 2.01 21.90
6.20 -7.55 2.10 21.87
6.42 -7.43 1.97 21.87
6.07 -7.60 1.98 21.76
6.23 -7.96 2.09 21.75
6.24 -7.50 2.26 21.37
6.48 -7.64 2.28 21.73
6.11 -7.34 2.26 22.00 2.95  45.407822 11.899599
6.17 -7.32 2.32 21.90
5.85 -7.84 2.07 21.90 2.95  45.407822 11.899599
5.81 -8.18 1.78 21.88
5.82 -8.06 1.76 21.85
5.83 -7.47 2.04 21.85
5.76 -7.75 2.01 21.90
6.03 -7.94 1.74 21.35
6.30 -7.75 1.68 21.87
6.38 -7.81 1.88 21.47
6.32 -7.61 1.75 21.61
6.17 -7.37 1.81 22.11
6.44 -7.34 1.76 22.16
6.66 -7.45 1.62 22.54
6.80 -8.62 2.01 21.81
8.18 -7.54 1.98 23.53
3.51 -7.98 2.63 24.25
2.89 -7.21 1.41 24.80
5.37 -8.76 1.80 20.48 3.85  45.407829 11.899647
3.60 -6.37 2.46 18.04
7.55 -12.80 2.12 15.85 3.85  45.407829 11.899647
6.80 -12.02 3.42 18.40
3.82 -4.48 3.10 21.20
4.35 -4.82 1.70 24.35
6.28 -6.92 2.44 24.20
5.00 -2.19 2.17 23.24
10.56 -11.64 1.73 21.25
3.85 -9.86 4.92 22.02
7.15 -9.79 0.47 22.00
4.65 -7.74 3.07 21.95
5.23 -6.76 2.05 22.31
5.82 -7.35 2.16 21.97
6.01 -8.18 1.87 21.80
6.01 -8.44 1.19 21.80
5.81 -8.05 1.14 21.44
5.89 -7.37 1.36 21.44 3.31  45.407839 11.899690
5.95 -7.35 1.46 21.39
6.13 -7.56 1.54 21.69 3.31  45.407839 11.899690
6.59 -8.02 1.41 21.78
5.93 -7.58 1.44 21.95
5.88 -7.80 1.53 22.00
5.98 -7.56 1.63 22.00
5.91 -7.74 2.09 21.56
5.87 -8.61 1.74 22.62
5.74 -7.79 2.13 22.62
6.33 -7.57 1.95 21.97
6.46 -7.44 2.02 21.90
6.28 -8.00 2.18 22.00
6.31 -8.01 2.09 22.05
6.13 -7.39 2.09 22.07
6.11 -7.60 2.49 22.02
5.80 -7.73 2.26 21.33
6.00 -7.88 2.27 21.80
5.66 -8.02 1.90 21.80 3.10  45.407845 11.899733
5.84 -8.14 1.68 21.39
5.65 -7.49 1.69 21.87 3.10  45.407845 11.899733
5.79 -8.09 2.00 22.02
5.83 -7.68 2.11 21.95
6.22 -7.63 2.17 21.95
6.27 -7.86 1.98 21.87
6.02 -7.78 1.53 22.48
6.02 -7.86 1.66 22.11
6.16 -7.52 1.81 22.02
6.19 -7.61 2.06 21.95
6.19 -7.67 1.78 22.05
5.92 -8.01 1.58 21.99
5.66 -7.91 1.45 22.07
5.51 -7.82 1.62 21.61
5.71 -8.05 1.95 21.95
5.98 -7.98 1.81 21.81
5.97 -8.00 2.01 21.52 2.64  45.407851 11.899768
6.03 -7.21 2.12 22.00
6.31 -7.43 1.92 21.95 2.64  45.407851 11.899768
6.11 -7.79 1.86 21.45
6.10 -7.89 1.77 21.51
6.20 -7.74 1.73 21.90
6.02 -7.49 1.77 21.87
6.28 -7.68 2.18 21.83
6.51 -7.20 2.20 22.05
6.23 -7.59 1.99 21.57
5.62 -7.89 2.11 22.00
5.79 -8.03 1.98 21.92
5.85 -7.91 2.08 21.51
5.85 -7.78 2.25 21.97
5.83 -7.71 1.93 21.99
5.90 -7.80 1.99 22.07
6.17 -7.74 1.90 22.42
6.36 -7.35 1.35 22.00
6.15 -7.50 1.89 21.95 2.94  45.407854 11.899810
5.72 -7.86 1.77 21.51
5.99 -7.80 1.70 21.81 2.94  45.407854 11.899810
5.88 -8.21 1.78 21.80
5.76 -7.93 1.49 21.39
5.68 -7.87 1.94 21.85
5.56 -7.92 1.84 21.90
5.47 -7.95 2.07 22.05
