5.71 -8.06 1.67 21.85
5.21 -7.97 1.88 22.69
5.53 -8.44 1.94 21.90
5.73 -8.23 2.17 22.76
5.70 -7.70 2.29 22.36 2.53  45.407738 11.899252
5.92 -7.52 2.14 21.81
5.88 -8.05 1.91 21.78 2.53  45.407738 11.899252
5.83 -7.80 2.29 23.07
6.19 -7.85 1.96 22.26
5.68 -7.70 2.21 21.78
6.00 -7.94 2.25 22.28
5.74 -7.80 2.02 21.87
5.89 -7.90 1.97 22.04
5.99 -7.65 2.24 22.14
5.27 -7.73 2.33 22.67
5.65 -7.79 1.79 22.05
5.67 -7.95 1.29 21.92
6.17 -8.12 1.67 21.99
5.97 -7.66 1.76 22.52
6.18 -7.44 1.69 22.12
5.90 -7.28 1.76 22.07
6.24 -7.72 1.52 21.78
6.26 -7.69 1.89 22.36 2.40  45.407747 11.899277
5.98 -7.92 1.84 21.90
6.07 -7.40 2.01 21.76 2.40  45.407747 11.899277
5.90 -8.03 1.97 21.75
5.88 -7.87 1.74 21.80
5.76 -7.98 1.56 21.44
5.60 -8.02 1.94 21.80
5.98 -8.14 1.76 46.79
6.31 -7.49 2.10 22.48
6.36 -7.32 1.62 21.99
5.85 -7.90 1.61 22.42
6.42 -7.88 2.08 22.72
6.15 -7.68 2.42 21.95
6.44 -7.77 2.19 22.38
6.30 -7.22 2.24 22.43
6.46 -7.33 2.29 22.05
6.03 -7.60 2.01 21.97
5.67 -7.86 1.90 21.33 2.45  45.407752 11.899303
5.76 -8.10 1.59 22.69
5.50 -7.84 1.37 21.90 2.45  45.407752 11.899303
5.95 -7.84 1.67 21.90
6.01 -7.49 1.67 22.81
6.24 -7.85 1.71 21.80
5.99 -7.86 1.93 22.17
6.17 -7.72 1.71 21.81
6.27 -7.74 1.89 22.35
5.81 -7.78 1.74 21.87
5.95 -7.56 1.99 22.31
6.09 -7.70 1.48 22.31
6.02 -7.59 1.77 22.36
6.15 -7.59 1.29 21.88
5.86 -7.75 1.21 22.72
6.02 -7.85 1.82 22.26
5.68 -7.84 1.85 22.21
6.31 -8.31 1.84 22.00
6.08 -7.64 1.94 22.91 2.11  45.407760 11.899323
6.35 -7.68 1.95 21.90
6.12 -7.77 2.07 21.64 2.11  45.407760 11.899323
6.23 -7.56 2.20 21.75
6.21 -7.13 2.15 22.24
6.22 -7.96 2.46 21.71
5.87 -7.51 2.35 21.71
5.85 -7.90 1.87 21.81
5.91 -8.06 1.97 21.88
5.42 -8.11 1.77 22.42
5.87 -8.02 1.76 22.07
5.79 -7.79 1.83 22.05
5.90 -7.58 1.85 22.88
5.90 -7.58 1.79 22.74
6.48 -7.94 1.77 21.90
6.07 -7.61 1.61 22.31
6.40 -7.57 1.57 22.26
6.21 -7.38 1.73 21.85
6.01 -7.68 1.37 21.75 2.94  45.407767 11.899353
6.18 -7.50 1.55 22.16
6.03 -7.89 1.64 22.17 2.94  45.407767 11.899353
5.91 -7.87 1.56 21.90
5.91 -7.67 1.81 22.31
5.57 -7.91 2.19 21.80
5.64 -8.20 2.16 21.87
6.48 -7.88 1.84 22.00
6.17 -7.71 1.82 21.92
6.06 -7.56 2.01 22.02
6.29 -7.52 1.99 22.42
6.18 -7.58 1.75 21.92
6.07 -7.89 1.89 21.92
6.19 -7.84 2.09 22.31
5.79 -7.66 2.14 21.97
5.73 -7.79 1.96 22.43
5.60 -7.83 1.94 22.31
5.77 -7.97 2.01 22.54 2.22  45.407778 11.899375
6.02 -7.90 1.91 21.85
5.90 -7.97 1.71 22.26 2.22  45.407778 11.899375
5.94 -7.31 2.06 22.26
6.02 -7.97 1.66 22.26
6.16 -7.62 2.01 22.31
5.98 -7.77 1.73 21.85
6.20 -7.43 1.82 21.85
6.10 -7.87 1.71 22.36
5.87 -7.79 1.99 21.95
5.61 -8.17 1.75 22.78
5.75 -7.86 1.40 21.97
5.92 -8.23 1.66 21.93
5.84 -7.82 1.77 22.00
5.92 -7.76 1.92 23.29
6.10 -7.66 1.73 21.95
6.32 -7.50 1.88 21.64
6.15 -7.91 1.98 22.12 2.71  45.407786 11.899408
6.08 -7.61 1.87 21.69
6.19 -7.60 2.11 21.85
5.97 -7.79 2.25 22.76 2.71  45.407786 11.899408
6.08 -7.66 2.11 21.95
5.90 -7.58 2.17 22.72
5.90 -8.08 2.02 22.36
5.42 -7.89 1.87 22.31
5.89 -8.12 1.41 22.36
6.02 -7.84 1.72 22.23
6.06 -7.49 2.04 22.28
6.42 -7.63 1.92 22.24
6.08 -7.66 1.94 23.22
5.87 -7.72 2.06 22.36
5.74 -7.77 1.98 22.78
6.05 -7.64 1.49 22.29
6.21 -7.86 1.70 21.85
5.84 -7.57 1.70 22.16
5.87 -7.90 1.24 22.12 3.17  45.407795 11.899448
5.93 -7.74 1.82 22.23
5.57 -8.45 1.65 21.80 3.17  45.407795 11.899448
5.60 -7.43 2.79 21.80
6.31 -7.45 1.89 21.71
6.38 -7.53 1.65 22.17
5.85 -9.01 1.97 21.92
7.05 -7.27 1.82 22.38
4.72 -7.49 1.80 22.21
5.80 -7.74 1.93 23.14
6.79 -7.76 2.12 21.73
5.91 -7.10 2.27 21.97
5.26 -9.69 1.88 22.17
5.41 -6.90 1.74 21.11
5.71 -7.21 1.78 21.01
6.73 -9.62 2.03 21.25
6.32 -7.82 2.01 22.31
5.77 -6.90 2.04 22.42
5.98 -6.10 2.18 22.91 2.34  45.407798 11.899478
6.20 -7.96 1.98 21.93
6.06 -7.71 1.78 21.16 2.34  45.407798 11.899478
5.83 -8.40 1.44 21.09
6.83 -8.77 1.54 21.64
5.20 -7.19 1.83 22.21
5.79 -7.50 1.68 22.60
5.91 -7.53 1.61 22.72
5.48 -6.46 1.41 22.62
6.20 -9.33 3.10 22.11
5.85 -8.37 1.76 22.47
6.17 -8.09 2.04 22.29
5.66 -7.02 1.77 22.07
6.06 -6.86 2.12 22.36
6.40 -7.86 2.11 23.55
6.00 -7.84 2.16 21.63
6.03 -8.15 1.99 21.78
5.56 -7.26 1.81 22.48 3.13  45.407804 11.899516
5.39 -7.69 1.97 21.90
5.80 -8.35 2.05 21.40 3.13  45.407804 11.899516
6.08 -8.56 1.73 21.80
6.18 -7.78 2.04 22.12
5.76 -7.86 1.85 22.23
5.94 -7.00 2.23 22.52
6.12 -7.99 1.82 21.69
6.30 -8.28 1.89 21.61
6.54 -8.41 1.80 21.81
6.31 -7.52 1.67 22.16
5.64 -7.08 2.07 22.26
5.87 -7.67 1.90 22.07
5.59 -8.08 1.50 21.76
5.98 -8.46 1.82 21.68
5.51 -8.59 1.27 21.90
6.05 -6.94 1.85 21.95
6.27 -7.00 1.89 21.85 2.30  45.407811 11.899542
6.38 -7.57 2.04 21.71
5.75 -8.05 2.12 21.64
5.89 -8.15 2.28 21.61 2.30  45.407811 11.899542
6.60 -7.11 2.31 21.81
6.70 -6.96 2.24 21.80
6.55 -7.49 2.30 21.95
6.01 -7.83 2.19 22.00
5.57 -7.99 2.37 21.76
5.26 -7.98 1.85 22.07
6.12 -8.04 2.08 21.56
5.65 -7.79 2.18 21.93
5.87 -7.91 2.02 21.92
6.03 -7.79 1.87 21.90
6.45 -7.46 1.98 22.42
6.29 -7.53 1.96 21.99
6.41 -7.47 1.74 22.16
6.11 -7.46 1.46 21.95
6.30 -7.91 1.22 21.78 3.10  45.407823 11.899580
5.91 -8.02 1.42 21.45
6.07 -7.71 1.73 21.49 3.10  45.407823 11.899580
5.81 -7.93 1.67 21.95
5.62 -8.08 2.08 21.87
5.65 -8.00 1.98 21.80
6.28 -7.86 1.96 21.71
6.34 -7.28 1.98 21.71
6.19 -7.45 1.99 21.83
6.10 -7.84 2.11 21.85
6.10 -7.60 2.30 21.87
6.12 -7.56 2.27 21.92
6.19 -7.52 2.17 21.52
5.84 -7.71 2.00 21.66
5.81 -7.85 1.85 21.71
5.62 -7.79 2.10 22.17
6.21 -7.98 2.24 21.97
6.18 -7.68 1.75 21.97
6.05 -7.78 1.85 21.90 3.41  45.407830 11.899625
6.08 -7.72 1.82 21.39
6.15 -7.41 1.82 21.28 3.41  45.407830 11.899625
6.32 -8.04 1.74 21.21
6.23 -7.58 1.48 21.40
6.36 -7.56 1.63 21.80
6.21 -7.34 1.74 21.54
6.48 -7.38 1.78 22.17
6.47 -7.38 1.91 21.66
6.36 -8.14 2.12 22.19
7.94 -8.15 2.05 23.20
3.67 -8.35 2.24 24.52
3.60 -7.22 1.37 24.03
4.86 -7.40 2.17 20.34
5.15 -6.30 2.30 17.90
7.29 -14.59 2.49 16.57
8.25 -10.31 2.71 18.04
5.46 -4.63 1.79 21.54 3.31  45.407838 11.899667
4.71 -3.49 2.31 24.63
4.46 -5.77 1.89 24.61 3.31  45.407838 11.899667
4.94 -2.75 1.60 22.93
14.60 -12.93 -2.40 21.59
8.09 -10.10 -0.38 21.39
4.83 -10.23 0.56 22.11
4.40 -7.24 1.22 21.95
5.59 -7.10 1.50 22.26
6.30 -7.25 2.55 21.51
6.35 -7.53 1.61 21.68
6.46 -9.06 1.69 21.75
5.80 -7.88 1.50 22.00
5.69 -7.38 1.45 21.97
6.11 -7.04 2.09 21.42
6.51 -7.86 1.53 21.40
5.71 -7.90 2.16 21.49
5.53 -7.83 2.38 22.36
5.73 -8.23 1.74 21.95 3.39  45.407841 11.899712
5.93 -7.77 1.97 21.59
6.26 -7.85 2.14 22.02 3.39  45.407841 11.899712
6.41 -7.42 2.23 21.99
6.38 -7.44 2.26 21.95
6.26 -7.78 2.02 21.85
6.36 -7.63 2.33 21.51
6.22 -7.59 2.26 21.61
6.35 -7.56 2.28 21.61
5.81 -7.72 2.22 22.02
5.64 -7.88 2.29 22.02
5.66 -7.94 2.06 21.97
5.77 -7.80 1.87 21.61
6.11 -7.98 1.87 22.05
5.89 -7.53 1.80 22.05
5.88 -7.70 1.70 21.97
5.99 -7.97 1.65 21.40
6.08 -7.72 1.79 21.69 3.21  45.407847 11.899753
6.25 -7.62 1.73 21.33
6.57 -7.61 1.71 21.85 3.21  45.407847 11.899753
6.20 -7.44 1.86 21.54
6.17 -7.40 1.84 21.85
6.10 -7.81 1.38 21.95
5.79 -7.88 1.34 21.47
5.69 -7.95 1.52 21.47
5.59 -8.19 1.61 21.93
5.75 -8.02 2.06 22.00
5.83 -7.74 2.22 22.52
6.05 -7.68 1.89 22.07
6.05 -7.42 2.21 21.99
6.08 -8.09 2.12 21.61
6.09 -7.57 2.08 22.02
6.29 -7.52 2.59 22.05
6.07 -7.71 2.42 21.40
6.01 -7.54 2.13 21.87
5.90 -8.01 1.79 21.45 2.73  45.407852 11.899789
5.63 -7.80 1.87 21.90
5.79 -7.99 2.25 21.85 2.73  45.407852 11.899789
5.88 -7.86 2.19 21.85
5.96 -7.72 1.99 21.81
