5.92 -7.89 2.43 111.58 3.38 45.877572 12.307022 0 0
6.14 -7.61 1.81 24.2 3.39 45.877561 12.306979 1 0
6.18 -8.11 2.04 24.63 3.39 45.877561 12.306979 0 0
6.09 -8.55 1.96 24.25 3.39 45.877561 12.306979 1 0
5.62 -7.66 2.04 23.19 3.39 45.877561 12.306979 0 0
5.83 -8.03 2.16 22.69 3.39 45.877561 12.306979 0 0
5.47 -7.91 1.73 22.48 3.39 45.877561 12.306979 0 0
5.74 -8.54 1.79 25.81 3.39 45.877561 12.306979 0 0
5.9 -7.9 1.79 23.48 3.39 45.877561 12.306979 0 0
5.9 -7.29 2.67 23.24 3.39 45.877561 12.306979 0 0
6.08 -7.64 2.12 22.81 3.39 45.877561 12.306979 0 0
5.78 -7.13 1.71 23.2 3.39 45.877561 12.306979 0 0
6.31 -7.81 1.68 23.96 3.39 45.877561 12.306979 0 0
6.22 -7.32 1.79 23.14 3.39 45.877561 12.306979 0 0
5.57 -7.99 1.71 23.67 3.39 45.877561 12.306979 0 0
5.7 -8.14 1.67 24.08 3.39 45.877561 12.306979 0 0
6.25 -8.29 1.63 23.19 3.39 45.877561 12.306979 0 0
5.27 -7.82 2.33 23.19 3.39 45.877561 12.306979 0 0
6.07 -8.15 2.09 25.0 3.22 45.877553 12.306938 1 0
5.82 -7.26 1.81 23.24 3.22 45.877553 12.306938 0 0
6.18 -7.51 2.07 23.5 3.22 45.877553 12.306938 1 0
6.28 -8.61 1.72 22.96 3.22 45.877553 12.306938 0 0
6.12 -7.58 1.76 25.07 3.22 45.877553 12.306938 0 0
5.93 -7.54 1.57 22.59 3.22 45.877553 12.306938 0 0
6.02 -7.98 1.59 29.7 3.22 45.877553 12.306938 0 0
5.95 -7.67 1.53 23.5 3.22 45.877553 12.306938 0 0
5.18 -8.05 1.91 23.02 3.22 45.877553 12.306938 0 0
5.25 -7.97 2.16 22.88 3.22 45.877553 12.306938 0 0
5.65 -7.87 2.1 22.43 3.22 45.877553 12.306938 0 0
5.63 -8.91 1.84 22.93 3.22 45.877553 12.306938 0 0
6.28 -7.43 1.82 22.48 3.22 45.877553 12.306938 0 0
5.38 -6.17 1.88 22.96 3.22 45.877553 12.306938 0 0
3.08 -7.2 1.46 20.8 3.22 45.877553 12.306938 0 0
5.72 -7.18 2.81 20.7 3.22 45.877553 12.306938 0 0
8.21 -7.39 1.71 22.83 3.22 45.877553 12.306938 0 0
