5.51 -8.31 2.27 23.82 2.86 45.877636 12.307334 0 0
5.21 -7.9 2.06 22.74 2.86 45.877636 12.307334 0 0
5.64 -8.08 1.7 22.31 2.86 45.877636 12.307334 0 0
5.98 -7.81 1.62 22.83 2.86 45.877636 12.307334 0 0
5.77 -7.36 2.31 22.74 2.86 45.877636 12.307334 0 0
6.24 -8.17 1.33 22.66 2.86 45.877636 12.307334 0 0
6.16 -7.53 1.86 22.95 2.86 45.877636 12.307334 0 0
6.51 -7.98 1.41 22.23 3.14 45.877631 12.307298 1 0
5.98 -7.46 1.32 23.48 3.14 45.877631 12.307298 0 0
5.67 -7.58 1.67 22.74 3.14 45.877631 12.307298 1 0
5.92 -7.89 1.74 27.25 3.14 45.877631 12.307298 0 0
5.72 -7.84 1.85 23.14 3.14 45.877631 12.307298 0 0
5.57 -8.1 1.66 22.62 3.14 45.877631 12.307298 0 0
5.25 -8.11 1.48 23.51 3.14 45.877631 12.307298 0 0
6.31 -8.04 1.92 23.65 3.14 45.877631 12.307298 0 0
5.98 -8.05 2.21 23.22 3.14 45.877631 12.307298 0 0
6.22 -7.39 2.2 23.24 3.14 45.877631 12.307298 0 0
6.42 -7.49 2.16 23.14 3.14 45.877631 12.307298 0 0
6.1 -7.64 2.46 23.24 3.14 45.877631 12.307298 0 0
6.11 -7.28 2.42 23.72 3.14 45.877631 12.307298 0 0
6.46 -7.22 2.04 22.76 3.14 45.877631 12.307298 0 0
6.54 -7.41 2.36 23.03 3.14 45.877631 12.307298 0 0
6.02 -7.89 1.59 22.69 3.14 45.877631 12.307298 0 0
5.87 -8.13 1.58 22.62 3.14 45.877631 12.307298 0 0
5.19 -7.88 1.9 22.79 3.44 45.877624 12.307256 1 0
5.79 -8.05 2.41 23.07 3.44 45.877624 12.307256 0 0
6.14 -7.59 1.96 22.36 3.44 45.877624 12.307256 1 0
6.05 -7.66 2.04 22.95 3.44 45.877624 12.307256 0 0
6.0 -7.52 1.95 23.08 3.44 45.877624 12.307256 0 0
5.86 -7.58 2.07 22.64 3.44 45.877624 12.307256 0 0
6.37 -7.78 2.31 23.03 3.44 45.877624 12.307256 0 0
6.29 -7.8 2.04 24.01 3.44 45.877624 12.307256 0 0
6.11 -8.02 2.34 22.83 3.44 45.877624 12.307256 0 0
5.68 -7.26 1.61 23.56 3.44 45.877624 12.307256 0 0
5.88 -8.11 1.83 22.69 3.44 45.877624 12.307256 0 0
