5.94 -7.74 1.64 22.84 2.69 45.877647 12.307396 0 0
6.26 -8.16 1.42 23.82 2.69 45.877647 12.307396 0 0
6.76 -8.22 1.55 23.46 2.69 45.877647 12.307396 0 0
5.91 -7.94 1.9 22.67 2.69 45.877647 12.307396 0 0
6.29 -6.9 1.69 23.55 2.69 45.877647 12.307396 0 0
6.92 -7.52 2.29 22.98 2.69 45.877647 12.307396 0 0
6.64 -7.2 1.61 23.46 2.69 45.877647 12.307396 0 0
6.22 -7.18 2.06 23.84 2.69 45.877647 12.307396 0 0
6.5 -7.7 2.58 24.44 2.57 45.877643 12.307366 1 0
6.07 -7.69 1.93 22.78 2.57 45.877643 12.307366 0 0
4.41 -6.65 2.09 23.14 2.57 45.877643 12.307366 1 0
5.22 -8.52 1.78 25.28 2.57 45.877643 12.307366 0 0
5.57 -8.55 1.13 21.87 2.57 45.877643 12.307366 0 0
5.48 -7.77 3.02 22.74 2.57 45.877643 12.307366 0 0
5.34 -8.34 1.3 23.36 2.57 45.877643 12.307366 0 0
4.89 -7.08 1.99 24.9 2.57 45.877643 12.307366 0 0
7.19 -5.44 2.07 23.31 2.57 45.877643 12.307366 0 0
7.02 -9.76 2.4 23.29 2.57 45.877643 12.307366 0 0
5.57 -8.71 2.74 23.46 2.57 45.877643 12.307366 0 0
6.53 -6.52 2.06 23.6 2.57 45.877643 12.307366 0 0
5.92 -7.15 2.62 23.62 2.57 45.877643 12.307366 0 0
6.0 -7.78 2.74 24.06 2.57 45.877643 12.307366 0 0
5.08 -7.21 1.7 23.19 2.57 45.877643 12.307366 0 0
5.98 -8.43 1.38 23.74 2.57 45.877643 12.307366 0 0
5.4 -8.24 2.41 24.63 2.57 45.877643 12.307366 0 0
5.38 -7.72 1.68 22.72 2.86 45.877636 12.307334 1 0
6.12 -7.79 1.21 22.59 2.86 45.877636 12.307334 0 0
5.68 -7.61 1.56 23.55 2.86 45.877636 12.307334 1 0
6.07 -7.71 1.65 23.39 2.86 45.877636 12.307334 0 0
6.39 -7.35 1.87 23.03 2.86 45.877636 12.307334 0 0
7.06 -7.45 1.92 23.44 2.86 45.877636 12.307334 0 0
6.14 -7.27 1.68 23.87 2.86 45.877636 12.307334 0 0
6.2 -8.27 1.46 23.15 2.86 45.877636 12.307334 0 0
6.34 -7.75 1.11 23.68 2.86 45.877636 12.307334 0 0
6.08 -7.68 1.74 22.6 2.86 45.877636 12.307334 0 0
