2.95 -8.47 1.27 22.69 3.69 45.877496 12.306839 1 1
6.53 -8.28 1.73 22.79 3.69 45.877496 12.306839 0 1
5.19 -6.77 1.33 22.09 3.69 45.877496 12.306839 0 1
6.67 -8.95 2.3 23.75 3.69 45.877496 12.306839 0 1
6.09 -9.15 1.92 22.48 3.69 45.877496 12.306839 0 1
5.56 -8.04 1.72 22.76 3.69 45.877496 12.306839 0 1
5.82 -7.1 1.12 23.0 3.69 45.877496 12.306839 0 1
6.96 -6.86 1.98 22.84 3.69 45.877496 12.306839 0 1
7.23 -7.85 2.42 23.91 3.69 45.877496 12.306839 0 1
5.95 -8.46 2.1 22.81 3.69 45.877496 12.306839 0 1
5.64 -9.22 1.75 22.35 3.69 45.877496 12.306839 0 1
4.49 -7.44 1.66 23.29 3.69 45.877496 12.306839 0 1
7.64 -7.91 1.62 22.64 3.69 45.877496 12.306839 0 1
6.21 -8.51 1.58 22.04 3.69 45.877496 12.306839 0 1
5.98 -8.03 1.52 22.31 3.69 45.877496 12.306839 0 1
6.74 -8.28 1.64 22.38 3.5 45.877463 12.306838 1 1
6.71 -8.23 1.26 22.24 3.5 45.877463 12.306838 0 1
5.85 -8.47 1.84 22.31 3.5 45.877463 12.306838 1 1
6.29 -7.97 1.76 21.66 3.5 45.877463 12.306838 0 1
6.55 -8.3 1.98 21.32 3.5 45.877463 12.306838 0 1
5.81 -8.92 1.84 23.27 3.5 45.877463 12.306838 0 1
5.27 -8.69 1.71 21.09 3.5 45.877463 12.306838 0 1
6.29 -7.53 1.82 21.3 3.5 45.877463 12.306838 0 1
6.57 -9.35 2.29 22.31 3.5 45.877463 12.306838 0 1
6.55 -8.93 1.83 22.55 3.5 45.877463 12.306838 0 1
7.68 -9.71 2.67 22.48 3.5 45.877463 12.306838 0 1
4.69 -8.09 3.14 25.62 3.5 45.877463 12.306838 0 1
5.63 -8.17 1.84 21.06 3.5 45.877463 12.306838 0 1
6.1 -12.51 1.38 20.31 3.5 45.877463 12.306838 0 1
6.61 -9.48 2.43 27.83 3.5 45.877463 12.306838 0 1
5.75 -7.68 2.68 22.17 3.5 45.877463 12.306838 0 1
5.5 -7.19 3.26 22.78 3.5 45.877463 12.306838 0 1
5.32 -9.39 1.65 22.62 3.71 45.877435 12.306862 1 1
6.49 -9.91 1.61 21.73 3.71 45.877435 12.306862 0 1
6.36 -8.87 2.9 21.35 3.71 45.877435 12.306862 1 1
