5.94 -7.93 1.91 23.53 3.18 45.876359 12.305872 0
6.33 -7.83 2.0 23.12 3.18 45.876359 12.305872 0
6.08 -7.53 1.85 22.5 3.34 45.876337 12.305846 1
6.0 -7.62 1.43 22.6 3.34 45.876337 12.305846 0
6.3 -7.85 1.74 22.48 3.34 45.876337 12.305846 1
6.04 -7.78 1.87 22.47 3.34 45.876337 12.305846 0
5.97 -8.19 1.49 22.69 3.34 45.876337 12.305846 0
5.76 -8.13 1.29 22.54 3.34 45.876337 12.305846 0
5.55 -8.15 2.17 22.79 3.34 45.876337 12.305846 0
5.46 -8.16 2.17 22.59 3.34 45.876337 12.305846 0
5.55 -7.76 2.16 22.66 3.34 45.876337 12.305846 0
5.99 -7.56 1.91 22.62 3.34 45.876337 12.305846 0
6.11 -7.94 1.74 22.71 3.34 45.876337 12.305846 0
5.89 -7.88 1.91 22.67 3.34 45.876337 12.305846 0
6.3 -7.7 2.07 22.67 3.34 45.876337 12.305846 0
5.95 -7.66 2.23 23.12 3.34 45.876337 12.305846 0
5.57 -7.86 1.75 22.67 3.34 45.876337 12.305846 0
5.8 -7.91 1.76 22.5 3.34 45.876337 12.305846 0
6.27 -8.28 2.04 22.05 3.34 45.876337 12.305846 0
5.63 -8.14 1.92 22.98 3.33 45.876315 12.305817 1
5.53 -7.89 2.2 22.14 3.33 45.876315 12.305817 0
5.71 -7.65 2.27 22.62 3.33 45.876315 12.305817 1
6.04 -7.77 1.84 22.64 3.33 45.876315 12.305817 0
5.97 -7.64 2.14 23.05 3.33 45.876315 12.305817 0
6.17 -7.56 1.58 22.62 3.33 45.876315 12.305817 0
5.86 -7.97 1.57 22.71 3.33 45.876315 12.305817 0
5.95 -7.34 1.82 23.51 3.33 45.876315 12.305817 0
5.97 -7.65 2.03 22.66 3.33 45.876315 12.305817 0
6.07 -8.17 1.68 22.24 3.33 45.876315 12.305817 0
5.67 -8.03 1.67 23.12 3.33 45.876315 12.305817 0
5.99 -7.93 1.67 22.57 3.33 45.876315 12.305817 0
6.11 -7.89 1.65 22.98 3.33 45.876315 12.305817 0
5.73 -8.01 1.52 22.66 3.33 45.876315 12.305817 0
5.86 -8.2 1.68 22.66 3.33 45.876315 12.305817 0
5.79 -7.83 1.99 23.7 3.33 45.876315 12.305817 0
