6.5 -7.36 1.7 23.12 2.29 45.876436 12.305962 0
6.77 -7.55 1.81 23.12 2.29 45.876436 12.305962 0
6.66 -7.35 1.91 22.64 2.29 45.876436 12.305962 0
6.64 -7.35 2.07 22.84 2.29 45.876436 12.305962 0
6.21 -7.67 2.13 22.54 2.29 45.876436 12.305962 0
6.08 -7.81 1.58 22.59 2.9 45.876418 12.305943 1
6.39 -7.11 0.96 22.55 2.9 45.876418 12.305943 0
6.43 -7.54 1.36 22.45 2.9 45.876418 12.305943 1
5.78 -7.74 1.64 22.43 2.9 45.876418 12.305943 0
5.72 -8.11 2.23 22.57 2.9 45.876418 12.305943 0
5.62 -8.14 1.71 24.71 2.9 45.876418 12.305943 0
6.04 -7.98 1.61 22.45 2.9 45.876418 12.305943 0
6.2 -7.93 1.79 22.48 2.9 45.876418 12.305943 0
5.97 -7.68 2.13 23.12 2.9 45.876418 12.305943 0
6.09 -7.38 1.93 23.12 2.9 45.876418 12.305943 0
6.43 -7.39 1.81 22.09 2.9 45.876418 12.305943 0
6.4 -7.49 1.99 22.55 2.9 45.876418 12.305943 0
6.32 -7.86 2.14 22.98 2.9 45.876418 12.305943 0
6.07 -7.66 2.32 22.21 2.9 45.876418 12.305943 0
6.19 -7.07 2.48 22.66 2.9 45.876418 12.305943 0
5.8 -7.61 2.63 22.5 2.9 45.876418 12.305943 0
6.19 -7.84 2.11 22.14 2.9 45.876418 12.305943 0
5.59 -7.85 1.98 22.66 2.81 45.876400 12.305919 1
5.82 -7.85 1.46 22.71 2.81 45.876400 12.305919 0
5.77 -7.65 1.52 22.54 2.81 45.876400 12.305919 1
6.23 -7.35 1.86 22.43 2.81 45.876400 12.305919 0
6.43 -8.08 1.78 22.14 2.81 45.876400 12.305919 0
6.31 -7.56 1.65 22.52 2.81 45.876400 12.305919 0
5.92 -7.71 1.73 22.43 2.81 45.876400 12.305919 0
5.94 -7.52 1.89 22.35 2.81 45.876400 12.305919 0
6.24 -7.53 1.58 22.6 2.81 45.876400 12.305919 0
6.24 -7.9 1.24 22.24 2.81 45.876400 12.305919 0
5.64 -7.82 1.86 22.66 2.81 45.876400 12.305919 0
5.43 -7.75 2.0 22.57 2.81 45.876400 12.305919 0
6.32 -8.18 1.84 22.52 2.81 45.876400 12.305919 0
