6.23 -8.05 2.04 22.66 2.81 45.876400 12.305919 0
5.85 -7.64 1.92 22.86 2.81 45.876400 12.305919 0
6.12 -7.28 2.0 22.9 2.81 45.876400 12.305919 0
5.86 -7.73 1.8 22.81 3.05 45.876382 12.305894 1
6.42 -8.47 1.91 22.55 3.05 45.876382 12.305894 0
6.53 -7.31 2.38 22.64 3.05 45.876382 12.305894 1
6.06 -7.56 2.19 22.21 3.05 45.876382 12.305894 0
5.86 -7.71 2.17 22.64 3.05 45.876382 12.305894 0
5.76 -7.88 2.09 22.98 3.05 45.876382 12.305894 0
5.68 -7.84 1.9 22.54 3.05 45.876382 12.305894 0
5.88 -8.0 1.82 22.52 3.05 45.876382 12.305894 0
5.66 -7.49 1.83 23.77 3.05 45.876382 12.305894 0
5.77 -8.05 1.83 24.85 3.05 45.876382 12.305894 0
5.94 -7.81 1.78 22.71 3.05 45.876382 12.305894 0
6.11 -7.64 1.77 23.14 3.05 45.876382 12.305894 0
5.75 -7.47 1.69 22.72 3.05 45.876382 12.305894 0
5.96 -7.72 1.94 22.66 3.05 45.876382 12.305894 0
6.29 -7.55 1.63 22.6 3.05 45.876382 12.305894 0
6.07 -8.34 1.69 23.07 3.05 45.876382 12.305894 0
5.39 -7.58 1.79 22.55 3.05 45.876382 12.305894 0
5.62 -8.01 1.88 22.64 3.18 45.876359 12.305872 1
5.85 -7.94 1.69 23.08 3.18 45.876359 12.305872 0
5.87 -8.01 1.91 23.41 3.18 45.876359 12.305872 1
5.77 -7.86 1.95 22.57 3.18 45.876359 12.305872 0
6.2 -7.88 1.97 22.5 3.18 45.876359 12.305872 0
6.01 -8.02 1.93 23.41 3.18 45.876359 12.305872 0
5.9 -7.64 2.09 22.42 3.18 45.876359 12.305872 0
6.15 -7.63 1.91 22.6 3.18 45.876359 12.305872 0
6.19 -7.59 2.0 22.66 3.18 45.876359 12.305872 0
6.16 -8.11 2.0 22.6 3.18 45.876359 12.305872 0
5.95 -7.93 1.88 22.66 3.18 45.876359 12.305872 0
5.96 -7.89 1.63 22.71 3.18 45.876359 12.305872 0
5.44 -7.67 1.83 22.69 3.18 45.876359 12.305872 0
5.54 -7.88 2.1 22.67 3.18 45.876359 12.305872 0
6.04 -7.82 1.86 22.23 3.18 45.876359 12.305872 0
