6.0 -7.6 2.06 22.48 3.02 45.876258 12.305734 0
5.92 -7.76 2.12 22.96 3.02 45.876258 12.305734 1
6.26 -7.69 1.75 22.47 3.02 45.876258 12.305734 0
5.89 -7.92 1.54 23.36 3.02 45.876258 12.305734 0
5.67 -8.69 1.44 22.47 3.02 45.876258 12.305734 0
5.63 -7.26 1.8 23.94 3.02 45.876258 12.305734 0
6.05 -7.49 1.82 23.03 3.02 45.876258 12.305734 0
5.55 -7.95 1.78 23.56 3.02 45.876258 12.305734 0
5.65 -8.13 2.08 23.12 3.02 45.876258 12.305734 0
6.03 -7.83 2.24 23.19 3.02 45.876258 12.305734 0
5.83 -7.73 1.88 22.43 3.02 45.876258 12.305734 0
6.22 -7.33 1.45 22.91 3.02 45.876258 12.305734 0
5.87 -7.73 2.06 22.83 3.02 45.876258 12.305734 0
6.04 -7.64 2.0 22.67 3.02 45.876258 12.305734 0
6.13 -7.67 1.6 22.54 3.02 45.876258 12.305734 0
5.96 -8.12 1.7 23.05 3.02 45.876258 12.305734 0
6.14 -7.55 1.51 23.62 3.32 45.876233 12.305711 1
5.79 -8.08 2.01 23.34 3.32 45.876233 12.305711 0
5.7 -7.83 1.8 25.5 3.32 45.876233 12.305711 1
6.45 -8.13 1.56 22.17 3.32 45.876233 12.305711 0
6.77 -8.75 2.13 22.55 3.32 45.876233 12.305711 0
7.18 -9.21 2.09 22.81 3.32 45.876233 12.305711 0
6.88 -6.8 2.01 23.32 3.32 45.876233 12.305711 0
5.66 -6.96 2.51 23.53 3.32 45.876233 12.305711 0
6.63 -8.52 1.66 23.31 3.32 45.876233 12.305711 0
7.16 -8.04 1.72 23.48 3.32 45.876233 12.305711 0
6.79 -8.46 2.11 22.9 3.32 45.876233 12.305711 0
5.9 -7.55 1.26 22.84 3.32 45.876233 12.305711 0
5.97 -8.55 2.02 23.41 3.32 45.876233 12.305711 0
6.64 -7.91 2.21 22.23 3.32 45.876233 12.305711 0
5.0 -8.97 1.67 22.11 3.32 45.876233 12.305711 0
5.81 -6.36 1.61 22.36 3.32 45.876233 12.305711 0
6.01 -7.61 2.23 22.21 3.32 45.876233 12.305711 0
6.62 -8.54 2.06 22.17 3.45 45.876206 12.305688 1
6.36 -7.76 2.14 22.69 3.45 45.876206 12.305688 0
