6.09 -7.91 2.12 21.49 2.03 45.407309 11.879668 0
5.32 -8.31 1.34 20.99 2.03 45.407309 11.879668 0
5.75 -8.27 1.23 21.52 2.03 45.407309 11.879668 0
5.87 -8.01 1.32 21.81 2.03 45.407309 11.879668 0
6.04 -7.55 1.42 22.4 2.03 45.407309 11.879668 0
6.13 -6.24 2.23 25.91 2.03 45.407309 11.879668 0
5.77 -7.73 1.27 21.76 2.03 45.407309 11.879668 0
5.0 -6.74 0.99 21.88 2.03 45.407309 11.879668 0
5.75 -8.78 1.36 22.19 2.03 45.407309 11.879668 0
7.6 -8.22 2.08 20.19 2.03 45.407309 11.879668 0
5.83 -9.61 1.93 22.57 2.03 45.407309 11.879668 0
5.1 -6.98 2.53 22.93 2.03 45.407309 11.879668 0
5.13 -6.34 1.54 25.16 2.03 45.407309 11.879668 0
4.64 -5.05 1.95 25.02 2.03 45.407309 11.879668 0
5.83 -6.2 2.26 26.09 2.03 45.407309 11.879668 0
7.03 -9.61 2.63 21.61 2.4 45.407328 11.879702 1
6.09 -9.24 2.02 20.85 2.4 45.407328 11.879702 0
5.99 -11.07 1.8 23.32 2.4 45.407328 11.879702 1
6.75 -8.01 2.24 23.34 2.4 45.407328 11.879702 0
5.35 -5.87 1.97 23.08 2.4 45.407328 11.879702 0
7.14 -8.25 0.12 22.4 2.4 45.407328 11.879702 0
6.3 -8.05 2.11 21.35 2.4 45.407328 11.879702 0
4.63 -12.99 4.84 23.05 2.4 45.407328 11.879702 0
7.43 -5.41 0.15 53.49 2.4 45.407328 11.879702 0
5.55 -9.42 1.76 21.81 2.4 45.407328 11.879702 0
6.46 -8.52 2.25 22.59 2.4 45.407328 11.879702 0
3.22 -8.05 3.56 23.75 2.4 45.407328 11.879702 0
6.77 -7.63 2.21 22.19 2.4 45.407328 11.879702 0
4.32 -5.61 0.74 22.4 2.4 45.407328 11.879702 0
6.41 -8.47 1.23 22.79 2.4 45.407328 11.879702 0
4.67 -9.05 0.17 24.04 2.4 45.407328 11.879702 0
3.35 -3.37 2.58 22.33 2.4 45.407328 11.879702 0
6.93 -11.84 2.6 21.57 2.95 45.407324 11.879737 1
3.88 -6.33 -1.92 20.96 2.95 45.407324 11.879737 0
9.03 -8.58 2.07 20.7 2.95 45.407324 11.879737 1
