6.82 -7.09 2.65 22.12 0.03 45.407311 11.879618 0
6.94 -6.88 2.77 22.12 0.03 45.407311 11.879618 0
7.21 -6.79 2.68 22.07 0.03 45.407311 11.879618 0
6.91 -6.88 2.67 21.52 0.03 45.407311 11.879618 0
6.52 -7.23 1.84 22.23 0.03 45.407311 11.879618 0
6.35 -7.48 2.16 22.14 0.03 45.407311 11.879618 0
6.64 -7.3 1.92 22.17 0.03 45.407311 11.879618 0
6.88 -7.05 1.9 22.52 0.03 45.407311 11.879618 0
6.63 -7.11 1.97 22.07 0.03 45.407311 11.879618 0
6.32 -7.3 1.71 21.63 0.03 45.407311 11.879618 0
6.3 -7.72 2.63 21.56 0.03 45.407311 11.879618 0
5.74 -8.12 2.65 22.04 0.03 45.407311 11.879618 0
5.75 -7.8 2.06 21.64 0.03 45.407311 11.879618 0
6.7 -7.16 2.0 22.12 0.03 45.407311 11.879618 0
7.12 -6.91 2.11 21.97 0.03 45.407311 11.879618 0
6.81 -7.07 1.84 21.66 0.52 45.407318 11.879619 1
6.42 -7.67 1.98 22.12 0.52 45.407318 11.879619 0
6.44 -7.59 2.0 22.02 0.52 45.407318 11.879619 1
6.34 -6.99 1.96 21.81 0.52 45.407318 11.879619 0
6.96 -6.74 1.84 21.69 0.52 45.407318 11.879619 0
6.98 -6.89 2.1 21.92 0.52 45.407318 11.879619 0
6.95 -7.11 2.31 21.54 0.52 45.407318 11.879619 0
6.59 -7.05 2.1 21.06 0.52 45.407318 11.879619 0
6.52 -7.28 1.69 20.7 0.52 45.407318 11.879619 0
6.48 -7.47 0.87 20.75 0.52 45.407318 11.879619 0
5.67 -8.17 1.47 20.15 0.52 45.407318 11.879619 0
5.79 -8.16 1.92 20.05 0.52 45.407318 11.879619 0
6.24 -7.4 2.11 20.39 0.52 45.407318 11.879619 0
6.8 -7.31 1.61 20.36 0.52 45.407318 11.879619 0
7.02 -6.94 1.39 20.44 0.52 45.407318 11.879619 0
6.28 -6.7 1.58 20.55 0.52 45.407318 11.879619 0
6.41 -8.17 1.83 20.75 0.52 45.407318 11.879619 0
6.18 -8.36 1.76 21.47 1.17 45.407317 11.879633 1
5.56 -7.99 1.42 21.87 1.17 45.407317 11.879633 0
5.67 -7.75 1.26 22.74 1.17 45.407317 11.879633 1
