5.82 -8.04 1.88 21.93 1.89 45.406380 11.895098 1 0
5.73 -7.56 2.13 22.14 1.89 45.406380 11.895098 1 0
6.07 -7.85 1.99 22.05 1.89 45.406380 11.895098 1 0
6.08 -7.86 1.85 22.02 1.89 45.406380 11.895098 1 0
5.95 -7.99 1.83 22.54 1.89 45.406380 11.895098 1 0
5.79 -7.79 1.78 21.75 1.89 45.406380 11.895098 1 0
5.66 -7.77 1.84 22.05 1.89 45.406380 11.895098 1 0
5.9 -7.8 1.59 21.92 1.89 45.406380 11.895098 1 0
6.03 -7.96 1.64 21.97 1.89 45.406380 11.895098 1 0
5.85 -8.01 1.57 22.05 1.89 45.406380 11.895098 1 0
5.66 -7.7 1.81 22.36 1.89 45.406380 11.895098 1 0
5.56 -8.13 1.9 22.0 2.76 45.406380 11.895128 0 0
5.8 -7.87 1.76 21.85 2.76 45.406380 11.895128 1 0
5.89 -8.12 1.54 21.9 2.76 45.406380 11.895128 0 0
5.86 -7.81 1.61 22.5 2.76 45.406380 11.895128 1 0
5.82 -7.99 1.89 22.16 2.76 45.406380 11.895128 1 0
6.04 -7.93 1.79 22.09 2.76 45.406380 11.895128 1 0
6.18 -7.75 2.0 22.88 2.76 45.406380 11.895128 1 0
6.02 -7.84 1.87 22.36 2.76 45.406380 11.895128 1 0
5.82 -8.0 1.76 22.07 2.76 45.406380 11.895128 1 0
5.97 -7.93 1.66 22.48 2.76 45.406380 11.895128 1 0
5.79 -7.71 1.7 22.04 2.76 45.406380 11.895128 1 0
5.83 -7.77 1.76 21.95 2.76 45.406380 11.895128 1 0
5.74 -8.09 1.66 21.95 2.76 45.406380 11.895128 1 0
5.94 -8.07 1.94 21.57 2.76 45.406380 11.895128 1 0
5.68 -8.18 1.68 22.05 2.76 45.406380 11.895128 1 0
5.49 -7.59 2.01 22.04 2.76 45.406380 11.895128 1 0
5.82 -8.01 1.67 21.85 2.76 45.406380 11.895128 1 0
5.98 -7.85 1.93 22.26 2.76 45.406380 11.895128 1 0
6.07 -7.68 1.83 21.93 2.22 45.406379 11.895152 0 0
5.92 -7.86 1.94 21.88 2.22 45.406379 11.895152 1 0
5.94 -7.95 1.48 21.95 2.22 45.406379 11.895152 0 0
6.04 -7.7 1.75 22.47 2.22 45.406379 11.895152 1 0
5.99 -7.43 1.78 22.09 2.22 45.406379 11.895152 1 0
5.94 -7.76 1.57 21.59 2.22 45.406379 11.895152 1 0
