5.48 -7.75 2.32 22.45 3.41 45.876233 12.305746 0 0
5.71 -8.36 1.91 22.69 3.41 45.876233 12.305746 0 0
5.94 -7.76 1.93 22.93 3.41 45.876233 12.305746 0 0
5.92 -7.52 2.41 22.81 3.41 45.876233 12.305746 0 0
5.9 -8.06 2.09 24.42 3.41 45.876233 12.305746 0 0
5.89 -7.64 1.9 23.05 3.41 45.876233 12.305746 0 0
6.14 -7.97 1.97 23.19 3.41 45.876233 12.305746 0 0
6.14 -7.49 2.02 22.78 3.41 45.876233 12.305746 0 0
6.02 -7.32 2.22 22.62 3.41 45.876233 12.305746 0 0
5.82 -7.8 2.0 22.4 3.41 45.876233 12.305746 0 0
5.79 -7.87 2.34 22.14 3.54 45.876206 12.305722 1 0
5.27 -7.97 1.77 22.6 3.54 45.876206 12.305722 0 0
5.8 -8.48 1.95 22.17 3.54 45.876206 12.305722 1 0
6.15 -7.7 1.92 23.12 3.54 45.876206 12.305722 0 0
6.16 -7.91 2.05 22.88 3.54 45.876206 12.305722 0 0
5.98 -7.66 1.7 22.31 3.54 45.876206 12.305722 0 0
5.83 -8.03 1.78 22.88 3.54 45.876206 12.305722 0 0
6.26 -8.2 2.07 22.12 3.54 45.876206 12.305722 0 0
5.41 -7.25 2.09 22.17 3.54 45.876206 12.305722 0 0
5.88 -7.37 1.65 23.19 3.54 45.876206 12.305722 0 0
6.15 -7.29 1.96 22.52 3.54 45.876206 12.305722 0 0
5.91 -7.67 1.82 22.98 3.54 45.876206 12.305722 0 0
6.12 -8.29 2.26 22.02 3.54 45.876206 12.305722 0 0
6.28 -7.21 2.73 23.31 3.54 45.876206 12.305722 0 0
6.09 -9.07 2.08 22.07 3.54 45.876206 12.305722 0 0
5.92 -7.68 1.47 22.98 3.54 45.876206 12.305722 0 0
5.67 -7.31 1.84 23.02 3.54 45.876206 12.305722 0 0
5.98 -8.06 1.97 23.29 3.56 45.876180 12.305699 1 0
7.01 -8.74 1.94 23.84 3.56 45.876180 12.305699 0 0
5.14 -7.88 2.32 22.71 3.56 45.876180 12.305699 1 0
6.09 -7.09 2.39 23.02 3.56 45.876180 12.305699 0 0
6.03 -8.31 1.88 22.55 3.56 45.876180 12.305699 0 0
6.0 -8.27 1.97 22.31 3.56 45.876180 12.305699 0 0
5.46 -9.25 1.53 23.39 3.56 45.876180 12.305699 0 0
6.33 -5.51 2.17 27.7 3.56 45.876180 12.305699 0 0
