6.17 -8.09 1.89 22.67 3.03 45.876318 12.305846 0 0
6.22 -7.5 2.02 22.69 3.03 45.876318 12.305846 0 0
6.26 -7.6 1.97 23.58 3.03 45.876318 12.305846 0 0
5.82 -7.86 1.9 22.55 3.03 45.876318 12.305846 0 0
6.39 -7.3 1.56 22.24 3.03 45.876318 12.305846 0 0
6.51 -7.67 1.65 22.71 3.03 45.876318 12.305846 0 0
6.38 -7.28 1.75 22.76 3.03 45.876318 12.305846 0 0
6.25 -7.66 1.65 22.72 3.03 45.876318 12.305846 0 0
5.83 -7.57 1.66 22.67 3.03 45.876318 12.305846 0 0
5.94 -7.92 1.77 22.62 3.03 45.876318 12.305846 0 0
6.07 -7.65 1.55 22.19 3.03 45.876318 12.305846 0 0
5.73 -7.61 1.7 22.69 3.03 45.876318 12.305846 0 0
6.05 -7.56 1.66 22.57 3.03 45.876318 12.305846 0 0
5.6 -7.83 2.14 22.59 3.02 45.876300 12.305820 1 0
5.86 -8.08 2.08 22.45 3.02 45.876300 12.305820 0 0
6.0 -7.62 2.1 22.62 3.02 45.876300 12.305820 1 0
6.27 -8.3 1.98 22.64 3.02 45.876300 12.305820 0 0
6.08 -7.58 2.07 22.5 3.02 45.876300 12.305820 0 0
6.2 -7.62 2.02 22.5 3.02 45.876300 12.305820 0 0
6.18 -7.7 2.11 22.04 3.02 45.876300 12.305820 0 0
6.1 -7.84 2.25 22.47 3.02 45.876300 12.305820 0 0
6.21 -7.57 1.73 22.67 3.02 45.876300 12.305820 0 0
5.87 -7.74 1.61 24.01 3.02 45.876300 12.305820 0 0
5.7 -7.72 1.84 23.14 3.02 45.876300 12.305820 0 0
5.64 -8.11 1.77 22.67 3.02 45.876300 12.305820 0 0
6.02 -7.82 1.91 23.48 3.02 45.876300 12.305820 0 0
6.03 -8.05 2.04 23.56 3.02 45.876300 12.305820 0 0
5.84 -7.78 1.86 22.31 3.02 45.876300 12.305820 0 0
5.82 -7.95 1.75 23.12 3.02 45.876300 12.305820 0 0
6.1 -7.81 1.68 22.95 3.02 45.876300 12.305820 0 0
6.12 -7.87 1.92 23.26 3.24 45.876280 12.305793 1 0
6.2 -7.8 1.94 22.84 3.24 45.876280 12.305793 0 0
6.19 -8.01 1.93 22.38 3.24 45.876280 12.305793 1 0
5.97 -7.82 2.0 23.34 3.24 45.876280 12.305793 0 0
5.78 -7.93 1.91 22.98 3.24 45.876280 12.305793 0 0
