6.19 -7.08 1.32 22.96 2.09 45.876355 12.305883 1 0
6.46 -7.49 2.42 22.52 2.09 45.876355 12.305883 0 0
6.31 -7.25 2.52 23.24 2.09 45.876355 12.305883 0 0
6.14 -7.58 2.19 22.47 2.09 45.876355 12.305883 0 0
5.74 -7.64 1.37 22.83 2.09 45.876355 12.305883 0 0
5.26 -8.11 1.29 23.27 2.09 45.876355 12.305883 0 0
5.73 -8.16 1.86 22.48 2.09 45.876355 12.305883 0 0
6.18 -7.51 1.8 22.72 2.09 45.876355 12.305883 0 0
6.02 -7.6 1.42 22.76 2.09 45.876355 12.305883 0 0
5.4 -7.76 1.07 23.63 2.09 45.876355 12.305883 0 0
6.21 -7.55 1.49 23.14 2.09 45.876355 12.305883 0 0
6.51 -7.45 1.92 22.95 2.09 45.876355 12.305883 0 0
6.68 -7.16 2.24 22.57 2.09 45.876355 12.305883 0 0
6.04 -7.89 1.94 22.48 2.09 45.876355 12.305883 0 0
5.82 -7.85 1.52 22.6 2.72 45.876338 12.305867 1 0
6.34 -7.64 1.38 22.6 2.72 45.876338 12.305867 0 0
6.41 -6.99 1.21 22.11 2.72 45.876338 12.305867 1 0
6.6 -7.88 1.79 22.26 2.72 45.876338 12.305867 0 0
6.1 -7.36 1.62 23.03 2.72 45.876338 12.305867 0 0
5.81 -7.72 1.75 22.52 2.72 45.876338 12.305867 0 0
5.97 -8.24 1.52 22.36 2.72 45.876338 12.305867 0 0
5.96 -7.54 1.53 22.42 2.72 45.876338 12.305867 0 0
5.97 -7.65 1.78 22.54 2.72 45.876338 12.305867 0 0
6.27 -7.78 1.51 22.69 2.72 45.876338 12.305867 0 0
6.33 -7.68 1.64 22.62 2.72 45.876338 12.305867 0 0
6.27 -7.57 1.96 23.03 2.72 45.876338 12.305867 0 0
6.51 -7.52 1.91 22.17 2.72 45.876338 12.305867 0 0
6.51 -7.29 1.51 22.69 2.72 45.876338 12.305867 0 0
6.38 -7.69 1.7 23.14 2.72 45.876338 12.305867 0 0
6.06 -7.76 2.21 22.62 2.72 45.876338 12.305867 0 0
5.97 -7.9 2.3 22.57 2.72 45.876338 12.305867 0 0
5.8 -7.71 1.95 22.62 3.03 45.876318 12.305846 1 0
5.77 -7.68 1.61 22.52 3.03 45.876318 12.305846 0 0
5.37 -8.13 1.63 22.59 3.03 45.876318 12.305846 1 0
5.45 -8.2 1.67 22.43 3.03 45.876318 12.305846 0 0
