5.48 -7.92 1.77 22.38 3.24 45.876280 12.305793 0 0
5.64 -8.14 1.96 22.0 3.24 45.876280 12.305793 0 0
5.96 -7.64 1.75 23.31 3.24 45.876280 12.305793 0 0
6.05 -8.03 2.17 23.99 3.24 45.876280 12.305793 0 0
5.99 -7.48 1.89 22.64 3.24 45.876280 12.305793 0 0
5.97 -7.55 2.08 22.59 3.24 45.876280 12.305793 0 0
6.07 -7.52 2.13 22.64 3.24 45.876280 12.305793 0 0
6.3 -7.65 1.85 22.62 3.24 45.876280 12.305793 0 0
6.06 -7.74 2.02 22.21 3.24 45.876280 12.305793 0 0
5.9 -7.67 2.12 22.67 3.24 45.876280 12.305793 0 0
5.92 -7.48 2.34 23.15 3.24 45.876280 12.305793 0 0
6.12 -7.53 2.03 22.64 3.24 45.876280 12.305793 0 0
6.03 -7.72 1.76 22.67 3.16 45.876257 12.305771 1 0
5.86 -7.85 2.08 22.48 3.16 45.876257 12.305771 0 0
5.77 -8.04 1.74 22.6 3.16 45.876257 12.305771 1 0
5.97 -7.95 1.63 22.57 3.16 45.876257 12.305771 0 0
5.76 -7.75 1.73 21.97 3.16 45.876257 12.305771 0 0
6.43 -7.69 1.61 21.99 3.16 45.876257 12.305771 0 0
6.54 -7.23 2.04 22.62 3.16 45.876257 12.305771 0 0
6.05 -7.73 2.02 23.0 3.16 45.876257 12.305771 0 0
6.03 -7.45 1.75 22.54 3.16 45.876257 12.305771 0 0
6.22 -7.55 1.69 22.17 3.16 45.876257 12.305771 0 0
5.73 -7.76 1.5 22.66 3.16 45.876257 12.305771 0 0
5.51 -8.46 1.91 23.65 3.16 45.876257 12.305771 0 0
5.28 -8.26 1.78 22.72 3.16 45.876257 12.305771 0 0
5.35 -7.99 2.16 22.74 3.16 45.876257 12.305771 0 0
5.91 -7.78 1.72 22.69 3.16 45.876257 12.305771 0 0
6.35 -7.82 2.06 22.59 3.16 45.876257 12.305771 0 0
6.28 -7.87 1.82 23.07 3.41 45.876233 12.305746 1 0
6.13 -7.25 1.69 22.67 3.41 45.876233 12.305746 0 0
5.89 -7.63 1.97 22.14 3.41 45.876233 12.305746 1 0
6.27 -7.87 1.92 22.71 3.41 45.876233 12.305746 0 0
5.85 -7.55 2.03 22.17 3.41 45.876233 12.305746 0 0
5.94 -7.83 2.35 23.29 3.41 45.876233 12.305746 0 0
5.49 -8.09 1.81 22.36 3.41 45.876233 12.305746 0 0
