7.22 -7.94 1.77 22.11 2.8 45.406326 11.895475 1 1
6.76 -8.54 1.6 21.92 2.8 45.406326 11.895475 1 1
4.89 -7.42 1.35 23.07 2.8 45.406326 11.895475 1 1
2.69 -5.26 1.38 22.71 2.8 45.406326 11.895475 1 1
3.14 -6.47 1.65 21.08 2.8 45.406326 11.895475 1 1
6.17 -9.64 1.79 20.97 2.73 45.406329 11.895511 0 1
7.36 -9.88 1.66 21.23 2.73 45.406329 11.895511 1 1
5.29 -8.06 1.39 22.62 2.73 45.406329 11.895511 0 1
3.82 -7.04 1.35 22.95 2.73 45.406329 11.895511 1 1
4.96 -6.6 1.82 23.0 2.73 45.406329 11.895511 1 1
6.65 -7.1 2.39 21.95 2.73 45.406329 11.895511 1 1
7.3 -8.94 2.33 21.49 2.73 45.406329 11.895511 1 1
6.72 -9.56 1.73 22.14 2.73 45.406329 11.895511 1 1
5.08 -8.07 1.39 22.0 2.73 45.406329 11.895511 1 1
4.23 -7.34 1.52 21.97 2.73 45.406329 11.895511 1 1
5.52 -8.07 1.63 21.8 2.73 45.406329 11.895511 1 1
6.79 -8.21 1.56 21.75 2.73 45.406329 11.895511 1 1
6.07 -7.9 1.53 21.87 2.73 45.406329 11.895511 1 1
5.1 -8.21 1.54 22.0 2.73 45.406329 11.895511 1 1
5.49 -8.28 1.5 21.95 2.73 45.406329 11.895511 1 1
6.09 -7.81 1.48 22.4 2.73 45.406329 11.895511 1 1
6.0 -7.82 1.57 21.95 2.73 45.406329 11.895511 1 1
5.86 -8.16 1.7 21.85 2.73 45.406329 11.895511 1 1
5.83 -8.0 1.86 22.21 2.56 45.406335 11.895545 0 1
5.66 -7.76 1.99 22.31 2.56 45.406335 11.895545 1 1
5.67 -7.9 1.91 22.76 2.56 45.406335 11.895545 0 1
5.84 -8.01 1.73 22.26 2.56 45.406335 11.895545 1 1
5.75 -7.99 1.69 22.57 2.56 45.406335 11.895545 1 1
5.62 -8.06 1.73 22.26 2.56 45.406335 11.895545 1 1
5.83 -8.03 1.65 21.9 2.56 45.406335 11.895545 1 1
6.02 -7.87 1.59 21.93 2.56 45.406335 11.895545 1 1
5.88 -7.89 1.73 22.26 2.56 45.406335 11.895545 1 1
5.69 -7.95 1.9 24.8 2.56 45.406335 11.895545 1 1
5.75 -7.86 1.91 22.96 2.56 45.406335 11.895545 1 1
5.91 -7.91 1.81 22.36 2.56 45.406335 11.895545 1 1
