6.29 -7.43 2.08 21.99 3.15 45.407997 11.888370 1 0
6.42 -7.58 2.05 22.05 3.15 45.407997 11.888370 1 0
6.27 -7.41 2.36 22.52 3.15 45.407997 11.888370 1 0
5.93 -7.62 1.8 22.05 3.15 45.407997 11.888370 1 0
5.91 -8.03 1.71 21.97 3.15 45.407997 11.888370 1 0
5.94 -7.94 2.09 22.0 3.15 45.407997 11.888370 1 0
6.03 -7.99 1.75 21.93 3.15 45.407997 11.888370 1 0
5.72 -7.84 1.84 21.9 3.53 45.407991 11.888324 0 0
6.05 -7.98 1.92 21.81 3.53 45.407991 11.888324 1 0
6.38 -7.51 1.73 21.81 3.53 45.407991 11.888324 1 0
6.58 -7.88 1.91 21.9 3.53 45.407991 11.888324 0 0
6.14 -7.48 1.74 22.0 3.53 45.407991 11.888324 1 0
6.21 -7.5 1.59 22.05 3.53 45.407991 11.888324 1 0
6.29 -7.56 1.72 21.92 3.53 45.407991 11.888324 1 0
6.16 -8.14 1.66 21.87 3.53 45.407991 11.888324 1 0
5.58 -7.72 1.94 21.92 3.53 45.407991 11.888324 1 0
6.33 -7.92 1.64 21.63 3.53 45.407991 11.888324 1 0
5.64 -7.93 1.23 22.02 3.53 45.407991 11.888324 1 0
5.99 -7.47 1.52 21.66 3.53 45.407991 11.888324 1 0
6.22 -7.96 1.58 22.0 3.53 45.407991 11.888324 1 0
6.42 -7.77 1.98 21.61 3.53 45.407991 11.888324 1 0
6.04 -7.4 1.92 22.07 3.53 45.407991 11.888324 1 0
6.17 -7.54 1.96 22.16 3.53 45.407991 11.888324 1 0
6.38 -7.5 1.98 22.02 3.53 45.407991 11.888324 1 0
6.17 -7.98 1.56 21.97 3.53 45.407991 11.888324 1 0
5.85 -7.96 2.22 21.51 2.78 45.407992 11.888287 0 0
5.76 -7.51 1.93 21.95 2.78 45.407992 11.888287 1 0
5.71 -7.68 1.85 21.33 2.78 45.407992 11.888287 0 0
5.59 -8.35 1.7 21.59 2.78 45.407992 11.888287 1 0
6.08 -7.71 1.64 21.25 2.78 45.407992 11.888287 1 0
6.48 -8.57 1.8 21.45 2.78 45.407992 11.888287 1 0
5.83 -7.15 1.52 22.47 2.78 45.407992 11.888287 1 0
6.17 -7.5 1.51 22.72 2.78 45.407992 11.888287 1 0
6.17 -7.79 1.71 21.75 2.78 45.407992 11.888287 1 0
5.71 -7.3 1.66 22.05 2.78 45.407992 11.888287 1 0
