5.8 -7.56 2.02 22.78 2.44 45.408041 11.888442 1 0
5.62 -7.57 2.16 21.87 2.44 45.408041 11.888442 1 0
5.83 -8.06 2.1 21.35 2.44 45.408041 11.888442 1 0
6.08 -8.03 1.89 22.45 2.44 45.408041 11.888442 1 0
5.99 -7.67 1.81 21.85 2.44 45.408041 11.888442 1 0
5.86 -7.63 1.92 22.64 2.44 45.408041 11.888442 1 0
5.96 -7.82 1.91 22.07 2.44 45.408041 11.888442 1 0
6.1 -7.87 1.69 22.47 2.44 45.408041 11.888442 1 0
6.09 -7.78 1.59 22.11 2.44 45.408041 11.888442 1 0
6.01 -7.67 1.71 22.11 2.44 45.408041 11.888442 1 0
5.94 -7.6 1.77 22.02 2.44 45.408041 11.888442 1 0
6.01 -7.65 1.73 21.95 2.44 45.408041 11.888442 1 0
6.19 -7.86 1.73 22.29 2.44 45.408041 11.888442 1 0
6.09 -8.13 1.66 22.36 2.66 45.408035 11.888406 0 0
5.71 -8.13 1.46 22.45 2.66 45.408035 11.888406 1 0
5.6 -7.81 1.38 22.0 2.66 45.408035 11.888406 0 0
5.86 -7.63 1.59 21.85 2.66 45.408035 11.888406 1 0
6.02 -7.85 1.85 21.9 2.66 45.408035 11.888406 1 0
5.98 -8.03 1.89 21.95 2.66 45.408035 11.888406 1 0
5.97 -7.81 1.76 22.5 2.66 45.408035 11.888406 1 0
6.03 -7.46 1.73 22.07 2.66 45.408035 11.888406 1 0
6.14 -7.5 1.9 22.12 2.66 45.408035 11.888406 1 0
6.31 -7.99 2.02 21.97 2.66 45.408035 11.888406 1 0
6.24 -8.39 1.95 22.47 2.66 45.408035 11.888406 1 0
5.79 -8.12 1.9 22.16 2.66 45.408035 11.888406 1 0
5.52 -7.53 1.98 22.57 2.66 45.408035 11.888406 1 0
5.74 -7.52 2.01 21.81 2.66 45.408035 11.888406 1 0
6.02 -8.06 1.95 22.0 2.66 45.408035 11.888406 1 0
5.99 -8.16 1.9 21.59 2.66 45.408035 11.888406 1 0
5.89 -7.64 1.89 22.24 2.66 45.408035 11.888406 1 0
5.95 -7.39 1.89 21.92 2.66 45.408035 11.888406 1 0
6.08 -7.77 1.86 21.95 2.98 45.408027 11.888366 0 0
6.16 -8.08 1.67 21.44 2.98 45.408027 11.888366 1 0
6.13 -7.89 1.37 21.8 2.98 45.408027 11.888366 0 0
5.99 -7.6 1.35 21.87 2.98 45.408027 11.888366 1 0
