5.73 -7.73 1.68 21.56 2.56 45.408358 11.890006 1
5.92 -7.66 1.74 21.97 2.88 45.408348 11.889970 0
6.1 -7.78 1.66 22.0 2.88 45.408348 11.889970 1
6.21 -7.9 1.51 22.02 2.88 45.408348 11.889970 0
6.22 -7.82 1.35 21.97 2.88 45.408348 11.889970 1
6.11 -7.76 1.37 21.47 2.88 45.408348 11.889970 1
6.03 -7.88 1.57 21.51 2.88 45.408348 11.889970 1
6.1 -7.89 1.71 21.92 2.88 45.408348 11.889970 1
6.09 -7.67 1.68 22.07 2.88 45.408348 11.889970 1
5.86 -7.63 1.64 22.05 2.88 45.408348 11.889970 1
5.67 -7.88 1.76 22.12 2.88 45.408348 11.889970 1
5.66 -8.03 1.89 21.57 2.88 45.408348 11.889970 1
5.69 -7.97 1.87 21.54 2.88 45.408348 11.889970 1
5.77 -7.9 1.79 21.57 2.88 45.408348 11.889970 1
6.02 -7.82 1.83 21.63 2.88 45.408348 11.889970 1
6.16 -7.7 1.93 22.14 2.88 45.408348 11.889970 1
5.97 -7.6 1.94 22.24 2.88 45.408348 11.889970 1
5.82 -7.56 1.95 22.23 2.88 45.408348 11.889970 1
5.98 -7.66 2.03 21.81 2.88 45.408348 11.889970 1
6.13 -8.01 2.05 21.35 3.05 45.408339 11.889932 0
6.07 -8.18 2.03 21.8 3.05 45.408339 11.889932 1
5.94 -7.81 2.08 22.09 3.05 45.408339 11.889932 0
5.74 -7.44 2.11 22.12 3.05 45.408339 11.889932 1
5.51 -7.62 1.97 22.21 3.05 45.408339 11.889932 1
5.59 -8.0 1.84 21.95 3.05 45.408339 11.889932 1
5.91 -8.14 1.78 21.73 3.05 45.408339 11.889932 1
5.97 -8.16 1.67 21.73 3.05 45.408339 11.889932 1
5.84 -8.0 1.61 21.64 3.05 45.408339 11.889932 1
5.98 -7.58 1.74 22.55 3.05 45.408339 11.889932 1
6.16 -7.38 1.82 22.23 3.05 45.408339 11.889932 1
5.97 -7.69 1.68 21.81 3.05 45.408339 11.889932 1
5.74 -7.99 1.59 22.19 3.05 45.408339 11.889932 1
5.85 -7.95 1.71 21.93 3.05 45.408339 11.889932 1
5.96 -7.95 1.75 21.47 3.05 45.408339 11.889932 1
5.83 -8.14 1.62 21.47 3.05 45.408339 11.889932 1
