6.09 -7.78 1.63 21.95 2.95 45.408288 11.889789 1
6.03 -7.86 1.88 22.0 1.35 45.408286 11.889771 0
5.77 -7.9 1.9 22.02 1.35 45.408286 11.889771 1
5.64 -8.07 1.7 21.93 1.35 45.408286 11.889771 0
5.65 -8.13 1.74 21.95 1.35 45.408286 11.889771 1
5.63 -7.84 1.92 21.61 1.35 45.408286 11.889771 1
5.73 -7.62 1.8 22.12 1.35 45.408286 11.889771 1
6.08 -7.84 1.6 21.87 1.35 45.408286 11.889771 1
6.3 -8.14 1.7 21.47 1.35 45.408286 11.889771 1
6.13 -8.05 1.92 21.83 1.35 45.408286 11.889771 1
5.93 -7.71 1.96 21.69 1.35 45.408286 11.889771 1
5.84 -7.5 1.92 22.17 1.35 45.408286 11.889771 1
5.75 -7.63 1.96 21.97 1.35 45.408286 11.889771 1
5.77 -8.02 2.01 21.52 1.35 45.408286 11.889771 1
5.96 -8.23 1.95 21.83 1.35 45.408286 11.889771 1
5.91 -8.01 1.85 22.07 1.35 45.408286 11.889771 1
5.59 -7.71 1.8 21.81 1.35 45.408286 11.889771 1
5.54 -7.67 1.8 21.76 1.35 45.408286 11.889771 1
5.9 -7.74 1.8 21.93 1.35 45.408286 11.889771 1
6.15 -7.82 1.75 21.97 2.91 45.408276 11.889737 0
6.06 -7.92 1.72 21.97 2.91 45.408276 11.889737 1
5.87 -7.88 1.71 22.02 2.91 45.408276 11.889737 0
5.86 -7.72 1.66 21.93 2.91 45.408276 11.889737 1
6.08 -7.76 1.64 21.52 2.91 45.408276 11.889737 1
6.27 -7.95 1.73 22.0 2.91 45.408276 11.889737 1
6.1 -7.93 1.77 22.62 2.91 45.408276 11.889737 1
5.76 -7.84 1.68 21.69 2.91 45.408276 11.889737 1
5.67 -8.0 1.64 21.81 2.91 45.408276 11.889737 1
5.81 -8.23 1.73 22.17 2.91 45.408276 11.889737 1
5.9 -8.18 1.8 22.09 2.91 45.408276 11.889737 1
5.93 -7.94 1.84 22.12 2.91 45.408276 11.889737 1
5.98 -7.76 1.95 22.12 2.91 45.408276 11.889737 1
6.01 -7.71 2.07 22.17 2.91 45.408276 11.889737 1
6.02 -7.74 2.05 22.19 2.91 45.408276 11.889737 1
6.05 -7.79 1.93 22.09 2.91 45.408276 11.889737 1
