6.02 -7.9 1.85 21.56 2.91 45.408276 11.889737 1
5.88 -8.08 1.9 21.85 3.36 45.408260 11.889692 0
5.75 -8.08 2.08 22.04 3.36 45.408260 11.889692 1
5.73 -7.8 2.1 21.99 3.36 45.408260 11.889692 0
5.81 -7.72 1.81 21.61 3.36 45.408260 11.889692 1
5.91 -8.07 1.59 21.45 3.36 45.408260 11.889692 1
5.92 -8.24 1.78 21.4 3.36 45.408260 11.889692 1
5.84 -7.83 2.0 22.0 3.36 45.408260 11.889692 1
5.85 -7.45 1.8 21.97 3.36 45.408260 11.889692 1
6.1 -7.56 1.47 21.97 3.36 45.408260 11.889692 1
6.29 -7.8 1.44 22.02 3.36 45.408260 11.889692 1
6.16 -7.83 1.62 22.02 3.36 45.408260 11.889692 1
5.94 -7.74 1.71 22.07 3.36 45.408260 11.889692 1
5.97 -7.67 1.68 21.63 3.36 45.408260 11.889692 1
5.99 -7.75 1.64 21.66 3.36 45.408260 11.889692 1
5.74 -8.02 1.63 22.07 3.36 45.408260 11.889692 1
5.52 -8.13 1.6 22.12 3.36 45.408260 11.889692 1
5.59 -7.94 1.58 22.09 3.36 45.408260 11.889692 1
5.74 -7.89 1.68 21.56 3.36 45.408260 11.889692 1
5.84 -8.08 1.85 21.8 3.27 45.408249 11.889648 0
5.91 -7.97 1.88 21.87 3.27 45.408249 11.889648 1
5.87 -7.64 1.74 22.31 3.27 45.408249 11.889648 0
5.82 -7.61 1.63 21.4 3.27 45.408249 11.889648 1
6.02 -7.84 1.69 21.3 3.27 45.408249 11.889648 1
6.11 -7.98 1.83 21.9 3.27 45.408249 11.889648 1
5.81 -7.98 2.01 21.97 3.27 45.408249 11.889648 1
5.68 -7.82 2.13 22.0 3.27 45.408249 11.889648 1
5.84 -7.66 2.07 22.12 3.27 45.408249 11.889648 1
5.73 -7.93 1.91 21.99 3.27 45.408249 11.889648 1
5.76 -8.3 1.76 22.02 3.27 45.408249 11.889648 1
6.27 -8.02 1.63 22.12 3.27 45.408249 11.889648 1
6.11 -7.53 1.56 22.17 3.27 45.408249 11.889648 1
5.4 -7.61 1.65 22.04 3.27 45.408249 11.889648 1
5.86 -7.84 1.72 22.38 3.27 45.408249 11.889648 1
6.53 -7.98 1.71 22.02 3.27 45.408249 11.889648 1
