5.82 -8.23 1.82 21.58 2.13 45.408225 11.889518 1
5.84 -8.24 1.83 21.58 2.13 45.408225 11.889518 1
5.84 -8.25 1.82 21.6 2.13 45.408225 11.889518 1
5.83 -8.25 1.81 21.59 2.13 45.408225 11.889518 1
5.83 -8.24 1.83 21.58 2.13 45.408225 11.889518 1
5.83 -8.24 1.81 21.59 2.13 45.408225 11.889518 1
5.83 -8.24 1.81 21.59 2.13 45.408225 11.889518 1
5.83 -8.25 1.82 21.58 2.13 45.408225 11.889518 1
5.83 -8.25 1.83 21.59 2.13 45.408225 11.889518 1
5.82 -8.25 1.82 21.59 2.13 45.408225 11.889518 1
5.82 -8.24 1.82 21.59 2.13 45.408225 11.889518 1
5.83 -8.24 1.83 21.59 2.13 45.408225 11.889518 1
5.83 -8.24 1.82 21.6 2.13 45.408225 11.889518 1
5.83 -8.24 1.81 21.59 2.13 45.408225 11.889518 1
5.83 -8.24 1.82 21.59 2.13 45.408225 11.889518 1
5.83 -8.25 1.82 21.58 2.13 45.408225 11.889518 1
5.84 -8.25 1.82 21.59 2.13 45.408225 11.889518 1
5.83 -8.24 1.82 21.59 2.13 45.408225 11.889518 1
5.83 -8.23 1.82 21.59 2.13 45.408225 11.889518 1
5.82 -8.24 1.82 21.6 2.13 45.408225 11.889518 1
5.83 -8.24 1.82 21.59 2.13 45.408225 11.889518 1
5.83 -8.23 1.81 21.6 2.13 45.408225 11.889518 1
5.83 -8.24 1.82 21.59 2.13 45.408225 11.889518 1
5.83 -8.24 1.82 21.59 2.13 45.408225 11.889518 1
5.84 -8.24 1.81 21.59 2.13 45.408225 11.889518 1
5.84 -8.24 1.81 21.59 2.13 45.408225 11.889518 1
5.83 -8.24 1.82 21.59 2.13 45.408225 11.889518 1
5.83 -8.24 1.82 21.58 2.13 45.408225 11.889518 1
5.84 -8.23 1.81 21.59 2.13 45.408225 11.889518 1
5.83 -8.23 1.81 21.59 2.13 45.408225 11.889518 1
5.83 -8.24 1.82 21.59 2.13 45.408225 11.889518 1
5.83 -8.23 1.82 21.6 2.13 45.408225 11.889518 1
5.83 -8.24 1.82 21.59 2.13 45.408225 11.889518 1
5.83 -8.24 1.83 21.58 2.13 45.408225 11.889518 1
5.82 -8.24 1.83 21.59 2.13 45.408225 11.889518 1
