6.19 -7.6 1.48 22.0 2.72 45.407753 11.899260 1 0
6.2 -7.56 1.62 21.92 2.72 45.407753 11.899260 1 0
6.19 -7.57 1.86 22.26 2.48 45.407767 11.899292 0 0
6.07 -7.76 1.9 21.81 2.48 45.407767 11.899292 1 0
5.87 -7.97 1.73 22.36 2.48 45.407767 11.899292 0 0
5.73 -7.93 1.62 22.88 2.48 45.407767 11.899292 1 0
5.7 -7.82 1.69 21.47 2.48 45.407767 11.899292 1 0
5.71 -7.93 1.85 22.23 2.48 45.407767 11.899292 1 0
5.78 -8.02 1.97 22.23 2.48 45.407767 11.899292 1 0
6.01 -7.78 2.0 22.35 2.48 45.407767 11.899292 1 0
6.24 -7.49 1.97 22.74 2.48 45.407767 11.899292 1 0
6.19 -7.56 2.02 22.42 2.48 45.407767 11.899292 1 0
5.99 -7.78 2.1 21.97 2.48 45.407767 11.899292 1 0
6.01 -7.78 2.07 22.31 2.48 45.407767 11.899292 1 0
6.17 -7.65 2.05 21.92 2.48 45.407767 11.899292 1 0
6.13 -7.66 2.23 21.93 2.48 45.407767 11.899292 1 0
5.92 -7.78 2.35 22.0 2.48 45.407767 11.899292 1 0
5.83 -7.89 2.11 22.0 2.48 45.407767 11.899292 1 0
5.81 -7.95 1.82 21.95 2.48 45.407767 11.899292 1 0
5.7 -7.94 1.83 22.0 2.04 45.407774 11.899320 0 0
5.64 -7.89 1.88 22.35 2.04 45.407774 11.899320 1 0
5.87 -7.86 1.69 21.85 2.04 45.407774 11.899320 1 0
6.18 -7.83 1.59 21.81 2.04 45.407774 11.899320 0 0
6.24 -7.72 1.85 22.31 2.04 45.407774 11.899320 1 0
6.14 -7.6 2.08 21.85 2.04 45.407774 11.899320 1 0
6.13 -7.66 1.89 21.81 2.04 45.407774 11.899320 1 0
6.21 -7.83 1.66 21.75 2.04 45.407774 11.899320 1 0
6.2 -7.83 1.74 21.85 2.04 45.407774 11.899320 1 0
6.18 -7.68 1.8 21.9 2.04 45.407774 11.899320 1 0
6.17 -7.66 1.54 22.31 2.04 45.407774 11.899320 1 0
5.99 -7.83 1.38 22.33 2.04 45.407774 11.899320 1 0
5.69 -7.98 1.6 22.74 2.04 45.407774 11.899320 1 0
5.63 -8.06 1.79 22.78 2.04 45.407774 11.899320 1 0
5.82 -8.01 1.78 21.95 2.04 45.407774 11.899320 1 0
5.88 -7.8 1.98 22.36 2.04 45.407774 11.899320 1 0
