6.36 -7.67 1.71 21.88 2.18 45.407801 11.899472 1 0
6.07 -8.25 1.93 21.61 2.18 45.407801 11.899472 1 0
5.69 -8.25 1.91 21.8 3.35 45.407808 11.899514 0 0
5.64 -7.97 1.72 21.45 3.35 45.407808 11.899514 1 0
5.71 -7.72 1.7 21.9 3.35 45.407808 11.899514 0 0
5.83 -7.53 1.82 21.4 3.35 45.407808 11.899514 1 0
6.11 -7.51 1.91 21.76 3.35 45.407808 11.899514 1 0
6.29 -7.67 1.96 21.76 3.35 45.407808 11.899514 1 0
6.26 -7.7 1.96 21.81 3.35 45.407808 11.899514 1 0
6.26 -7.52 1.93 22.17 3.35 45.407808 11.899514 1 0
6.31 -7.51 2.03 21.61 3.35 45.407808 11.899514 1 0
6.21 -7.67 2.2 22.09 3.35 45.407808 11.899514 1 0
6.08 -7.65 2.25 22.11 3.35 45.407808 11.899514 1 0
6.07 -7.57 2.13 22.11 3.35 45.407808 11.899514 1 0
5.99 -7.8 2.0 22.05 3.35 45.407808 11.899514 1 0
5.76 -8.06 1.93 22.4 3.35 45.407808 11.899514 1 0
5.65 -7.96 1.96 21.51 3.35 45.407808 11.899514 1 0
5.78 -7.8 2.09 21.85 3.35 45.407808 11.899514 1 0
5.95 -7.84 2.16 21.75 3.35 45.407808 11.899514 1 0
6.16 -7.73 1.98 21.73 3.35 45.407808 11.899514 1 0
6.4 -7.38 1.78 21.8 3.26 45.407815 11.899559 0 0
6.37 -7.31 1.81 22.31 3.26 45.407815 11.899559 1 0
6.12 -7.61 1.8 21.76 3.26 45.407815 11.899559 0 0
6.07 -7.79 1.51 21.69 3.26 45.407815 11.899559 1 0
6.24 -7.75 1.34 21.39 3.26 45.407815 11.899559 1 0
6.2 -7.8 1.64 21.8 3.26 45.407815 11.899559 1 0
5.94 -7.8 1.99 21.85 3.26 45.407815 11.899559 1 0
5.83 -7.6 1.9 22.0 3.26 45.407815 11.899559 1 0
5.81 -7.67 1.62 22.0 3.26 45.407815 11.899559 1 0
5.74 -8.11 1.66 21.92 3.26 45.407815 11.899559 1 0
5.9 -8.13 1.96 21.9 3.26 45.407815 11.899559 1 0
6.26 -7.58 2.11 21.87 3.26 45.407815 11.899559 1 0
6.33 -7.37 2.0 21.87 3.26 45.407815 11.899559 1 0
6.15 -7.71 1.94 21.76 3.26 45.407815 11.899559 1 0
6.17 -7.82 2.11 21.75 3.26 45.407815 11.899559 1 0
