7.03 -7.29 -0.03 22.35 2.55 45.407369 11.879805 0
6.17 -6.63 1.21 23.07 2.55 45.407369 11.879805 0
4.54 -6.58 2.59 22.57 2.55 45.407369 11.879805 0
6.63 -9.84 1.55 22.07 2.55 45.407369 11.879805 0
6.08 -7.57 2.3 22.28 2.55 45.407369 11.879805 0
6.05 -7.14 0.2 22.5 2.55 45.407369 11.879805 0
4.77 -8.71 2.44 23.68 2.37 45.407357 11.879833 1
6.05 -6.18 0.52 22.54 2.37 45.407357 11.879833 0
6.05 -7.84 1.4 22.86 2.37 45.407357 11.879833 1
5.09 -8.09 1.8 21.64 2.37 45.407357 11.879833 0
3.73 -8.53 1.45 21.8 2.37 45.407357 11.879833 0
6.32 -8.18 1.33 21.18 2.37 45.407357 11.879833 0
6.7 -6.86 1.35 21.75 2.37 45.407357 11.879833 0
5.15 -9.35 1.71 22.96 2.37 45.407357 11.879833 0
6.18 -6.95 1.11 23.12 2.37 45.407357 11.879833 0
