5.61 -7.57 1.62 23.82 3.3 45.877575 12.307147 0
5.65 -8.13 1.82 23.46 3.3 45.877575 12.307147 1
5.96 -8.13 1.99 23.08 3.3 45.877575 12.307147 0
5.49 -7.35 1.56 23.98 3.3 45.877575 12.307147 0
5.92 -7.31 1.77 23.08 3.3 45.877575 12.307147 0
6.57 -7.35 1.68 24.51 3.3 45.877575 12.307147 0
6.92 -7.91 1.97 23.19 3.3 45.877575 12.307147 0
5.95 -7.68 0.89 23.98 3.3 45.877575 12.307147 0
5.95 -8.41 1.91 27.39 3.3 45.877575 12.307147 0
5.71 -7.88 1.62 23.56 3.3 45.877575 12.307147 0
6.17 -8.09 1.85 23.51 3.3 45.877575 12.307147 0
5.44 -8.14 1.97 24.16 3.3 45.877575 12.307147 0
5.65 -7.85 1.66 24.1 3.3 45.877575 12.307147 0
6.12 -7.17 1.85 24.51 3.3 45.877575 12.307147 0
5.95 -7.58 2.32 23.41 3.3 45.877575 12.307147 0
5.88 -7.85 2.48 23.12 3.3 45.877575 12.307147 0
6.41 -7.86 1.47 23.39 3.69 45.877567 12.307103 1
5.65 -7.21 1.75 23.08 3.69 45.877567 12.307103 0
5.8 -7.68 1.6 24.75 3.69 45.877567 12.307103 1
5.53 -7.96 1.95 22.98 3.69 45.877567 12.307103 0
5.77 -7.88 1.88 23.6 3.69 45.877567 12.307103 0
5.91 -8.38 1.62 23.02 3.69 45.877567 12.307103 0
5.91 -7.58 1.58 23.08 3.69 45.877567 12.307103 0
5.87 -8.23 2.39 23.68 3.69 45.877567 12.307103 0
5.73 -7.5 1.24 23.19 3.69 45.877567 12.307103 0
6.18 -7.3 1.63 23.24 3.69 45.877567 12.307103 0
5.32 -7.05 2.65 23.29 3.69 45.877567 12.307103 0
6.08 -8.01 1.64 23.19 3.69 45.877567 12.307103 0
6.17 -8.17 2.21 24.42 3.69 45.877567 12.307103 0
5.77 -7.88 2.11 23.29 3.69 45.877567 12.307103 0
5.21 -8.53 2.34 22.93 3.69 45.877567 12.307103 0
5.77 -8.24 1.48 23.03 3.69 45.877567 12.307103 0
6.09 -8.2 2.02 22.64 3.69 45.877567 12.307103 0
5.98 -7.58 1.73 23.53 3.78 45.877559 12.307054 1
5.68 -7.65 1.51 23.36 3.78 45.877559 12.307054 0
