5.79 -9.92 1.5 24.13 3.84 45.877451 12.306830 0
5.09 -7.99 1.59 22.05 3.84 45.877451 12.306830 0
6.78 -8.06 1.35 21.85 3.84 45.877451 12.306830 0
5.6 -7.26 1.96 21.11 3.84 45.877451 12.306830 0
9.0 -12.75 2.97 21.63 3.84 45.877451 12.306830 0
5.94 -9.02 1.5 26.7 3.84 45.877451 12.306830 0
4.14 -6.72 1.5 23.26 3.84 45.877451 12.306830 0
4.51 -4.47 1.04 22.17 3.84 45.877451 12.306830 0
6.19 -13.75 0.87 21.27 3.84 45.877451 12.306830 0
6.75 -8.73 2.53 20.96 3.84 45.877451 12.306830 0
5.78 -7.59 1.96 22.5 4.04 45.877420 12.306847 1
4.16 -5.67 2.04 24.58 4.04 45.877420 12.306847 0
5.55 -9.13 0.69 23.63 4.04 45.877420 12.306847 1
6.05 -7.47 3.36 22.07 4.04 45.877420 12.306847 0
7.58 -12.22 2.49 21.56 4.04 45.877420 12.306847 0
5.77 -9.73 3.0 22.07 4.04 45.877420 12.306847 0
6.76 -9.49 2.67 21.64 4.04 45.877420 12.306847 0
5.7 -8.98 2.19 21.97 4.04 45.877420 12.306847 0
4.89 -6.95 2.73 22.96 4.04 45.877420 12.306847 0
2.9 -6.87 2.59 21.99 4.04 45.877420 12.306847 0
5.82 -7.25 1.61 22.84 4.04 45.877420 12.306847 0
9.08 -9.06 1.84 22.79 4.04 45.877420 12.306847 0
4.72 -8.48 2.43 28.3 4.04 45.877420 12.306847 0
5.26 -6.92 0.1 24.83 4.04 45.877420 12.306847 0
5.13 -6.84 0.86 23.96 4.04 45.877420 12.306847 0
10.47 -15.2 2.75 21.03 4.04 45.877420 12.306847 0
6.88 -6.06 1.75 21.66 4.04 45.877420 12.306847 0
4.9 -6.9 1.96 22.98 3.61 45.877405 12.306886 1
6.55 -6.92 1.19 22.19 3.61 45.877405 12.306886 0
6.28 -7.13 1.59 25.14 3.61 45.877405 12.306886 1
5.95 -8.43 1.38 22.12 3.61 45.877405 12.306886 0
5.94 -9.2 1.89 23.03 3.61 45.877405 12.306886 0
5.64 -8.08 3.0 23.62 3.61 45.877405 12.306886 0
5.04 -7.76 1.94 22.33 3.61 45.877405 12.306886 0
6.22 -8.32 2.38 22.52 3.61 45.877405 12.306886 0
