6.23 -8.29 1.59 22.33 0.28 45.408280 11.889766 1 0
6.0 -8.24 1.56 22.04 0.28 45.408280 11.889766 1 0
5.7 -7.83 1.82 22.69 0.28 45.408280 11.889766 1 0
5.36 -7.67 2.01 22.52 0.28 45.408280 11.889766 1 0
5.44 -7.85 1.78 22.71 0.28 45.408280 11.889766 1 0
5.82 -8.23 1.54 22.33 1.75 45.408293 11.889746 0 0
5.84 -8.24 1.65 21.97 1.75 45.408293 11.889746 1 0
5.61 -7.8 1.71 22.07 1.75 45.408293 11.889746 1 0
5.7 -7.66 1.46 22.02 1.75 45.408293 11.889746 0 0
6.05 -7.88 1.37 22.48 1.75 45.408293 11.889746 1 0
6.15 -7.83 1.52 21.92 1.75 45.408293 11.889746 1 0
5.96 -7.76 1.53 21.45 1.75 45.408293 11.889746 1 0
5.84 -8.06 1.57 21.92 1.75 45.408293 11.889746 1 0
5.85 -8.12 1.95 21.81 1.75 45.408293 11.889746 1 0
5.77 -7.82 2.21 22.04 1.75 45.408293 11.889746 1 0
5.64 -7.9 1.97 22.04 1.75 45.408293 11.889746 1 0
5.61 -8.22 1.7 22.14 1.75 45.408293 11.889746 1 0
5.62 -8.08 1.68 21.99 1.75 45.408293 11.889746 1 0
5.68 -7.87 1.66 22.04 1.75 45.408293 11.889746 1 0
5.82 -8.0 1.64 22.48 1.75 45.408293 11.889746 1 0
5.88 -7.93 1.77 22.04 1.75 45.408293 11.889746 1 0
5.81 -7.62 1.88 22.05 1.75 45.408293 11.889746 1 0
5.88 -7.68 1.86 21.88 1.75 45.408293 11.889746 1 0
6.02 -7.96 1.87 21.39 2.38 45.408305 11.889715 0 0
5.81 -7.98 1.87 21.97 2.38 45.408305 11.889715 1 0
5.46 -7.91 1.76 22.17 2.38 45.408305 11.889715 0 0
5.46 -7.94 1.75 22.11 2.38 45.408305 11.889715 1 0
5.75 -7.96 1.87 21.93 2.38 45.408305 11.889715 1 0
5.92 -8.11 1.82 21.44 2.38 45.408305 11.889715 1 0
5.91 -8.3 1.64 21.93 2.38 45.408305 11.889715 1 0
5.83 -8.12 1.62 22.02 2.38 45.408305 11.889715 1 0
5.78 -7.8 1.62 22.28 2.38 45.408305 11.889715 1 0
5.85 -7.84 1.52 22.19 2.38 45.408305 11.889715 1 0
5.9 -7.97 1.65 22.67 2.38 45.408305 11.889715 1 0
5.8 -7.9 2.08 22.09 2.38 45.408305 11.889715 1 0
