5.0 -6.25 2.92 22.98 3.23 45.396012 11.875981 0
6.45 -6.51 1.4 22.59 3.23 45.396012 11.875981 0
6.9 -8.46 3.37 24.99 3.23 45.396012 11.875981 0
5.59 -7.6 0.89 23.82 3.23 45.396012 11.875981 0
8.52 -9.37 -0.78 25.78 3.23 45.396012 11.875981 0
4.66 -7.74 2.02 23.96 3.23 45.396012 11.875981 0
5.5 -6.37 1.3 24.94 3.23 45.396012 11.875981 0
6.81 -7.17 2.27 22.76 3.23 45.396012 11.875981 0
6.18 -7.24 1.97 318.72 3.28 45.396035 11.875998 1
8.0 -8.1 1.82 23.29 3.28 45.396035 11.875998 1
4.0 -10.95 1.59 22.9 3.28 45.396035 11.875998 0
6.83 -6.49 -0.38 22.33 3.28 45.396035 11.875998 0
6.68 -9.77 3.34 25.14 3.28 45.396035 11.875998 0
4.48 -5.19 0.85 24.2 3.28 45.396035 11.875998 0
4.32 -10.89 2.45 23.19 3.28 45.396035 11.875998 0
7.76 -9.9 0.98 23.62 3.28 45.396035 11.875998 0
5.46 -9.16 1.83 24.39 3.28 45.396035 11.875998 0
6.65 -8.08 2.34 24.56 3.28 45.396035 11.875998 0
4.49 -6.11 1.86 23.65 3.28 45.396035 11.875998 0
9.41 -7.47 2.87 125.14 3.28 45.396035 11.875998 0
6.25 -8.76 1.61 23.96 3.62 45.396064 11.876022 1
7.68 -9.65 -2.86 23.43 3.62 45.396064 11.876022 0
6.98 -6.9 0.65 25.81 3.62 45.396064 11.876022 1
5.09 -5.66 0.88 22.62 3.62 45.396064 11.876022 0
7.68 -10.59 0.05 23.31 3.62 45.396064 11.876022 0
5.1 -8.13 1.03 22.86 3.62 45.396064 11.876022 0
4.87 -6.12 1.3 24.15 3.62 45.396064 11.876022 0
4.4 -8.4 2.69 24.8 3.62 45.396064 11.876022 0
7.72 -7.79 2.71 24.4 3.62 45.396064 11.876022 0
6.64 -6.0 3.19 26.81 3.62 45.396064 11.876022 0
6.69 -8.29 1.64 24.78 3.62 45.396064 11.876022 0
7.64 -7.37 1.08 24.06 3.62 45.396064 11.876022 0
6.87 -7.94 1.76 24.2 3.62 45.396064 11.876022 0
4.57 -2.96 -0.56 24.28 3.62 45.396064 11.876022 0
5.82 -8.27 2.84 327.31 3.83 45.396095 11.876042 1
