4.33 -5.82 0.96 23.08 2.44 45.395959 11.875946 1
6.07 -7.85 0.36 24.68 2.44 45.395959 11.875946 0
4.27 -5.77 2.55 25.54 2.44 45.395959 11.875946 0
6.31 -9.64 2.05 21.37 2.44 45.395959 11.875946 0
6.09 -8.17 -0.38 24.06 2.44 45.395959 11.875946 0
6.03 -10.95 2.62 335.49 2.44 45.395959 11.875946 0
3.57 -7.19 3.13 22.38 2.44 45.395959 11.875946 0
4.33 -10.09 2.28 24.28 2.44 45.395959 11.875946 0
4.32 -6.15 2.45 22.62 2.44 45.395959 11.875946 0
8.2 -10.48 3.61 26.19 2.44 45.395959 11.875946 0
5.97 -8.85 0.39 22.74 2.44 45.395959 11.875946 0
5.3 -6.04 3.5 23.82 2.44 45.395959 11.875946 0
5.97 -9.83 2.94 23.39 3.57 45.395986 11.875962 1
3.99 -5.91 1.08 21.88 3.57 45.395986 11.875962 0
5.13 -7.55 2.13 23.63 3.57 45.395986 11.875962 1
6.33 -7.16 2.38 23.15 3.57 45.395986 11.875962 0
7.42 -7.98 2.15 22.76 3.57 45.395986 11.875962 0
5.09 -7.66 1.83 23.1 3.57 45.395986 11.875962 0
6.17 -8.37 2.26 310.79 3.57 45.395986 11.875962 0
6.32 -7.42 2.54 21.9 3.57 45.395986 11.875962 0
6.17 -9.48 -0.24 24.27 3.57 45.395986 11.875962 0
6.62 -8.26 2.14 25.36 3.57 45.395986 11.875962 0
6.25 -8.3 1.06 24.1 3.57 45.395986 11.875962 0
6.85 -7.89 3.69 24.87 3.57 45.395986 11.875962 0
3.55 -5.67 1.84 22.86 3.57 45.395986 11.875962 0
8.32 -11.64 2.97 634.62 3.23 45.396012 11.875981 1
4.56 -5.94 1.22 23.86 3.23 45.396012 11.875981 0
7.56 -10.21 2.29 23.34 3.23 45.396012 11.875981 1
5.02 -5.97 -0.36 23.08 3.23 45.396012 11.875981 0
5.49 -3.04 0.42 24.8 3.23 45.396012 11.875981 0
2.41 -6.54 2.79 23.7 3.23 45.396012 11.875981 0
6.96 -10.78 -0.36 22.19 3.23 45.396012 11.875981 0
4.02 -9.21 1.67 24.68 3.23 45.396012 11.875981 0
5.8 -6.32 1.71 22.79 3.23 45.396012 11.875981 0
8.16 -11.89 2.29 23.46 3.23 45.396012 11.875981 0
