5.83 -7.77 1.98 21.87 0.85 45.395911 11.875919 0
6.5 -7.39 1.67 21.42 1.73 45.395922 11.875927 1
7.06 -7.19 1.73 21.83 1.73 45.395922 11.875927 0
7.25 -6.91 1.7 21.92 1.73 45.395922 11.875927 1
6.75 -6.99 1.64 21.54 1.73 45.395922 11.875927 0
6.65 -7.33 1.78 21.88 1.73 45.395922 11.875927 0
6.44 -7.58 1.56 21.56 1.73 45.395922 11.875927 0
6.05 -7.67 1.59 21.56 1.73 45.395922 11.875927 0
5.86 -7.57 1.49 22.04 1.73 45.395922 11.875927 0
5.93 -7.97 1.3 21.99 1.73 45.395922 11.875927 0
6.02 -7.89 1.81 21.49 1.73 45.395922 11.875927 0
6.28 -7.79 1.99 22.16 1.73 45.395922 11.875927 0
6.59 -7.56 1.85 21.76 1.73 45.395922 11.875927 0
6.61 -7.52 1.11 21.44 1.73 45.395922 11.875927 0
6.22 -8.38 1.49 22.71 1.73 45.395922 11.875927 0
5.57 -7.98 1.81 21.44 1.73 45.395922 11.875927 0
6.41 -7.38 1.83 21.44 1.73 45.395922 11.875927 0
7.25 -7.1 1.52 22.12 1.73 45.395922 11.875927 0
7.27 -6.91 1.33 21.25 2.74 45.395944 11.875928 1
6.72 -7.32 1.77 21.37 2.74 45.395944 11.875928 0
6.32 -7.37 2.27 21.85 2.74 45.395944 11.875928 1
5.88 -7.62 1.96 21.42 2.74 45.395944 11.875928 0
6.42 -7.5 1.17 21.73 2.74 45.395944 11.875928 0
6.6 -7.08 1.48 21.78 2.74 45.395944 11.875928 0
6.48 -7.95 2.74 21.93 2.74 45.395944 11.875928 0
3.33 -6.49 2.01 21.75 2.74 45.395944 11.875928 0
1.64 -7.56 2.49 19.93 2.74 45.395944 11.875928 0
8.62 -8.83 2.49 19.86 2.74 45.395944 11.875928 0
6.2 -9.14 2.02 19.55 2.74 45.395944 11.875928 0
6.83 -8.0 2.18 21.04 2.74 45.395944 11.875928 0
6.69 -7.39 1.39 605.65 2.74 45.395944 11.875928 0
1.47 -5.14 5.92 27.8 2.74 45.395944 11.875928 0
5.87 -9.31 1.41 23.79 2.74 45.395944 11.875928 0
5.31 -13.28 1.44 22.0 2.44 45.395959 11.875946 1
5.18 -7.86 1.76 23.29 2.44 45.395959 11.875946 0
