6.96 -10.15 1.34 22.91 3.83 45.396095 11.876042 0
3.98 -5.42 1.58 23.24 3.83 45.396095 11.876042 1
7.59 -11.37 2.06 24.25 3.83 45.396095 11.876042 0
4.79 -3.95 1.68 23.96 3.83 45.396095 11.876042 0
5.97 -6.81 3.61 27.17 3.83 45.396095 11.876042 0
5.31 -6.85 1.28 23.65 3.83 45.396095 11.876042 0
7.76 -9.55 3.0 23.58 3.83 45.396095 11.876042 0
3.18 -8.18 0.6 25.48 3.83 45.396095 11.876042 0
4.98 -6.62 2.12 24.68 3.83 45.396095 11.876042 0
5.69 -9.88 3.71 24.64 3.83 45.396095 11.876042 0
4.45 -5.58 2.17 24.1 3.83 45.396095 11.876042 0
7.16 -9.35 2.58 24.88 3.83 45.396095 11.876042 0
6.49 -7.4 3.52 25.81 3.83 45.396095 11.876042 0
6.78 -7.16 0.86 24.01 3.83 45.396095 11.876042 0
6.42 -7.36 2.09 880.48 3.83 45.396095 11.876042 0
5.85 -8.62 2.04 24.37 3.83 45.396095 11.876042 0
5.29 -10.32 1.98 324.17 2.83 45.396118 11.876066 1
5.44 -7.75 -0.89 21.99 2.83 45.396118 11.876066 1
