6.02 -7.48 1.95 22.16 3.14 45.408018 11.888446 1 NO
5.97 -7.86 1.91 22.05 3.14 45.408018 11.888446 1
6.14 -7.9 1.77 21.93 3.14 45.408018 11.888446 1
6.28 -7.84 1.61 21.95 3.14 45.408018 11.888446 1
6.1 -7.92 1.52 22.05 3.14 45.408018 11.888446 1
5.73 -7.93 1.55 22.52 3.14 45.408018 11.888446 1
5.58 -7.79 1.7 21.97 3.14 45.408018 11.888446 1
5.77 -7.74 1.87 21.97 2.89 45.408004 11.888409 0
5.96 -7.86 1.9 22.76 2.89 45.408004 11.888409 1
6.01 -7.9 1.81 21.87 2.89 45.408004 11.888409 1
6.08 -7.75 1.79 21.9 2.89 45.408004 11.888409 0
6.12 -7.58 1.81 21.81 2.89 45.408004 11.888409 1
6.06 -7.59 1.73 21.78 2.89 45.408004 11.888409 1
6.09 -7.71 1.73 22.31 2.89 45.408004 11.888409 1
6.2 -7.76 1.91 21.9 2.89 45.408004 11.888409 1
6.03 -7.72 2.0 22.36 2.89 45.408004 11.888409 1
5.8 -7.73 1.91 22.07 2.89 45.408004 11.888409 1
6.02 -7.82 1.91 22.93 2.89 45.408004 11.888409 1
6.25 -7.96 1.98 22.93 2.89 45.408004 11.888409 1
5.8 -8.02 1.86 22.54 2.89 45.408004 11.888409 1
5.43 -7.82 1.72 22.57 2.89 45.408004 11.888409 1
6.17 -7.55 1.84 22.17 2.89 45.408004 11.888409 1
7.17 -7.59 1.94 21.95 2.89 45.408004 11.888409 1
7.06 -7.65 1.68 22.05 2.89 45.408004 11.888409 1
6.33 -7.29 1.42 22.07 2.89 45.408004 11.888409 1
6.15 -7.0 1.49 21.87 3.15 45.407997 11.888370 0
6.37 -7.43 1.59 22.16 3.15 45.407997 11.888370 1
6.34 -7.94 1.53 22.16 3.15 45.407997 11.888370 0
6.17 -7.73 1.63 21.85 3.15 45.407997 11.888370 1
6.02 -7.46 1.92 21.87 3.15 45.407997 11.888370 1
5.79 -7.78 1.98 21.76 3.15 45.407997 11.888370 1
5.73 -7.96 1.78 21.87 3.15 45.407997 11.888370 1
6.06 -7.48 1.69 21.71 3.15 45.407997 11.888370 1
6.37 -7.19 1.74 21.92 3.15 45.407997 11.888370 1
6.34 -7.53 1.8 21.92 3.15 45.407997 11.888370 1
