5.6 -7.95 1.58 21.59 2.82 45.407966 11.888222 1 0
5.71 -7.98 1.54 21.56 2.82 45.407966 11.888222 1 0
5.71 -8.01 1.72 21.87 2.82 45.407966 11.888222 1 0
5.66 -7.97 1.79 22.36 2.82 45.407966 11.888222 1 0
5.69 -7.78 1.71 21.59 2.82 45.407966 11.888222 1 0
5.78 -7.64 1.77 22.16 2.82 45.407966 11.888222 1 0
5.83 -7.71 1.92 22.55 2.82 45.407966 11.888222 1 0
5.85 -7.79 1.86 22.07 2.82 45.407966 11.888222 1 0
5.81 -7.86 1.66 22.0 2.88 45.407950 11.888192 0 0
5.78 -8.04 1.62 22.45 2.88 45.407950 11.888192 1 0
5.85 -8.15 1.7 21.49 2.88 45.407950 11.888192 0 0
5.91 -8.05 1.73 21.92 2.88 45.407950 11.888192 1 0
5.81 -7.91 1.72 22.0 2.88 45.407950 11.888192 1 0
5.68 -7.9 1.68 22.05 2.88 45.407950 11.888192 1 0
5.72 -7.94 1.64 22.0 2.88 45.407950 11.888192 1 0
5.81 -7.98 1.77 21.88 2.88 45.407950 11.888192 1 0
5.79 -8.03 1.98 22.0 2.88 45.407950 11.888192 1 0
5.74 -8.02 1.97 22.0 2.88 45.407950 11.888192 1 0
5.77 -7.88 1.79 22.07 2.88 45.407950 11.888192 1 0
5.81 -7.75 1.75 22.07 2.88 45.407950 11.888192 1 0
5.82 -7.72 1.85 22.05 2.88 45.407950 11.888192 1 0
5.8 -7.85 1.86 21.95 2.88 45.407950 11.888192 1 0
5.75 -8.03 1.8 22.43 2.88 45.407950 11.888192 1 0
5.71 -8.05 1.82 21.64 2.88 45.407950 11.888192 1 0
5.77 -7.85 1.86 21.95 2.88 45.407950 11.888192 1 0
5.92 -7.68 1.83 21.4 3.02 45.407943 11.888152 0 0
6.04 -7.77 1.85 21.44 3.02 45.407943 11.888152 1 0
6.05 -7.98 1.94 21.75 3.02 45.407943 11.888152 0 0
6.02 -8.07 1.99 21.75 3.02 45.407943 11.888152 1 0
6.01 -8.05 1.98 21.75 3.02 45.407943 11.888152 1 0
6.03 -8.03 1.98 21.75 3.02 45.407943 11.888152 1 0
6.03 -8.05 1.99 21.74 3.02 45.407943 11.888152 1 0
6.02 -8.04 1.98 21.74 3.02 45.407943 11.888152 1 0
6.02 -8.03 1.96 21.75 3.02 45.407943 11.888152 1 0
6.03 -8.03 1.97 21.76 3.02 45.407943 11.888152 1 0
