5.75 -7.83 1.73 21.92 3.41 45.408020 11.888495 1
5.63 -7.86 1.71 21.95 3.41 45.408020 11.888495 0
5.68 -8.08 1.75 22.69 3.41 45.408020 11.888495 1
5.79 -8.09 1.83 22.21 3.41 45.408020 11.888495 1
5.9 -7.8 1.85 21.85 3.41 45.408020 11.888495 1
5.95 -7.64 1.88 21.97 3.41 45.408020 11.888495 1
5.91 -7.74 2.02 22.78 3.41 45.408020 11.888495 1
5.9 -7.81 2.05 21.87 3.41 45.408020 11.888495 1
6.05 -7.84 1.87 21.97 3.41 45.408020 11.888495 1
6.15 -7.9 1.73 22.0 3.41 45.408020 11.888495 1
5.94 -7.85 1.78 22.14 3.41 45.408020 11.888495 1
5.64 -7.79 1.88 22.16 3.41 45.408020 11.888495 1
5.65 -7.95 1.92 22.05 3.41 45.408020 11.888495 1
5.86 -8.09 1.94 22.07 3.41 45.408020 11.888495 1
5.94 -7.97 1.93 22.11 3.41 45.408020 11.888495 1
5.95 -7.82 1.87 22.11 3.41 45.408020 11.888495 1
6.03 -7.82 1.77 22.05 3.41 45.408020 11.888495 1
6.02 -7.77 1.65 22.55 3.29 45.408010 11.888454 0
5.91 -7.7 1.56 22.55 3.29 45.408010 11.888454 1
5.98 -7.73 1.69 22.35 3.29 45.408010 11.888454 0
6.17 -7.78 1.88 22.66 3.29 45.408010 11.888454 1
6.11 -7.86 1.83 23.07 3.29 45.408010 11.888454 1
5.94 -7.89 1.7 21.9 3.29 45.408010 11.888454 1
5.87 -7.68 1.81 22.0 3.29 45.408010 11.888454 1
5.72 -7.5 1.92 22.79 3.29 45.408010 11.888454 1
5.59 -7.85 1.74 23.29 3.29 45.408010 11.888454 1
5.91 -8.21 1.58 21.95 3.29 45.408010 11.888454 1
6.31 -7.95 1.72 21.97 3.29 45.408010 11.888454 1
6.07 -7.62 1.88 23.12 3.29 45.408010 11.888454 1
5.6 -7.66 1.86 22.31 3.29 45.408010 11.888454 1
5.8 -7.65 1.8 21.95 3.29 45.408010 11.888454 1
6.31 -7.67 1.74 22.26 3.29 45.408010 11.888454 1
6.3 -8.03 1.68 22.28 3.29 45.408010 11.888454 1
5.95 -7.94 1.77 22.29 3.29 45.408010 11.888454 1
5.84 -7.25 1.95 22.0 2.87 45.408005 11.888416 0
