5.74 -7.98 1.92 21.85 2.47 45.408021 11.888573 1
5.87 -7.95 1.68 21.88 2.47 45.408021 11.888573 0
5.96 -7.86 1.64 21.95 2.47 45.408021 11.888573 1
5.92 -7.8 1.75 22.11 2.47 45.408021 11.888573 1
5.85 -7.62 1.9 22.0 2.47 45.408021 11.888573 1
5.95 -7.55 1.96 21.75 2.47 45.408021 11.888573 1
6.15 -7.84 1.8 21.66 2.47 45.408021 11.888573 1
6.19 -8.05 1.62 21.76 2.47 45.408021 11.888573 1
6.09 -7.82 1.72 21.92 2.47 45.408021 11.888573 1
6.04 -7.6 1.91 22.0 2.47 45.408021 11.888573 1
5.93 -7.76 1.82 22.05 2.47 45.408021 11.888573 1
5.69 -7.94 1.55 22.16 2.47 45.408021 11.888573 1
5.61 -7.91 1.53 22.02 2.47 45.408021 11.888573 1
5.83 -7.89 1.74 22.38 2.47 45.408021 11.888573 1
6.02 -7.96 1.82 22.47 2.47 45.408021 11.888573 1
5.96 -7.93 1.81 21.95 2.47 45.408021 11.888573 1
5.83 -7.68 1.99 22.35 2.47 45.408021 11.888573 1
5.87 -7.4 2.2 22.0 3.23 45.408023 11.888538 0
6.11 -7.49 2.09 21.95 3.23 45.408023 11.888538 1
6.26 -7.91 1.87 21.83 3.23 45.408023 11.888538 0
6.08 -8.04 1.94 21.76 3.23 45.408023 11.888538 1
5.78 -7.71 2.08 21.8 3.23 45.408023 11.888538 1
5.77 -7.61 1.96 21.95 3.23 45.408023 11.888538 1
5.89 -7.94 1.8 21.54 3.23 45.408023 11.888538 1
5.79 -8.02 1.86 22.4 3.23 45.408023 11.888538 1
5.66 -7.74 1.96 22.57 3.23 45.408023 11.888538 1
5.82 -7.73 1.97 22.11 3.23 45.408023 11.888538 1
5.99 -7.92 1.99 22.02 3.23 45.408023 11.888538 1
5.91 -7.77 1.94 22.02 3.23 45.408023 11.888538 1
5.79 -7.5 1.78 22.05 3.23 45.408023 11.888538 1
5.9 -7.59 1.72 22.52 3.23 45.408023 11.888538 1
6.09 -7.8 1.77 22.47 3.23 45.408023 11.888538 1
6.19 -7.81 1.71 22.02 3.23 45.408023 11.888538 1
6.16 -7.83 1.63 21.83 3.23 45.408023 11.888538 1
5.98 -7.88 1.67 21.95 3.41 45.408020 11.888495 0
