6.2 -7.66 1.87 21.4 1.48 45.407942 11.888179 1
6.2 -7.67 1.87 21.4 1.48 45.407942 11.888179 1
6.21 -7.67 1.87 21.4 1.48 45.407942 11.888179 1
6.21 -7.66 1.87 21.39 1.48 45.407942 11.888179 1
6.21 -7.66 1.87 21.4 1.48 45.407942 11.888179 1
6.21 -7.66 1.87 21.41 1.48 45.407942 11.888179 1
6.21 -7.66 1.87 21.39 1.48 45.407942 11.888179 1
6.21 -7.66 1.87 21.4 1.48 45.407942 11.888179 1
6.21 -7.66 1.87 21.4 1.48 45.407942 11.888179 1
6.21 -7.66 1.86 21.41 1.48 45.407942 11.888179 1
6.2 -7.66 1.87 21.41 1.48 45.407942 11.888179 1
6.2 -7.66 1.87 21.4 1.48 45.407942 11.888179 1
6.21 -7.67 1.86 21.41 1.48 45.407942 11.888179 1
6.22 -7.67 1.86 21.4 1.48 45.407942 11.888179 1
6.22 -7.66 1.87 21.41 1.48 45.407942 11.888179 1
6.21 -7.66 1.87 21.41 1.48 45.407942 11.888179 1
6.21 -7.66 1.87 21.39 1.48 45.407942 11.888179 1
6.21 -7.65 1.88 21.41 1.48 45.407942 11.888179 1
6.21 -7.65 1.87 21.4 1.48 45.407942 11.888179 1
6.2 -7.66 1.87 21.4 1.48 45.407942 11.888179 1
6.21 -7.67 1.86 21.39 1.48 45.407942 11.888179 1
6.21 -7.66 1.86 21.4 1.48 45.407942 11.888179 1
6.21 -7.66 1.86 21.41 1.48 45.407942 11.888179 1
6.21 -7.66 1.86 21.41 1.48 45.407942 11.888179 1
6.21 -7.66 1.86 21.41 1.48 45.407942 11.888179 1
6.21 -7.66 1.87 21.41 1.48 45.407942 11.888179 1
6.21 -7.66 1.87 21.4 1.48 45.407942 11.888179 1
6.21 -7.66 1.86 21.41 1.48 45.407942 11.888179 1
6.21 -7.66 1.86 21.39 1.48 45.407942 11.888179 1
6.21 -7.66 1.86 21.39 1.48 45.407942 11.888179 1
6.21 -7.66 1.87 21.41 1.48 45.407942 11.888179 1
6.21 -7.67 1.87 21.39 1.48 45.407942 11.888179 1
6.2 -7.67 1.88 21.41 1.48 45.407942 11.888179 1
6.2 -7.66 1.88 21.41 1.48 45.407942 11.888179 1
6.21 -7.65 1.87 21.4 1.48 45.407942 11.888179 1
