7.33 -6.84 2.16 22.48 2.29 45.407373 11.879817 0
5.78 -7.87 1.06 22.79 2.29 45.407373 11.879817 0
6.37 -8.33 2.17 22.38 2.29 45.407373 11.879817 0
4.07 -6.98 1.94 21.47 2.29 45.407373 11.879817 0
7.9 -9.55 2.78 21.93 2.22 45.407359 11.879836 1
5.73 -9.32 2.4 22.71 2.22 45.407359 11.879836 0
6.59 -7.02 0.72 23.31 2.22 45.407359 11.879836 1
4.75 -7.76 2.98 24.56 2.22 45.407359 11.879836 0
6.17 -9.27 0.49 22.72 2.22 45.407359 11.879836 0
4.13 -4.52 1.81 22.81 2.22 45.407359 11.879836 0
7.41 -11.4 1.41 21.52 2.22 45.407359 11.879836 0
4.3 -5.98 1.07 22.33 2.22 45.407359 11.879836 0
7.03 -9.0 0.21 23.6 2.22 45.407359 11.879836 0
5.58 -6.06 0.93 22.23 2.22 45.407359 11.879836 0
6.01 -8.08 2.63 23.17 2.22 45.407359 11.879836 0
6.68 -6.65 2.55 24.52 2.22 45.407359 11.879836 0
5.71 -10.14 1.74 22.6 2.22 45.407359 11.879836 0
6.57 -7.81 0.59 22.74 2.22 45.407359 11.879836 0
6.61 -7.52 2.01 22.02 2.22 45.407359 11.879836 0
5.17 -8.15 2.72 22.12 2.22 45.407359 11.879836 0
4.54 -6.88 2.43 22.52 2.22 45.407359 11.879836 0
5.54 -10.24 1.26 22.88 2.22 45.407359 11.879836 0
4.54 -5.44 1.76 22.28 2.36 45.407348 11.879859 1
5.95 -9.08 3.2 24.99 2.36 45.407348 11.879859 0
4.82 -8.0 2.17 22.93 2.36 45.407348 11.879859 1
4.12 -4.64 1.99 24.64 2.36 45.407348 11.879859 0
5.73 -8.8 1.54 22.26 2.36 45.407348 11.879859 0
7.73 -8.47 2.06 22.05 2.36 45.407348 11.879859 0
5.89 -8.22 2.08 25.36 2.36 45.407348 11.879859 0
6.25 -9.49 1.52 22.23 2.36 45.407348 11.879859 0
4.45 -6.54 1.9 22.45 2.36 45.407348 11.879859 0
7.51 -7.63 1.59 23.2 2.36 45.407348 11.879859 0
6.48 -8.1 2.23 21.69 2.36 45.407348 11.879859 0
