9.23 -8.68 2.96 22.19 2.35 45.407352 11.879688 0
9.0 -10.76 1.01 22.4 2.35 45.407352 11.879688 0
4.22 -9.44 1.16 24.08 2.35 45.407352 11.879688 0
5.31 -7.73 1.33 23.24 2.35 45.407352 11.879688 0
7.19 -6.51 2.23 22.95 2.35 45.407352 11.879688 0
2.85 -7.78 2.59 22.6 2.91 45.407363 11.879725 1
4.85 -11.93 3.2 22.62 2.91 45.407363 11.879725 0
5.74 -7.35 2.34 21.75 2.91 45.407363 11.879725 1
6.6 -6.01 0.95 26.84 2.91 45.407363 11.879725 0
5.5 -8.69 3.87 22.33 2.91 45.407363 11.879725 0
5.75 -8.92 0.41 21.69 2.91 45.407363 11.879725 0
6.82 -8.2 1.7 21.83 2.91 45.407363 11.879725 0
5.75 -7.9 1.52 22.67 2.91 45.407363 11.879725 0
5.51 -9.17 2.83 21.4 2.91 45.407363 11.879725 0
5.27 -6.9 1.57 21.44 2.91 45.407363 11.879725 0
5.56 -8.5 1.26 23.41 2.91 45.407363 11.879725 0
4.93 -6.85 2.39 23.87 2.91 45.407363 11.879725 0
6.99 -8.51 2.18 24.3 2.91 45.407363 11.879725 0
5.58 -9.31 1.37 23.08 2.91 45.407363 11.879725 0
4.81 -5.28 1.67 22.83 2.91 45.407363 11.879725 0
4.63 -6.47 3.18 23.65 2.91 45.407363 11.879725 0
6.89 -8.36 0.28 22.64 2.91 45.407363 11.879725 0
4.92 -9.57 0.16 21.03 2.31 45.407360 11.879756 1
5.69 -7.14 1.64 20.75 2.31 45.407360 11.879756 0
7.48 -9.9 0.99 21.64 2.31 45.407360 11.879756 1
4.14 -9.44 0.83 22.54 2.31 45.407360 11.879756 0
5.34 -5.39 1.1 27.39 2.31 45.407360 11.879756 0
6.73 -6.28 2.69 24.56 2.31 45.407360 11.879756 0
4.71 -5.56 2.23 22.29 2.31 45.407360 11.879756 0
6.11 -11.71 2.51 20.27 2.31 45.407360 11.879756 0
3.21 -10.1 2.59 22.29 2.31 45.407360 11.879756 0
5.58 -6.49 0.04 23.36 2.31 45.407360 11.879756 0
4.98 -4.45 1.15 21.64 2.31 45.407360 11.879756 0
7.76 -6.77 2.26 22.42 2.31 45.407360 11.879756 0
5.15 -8.59 2.79 22.67 2.31 45.407360 11.879756 0
