4.55 -6.45 2.12 23.2 2.31 45.407360 11.879756 0
5.15 -8.99 1.93 23.68 2.31 45.407360 11.879756 0
5.43 -7.62 1.66 25.55 2.31 45.407360 11.879756 0
6.71 -8.84 1.53 22.05 2.31 45.407360 11.879756 0
4.87 -7.63 2.28 22.42 2.31 45.407360 11.879756 0
4.97 -7.81 3.01 22.57 2.41 45.407371 11.879787 1
5.28 -6.21 3.09 21.71 2.41 45.407371 11.879787 0
4.51 -9.56 2.68 20.67 2.41 45.407371 11.879787 1
5.01 -6.25 1.87 20.7 2.41 45.407371 11.879787 0
7.91 -9.99 0.94 21.99 2.41 45.407371 11.879787 0
5.66 -8.58 1.54 23.91 2.41 45.407371 11.879787 0
5.15 -5.69 2.14 23.75 2.41 45.407371 11.879787 0
5.0 -4.93 2.35 24.13 2.41 45.407371 11.879787 0
5.65 -4.41 2.11 25.35 2.41 45.407371 11.879787 0
5.54 -5.39 -1.02 24.37 2.41 45.407371 11.879787 0
6.43 -9.84 2.54 23.14 2.41 45.407371 11.879787 0
4.21 -8.91 0.46 24.18 2.41 45.407371 11.879787 0
5.87 -8.04 -0.54 23.32 2.41 45.407371 11.879787 0
6.75 -10.67 1.5 22.04 2.41 45.407371 11.879787 0
4.22 -8.7 2.08 23.62 2.41 45.407371 11.879787 0
6.83 -9.13 1.46 21.93 2.41 45.407371 11.879787 0
4.89 -7.44 2.78 22.21 2.41 45.407371 11.879787 0
6.65 -6.03 0.16 25.93 2.29 45.407373 11.879817 1
4.61 -8.36 1.68 22.81 2.29 45.407373 11.879817 0
6.33 -6.12 1.56 21.76 2.29 45.407373 11.879817 1
5.57 -7.52 3.04 26.21 2.29 45.407373 11.879817 0
6.06 -6.91 2.61 23.32 2.29 45.407373 11.879817 0
4.13 -8.29 2.85 24.99 2.29 45.407373 11.879817 0
5.06 -7.16 2.07 25.09 2.29 45.407373 11.879817 0
4.98 -8.77 1.51 23.51 2.29 45.407373 11.879817 0
6.83 -8.83 1.67 21.47 2.29 45.407373 11.879817 0
6.17 -8.3 0.5 26.03 2.29 45.407373 11.879817 0
5.43 -6.58 2.75 24.37 2.29 45.407373 11.879817 0
3.7 -6.77 3.75 106.84 2.29 45.407373 11.879817 0
5.08 -5.82 2.22 24.2 2.29 45.407373 11.879817 0
