5.84 -7.53 1.7 22.86 1.21 45.407372 11.879597 0
5.94 -7.42 1.64 22.33 1.21 45.407372 11.879597 0
6.51 -7.36 1.55 22.45 1.21 45.407372 11.879597 0
6.66 -7.66 1.86 22.19 1.21 45.407372 11.879597 0
6.61 -7.81 1.53 21.4 1.21 45.407372 11.879597 0
6.14 -8.05 1.75 21.42 1.9 45.407362 11.879613 1
5.92 -7.81 1.6 21.93 1.9 45.407362 11.879613 0
5.79 -7.62 1.82 21.87 1.9 45.407362 11.879613 1
6.07 -7.91 2.0 21.93 1.9 45.407362 11.879613 0
5.93 -7.72 1.49 21.93 1.9 45.407362 11.879613 0
5.96 -7.6 2.1 21.83 1.9 45.407362 11.879613 0
5.96 -7.68 2.24 21.97 1.9 45.407362 11.879613 0
5.74 -8.07 2.21 22.09 1.9 45.407362 11.879613 0
5.47 -7.77 2.05 22.29 1.9 45.407362 11.879613 0
5.52 -7.8 1.85 22.19 1.9 45.407362 11.879613 0
5.47 -7.75 1.59 21.93 1.9 45.407362 11.879613 0
5.81 -7.98 1.66 21.54 1.9 45.407362 11.879613 0
5.82 -7.85 1.8 21.09 1.9 45.407362 11.879613 0
5.76 -8.18 1.5 20.25 1.9 45.407362 11.879613 0
5.68 -8.05 1.66 20.31 1.9 45.407362 11.879613 0
5.76 -8.06 1.31 20.2 1.9 45.407362 11.879613 0
5.77 -8.24 1.31 20.05 1.9 45.407362 11.879613 0
5.63 -7.56 1.01 20.2 1.9 45.407362 11.879613 0
5.96 -8.01 1.0 20.84 2.05 45.407365 11.879637 1
6.42 -7.99 1.0 21.68 2.05 45.407365 11.879637 0
5.89 -7.15 1.31 22.19 2.05 45.407365 11.879637 1
5.61 -6.72 1.58 22.83 2.05 45.407365 11.879637 0
6.11 -7.55 1.76 23.39 2.05 45.407365 11.879637 0
6.52 -7.39 1.87 23.32 2.05 45.407365 11.879637 0
6.4 -7.59 1.9 23.0 2.05 45.407365 11.879637 0
7.0 -7.63 2.57 22.64 2.05 45.407365 11.879637 0
4.79 -10.49 1.93 22.36 2.05 45.407365 11.879637 0
5.84 -9.16 1.93 21.83 2.05 45.407365 11.879637 0
6.14 -7.27 2.18 21.63 2.05 45.407365 11.879637 0
6.48 -8.22 2.39 21.73 2.05 45.407365 11.879637 0
