5.84 -8.03 1.48 21.85 3.07 45.398387 11.877937 0
5.88 -7.61 1.62 22.02 3.07 45.398387 11.877937 0
6.25 -7.87 1.65 22.07 3.07 45.398387 11.877937 0
6.09 -7.51 2.05 22.02 3.07 45.398387 11.877937 0
6.31 -7.71 1.85 21.49 3.07 45.398387 11.877937 0
6.21 -7.63 1.89 22.02 3.07 45.398387 11.877937 0
6.08 -8.0 1.81 22.02 3.07 45.398387 11.877937 0
6.24 -7.89 1.96 22.02 3.07 45.398387 11.877937 0
5.86 -7.74 2.1 22.07 3.07 45.398387 11.877937 0
5.61 -7.99 2.1 22.12 3.07 45.398387 11.877937 0
5.84 -7.64 2.08 21.73 3.07 45.398387 11.877937 0
5.83 -7.72 1.62 22.09 3.07 45.398387 11.877937 0
5.96 -7.68 1.77 22.07 3.07 45.398387 11.877937 0
5.96 -8.01 1.9 21.87 3.07 45.398387 11.877937 0
5.77 -7.78 1.73 21.56 3.21 45.398416 11.877932 1
5.92 -7.81 1.74 21.9 3.21 45.398416 11.877932 0
6.1 -7.54 1.75 21.95 3.21 45.398416 11.877932 0
6.21 -7.82 1.73 22.07 3.21 45.398416 11.877932 1
6.27 -7.75 1.75 22.07 3.21 45.398416 11.877932 0
5.93 -7.68 1.74 22.31 3.21 45.398416 11.877932 0
6.07 -7.95 1.78 21.92 3.21 45.398416 11.877932 0
6.0 -7.82 1.61 29.69 3.21 45.398416 11.877932 0
5.69 -8.08 1.44 22.93 3.21 45.398416 11.877932 0
5.86 -8.0 1.89 22.23 3.21 45.398416 11.877932 0
5.57 -7.66 1.86 22.64 3.21 45.398416 11.877932 0
5.92 -7.84 1.68 22.19 3.21 45.398416 11.877932 0
5.77 -7.83 1.9 21.97 3.21 45.398416 11.877932 0
5.85 -8.16 2.03 25.26 3.21 45.398416 11.877932 0
4.71 -6.27 1.78 21.56 3.21 45.398416 11.877932 0
9.18 -9.37 4.68 21.66 3.21 45.398416 11.877932 0
6.62 -6.62 0.96 21.97 3.21 45.398416 11.877932 0
5.75 -6.55 1.7 24.2 3.21 45.398416 11.877932 0
5.53 -7.98 2.28 24.4 3.19 45.398446 11.877925 1
5.08 -5.1 1.64 21.51 3.19 45.398446 11.877925 0
6.75 -9.68 0.41 21.76 3.19 45.398446 11.877925 1
