6.48 -7.67 1.53 21.92 3.37 45.398503 11.877899 0
6.06 -7.79 1.77 22.09 3.37 45.398503 11.877899 0
5.63 -7.86 1.67 22.17 3.37 45.398503 11.877899 0
5.46 -8.19 1.58 21.56 3.37 45.398503 11.877899 0
5.71 -7.85 1.46 21.87 3.37 45.398503 11.877899 0
5.91 -8.32 2.1 21.99 3.37 45.398503 11.877899 0
5.83 -7.85 1.9 22.12 3.37 45.398503 11.877899 0
5.72 -7.81 1.83 22.16 3.37 45.398503 11.877899 0
6.01 -7.41 2.09 22.54 3.37 45.398503 11.877899 0
6.01 -7.4 2.04 21.63 3.37 45.398503 11.877899 0
6.19 -7.86 1.74 22.04 3.37 45.398503 11.877899 0
6.29 -8.0 1.65 21.99 3.37 45.398503 11.877899 0
6.02 -7.68 1.62 22.07 3.37 45.398503 11.877899 0
5.91 -7.75 1.6 22.02 3.37 45.398503 11.877899 0
5.71 -7.91 2.04 22.17 2.86 45.398527 11.877893 1
5.94 -7.63 2.0 21.63 2.86 45.398527 11.877893 0
5.7 -7.86 1.91 21.45 2.86 45.398527 11.877893 1
5.81 -8.17 1.72 21.95 2.86 45.398527 11.877893 0
5.83 -8.33 1.81 21.52 2.86 45.398527 11.877893 0
5.74 -7.74 1.85 22.45 2.86 45.398527 11.877893 0
5.89 -7.74 1.9 22.04 2.86 45.398527 11.877893 0
6.16 -7.35 1.9 21.68 2.86 45.398527 11.877893 0
5.77 -7.88 1.96 21.99 2.86 45.398527 11.877893 0
6.21 -7.95 1.91 21.99 2.86 45.398527 11.877893 0
