5.84 -8.2 1.91 21.64 3.1 45.398337 11.877941 0
6.16 -7.74 2.06 21.16 3.1 45.398337 11.877941 0
6.01 -8.07 1.99 21.44 3.1 45.398337 11.877941 0
5.69 -8.18 1.72 21.57 3.1 45.398337 11.877941 0
5.47 -7.98 1.63 22.11 3.1 45.398337 11.877941 0
5.64 -7.92 1.7 21.69 3.1 45.398337 11.877941 0
5.67 -8.14 1.5 21.87 3.1 45.398337 11.877941 0
5.96 -7.88 1.96 21.97 3.1 45.398337 11.877941 0
5.85 -7.55 1.73 22.47 3.1 45.398337 11.877941 0
6.06 -7.92 1.68 22.12 3.1 45.398337 11.877941 0
5.69 -7.76 2.03 22.17 3.1 45.398337 11.877941 0
6.11 -7.8 1.98 22.26 3.1 45.398337 11.877941 0
6.17 -7.34 1.79 22.12 3.1 45.398337 11.877941 0
6.21 -7.61 1.6 21.47 3.1 45.398337 11.877941 0
6.1 -7.76 1.75 21.81 3.1 45.398337 11.877941 0
6.19 -8.06 1.74 21.68 2.86 45.398362 11.877943 1
6.03 -7.53 1.85 21.92 2.86 45.398362 11.877943 0
5.93 -7.62 2.15 22.02 2.86 45.398362 11.877943 1
5.7 -7.68 2.29 22.81 2.86 45.398362 11.877943 0
6.02 -7.83 2.01 22.96 2.86 45.398362 11.877943 0
6.21 -7.47 1.94 22.02 2.86 45.398362 11.877943 0
6.08 -8.19 1.72 21.95 2.86 45.398362 11.877943 0
5.76 -7.86 1.65 22.02 2.86 45.398362 11.877943 0
5.77 -7.8 1.81 21.76 2.86 45.398362 11.877943 0
6.11 -7.79 1.41 21.76 2.86 45.398362 11.877943 0
6.21 -7.5 1.49 22.07 2.86 45.398362 11.877943 0
6.5 -7.84 1.81 22.02 2.86 45.398362 11.877943 0
6.36 -7.9 1.55 21.68 2.86 45.398362 11.877943 0
5.85 -7.59 1.92 22.54 2.86 45.398362 11.877943 0
6.1 -7.5 1.96 22.14 2.86 45.398362 11.877943 0
6.34 -7.83 1.8 22.12 2.86 45.398362 11.877943 0
6.08 -7.63 1.37 22.02 2.86 45.398362 11.877943 0
5.56 -8.19 1.77 21.95 3.07 45.398387 11.877937 1
5.47 -8.06 2.1 22.0 3.07 45.398387 11.877937 0
5.87 -7.89 2.16 22.02 3.07 45.398387 11.877937 1
