5.62 -8.09 1.54 22.17 2.37 45.407964 11.888207 1
5.66 -7.38 1.86 22.17 2.37 45.407964 11.888207 1
6.1 -7.55 1.88 22.04 2.37 45.407964 11.888207 1
6.03 -8.33 1.8 22.05 2.37 45.407964 11.888207 1
5.77 -8.31 1.82 22.05 2.37 45.407964 11.888207 1
5.75 -7.68 1.83 22.23 2.37 45.407964 11.888207 1
5.83 -7.38 1.86 21.73 2.37 45.407964 11.888207 1
6.06 -7.55 1.9 21.95 2.37 45.407964 11.888207 1
6.33 -7.84 1.82 21.56 1.32 45.407960 11.888189 0
6.23 -7.91 1.8 21.97 1.32 45.407960 11.888189 1
5.9 -7.71 1.92 22.05 1.32 45.407960 11.888189 0
5.86 -7.69 1.92 21.92 1.32 45.407960 11.888189 1
5.97 -7.99 1.77 21.51 1.32 45.407960 11.888189 1
5.83 -8.07 1.76 21.97 1.32 45.407960 11.888189 1
5.63 -7.83 1.79 22.4 1.32 45.407960 11.888189 1
5.74 -7.77 1.67 21.42 1.32 45.407960 11.888189 1
6.07 -7.87 1.62 21.57 1.32 45.407960 11.888189 1
6.28 -7.71 1.8 22.09 1.32 45.407960 11.888189 1
6.19 -7.5 1.93 22.07 1.32 45.407960 11.888189 1
5.98 -7.6 1.88 22.0 1.32 45.407960 11.888189 1
5.96 -7.77 1.89 21.92 1.32 45.407960 11.888189 1
6.1 -7.79 2.0 21.83 1.32 45.407960 11.888189 1
6.11 -7.75 1.94 21.8 1.32 45.407960 11.888189 1
6.0 -7.77 1.75 22.26 1.32 45.407960 11.888189 1
5.94 -7.86 1.61 21.8 1.32 45.407960 11.888189 1
5.83 -7.93 1.58 21.95 1.32 45.407960 11.888189 1
5.66 -7.79 1.69 22.5 2.87 45.407950 11.888158 0
5.77 -7.57 1.88 22.16 2.87 45.407950 11.888158 1
6.1 -7.67 1.93 22.05 2.87 45.407950 11.888158 0
6.15 -7.98 1.84 21.97 2.87 45.407950 11.888158 1
5.94 -7.96 1.86 21.51 2.87 45.407950 11.888158 1
5.96 -7.68 1.93 21.95 2.87 45.407950 11.888158 1
6.17 -7.61 1.83 21.99 2.87 45.407950 11.888158 1
6.15 -7.63 1.72 21.93 2.87 45.407950 11.888158 1
6.0 -7.53 1.8 22.07 2.87 45.407950 11.888158 1
