5.84 -7.87 1.92 21.9 2.58 45.407972 11.888555 1
5.9 -7.98 1.6 22.36 2.58 45.407972 11.888555 1
5.87 -7.89 1.58 22.57 2.58 45.407972 11.888555 1
5.84 -7.59 1.9 22.21 2.58 45.407972 11.888555 1
5.96 -7.52 2.05 22.04 2.58 45.407972 11.888555 1
6.15 -7.8 1.85 22.26 2.58 45.407972 11.888555 1
6.25 -7.96 1.75 22.21 2.58 45.407972 11.888555 1
6.18 -7.79 1.86 22.23 2.58 45.407972 11.888555 1
6.04 -7.56 1.87 22.47 2.76 45.407976 11.888525 0
6.01 -7.45 1.69 22.09 2.76 45.407976 11.888525 1
6.04 -7.51 1.62 22.42 2.76 45.407976 11.888525 0
5.93 -7.82 1.73 22.23 2.76 45.407976 11.888525 1
5.72 -8.12 1.84 21.85 2.76 45.407976 11.888525 1
5.72 -8.02 1.79 21.9 2.76 45.407976 11.888525 1
5.89 -7.79 1.69 21.9 2.76 45.407976 11.888525 1
5.89 -7.85 1.72 22.0 2.76 45.407976 11.888525 1
5.77 -7.92 1.83 22.16 2.76 45.407976 11.888525 1
5.84 -7.68 1.82 22.12 2.76 45.407976 11.888525 1
6.09 -7.57 1.75 22.02 2.76 45.407976 11.888525 1
6.21 -7.81 1.78 22.05 2.76 45.407976 11.888525 1
6.15 -7.92 1.8 22.07 2.76 45.407976 11.888525 1
6.01 -7.79 1.72 22.07 2.76 45.407976 11.888525 1
5.84 -7.86 1.74 22.09 2.76 45.407976 11.888525 1
5.77 -8.05 1.92 22.04 2.76 45.407976 11.888525 1
5.87 -7.96 2.01 22.0 2.76 45.407976 11.888525 1
5.92 -7.81 1.94 22.76 2.76 45.407976 11.888525 1
5.79 -7.92 1.87 21.88 3.7 45.407985 11.888487 0
5.74 -7.99 1.78 21.95 3.7 45.407985 11.888487 1
5.94 -7.81 1.66 21.9 3.7 45.407985 11.888487 0
6.12 -7.65 1.65 22.0 3.7 45.407985 11.888487 1
6.1 -7.67 1.71 21.95 3.7 45.407985 11.888487 1
6.03 -7.72 1.65 21.95 3.7 45.407985 11.888487 1
6.07 -7.79 1.6 21.9 3.7 45.407985 11.888487 1
6.08 -7.87 1.69 21.9 3.7 45.407985 11.888487 1
5.94 -7.81 1.8 22.07 3.7 45.407985 11.888487 1
