5.72 -7.71 1.82 22.62 3.7 45.407985 11.888487 1
5.62 -7.83 1.84 22.11 3.7 45.407985 11.888487 1
5.73 -8.01 1.85 22.45 3.7 45.407985 11.888487 1
5.88 -7.98 1.8 22.09 3.7 45.407985 11.888487 1
5.92 -7.81 1.78 22.12 3.7 45.407985 11.888487 1
5.94 -7.73 1.8 22.16 3.7 45.407985 11.888487 1
5.99 -7.77 1.77 22.02 3.7 45.407985 11.888487 1
6.02 -7.89 1.81 21.49 3.7 45.407985 11.888487 1
6.09 -7.93 2.04 21.92 3.3 45.407991 11.888448 0
6.21 -7.76 2.17 22.04 3.3 45.407991 11.888448 1
6.08 -7.62 2.03 22.16 3.3 45.407991 11.888448 0
5.68 -7.76 1.85 22.43 3.3 45.407991 11.888448 1
5.5 -8.01 1.8 21.81 3.3 45.407991 11.888448 1
5.76 -8.16 1.84 21.8 3.3 45.407991 11.888448 1
5.93 -8.12 1.9 21.9 3.3 45.407991 11.888448 1
5.7 -7.87 1.9 22.57 3.3 45.407991 11.888448 1
5.57 -7.57 1.74 22.67 3.3 45.407991 11.888448 1
5.89 -7.57 1.55 22.52 3.3 45.407991 11.888448 1
6.22 -7.83 1.56 22.16 3.3 45.407991 11.888448 1
6.16 -7.92 1.73 22.12 3.3 45.407991 11.888448 1
6.04 -7.75 1.81 22.62 3.3 45.407991 11.888448 1
6.13 -7.68 1.76 22.57 3.3 45.407991 11.888448 1
6.03 -7.83 1.72 23.43 3.3 45.407991 11.888448 1
5.63 -7.98 1.71 22.54 3.3 45.407991 11.888448 1
5.5 -7.96 1.62 22.28 3.3 45.407991 11.888448 1
5.81 -8.0 1.49 21.8 3.3 45.407991 11.888448 1
5.95 -8.1 1.52 21.75 3.09 45.407989 11.888407 0
5.78 -7.87 1.72 22.35 3.09 45.407989 11.888407 1
5.84 -7.4 1.85 22.91 3.09 45.407989 11.888407 0
6.12 -7.35 1.83 21.95 3.09 45.407989 11.888407 1
6.21 -7.67 1.9 22.36 3.09 45.407989 11.888407 1
6.19 -7.69 2.07 22.33 3.09 45.407989 11.888407 1
6.16 -7.52 2.05 21.97 3.09 45.407989 11.888407 1
5.94 -7.68 1.85 22.48 3.09 45.407989 11.888407 1
5.67 -7.9 1.74 22.19 3.09 45.407989 11.888407 1
