3.82 -6.61 2.79 733.57 5.18 45.396059 11.876061 0
8.28 -12.59 2.67 22.0 5.18 45.396059 11.876061 0
6.95 -13.41 2.76 22.88 5.18 45.396059 11.876061 0
6.9 -9.28 1.95 23.2 5.18 45.396059 11.876061 0
3.93 -2.99 1.08 23.7 5.18 45.396059 11.876061 0
5.64 -10.43 3.88 23.63 5.18 45.396059 11.876061 0
9.17 -8.55 -1.25 22.62 5.18 45.396059 11.876061 0
8.13 -6.72 3.64 27.05 5.18 45.396059 11.876061 0
2.96 -10.24 1.05 28.95 5.18 45.396059 11.876061 0
7.15 -9.97 1.41 23.31 5.18 45.396059 11.876061 0
5.14 -6.03 1.31 24.06 5.18 45.396059 11.876061 0
8.29 -10.09 -1.12 27.11 5.18 45.396059 11.876061 0
6.56 -7.93 0.41 293.56 4.09 45.396095 11.876084 1
5.15 -5.0 3.44 22.43 4.09 45.396095 11.876084 1
5.32 -8.26 1.43 23.26 4.09 45.396095 11.876084 0
5.27 -10.15 1.44 26.24 4.09 45.396095 11.876084 0
3.79 -10.52 2.71 25.57 4.09 45.396095 11.876084 0
5.63 -7.98 2.33 904.83 4.09 45.396095 11.876084 0
7.02 -6.55 0.24 24.52 4.09 45.396095 11.876084 0
6.97 -9.71 1.67 24.97 4.09 45.396095 11.876084 0
9.28 -8.09 2.66 23.72 4.09 45.396095 11.876084 0
6.66 -11.05 0.15 30.84 4.09 45.396095 11.876084 0
4.7 -9.31 4.17 25.04 4.09 45.396095 11.876084 0
7.91 -6.91 1.21 23.63 4.09 45.396095 11.876084 0
