3.88 -5.18 4.06 24.49 3.55 45.395966 11.875974 0
7.74 -6.78 1.61 26.41 3.55 45.395966 11.875974 0
7.03 -9.54 3.22 288.41 3.55 45.395966 11.875974 0
5.4 -9.53 0.12 301.6 3.13 45.395989 11.876002 1
5.2 -9.04 -0.13 20.85 3.13 45.395989 11.876002 1
6.76 -9.31 1.35 24.01 3.13 45.395989 11.876002 0
2.84 -5.45 1.5 23.92 3.13 45.395989 11.876002 0
9.55 -11.08 5.63 24.83 3.13 45.395989 11.876002 0
5.82 -7.93 2.08 22.71 3.13 45.395989 11.876002 0
4.74 -7.81 1.09 23.24 3.13 45.395989 11.876002 0
6.55 -7.97 0.52 23.77 3.13 45.395989 11.876002 0
5.16 -9.63 5.12 23.15 3.13 45.395989 11.876002 0
5.54 -4.28 4.12 25.54 3.13 45.395989 11.876002 0
5.6 -7.28 2.94 22.71 3.13 45.395989 11.876002 0
5.29 -5.91 2.48 318.63 3.13 45.395989 11.876002 0
6.06 -6.63 0.79 23.48 3.13 45.395989 11.876002 0
6.1 -9.49 1.13 25.86 3.95 45.396018 11.876035 1
7.59 -6.81 -0.78 25.28 3.95 45.396018 11.876035 0
8.29 -7.48 1.55 25.69 3.95 45.396018 11.876035 1
4.65 -9.2 2.11 23.38 3.95 45.396018 11.876035 0
6.06 -11.89 0.38 24.37 3.95 45.396018 11.876035 0
2.88 -4.47 3.32 24.03 3.95 45.396018 11.876035 0
12.43 -12.56 -0.93 22.9 3.95 45.396018 11.876035 0
10.39 -8.63 1.63 24.35 3.95 45.396018 11.876035 0
4.82 -8.69 -0.2 23.46 3.95 45.396018 11.876035 0
2.69 -4.22 0.8 805.5 3.95 45.396018 11.876035 0
10.79 -11.21 2.25 26.38 3.95 45.396018 11.876035 0
5.9 -5.72 2.18 24.58 3.95 45.396018 11.876035 0
4.84 -8.78 0.34 23.38 3.95 45.396018 11.876035 0
5.92 -9.51 2.62 22.71 3.95 45.396018 11.876035 0
7.0 -9.05 -1.08 23.77 3.95 45.396018 11.876035 0
5.6 -5.47 -2.3 852.8 5.18 45.396059 11.876061 1
6.08 -5.91 0.06 25.3 5.18 45.396059 11.876061 0
6.53 -7.09 5.1 25.66 5.18 45.396059 11.876061 1
7.34 -6.82 1.52 24.44 5.18 45.396059 11.876061 0
