7.37 -7.12 2.26 22.74 1.55 45.408027 11.888704 0 0
6.86 -7.14 2.13 22.09 1.55 45.408027 11.888704 1 0
5.62 -7.92 1.86 22.67 1.55 45.408027 11.888704 0 0
5.19 -8.09 1.73 22.16 1.55 45.408027 11.888704 1 0
5.57 -8.49 1.95 21.95 1.55 45.408027 11.888704 0 0
5.69 -8.1 1.33 22.74 1.55 45.408027 11.888704 1 0
5.96 -8.09 1.62 21.92 1.55 45.408027 11.888704 1 0
5.77 -8.0 1.45 21.49 1.55 45.408027 11.888704 1 0
6.17 -7.49 1.65 21.85 1.55 45.408027 11.888704 1 0
6.38 -7.29 1.55 21.75 1.55 45.408027 11.888704 1 0
6.19 -7.57 1.76 22.23 1.55 45.408027 11.888704 1 0
6.19 -7.89 1.77 21.81 1.55 45.408027 11.888704 1 0
6.15 -7.8 1.94 21.9 1.55 45.408027 11.888704 1 0
6.29 -7.31 2.0 21.97 1.55 45.408027 11.888704 1 0
6.24 -7.45 1.79 22.42 1.55 45.408027 11.888704 1 0
6.19 -7.67 1.63 21.61 1.55 45.408027 11.888704 1 0
5.91 -7.86 1.49 21.99 1.55 45.408027 11.888704 1 0
5.77 -7.98 1.67 22.0 1.55 45.408027 11.888704 1 0
5.62 -7.83 1.51 21.8 1.55 45.408027 11.888704 1 0
5.95 -7.97 1.66 22.02 1.94 45.408031 11.888685 0 0
5.89 -7.89 1.98 21.87 1.94 45.408031 11.888685 1 0
5.79 -7.81 1.78 21.87 1.94 45.408031 11.888685 0 0
6.07 -7.68 1.66 21.9 1.94 45.408031 11.888685 1 0
6.33 -7.59 1.58 21.97 1.94 45.408031 11.888685 1 0
6.38 -7.58 1.71 21.85 1.94 45.408031 11.888685 1 0
6.34 -7.77 2.01 21.9 1.94 45.408031 11.888685 1 0
6.37 -7.38 2.15 21.87 1.94 45.408031 11.888685 1 0
6.71 -7.42 2.26 21.37 1.94 45.408031 11.888685 1 0
6.64 -7.38 2.23 21.88 1.94 45.408031 11.888685 1 0
6.28 -7.75 2.11 22.42 1.94 45.408031 11.888685 1 0
5.92 -7.6 2.21 22.93 1.94 45.408031 11.888685 1 0
5.89 -8.02 2.05 22.07 1.94 45.408031 11.888685 1 0
5.42 -7.97 1.97 22.35 1.94 45.408031 11.888685 1 0
5.77 -7.89 1.91 21.45 1.94 45.408031 11.888685 1 0
5.91 -8.14 1.86 21.92 1.94 45.408031 11.888685 1 0
