5.95 -7.46 1.7 21.85 1.82 45.406321 11.894136 1 0
5.57 -7.78 2.06 21.51 1.82 45.406321 11.894136 1 0
5.84 -8.06 2.1 21.56 1.82 45.406321 11.894136 1 0
5.96 -8.12 1.81 22.02 1.82 45.406321 11.894136 1 0
5.67 -8.16 1.36 22.09 1.82 45.406321 11.894136 1 0
5.32 -8.0 1.47 22.62 1.82 45.406321 11.894136 1 0
5.44 -7.97 1.74 22.05 1.82 45.406321 11.894136 1 0
5.89 -7.92 1.78 21.97 1.82 45.406321 11.894136 1 0
6.04 -8.09 1.6 21.64 1.82 45.406321 11.894136 1 0
5.55 -7.85 1.71 21.59 1.82 45.406321 11.894136 1 0
5.82 -7.6 1.84 21.83 1.82 45.406321 11.894136 1 0
5.77 -7.8 1.9 21.42 2.29 45.406322 11.894169 0 0
6.01 -7.39 2.04 21.33 2.29 45.406322 11.894169 1 0
5.98 -8.12 2.02 21.69 2.29 45.406322 11.894169 0 0
5.99 -7.51 1.76 21.42 2.29 45.406322 11.894169 1 0
6.11 -7.75 1.84 22.48 2.29 45.406322 11.894169 1 0
5.77 -7.84 1.8 22.04 2.29 45.406322 11.894169 1 0
5.51 -8.1 1.65 22.09 2.29 45.406322 11.894169 1 0
5.61 -8.01 1.67 22.45 2.29 45.406322 11.894169 1 0
5.81 -8.19 1.89 23.41 2.29 45.406322 11.894169 1 0
5.94 -7.87 1.71 22.09 2.29 45.406322 11.894169 1 0
5.98 -8.04 1.95 22.5 2.29 45.406322 11.894169 1 0
5.8 -7.8 1.7 22.52 2.29 45.406322 11.894169 1 0
6.12 -7.7 1.98 22.47 2.29 45.406322 11.894169 1 0
6.03 -7.87 1.78 22.96 2.29 45.406322 11.894169 1 0
6.1 -7.72 1.86 22.5 2.29 45.406322 11.894169 1 0
5.99 -7.72 1.86 22.0 2.29 45.406322 11.894169 1 0
6.06 -7.58 1.76 22.21 2.29 45.406322 11.894169 1 0
5.71 -7.91 1.84 22.62 2.29 45.406322 11.894169 1 0
5.73 -8.04 1.61 23.56 2.6 45.406324 11.894204 0 0
5.83 -7.85 1.61 22.64 2.6 45.406324 11.894204 1 0
5.54 -7.89 1.72 21.81 2.6 45.406324 11.894204 0 0
5.76 -7.97 1.78 21.69 2.6 45.406324 11.894204 1 0
5.83 -7.85 1.79 22.74 2.6 45.406324 11.894204 1 0
5.9 -7.94 1.83 21.83 2.6 45.406324 11.894204 1 0
