8.54 -8.52 1.52 21.59 2.48 45.398423 11.877921 0
5.51 -6.7 2.29 21.52 2.48 45.398423 11.877921 0
5.94 -7.08 0.98 23.24 2.42 45.398443 11.877913 1
5.37 -7.39 1.81 23.32 2.42 45.398443 11.877913 0
5.51 -8.06 1.75 26.7 2.42 45.398443 11.877913 1
6.0 -6.73 2.13 21.78 2.42 45.398443 11.877913 0
7.4 -6.93 0.24 21.06 2.42 45.398443 11.877913 0
4.34 -10.8 2.1 21.51 2.42 45.398443 11.877913 0
5.06 -8.03 2.7 21.83 2.42 45.398443 11.877913 0
5.38 -6.72 1.29 22.23 2.42 45.398443 11.877913 0
5.6 -6.68 1.72 22.55 2.42 45.398443 11.877913 0
6.17 -7.74 2.29 22.09 2.42 45.398443 11.877913 0
6.42 -7.83 1.9 21.68 2.42 45.398443 11.877913 0
5.52 -7.75 1.81 22.09 2.42 45.398443 11.877913 0
5.65 -8.39 1.94 22.54 2.42 45.398443 11.877913 0
5.75 -7.75 2.0 22.05 2.42 45.398443 11.877913 0
6.03 -7.46 2.29 22.16 2.42 45.398443 11.877913 0
5.95 -7.94 1.67 21.99 2.42 45.398443 11.877913 0
5.81 -8.25 1.38 22.17 2.42 45.398443 11.877913 0
5.56 -7.75 2.28 22.07 2.42 45.398443 11.877913 0
5.93 -7.03 1.71 21.93 2.75 45.398464 11.877902 1
6.11 -9.05 2.01 21.88 2.75 45.398464 11.877902 0
5.95 -7.86 1.55 22.43 2.75 45.398464 11.877902 1
5.87 -7.74 1.64 22.54 2.75 45.398464 11.877902 0
5.88 -7.31 1.68 22.12 2.75 45.398464 11.877902 0
6.03 -8.0 1.76 22.04 2.75 45.398464 11.877902 0
6.11 -7.88 1.63 21.92 2.75 45.398464 11.877902 0
5.96 -7.92 1.75 21.99 2.75 45.398464 11.877902 0
5.81 -8.4 1.68 22.54 2.75 45.398464 11.877902 0
4.86 -6.87 1.44 22.09 2.75 45.398464 11.877902 0
2.27 -12.13 1.16 20.91 2.75 45.398464 11.877902 0
11.04 -3.93 2.89 21.95 2.75 45.398464 11.877902 0
4.41 -4.95 2.17 22.0 2.75 45.398464 11.877902 0
3.07 -7.46 1.87 23.98 2.75 45.398464 11.877902 0
4.14 -8.32 1.83 24.88 2.75 45.398464 11.877902 0
