5.73 -9.27 0.58 21.83 2.75 45.398464 11.877902 0
6.52 -5.51 1.82 21.88 2.75 45.398464 11.877902 0
5.79 -2.83 3.36 20.12 2.71 45.398487 11.877890 1
5.46 -11.02 0.81 21.68 2.71 45.398487 11.877890 0
6.97 -7.98 2.46 21.88 2.71 45.398487 11.877890 1
5.33 -6.56 1.35 21.66 2.71 45.398487 11.877890 0
5.98 -7.61 1.56 22.43 2.71 45.398487 11.877890 0
5.88 -8.06 2.38 22.14 2.71 45.398487 11.877890 0
5.99 -7.8 1.86 22.14 2.71 45.398487 11.877890 0
6.22 -7.9 1.91 22.07 2.71 45.398487 11.877890 0
5.8 -7.25 1.41 22.09 2.71 45.398487 11.877890 0
5.8 -8.61 2.25 22.04 2.71 45.398487 11.877890 0
5.76 -7.87 1.86 22.09 2.71 45.398487 11.877890 0
5.75 -7.76 1.63 22.21 2.71 45.398487 11.877890 0
5.66 -7.97 1.66 21.8 2.71 45.398487 11.877890 0
5.76 -7.99 1.78 21.69 2.71 45.398487 11.877890 0
5.94 -7.71 1.78 22.14 2.71 45.398487 11.877890 0
6.03 -7.95 1.82 22.19 2.71 45.398487 11.877890 0
6.08 -7.82 1.62 22.12 2.71 45.398487 11.877890 0
6.04 -7.73 1.71 22.12 2.7 45.398511 11.877881 1
5.76 -7.72 1.47 21.76 2.7 45.398511 11.877881 0
6.1 -7.66 1.58 22.02 2.7 45.398511 11.877881 1
5.99 -7.72 1.68 21.88 2.7 45.398511 11.877881 0
6.28 -8.03 1.72 21.78 2.7 45.398511 11.877881 0
5.83 -7.99 1.68 21.47 2.7 45.398511 11.877881 0
5.91 -7.84 1.51 22.0 2.7 45.398511 11.877881 0
6.2 -7.62 1.49 21.97 2.7 45.398511 11.877881 0
5.97 -7.44 1.73 21.93 2.7 45.398511 11.877881 0
6.03 -7.97 1.57 21.57 2.7 45.398511 11.877881 0
5.73 -7.95 1.86 22.04 2.7 45.398511 11.877881 0
5.71 -8.19 1.69 22.07 2.7 45.398511 11.877881 0
5.72 -8.02 1.64 22.11 2.7 45.398511 11.877881 0
5.78 -7.79 2.01 22.11 2.7 45.398511 11.877881 0
5.89 -7.84 1.83 22.59 2.7 45.398511 11.877881 0
6.05 -7.84 1.89 22.19 2.7 45.398511 11.877881 0
