5.86 -7.71 1.61 22.17 2.45 45.398379 11.877930 0
5.88 -7.84 1.61 22.07 2.45 45.398379 11.877930 0
5.78 -8.0 1.72 22.45 2.55 45.398400 11.877925 1
5.75 -8.08 1.82 21.92 2.55 45.398400 11.877925 0
5.86 -7.74 2.04 22.09 2.55 45.398400 11.877925 1
5.83 -7.86 2.0 22.07 2.55 45.398400 11.877925 0
5.89 -7.82 1.88 21.97 2.55 45.398400 11.877925 0
5.57 -7.71 1.92 22.04 2.55 45.398400 11.877925 0
6.01 -8.05 1.72 21.99 2.55 45.398400 11.877925 0
6.02 -7.75 1.92 22.0 2.55 45.398400 11.877925 0
6.06 -7.7 1.88 21.93 2.55 45.398400 11.877925 0
5.87 -7.73 1.7 22.12 2.55 45.398400 11.877925 0
6.1 -7.89 1.75 21.99 2.55 45.398400 11.877925 0
5.98 -7.74 1.57 22.0 2.55 45.398400 11.877925 0
5.93 -7.68 1.75 22.09 2.55 45.398400 11.877925 0
5.9 -7.98 1.66 22.04 2.55 45.398400 11.877925 0
5.88 -8.03 1.8 22.07 2.55 45.398400 11.877925 0
5.71 -7.65 1.9 22.09 2.55 45.398400 11.877925 0
5.94 -7.84 2.0 22.12 2.55 45.398400 11.877925 0
5.89 -8.03 2.02 22.07 2.55 45.398400 11.877925 0
5.89 -7.83 1.62 22.12 2.48 45.398423 11.877921 1
5.89 -7.61 1.68 22.48 2.48 45.398423 11.877921 0
5.84 -8.08 1.44 22.54 2.48 45.398423 11.877921 1
5.94 -7.8 1.77 22.43 2.48 45.398423 11.877921 0
5.99 -7.78 1.91 21.93 2.48 45.398423 11.877921 0
6.06 -8.03 1.88 22.38 2.48 45.398423 11.877921 0
5.85 -7.98 1.76 21.99 2.48 45.398423 11.877921 0
6.17 -7.68 1.64 21.97 2.48 45.398423 11.877921 0
6.23 -7.73 1.71 22.26 2.48 45.398423 11.877921 0
5.8 -7.64 1.98 21.85 2.48 45.398423 11.877921 0
5.8 -7.84 1.84 21.78 2.48 45.398423 11.877921 0
5.98 -7.87 2.06 22.09 2.48 45.398423 11.877921 0
5.98 -7.94 2.06 21.93 2.48 45.398423 11.877921 0
5.98 -8.29 1.98 21.92 2.48 45.398423 11.877921 0
2.88 -6.51 1.67 21.88 2.48 45.398423 11.877921 0
