6.35 -7.18 1.83 21.88 3.26 45.407707 11.899234 0
6.18 -7.66 1.81 22.17 3.26 45.407707 11.899234 1
5.78 -8.11 1.73 21.83 3.26 45.407707 11.899234 0
5.26 -8.25 1.75 21.9 3.26 45.407707 11.899234 1
5.09 -8.07 1.98 21.92 3.26 45.407707 11.899234 1
5.39 -7.98 2.23 21.85 3.26 45.407707 11.899234 1
5.69 -7.96 2.3 22.16 3.26 45.407707 11.899234 1
5.82 -7.79 2.14 21.93 3.26 45.407707 11.899234 1
6.05 -7.61 1.79 22.0 3.26 45.407707 11.899234 1
6.33 -7.6 1.48 22.02 3.26 45.407707 11.899234 1
6.27 -7.54 1.43 22.14 3.26 45.407707 11.899234 1
6.02 -7.44 1.63 22.55 3.26 45.407707 11.899234 1
5.98 -7.62 1.95 22.91 3.26 45.407707 11.899234 1
6.07 -7.93 2.27 22.4 3.26 45.407707 11.899234 1
5.98 -7.96 2.37 21.9 3.26 45.407707 11.899234 1
5.73 -7.88 2.08 22.0 3.26 45.407707 11.899234 1
5.6 -7.97 1.77 21.73 3.26 45.407707 11.899234 1
5.7 -7.98 1.73 22.28 3.26 45.407707 11.899234 1
5.9 -7.78 1.7 22.79 1.78 45.407713 11.899256 0
5.96 -7.72 1.6 21.93 1.78 45.407713 11.899256 1
5.94 -7.85 1.77 22.26 1.78 45.407713 11.899256 0
6.09 -7.77 2.12 22.24 1.78 45.407713 11.899256 1
6.26 -7.61 2.05 21.73 1.78 45.407713 11.899256 1
6.18 -7.76 1.67 22.23 1.78 45.407713 11.899256 1
5.96 -7.93 1.59 22.26 1.78 45.407713 11.899256 1
5.95 -7.74 1.75 22.26 1.78 45.407713 11.899256 1
6.08 -7.61 1.76 22.23 1.78 45.407713 11.899256 1
6.04 -7.89 1.76 21.8 1.78 45.407713 11.899256 1
5.83 -8.1 1.9 21.85 1.78 45.407713 11.899256 1
5.7 -7.91 1.89 22.35 1.78 45.407713 11.899256 1
5.75 -7.83 1.75 21.92 1.78 45.407713 11.899256 1
5.83 -8.09 1.88 22.24 1.78 45.407713 11.899256 1
5.88 -8.15 2.16 21.9 1.78 45.407713 11.899256 1
5.98 -7.84 2.14 22.4 1.78 45.407713 11.899256 1
6.12 -7.62 1.9 21.8 1.78 45.407713 11.899256 1
6.15 -7.66 1.84 22.55 2.52 45.407721 11.899282 0
6.07 -7.73 1.92 21.83 2.52 45.407721 11.899282 1
6.03 -7.7 1.96 22.17 2.52 45.407721 11.899282 0
6.12 -7.71 2.03 23.92 2.52 45.407721 11.899282 1
6.17 -7.81 2.23 22.23 2.52 45.407721 11.899282 1
6.0 -7.92 2.3 21.88 2.52 45.407721 11.899282 1
5.74 -7.85 2.05 21.99 2.52 45.407721 11.899282 1
5.67 -7.73 1.78 22.81 2.52 45.407721 11.899282 1
5.82 -7.83 1.81 22.91 2.52 45.407721 11.899282 1
5.91 -8.03 1.99 22.86 2.52 45.407721 11.899282 1
5.87 -7.89 2.0 22.0 2.52 45.407721 11.899282 1
5.93 -7.56 1.85 22.42 2.52 45.407721 11.899282 1
6.17 -7.49 1.7 21.92 2.52 45.407721 11.899282 1
6.35 -7.6 1.58 22.0 2.52 45.407721 11.899282 1
6.27 -7.6 1.51 22.91 2.52 45.407721 11.899282 1
6.12 -7.57 1.59 22.45 2.52 45.407721 11.899282 1
6.07 -7.6 1.67 21.78 2.52 45.407721 11.899282 1
6.09 -7.61 1.62 21.8 2.52 45.407721 11.899282 1
6.06 -7.73 1.63 21.75 2.43 45.407733 11.899306 0
5.99 -7.93 1.85 24.04 2.43 45.407733 11.899306 1
5.82 -7.9 2.03 21.75 2.43 45.407733 11.899306 0
5.54 -7.76 2.0 21.8 2.43 45.407733 11.899306 1
5.47 -7.9 1.97 22.12 2.43 45.407733 11.899306 1
5.84 -8.05 2.08 22.29 2.43 45.407733 11.899306 1
6.22 -7.8 2.12 21.88 2.43 45.407733 11.899306 1
6.22 -7.56 2.03 22.4 2.43 45.407733 11.899306 1
6.08 -7.66 2.01 22.45 2.43 45.407733 11.899306 1
6.13 -7.68 2.1 22.05 2.43 45.407733 11.899306 1
6.19 -7.52 2.1 21.97 2.43 45.407733 11.899306 1
6.09 -7.6 1.96 22.47 2.43 45.407733 11.899306 1
5.94 -7.81 1.82 22.09 2.43 45.407733 11.899306 1
5.78 -7.78 1.71 22.09 2.43 45.407733 11.899306 1
5.65 -7.76 1.61 22.09 2.43 45.407733 11.899306 1
5.68 -8.06 1.59 22.33 2.43 45.407733 11.899306 1
5.83 -8.24 1.72 21.44 2.43 45.407733 11.899306 1
5.91 -7.94 1.8 21.78 2.98 45.407751 11.899333 0
5.93 -7.56 1.69 22.33 2.98 45.407751 11.899333 1
6.02 -7.47 1.62 22.26 2.98 45.407751 11.899333 0
6.15 -7.6 1.75 21.68 2.98 45.407751 11.899333 1
6.18 -7.78 1.83 21.73 2.98 45.407751 11.899333 1
6.09 -7.86 1.72 22.64 2.98 45.407751 11.899333 1
6.05 -7.68 1.64 21.78 2.98 45.407751 11.899333 1
6.11 -7.47 1.76 22.64 2.98 45.407751 11.899333 1
6.03 -7.67 1.88 21.9 2.98 45.407751 11.899333 1
5.71 -8.06 1.82 21.9 2.98 45.407751 11.899333 1
5.51 -8.11 1.71 22.76 2.98 45.407751 11.899333 1
5.71 -7.91 1.71 22.35 2.98 45.407751 11.899333 1
5.96 -7.88 1.79 22.31 2.98 45.407751 11.899333 1
5.96 -7.84 1.87 22.76 2.98 45.407751 11.899333 1
6.01 -7.63 1.89 21.95 2.98 45.407751 11.899333 1
6.2 -7.65 1.94 21.85 2.98 45.407751 11.899333 1
6.2 -7.88 2.04 23.02 2.98 45.407751 11.899333 1
6.13 -7.82 1.99 22.16 2.98 45.407751 11.899333 1
6.24 -7.6 1.81 22.24 2.23 45.407764 11.899359 0
6.13 -7.75 1.9 21.83 2.23 45.407764 11.899359 1
5.64 -8.01 2.28 22.26 2.23 45.407764 11.899359 0
5.48 -7.87 2.51 23.1 2.23 45.407764 11.899359 1
5.87 -7.72 2.44 21.39 2.23 45.407764 11.899359 1
5.99 -7.91 2.35 22.24 2.23 45.407764 11.899359 1
5.67 -8.02 2.19 22.19 2.23 45.407764 11.899359 1
5.67 -7.86 1.92 23.29 2.23 45.407764 11.899359 1
6.08 -7.76 1.89 22.45 2.23 45.407764 11.899359 1
6.25 -7.67 2.11 22.6 2.23 45.407764 11.899359 1
6.09 -7.47 1.97 22.11 2.23 45.407764 11.899359 1
5.95 -7.54 1.55 21.97 2.23 45.407764 11.899359 1
5.94 -7.9 1.45 21.95 2.23 45.407764 11.899359 1
6.1 -7.88 1.56 21.95 2.23 45.407764 11.899359 1
6.33 -7.53 1.42 21.95 2.23 45.407764 11.899359 1
6.22 -7.61 1.29 22.0 2.23 45.407764 11.899359 1
5.79 -7.98 1.47 21.44 2.23 45.407764 11.899359 1
5.64 -7.91 1.68 21.8 2.54 45.407774 11.899389 0
5.79 -7.63 1.74 22.28 2.54 45.407774 11.899389 1
5.84 -7.73 1.86 21.8 2.54 45.407774 11.899389 0
5.87 -7.94 1.93 22.16 2.54 45.407774 11.899389 1
6.14 -7.86 1.86 22.57 2.54 45.407774 11.899389 1
6.32 -7.7 1.91 21.78 2.54 45.407774 11.899389 1
6.16 -7.57 2.04 21.76 2.54 45.407774 11.899389 1
6.04 -7.47 1.93 22.19 2.54 45.407774 11.899389 1
6.14 -7.62 1.85 22.35 2.54 45.407774 11.899389 1
6.13 -7.88 2.16 22.36 2.54 45.407774 11.899389 1
5.95 -7.86 2.44 23.86 2.54 45.407774 11.899389 1
5.86 -7.92 2.21 22.17 2.54 45.407774 11.899389 1
5.79 -8.37 1.93 21.33 2.54 45.407774 11.899389 1
5.61 -8.46 2.03 21.75 2.54 45.407774 11.899389 1
5.6 -7.94 2.15 21.85 2.54 45.407774 11.899389 1
6.01 -7.76 2.02 21.76 2.54 45.407774 11.899389 1
6.36 -7.98 1.96 21.78 2.54 45.407774 11.899389 1
6.19 -7.74 2.06 22.24 2.54 45.407774 11.899389 1
6.03 -7.43 2.01 21.73 2.05 45.407778 11.899418 0
6.3 -7.77 1.93 22.17 2.05 45.407778 11.899418 1
6.44 -7.97 2.05 21.83 2.05 45.407778 11.899418 0
6.15 -7.58 2.0 22.29 2.05 45.407778 11.899418 1
6.05 -7.54 1.5 22.29 2.05 45.407778 11.899418 1
6.2 -7.93 1.14 22.45 2.05 45.407778 11.899418 1
5.85 -7.81 1.36 22.4 2.05 45.407778 11.899418 1
5.39 -7.56 1.69 22.45 2.05 45.407778 11.899418 1
5.91 -7.93 1.75 21.8 2.05 45.407778 11.899418 1
6.71 -8.23 1.82 21.81 2.05 45.407778 11.899418 1
6.38 -7.86 2.0 22.12 2.05 45.407778 11.899418 1
5.66 -7.44 1.99 22.76 2.05 45.407778 11.899418 1
6.09 -7.41 1.91 22.6 2.05 45.407778 11.899418 1
7.02 -7.61 2.03 21.95 2.05 45.407778 11.899418 1
6.83 -7.92 2.16 22.02 2.05 45.407778 11.899418 1
5.81 -7.89 2.12 22.19 2.05 45.407778 11.899418 1
5.45 -7.48 2.16 21.71 2.05 45.407778 11.899418 1
5.87 -7.73 2.31 21.73 2.34 45.407779 11.899451 0
6.08 -8.62 2.22 21.61 2.34 45.407779 11.899451 1
5.74 -8.43 1.93 22.05 2.34 45.407779 11.899451 0
5.49 -7.05 1.81 22.19 2.34 45.407779 11.899451 1
5.7 -6.64 1.79 21.73 2.34 45.407779 11.899451 1
6.03 -7.64 1.59 21.44 2.34 45.407779 11.899451 1
6.18 -8.26 1.47 21.66 2.34 45.407779 11.899451 1
6.35 -7.99 1.67 21.25 2.34 45.407779 11.899451 1
6.53 -7.83 1.79 21.69 2.34 45.407779 11.899451 1
6.28 -7.7 1.59 22.66 2.34 45.407779 11.899451 1
5.7 -7.01 1.54 22.95 2.34 45.407779 11.899451 1
5.6 -6.77 1.75 22.5 2.34 45.407779 11.899451 1
6.17 -8.02 1.67 22.91 2.34 45.407779 11.899451 1
6.58 -9.41 1.39 21.61 2.34 45.407779 11.899451 1
6.17 -9.12 1.57 21.85 2.34 45.407779 11.899451 1
5.46 -7.76 2.06 22.0 2.34 45.407779 11.899451 1
5.37 -7.14 2.07 22.4 2.34 45.407779 11.899451 1
6.0 -7.51 1.74 21.69 2.34 45.407779 11.899451 1
6.53 -7.94 1.69 21.44 2.8 45.407783 11.899489 0
6.45 -7.9 1.84 21.57 2.8 45.407783 11.899489 1
6.13 -7.45 1.91 21.93 2.8 45.407783 11.899489 0
6.09 -7.0 2.06 22.09 2.8 45.407783 11.899489 1
6.25 -7.18 2.31 21.42 2.8 45.407783 11.899489 1
6.25 -7.91 2.37 22.66 2.8 45.407783 11.899489 1
6.08 -8.3 2.25 22.38 2.8 45.407783 11.899489 1
5.84 -7.96 2.12 22.4 2.8 45.407783 11.899489 1
5.55 -7.54 1.92 22.5 2.8 45.407783 11.899489 1
5.43 -7.7 1.72 21.75 2.8 45.407783 11.899489 1
5.77 -8.29 1.68 21.8 2.8 45.407783 11.899489 1
6.3 -8.53 1.73 21.75 2.8 45.407783 11.899489 1
6.42 -7.99 1.74 22.04 2.8 45.407783 11.899489 1
6.1 -7.22 1.76 22.31 2.8 45.407783 11.899489 1
5.92 -7.08 1.73 22.28 2.8 45.407783 11.899489 1
6.13 -7.58 1.55 21.95 2.8 45.407783 11.899489 1
6.31 -8.12 1.5 21.44 2.8 45.407783 11.899489 1
6.14 -8.33 1.68 21.08 2.86 45.407795 11.899526 0
5.86 -8.06 1.79 21.75 2.86 45.407795 11.899526 1
5.68 -7.52 1.77 21.9 2.86 45.407795 11.899526 0
5.56 -7.42 1.86 21.8 2.86 45.407795 11.899526 1
5.61 -7.99 1.92 21.68 2.86 45.407795 11.899526 1
5.98 -8.31 1.77 22.14 2.86 45.407795 11.899526 1
6.38 -7.8 1.73 21.32 2.86 45.407795 11.899526 1
6.42 -7.21 1.89 21.76 2.86 45.407795 11.899526 1
6.18 -7.33 1.91 22.0 2.86 45.407795 11.899526 1
6.01 -7.77 1.87 22.45 2.86 45.407795 11.899526 1
6.02 -7.86 2.08 21.64 2.86 45.407795 11.899526 1
6.07 -7.69 2.2 22.05 2.86 45.407795 11.899526 1
6.09 -7.67 2.0 21.92 2.86 45.407795 11.899526 1
6.05 -7.86 1.93 21.9 2.86 45.407795 11.899526 1
5.89 -7.96 2.14 21.85 2.86 45.407795 11.899526 1
5.76 -7.93 2.14 21.35 2.86 45.407795 11.899526 1
5.85 -7.99 1.88 22.28 2.86 45.407795 11.899526 1
6.04 -8.03 1.8 21.44 2.86 45.407795 11.899526 1
6.09 -7.74 1.93 21.93 3.38 45.407803 11.899569 0
6.02 -7.36 2.09 22.36 3.38 45.407803 11.899569 1
6.09 -7.39 2.22 21.88 3.38 45.407803 11.899569 0
6.27 -7.72 2.21 21.83 3.38 45.407803 11.899569 1
6.4 -7.89 1.96 21.76 3.38 45.407803 11.899569 1
6.42 -7.84 1.75 21.81 3.38 45.407803 11.899569 1
6.31 -7.71 1.7 21.92 3.38 45.407803 11.899569 1
5.99 -7.61 1.63 22.07 3.38 45.407803 11.899569 1
5.67 -7.7 1.6 22.02 3.38 45.407803 11.899569 1
5.62 -8.03 1.83 21.54 3.38 45.407803 11.899569 1
5.71 -8.24 2.04 21.93 3.38 45.407803 11.899569 1
5.74 -8.08 1.9 21.93 3.38 45.407803 11.899569 1
5.91 -7.73 1.74 21.9 3.38 45.407803 11.899569 1
6.32 -7.5 1.85 21.81 3.38 45.407803 11.899569 1
6.6 -7.54 1.98 21.44 3.38 45.407803 11.899569 1
6.51 -7.58 2.01 21.9 3.38 45.407803 11.899569 1
6.36 -7.36 2.1 21.54 3.38 45.407803 11.899569 1
6.33 -7.27 2.16 21.9 2.89 45.407816 11.899605 0
6.26 -7.67 2.13 22.02 2.89 45.407816 11.899605 1
6.14 -7.9 2.22 22.0 2.89 45.407816 11.899605 0
6.01 -7.62 2.22 21.99 2.89 45.407816 11.899605 1
5.79 -7.66 1.76 21.57 2.89 45.407816 11.899605 1
5.66 -8.15 1.34 21.47 2.89 45.407816 11.899605 1
5.89 -8.17 1.61 21.37 2.89 45.407816 11.899605 1
6.17 -7.87 2.01 21.78 2.89 45.407816 11.899605 1
6.14 -7.82 1.93 22.0 2.89 45.407816 11.899605 1
6.1 -7.53 1.83 21.64 2.89 45.407816 11.899605 1
6.25 -7.22 1.99 22.02 2.89 45.407816 11.899605 1
6.35 -7.7 1.93 22.14 2.89 45.407816 11.899605 1
6.7 -7.91 1.77 22.09 2.89 45.407816 11.899605 1
7.47 -7.47 2.06 22.19 2.89 45.407816 11.899605 1
7.16 -8.16 2.19 23.62 2.89 45.407816 11.899605 1
4.88 -8.72 1.58 24.49 2.89 45.407816 11.899605 1
3.11 -6.63 1.1 24.35 2.89 45.407816 11.899605 1
4.09 -5.87 1.4 20.72 2.89 45.407816 11.899605 1
6.04 -10.46 1.65 17.99 2.9 45.407826 11.899643 0
6.81 -14.1 1.34 16.96 2.9 45.407826 11.899643 1
6.93 -10.69 1.27 19.35 2.9 45.407826 11.899643 0
6.26 -5.44 1.87 22.59 2.9 45.407826 11.899643 1
4.34 -3.96 2.47 24.9 2.9 45.407826 11.899643 1
4.59 -4.26 2.28 23.89 2.9 45.407826 11.899643 1
9.21 -5.6 1.32 22.4 2.9 45.407826 11.899643 1
12.71 -9.24 0.52 21.64 2.9 45.407826 11.899643 1
9.96 -11.3 0.71 21.57 2.9 45.407826 11.899643 1
5.18 -8.95 1.45 22.12 2.9 45.407826 11.899643 1
4.23 -6.63 1.74 22.35 2.9 45.407826 11.899643 1
5.56 -7.36 1.65 21.8 2.9 45.407826 11.899643 1
5.82 -8.38 1.69 21.95 2.9 45.407826 11.899643 1
5.69 -8.3 1.64 21.25 2.9 45.407826 11.899643 1
6.2 -8.23 1.44 21.9 2.9 45.407826 11.899643 1
6.31 -7.83 1.58 21.64 2.9 45.407826 11.899643 1
5.84 -7.04 1.99 22.02 2.9 45.407826 11.899643 1
5.79 -7.24 2.01 21.47 3.22 45.407833 11.899686 0
6.23 -8.0 1.66 21.76 3.22 45.407833 11.899686 1
6.5 -7.93 1.46 21.76 3.22 45.407833 11.899686 0
6.32 -7.62 1.41 21.93 3.22 45.407833 11.899686 1
5.81 -7.89 1.38 22.04 3.22 45.407833 11.899686 1
5.43 -8.05 1.51 21.63 3.22 45.407833 11.899686 1
5.62 -7.89 1.6 22.54 3.22 45.407833 11.899686 1
6.07 -7.96 1.46 22.09 3.22 45.407833 11.899686 1
6.2 -8.02 1.58 22.12 3.22 45.407833 11.899686 1
6.06 -7.81 2.22 22.14 3.22 45.407833 11.899686 1
6.01 -7.74 2.62 22.04 3.22 45.407833 11.899686 1
6.09 -7.86 2.28 21.59 3.22 45.407833 11.899686 1
6.19 -7.78 1.97 21.97 3.22 45.407833 11.899686 1
6.28 -7.64 2.33 21.49 3.22 45.407833 11.899686 1
6.26 -7.71 2.82 21.85 3.22 45.407833 11.899686 1
6.19 -7.72 2.78 21.9 3.22 45.407833 11.899686 1
6.19 -7.56 2.46 21.9 3.22 45.407833 11.899686 1
6.14 -7.52 2.22 21.52 3.22 45.407833 11.899686 1
5.81 -7.78 1.91 22.04 3.08 45.407838 11.899730 0
5.51 -8.11 1.5 22.36 3.08 45.407838 11.899730 1
5.69 -8.14 1.44 21.47 3.08 45.407838 11.899730 0
6.09 -7.81 1.83 21.88 3.08 45.407838 11.899730 1
6.2 -7.49 2.09 21.93 3.08 45.407838 11.899730 1
6.07 -7.49 1.85 22.04 3.08 45.407838 11.899730 1
6.02 -7.68 1.56 21.93 3.08 45.407838 11.899730 1
6.13 -7.8 1.65 21.95 3.08 45.407838 11.899730 1
6.31 -7.78 1.89 21.95 3.08 45.407838 11.899730 1
6.41 -7.58 1.95 21.56 3.08 45.407838 11.899730 1
6.27 -7.4 1.89 22.42 3.08 45.407838 11.899730 1
6.0 -7.55 1.8 22.0 3.08 45.407838 11.899730 1
5.88 -7.92 1.67 22.0 3.08 45.407838 11.899730 1
5.8 -8.07 1.59 22.04 3.08 45.407838 11.899730 1
5.56 -8.02 1.73 22.12 3.08 45.407838 11.899730 1
5.43 -8.04 1.88 22.09 3.08 45.407838 11.899730 1
5.74 -7.96 1.81 21.57 3.08 45.407838 11.899730 1
6.11 -7.72 1.75 21.93 2.77 45.407848 11.899764 0
6.09 -7.68 1.92 21.95 2.77 45.407848 11.899764 1
5.89 -7.88 2.07 21.92 2.77 45.407848 11.899764 0
5.88 -7.95 1.95 21.93 2.77 45.407848 11.899764 1
5.93 -7.9 1.92 21.93 2.77 45.407848 11.899764 1
5.84 -7.91 2.2 21.99 2.77 45.407848 11.899764 1
5.81 -7.77 2.33 22.04 2.77 45.407848 11.899764 1
5.94 -7.45 1.96 22.04 2.77 45.407848 11.899764 1
6.01 -7.46 1.58 22.0 2.77 45.407848 11.899764 1
5.9 -7.92 1.62 21.9 2.77 45.407848 11.899764 1
5.83 -8.22 1.79 21.9 2.77 45.407848 11.899764 1
5.87 -8.15 1.76 21.9 2.77 45.407848 11.899764 1
5.88 -8.08 1.7 21.89 2.77 45.407848 11.899764 1
5.84 -8.14 1.74 21.9 2.77 45.407848 11.899764 1
5.84 -8.15 1.76 21.9 2.77 45.407848 11.899764 1
5.86 -8.1 1.73 21.91 2.77 45.407848 11.899764 1
5.86 -8.13 1.73 21.9 2.77 45.407848 11.899764 1
5.85 -8.15 1.75 21.9 2.77 45.407848 11.899764 1
5.86 -8.12 1.74 21.9 2.77 45.407848 11.899764 1
5.86 -8.12 1.74 21.9 2.77 45.407848 11.899764 1
5.85 -8.13 1.75 21.89 2.77 45.407848 11.899764 1
5.85 -8.13 1.73 21.91 2.77 45.407848 11.899764 1
5.86 -8.12 1.73 21.9 2.77 45.407848 11.899764 1
5.85 -8.14 1.75 21.89 2.77 45.407848 11.899764 1
5.85 -8.14 1.75 21.91 2.77 45.407848 11.899764 1
5.86 -8.13 1.73 21.89 2.77 45.407848 11.899764 1
5.87 -8.12 1.73 21.91 2.77 45.407848 11.899764 1
5.86 -8.13 1.75 21.9 2.77 45.407848 11.899764 1
5.86 -8.13 1.74 21.9 2.77 45.407848 11.899764 1
5.86 -8.13 1.74 21.89 2.77 45.407848 11.899764 1
5.87 -8.13 1.74 21.89 2.77 45.407848 11.899764 1
5.87 -8.13 1.75 21.9 2.77 45.407848 11.899764 1
5.86 -8.14 1.75 21.89 2.77 45.407848 11.899764 1
5.86 -8.14 1.75 21.9 2.77 45.407848 11.899764 1
5.87 -8.12 1.75 21.9 2.77 45.407848 11.899764 1
5.87 -8.12 1.74 21.89 2.77 45.407848 11.899764 1
5.86 -8.13 1.74 21.91 2.77 45.407848 11.899764 1
5.85 -8.14 1.74 21.91 2.77 45.407848 11.899764 1
5.85 -8.13 1.74 21.91 2.77 45.407848 11.899764 1
5.86 -8.13 1.74 21.9 2.77 45.407848 11.899764 1
5.86 -8.13 1.74 21.91 2.77 45.407848 11.899764 1
5.86 -8.12 1.74 21.9 2.77 45.407848 11.899764 1
5.87 -8.13 1.74 21.91 2.77 45.407848 11.899764 1
5.87 -8.13 1.75 21.91 2.77 45.407848 11.899764 1
5.86 -8.13 1.75 21.89 2.77 45.407848 11.899764 1
5.86 -8.12 1.74 21.9 2.77 45.407848 11.899764 1
5.85 -8.12 1.74 21.9 2.77 45.407848 11.899764 1
5.86 -8.13 1.75 21.9 2.77 45.407848 11.899764 1
5.86 -8.13 1.74 21.9 2.77 45.407848 11.899764 1
5.86 -8.13 1.73 21.9 2.77 45.407848 11.899764 1
5.87 -8.13 1.73 21.9 2.77 45.407848 11.899764 1
5.86 -8.13 1.74 21.9 2.77 45.407848 11.899764 1
5.85 -8.13 1.74 21.9 2.77 45.407848 11.899764 1
5.85 -8.14 1.74 21.91 2.77 45.407848 11.899764 1
5.86 -8.13 1.74 21.89 2.77 45.407848 11.899764 1
5.86 -8.13 1.75 21.9 2.77 45.407848 11.899764 1
5.86 -8.13 1.74 21.9 2.77 45.407848 11.899764 1
5.86 -8.13 1.74 21.89 2.77 45.407848 11.899764 1
5.86 -8.13 1.74 21.91 2.77 45.407848 11.899764 1
5.86 -8.13 1.75 21.9 2.77 45.407848 11.899764 1
5.86 -8.13 1.75 21.9 2.77 45.407848 11.899764 1
5.85 -8.13 1.75 21.9 2.77 45.407848 11.899764 1
5.85 -8.12 1.73 21.9 2.77 45.407848 11.899764 1
5.86 -8.12 1.73 21.9 2.77 45.407848 11.899764 1
5.86 -8.13 1.74 21.9 2.77 45.407848 11.899764 1
5.85 -8.13 1.75 21.9 2.77 45.407848 11.899764 1
5.86 -8.12 1.75 21.9 2.77 45.407848 11.899764 1
5.87 -8.13 1.75 21.9 2.77 45.407848 11.899764 1
5.86 -8.13 1.74 21.9 2.77 45.407848 11.899764 1
5.85 -8.13 1.74 21.9 2.77 45.407848 11.899764 1
