6.1 -8.02 1.9 22.35 2.93 45.407724 11.899237 0
5.66 -8.06 1.98 22.86 2.93 45.407724 11.899237 1
5.67 -8.01 2.16 23.19 2.93 45.407724 11.899237 1
6.01 -7.86 1.99 21.92 2.93 45.407724 11.899237 1
6.12 -7.84 1.57 22.35 2.93 45.407724 11.899237 1
5.75 -8.0 1.57 22.86 2.93 45.407724 11.899237 1
5.39 -7.98 1.82 22.09 2.93 45.407724 11.899237 1
5.49 -7.74 1.66 22.11 2.93 45.407724 11.899237 1
5.8 -7.74 1.42 22.42 2.93 45.407724 11.899237 1
5.99 -7.94 1.72 22.35 2.93 45.407724 11.899237 1
6.15 -7.84 2.08 22.24 2.93 45.407724 11.899237 0
6.29 -7.59 1.94 21.75 2.93 45.407724 11.899237 1
6.14 -7.68 1.77 21.73 2.93 45.407724 11.899237 0
5.89 -7.9 2.03 21.68 2.93 45.407724 11.899237 1
5.96 -7.85 2.32 39.48 2.93 45.407724 11.899237 1
6.16 -7.76 2.35 22.16 2.93 45.407724 11.899237 1
5.92 -7.83 2.35 21.8 2.93 45.407724 11.899237 1
5.52 -7.85 2.31 22.42 2.93 45.407724 11.899237 1
5.6 -7.85 1.97 21.95 2.93 45.407724 11.899237 1
5.99 -8.01 1.57 22.35 2.93 45.407724 11.899237 1
6.04 -8.01 1.52 22.81 2.93 45.407724 11.899237 1
5.87 -7.68 1.71 22.45 2.93 45.407724 11.899237 1
5.9 -7.51 1.77 22.0 2.93 45.407724 11.899237 1
6.09 -7.76 1.7 22.76 2.93 45.407724 11.899237 1
6.18 -7.92 1.69 21.88 2.93 45.407724 11.899237 1
6.17 -7.79 1.73 22.4 2.93 45.407724 11.899237 1
6.11 -7.69 1.67 22.28 2.93 45.407724 11.899237 1
6.0 -7.74 1.55 21.88 2.77 45.407733 11.899270 0
5.85 -7.81 1.62 21.8 2.77 45.407733 11.899270 1
5.67 -7.96 1.94 21.88 2.77 45.407733 11.899270 0
5.53 -8.08 2.13 22.59 2.77 45.407733 11.899270 1
5.61 -7.92 1.92 21.88 2.77 45.407733 11.899270 1
5.82 -7.69 1.66 22.19 2.77 45.407733 11.899270 1
5.91 -7.79 1.69 21.85 2.77 45.407733 11.899270 1
5.99 -7.95 1.71 22.26 2.77 45.407733 11.899270 1
6.21 -7.71 1.51 22.04 2.77 45.407733 11.899270 1
6.29 -7.42 1.56 22.0 2.77 45.407733 11.899270 1
6.06 -7.56 2.01 22.45 2.77 45.407733 11.899270 1
5.86 -7.8 2.17 22.45 2.77 45.407733 11.899270 1
5.85 -7.79 1.88 22.04 2.77 45.407733 11.899270 1
5.82 -7.81 1.79 21.51 2.77 45.407733 11.899270 1
5.73 -8.06 2.01 21.42 2.77 45.407733 11.899270 1
5.68 -8.14 1.97 22.35 2.77 45.407733 11.899270 1
5.64 -7.89 1.68 22.24 2.77 45.407733 11.899270 1
5.74 -7.65 1.64 21.32 2.77 45.407733 11.899270 1
6.1 -7.59 1.79 21.85 2.31 45.407742 11.899299 0
6.34 -7.58 1.84 21.78 2.31 45.407742 11.899299 1
6.17 -7.63 1.86 22.04 2.31 45.407742 11.899299 0
5.96 -7.72 1.93 21.66 2.31 45.407742 11.899299 1
6.07 -7.73 1.86 21.61 2.31 45.407742 11.899299 1
6.22 -7.7 1.63 21.68 2.31 45.407742 11.899299 1
6.2 -7.77 1.43 21.78 2.31 45.407742 11.899299 1
6.1 -7.83 1.42 22.79 2.31 45.407742 11.899299 1
5.89 -7.78 1.6 21.9 2.31 45.407742 11.899299 1
5.61 -7.85 1.81 21.9 2.31 45.407742 11.899299 1
5.55 -8.15 1.87 22.21 2.31 45.407742 11.899299 1
5.78 -8.24 1.8 22.67 2.31 45.407742 11.899299 1
6.0 -7.82 1.74 22.35 2.31 45.407742 11.899299 1
6.06 -7.44 1.67 22.76 2.31 45.407742 11.899299 1
6.09 -7.59 1.66 23.15 2.31 45.407742 11.899299 1
6.19 -7.86 1.82 21.81 2.31 45.407742 11.899299 1
6.28 -7.7 1.98 21.8 2.31 45.407742 11.899299 1
6.22 -7.43 2.0 21.78 2.48 45.407748 11.899326 0
5.94 -7.58 2.04 22.23 2.48 45.407748 11.899326 1
5.64 -7.99 2.2 21.93 2.48 45.407748 11.899326 0
5.61 -8.11 2.22 22.26 2.48 45.407748 11.899326 1
5.74 -8.03 1.98 21.85 2.48 45.407748 11.899326 1
5.84 -8.01 1.83 22.29 2.48 45.407748 11.899326 1
5.88 -7.86 1.92 21.88 2.48 45.407748 11.899326 1
5.91 -7.49 1.97 22.14 2.48 45.407748 11.899326 1
5.9 -7.37 1.84 22.66 2.48 45.407748 11.899326 1
5.92 -7.68 1.73 21.87 2.48 45.407748 11.899326 1
6.07 -7.86 1.65 21.9 2.48 45.407748 11.899326 1
6.21 -7.62 1.48 22.45 2.48 45.407748 11.899326 1
6.16 -7.44 1.38 22.4 2.48 45.407748 11.899326 1
6.04 -7.62 1.55 21.9 2.48 45.407748 11.899326 1
5.95 -7.91 1.82 21.87 2.48 45.407748 11.899326 1
5.76 -8.05 1.96 21.88 2.48 45.407748 11.899326 1
5.5 -8.02 2.02 21.87 2.48 45.407748 11.899326 1
5.52 -7.9 2.01 22.29 2.48 45.407748 11.899326 1
5.96 -7.83 1.85 21.78 2.18 45.407762 11.899359 0
6.27 -7.82 1.73 21.92 2.18 45.407762 11.899359 1
6.13 -7.74 1.84 21.73 2.18 45.407762 11.899359 0
5.94 -7.61 1.98 21.78 2.18 45.407762 11.899359 1
6.01 -7.6 1.96 21.66 2.18 45.407762 11.899359 1
6.08 -7.74 1.91 21.66 2.18 45.407762 11.899359 1
5.99 -7.86 2.05 22.04 2.18 45.407762 11.899359 1
5.91 -7.84 2.29 22.72 2.18 45.407762 11.899359 1
5.82 -7.72 2.34 22.47 2.18 45.407762 11.899359 1
5.7 -7.7 2.03 22.5 2.18 45.407762 11.899359 1
5.74 -7.81 1.72 21.95 2.18 45.407762 11.899359 1
5.92 -7.95 1.8 22.29 2.18 45.407762 11.899359 1
6.01 -8.0 2.0 22.29 2.18 45.407762 11.899359 1
6.07 -7.89 1.9 21.92 2.18 45.407762 11.899359 1
6.24 -7.59 1.71 22.04 2.18 45.407762 11.899359 1
6.29 -7.37 1.72 22.04 2.18 45.407762 11.899359 1
6.14 -7.57 1.67 21.83 2.18 45.407762 11.899359 1
6.04 -7.84 1.53 21.93 3.36 45.407773 11.899401 0
6.12 -7.78 1.52 21.83 3.36 45.407773 11.899401 1
6.19 -7.69 1.47 22.19 3.36 45.407773 11.899401 0
6.12 -7.8 1.28 21.78 3.36 45.407773 11.899401 1
5.83 -7.8 1.34 22.19 3.36 45.407773 11.899401 1
5.48 -7.79 1.71 22.17 3.36 45.407773 11.899401 1
5.43 -8.02 1.98 21.78 3.36 45.407773 11.899401 1
5.72 -7.94 2.06 22.35 3.36 45.407773 11.899401 1
5.97 -7.31 2.12 21.54 3.36 45.407773 11.899401 1
6.08 -7.12 2.11 21.83 3.36 45.407773 11.899401 1
6.17 -7.69 2.04 21.93 3.36 45.407773 11.899401 1
6.08 -7.96 2.08 22.36 3.36 45.407773 11.899401 1
5.89 -7.57 2.1 22.09 3.36 45.407773 11.899401 1
6.02 -7.39 1.93 22.45 3.36 45.407773 11.899401 1
6.19 -7.66 1.76 22.16 3.36 45.407773 11.899401 1
5.79 -7.78 1.83 22.47 3.36 45.407773 11.899401 1
5.37 -7.56 2.08 21.73 3.36 45.407773 11.899401 1
5.82 -7.5 2.14 21.64 3.36 45.407773 11.899401 1
6.46 -7.87 1.78 21.61 1.86 45.407780 11.899426 0
6.3 -8.12 1.4 21.85 1.86 45.407780 11.899426 1
5.92 -7.65 1.55 22.59 1.86 45.407780 11.899426 0
6.12 -7.2 1.83 21.81 1.86 45.407780 11.899426 1
6.5 -7.71 1.61 21.93 1.86 45.407780 11.899426 1
6.56 -8.28 1.32 22.24 1.86 45.407780 11.899426 1
6.53 -7.95 1.57 21.35 1.86 45.407780 11.899426 1
6.36 -7.86 1.94 20.75 1.86 45.407780 11.899426 1
5.73 -8.57 1.97 21.56 1.86 45.407780 11.899426 1
5.22 -8.45 1.86 22.09 1.86 45.407780 11.899426 1
5.61 -7.38 1.7 22.86 1.86 45.407780 11.899426 1
6.24 -7.4 1.48 22.29 1.86 45.407780 11.899426 1
5.99 -8.25 1.46 21.95 1.86 45.407780 11.899426 1
5.5 -8.05 1.66 21.99 1.86 45.407780 11.899426 1
6.01 -7.58 1.87 21.57 1.86 45.407780 11.899426 1
6.91 -8.25 2.1 21.73 1.86 45.407780 11.899426 1
6.8 -8.52 2.24 24.76 1.86 45.407780 11.899426 1
6.01 -7.26 2.05 22.07 2.4 45.407789 11.899452 0
5.74 -6.6 1.93 21.97 2.4 45.407789 11.899452 1
5.88 -7.73 2.39 21.47 2.4 45.407789 11.899452 0
5.72 -8.74 2.84 21.97 2.4 45.407789 11.899452 1
5.4 -8.46 2.53 21.21 2.4 45.407789 11.899452 1
5.32 -7.91 1.86 21.81 2.4 45.407789 11.899452 1
5.47 -7.72 1.57 22.64 2.4 45.407789 11.899452 1
5.86 -7.68 1.74 22.12 2.4 45.407789 11.899452 1
6.31 -7.82 2.08 22.24 2.4 45.407789 11.899452 1
6.31 -7.88 2.23 22.11 2.4 45.407789 11.899452 1
5.85 -7.43 1.96 22.24 2.4 45.407789 11.899452 1
5.8 -7.18 1.53 21.4 2.4 45.407789 11.899452 1
6.44 -7.81 1.39 22.04 2.4 45.407789 11.899452 1
6.85 -8.43 1.59 21.68 2.4 45.407789 11.899452 1
6.43 -8.07 1.89 22.29 2.4 45.407789 11.899452 1
5.78 -7.31 2.07 22.62 2.4 45.407789 11.899452 1
5.58 -7.23 1.92 22.31 2.4 45.407789 11.899452 1
5.67 -8.04 1.66 21.68 2.4 45.407789 11.899452 1
5.79 -8.97 1.82 21.39 3.36 45.407801 11.899491 0
6.0 -8.92 2.19 21.69 3.36 45.407801 11.899491 1
6.14 -7.74 2.16 22.02 3.36 45.407801 11.899491 0
6.03 -6.61 1.93 22.17 3.36 45.407801 11.899491 1
6.01 -6.66 1.89 22.0 3.36 45.407801 11.899491 1
6.33 -7.65 1.86 21.61 3.36 45.407801 11.899491 1
6.5 -8.47 1.88 21.08 3.36 45.407801 11.899491 1
6.12 -8.32 2.21 21.45 3.36 45.407801 11.899491 1
5.65 -7.42 2.4 22.11 3.36 45.407801 11.899491 1
5.53 -6.99 1.94 22.14 3.36 45.407801 11.899491 1
5.56 -7.73 1.47 21.93 3.36 45.407801 11.899491 1
5.57 -8.62 1.55 21.8 3.36 45.407801 11.899491 1
5.77 -8.39 1.73 21.52 3.36 45.407801 11.899491 1
6.1 -7.52 1.72 22.04 3.36 45.407801 11.899491 1
6.18 -7.23 1.87 22.09 3.36 45.407801 11.899491 1
6.09 -7.55 2.02 22.14 3.36 45.407801 11.899491 1
6.2 -7.8 1.78 21.95 3.36 45.407801 11.899491 1
6.43 -7.77 1.56 21.95 3.35 45.407810 11.899535 0
6.38 -7.68 1.8 21.52 3.35 45.407810 11.899535 1
6.08 -7.61 2.06 21.88 3.35 45.407810 11.899535 0
5.8 -7.74 1.88 21.8 3.35 45.407810 11.899535 1
5.61 -8.1 1.63 21.75 3.35 45.407810 11.899535 1
5.52 -8.3 1.67 21.8 3.35 45.407810 11.899535 1
5.67 -8.02 1.8 21.85 3.35 45.407810 11.899535 1
6.02 -7.62 1.8 21.85 3.35 45.407810 11.899535 1
6.21 -7.5 1.8 22.05 3.35 45.407810 11.899535 1
6.14 -7.57 1.88 22.04 3.35 45.407810 11.899535 1
6.06 -7.69 1.96 21.95 3.35 45.407810 11.899535 1
6.12 -7.86 2.06 22.35 3.35 45.407810 11.899535 1
6.19 -7.89 2.19 21.52 3.35 45.407810 11.899535 1
6.2 -7.63 2.21 22.0 3.35 45.407810 11.899535 1
6.08 -7.46 2.13 22.09 3.35 45.407810 11.899535 1
5.84 -7.72 2.06 21.99 3.35 45.407810 11.899535 1
5.7 -8.09 2.02 22.4 3.35 45.407810 11.899535 1
5.8 -8.07 2.0 21.25 3.35 45.407810 11.899535 1
5.86 -7.79 2.09 21.75 2.87 45.407824 11.899570 0
5.81 -7.64 2.1 21.78 2.87 45.407824 11.899570 1
5.94 -7.69 1.84 21.56 2.87 45.407824 11.899570 0
6.18 -7.75 1.64 21.13 2.87 45.407824 11.899570 1
6.26 -7.69 1.84 21.64 2.87 45.407824 11.899570 1
6.26 -7.53 2.06 21.88 2.87 45.407824 11.899570 1
6.27 -7.45 1.97 21.97 2.87 45.407824 11.899570 1
6.15 -7.57 1.91 22.09 2.87 45.407824 11.899570 1
6.09 -7.67 1.98 22.09 2.87 45.407824 11.899570 1
6.19 -7.64 1.84 22.0 2.87 45.407824 11.899570 1
6.06 -7.78 1.55 21.63 2.87 45.407824 11.899570 1
5.69 -8.11 1.52 21.59 2.87 45.407824 11.899570 1
5.52 -8.24 1.66 21.9 2.87 45.407824 11.899570 1
5.61 -8.14 1.62 21.88 2.87 45.407824 11.899570 1
5.93 -7.98 1.53 21.83 2.87 45.407824 11.899570 1
6.52 -7.54 1.69 21.52 2.87 45.407824 11.899570 1
6.65 -7.11 1.95 21.78 2.87 45.407824 11.899570 1
6.06 -7.41 2.0 22.0 3.06 45.407837 11.899605 0
6.35 -7.79 1.89 22.09 3.06 45.407837 11.899605 1
7.85 -7.42 1.99 22.02 3.06 45.407837 11.899605 0
7.93 -7.45 2.28 23.0 3.06 45.407837 11.899605 1
5.72 -8.08 2.29 24.11 3.06 45.407837 11.899605 1
4.01 -7.31 2.01 24.37 3.06 45.407837 11.899605 1
4.05 -6.28 2.03 21.15 3.06 45.407837 11.899605 1
4.35 -8.72 2.22 18.32 3.06 45.407837 11.899605 1
4.9 -12.45 2.02 16.76 3.06 45.407837 11.899605 1
6.29 -11.28 1.85 17.82 3.06 45.407837 11.899605 1
6.65 -6.26 2.07 21.13 3.06 45.407837 11.899605 1
5.13 -3.76 1.84 24.78 3.06 45.407837 11.899605 1
4.52 -4.73 1.34 25.04 3.06 45.407837 11.899605 1
6.23 -6.19 2.25 23.31 3.06 45.407837 11.899605 1
7.65 -8.11 3.92 21.2 3.06 45.407837 11.899605 1
7.04 -10.42 3.58 21.52 3.06 45.407837 11.899605 1
5.7 -10.38 1.55 22.04 3.06 45.407837 11.899605 1
4.91 -7.95 0.76 22.28 3.06 45.407837 11.899605 1
4.84 -6.69 1.46 22.09 2.87 45.407851 11.899640 0
5.48 -7.73 1.64 21.42 2.87 45.407851 11.899640 1
6.13 -8.77 1.35 21.44 2.87 45.407851 11.899640 0
5.98 -8.47 1.72 21.61 2.87 45.407851 11.899640 1
5.66 -7.59 2.13 21.87 2.87 45.407851 11.899640 1
5.97 -7.13 1.81 21.78 2.87 45.407851 11.899640 1
6.32 -7.33 1.58 21.78 2.87 45.407851 11.899640 1
6.21 -7.78 1.88 21.8 2.87 45.407851 11.899640 1
6.18 -7.88 2.02 21.88 2.87 45.407851 11.899640 1
6.34 -7.6 1.86 21.59 2.87 45.407851 11.899640 1
6.19 -7.41 2.01 21.64 2.87 45.407851 11.899640 1
5.87 -7.6 2.42 22.09 2.87 45.407851 11.899640 1
5.83 -7.95 2.49 21.69 2.87 45.407851 11.899640 1
5.87 -7.99 2.23 21.8 2.87 45.407851 11.899640 1
5.81 -7.71 2.19 21.71 2.87 45.407851 11.899640 1
5.86 -7.74 2.47 22.04 2.87 45.407851 11.899640 1
5.98 -8.2 2.52 21.87 2.87 45.407851 11.899640 1
5.87 -8.28 2.03 21.47 2.7 45.407862 11.899673 0
5.8 -7.79 1.54 21.97 2.7 45.407862 11.899673 1
6.1 -7.48 1.6 21.42 2.7 45.407862 11.899673 0
6.41 -7.53 1.88 21.42 2.7 45.407862 11.899673 1
6.34 -7.56 1.75 21.78 2.7 45.407862 11.899673 1
6.24 -7.67 1.39 21.66 2.7 45.407862 11.899673 1
6.35 -7.88 1.33 21.78 2.7 45.407862 11.899673 1
6.24 -7.78 1.57 21.88 2.7 45.407862 11.899673 1
5.76 -7.61 1.71 22.04 2.7 45.407862 11.899673 1
5.5 -7.9 1.76 22.09 2.7 45.407862 11.899673 1
5.66 -8.23 1.96 21.61 2.7 45.407862 11.899673 1
5.76 -8.09 2.22 22.04 2.7 45.407862 11.899673 1
5.72 -7.9 2.21 22.04 2.7 45.407862 11.899673 1
5.93 -7.91 1.93 22.05 2.7 45.407862 11.899673 1
6.28 -7.67 1.68 21.95 2.7 45.407862 11.899673 1
6.28 -7.43 1.7 22.04 2.7 45.407862 11.899673 1
5.95 -7.72 2.01 22.35 2.7 45.407862 11.899673 1
5.86 -8.04 2.38 21.88 2.7 45.407862 11.899673 1
6.12 -7.72 2.4 21.83 2.3 45.407867 11.899705 0
6.25 -7.33 2.12 21.88 2.3 45.407867 11.899705 1
6.04 -7.55 2.11 21.47 2.3 45.407867 11.899705 0
5.82 -7.96 2.41 21.85 2.3 45.407867 11.899705 1
5.74 -7.95 2.35 21.92 2.3 45.407867 11.899705 1
5.61 -7.8 1.82 21.99 2.3 45.407867 11.899705 1
5.52 -7.92 1.58 21.95 2.3 45.407867 11.899705 1
5.76 -8.09 1.82 21.63 2.3 45.407867 11.899705 1
6.12 -7.94 1.96 22.05 2.3 45.407867 11.899705 1
6.2 -7.7 1.82 22.04 2.3 45.407867 11.899705 1
6.13 -7.71 1.67 22.02 2.3 45.407867 11.899705 1
6.23 -7.81 1.61 21.99 2.3 45.407867 11.899705 1
6.38 -7.73 1.63 22.04 2.3 45.407867 11.899705 1
6.3 -7.61 1.75 22.09 2.3 45.407867 11.899705 1
6.18 -7.54 1.81 22.02 2.3 45.407867 11.899705 1
6.29 -7.4 1.73 22.04 2.3 45.407867 11.899705 1
6.41 -7.39 1.72 21.83 2.3 45.407867 11.899705 1
6.14 -7.84 1.85 21.73 2.8 45.407867 11.899742 0
5.51 -8.43 1.89 21.83 2.8 45.407867 11.899742 1
5.0 -8.58 1.77 21.47 2.8 45.407867 11.899742 1
4.9 -8.44 1.72 21.47 2.8 45.407867 11.899742 1
4.97 -8.44 1.75 21.46 2.8 45.407867 11.899742 1
4.96 -8.52 1.75 21.48 2.8 45.407867 11.899742 1
4.92 -8.48 1.72 21.47 2.8 45.407867 11.899742 1
4.95 -8.45 1.74 21.46 2.8 45.407867 11.899742 1
4.97 -8.49 1.76 21.46 2.8 45.407867 11.899742 1
4.95 -8.47 1.74 21.48 2.8 45.407867 11.899742 1
4.96 -8.44 1.74 21.46 2.8 45.407867 11.899742 1
4.97 -8.47 1.74 21.46 2.8 45.407867 11.899742 1
4.95 -8.49 1.74 21.47 2.8 45.407867 11.899742 1
4.94 -8.47 1.74 21.47 2.8 45.407867 11.899742 1
4.96 -8.46 1.74 21.48 2.8 45.407867 11.899742 1
4.95 -8.48 1.73 21.48 2.8 45.407867 11.899742 1
4.94 -8.48 1.74 21.46 2.8 45.407867 11.899742 1
4.94 -8.46 1.74 21.46 2.8 45.407867 11.899742 1
4.96 -8.47 1.73 21.48 2.8 45.407867 11.899742 1
4.96 -8.47 1.73 21.46 2.8 45.407867 11.899742 1
4.95 -8.46 1.74 21.46 2.8 45.407867 11.899742 1
4.95 -8.47 1.75 21.46 2.8 45.407867 11.899742 1
4.94 -8.47 1.74 21.46 2.8 45.407867 11.899742 1
4.94 -8.46 1.74 21.47 2.8 45.407867 11.899742 1
4.96 -8.47 1.74 21.46 2.8 45.407867 11.899742 1
4.96 -8.48 1.74 21.47 2.8 45.407867 11.899742 1
4.94 -8.47 1.74 21.48 2.8 45.407867 11.899742 1
4.94 -8.47 1.74 21.46 2.8 45.407867 11.899742 1
4.95 -8.47 1.74 21.47 2.8 45.407867 11.899742 1
4.95 -8.47 1.75 21.47 2.8 45.407867 11.899742 1
4.94 -8.47 1.75 21.46 2.8 45.407867 11.899742 1
4.95 -8.47 1.75 21.48 2.8 45.407867 11.899742 1
4.96 -8.48 1.74 21.48 2.8 45.407867 11.899742 1
4.95 -8.47 1.74 21.47 2.8 45.407867 11.899742 1
4.95 -8.48 1.75 21.47 2.8 45.407867 11.899742 1
4.95 -8.47 1.75 21.47 2.8 45.407867 11.899742 1
4.95 -8.47 1.74 21.46 2.8 45.407867 11.899742 1
4.95 -8.46 1.74 21.48 2.8 45.407867 11.899742 1
4.95 -8.47 1.74 21.47 2.8 45.407867 11.899742 1
4.95 -8.47 1.74 21.47 2.8 45.407867 11.899742 1
4.95 -8.48 1.74 21.47 2.8 45.407867 11.899742 1
4.95 -8.48 1.74 21.48 2.8 45.407867 11.899742 1
4.95 -8.47 1.74 21.47 2.8 45.407867 11.899742 1
4.94 -8.46 1.75 21.46 2.8 45.407867 11.899742 1
4.94 -8.47 1.75 21.46 2.8 45.407867 11.899742 1
4.95 -8.47 1.74 21.46 2.8 45.407867 11.899742 1
4.96 -8.47 1.74 21.46 2.8 45.407867 11.899742 1
4.95 -8.47 1.74 21.47 2.8 45.407867 11.899742 1
4.95 -8.47 1.74 21.48 2.8 45.407867 11.899742 1
4.95 -8.48 1.75 21.47 2.8 45.407867 11.899742 1
4.96 -8.48 1.74 21.46 2.8 45.407867 11.899742 1
4.96 -8.47 1.73 21.48 2.8 45.407867 11.899742 1
4.95 -8.46 1.73 21.47 2.8 45.407867 11.899742 1
4.95 -8.46 1.74 21.48 2.8 45.407867 11.899742 1
4.95 -8.47 1.75 21.47 2.8 45.407867 11.899742 1
4.96 -8.48 1.74 21.48 2.8 45.407867 11.899742 1
4.95 -8.47 1.74 21.48 2.8 45.407867 11.899742 1
4.95 -8.46 1.74 21.47 2.8 45.407867 11.899742 1
4.95 -8.46 1.73 21.47 2.8 45.407867 11.899742 1
4.95 -8.47 1.73 21.48 2.8 45.407867 11.899742 1
4.95 -8.47 1.74 21.48 2.8 45.407867 11.899742 1
4.95 -8.47 1.74 21.47 2.8 45.407867 11.899742 1
4.95 -8.47 1.74 21.48 2.8 45.407867 11.899742 1
4.95 -8.47 1.74 21.47 2.8 45.407867 11.899742 1
4.95 -8.46 1.74 21.47 2.8 45.407867 11.899742 1
4.95 -8.47 1.74 21.47 2.8 45.407867 11.899742 1
4.95 -8.47 1.74 21.47 2.8 45.407867 11.899742 1
4.95 -8.47 1.73 21.47 2.8 45.407867 11.899742 1
4.95 -8.47 1.74 21.48 2.8 45.407867 11.899742 1
4.94 -8.46 1.74 21.47 2.8 45.407867 11.899742 1
4.94 -8.47 1.74 21.46 2.8 45.407867 11.899742 1
4.95 -8.47 1.74 21.46 2.8 45.407867 11.899742 1
4.96 -8.47 1.74 21.48 2.8 45.407867 11.899742 1
4.95 -8.47 1.74 21.47 2.8 45.407867 11.899742 1
4.95 -8.46 1.74 21.48 2.8 45.407867 11.899742 1
4.95 -8.47 1.74 21.48 2.8 45.407867 11.899742 1
4.95 -8.47 1.73 21.46 2.8 45.407867 11.899742 1
4.95 -8.46 1.75 21.47 2.8 45.407867 11.899742 1
