6.31 -7.95 1.64 21.95 2.66 45.407736 11.899249 0
5.77 -7.99 1.45 21.85 2.66 45.407736 11.899249 1
6.05 -7.89 1.75 22.17 2.66 45.407736 11.899249 1
6.29 -7.9 2.04 21.8 2.66 45.407736 11.899249 1
5.91 -7.99 1.83 22.29 2.66 45.407736 11.899249 1
5.8 -7.86 1.54 21.85 2.66 45.407736 11.899249 1
6.15 -7.68 1.65 22.36 2.66 45.407736 11.899249 1
5.99 -7.8 1.84 22.95 2.66 45.407736 11.899249 1
5.45 -8.03 1.76 21.93 2.66 45.407736 11.899249 1
5.53 -7.98 1.67 22.29 2.66 45.407736 11.899249 0
5.99 -7.78 1.8 22.26 2.66 45.407736 11.899249 1
5.99 -7.71 1.97 22.29 2.66 45.407736 11.899249 0
5.81 -7.73 1.99 21.44 2.66 45.407736 11.899249 1
6.05 -7.66 1.97 21.97 2.66 45.407736 11.899249 1
6.31 -7.55 1.97 22.81 2.66 45.407736 11.899249 1
6.21 -7.55 1.87 22.0 2.66 45.407736 11.899249 1
6.05 -7.78 1.8 22.0 2.66 45.407736 11.899249 1
5.86 -8.12 1.92 21.99 2.66 45.407736 11.899249 1
5.47 -8.27 2.02 21.45 2.66 45.407736 11.899249 1
5.26 -8.17 1.91 22.29 2.66 45.407736 11.899249 1
5.48 -8.08 1.78 21.95 2.66 45.407736 11.899249 1
5.72 -8.09 1.8 22.35 2.66 45.407736 11.899249 1
5.8 -8.02 1.87 21.92 2.66 45.407736 11.899249 1
6.0 -7.78 2.07 23.55 2.66 45.407736 11.899249 1
6.23 -7.57 2.4 22.0 2.66 45.407736 11.899249 1
6.24 -7.56 2.37 21.78 2.66 45.407736 11.899249 1
6.24 -7.66 1.85 22.19 1.81 45.407747 11.899261 0
6.25 -7.69 1.55 22.31 1.81 45.407747 11.899261 1
5.98 -7.68 1.78 22.35 1.81 45.407747 11.899261 0
5.62 -7.81 1.88 21.9 1.81 45.407747 11.899261 1
5.65 -7.98 1.61 23.17 1.81 45.407747 11.899261 1
5.91 -7.97 1.5 21.92 1.81 45.407747 11.899261 1
5.91 -7.84 1.71 23.99 1.81 45.407747 11.899261 1
5.75 -7.79 1.82 22.81 1.81 45.407747 11.899261 1
5.78 -7.73 1.73 22.57 1.81 45.407747 11.899261 1
5.97 -7.61 1.74 22.04 1.81 45.407747 11.899261 1
6.05 -7.62 1.96 22.02 1.81 45.407747 11.899261 1
6.01 -7.72 2.17 22.45 1.81 45.407747 11.899261 1
5.99 -7.7 2.12 22.0 1.81 45.407747 11.899261 1
6.06 -7.67 1.83 21.99 1.81 45.407747 11.899261 1
6.08 -7.8 1.63 22.36 1.81 45.407747 11.899261 1
6.04 -7.89 1.72 22.36 1.81 45.407747 11.899261 1
5.98 -7.77 1.91 22.0 1.81 45.407747 11.899261 1
5.81 -7.71 1.92 22.35 1.81 45.407747 11.899261 1
5.54 -7.91 1.79 22.35 2.64 45.407753 11.899296 0
5.55 -8.08 1.72 21.92 2.64 45.407753 11.899296 1
5.87 -8.02 1.79 21.85 2.64 45.407753 11.899296 0
6.03 -7.85 1.95 22.24 2.64 45.407753 11.899296 1
5.91 -7.78 2.01 21.78 2.64 45.407753 11.899296 1
5.89 -7.8 1.9 21.75 2.64 45.407753 11.899296 1
5.99 -7.83 1.81 21.75 2.64 45.407753 11.899296 1
5.92 -7.81 1.83 22.36 2.64 45.407753 11.899296 1
5.85 -7.72 1.85 22.38 2.64 45.407753 11.899296 1
6.02 -7.62 1.73 22.45 2.64 45.407753 11.899296 1
6.12 -7.68 1.52 22.76 2.64 45.407753 11.899296 1
5.95 -7.89 1.38 21.9 2.64 45.407753 11.899296 1
5.8 -8.07 1.49 22.72 2.64 45.407753 11.899296 1
5.82 -8.08 1.82 22.42 2.64 45.407753 11.899296 1
5.83 -7.95 2.09 22.04 2.64 45.407753 11.899296 1
5.85 -7.82 2.04 21.95 2.64 45.407753 11.899296 1
6.04 -7.78 1.83 21.8 2.64 45.407753 11.899296 1
6.23 -7.82 1.8 22.17 1.99 45.407762 11.899318 0
6.2 -7.84 1.99 22.19 1.99 45.407762 11.899318 1
6.03 -7.8 2.17 21.85 1.99 45.407762 11.899318 0
5.93 -7.72 2.22 21.81 1.99 45.407762 11.899318 1
5.93 -7.62 2.25 21.9 1.99 45.407762 11.899318 1
5.99 -7.59 2.25 21.9 1.99 45.407762 11.899318 1
6.01 -7.78 2.06 22.29 1.99 45.407762 11.899318 1
5.84 -8.07 1.77 21.83 1.99 45.407762 11.899318 1
5.55 -8.14 1.76 22.5 1.99 45.407762 11.899318 1
5.46 -7.99 1.98 22.0 1.99 45.407762 11.899318 1
5.71 -7.87 1.98 21.64 1.99 45.407762 11.899318 1
5.98 -7.83 1.72 21.97 1.99 45.407762 11.899318 1
6.04 -7.8 1.59 22.0 1.99 45.407762 11.899318 1
6.07 -7.81 1.67 22.0 1.99 45.407762 11.899318 1
6.16 -7.81 1.75 22.35 1.99 45.407762 11.899318 1
6.08 -7.68 1.82 21.92 1.99 45.407762 11.899318 1
5.93 -7.59 1.89 22.35 1.99 45.407762 11.899318 1
6.07 -7.7 1.81 21.78 1.99 45.407762 11.899318 1
6.28 -7.86 1.74 21.8 2.57 45.407770 11.899351 0
6.03 -7.83 1.78 22.11 2.57 45.407770 11.899351 1
5.57 -7.74 1.66 22.23 2.57 45.407770 11.899351 0
5.57 -7.84 1.41 22.24 2.57 45.407770 11.899351 1
5.84 -8.03 1.58 22.66 2.57 45.407770 11.899351 1
5.9 -8.06 2.07 21.76 2.57 45.407770 11.899351 1
5.89 -7.91 2.08 21.87 2.57 45.407770 11.899351 1
6.1 -7.73 1.73 21.95 2.57 45.407770 11.899351 1
6.3 -7.59 1.81 21.97 2.57 45.407770 11.899351 1
6.31 -7.54 2.25 22.35 2.57 45.407770 11.899351 1
6.29 -7.58 2.37 22.45 2.57 45.407770 11.899351 1
6.33 -7.56 2.26 22.45 2.57 45.407770 11.899351 1
6.36 -7.43 2.36 22.12 2.57 45.407770 11.899351 1
6.18 -7.47 2.41 22.11 2.57 45.407770 11.899351 1
5.73 -7.82 2.05 21.64 2.57 45.407770 11.899351 1
5.38 -8.15 1.5 22.4 2.57 45.407770 11.899351 1
5.52 -8.16 1.23 21.33 2.57 45.407770 11.899351 1
5.86 -7.97 1.33 21.66 2.9 45.407775 11.899389 0
5.95 -7.76 1.6 22.09 2.9 45.407775 11.899389 1
5.98 -7.55 1.86 22.55 2.9 45.407775 11.899389 0
6.2 -7.47 2.04 22.16 2.9 45.407775 11.899389 1
6.29 -7.63 2.12 22.04 2.9 45.407775 11.899389 1
6.14 -7.76 2.06 21.99 2.9 45.407775 11.899389 1
6.13 -7.69 1.95 22.09 2.9 45.407775 11.899389 1
6.25 -7.7 2.0 21.68 2.9 45.407775 11.899389 1
6.13 -7.88 2.08 21.88 2.9 45.407775 11.899389 1
5.89 -7.88 1.85 22.86 2.9 45.407775 11.899389 1
5.84 -7.72 1.42 22.07 2.9 45.407775 11.899389 1
5.8 -7.84 1.24 22.42 2.9 45.407775 11.899389 1
5.63 -8.05 1.41 22.09 2.9 45.407775 11.899389 1
5.67 -7.9 1.67 21.9 2.9 45.407775 11.899389 1
6.01 -7.68 1.88 22.24 2.9 45.407775 11.899389 1
6.23 -7.76 2.03 22.21 2.9 45.407775 11.899389 1
6.21 -7.75 2.11 22.29 2.9 45.407775 11.899389 1
6.26 -7.46 2.13 21.78 2.9 45.407775 11.899389 1
6.41 -7.37 2.1 22.26 2.74 45.407785 11.899423 0
6.41 -7.48 2.04 21.99 2.74 45.407785 11.899423 1
6.17 -7.42 1.97 21.93 2.74 45.407785 11.899423 0
5.87 -7.55 1.94 21.88 2.74 45.407785 11.899423 1
5.69 -8.06 1.85 21.85 2.74 45.407785 11.899423 1
5.63 -8.18 1.67 21.92 2.74 45.407785 11.899423 1
5.63 -7.81 1.59 21.9 2.74 45.407785 11.899423 1
5.8 -7.77 1.67 23.41 2.74 45.407785 11.899423 1
6.15 -7.92 1.69 22.14 2.74 45.407785 11.899423 1
6.19 -7.59 1.68 22.88 2.74 45.407785 11.899423 1
5.96 -7.44 1.9 21.92 2.74 45.407785 11.899423 1
6.31 -8.03 2.2 22.19 2.74 45.407785 11.899423 1
6.93 -8.4 2.17 21.59 2.74 45.407785 11.899423 1
6.44 -7.99 1.86 21.95 2.74 45.407785 11.899423 1
5.45 -7.58 1.63 22.88 2.74 45.407785 11.899423 1
5.9 -7.62 1.56 24.3 2.74 45.407785 11.899423 1
6.91 -7.81 1.71 22.24 2.74 45.407785 11.899423 1
6.12 -8.02 2.18 21.83 2.23 45.407795 11.899448 0
4.69 -8.02 2.5 21.42 2.23 45.407795 11.899448 1
5.34 -7.86 2.21 20.87 2.23 45.407795 11.899448 0
6.82 -8.19 1.75 21.23 2.23 45.407795 11.899448 1
6.45 -8.55 1.8 21.87 2.23 45.407795 11.899448 1
5.45 -7.5 2.1 22.16 2.23 45.407795 11.899448 1
6.07 -5.98 2.11 22.21 2.23 45.407795 11.899448 1
6.9 -6.45 2.01 22.04 2.23 45.407795 11.899448 1
6.17 -8.08 2.08 22.0 2.23 45.407795 11.899448 1
5.46 -8.16 2.18 21.66 2.23 45.407795 11.899448 1
6.18 -7.47 2.21 21.13 2.23 45.407795 11.899448 1
6.66 -8.15 2.24 21.39 2.23 45.407795 11.899448 1
5.74 -8.86 2.22 22.21 2.23 45.407795 11.899448 1
4.95 -7.73 2.15 22.31 2.23 45.407795 11.899448 1
5.38 -6.59 2.08 22.35 2.23 45.407795 11.899448 1
6.2 -7.31 1.87 21.9 2.23 45.407795 11.899448 1
6.62 -8.34 1.59 21.63 2.23 45.407795 11.899448 1
6.63 -8.04 1.59 21.9 2.23 45.407795 11.899448 1
6.3 -7.32 1.7 21.81 2.68 45.407801 11.899484 0
6.02 -7.16 1.61 21.68 2.68 45.407801 11.899484 1
6.24 -7.34 1.64 23.12 2.68 45.407801 11.899484 0
6.49 -7.7 2.03 22.19 2.68 45.407801 11.899484 1
6.16 -7.93 2.07 22.0 2.68 45.407801 11.899484 1
5.61 -7.63 1.5 21.66 2.68 45.407801 11.899484 1
5.43 -7.47 1.3 21.68 2.68 45.407801 11.899484 1
5.59 -8.15 1.84 21.69 2.68 45.407801 11.899484 1
5.92 -8.69 2.17 21.8 2.68 45.407801 11.899484 1
6.24 -8.05 1.8 22.35 2.68 45.407801 11.899484 1
6.19 -7.06 1.48 22.67 2.68 45.407801 11.899484 1
5.91 -6.92 1.64 22.5 2.68 45.407801 11.899484 1
6.08 -7.6 1.83 21.9 2.68 45.407801 11.899484 1
6.62 -8.37 1.81 21.59 2.68 45.407801 11.899484 1
6.7 -8.58 1.85 21.76 2.68 45.407801 11.899484 1
6.17 -7.87 2.04 22.26 2.68 45.407801 11.899484 1
5.68 -6.91 2.1 22.4 2.68 45.407801 11.899484 1
5.53 -7.0 1.96 22.21 3.01 45.407808 11.899522 0
5.59 -8.21 1.86 21.64 3.01 45.407808 11.899522 1
5.79 -9.07 1.84 21.33 3.01 45.407808 11.899522 1
5.98 -8.55 1.76 21.68 3.01 45.407808 11.899522 0
5.93 -7.4 1.72 21.54 3.01 45.407808 11.899522 1
5.82 -6.97 1.93 21.99 3.01 45.407808 11.899522 1
6.0 -7.47 2.17 21.73 3.01 45.407808 11.899522 1
6.34 -8.01 2.06 21.52 3.01 45.407808 11.899522 1
6.38 -7.95 1.84 21.85 3.01 45.407808 11.899522 1
6.16 -7.57 1.9 22.04 3.01 45.407808 11.899522 1
6.01 -7.39 2.03 21.69 3.01 45.407808 11.899522 1
5.99 -7.61 1.91 22.07 3.01 45.407808 11.899522 1
5.98 -8.1 1.77 22.11 3.01 45.407808 11.899522 1
5.89 -8.37 1.76 22.16 3.01 45.407808 11.899522 1
5.75 -8.09 1.68 22.6 3.01 45.407808 11.899522 1
5.67 -7.66 1.57 22.02 3.01 45.407808 11.899522 1
5.87 -7.67 1.73 21.88 3.01 45.407808 11.899522 1
6.28 -7.88 1.94 21.68 3.01 45.407808 11.899522 1
6.47 -7.75 1.86 21.68 3.26 45.407817 11.899564 0
6.28 -7.47 1.79 21.76 3.26 45.407817 11.899564 1
6.09 -7.49 1.99 21.8 3.26 45.407817 11.899564 0
6.16 -7.61 2.06 22.4 3.26 45.407817 11.899564 1
6.28 -7.56 1.91 22.4 3.26 45.407817 11.899564 1
6.17 -7.6 1.97 21.81 3.26 45.407817 11.899564 1
5.9 -7.89 2.2 21.93 3.26 45.407817 11.899564 1
5.69 -8.09 2.07 22.0 3.26 45.407817 11.899564 1
5.68 -7.94 1.71 22.47 3.26 45.407817 11.899564 1
5.85 -7.72 1.69 21.57 3.26 45.407817 11.899564 1
6.04 -7.66 1.89 21.64 3.26 45.407817 11.899564 1
6.14 -7.69 1.88 22.05 3.26 45.407817 11.899564 1
6.11 -7.73 1.84 21.92 3.26 45.407817 11.899564 1
5.98 -7.74 2.0 22.0 3.26 45.407817 11.899564 1
5.97 -7.65 2.07 22.36 3.26 45.407817 11.899564 1
6.21 -7.57 1.73 21.85 3.26 45.407817 11.899564 1
6.33 -7.67 1.32 21.69 3.26 45.407817 11.899564 1
5.99 -7.79 1.39 21.73 3.26 45.407817 11.899564 1
5.72 -7.68 1.79 21.88 2.87 45.407828 11.899601 0
6.01 -7.63 1.93 21.99 2.87 45.407828 11.899601 1
6.19 -7.84 1.6 22.0 2.87 45.407828 11.899601 0
5.81 -7.96 1.38 22.04 2.87 45.407828 11.899601 1
5.64 -7.81 1.61 21.99 2.87 45.407828 11.899601 1
6.07 -7.76 1.84 21.93 2.87 45.407828 11.899601 1
6.23 -7.86 1.68 21.85 2.87 45.407828 11.899601 1
6.03 -7.76 1.51 21.49 2.87 45.407828 11.899601 1
6.24 -7.56 1.71 22.26 2.87 45.407828 11.899601 1
6.54 -7.65 2.04 21.83 2.87 45.407828 11.899601 1
6.28 -7.72 2.22 22.33 2.87 45.407828 11.899601 1
6.07 -7.47 2.29 21.97 2.87 45.407828 11.899601 1
6.22 -7.43 2.23 21.59 2.87 45.407828 11.899601 1
6.08 -7.82 2.09 22.45 2.87 45.407828 11.899601 1
6.26 -7.97 2.11 22.52 2.87 45.407828 11.899601 1
7.31 -7.82 2.15 22.17 2.87 45.407828 11.899601 1
7.08 -7.93 1.97 23.39 2.87 45.407828 11.899601 1
4.44 -7.83 1.91 23.56 3.44 45.407836 11.899645 0
2.67 -7.24 2.04 22.29 3.44 45.407836 11.899645 1
4.39 -7.86 1.77 19.24 3.44 45.407836 11.899645 0
7.41 -10.38 1.4 16.86 3.44 45.407836 11.899645 1
8.53 -11.67 1.9 17.51 3.44 45.407836 11.899645 1
6.86 -8.84 2.49 20.46 3.44 45.407836 11.899645 1
3.84 -4.11 1.93 24.68 3.44 45.407836 11.899645 1
3.2 -2.45 1.38 24.52 3.44 45.407836 11.899645 1
6.95 -5.62 2.19 23.24 3.44 45.407836 11.899645 1
10.5 -10.31 2.77 21.66 3.44 45.407836 11.899645 1
8.75 -12.08 1.9 21.33 3.44 45.407836 11.899645 1
4.84 -10.2 1.29 22.04 3.44 45.407836 11.899645 1
4.36 -7.52 1.88 22.55 3.44 45.407836 11.899645 1
6.15 -6.27 2.14 22.43 3.44 45.407836 11.899645 1
6.62 -6.5 1.67 22.14 3.44 45.407836 11.899645 1
6.3 -7.65 1.71 21.75 3.44 45.407836 11.899645 1
6.52 -8.71 2.06 21.28 3.44 45.407836 11.899645 1
6.45 -8.4 1.87 21.68 3.44 45.407836 11.899645 1
5.95 -7.17 1.75 21.88 2.72 45.407845 11.899683 0
5.89 -6.81 2.14 21.93 2.72 45.407845 11.899683 1
5.98 -7.49 2.18 21.81 2.72 45.407845 11.899683 0
5.8 -8.05 1.73 21.3 2.72 45.407845 11.899683 1
5.75 -8.23 1.62 21.37 2.72 45.407845 11.899683 1
5.79 -8.2 1.88 21.52 2.72 45.407845 11.899683 1
5.66 -7.82 1.94 21.97 2.72 45.407845 11.899683 1
5.74 -7.49 1.89 22.19 2.72 45.407845 11.899683 1
6.13 -7.77 1.97 22.16 2.72 45.407845 11.899683 1
6.24 -8.13 2.12 22.45 2.72 45.407845 11.899683 1
6.08 -7.95 2.23 21.92 2.72 45.407845 11.899683 1
6.19 -7.65 2.16 22.0 2.72 45.407845 11.899683 1
6.38 -7.58 1.78 22.09 2.72 45.407845 11.899683 1
6.28 -7.52 1.42 22.16 2.72 45.407845 11.899683 1
6.05 -7.54 1.42 22.0 2.72 45.407845 11.899683 1
5.84 -7.93 1.55 22.05 2.72 45.407845 11.899683 1
5.59 -8.27 1.59 21.33 2.72 45.407845 11.899683 1
5.53 -8.09 1.7 21.87 2.83 45.407854 11.899717 0
5.83 -7.67 1.8 21.73 2.83 45.407854 11.899717 1
6.05 -7.63 1.71 21.78 2.83 45.407854 11.899717 0
5.88 -7.9 1.78 21.83 2.83 45.407854 11.899717 1
5.71 -7.91 2.17 21.83 2.83 45.407854 11.899717 1
5.91 -7.53 2.35 21.9 2.83 45.407854 11.899717 1
6.27 -7.32 2.1 21.44 2.83 45.407854 11.899717 1
6.4 -7.54 1.9 21.49 2.83 45.407854 11.899717 1
6.23 -7.72 1.98 22.07 2.83 45.407854 11.899717 1
6.09 -7.62 2.12 21.64 2.83 45.407854 11.899717 1
6.18 -7.63 2.18 21.54 2.83 45.407854 11.899717 1
6.12 -7.87 2.12 22.0 2.83 45.407854 11.899717 1
5.66 -7.94 1.89 22.14 2.83 45.407854 11.899717 1
5.37 -7.85 1.72 21.97 2.83 45.407854 11.899717 1
5.7 -7.88 1.84 21.54 2.83 45.407854 11.899717 1
6.07 -7.91 1.97 21.9 2.83 45.407854 11.899717 1
6.08 -7.7 1.81 21.4 2.83 45.407854 11.899717 1
6.21 -7.49 1.6 21.39 2.83 45.407854 11.899717 1
6.46 -7.48 1.69 22.19 3.21 45.407860 11.899760 0
6.34 -7.49 1.93 21.37 3.21 45.407860 11.899760 1
6.18 -7.39 2.0 21.88 3.21 45.407860 11.899760 0
6.44 -7.45 1.85 21.81 3.21 45.407860 11.899760 1
6.48 -7.71 1.65 21.95 3.21 45.407860 11.899760 1
5.95 -7.82 1.55 21.88 3.21 45.407860 11.899760 1
5.68 -7.72 1.6 21.88 3.21 45.407860 11.899760 1
5.9 -7.81 1.8 21.64 3.21 45.407860 11.899760 1
5.83 -8.15 2.03 22.0 3.21 45.407860 11.899760 1
5.59 -8.25 2.11 21.97 3.21 45.407860 11.899760 1
5.85 -7.93 2.04 21.54 3.21 45.407860 11.899760 1
6.16 -7.74 2.0 21.93 3.21 45.407860 11.899760 1
5.92 -7.94 2.01 21.54 3.21 45.407860 11.899760 1
5.69 -8.1 1.88 21.92 3.21 45.407860 11.899760 1
5.89 -7.91 1.62 22.09 3.21 45.407860 11.899760 1
6.0 -7.69 1.51 21.69 3.21 45.407860 11.899760 1
5.84 -7.68 1.57 21.69 3.21 45.407860 11.899760 1
5.82 -7.71 1.6 21.69 3.21 45.407860 11.899760 1
5.92 -7.68 1.56 21.69 3.21 45.407860 11.899760 1
5.88 -7.68 1.55 21.69 3.21 45.407860 11.899760 1
5.83 -7.7 1.58 21.69 3.21 45.407860 11.899760 1
5.88 -7.69 1.57 21.69 3.21 45.407860 11.899760 1
5.89 -7.68 1.56 21.69 3.21 45.407860 11.899760 1
5.84 -7.7 1.57 21.69 3.21 45.407860 11.899760 1
5.87 -7.7 1.57 21.69 3.21 45.407860 11.899760 1
5.89 -7.68 1.56 21.69 3.21 45.407860 11.899760 1
5.86 -7.69 1.57 21.69 3.21 45.407860 11.899760 1
5.85 -7.7 1.57 21.69 3.21 45.407860 11.899760 1
5.88 -7.68 1.57 21.68 3.21 45.407860 11.899760 1
5.87 -7.68 1.58 21.7 3.21 45.407860 11.899760 1
5.85 -7.69 1.58 21.7 3.21 45.407860 11.899760 1
5.87 -7.69 1.58 21.7 3.21 45.407860 11.899760 1
5.88 -7.68 1.57 21.69 3.21 45.407860 11.899760 1
5.87 -7.69 1.57 21.68 3.21 45.407860 11.899760 1
5.87 -7.69 1.57 21.69 3.21 45.407860 11.899760 1
5.87 -7.69 1.57 21.69 3.21 45.407860 11.899760 1
5.87 -7.69 1.57 21.68 3.21 45.407860 11.899760 1
5.86 -7.69 1.57 21.69 3.21 45.407860 11.899760 1
5.87 -7.69 1.57 21.68 3.21 45.407860 11.899760 1
5.87 -7.69 1.57 21.7 3.21 45.407860 11.899760 1
5.87 -7.69 1.57 21.69 3.21 45.407860 11.899760 1
5.87 -7.7 1.56 21.68 3.21 45.407860 11.899760 1
5.87 -7.69 1.56 21.69 3.21 45.407860 11.899760 1
5.86 -7.68 1.57 21.69 3.21 45.407860 11.899760 1
5.87 -7.68 1.56 21.68 3.21 45.407860 11.899760 1
5.87 -7.68 1.56 21.7 3.21 45.407860 11.899760 1
5.87 -7.68 1.57 21.7 3.21 45.407860 11.899760 1
5.87 -7.69 1.57 21.69 3.21 45.407860 11.899760 1
5.87 -7.7 1.57 21.7 3.21 45.407860 11.899760 1
5.87 -7.69 1.56 21.69 3.21 45.407860 11.899760 1
5.86 -7.68 1.56 21.69 3.21 45.407860 11.899760 1
5.87 -7.68 1.56 21.69 3.21 45.407860 11.899760 1
5.87 -7.69 1.56 21.68 3.21 45.407860 11.899760 1
5.87 -7.69 1.57 21.69 3.21 45.407860 11.899760 1
5.86 -7.69 1.57 21.69 3.21 45.407860 11.899760 1
5.86 -7.69 1.57 21.68 3.21 45.407860 11.899760 1
5.87 -7.69 1.57 21.69 3.21 45.407860 11.899760 1
5.88 -7.69 1.57 21.68 3.21 45.407860 11.899760 1
5.87 -7.69 1.57 21.68 3.21 45.407860 11.899760 1
5.87 -7.69 1.57 21.7 3.21 45.407860 11.899760 1
5.86 -7.69 1.57 21.68 3.21 45.407860 11.899760 1
5.86 -7.69 1.58 21.69 3.21 45.407860 11.899760 1
5.87 -7.7 1.57 21.68 3.21 45.407860 11.899760 1
5.87 -7.69 1.56 21.7 3.21 45.407860 11.899760 1
5.87 -7.68 1.57 21.69 3.21 45.407860 11.899760 1
5.87 -7.69 1.58 21.7 3.21 45.407860 11.899760 1
5.87 -7.69 1.57 21.7 3.21 45.407860 11.899760 1
5.87 -7.69 1.57 21.69 3.21 45.407860 11.899760 1
5.87 -7.69 1.57 21.69 3.21 45.407860 11.899760 1
5.87 -7.68 1.58 21.69 3.21 45.407860 11.899760 1
5.87 -7.68 1.58 21.69 3.21 45.407860 11.899760 1
5.88 -7.68 1.57 21.68 3.21 45.407860 11.899760 1
5.88 -7.69 1.57 21.68 3.21 45.407860 11.899760 1
5.88 -7.69 1.57 21.7 3.21 45.407860 11.899760 1
5.87 -7.69 1.56 21.68 3.21 45.407860 11.899760 1
5.87 -7.69 1.56 21.7 3.21 45.407860 11.899760 1
5.88 -7.7 1.56 21.7 3.21 45.407860 11.899760 1
5.88 -7.69 1.57 21.69 3.21 45.407860 11.899760 1
