5.64 -8.36 1.83 21.87 2.56 45.407733 11.899173 0
5.96 -7.82 1.91 21.85 2.56 45.407733 11.899173 1
5.87 -7.76 1.83 21.97 2.56 45.407733 11.899173 1
5.67 -7.95 1.7 22.9 2.56 45.407733 11.899173 1
5.81 -7.92 1.71 23.27 2.56 45.407733 11.899173 1
6.15 -7.75 1.82 22.36 2.56 45.407733 11.899173 1
6.32 -7.75 1.88 22.36 2.56 45.407733 11.899173 1
6.28 -7.78 1.86 22.36 2.56 45.407733 11.899173 1
6.17 -7.63 1.88 22.31 2.56 45.407733 11.899173 1
5.9 -7.71 1.97 21.95 2.56 45.407733 11.899173 1
5.5 -8.22 1.97 22.36 2.56 45.407733 11.899173 1
5.32 -8.5 1.82 22.24 2.56 45.407733 11.899173 1
5.54 -8.13 1.7 21.88 2.56 45.407733 11.899173 0
5.87 -7.73 1.75 21.9 2.56 45.407733 11.899173 1
6.04 -7.71 1.84 25.12 2.56 45.407733 11.899173 0
6.13 -7.69 1.85 21.85 2.56 45.407733 11.899173 1
6.23 -7.6 1.88 22.19 2.56 45.407733 11.899173 1
6.26 -7.73 2.01 22.29 2.56 45.407733 11.899173 1
6.12 -7.88 2.08 21.87 2.56 45.407733 11.899173 1
5.87 -7.72 2.03 22.07 2.56 45.407733 11.899173 1
5.73 -7.64 1.98 22.02 2.56 45.407733 11.899173 1
5.76 -7.95 1.99 21.95 2.56 45.407733 11.899173 1
5.73 -8.23 1.94 22.86 2.56 45.407733 11.899173 1
5.44 -8.2 1.72 22.42 2.56 45.407733 11.899173 1
5.25 -8.09 1.51 21.92 2.56 45.407733 11.899173 1
5.5 -8.03 1.55 36.14 2.56 45.407733 11.899173 1
5.88 -7.93 1.74 21.95 2.56 45.407733 11.899173 1
6.01 -7.73 1.82 22.42 2.56 45.407733 11.899173 1
6.12 -7.46 1.82 21.76 2.56 45.407733 11.899173 1
6.32 -7.36 1.88 21.9 2.3 45.407739 11.899201 0
6.19 -7.68 1.87 22.14 2.3 45.407739 11.899201 1
5.8 -8.08 1.82 22.19 2.3 45.407739 11.899201 0
5.85 -8.02 2.06 22.11 2.3 45.407739 11.899201 1
6.29 -7.64 2.4 22.17 2.3 45.407739 11.899201 1
6.26 -7.49 2.18 21.92 2.3 45.407739 11.899201 1
5.72 -7.64 1.51 22.05 2.3 45.407739 11.899201 1
5.57 -7.8 1.18 21.93 2.3 45.407739 11.899201 1
6.03 -7.95 1.32 22.42 2.3 45.407739 11.899201 1
6.29 -7.97 1.6 22.33 2.3 45.407739 11.899201 1
6.02 -7.71 1.93 22.02 2.3 45.407739 11.899201 1
5.79 -7.4 2.12 22.05 2.3 45.407739 11.899201 1
5.98 -7.44 1.92 21.95 2.3 45.407739 11.899201 1
6.21 -7.73 1.72 21.87 2.3 45.407739 11.899201 1
6.12 -7.87 1.93 21.95 2.3 45.407739 11.899201 1
5.97 -7.75 2.17 22.0 2.3 45.407739 11.899201 1
6.05 -7.58 2.02 22.47 2.3 45.407739 11.899201 1
6.1 -7.59 1.92 21.71 2.3 45.407739 11.899201 1
5.89 -7.84 2.13 21.85 2.14 45.407747 11.899225 0
5.65 -8.05 2.18 22.29 2.14 45.407747 11.899225 1
5.64 -7.93 1.88 22.21 2.14 45.407747 11.899225 0
5.74 -7.72 1.69 22.62 2.14 45.407747 11.899225 1
5.79 -7.77 1.81 21.85 2.14 45.407747 11.899225 1
5.91 -7.92 1.94 23.0 2.14 45.407747 11.899225 1
6.07 -7.77 1.84 22.96 2.14 45.407747 11.899225 1
6.12 -7.49 1.7 21.9 2.14 45.407747 11.899225 1
6.06 -7.52 1.74 22.0 2.14 45.407747 11.899225 1
6.05 -7.73 1.86 22.0 2.14 45.407747 11.899225 1
6.14 -7.72 1.81 22.79 2.14 45.407747 11.899225 1
6.14 -7.68 1.64 22.74 2.14 45.407747 11.899225 1
5.98 -7.85 1.57 23.22 2.14 45.407747 11.899225 1
5.8 -7.99 1.6 22.36 2.14 45.407747 11.899225 1
5.73 -7.9 1.67 22.36 2.14 45.407747 11.899225 1
5.78 -7.85 1.8 24.97 2.14 45.407747 11.899225 1
5.93 -7.92 1.85 23.55 2.14 45.407747 11.899225 1
6.09 -7.81 1.74 21.87 2.44 45.407753 11.899257 0
6.12 -7.59 1.72 22.4 2.44 45.407753 11.899257 1
6.04 -7.54 1.91 21.93 2.44 45.407753 11.899257 0
6.08 -7.61 2.03 21.45 2.44 45.407753 11.899257 1
6.19 -7.64 1.9 22.23 2.44 45.407753 11.899257 1
6.18 -7.66 1.78 21.87 2.44 45.407753 11.899257 1
6.09 -7.69 1.86 21.71 2.44 45.407753 11.899257 1
6.02 -7.76 2.09 21.93 2.44 45.407753 11.899257 1
5.85 -7.91 2.32 22.0 2.44 45.407753 11.899257 1
5.61 -8.01 2.31 22.43 2.44 45.407753 11.899257 1
5.55 -7.94 2.09 23.31 2.44 45.407753 11.899257 1
5.7 -7.9 2.0 22.42 2.44 45.407753 11.899257 1
5.85 -7.95 2.05 21.95 2.44 45.407753 11.899257 1
6.05 -7.84 1.86 21.97 2.44 45.407753 11.899257 1
6.24 -7.65 1.52 21.92 2.44 45.407753 11.899257 1
6.19 -7.63 1.49 22.84 2.44 45.407753 11.899257 1
6.02 -7.66 1.66 22.0 2.44 45.407753 11.899257 1
6.1 -7.56 1.61 21.9 2.44 45.407753 11.899257 1
6.3 -7.59 1.55 21.78 2.6 45.407759 11.899291 0
6.25 -7.82 1.71 21.33 2.6 45.407759 11.899291 1
6.0 -7.94 1.79 21.76 2.6 45.407759 11.899291 0
5.77 -7.91 1.69 22.26 2.6 45.407759 11.899291 1
5.55 -7.96 1.79 21.85 2.6 45.407759 11.899291 1
5.53 -8.0 2.03 21.73 2.6 45.407759 11.899291 1
5.92 -7.88 1.95 21.85 2.6 45.407759 11.899291 1
6.3 -7.78 1.74 21.95 2.6 45.407759 11.899291 1
6.18 -7.81 1.85 22.0 2.6 45.407759 11.899291 1
5.91 -7.74 2.0 22.05 2.6 45.407759 11.899291 1
6.0 -7.55 1.89 21.97 2.6 45.407759 11.899291 1
6.18 -7.52 1.9 21.92 2.6 45.407759 11.899291 1
6.13 -7.67 2.15 22.47 2.6 45.407759 11.899291 1
6.04 -7.74 2.15 22.0 2.6 45.407759 11.899291 1
6.02 -7.72 1.89 22.47 2.6 45.407759 11.899291 1
5.84 -7.87 1.83 22.38 2.6 45.407759 11.899291 1
5.58 -8.06 1.92 21.83 2.6 45.407759 11.899291 1
5.53 -7.99 1.81 22.16 2.94 45.407769 11.899328 0
5.69 -7.81 1.7 21.85 2.94 45.407769 11.899328 1
5.9 -7.9 1.76 21.85 2.94 45.407769 11.899328 0
6.06 -7.98 1.73 22.29 2.94 45.407769 11.899328 1
6.12 -7.71 1.6 21.9 2.94 45.407769 11.899328 1
6.1 -7.47 1.65 22.29 2.94 45.407769 11.899328 1
6.05 -7.64 1.74 21.83 2.94 45.407769 11.899328 1
5.97 -7.87 1.7 21.75 2.94 45.407769 11.899328 1
5.97 -7.8 1.76 21.9 2.94 45.407769 11.899328 1
6.11 -7.69 1.89 22.36 2.94 45.407769 11.899328 1
6.15 -7.77 1.74 22.0 2.94 45.407769 11.899328 1
5.89 -7.86 1.51 22.02 2.94 45.407769 11.899328 1
5.64 -7.9 1.66 22.47 2.94 45.407769 11.899328 1
5.76 -7.9 1.96 22.0 2.94 45.407769 11.899328 1
6.01 -7.82 2.05 22.36 2.94 45.407769 11.899328 1
6.0 -7.77 2.09 21.92 2.94 45.407769 11.899328 1
5.88 -7.84 2.23 21.9 2.94 45.407769 11.899328 1
5.97 -7.89 2.19 21.8 2.94 45.407769 11.899328 1
6.14 -7.85 2.06 22.21 2.51 45.407776 11.899362 0
6.12 -7.77 2.15 21.81 2.51 45.407776 11.899362 1
6.0 -7.56 2.23 21.95 2.51 45.407776 11.899362 0
6.05 -7.4 2.03 22.42 2.51 45.407776 11.899362 1
6.13 -7.73 1.93 21.87 2.51 45.407776 11.899362 1
5.99 -8.24 2.14 22.28 2.51 45.407776 11.899362 1
5.76 -8.2 2.19 23.1 2.51 45.407776 11.899362 1
5.69 -7.89 2.0 22.0 2.51 45.407776 11.899362 1
5.71 -7.98 1.93 22.05 2.51 45.407776 11.899362 1
5.78 -8.05 1.87 22.02 2.51 45.407776 11.899362 1
6.01 -7.68 1.55 22.05 2.51 45.407776 11.899362 1
6.27 -7.57 1.35 22.86 2.51 45.407776 11.899362 1
6.29 -7.86 1.51 23.17 2.51 45.407776 11.899362 1
6.1 -7.73 1.66 21.85 2.51 45.407776 11.899362 1
5.99 -7.46 1.68 21.66 2.51 45.407776 11.899362 1
6.11 -7.84 1.84 21.75 2.51 45.407776 11.899362 1
6.27 -8.17 1.91 21.64 2.51 45.407776 11.899362 1
6.04 -7.82 1.7 21.69 2.68 45.407783 11.899400 0
5.5 -7.75 1.67 22.19 2.68 45.407783 11.899400 1
5.39 -8.15 1.91 22.62 2.68 45.407783 11.899400 1
5.85 -8.01 1.94 22.23 2.68 45.407783 11.899400 0
6.11 -7.61 1.83 21.75 2.68 45.407783 11.899400 1
5.92 -7.8 2.02 22.66 2.68 45.407783 11.899400 1
5.9 -7.87 2.18 21.78 2.68 45.407783 11.899400 1
6.13 -7.44 1.91 22.19 2.68 45.407783 11.899400 1
6.27 -7.53 1.74 22.91 2.68 45.407783 11.899400 1
6.27 -7.84 1.95 22.52 2.68 45.407783 11.899400 1
6.09 -7.43 1.99 23.74 2.68 45.407783 11.899400 1
5.89 -7.39 1.77 22.0 2.68 45.407783 11.899400 1
6.15 -8.4 1.85 22.17 2.68 45.407783 11.899400 1
6.48 -8.82 2.12 21.59 2.68 45.407783 11.899400 1
5.94 -8.2 2.02 22.11 2.68 45.407783 11.899400 1
5.29 -7.82 1.75 23.43 2.68 45.407783 11.899400 1
5.9 -7.56 1.84 26.48 2.68 45.407783 11.899400 1
6.69 -7.04 2.1 21.68 2.68 45.407783 11.899400 1
5.98 -7.37 2.1 21.78 2.89 45.407787 11.899439 0
4.98 -8.16 1.96 23.02 2.89 45.407787 11.899439 1
5.6 -7.84 1.9 21.15 2.89 45.407787 11.899439 0
6.88 -7.37 1.78 21.64 2.89 45.407787 11.899439 1
6.94 -8.03 1.65 21.39 2.89 45.407787 11.899439 1
6.19 -8.18 1.8 21.78 2.89 45.407787 11.899439 1
5.98 -6.96 2.0 22.31 2.89 45.407787 11.899439 1
6.21 -6.46 1.8 22.36 2.89 45.407787 11.899439 1
6.0 -7.67 1.46 22.26 2.89 45.407787 11.899439 1
5.39 -8.96 1.51 22.42 2.89 45.407787 11.899439 1
5.26 -9.0 1.82 22.05 2.89 45.407787 11.899439 1
5.85 -8.25 2.03 21.4 2.89 45.407787 11.899439 1
6.37 -7.81 2.06 21.52 2.89 45.407787 11.899439 1
6.19 -7.81 1.97 22.31 2.89 45.407787 11.899439 1
5.72 -7.21 1.81 22.88 2.89 45.407787 11.899439 1
5.67 -6.26 1.78 22.62 2.89 45.407787 11.899439 1
6.15 -6.79 1.95 22.38 2.89 45.407787 11.899439 1
6.64 -8.56 2.1 21.57 2.89 45.407787 11.899439 1
6.57 -9.04 2.12 21.56 2.23 45.407791 11.899469 0
5.88 -7.84 2.18 21.8 2.23 45.407791 11.899469 1
5.26 -7.14 2.19 21.93 2.23 45.407791 11.899469 0
5.33 -7.72 2.0 21.28 2.23 45.407791 11.899469 1
5.81 -8.44 1.77 22.0 2.23 45.407791 11.899469 1
6.01 -8.42 1.78 21.8 2.23 45.407791 11.899469 1
5.86 -7.64 1.93 22.04 2.23 45.407791 11.899469 1
5.8 -6.92 1.98 22.11 2.23 45.407791 11.899469 1
6.02 -7.32 1.93 21.92 2.23 45.407791 11.899469 1
6.34 -8.29 1.89 21.81 2.23 45.407791 11.899469 1
6.44 -8.32 1.83 22.11 2.23 45.407791 11.899469 1
6.27 -7.51 1.75 22.47 2.23 45.407791 11.899469 1
6.07 -7.09 1.71 22.52 2.23 45.407791 11.899469 1
6.03 -7.43 1.7 22.17 2.23 45.407791 11.899469 1
6.01 -8.13 1.64 21.45 2.23 45.407791 11.899469 1
5.88 -8.73 1.58 21.76 2.23 45.407791 11.899469 1
5.76 -8.6 1.63 21.37 2.23 45.407791 11.899469 1
5.79 -7.76 1.73 22.14 2.0 45.407795 11.899495 0
5.88 -7.2 1.76 22.26 2.0 45.407795 11.899495 1
5.96 -7.46 1.82 22.26 2.0 45.407795 11.899495 0
6.08 -7.99 2.0 21.49 2.0 45.407795 11.899495 1
6.23 -8.18 2.12 21.63 2.0 45.407795 11.899495 1
6.25 -7.94 2.05 21.68 2.0 45.407795 11.899495 1
6.04 -7.46 1.96 21.49 2.0 45.407795 11.899495 1
5.87 -7.21 2.04 21.95 2.0 45.407795 11.899495 1
5.98 -7.49 2.16 21.9 2.0 45.407795 11.899495 1
6.09 -8.04 2.16 21.8 2.0 45.407795 11.899495 1
5.81 -8.28 2.08 21.9 2.0 45.407795 11.899495 1
5.51 -8.01 2.06 22.02 2.0 45.407795 11.899495 1
5.68 -7.63 2.13 22.0 2.0 45.407795 11.899495 1
6.01 -7.67 2.17 22.05 2.0 45.407795 11.899495 1
6.04 -7.92 2.05 22.05 2.0 45.407795 11.899495 1
6.1 -7.83 1.83 22.54 2.0 45.407795 11.899495 1
6.39 -7.5 1.7 22.0 2.0 45.407795 11.899495 1
6.39 -7.49 1.82 21.49 2.0 45.407795 11.899495 1
6.06 -7.73 2.06 21.42 3.14 45.407803 11.899538 0
6.15 -7.77 1.98 21.71 3.14 45.407803 11.899538 1
6.6 -7.59 1.43 21.33 3.14 45.407803 11.899538 0
6.47 -7.51 0.91 21.44 3.14 45.407803 11.899538 1
5.82 -7.62 1.11 22.0 3.14 45.407803 11.899538 1
5.55 -7.85 1.86 22.38 3.14 45.407803 11.899538 1
5.71 -8.07 2.3 21.97 3.14 45.407803 11.899538 1
5.69 -8.05 2.05 21.63 3.14 45.407803 11.899538 1
5.64 -7.86 1.67 22.02 3.14 45.407803 11.899538 1
5.99 -7.71 1.72 22.47 3.14 45.407803 11.899538 1
6.47 -7.56 1.96 22.42 3.14 45.407803 11.899538 1
6.58 -7.36 1.93 22.05 3.14 45.407803 11.899538 1
6.36 -7.4 1.8 21.97 3.14 45.407803 11.899538 1
6.14 -7.71 1.93 21.59 3.14 45.407803 11.899538 1
6.13 -7.78 2.13 22.0 3.14 45.407803 11.899538 1
6.22 -7.51 2.14 22.42 3.14 45.407803 11.899538 1
6.11 -7.56 2.14 21.76 3.14 45.407803 11.899538 1
5.78 -7.98 2.19 21.64 3.29 45.407810 11.899584 0
5.6 -8.07 2.13 21.3 3.29 45.407810 11.899584 1
5.67 -7.78 2.09 21.75 3.29 45.407810 11.899584 0
5.68 -7.75 2.2 21.3 3.29 45.407810 11.899584 1
5.72 -7.83 2.07 21.87 3.29 45.407810 11.899584 1
6.12 -7.45 1.63 21.35 3.29 45.407810 11.899584 1
6.53 -7.12 1.52 22.0 3.29 45.407810 11.899584 1
6.41 -7.48 1.85 22.0 3.29 45.407810 11.899584 1
6.14 -7.84 1.94 22.11 3.29 45.407810 11.899584 1
6.2 -7.65 1.58 21.97 3.29 45.407810 11.899584 1
6.3 -7.61 1.34 21.9 3.29 45.407810 11.899584 1
6.2 -7.92 1.55 21.9 3.29 45.407810 11.899584 1
6.01 -7.85 1.88 21.9 3.29 45.407810 11.899584 1
5.73 -7.67 1.99 21.87 3.29 45.407810 11.899584 1
5.63 -8.01 1.93 21.9 3.29 45.407810 11.899584 1
6.08 -8.06 1.95 21.9 3.29 45.407810 11.899584 1
6.42 -7.49 2.08 21.95 3.29 45.407810 11.899584 1
6.07 -7.4 2.09 22.02 3.29 45.407810 11.899584 1
6.24 -7.59 1.98 22.09 3.22 45.407824 11.899622 0
7.38 -7.15 2.06 22.04 3.22 45.407824 11.899622 1
7.25 -7.26 2.24 23.24 3.22 45.407824 11.899622 0
5.21 -8.2 2.04 24.2 3.22 45.407824 11.899622 1
4.13 -7.55 1.79 24.03 3.22 45.407824 11.899622 1
5.03 -6.21 2.17 21.08 3.22 45.407824 11.899622 1
5.44 -8.22 2.66 18.33 3.22 45.407824 11.899622 1
5.09 -11.6 2.45 16.43 3.22 45.407824 11.899622 1
5.95 -10.47 2.13 17.94 3.22 45.407824 11.899622 1
6.68 -6.09 2.06 21.09 3.22 45.407824 11.899622 1
5.12 -4.1 1.37 26.79 3.22 45.407824 11.899622 1
4.06 -4.82 0.54 25.06 3.22 45.407824 11.899622 1
6.42 -6.36 1.5 23.79 3.22 45.407824 11.899622 1
8.97 -9.16 3.52 21.66 3.22 45.407824 11.899622 1
8.05 -11.47 3.67 21.87 3.22 45.407824 11.899622 1
5.87 -10.05 1.99 22.05 3.22 45.407824 11.899622 1
5.46 -7.05 1.15 21.95 3.22 45.407824 11.899622 1
5.86 -6.6 1.51 22.21 3.19 45.407832 11.899667 0
5.88 -7.8 1.49 21.45 3.19 45.407832 11.899667 1
6.12 -8.22 1.2 21.66 3.19 45.407832 11.899667 0
6.28 -8.26 1.6 22.0 3.19 45.407832 11.899667 1
5.66 -8.29 2.09 21.85 3.19 45.407832 11.899667 1
5.24 -7.69 1.9 21.49 3.19 45.407832 11.899667 1
5.66 -7.27 1.59 21.85 3.19 45.407832 11.899667 1
5.97 -7.75 1.75 21.75 3.19 45.407832 11.899667 1
5.9 -8.06 2.07 21.85 3.19 45.407832 11.899667 1
6.18 -7.65 2.23 21.56 3.19 45.407832 11.899667 1
6.6 -7.32 2.27 21.64 3.19 45.407832 11.899667 1
6.55 -7.36 2.22 21.68 3.19 45.407832 11.899667 1
6.34 -7.48 2.08 22.16 3.19 45.407832 11.899667 1
6.28 -7.65 2.0 22.21 3.19 45.407832 11.899667 1
6.09 -7.76 2.07 22.16 3.19 45.407832 11.899667 1
5.82 -7.82 2.18 22.07 3.19 45.407832 11.899667 1
5.73 -8.05 2.15 22.36 3.19 45.407832 11.899667 1
5.68 -8.18 2.01 21.69 3.19 45.407832 11.899667 1
5.57 -7.88 1.92 22.47 3.52 45.407842 11.899712 0
5.64 -7.7 1.87 21.92 3.52 45.407842 11.899712 1
5.91 -8.01 1.73 21.44 3.52 45.407842 11.899712 0
6.17 -8.13 1.61 21.85 3.52 45.407842 11.899712 1
6.32 -7.78 1.68 21.44 3.52 45.407842 11.899712 1
6.28 -7.54 1.76 21.9 3.52 45.407842 11.899712 1
6.02 -7.55 1.68 22.42 3.52 45.407842 11.899712 1
5.91 -7.46 1.62 21.71 3.52 45.407842 11.899712 1
6.18 -7.48 1.71 22.02 3.52 45.407842 11.899712 1
6.31 -7.81 1.77 22.0 3.52 45.407842 11.899712 1
5.95 -8.03 1.7 22.05 3.52 45.407842 11.899712 1
5.55 -7.94 1.67 22.11 3.52 45.407842 11.899712 1
5.55 -7.89 1.79 22.54 3.52 45.407842 11.899712 1
5.77 -7.96 1.96 21.99 3.52 45.407842 11.899712 1
5.89 -7.99 2.03 21.95 3.52 45.407842 11.899712 1
5.93 -7.93 1.98 21.59 3.52 45.407842 11.899712 1
5.91 -7.84 1.92 21.54 3.52 45.407842 11.899712 1
5.91 -7.67 2.01 21.49 3.25 45.407848 11.899754 0
6.07 -7.54 2.2 21.85 3.25 45.407848 11.899754 1
6.33 -7.56 2.27 21.37 3.25 45.407848 11.899754 0
6.43 -7.6 2.13 21.8 3.25 45.407848 11.899754 1
6.33 -7.51 2.0 21.9 3.25 45.407848 11.899754 1
6.14 -7.38 2.1 22.0 3.25 45.407848 11.899754 1
5.95 -7.46 2.25 21.83 3.25 45.407848 11.899754 1
5.85 -7.81 2.18 21.4 3.25 45.407848 11.899754 1
5.92 -8.07 1.98 21.56 3.25 45.407848 11.899754 1
5.96 -7.91 1.96 22.05 3.25 45.407848 11.899754 1
5.85 -7.66 2.06 22.11 3.25 45.407848 11.899754 1
5.8 -7.72 1.91 22.52 3.25 45.407848 11.899754 1
5.97 -7.84 1.57 22.02 3.25 45.407848 11.899754 1
6.07 -7.7 1.52 21.59 3.25 45.407848 11.899754 1
6.0 -7.6 1.85 22.0 3.25 45.407848 11.899754 1
6.11 -7.67 2.1 21.95 3.25 45.407848 11.899754 1
6.45 -7.57 1.96 21.73 3.25 45.407848 11.899754 1
6.51 -7.41 1.67 21.87 3.25 45.407848 11.899754 1
6.06 -7.66 1.62 21.87 3.25 45.407858 11.899793 0
5.54 -8.13 1.79 21.85 3.25 45.407858 11.899793 1
5.38 -8.27 1.92 21.84 3.25 45.407858 11.899793 1
5.45 -8.15 1.92 21.84 3.25 45.407858 11.899793 1
5.46 -8.16 1.89 21.85 3.25 45.407858 11.899793 1
5.43 -8.22 1.9 21.85 3.25 45.407858 11.899793 1
5.44 -8.18 1.91 21.84 3.25 45.407858 11.899793 1
5.44 -8.16 1.9 21.86 3.25 45.407858 11.899793 1
5.43 -8.19 1.91 21.84 3.25 45.407858 11.899793 1
5.44 -8.18 1.91 21.85 3.25 45.407858 11.899793 1
5.45 -8.16 1.9 21.85 3.25 45.407858 11.899793 1
5.44 -8.18 1.89 21.86 3.25 45.407858 11.899793 1
5.43 -8.19 1.9 21.84 3.25 45.407858 11.899793 1
5.43 -8.17 1.9 21.85 3.25 45.407858 11.899793 1
5.43 -8.18 1.91 21.85 3.25 45.407858 11.899793 1
5.44 -8.2 1.9 21.85 3.25 45.407858 11.899793 1
5.44 -8.18 1.89 21.85 3.25 45.407858 11.899793 1
5.44 -8.17 1.89 21.85 3.25 45.407858 11.899793 1
5.44 -8.18 1.9 21.85 3.25 45.407858 11.899793 1
5.44 -8.18 1.9 21.85 3.25 45.407858 11.899793 1
5.44 -8.18 1.89 21.85 3.25 45.407858 11.899793 1
5.44 -8.18 1.9 21.84 3.25 45.407858 11.899793 1
5.44 -8.18 1.91 21.86 3.25 45.407858 11.899793 1
5.44 -8.18 1.9 21.85 3.25 45.407858 11.899793 1
5.44 -8.18 1.9 21.86 3.25 45.407858 11.899793 1
5.44 -8.19 1.91 21.84 3.25 45.407858 11.899793 1
5.44 -8.19 1.91 21.84 3.25 45.407858 11.899793 1
5.44 -8.19 1.9 21.84 3.25 45.407858 11.899793 1
5.44 -8.19 1.9 21.84 3.25 45.407858 11.899793 1
5.44 -8.17 1.9 21.84 3.25 45.407858 11.899793 1
5.44 -8.17 1.9 21.86 3.25 45.407858 11.899793 1
5.44 -8.18 1.9 21.85 3.25 45.407858 11.899793 1
5.43 -8.18 1.9 21.85 3.25 45.407858 11.899793 1
5.44 -8.17 1.91 21.86 3.25 45.407858 11.899793 1
5.44 -8.18 1.91 21.86 3.25 45.407858 11.899793 1
5.43 -8.18 1.9 21.84 3.25 45.407858 11.899793 1
5.43 -8.17 1.9 21.85 3.25 45.407858 11.899793 1
5.44 -8.18 1.9 21.86 3.25 45.407858 11.899793 1
5.44 -8.18 1.9 21.85 3.25 45.407858 11.899793 1
5.43 -8.18 1.9 21.85 3.25 45.407858 11.899793 1
