5.71 -8.06 1.67 21.85 2.53 45.407738 11.899252 0
5.32 -8.07 1.8 22.69 2.53 45.407738 11.899252 1
5.43 -8.34 2.0 21.9 2.53 45.407738 11.899252 1
5.72 -8.25 2.2 22.76 2.53 45.407738 11.899252 1
5.81 -7.72 2.22 22.36 2.53 45.407738 11.899252 0
5.81 -7.57 2.12 21.81 2.53 45.407738 11.899252 1
5.88 -7.9 2.07 21.78 2.53 45.407738 11.899252 0
5.96 -7.97 2.08 23.07 2.53 45.407738 11.899252 1
5.98 -7.74 2.1 22.26 2.53 45.407738 11.899252 1
5.91 -7.74 2.19 21.78 2.53 45.407738 11.899252 1
5.81 -7.9 2.22 22.28 2.53 45.407738 11.899252 1
5.83 -7.89 2.03 21.87 2.53 45.407738 11.899252 1
5.94 -7.79 1.98 22.04 2.53 45.407738 11.899252 1
5.82 -7.73 2.25 22.14 2.53 45.407738 11.899252 1
5.5 -7.7 2.3 22.67 2.53 45.407738 11.899252 1
5.46 -7.78 1.78 22.05 2.53 45.407738 11.899252 1
5.79 -7.98 1.37 21.92 2.53 45.407738 11.899252 1
6.08 -8.05 1.55 21.99 2.53 45.407738 11.899252 1
6.09 -7.76 1.82 22.52 2.53 45.407738 11.899252 1
6.02 -7.35 1.75 22.12 2.53 45.407738 11.899252 1
6.05 -7.33 1.62 22.07 2.53 45.407738 11.899252 1
6.16 -7.67 1.67 21.78 2.53 45.407738 11.899252 1
6.22 -7.82 1.78 22.36 2.4 45.407747 11.899277 0
6.1 -7.68 1.9 21.9 2.4 45.407747 11.899277 1
5.95 -7.67 2.0 21.76 2.4 45.407747 11.899277 0
5.95 -7.86 1.95 21.75 2.4 45.407747 11.899277 1
5.92 -7.92 1.75 21.8 2.4 45.407747 11.899277 1
5.69 -7.96 1.63 21.44 2.4 45.407747 11.899277 1
5.62 -8.11 1.77 21.8 2.4 45.407747 11.899277 1
6.0 -8.0 1.98 46.79 2.4 45.407747 11.899277 1
6.33 -7.55 1.93 22.48 2.4 45.407747 11.899277 1
6.23 -7.41 1.66 21.99 2.4 45.407747 11.899277 1
6.08 -7.74 1.66 22.42 2.4 45.407747 11.899277 1
6.19 -7.94 2.05 22.72 2.4 45.407747 11.899277 1
6.31 -7.8 2.36 21.95 2.4 45.407747 11.899277 1
6.33 -7.56 2.29 22.38 2.4 45.407747 11.899277 1
6.4 -7.37 2.19 22.43 2.4 45.407747 11.899277 1
6.36 -7.31 2.23 22.05 2.4 45.407747 11.899277 1
6.06 -7.54 2.13 21.97 2.4 45.407747 11.899277 1
5.75 -7.91 1.82 21.33 2.45 45.407752 11.899303 0
5.61 -8.06 1.56 22.69 2.45 45.407752 11.899303 1
5.64 -7.91 1.49 21.9 2.45 45.407752 11.899303 0
5.85 -7.7 1.56 21.9 2.45 45.407752 11.899303 1
6.1 -7.64 1.69 22.81 2.45 45.407752 11.899303 1
6.13 -7.76 1.8 21.8 2.45 45.407752 11.899303 1
6.09 -7.85 1.81 22.17 2.45 45.407752 11.899303 1
6.17 -7.78 1.8 21.81 2.45 45.407752 11.899303 1
6.16 -7.71 1.83 22.35 2.45 45.407752 11.899303 1
5.95 -7.72 1.84 21.87 2.45 45.407752 11.899303 1
5.88 -7.68 1.79 22.31 2.45 45.407752 11.899303 1
6.05 -7.59 1.73 22.31 2.45 45.407752 11.899303 1
6.13 -7.61 1.57 22.36 2.45 45.407752 11.899303 1
6.04 -7.67 1.33 21.88 2.45 45.407752 11.899303 1
5.96 -7.67 1.32 22.72 2.45 45.407752 11.899303 1
5.89 -7.81 1.67 22.26 2.45 45.407752 11.899303 1
5.88 -8.05 1.93 22.21 2.45 45.407752 11.899303 1
6.07 -8.04 1.88 22.0 2.45 45.407752 11.899303 1
6.28 -7.8 1.85 22.91 2.11 45.407760 11.899323 0
6.24 -7.7 2.01 21.9 2.11 45.407760 11.899323 1
6.14 -7.68 2.1 21.64 2.11 45.407760 11.899323 0
6.22 -7.51 2.1 21.75 2.11 45.407760 11.899323 1
6.27 -7.4 2.25 22.24 2.11 45.407760 11.899323 1
6.11 -7.58 2.42 21.71 2.11 45.407760 11.899323 1
5.95 -7.78 2.3 21.71 2.11 45.407760 11.899323 1
5.88 -7.84 1.99 21.81 2.11 45.407760 11.899323 1
5.75 -7.98 1.84 21.88 2.11 45.407760 11.899323 1
5.63 -8.16 1.83 22.42 2.11 45.407760 11.899323 1
5.72 -8.06 1.78 22.07 2.11 45.407760 11.899323 1
5.84 -7.72 1.78 22.05 2.11 45.407760 11.899323 1
5.87 -7.56 1.86 22.88 2.11 45.407760 11.899323 1
6.01 -7.7 1.85 22.74 2.11 45.407760 11.899323 1
6.26 -7.8 1.69 21.9 2.11 45.407760 11.899323 1
6.33 -7.69 1.62 22.31 2.11 45.407760 11.899323 1
6.24 -7.53 1.66 22.26 2.11 45.407760 11.899323 1
6.2 -7.47 1.59 21.85 2.11 45.407760 11.899323 1
6.15 -7.51 1.48 21.75 2.94 45.407767 11.899353 0
6.04 -7.67 1.53 22.16 2.94 45.407767 11.899353 1
6.03 -7.83 1.6 22.17 2.94 45.407767 11.899353 0
6.04 -7.81 1.6 21.9 2.94 45.407767 11.899353 1
5.78 -7.76 1.81 22.31 2.94 45.407767 11.899353 1
5.56 -7.92 2.17 21.8 2.94 45.407767 11.899353 1
5.82 -8.1 2.17 21.87 2.94 45.407767 11.899353 1
6.25 -7.98 1.85 22.0 2.94 45.407767 11.899353 1
6.28 -7.69 1.8 21.92 2.94 45.407767 11.899353 1
6.12 -7.52 2.03 22.02 2.94 45.407767 11.899353 1
6.16 -7.52 1.98 22.42 2.94 45.407767 11.899353 1
6.24 -7.65 1.76 21.92 2.94 45.407767 11.899353 1
6.14 -7.81 1.87 21.92 2.94 45.407767 11.899353 1
6.04 -7.84 2.13 22.31 2.94 45.407767 11.899353 1
5.92 -7.74 2.1 21.97 2.94 45.407767 11.899353 1
5.68 -7.71 1.97 22.43 2.94 45.407767 11.899353 1
5.58 -7.84 1.97 22.31 2.94 45.407767 11.899353 1
5.81 -7.99 1.97 22.54 2.22 45.407778 11.899375 0
5.99 -7.97 1.88 21.85 2.22 45.407778 11.899375 1
5.92 -7.76 1.84 22.26 2.22 45.407778 11.899375 0
5.91 -7.61 1.85 22.26 2.22 45.407778 11.899375 1
6.07 -7.7 1.86 22.26 2.22 45.407778 11.899375 1
6.1 -7.79 1.87 22.31 2.22 45.407778 11.899375 1
6.05 -7.66 1.82 21.85 2.22 45.407778 11.899375 1
6.14 -7.55 1.73 21.85 2.22 45.407778 11.899375 1
6.15 -7.72 1.8 22.36 2.22 45.407778 11.899375 1
5.84 -7.96 1.93 21.95 2.22 45.407778 11.899375 1
5.61 -8.01 1.74 22.78 2.22 45.407778 11.899375 1
5.76 -8.01 1.46 21.97 2.22 45.407778 11.899375 1
5.91 -8.07 1.58 21.93 2.22 45.407778 11.899375 1
5.84 -7.97 1.85 22.0 2.22 45.407778 11.899375 1
5.9 -7.7 1.85 23.29 2.22 45.407778 11.899375 1
6.16 -7.58 1.78 21.95 2.22 45.407778 11.899375 1
6.25 -7.69 1.88 21.64 2.22 45.407778 11.899375 1
6.17 -7.74 1.93 22.12 2.71 45.407786 11.899408 0
6.14 -7.66 1.93 21.69 2.71 45.407786 11.899408 1
6.1 -7.66 2.09 21.85 2.71 45.407786 11.899408 1
6.03 -7.71 2.23 22.76 2.71 45.407786 11.899408 0
6.04 -7.66 2.15 21.95 2.71 45.407786 11.899408 1
5.98 -7.69 2.12 22.72 2.71 45.407786 11.899408 1
5.73 -7.9 2.09 22.36 2.71 45.407786 11.899408 1
5.62 -8.06 1.78 22.31 2.71 45.407786 11.899408 1
5.78 -8.02 1.49 22.36 2.71 45.407786 11.899408 1
5.99 -7.84 1.7 22.23 2.71 45.407786 11.899408 1
6.17 -7.59 2.01 22.28 2.71 45.407786 11.899408 1
6.32 -7.51 1.96 22.24 2.71 45.407786 11.899408 1
6.15 -7.7 1.93 23.22 2.71 45.407786 11.899408 1
5.79 -7.8 2.07 22.36 2.71 45.407786 11.899408 1
5.81 -7.64 1.93 22.78 2.71 45.407786 11.899408 1
6.07 -7.69 1.6 22.29 2.71 45.407786 11.899408 1
6.08 -7.87 1.61 21.85 2.71 45.407786 11.899408 1
5.96 -7.66 1.68 22.16 2.71 45.407786 11.899408 1
5.91 -7.6 1.44 22.12 3.17 45.407795 11.899448 0
5.77 -8.13 1.46 22.23 3.17 45.407795 11.899448 1
5.64 -8.22 2.08 21.8 3.17 45.407795 11.899448 0
5.78 -7.46 2.44 21.8 3.17 45.407795 11.899448 1
6.05 -7.32 2.05 21.71 3.17 45.407795 11.899448 1
6.32 -8.05 1.69 22.17 3.17 45.407795 11.899448 1
6.47 -8.23 1.83 21.92 3.17 45.407795 11.899448 1
6.1 -7.78 1.93 22.38 3.17 45.407795 11.899448 1
5.47 -7.57 1.78 22.21 3.17 45.407795 11.899448 1
5.65 -7.45 1.87 23.14 3.17 45.407795 11.899448 1
6.44 -7.51 2.2 21.73 3.17 45.407795 11.899448 1
6.29 -8.18 2.21 21.97 3.17 45.407795 11.899448 1
5.23 -8.36 1.9 22.17 3.17 45.407795 11.899448 1
5.08 -7.55 1.73 21.11 3.17 45.407795 11.899448 1
6.08 -7.59 1.81 21.01 3.17 45.407795 11.899448 1
6.61 -8.73 1.97 21.25 3.17 45.407795 11.899448 1
6.19 -8.45 2.05 22.31 3.17 45.407795 11.899448 1
5.91 -6.71 2.06 22.42 3.17 45.407795 11.899448 1
6.03 -6.27 2.1 22.91 2.34 45.407798 11.899478 0
6.04 -7.47 2.07 21.93 2.34 45.407798 11.899478 1
6.04 -8.29 1.75 21.16 2.34 45.407798 11.899478 0
6.23 -8.29 1.41 21.09 2.34 45.407798 11.899478 1
6.17 -8.22 1.56 21.64 2.34 45.407798 11.899478 1
5.77 -7.94 1.87 22.21 2.34 45.407798 11.899478 1
5.6 -7.28 1.67 22.6 2.34 45.407798 11.899478 1
5.73 -6.95 1.42 22.72 2.34 45.407798 11.899478 1
5.81 -7.49 1.89 22.62 2.34 45.407798 11.899478 1
5.92 -8.45 2.47 22.11 2.34 45.407798 11.899478 1
6.06 -8.79 2.28 22.47 2.34 45.407798 11.899478 1
5.97 -8.02 1.79 22.29 2.34 45.407798 11.899478 1
5.83 -6.98 1.81 22.07 2.34 45.407798 11.899478 1
6.01 -6.91 2.1 22.36 2.34 45.407798 11.899478 1
6.28 -7.7 2.18 23.55 2.34 45.407798 11.899478 1
6.21 -8.15 2.09 21.63 2.34 45.407798 11.899478 1
5.89 -7.81 1.97 21.78 2.34 45.407798 11.899478 1
5.57 -7.44 1.89 22.48 3.13 45.407804 11.899516 0
5.46 -7.71 1.93 21.9 3.13 45.407804 11.899516 1
5.74 -8.28 1.97 21.4 3.13 45.407804 11.899516 0
6.12 -8.47 1.9 21.8 3.13 45.407804 11.899516 1
6.11 -8.08 1.87 22.12 3.13 45.407804 11.899516 1
5.86 -7.48 2.0 22.23 3.13 45.407804 11.899516 1
5.86 -7.3 2.08 22.52 3.13 45.407804 11.899516 1
6.12 -7.81 1.97 21.69 3.13 45.407804 11.899516 1
6.37 -8.42 1.8 21.61 3.13 45.407804 11.899516 1
6.49 -8.29 1.75 21.81 3.13 45.407804 11.899516 1
6.27 -7.57 1.83 22.16 3.13 45.407804 11.899516 1
5.8 -7.17 1.93 22.26 3.13 45.407804 11.899516 1
5.64 -7.49 1.89 22.07 3.13 45.407804 11.899516 1
5.82 -8.17 1.7 21.76 3.13 45.407804 11.899516 1
5.8 -8.6 1.52 21.68 3.13 45.407804 11.899516 1
5.64 -8.25 1.52 21.9 3.13 45.407804 11.899516 1
5.94 -7.29 1.71 21.95 3.13 45.407804 11.899516 1
6.4 -6.83 1.93 21.85 2.3 45.407811 11.899542 0
6.25 -7.5 2.04 21.71 2.3 45.407811 11.899542 1
5.82 -8.25 2.12 21.64 2.3 45.407811 11.899542 1
5.94 -7.97 2.27 21.61 2.3 45.407811 11.899542 0
6.48 -7.18 2.33 21.81 2.3 45.407811 11.899542 1
6.78 -6.99 2.25 21.8 2.3 45.407811 11.899542 1
6.56 -7.43 2.24 21.95 2.3 45.407811 11.899542 1
5.99 -7.85 2.32 22.0 2.3 45.407811 11.899542 1
5.48 -8.0 2.2 21.76 2.3 45.407811 11.899542 1
5.5 -8.0 1.99 22.07 2.3 45.407811 11.899542 1
5.83 -7.95 2.02 21.56 2.3 45.407811 11.899542 1
5.86 -7.91 2.16 21.93 2.3 45.407811 11.899542 1
5.78 -7.85 2.06 21.92 2.3 45.407811 11.899542 1
6.06 -7.74 1.88 21.9 2.3 45.407811 11.899542 1
6.4 -7.58 1.93 22.42 2.3 45.407811 11.899542 1
6.39 -7.46 2.0 21.99 2.3 45.407811 11.899542 1
6.27 -7.43 1.76 22.16 2.3 45.407811 11.899542 1
6.26 -7.58 1.39 21.95 2.3 45.407811 11.899542 1
6.16 -7.84 1.28 21.78 3.1 45.407823 11.899580 0
6.03 -7.96 1.43 21.45 3.1 45.407823 11.899580 1
6.0 -7.85 1.63 21.49 3.1 45.407823 11.899580 0
5.84 -7.83 1.81 21.95 3.1 45.407823 11.899580 1
5.59 -8.06 1.97 21.87 3.1 45.407823 11.899580 1
5.72 -8.12 2.03 21.8 3.1 45.407823 11.899580 1
6.19 -7.73 1.97 21.71 3.1 45.407823 11.899580 1
6.39 -7.34 1.94 21.71 3.1 45.407823 11.899580 1
6.2 -7.47 2.01 21.83 3.1 45.407823 11.899580 1
6.06 -7.77 2.13 21.85 3.1 45.407823 11.899580 1
6.11 -7.69 2.25 21.87 3.1 45.407823 11.899580 1
6.16 -7.48 2.31 21.92 3.1 45.407823 11.899580 1
6.11 -7.56 2.18 21.52 3.1 45.407823 11.899580 1
5.93 -7.73 1.94 21.66 3.1 45.407823 11.899580 1
5.71 -7.78 1.91 21.71 3.1 45.407823 11.899580 1
5.74 -7.87 2.1 22.17 3.1 45.407823 11.899580 1
6.08 -7.92 2.14 21.97 3.1 45.407823 11.899580 1
6.26 -7.76 1.9 21.97 3.1 45.407823 11.899580 1
6.07 -7.68 1.73 21.9 3.41 45.407830 11.899625 0
5.99 -7.74 1.84 21.39 3.41 45.407830 11.899625 1
6.23 -7.62 1.89 21.28 3.41 45.407830 11.899625 0
6.32 -7.64 1.67 21.21 3.41 45.407830 11.899625 1
6.2 -7.88 1.51 21.4 3.41 45.407830 11.899625 1
6.29 -7.61 1.63 21.8 3.41 45.407830 11.899625 1
6.44 -7.08 1.75 21.54 3.41 45.407830 11.899625 1
6.25 -7.39 1.76 22.17 3.41 45.407830 11.899625 1
6.36 -7.83 1.91 21.66 3.41 45.407830 11.899625 1
7.06 -7.63 2.14 22.19 3.41 45.407830 11.899625 1
6.78 -8.12 2.13 23.2 3.41 45.407830 11.899625 1
4.73 -8.83 1.95 24.52 3.41 45.407830 11.899625 1
3.28 -7.28 1.81 24.03 3.41 45.407830 11.899625 1
4.28 -5.88 1.85 20.34 3.41 45.407830 11.899625 1
6.07 -8.88 2.29 17.9 3.41 45.407830 11.899625 1
6.97 -12.54 2.77 16.57 3.41 45.407830 11.899625 1
7.46 -10.6 2.45 18.04 3.41 45.407830 11.899625 1
6.8 -5.55 1.87 21.54 3.31 45.407838 11.899667 0
4.13 -3.27 2.21 24.63 3.31 45.407838 11.899667 1
3.28 -3.93 2.38 24.61 3.31 45.407838 11.899667 0
7.61 -6.15 0.64 22.93 3.31 45.407838 11.899667 1
11.83 -9.75 -1.35 21.59 3.31 45.407838 11.899667 1
9.63 -11.77 -1.01 21.39 3.31 45.407838 11.899667 1
4.73 -9.88 0.64 22.11 3.31 45.407838 11.899667 1
3.89 -7.25 1.36 21.95 3.31 45.407838 11.899667 1
5.85 -6.88 1.59 22.26 3.31 45.407838 11.899667 1
6.45 -7.42 2.13 21.51 3.31 45.407838 11.899667 1
6.18 -7.81 2.1 21.68 3.31 45.407838 11.899667 1
6.36 -8.45 1.46 21.75 3.31 45.407838 11.899667 1
6.04 -8.36 1.38 22.0 3.31 45.407838 11.899667 1
5.57 -7.27 1.78 21.97 3.31 45.407838 11.899667 1
6.08 -6.99 1.77 21.42 3.31 45.407838 11.899667 1
6.5 -7.79 1.73 21.4 3.31 45.407838 11.899667 1
5.86 -8.06 2.12 21.49 3.31 45.407838 11.899667 1
5.38 -7.82 2.28 22.36 3.31 45.407838 11.899667 1
5.73 -7.98 1.92 21.95 3.39 45.407841 11.899712 0
6.06 -8.1 1.82 21.59 3.39 45.407841 11.899712 1
6.16 -7.68 2.18 22.02 3.39 45.407841 11.899712 0
6.38 -7.38 2.31 21.99 3.39 45.407841 11.899712 1
6.46 -7.56 2.13 21.95 3.39 45.407841 11.899712 1
6.27 -7.72 2.12 21.85 3.39 45.407841 11.899712 1
6.24 -7.64 2.28 21.51 3.39 45.407841 11.899712 1
6.37 -7.56 2.29 21.61 3.39 45.407841 11.899712 1
6.24 -7.6 2.23 21.61 3.39 45.407841 11.899712 1
5.86 -7.72 2.28 22.02 3.39 45.407841 11.899712 1
5.61 -7.84 2.26 22.02 3.39 45.407841 11.899712 1
5.65 -7.93 2.05 21.97 3.39 45.407841 11.899712 1
5.85 -7.92 1.89 21.61 3.39 45.407841 11.899712 1
5.99 -7.78 1.87 22.05 3.39 45.407841 11.899712 1
5.97 -7.66 1.79 22.05 3.39 45.407841 11.899712 1
5.89 -7.73 1.68 21.97 3.39 45.407841 11.899712 1
5.92 -7.85 1.7 21.4 3.39 45.407841 11.899712 1
6.11 -7.8 1.75 21.69 3.21 45.407847 11.899753 0
6.33 -7.65 1.72 21.33 3.21 45.407847 11.899753 1
6.42 -7.54 1.76 21.85 3.21 45.407847 11.899753 0
6.31 -7.45 1.85 21.54 3.21 45.407847 11.899753 1
6.16 -7.48 1.77 21.85 3.21 45.407847 11.899753 1
6.03 -7.7 1.49 21.95 3.21 45.407847 11.899753 1
5.86 -7.92 1.31 21.47 3.21 45.407847 11.899753 1
5.66 -8.01 1.43 21.47 3.21 45.407847 11.899753 1
5.6 -8.09 1.75 21.93 3.21 45.407847 11.899753 1
5.71 -8.08 2.02 22.0 3.21 45.407847 11.899753 1
5.89 -7.78 2.1 22.52 3.21 45.407847 11.899753 1
6.01 -7.52 2.08 22.07 3.21 45.407847 11.899753 1
6.05 -7.66 2.08 21.99 3.21 45.407847 11.899753 1
6.07 -7.85 2.1 21.61 3.21 45.407847 11.899753 1
6.14 -7.72 2.21 22.02 3.21 45.407847 11.899753 1
6.2 -7.52 2.45 22.05 3.21 45.407847 11.899753 1
6.15 -7.57 2.5 21.4 3.21 45.407847 11.899753 1
6.01 -7.74 2.12 21.87 3.21 45.407847 11.899753 1
5.83 -7.83 1.76 21.45 2.73 45.407852 11.899789 0
5.71 -7.91 1.91 21.9 2.73 45.407852 11.899789 1
5.74 -7.95 2.22 21.85 2.73 45.407852 11.899789 0
5.88 -7.86 2.2 21.85 2.73 45.407852 11.899789 1
5.97 -7.74 2.0 21.81 2.73 45.407852 11.899789 1
5.96 -7.71 1.96 21.82 2.73 45.407852 11.899789 1
5.95 -7.72 2.01 21.8 2.73 45.407852 11.899789 1
5.97 -7.72 1.99 21.82 2.73 45.407852 11.899789 1
5.96 -7.71 1.98 21.8 2.73 45.407852 11.899789 1
5.95 -7.73 2.0 21.81 2.73 45.407852 11.899789 1
5.97 -7.73 1.99 21.8 2.73 45.407852 11.899789 1
5.97 -7.71 1.98 21.82 2.73 45.407852 11.899789 1
5.96 -7.71 1.99 21.82 2.73 45.407852 11.899789 1
5.97 -7.72 2.0 21.8 2.73 45.407852 11.899789 1
5.97 -7.72 1.99 21.8 2.73 45.407852 11.899789 1
5.96 -7.72 1.99 21.82 2.73 45.407852 11.899789 1
5.96 -7.72 1.99 21.8 2.73 45.407852 11.899789 1
5.97 -7.73 1.99 21.81 2.73 45.407852 11.899789 1
5.96 -7.73 1.99 21.81 2.73 45.407852 11.899789 1
5.95 -7.71 1.99 21.82 2.73 45.407852 11.899789 1
5.96 -7.71 1.99 21.81 2.73 45.407852 11.899789 1
5.97 -7.72 2.0 21.81 2.73 45.407852 11.899789 1
5.96 -7.73 2.0 21.81 2.73 45.407852 11.899789 1
5.96 -7.72 1.99 21.8 2.73 45.407852 11.899789 1
5.95 -7.72 1.98 21.8 2.73 45.407852 11.899789 1
5.95 -7.72 1.99 21.81 2.73 45.407852 11.899789 1
5.95 -7.72 1.99 21.81 2.73 45.407852 11.899789 1
5.96 -7.72 1.98 21.82 2.73 45.407852 11.899789 1
5.96 -7.72 1.99 21.81 2.73 45.407852 11.899789 1
5.96 -7.72 2.0 21.82 2.73 45.407852 11.899789 1
5.96 -7.72 2.0 21.81 2.73 45.407852 11.899789 1
5.97 -7.72 1.98 21.81 2.73 45.407852 11.899789 1
5.96 -7.73 1.98 21.8 2.73 45.407852 11.899789 1
5.96 -7.72 2.0 21.82 2.73 45.407852 11.899789 1
5.96 -7.72 2.0 21.82 2.73 45.407852 11.899789 1
5.97 -7.72 1.99 21.82 2.73 45.407852 11.899789 1
5.96 -7.72 1.98 21.81 2.73 45.407852 11.899789 1
5.95 -7.72 1.98 21.81 2.73 45.407852 11.899789 1
5.96 -7.73 1.99 21.82 2.73 45.407852 11.899789 1
5.97 -7.73 2.0 21.82 2.73 45.407852 11.899789 1
5.96 -7.73 2.0 21.8 2.73 45.407852 11.899789 1
5.96 -7.72 2.0 21.81 2.73 45.407852 11.899789 1
5.96 -7.72 2.0 21.8 2.73 45.407852 11.899789 1
5.97 -7.72 1.99 21.81 2.73 45.407852 11.899789 1
5.96 -7.72 1.98 21.81 2.73 45.407852 11.899789 1
5.97 -7.71 1.98 21.82 2.73 45.407852 11.899789 1
5.97 -7.71 2.0 21.8 2.73 45.407852 11.899789 1
5.97 -7.73 2.0 21.81 2.73 45.407852 11.899789 1
5.96 -7.73 1.99 21.81 2.73 45.407852 11.899789 1
5.96 -7.72 1.99 21.8 2.73 45.407852 11.899789 1
5.96 -7.72 1.99 21.81 2.73 45.407852 11.899789 1
5.95 -7.73 1.99 21.82 2.73 45.407852 11.899789 1
5.95 -7.73 1.99 21.8 2.73 45.407852 11.899789 1
5.96 -7.72 1.99 21.81 2.73 45.407852 11.899789 1
5.96 -7.72 1.99 21.82 2.73 45.407852 11.899789 1
5.96 -7.73 1.98 21.81 2.73 45.407852 11.899789 1
5.96 -7.72 1.99 21.81 2.73 45.407852 11.899789 1
5.96 -7.72 1.99 21.81 2.73 45.407852 11.899789 1
5.96 -7.73 1.99 21.82 2.73 45.407852 11.899789 1
5.95 -7.73 1.98 21.8 2.73 45.407852 11.899789 1
5.96 -7.71 1.98 21.81 2.73 45.407852 11.899789 1
5.97 -7.71 1.99 21.81 2.73 45.407852 11.899789 1
5.97 -7.72 1.99 21.81 2.73 45.407852 11.899789 1
5.96 -7.73 1.98 21.81 2.73 45.407852 11.899789 1
5.96 -7.72 1.98 21.8 2.73 45.407852 11.899789 1
