5.76 -7.78 1.72 22.04 2.31 45.406301 11.894491 1
5.77 -7.89 1.66 22.02 2.31 45.406301 11.894491 1
5.74 -8.07 1.62 21.97 2.31 45.406301 11.894491 1
5.7 -8.1 1.77 22.0 2.31 45.406301 11.894491 1
5.63 -8.01 1.84 22.0 2.31 45.406301 11.894491 1
5.66 -7.95 1.66 21.95 2.31 45.406301 11.894491 1
5.85 -7.88 1.61 22.07 2.31 45.406301 11.894491 1
5.97 -7.77 1.86 22.55 2.31 45.406301 11.894491 1
5.95 -7.74 2.03 22.55 2.31 45.406301 11.894491 1
5.92 -7.78 1.96 22.56 2.31 45.406301 11.894491 1
5.95 -7.77 1.92 22.55 2.31 45.406301 11.894491 1
5.95 -7.74 1.98 22.55 2.31 45.406301 11.894491 1
5.94 -7.75 1.97 22.56 2.31 45.406301 11.894491 1
5.95 -7.76 1.94 22.56 2.31 45.406301 11.894491 1
5.95 -7.76 1.97 22.56 2.31 45.406301 11.894491 1
5.93 -7.77 1.98 22.55 2.31 45.406301 11.894491 1
5.94 -7.77 1.94 22.54 2.31 45.406301 11.894491 1
5.95 -7.76 1.94 22.55 2.31 45.406301 11.894491 1
5.95 -7.76 1.97 22.55 2.31 45.406301 11.894491 1
5.94 -7.77 1.97 22.54 2.31 45.406301 11.894491 1
5.95 -7.76 1.96 22.55 2.31 45.406301 11.894491 1
5.96 -7.76 1.96 22.55 2.31 45.406301 11.894491 1
5.94 -7.77 1.97 22.55 2.31 45.406301 11.894491 1
5.94 -7.77 1.96 22.56 2.31 45.406301 11.894491 1
5.95 -7.76 1.96 22.55 2.31 45.406301 11.894491 1
5.96 -7.76 1.96 22.55 2.31 45.406301 11.894491 1
5.95 -7.77 1.96 22.56 2.31 45.406301 11.894491 1
5.95 -7.76 1.96 22.55 2.31 45.406301 11.894491 1
5.95 -7.76 1.96 22.55 2.31 45.406301 11.894491 1
5.95 -7.75 1.96 22.55 2.31 45.406301 11.894491 1
5.94 -7.76 1.97 22.56 2.31 45.406301 11.894491 1
5.94 -7.75 1.97 22.54 2.31 45.406301 11.894491 1
5.95 -7.76 1.96 22.56 2.31 45.406301 11.894491 1
5.96 -7.76 1.96 22.54 2.31 45.406301 11.894491 1
5.95 -7.75 1.95 22.55 2.31 45.406301 11.894491 1
