5.41 -7.48 1.95 22.35 2.08 45.406315 11.894090 1
5.45 -7.11 1.85 22.04 2.08 45.406315 11.894090 1
5.73 -7.69 1.93 22.5 2.08 45.406315 11.894090 1
5.89 -8.42 1.97 22.0 2.08 45.406315 11.894090 1
5.81 -8.3 1.78 22.02 2.08 45.406315 11.894090 1
5.66 -7.61 1.65 22.14 2.08 45.406315 11.894090 1
5.75 -7.36 1.72 22.86 2.08 45.406315 11.894090 1
6.1 -7.7 1.74 22.04 2.08 45.406315 11.894090 1
6.22 -7.95 1.68 21.97 2.08 45.406315 11.894090 1
5.94 -7.8 1.76 22.0 2.08 45.406315 11.894090 1
5.71 -7.63 1.88 21.9 2.08 45.406315 11.894090 1
5.83 -7.76 1.79 22.4 1.55 45.406318 11.894111 0
6.01 -7.93 1.68 23.27 1.55 45.406318 11.894111 1
5.89 -7.92 1.71 23.36 1.55 45.406318 11.894111 0
5.6 -7.91 1.69 21.63 1.55 45.406318 11.894111 1
5.51 -8.01 1.56 21.97 1.55 45.406318 11.894111 1
5.77 -8.0 1.69 22.42 1.55 45.406318 11.894111 1
6.03 -7.81 2.04 22.0 1.55 45.406318 11.894111 1
6.0 -7.7 2.14 22.45 1.55 45.406318 11.894111 1
5.86 -7.79 1.94 22.88 1.55 45.406318 11.894111 1
5.9 -7.87 1.83 22.5 1.55 45.406318 11.894111 1
5.96 -7.83 1.86 22.12 1.55 45.406318 11.894111 1
5.92 -7.77 1.81 23.79 1.55 45.406318 11.894111 1
5.91 -7.77 1.81 22.96 1.55 45.406318 11.894111 1
5.89 -7.76 1.96 22.96 1.55 45.406318 11.894111 1
5.77 -7.81 1.95 22.04 1.55 45.406318 11.894111 1
5.75 -8.01 1.69 21.57 1.55 45.406318 11.894111 1
5.86 -8.1 1.6 21.93 1.55 45.406318 11.894111 1
5.75 -7.89 1.83 23.15 1.82 45.406321 11.894136 0
5.53 -7.71 1.97 22.0 1.82 45.406321 11.894136 1
5.64 -7.87 1.86 22.45 1.82 45.406321 11.894136 1
5.93 -8.01 1.8 21.42 1.82 45.406321 11.894136 0
6.02 -7.79 1.83 21.44 1.82 45.406321 11.894136 1
6.06 -7.55 1.72 21.81 1.82 45.406321 11.894136 1
6.15 -7.56 1.53 21.4 1.82 45.406321 11.894136 1
