5.43 -7.69 1.88 23.26 1.86 45.406327 11.894032 1
5.71 -7.73 2.05 22.45 1.86 45.406327 11.894032 1
6.09 -7.94 1.9 22.04 1.86 45.406327 11.894032 1
6.14 -7.88 1.63 22.0 1.86 45.406327 11.894032 1
5.93 -7.72 1.74 22.5 1.86 45.406327 11.894032 1
5.75 -7.67 1.98 22.88 1.86 45.406327 11.894032 1
5.85 -7.68 1.73 22.36 1.86 45.406327 11.894032 1
6.27 -7.87 1.34 22.71 1.86 45.406327 11.894032 1
6.42 -8.11 1.47 21.95 1.86 45.406327 11.894032 1
5.8 -7.93 1.91 22.45 1.86 45.406327 11.894032 1
5.12 -7.59 2.1 21.93 1.86 45.406327 11.894032 1
5.36 -7.79 1.98 21.37 2.42 45.406323 11.894062 0
6.06 -8.15 1.7 21.23 2.42 45.406323 11.894062 1
6.15 -7.96 1.37 21.33 2.42 45.406323 11.894062 0
5.82 -7.66 1.27 22.52 2.42 45.406323 11.894062 1
5.86 -7.71 1.49 22.9 2.42 45.406323 11.894062 1
6.17 -7.68 1.64 22.24 2.42 45.406323 11.894062 1
6.27 -7.66 1.59 21.39 2.42 45.406323 11.894062 1
6.16 -8.07 1.64 21.75 2.42 45.406323 11.894062 1
5.98 -8.23 1.91 23.15 2.42 45.406323 11.894062 1
5.87 -7.74 2.09 22.0 2.42 45.406323 11.894062 1
5.97 -7.63 2.03 21.85 2.42 45.406323 11.894062 1
6.01 -8.21 1.88 22.0 2.42 45.406323 11.894062 1
5.67 -8.31 1.79 22.07 2.42 45.406323 11.894062 1
5.37 -7.77 1.74 22.11 2.42 45.406323 11.894062 1
5.55 -7.72 1.75 22.0 2.42 45.406323 11.894062 1
5.77 -8.14 1.8 22.38 2.42 45.406323 11.894062 1
5.75 -8.12 1.75 22.31 2.42 45.406323 11.894062 1
5.84 -7.76 1.67 21.57 2.08 45.406315 11.894090 0
5.97 -7.73 1.79 22.04 2.08 45.406315 11.894090 1
5.76 -7.91 2.01 23.41 2.08 45.406315 11.894090 1
5.62 -7.97 1.96 21.8 2.08 45.406315 11.894090 0
5.96 -8.1 1.74 21.69 2.08 45.406315 11.894090 1
6.2 -8.33 1.77 22.02 2.08 45.406315 11.894090 1
5.84 -8.17 1.97 23.07 2.08 45.406315 11.894090 1
