7.39 -10.33 2.18 22.83 2.16 45.406309 11.894346 1
4.89 -7.81 2.42 25.45 2.16 45.406309 11.894346 1
3.19 -3.77 1.66 26.1 2.16 45.406309 11.894346 1
5.0 -5.44 0.3 23.1 2.16 45.406309 11.894346 1
6.76 -11.15 0.32 21.23 2.16 45.406309 11.894346 1
6.43 -13.22 1.56 20.56 2.16 45.406309 11.894346 1
5.61 -10.32 2.01 21.2 2.16 45.406309 11.894346 1
4.74 -7.14 1.55 21.75 2.16 45.406309 11.894346 1
3.92 -6.02 1.47 23.92 2.16 45.406309 11.894346 1
4.74 -6.19 1.66 21.8 2.16 45.406309 11.894346 1
6.87 -7.11 1.71 20.19 2.16 45.406309 11.894346 1
7.86 -8.16 1.99 20.48 2.53 45.406301 11.894379 0
7.07 -8.36 2.28 21.52 2.53 45.406301 11.894379 1
5.52 -7.5 2.1 24.11 2.53 45.406301 11.894379 0
4.12 -6.63 1.99 24.25 2.53 45.406301 11.894379 1
4.15 -7.33 2.18 24.47 2.53 45.406301 11.894379 1
5.68 -9.74 1.98 22.84 2.53 45.406301 11.894379 1
6.29 -11.04 1.39 22.95 2.53 45.406301 11.894379 1
5.13 -9.01 1.23 24.64 2.53 45.406301 11.894379 1
4.68 -6.42 1.64 21.15 2.53 45.406301 11.894379 1
5.87 -7.12 2.13 20.41 2.53 45.406301 11.894379 1
6.72 -9.53 2.24 20.37 2.53 45.406301 11.894379 1
6.32 -9.26 1.77 22.5 2.53 45.406301 11.894379 1
5.74 -6.43 1.19 23.14 2.53 45.406301 11.894379 1
5.8 -5.14 1.26 23.27 2.53 45.406301 11.894379 1
6.64 -6.91 1.71 22.84 2.53 45.406301 11.894379 1
7.31 -8.96 1.72 23.58 2.53 45.406301 11.894379 1
6.28 -9.03 1.44 22.48 2.53 45.406301 11.894379 1
4.46 -8.06 1.44 23.26 2.53 45.406301 11.894379 1
4.51 -7.58 1.62 22.09 2.63 45.406298 11.894415 0
5.97 -7.8 1.71 22.24 2.63 45.406298 11.894415 1
6.09 -8.54 1.77 22.76 2.63 45.406298 11.894415 0
5.2 -9.16 1.74 21.73 2.63 45.406298 11.894415 1
5.43 -8.51 1.62 23.51 2.63 45.406298 11.894415 1
6.05 -7.08 1.68 22.55 2.63 45.406298 11.894415 1
