5.92 -7.59 1.72 21.85 2.98 45.408027 11.888366 1
6.02 -7.7 2.01 21.9 2.98 45.408027 11.888366 1
6.02 -7.75 1.82 22.0 2.98 45.408027 11.888366 1
5.84 -7.86 1.42 21.95 2.98 45.408027 11.888366 1
5.78 -8.06 1.34 22.0 2.98 45.408027 11.888366 1
5.96 -8.07 1.61 22.0 2.98 45.408027 11.888366 1
6.05 -7.78 1.83 22.02 2.98 45.408027 11.888366 1
5.9 -7.5 1.8 22.16 2.98 45.408027 11.888366 1
5.82 -7.56 1.75 21.69 2.98 45.408027 11.888366 1
5.91 -7.82 1.86 22.48 2.98 45.408027 11.888366 1
6.0 -7.91 1.96 21.97 2.98 45.408027 11.888366 1
6.03 -7.76 1.95 22.04 2.98 45.408027 11.888366 1
6.06 -7.65 1.99 21.92 2.98 45.408027 11.888366 1
6.04 -7.74 2.11 21.87 2.75 45.408016 11.888327 0
5.89 -7.89 2.12 21.9 2.75 45.408016 11.888327 1
5.77 -7.95 2.03 21.9 2.75 45.408016 11.888327 0
5.78 -7.93 1.96 21.97 2.75 45.408016 11.888327 1
5.89 -7.83 1.85 21.59 2.75 45.408016 11.888327 1
6.09 -7.67 1.69 22.04 2.75 45.408016 11.888327 1
6.26 -7.62 1.68 21.93 2.75 45.408016 11.888327 1
6.2 -7.7 1.8 21.52 2.75 45.408016 11.888327 1
6.01 -7.76 1.73 22.11 2.75 45.408016 11.888327 1
6.02 -7.76 1.49 22.0 2.75 45.408016 11.888327 1
6.16 -7.78 1.52 21.52 2.75 45.408016 11.888327 1
6.14 -7.78 1.77 22.0 2.75 45.408016 11.888327 1
5.92 -7.81 1.74 22.0 2.75 45.408016 11.888327 1
5.73 -7.89 1.47 22.05 2.75 45.408016 11.888327 1
5.72 -7.89 1.49 21.57 2.75 45.408016 11.888327 1
5.9 -7.76 1.81 22.05 2.75 45.408016 11.888327 1
6.02 -7.77 1.95 21.99 2.75 45.408016 11.888327 1
5.9 -7.89 1.85 22.0 2.75 45.408016 11.888327 1
5.81 -7.82 1.72 22.05 3.35 45.408006 11.888284 0
5.99 -7.68 1.64 22.0 3.35 45.408006 11.888284 1
6.22 -7.78 1.76 21.92 3.35 45.408006 11.888284 0
6.24 -7.83 2.05 21.93 3.35 45.408006 11.888284 1
