6.27 -7.73 1.79 21.32 2.69 45.407989 11.888219 1
6.17 -7.71 2.08 21.93 2.69 45.407989 11.888219 1
5.88 -7.97 2.05 22.0 2.69 45.407989 11.888219 1
5.69 -7.99 1.6 22.05 2.69 45.407989 11.888219 1
5.62 -7.9 1.32 22.05 2.69 45.407989 11.888219 1
5.69 -8.03 1.54 22.05 2.69 45.407989 11.888219 1
5.96 -7.98 1.84 22.09 2.69 45.407989 11.888219 1
6.15 -7.66 1.85 22.05 2.69 45.407989 11.888219 1
5.98 -7.63 1.76 22.02 2.69 45.407989 11.888219 1
5.84 -7.81 1.83 21.64 2.69 45.407989 11.888219 1
6.07 -7.76 2.01 22.05 2.69 45.407989 11.888219 1
6.32 -7.58 2.11 21.61 2.69 45.407989 11.888219 1
6.24 -7.58 2.05 21.54 2.69 45.407989 11.888219 1
6.05 -7.66 2.02 21.49 2.94 45.407967 11.888184 0
5.98 -7.75 2.08 21.85 2.94 45.407967 11.888184 1
5.85 -7.88 1.99 21.39 2.94 45.407967 11.888184 0
5.67 -7.88 1.63 21.69 2.94 45.407967 11.888184 1
5.66 -7.78 1.4 21.75 2.94 45.407967 11.888184 1
5.8 -7.81 1.56 21.97 2.94 45.407967 11.888184 1
5.94 -7.85 1.78 22.07 2.94 45.407967 11.888184 1
6.09 -7.63 1.79 22.14 2.94 45.407967 11.888184 1
6.19 -7.44 1.74 22.14 2.94 45.407967 11.888184 1
6.1 -7.66 1.78 22.04 2.94 45.407967 11.888184 1
6.07 -7.95 1.84 21.57 2.94 45.407967 11.888184 1
6.2 -7.92 1.87 22.05 2.94 45.407967 11.888184 1
6.09 -7.86 1.87 22.11 2.94 45.407967 11.888184 1
5.64 -8.03 1.79 22.16 2.94 45.407967 11.888184 1
5.48 -8.1 1.69 22.02 2.94 45.407967 11.888184 1
5.85 -7.9 1.7 21.95 2.94 45.407967 11.888184 1
6.12 -7.83 1.78 21.78 2.94 45.407967 11.888184 1
5.91 -8.02 1.8 21.44 2.94 45.407967 11.888184 1
5.62 -8.02 1.73 21.54 2.56 45.407957 11.888152 0
5.6 -7.72 1.64 21.93 2.56 45.407957 11.888152 1
5.81 -7.61 1.58 21.45 2.56 45.407957 11.888152 0
6.06 -7.85 1.64 21.81 2.56 45.407957 11.888152 1
