6.14 -8.06 1.8 21.9 2.56 45.407957 11.888152 1
5.95 -7.97 1.83 22.36 2.56 45.407957 11.888152 1
5.7 -7.82 1.67 21.83 2.56 45.407957 11.888152 1
5.62 -7.79 1.57 21.83 2.56 45.407957 11.888152 1
5.66 -7.82 1.6 21.83 2.56 45.407957 11.888152 1
5.66 -7.81 1.62 21.83 2.56 45.407957 11.888152 1
5.64 -7.8 1.58 21.82 2.56 45.407957 11.888152 1
5.65 -7.81 1.58 21.84 2.56 45.407957 11.888152 1
5.65 -7.8 1.61 21.83 2.56 45.407957 11.888152 1
5.64 -7.79 1.6 21.84 2.56 45.407957 11.888152 1
5.65 -7.81 1.59 21.84 2.56 45.407957 11.888152 1
5.65 -7.81 1.6 21.83 2.56 45.407957 11.888152 1
5.64 -7.8 1.6 21.83 2.56 45.407957 11.888152 1
5.64 -7.8 1.59 21.82 2.56 45.407957 11.888152 1
5.65 -7.81 1.6 21.83 2.56 45.407957 11.888152 1
5.65 -7.8 1.61 21.84 2.56 45.407957 11.888152 1
5.65 -7.79 1.59 21.83 2.56 45.407957 11.888152 1
5.65 -7.8 1.59 21.83 2.56 45.407957 11.888152 1
5.65 -7.8 1.6 21.82 2.56 45.407957 11.888152 1
5.65 -7.8 1.59 21.83 2.56 45.407957 11.888152 1
5.64 -7.79 1.59 21.82 2.56 45.407957 11.888152 1
5.65 -7.8 1.6 21.82 2.56 45.407957 11.888152 1
5.65 -7.8 1.61 21.83 2.56 45.407957 11.888152 1
5.66 -7.8 1.61 21.84 2.56 45.407957 11.888152 1
5.65 -7.79 1.61 21.84 2.56 45.407957 11.888152 1
5.65 -7.8 1.61 21.84 2.56 45.407957 11.888152 1
5.64 -7.8 1.59 21.84 2.56 45.407957 11.888152 1
5.64 -7.8 1.59 21.84 2.56 45.407957 11.888152 1
5.64 -7.79 1.6 21.83 2.56 45.407957 11.888152 1
5.65 -7.8 1.6 21.84 2.56 45.407957 11.888152 1
5.65 -7.8 1.59 21.84 2.56 45.407957 11.888152 1
5.65 -7.8 1.6 21.83 2.56 45.407957 11.888152 1
5.65 -7.81 1.59 21.82 2.56 45.407957 11.888152 1
5.65 -7.81 1.59 21.84 2.56 45.407957 11.888152 1
5.65 -7.8 1.6 21.83 2.56 45.407957 11.888152 1
