5.72 -7.92 1.69 21.9 3.31 45.408336 11.889950 0 0
6.28 -7.65 2.07 21.45 3.31 45.408336 11.889950 1 0
6.02 -8.0 1.52 22.11 3.31 45.408336 11.889950 1 0
6.29 -7.82 1.6 21.8 3.31 45.408336 11.889950 0 0
5.64 -8.01 1.72 21.92 3.31 45.408336 11.889950 1 0
5.66 -7.66 2.12 22.24 3.31 45.408336 11.889950 1 0
5.73 -8.04 1.74 22.0 3.31 45.408336 11.889950 1 0
5.63 -8.1 1.61 22.0 3.31 45.408336 11.889950 1 0
5.74 -7.99 1.82 22.05 3.31 45.408336 11.889950 1 0
5.55 -7.86 1.9 22.05 3.31 45.408336 11.889950 1 0
6.27 -7.89 1.83 21.61 3.31 45.408336 11.889950 1 0
6.02 -7.9 1.84 22.14 3.31 45.408336 11.889950 1 0
6.08 -7.54 1.98 22.17 3.31 45.408336 11.889950 1 0
6.0 -7.72 1.67 21.71 3.31 45.408336 11.889950 1 0
5.93 -8.01 1.62 22.05 3.31 45.408336 11.889950 1 0
5.87 -8.17 1.64 22.04 3.31 45.408336 11.889950 1 0
5.73 -7.88 1.75 22.0 3.31 45.408336 11.889950 1 0
5.57 -7.77 1.41 21.92 3.31 45.408336 11.889950 1 0
5.91 -7.97 1.67 21.95 2.31 45.408334 11.889916 0 0
5.96 -7.77 1.59 21.95 2.31 45.408334 11.889916 1 0
5.88 -8.07 1.73 21.92 2.31 45.408334 11.889916 0 0
5.87 -7.73 1.87 21.95 2.31 45.408334 11.889916 1 0
6.09 -7.89 1.99 21.95 2.31 45.408334 11.889916 1 0
6.19 -7.76 2.19 22.0 2.31 45.408334 11.889916 1 0
6.01 -7.63 1.91 22.04 2.31 45.408334 11.889916 1 0
5.89 -7.64 1.69 21.97 2.31 45.408334 11.889916 1 0
5.88 -7.97 2.21 21.9 2.31 45.408334 11.889916 1 0
6.07 -8.28 1.91 22.0 2.31 45.408334 11.889916 1 0
5.5 -7.91 1.95 21.76 2.31 45.408334 11.889916 1 0
5.59 -7.85 1.77 21.8 2.31 45.408334 11.889916 1 0
5.82 -7.98 1.79 22.12 2.31 45.408334 11.889916 1 0
5.82 -7.76 1.83 22.05 2.31 45.408334 11.889916 1 0
5.97 -7.94 1.84 21.61 2.31 45.408334 11.889916 1 0
6.01 -7.78 1.68 22.02 2.31 45.408334 11.889916 1 0
6.03 -7.76 1.64 21.87 2.31 45.408334 11.889916 1 0
