5.51 -7.9 1.52 22.14 3.49 45.408397 11.890154 0 0
5.56 -7.88 1.63 22.12 3.49 45.408397 11.890154 1 0
5.7 -7.94 1.76 22.02 3.49 45.408397 11.890154 1 0
6.02 -7.93 1.8 21.92 3.49 45.408397 11.890154 0 0
6.33 -7.84 1.83 21.76 3.49 45.408397 11.890154 1 0
6.35 -7.77 1.85 21.9 3.49 45.408397 11.890154 1 0
6.18 -7.6 1.69 21.69 3.49 45.408397 11.890154 1 0
6.14 -7.36 1.45 22.05 3.49 45.408397 11.890154 1 0
6.01 -7.69 1.49 21.87 3.49 45.408397 11.890154 1 0
5.48 -8.63 1.62 21.92 3.49 45.408397 11.890154 1 0
5.02 -9.01 1.49 21.56 3.49 45.408397 11.890154 1 0
5.27 -8.25 1.48 22.04 3.49 45.408397 11.890154 1 0
5.84 -7.49 1.87 22.52 3.49 45.408397 11.890154 1 0
5.97 -7.67 2.13 22.05 3.49 45.408397 11.890154 1 0
5.81 -8.02 2.0 22.11 3.49 45.408397 11.890154 1 0
5.95 -7.81 2.03 21.61 3.49 45.408397 11.890154 1 0
6.23 -7.55 2.31 22.04 3.49 45.408397 11.890154 1 0
6.18 -7.67 2.29 22.0 3.49 45.408397 11.890154 1 0
5.94 -7.85 1.97 21.85 2.64 45.408384 11.890124 0 0
5.85 -7.9 1.79 21.97 2.64 45.408384 11.890124 1 0
5.81 -7.99 1.78 22.0 2.64 45.408384 11.890124 0 0
5.62 -8.06 1.74 22.05 2.64 45.408384 11.890124 1 0
5.52 -8.02 1.77 21.93 2.64 45.408384 11.890124 1 0
5.71 -7.99 1.92 21.51 2.64 45.408384 11.890124 1 0
5.82 -8.01 1.97 21.54 2.64 45.408384 11.890124 1 0
5.64 -7.88 1.92 21.95 2.64 45.408384 11.890124 1 0
5.62 -7.7 1.87 22.07 2.64 45.408384 11.890124 1 0
6.02 -7.78 1.77 21.56 2.64 45.408384 11.890124 1 0
6.26 -7.99 1.67 21.97 2.64 45.408384 11.890124 1 0
5.94 -7.89 1.68 22.16 2.64 45.408384 11.890124 1 0
5.61 -7.63 1.72 22.12 2.64 45.408384 11.890124 1 0
5.73 -7.8 1.66 21.61 2.64 45.408384 11.890124 1 0
5.99 -8.25 1.63 21.52 2.64 45.408384 11.890124 1 0
6.03 -8.19 1.71 22.12 2.64 45.408384 11.890124 1 0
5.88 -7.63 1.74 21.75 2.64 45.408384 11.890124 1 0
