5.67 -8.01 2.18 22.52 2.93 45.408366 11.890121 0
5.51 -8.15 1.88 22.02 2.93 45.408366 11.890121 1
5.54 -8.13 1.83 22.05 2.93 45.408366 11.890121 1
5.69 -8.05 1.9 21.87 2.93 45.408366 11.890121 1
5.77 -7.95 1.93 21.64 2.93 45.408366 11.890121 1
5.8 -7.7 1.96 22.04 2.93 45.408366 11.890121 0
5.97 -7.48 2.03 21.95 2.93 45.408366 11.890121 1
6.18 -7.63 2.04 21.87 2.93 45.408366 11.890121 0
6.12 -7.94 2.0 22.31 2.93 45.408366 11.890121 1
5.82 -7.96 1.91 22.42 2.93 45.408366 11.890121 1
5.72 -7.78 1.77 21.59 2.93 45.408366 11.890121 1
5.98 -7.79 1.68 21.52 2.93 45.408366 11.890121 1
6.12 -7.88 1.7 21.88 2.93 45.408366 11.890121 1
5.87 -7.83 1.67 22.16 2.93 45.408366 11.890121 1
5.69 -7.81 1.46 22.16 2.93 45.408366 11.890121 1
5.85 -7.94 1.35 22.05 2.93 45.408366 11.890121 1
5.99 -8.03 1.52 21.97 2.93 45.408366 11.890121 1
5.91 -7.97 1.68 22.11 2.93 45.408366 11.890121 1
5.9 -7.84 1.67 22.14 2.93 45.408366 11.890121 1
6.08 -7.69 1.75 21.75 2.93 45.408366 11.890121 1
6.18 -7.6 1.97 22.12 2.93 45.408366 11.890121 1
6.08 -7.71 2.05 21.99 2.93 45.408366 11.890121 1
6.02 -7.87 1.91 21.83 3.0 45.408352 11.890089 0
6.08 -7.85 1.85 21.35 3.0 45.408352 11.890089 1
6.07 -7.76 1.96 21.85 3.0 45.408352 11.890089 0
5.91 -7.81 2.05 22.04 3.0 45.408352 11.890089 1
5.78 -7.85 1.92 21.88 3.0 45.408352 11.890089 1
5.79 -7.83 1.68 21.93 3.0 45.408352 11.890089 1
5.84 -7.93 1.6 21.54 3.0 45.408352 11.890089 1
5.83 -8.04 1.67 21.99 3.0 45.408352 11.890089 1
5.77 -7.86 1.7 22.05 3.0 45.408352 11.890089 1
5.81 -7.69 1.63 22.11 3.0 45.408352 11.890089 1
6.02 -7.86 1.62 22.0 3.0 45.408352 11.890089 1
6.22 -7.97 1.74 22.11 3.0 45.408352 11.890089 1
6.15 -7.69 1.86 21.76 3.0 45.408352 11.890089 1
5.93 -7.49 1.87 22.21 3.0 45.408352 11.890089 1
5.89 -7.74 1.79 22.09 3.0 45.408352 11.890089 1
6.0 -8.07 1.72 21.56 3.0 45.408352 11.890089 1
5.89 -8.21 1.66 21.76 3.0 45.408352 11.890089 1
5.59 -8.19 1.6 21.54 3.0 45.408352 11.890089 1
5.48 -7.93 1.58 21.56 3.15 45.408340 11.890052 0
5.76 -7.67 1.6 21.49 3.15 45.408340 11.890052 1
6.16 -7.87 1.57 21.39 3.15 45.408340 11.890052 0
6.26 -8.17 1.51 21.64 3.15 45.408340 11.890052 1
6.0 -7.83 1.63 22.23 3.15 45.408340 11.890052 1
5.75 -7.26 1.93 22.26 3.15 45.408340 11.890052 1
5.83 -7.45 2.1 22.0 3.15 45.408340 11.890052 1
6.03 -8.12 2.04 21.69 3.15 45.408340 11.890052 1
6.01 -8.33 2.0 21.8 3.15 45.408340 11.890052 1
5.82 -8.03 2.06 21.97 3.15 45.408340 11.890052 1
5.7 -7.72 2.05 22.14 3.15 45.408340 11.890052 1
5.62 -7.61 1.94 22.16 3.15 45.408340 11.890052 1
5.63 -7.75 1.89 22.05 3.15 45.408340 11.890052 1
5.85 -8.02 1.91 22.0 3.15 45.408340 11.890052 1
6.05 -8.02 1.91 22.07 3.15 45.408340 11.890052 1
5.92 -7.68 1.89 22.16 3.15 45.408340 11.890052 1
5.65 -7.56 1.88 22.45 3.15 45.408340 11.890052 1
5.75 -7.79 1.86 21.97 3.23 45.408326 11.890019 0
6.17 -7.88 1.76 21.44 3.23 45.408326 11.890019 1
6.38 -7.78 1.6 21.85 3.23 45.408326 11.890019 0
6.16 -7.8 1.53 21.51 3.23 45.408326 11.890019 1
5.79 -7.86 1.65 21.92 3.23 45.408326 11.890019 1
5.66 -7.87 1.74 21.95 3.23 45.408326 11.890019 1
5.8 -8.01 1.61 21.97 3.23 45.408326 11.890019 1
5.9 -8.07 1.4 22.04 3.23 45.408326 11.890019 1
5.77 -7.75 1.42 22.09 3.23 45.408326 11.890019 1
5.73 -7.57 1.67 22.16 3.23 45.408326 11.890019 1
6.01 -7.92 1.88 21.97 3.23 45.408326 11.890019 1
6.18 -8.18 1.85 22.0 3.23 45.408326 11.890019 1
5.97 -7.8 1.73 22.11 3.23 45.408326 11.890019 1
5.9 -7.4 1.74 22.05 3.23 45.408326 11.890019 1
6.19 -7.53 1.84 22.02 3.23 45.408326 11.890019 1
6.24 -7.87 1.85 22.05 3.23 45.408326 11.890019 1
5.79 -7.98 1.78 22.04 3.23 45.408326 11.890019 1
5.51 -7.9 1.79 21.9 3.23 45.408326 11.890019 1
5.75 -7.91 1.85 21.78 2.73 45.408319 11.889981 0
6.05 -8.07 1.85 21.75 2.73 45.408319 11.889981 1
6.01 -8.03 1.84 23.44 2.73 45.408319 11.889981 0
5.75 -7.61 1.85 22.36 2.73 45.408319 11.889981 1
5.63 -7.39 1.84 23.05 2.73 45.408319 11.889981 1
5.95 -7.76 1.83 21.9 2.73 45.408319 11.889981 1
6.39 -8.15 1.85 21.69 2.73 45.408319 11.889981 1
6.31 -8.01 1.78 22.16 2.73 45.408319 11.889981 1
5.85 -7.69 1.61 21.61 2.73 45.408319 11.889981 1
5.75 -7.64 1.56 22.07 2.73 45.408319 11.889981 1
5.93 -7.82 1.64 22.11 2.73 45.408319 11.889981 1
5.84 -7.97 1.65 22.21 2.73 45.408319 11.889981 1
5.61 -7.92 1.69 22.12 2.73 45.408319 11.889981 1
5.66 -7.88 1.85 21.85 2.73 45.408319 11.889981 1
5.86 -8.14 1.93 21.85 2.73 45.408319 11.889981 1
5.98 -8.23 1.88 21.59 2.73 45.408319 11.889981 1
6.02 -7.66 1.95 22.16 2.73 45.408319 11.889981 1
5.91 -7.2 2.12 21.95 2.91 45.408315 11.889941 0
5.78 -7.59 2.07 21.64 2.91 45.408315 11.889941 1
5.95 -8.06 1.84 21.83 2.91 45.408315 11.889941 0
6.21 -7.94 1.74 21.71 2.91 45.408315 11.889941 1
6.12 -7.8 1.82 21.66 2.91 45.408315 11.889941 1
5.87 -7.89 1.91 21.93 2.91 45.408315 11.889941 1
5.82 -7.76 2.01 21.69 2.91 45.408315 11.889941 1
5.84 -7.61 2.07 21.75 2.91 45.408315 11.889941 1
5.77 -7.84 1.92 21.73 2.91 45.408315 11.889941 1
5.78 -8.12 1.65 22.11 2.91 45.408315 11.889941 1
5.91 -8.08 1.53 21.92 2.91 45.408315 11.889941 1
6.02 -7.93 1.53 21.85 2.91 45.408315 11.889941 1
6.09 -7.79 1.52 21.56 2.91 45.408315 11.889941 1
6.12 -7.58 1.55 22.11 2.91 45.408315 11.889941 1
6.01 -7.46 1.65 22.28 2.91 45.408315 11.889941 1
5.94 -7.52 1.64 22.26 2.91 45.408315 11.889941 1
6.12 -7.72 1.6 22.04 2.91 45.408315 11.889941 1
6.28 -8.03 1.73 21.8 2.91 45.408315 11.889941 1
6.06 -8.2 1.85 21.83 2.88 45.408306 11.889906 0
5.61 -7.97 1.73 21.99 2.88 45.408306 11.889906 1
5.42 -7.62 1.56 22.0 2.88 45.408306 11.889906 0
5.66 -7.7 1.61 21.75 2.88 45.408306 11.889906 1
6.01 -8.07 1.75 21.63 2.88 45.408306 11.889906 1
6.05 -8.13 1.84 21.47 2.88 45.408306 11.889906 1
5.83 -7.72 1.97 21.99 2.88 45.408306 11.889906 1
5.73 -7.35 2.1 22.0 2.88 45.408306 11.889906 1
5.92 -7.52 2.1 21.54 2.88 45.408306 11.889906 1
6.11 -7.92 1.99 22.0 2.88 45.408306 11.889906 1
6.04 -7.9 1.92 22.48 2.88 45.408306 11.889906 1
5.86 -7.61 1.94 22.16 2.88 45.408306 11.889906 1
5.82 -7.71 2.0 21.59 2.88 45.408306 11.889906 1
5.95 -8.08 2.0 22.42 2.88 45.408306 11.889906 1
5.97 -8.09 1.9 22.21 2.88 45.408306 11.889906 1
5.77 -7.8 1.76 22.17 2.88 45.408306 11.889906 1
5.67 -7.72 1.66 22.09 2.88 45.408306 11.889906 1
5.92 -7.86 1.48 22.4 3.58 45.408287 11.889867 0
6.12 -7.9 1.32 21.45 3.58 45.408287 11.889867 1
5.99 -7.81 1.49 21.45 3.58 45.408287 11.889867 0
5.92 -7.74 1.78 21.8 3.58 45.408287 11.889867 1
6.03 -7.75 1.8 21.9 3.58 45.408287 11.889867 1
5.9 -7.82 1.69 22.0 3.58 45.408287 11.889867 1
5.63 -7.87 1.8 21.88 3.58 45.408287 11.889867 1
5.72 -7.86 1.93 21.9 3.58 45.408287 11.889867 1
5.91 -7.97 1.87 21.85 3.58 45.408287 11.889867 1
5.76 -8.1 1.81 22.09 3.58 45.408287 11.889867 1
5.61 -7.94 1.84 22.19 3.58 45.408287 11.889867 1
5.79 -7.63 1.9 22.62 3.58 45.408287 11.889867 1
5.98 -7.63 2.06 21.57 3.58 45.408287 11.889867 1
6.05 -7.89 2.19 21.54 3.58 45.408287 11.889867 1
6.14 -7.92 1.96 22.05 3.58 45.408287 11.889867 1
6.04 -7.69 1.58 22.21 3.58 45.408287 11.889867 1
5.74 -7.66 1.57 22.12 3.58 45.408287 11.889867 1
5.76 -7.89 1.85 21.64 3.58 45.408287 11.889867 1
6.01 -8.02 1.95 22.0 2.69 45.408276 11.889838 0
5.91 -7.93 1.83 22.36 2.69 45.408276 11.889838 1
5.63 -7.89 1.71 21.95 2.69 45.408276 11.889838 0
5.72 -8.01 1.65 21.49 2.69 45.408276 11.889838 1
5.96 -8.0 1.75 21.9 2.69 45.408276 11.889838 1
5.96 -7.78 1.91 22.02 2.69 45.408276 11.889838 1
5.95 -7.66 1.84 22.07 2.69 45.408276 11.889838 1
6.09 -7.79 1.61 21.9 2.69 45.408276 11.889838 1
6.14 -7.9 1.59 22.07 2.69 45.408276 11.889838 1
6.07 -7.83 1.66 22.07 2.69 45.408276 11.889838 1
6.03 -7.75 1.51 22.52 2.69 45.408276 11.889838 1
5.96 -7.87 1.44 22.09 2.69 45.408276 11.889838 1
5.79 -8.03 1.69 22.11 2.69 45.408276 11.889838 1
5.61 -8.04 1.86 22.07 2.69 45.408276 11.889838 1
5.58 -7.97 1.69 22.05 2.69 45.408276 11.889838 1
5.7 -7.97 1.58 22.11 2.69 45.408276 11.889838 1
5.84 -7.96 1.82 21.52 2.69 45.408276 11.889838 1
5.86 -7.82 2.08 21.92 3.71 45.408253 11.889803 0
5.91 -7.7 2.09 21.54 3.71 45.408253 11.889803 1
6.03 -7.67 1.99 22.0 3.71 45.408253 11.889803 1
5.97 -7.63 1.95 21.99 3.71 45.408253 11.889803 0
5.79 -7.62 1.93 21.9 3.71 45.408253 11.889803 1
5.82 -7.83 1.93 21.45 3.71 45.408253 11.889803 1
6.0 -8.05 1.92 21.3 3.71 45.408253 11.889803 1
5.88 -7.97 1.81 22.36 3.71 45.408253 11.889803 1
5.61 -7.77 1.63 22.09 3.71 45.408253 11.889803 1
5.64 -7.8 1.56 22.21 3.71 45.408253 11.889803 1
5.85 -7.97 1.65 22.07 3.71 45.408253 11.889803 1
5.86 -8.02 1.7 21.97 3.71 45.408253 11.889803 1
5.76 -7.92 1.62 22.11 3.71 45.408253 11.889803 1
5.81 -7.8 1.57 22.05 3.71 45.408253 11.889803 1
5.92 -7.79 1.6 22.11 3.71 45.408253 11.889803 1
5.94 -7.9 1.6 22.52 3.71 45.408253 11.889803 1
5.96 -7.85 1.66 22.11 3.71 45.408253 11.889803 1
6.07 -7.69 1.88 22.0 3.71 45.408253 11.889803 1
6.0 -7.86 2.05 21.95 3.67 45.408231 11.889767 0
5.55 -8.29 1.95 22.0 3.67 45.408231 11.889767 1
5.2 -8.29 1.75 22.04 3.67 45.408231 11.889767 0
5.5 -7.87 1.63 22.0 3.67 45.408231 11.889767 1
6.08 -7.77 1.62 21.44 3.67 45.408231 11.889767 1
6.18 -7.95 1.72 21.9 3.67 45.408231 11.889767 1
5.86 -7.88 1.87 21.88 3.67 45.408231 11.889767 1
5.79 -7.66 1.92 22.83 3.67 45.408231 11.889767 1
6.02 -7.63 1.92 22.31 3.67 45.408231 11.889767 1
6.09 -7.64 1.97 22.12 3.67 45.408231 11.889767 1
5.96 -7.68 1.99 22.09 3.67 45.408231 11.889767 1
5.88 -7.92 1.9 22.05 3.67 45.408231 11.889767 1
5.85 -8.07 1.9 21.64 3.67 45.408231 11.889767 1
5.81 -7.85 2.04 22.04 3.67 45.408231 11.889767 1
5.82 -7.75 2.03 21.69 3.67 45.408231 11.889767 1
5.86 -8.01 1.85 22.11 3.67 45.408231 11.889767 1
5.86 -8.08 1.73 22.04 3.67 45.408231 11.889767 1
5.89 -7.82 1.7 22.17 3.46 45.408210 11.889736 0
6.04 -7.73 1.66 22.04 3.46 45.408210 11.889736 1
6.19 -7.89 1.65 22.04 3.46 45.408210 11.889736 1
6.17 -7.91 1.68 21.51 3.46 45.408210 11.889736 0
6.08 -7.9 1.71 21.97 3.46 45.408210 11.889736 1
6.1 -8.06 1.74 21.95 3.46 45.408210 11.889736 1
6.08 -8.1 1.75 22.09 3.46 45.408210 11.889736 1
5.78 -7.84 1.7 22.69 3.46 45.408210 11.889736 1
5.45 -7.71 1.69 22.14 3.46 45.408210 11.889736 1
5.59 -7.94 1.83 22.02 3.46 45.408210 11.889736 1
6.06 -8.16 2.04 21.59 3.46 45.408210 11.889736 1
6.2 -8.01 2.12 22.6 3.46 45.408210 11.889736 1
5.96 -7.7 2.0 22.16 3.46 45.408210 11.889736 1
5.92 -7.55 1.85 22.07 3.46 45.408210 11.889736 1
6.13 -7.67 1.92 21.95 3.46 45.408210 11.889736 1
6.18 -7.87 2.11 21.95 3.46 45.408210 11.889736 1
5.99 -7.93 2.04 22.52 3.46 45.408210 11.889736 1
5.8 -7.82 1.72 21.92 3.46 45.408210 11.889736 1
5.66 -7.78 1.56 21.97 3.08 45.408200 11.889697 0
5.66 -7.92 1.67 21.93 3.08 45.408200 11.889697 1
5.87 -8.0 1.8 21.9 3.08 45.408200 11.889697 0
6.05 -7.82 1.85 21.99 3.08 45.408200 11.889697 1
5.94 -7.58 1.86 22.0 3.08 45.408200 11.889697 1
5.82 -7.6 1.74 22.0 3.08 45.408200 11.889697 1
6.03 -7.82 1.64 21.88 3.08 45.408200 11.889697 1
6.28 -7.9 1.74 21.93 3.08 45.408200 11.889697 1
6.16 -7.8 1.86 21.59 3.08 45.408200 11.889697 1
5.87 -7.73 1.85 22.05 3.08 45.408200 11.889697 1
5.76 -7.81 1.86 22.07 3.08 45.408200 11.889697 1
5.76 -7.9 1.87 22.11 3.08 45.408200 11.889697 1
5.76 -7.86 1.73 21.64 3.08 45.408200 11.889697 1
5.85 -7.83 1.66 22.05 3.08 45.408200 11.889697 1
5.93 -7.95 1.79 22.02 3.08 45.408200 11.889697 1
5.9 -7.91 1.86 22.09 3.08 45.408200 11.889697 1
5.95 -7.56 1.83 21.99 3.08 45.408200 11.889697 1
6.07 -7.38 1.99 21.83 3.08 45.408200 11.889697 1
6.03 -7.67 2.04 21.51 2.76 45.408187 11.889664 0
6.0 -7.9 1.72 21.95 2.76 45.408187 11.889664 1
6.16 -7.8 1.54 21.8 2.76 45.408187 11.889664 0
5.96 -7.84 1.79 21.83 2.76 45.408187 11.889664 1
5.5 -8.06 1.99 21.88 2.76 45.408187 11.889664 1
5.75 -8.06 1.95 21.85 2.76 45.408187 11.889664 1
5.99 -7.95 1.88 22.0 2.76 45.408187 11.889664 1
4.91 -7.78 1.72 21.95 2.76 45.408187 11.889664 1
4.42 -7.68 1.7 22.0 2.76 45.408187 11.889664 1
6.66 -8.38 2.09 20.58 2.76 45.408187 11.889664 1
8.35 -9.09 2.18 21.8 2.76 45.408187 11.889664 1
6.21 -7.76 1.39 23.72 2.76 45.408187 11.889664 1
4.33 -6.04 0.76 25.79 2.76 45.408187 11.889664 1
7.14 -7.6 1.11 24.32 2.76 45.408187 11.889664 1
10.32 -10.32 1.55 22.96 2.76 45.408187 11.889664 1
8.44 -9.49 1.57 21.99 2.76 45.408187 11.889664 1
4.52 -7.09 1.71 21.63 2.76 45.408187 11.889664 1
3.8 -7.48 1.78 21.28 3.6 45.408184 11.889619 0
5.35 -8.72 1.35 21.47 3.6 45.408184 11.889619 1
6.01 -7.71 1.2 21.75 3.6 45.408184 11.889619 0
5.72 -6.52 1.88 21.9 3.6 45.408184 11.889619 1
5.55 -7.07 2.51 21.95 3.6 45.408184 11.889619 1
5.66 -7.7 2.48 21.78 3.6 45.408184 11.889619 1
6.06 -7.6 2.27 21.71 3.6 45.408184 11.889619 1
6.45 -7.76 2.19 22.57 3.6 45.408184 11.889619 1
6.26 -7.98 2.11 21.47 3.6 45.408184 11.889619 1
5.77 -7.76 2.04 22.07 3.6 45.408184 11.889619 1
5.63 -7.71 1.97 22.17 3.6 45.408184 11.889619 1
5.68 -7.96 1.81 21.76 3.6 45.408184 11.889619 1
5.63 -8.04 1.65 21.66 3.6 45.408184 11.889619 1
5.69 -8.07 1.6 21.56 3.6 45.408184 11.889619 1
5.84 -8.12 1.52 22.04 3.6 45.408184 11.889619 1
5.88 -7.85 1.51 22.11 3.6 45.408184 11.889619 1
5.96 -7.6 1.74 21.9 3.6 45.408184 11.889619 1
6.13 -7.77 1.93 21.85 2.91 45.408185 11.889578 0
6.08 -7.89 1.85 21.95 2.91 45.408185 11.889578 1
5.82 -7.66 1.85 21.99 2.91 45.408185 11.889578 1
5.73 -7.65 2.02 21.9 2.91 45.408185 11.889578 0
5.81 -8.04 1.97 21.81 2.91 45.408185 11.889578 1
5.75 -8.14 1.65 21.45 2.91 45.408185 11.889578 1
5.58 -7.86 1.55 22.05 2.91 45.408185 11.889578 1
5.55 -7.78 1.73 22.05 2.91 45.408185 11.889578 1
5.71 -7.97 1.8 22.0 2.91 45.408185 11.889578 1
5.95 -7.99 1.72 21.69 2.91 45.408185 11.889578 1
6.05 -7.89 1.72 22.07 2.91 45.408185 11.889578 1
5.85 -7.97 1.72 22.12 2.91 45.408185 11.889578 1
5.65 -8.08 1.67 21.73 2.91 45.408185 11.889578 1
5.82 -7.98 1.66 22.16 2.91 45.408185 11.889578 1
6.14 -7.86 1.64 22.11 2.91 45.408185 11.889578 1
6.03 -7.91 1.61 22.57 2.91 45.408185 11.889578 1
5.64 -7.94 1.8 22.62 2.91 45.408185 11.889578 1
5.55 -7.89 2.12 21.9 2.91 45.408185 11.889578 1
5.74 -7.93 2.11 21.97 2.58 45.408190 11.889539 0
5.86 -8.05 1.78 21.56 2.58 45.408190 11.889539 1
5.88 -8.02 1.6 22.0 2.58 45.408190 11.889539 0
5.9 -7.9 1.67 21.4 2.58 45.408190 11.889539 1
5.82 -7.91 1.78 21.87 2.58 45.408190 11.889539 1
5.76 -8.01 1.84 21.97 2.58 45.408190 11.889539 1
5.85 -7.99 1.88 22.05 2.58 45.408190 11.889539 1
5.87 -7.88 1.83 22.11 2.58 45.408190 11.889539 1
5.72 -7.86 1.75 22.09 2.58 45.408190 11.889539 1
5.72 -7.97 1.75 21.66 2.58 45.408190 11.889539 1
5.91 -8.11 1.77 21.93 2.58 45.408190 11.889539 1
5.93 -8.18 1.73 21.56 2.58 45.408190 11.889539 1
5.79 -8.06 1.71 22.05 2.58 45.408190 11.889539 1
5.81 -7.83 1.69 22.21 2.58 45.408190 11.889539 1
5.92 -7.71 1.63 22.14 2.58 45.408190 11.889539 1
5.95 -7.84 1.64 22.16 2.58 45.408190 11.889539 1
5.94 -7.99 1.77 22.0 2.58 45.408190 11.889539 1
5.87 -7.92 1.8 22.04 2.58 45.408190 11.889539 1
5.7 -7.81 1.71 22.42 3.41 45.408174 11.889496 0
5.72 -7.88 1.7 21.49 3.41 45.408174 11.889496 1
5.94 -8.06 1.79 21.39 3.41 45.408174 11.889496 0
5.91 -8.1 1.79 21.85 3.41 45.408174 11.889496 1
5.64 -7.96 1.69 22.04 3.41 45.408174 11.889496 1
5.57 -7.82 1.68 22.02 3.41 45.408174 11.889496 1
5.71 -7.78 1.72 22.03 3.41 45.408174 11.889496 1
5.71 -7.79 1.72 22.03 3.41 45.408174 11.889496 1
5.64 -7.8 1.7 22.02 3.41 45.408174 11.889496 1
5.68 -7.79 1.7 22.02 3.41 45.408174 11.889496 1
5.71 -7.79 1.72 22.02 3.41 45.408174 11.889496 1
5.66 -7.79 1.71 22.02 3.41 45.408174 11.889496 1
5.66 -7.79 1.72 22.03 3.41 45.408174 11.889496 1
5.7 -7.78 1.72 22.01 3.41 45.408174 11.889496 1
5.69 -7.79 1.7 22.03 3.41 45.408174 11.889496 1
5.67 -7.8 1.7 22.02 3.41 45.408174 11.889496 1
5.68 -7.8 1.71 22.01 3.41 45.408174 11.889496 1
5.69 -7.79 1.71 22.01 3.41 45.408174 11.889496 1
5.67 -7.79 1.71 22.03 3.41 45.408174 11.889496 1
5.67 -7.8 1.72 22.02 3.41 45.408174 11.889496 1
5.68 -7.8 1.72 22.01 3.41 45.408174 11.889496 1
5.68 -7.79 1.71 22.02 3.41 45.408174 11.889496 1
5.69 -7.79 1.71 22.03 3.41 45.408174 11.889496 1
5.69 -7.79 1.71 22.03 3.41 45.408174 11.889496 1
5.68 -7.78 1.71 22.01 3.41 45.408174 11.889496 1
5.68 -7.79 1.71 22.02 3.41 45.408174 11.889496 1
5.69 -7.79 1.72 22.02 3.41 45.408174 11.889496 1
5.68 -7.79 1.72 22.02 3.41 45.408174 11.889496 1
5.68 -7.78 1.71 22.02 3.41 45.408174 11.889496 1
5.68 -7.78 1.72 22.02 3.41 45.408174 11.889496 1
5.68 -7.79 1.72 22.01 3.41 45.408174 11.889496 1
5.68 -7.79 1.72 22.01 3.41 45.408174 11.889496 1
5.67 -7.79 1.71 22.02 3.41 45.408174 11.889496 1
5.68 -7.79 1.71 22.02 3.41 45.408174 11.889496 1
5.68 -7.79 1.71 22.03 3.41 45.408174 11.889496 1
5.68 -7.79 1.71 22.02 3.41 45.408174 11.889496 1
5.67 -7.79 1.71 22.01 3.41 45.408174 11.889496 1
5.67 -7.78 1.7 22.02 3.41 45.408174 11.889496 1
5.67 -7.79 1.71 22.03 3.41 45.408174 11.889496 1
5.68 -7.79 1.7 22.02 3.41 45.408174 11.889496 1
5.68 -7.79 1.7 22.03 3.41 45.408174 11.889496 1
5.68 -7.79 1.71 22.02 3.41 45.408174 11.889496 1
5.68 -7.79 1.71 22.02 3.41 45.408174 11.889496 1
5.67 -7.79 1.71 22.02 3.41 45.408174 11.889496 1
5.67 -7.79 1.7 22.02 3.41 45.408174 11.889496 1
5.68 -7.79 1.71 22.02 3.41 45.408174 11.889496 1
5.68 -7.78 1.72 22.01 3.41 45.408174 11.889496 1
