5.38 -8.26 1.87 21.85 3.19 45.408387 11.890127 0
5.89 -8.04 2.05 21.49 3.19 45.408387 11.890127 0
6.18 -7.71 2.07 22.35 3.19 45.408387 11.890127 1
6.29 -7.48 1.93 21.63 3.19 45.408387 11.890127 1
6.31 -7.45 1.79 22.04 3.19 45.408387 11.890127 1
6.18 -7.57 1.8 21.54 3.19 45.408387 11.890127 1
5.97 -7.87 1.87 21.81 3.19 45.408387 11.890127 1
5.9 -8.11 1.9 21.45 3.19 45.408387 11.890127 1
5.9 -7.99 1.9 22.07 3.19 45.408387 11.890127 1
5.68 -7.86 1.97 22.14 3.19 45.408387 11.890127 1
5.39 -8.14 1.97 22.5 3.19 45.408387 11.890127 1
5.44 -8.32 1.71 22.04 3.19 45.408387 11.890127 1
5.86 -7.97 1.33 21.61 3.19 45.408387 11.890127 1
6.21 -7.61 1.31 22.5 3.19 45.408387 11.890127 1
6.26 -7.59 1.69 21.64 3.19 45.408387 11.890127 1
6.22 -7.56 1.95 21.54 3.19 45.408387 11.890127 1
6.34 -7.39 1.8 22.0 3.19 45.408387 11.890127 1
6.47 -7.44 1.48 21.97 1.97 45.408378 11.890105 0
6.24 -7.69 1.32 21.56 1.97 45.408378 11.890105 1
5.82 -7.85 1.4 21.59 1.97 45.408378 11.890105 0
5.81 -7.88 1.64 21.95 1.97 45.408378 11.890105 1
6.08 -7.9 1.82 21.44 1.97 45.408378 11.890105 1
5.89 -8.04 1.8 21.45 1.97 45.408378 11.890105 1
5.41 -8.17 1.8 21.95 1.97 45.408378 11.890105 1
5.55 -8.01 2.04 21.51 1.97 45.408378 11.890105 1
6.16 -7.65 2.23 21.97 1.97 45.408378 11.890105 1
6.36 -7.53 2.07 22.07 1.97 45.408378 11.890105 1
6.15 -7.59 1.9 22.14 1.97 45.408378 11.890105 1
6.1 -7.46 2.0 22.14 1.97 45.408378 11.890105 1
6.17 -7.42 2.04 21.59 1.97 45.408378 11.890105 1
6.13 -7.81 1.8 21.97 1.97 45.408378 11.890105 1
6.11 -8.09 1.59 22.05 1.97 45.408378 11.890105 1
5.98 -7.83 1.65 22.19 1.97 45.408378 11.890105 1
5.63 -7.66 1.75 21.69 1.97 45.408378 11.890105 1
5.51 -7.98 1.72 21.83 3.13 45.408367 11.890072 0
5.79 -8.25 1.69 21.73 3.13 45.408367 11.890072 1
5.94 -8.03 1.69 21.8 3.13 45.408367 11.890072 0
5.81 -7.61 1.66 22.04 3.13 45.408367 11.890072 1
5.93 -7.45 1.66 21.44 3.13 45.408367 11.890072 1
6.27 -7.72 1.68 21.42 3.13 45.408367 11.890072 1
6.32 -8.07 1.63 21.99 3.13 45.408367 11.890072 1
6.07 -7.91 1.58 22.19 3.13 45.408367 11.890072 1
5.89 -7.44 1.68 22.24 3.13 45.408367 11.890072 1
5.83 -7.54 1.78 22.14 3.13 45.408367 11.890072 1
5.79 -8.21 1.66 21.85 3.13 45.408367 11.890072 1
5.77 -8.5 1.49 21.87 3.13 45.408367 11.890072 1
5.75 -8.09 1.53 21.64 3.13 45.408367 11.890072 1
5.67 -7.61 1.71 22.19 3.13 45.408367 11.890072 1
5.59 -7.52 1.89 22.55 3.13 45.408367 11.890072 1
5.73 -7.75 1.97 21.59 3.13 45.408367 11.890072 1
6.09 -8.02 1.92 21.87 3.13 45.408367 11.890072 1
6.34 -7.93 1.85 21.93 3.13 45.408367 11.890072 1
6.18 -7.55 1.85 22.11 2.01 45.408360 11.890047 0
5.84 -7.49 1.86 22.02 2.01 45.408360 11.890047 1
5.74 -7.91 1.82 21.9 2.01 45.408360 11.890047 0
5.83 -8.2 1.81 21.42 2.01 45.408360 11.890047 1
5.72 -8.1 1.83 22.0 2.01 45.408360 11.890047 1
5.49 -7.97 1.81 22.0 2.01 45.408360 11.890047 1
5.57 -7.98 1.84 21.56 2.01 45.408360 11.890047 1
5.87 -8.0 1.9 21.88 2.01 45.408360 11.890047 1
5.96 -7.96 1.79 22.26 2.01 45.408360 11.890047 1
5.83 -7.82 1.53 22.17 2.01 45.408360 11.890047 1
5.82 -7.78 1.47 22.04 2.01 45.408360 11.890047 1
5.94 -8.0 1.65 22.0 2.01 45.408360 11.890047 1
5.96 -8.09 1.79 22.0 2.01 45.408360 11.890047 1
5.92 -7.76 1.78 22.07 2.01 45.408360 11.890047 1
5.95 -7.6 1.73 22.05 2.01 45.408360 11.890047 1
5.89 -8.01 1.65 21.63 2.01 45.408360 11.890047 1
5.56 -8.24 1.54 21.59 2.01 45.408360 11.890047 1
5.37 -7.9 1.52 21.57 2.28 45.408352 11.890018 0
5.74 -7.78 1.59 21.81 2.28 45.408352 11.890018 1
6.27 -8.13 1.66 21.59 2.28 45.408352 11.890018 0
6.23 -8.18 1.79 21.54 2.28 45.408352 11.890018 1
5.7 -7.78 1.98 22.09 2.28 45.408352 11.890018 1
5.49 -7.49 2.1 22.09 2.28 45.408352 11.890018 1
5.9 -7.49 2.14 21.68 2.28 45.408352 11.890018 1
6.33 -7.74 2.11 22.21 2.28 45.408352 11.890018 1
6.25 -8.2 1.96 21.76 2.28 45.408352 11.890018 1
5.89 -8.33 1.8 21.97 2.28 45.408352 11.890018 1
5.68 -7.89 1.83 22.14 2.28 45.408352 11.890018 1
5.61 -7.67 1.93 21.8 2.28 45.408352 11.890018 1
5.61 -7.91 1.82 22.23 2.28 45.408352 11.890018 1
5.78 -7.88 1.7 22.57 2.28 45.408352 11.890018 1
6.0 -7.69 1.78 21.54 2.28 45.408352 11.890018 1
6.07 -8.04 1.87 21.49 2.28 45.408352 11.890018 1
6.02 -8.26 1.75 21.78 2.28 45.408352 11.890018 1
5.98 -7.68 1.64 21.75 2.28 45.408352 11.890018 1
5.88 -7.28 1.68 21.64 2.04 45.408349 11.889988 0
5.85 -7.7 1.73 21.69 2.04 45.408349 11.889988 1
6.02 -8.03 1.71 21.49 2.04 45.408349 11.889988 0
6.07 -7.99 1.69 21.76 2.04 45.408349 11.889988 1
5.83 -8.15 1.62 21.83 2.04 45.408349 11.889988 1
5.7 -8.19 1.5 21.99 2.04 45.408349 11.889988 1
5.88 -7.73 1.55 22.09 2.04 45.408349 11.889988 1
5.99 -7.51 1.85 22.19 2.04 45.408349 11.889988 1
5.83 -7.74 2.07 22.35 2.04 45.408349 11.889988 1
5.68 -7.81 1.93 21.75 2.04 45.408349 11.889988 1
5.84 -7.8 1.76 21.9 2.04 45.408349 11.889988 1
6.15 -8.06 1.88 21.76 2.04 45.408349 11.889988 1
6.23 -8.05 1.97 21.54 2.04 45.408349 11.889988 1
5.97 -7.6 1.75 22.19 2.04 45.408349 11.889988 1
5.72 -7.4 1.66 21.9 2.04 45.408349 11.889988 1
5.74 -7.63 2.0 22.12 2.04 45.408349 11.889988 1
5.9 -7.94 2.25 21.83 2.04 45.408349 11.889988 1
5.95 -8.27 2.0 21.9 1.7 45.408350 11.889965 0
5.78 -8.31 1.66 21.95 1.7 45.408350 11.889965 1
5.52 -7.81 1.65 22.04 1.7 45.408350 11.889965 0
5.59 -7.44 1.79 21.47 1.7 45.408350 11.889965 1
6.23 -7.69 1.87 21.73 1.7 45.408350 11.889965 1
6.68 -7.88 1.89 21.44 1.7 45.408350 11.889965 1
6.24 -7.64 1.8 21.99 1.7 45.408350 11.889965 1
5.57 -7.57 1.68 22.0 1.7 45.408350 11.889965 1
5.71 -7.85 1.72 21.45 1.7 45.408350 11.889965 1
6.15 -8.07 1.82 21.56 1.7 45.408350 11.889965 1
5.89 -8.1 1.84 22.14 1.7 45.408350 11.889965 1
5.27 -8.01 1.9 22.26 1.7 45.408350 11.889965 1
5.28 -7.86 1.96 21.69 1.7 45.408350 11.889965 1
5.87 -7.86 1.81 21.56 1.7 45.408350 11.889965 1
6.27 -7.98 1.67 22.09 1.7 45.408350 11.889965 1
6.14 -7.81 1.86 22.24 1.7 45.408350 11.889965 1
5.88 -7.52 2.1 22.09 1.7 45.408350 11.889965 1
5.9 -7.62 2.0 21.8 1.7 45.408350 11.889965 1
6.1 -7.89 1.83 21.37 1.98 45.408347 11.889937 0
6.11 -7.9 1.93 21.78 1.98 45.408347 11.889937 1
5.93 -7.86 2.09 21.45 1.98 45.408347 11.889937 0
5.77 -7.99 2.03 21.54 1.98 45.408347 11.889937 1
5.66 -8.01 1.83 21.99 1.98 45.408347 11.889937 1
5.57 -7.89 1.71 21.52 1.98 45.408347 11.889937 1
5.62 -7.9 1.72 21.54 1.98 45.408347 11.889937 1
5.88 -7.99 1.78 21.85 1.98 45.408347 11.889937 1
6.09 -7.93 1.8 22.09 1.98 45.408347 11.889937 1
6.03 -7.69 1.78 22.14 1.98 45.408347 11.889937 1
5.84 -7.53 1.83 22.14 1.98 45.408347 11.889937 1
5.9 -7.71 1.9 22.04 1.98 45.408347 11.889937 1
6.13 -8.04 1.88 21.97 1.98 45.408347 11.889937 1
6.07 -8.03 1.89 22.04 1.98 45.408347 11.889937 1
5.71 -7.75 1.96 22.14 1.98 45.408347 11.889937 1
5.63 -7.81 1.84 22.6 1.98 45.408347 11.889937 1
5.74 -8.18 1.61 22.0 1.98 45.408347 11.889937 1
5.43 -8.32 1.64 22.31 1.99 45.408344 11.889909 0
5.13 -8.15 1.81 22.45 1.99 45.408344 11.889909 1
5.67 -7.91 1.76 21.88 1.99 45.408344 11.889909 0
6.44 -7.67 1.74 21.4 1.99 45.408344 11.889909 1
6.37 -7.56 2.1 21.93 1.99 45.408344 11.889909 1
5.9 -7.64 2.43 22.45 1.99 45.408344 11.889909 1
5.93 -7.65 2.21 21.99 1.99 45.408344 11.889909 1
6.11 -7.61 1.76 22.33 1.99 45.408344 11.889909 1
6.05 -7.77 1.52 22.04 1.99 45.408344 11.889909 1
6.06 -7.95 1.43 22.5 1.99 45.408344 11.889909 1
6.1 -7.87 1.46 22.19 1.99 45.408344 11.889909 1
5.81 -7.86 1.67 21.71 1.99 45.408344 11.889909 1
5.52 -8.05 1.84 22.07 1.99 45.408344 11.889909 1
5.64 -8.06 1.73 22.04 1.99 45.408344 11.889909 1
5.84 -7.9 1.56 22.05 1.99 45.408344 11.889909 1
5.89 -7.88 1.6 22.45 1.99 45.408344 11.889909 1
6.0 -7.81 1.71 21.56 1.99 45.408344 11.889909 1
6.1 -7.63 1.69 21.83 1.99 45.408344 11.889909 1
6.04 -7.71 1.6 21.47 2.02 45.408334 11.889884 0
6.04 -7.9 1.62 21.45 2.02 45.408334 11.889884 1
6.06 -7.77 1.8 21.87 2.02 45.408334 11.889884 0
5.84 -7.62 1.96 21.93 2.02 45.408334 11.889884 1
5.57 -7.87 1.96 21.88 2.02 45.408334 11.889884 1
5.63 -8.19 1.85 21.44 2.02 45.408334 11.889884 1
5.8 -8.22 1.81 21.9 2.02 45.408334 11.889884 1
5.74 -8.03 1.85 22.05 2.02 45.408334 11.889884 1
5.68 -7.69 1.87 22.17 2.02 45.408334 11.889884 1
5.87 -7.46 1.77 22.02 2.02 45.408334 11.889884 1
6.14 -7.73 1.67 21.59 2.02 45.408334 11.889884 1
6.19 -8.12 1.73 21.99 2.02 45.408334 11.889884 1
6.01 -7.95 1.93 22.11 2.02 45.408334 11.889884 1
5.84 -7.61 2.01 22.07 2.02 45.408334 11.889884 1
5.84 -7.67 1.93 22.09 2.02 45.408334 11.889884 1
5.85 -7.88 1.92 21.69 2.02 45.408334 11.889884 1
5.73 -7.97 2.03 21.93 2.02 45.408334 11.889884 1
5.65 -8.11 2.02 22.31 3.26 45.408319 11.889848 0
5.74 -8.1 1.85 22.09 3.26 45.408319 11.889848 1
5.81 -7.76 1.75 21.71 3.26 45.408319 11.889848 0
5.87 -7.57 1.77 22.04 3.26 45.408319 11.889848 1
6.09 -7.82 1.75 21.35 3.26 45.408319 11.889848 1
6.21 -8.06 1.64 21.73 3.26 45.408319 11.889848 1
6.0 -7.97 1.61 21.85 3.26 45.408319 11.889848 1
5.83 -7.75 1.66 21.95 3.26 45.408319 11.889848 1
6.0 -7.64 1.67 22.4 3.26 45.408319 11.889848 1
6.09 -7.72 1.7 22.17 3.26 45.408319 11.889848 1
5.84 -7.92 1.81 22.23 3.26 45.408319 11.889848 1
5.62 -8.01 1.78 22.24 3.26 45.408319 11.889848 1
5.69 -8.01 1.52 22.11 3.26 45.408319 11.889848 1
5.92 -8.12 1.37 22.52 3.26 45.408319 11.889848 1
6.07 -8.18 1.5 22.93 3.26 45.408319 11.889848 1
6.0 -7.98 1.7 22.09 3.26 45.408319 11.889848 1
5.77 -7.76 1.81 22.26 3.26 45.408319 11.889848 1
5.73 -7.72 1.93 22.09 3.26 45.408319 11.889848 1
6.01 -7.78 2.05 22.42 2.59 45.408309 11.889814 0
6.16 -7.97 2.08 22.29 2.59 45.408309 11.889814 1
5.87 -8.15 2.02 21.88 2.59 45.408309 11.889814 0
5.53 -7.98 1.91 22.05 2.59 45.408309 11.889814 1
5.59 -7.76 1.85 22.05 2.59 45.408309 11.889814 1
5.85 -7.95 2.04 21.93 2.59 45.408309 11.889814 1
5.87 -8.15 2.3 21.69 2.59 45.408309 11.889814 1
5.71 -7.87 2.2 22.14 2.59 45.408309 11.889814 1
5.81 -7.62 1.79 22.16 2.59 45.408309 11.889814 1
6.24 -7.88 1.49 21.59 2.59 45.408309 11.889814 1
6.47 -8.09 1.44 21.95 2.59 45.408309 11.889814 1
6.22 -7.87 1.51 22.14 2.59 45.408309 11.889814 1
5.87 -7.59 1.68 22.12 2.59 45.408309 11.889814 1
5.8 -7.65 1.8 22.05 2.59 45.408309 11.889814 1
5.85 -7.93 1.75 21.54 2.59 45.408309 11.889814 1
5.8 -8.14 1.74 22.0 2.59 45.408309 11.889814 1
5.72 -8.02 1.79 21.56 2.59 45.408309 11.889814 1
5.7 -7.73 1.67 22.05 3.0 45.408296 11.889779 0
5.79 -7.71 1.54 21.9 3.0 45.408296 11.889779 1
5.93 -7.95 1.71 21.52 3.0 45.408296 11.889779 1
6.04 -7.99 1.92 21.47 3.0 45.408296 11.889779 0
6.09 -7.79 1.84 22.04 3.0 45.408296 11.889779 1
6.09 -7.64 1.7 22.0 3.0 45.408296 11.889779 1
6.0 -7.63 1.74 21.97 3.0 45.408296 11.889779 1
5.89 -7.78 1.89 21.49 3.0 45.408296 11.889779 1
5.89 -7.98 2.09 21.99 3.0 45.408296 11.889779 1
5.87 -7.93 2.2 22.09 3.0 45.408296 11.889779 1
5.68 -7.68 2.05 22.11 3.0 45.408296 11.889779 1
5.59 -7.74 1.86 21.71 3.0 45.408296 11.889779 1
5.78 -8.06 1.8 21.64 3.0 45.408296 11.889779 1
6.05 -8.02 1.69 21.59 3.0 45.408296 11.889779 1
6.23 -7.7 1.55 22.02 3.0 45.408296 11.889779 1
6.24 -7.66 1.64 22.14 3.0 45.408296 11.889779 1
6.01 -7.75 1.69 21.75 3.0 45.408296 11.889779 1
5.89 -7.64 1.47 21.87 3.0 45.408296 11.889779 1
6.18 -7.68 1.52 21.42 3.36 45.408277 11.889738 0
6.32 -7.91 1.86 21.78 3.36 45.408277 11.889738 1
6.01 -7.85 1.84 21.85 3.36 45.408277 11.889738 0
5.75 -7.77 1.57 22.0 3.36 45.408277 11.889738 1
5.55 -8.19 1.59 22.04 3.36 45.408277 11.889738 1
5.29 -8.39 1.67 21.47 3.36 45.408277 11.889738 1
5.6 -8.01 1.62 21.42 3.36 45.408277 11.889738 1
5.96 -7.85 1.73 21.93 3.36 45.408277 11.889738 1
5.03 -7.66 1.78 22.09 3.36 45.408277 11.889738 1
4.47 -6.92 1.62 21.54 3.36 45.408277 11.889738 1
6.61 -7.08 1.84 20.43 3.36 45.408277 11.889738 1
8.61 -8.24 2.34 20.67 3.36 45.408277 11.889738 1
6.9 -7.71 2.32 23.62 3.36 45.408277 11.889738 1
4.69 -6.28 2.13 25.21 3.36 45.408277 11.889738 1
6.18 -8.08 2.25 23.29 3.36 45.408277 11.889738 1
8.5 -11.69 1.87 26.67 3.36 45.408277 11.889738 1
7.58 -11.63 1.23 22.11 3.36 45.408277 11.889738 1
5.2 -8.77 2.0 21.61 3.05 45.408265 11.889699 0
4.42 -7.78 3.43 22.38 3.05 45.408265 11.889699 1
4.95 -8.1 3.1 21.63 3.05 45.408265 11.889699 1
5.77 -7.26 1.67 21.68 3.05 45.408265 11.889699 0
6.42 -6.65 1.47 21.71 3.05 45.408265 11.889699 1
6.2 -7.43 2.04 21.87 3.05 45.408265 11.889699 1
5.54 -7.84 1.85 21.95 3.05 45.408265 11.889699 1
5.63 -7.52 1.57 21.78 3.05 45.408265 11.889699 1
6.07 -7.76 1.99 21.73 3.05 45.408265 11.889699 1
5.85 -8.21 2.2 21.59 3.05 45.408265 11.889699 1
5.44 -8.08 1.83 22.14 3.05 45.408265 11.889699 1
5.49 -7.93 1.75 22.24 3.05 45.408265 11.889699 1
5.65 -7.99 2.12 23.14 3.05 45.408265 11.889699 1
5.75 -7.77 2.25 22.59 3.05 45.408265 11.889699 1
6.01 -7.56 2.0 22.05 3.05 45.408265 11.889699 1
6.11 -7.79 1.78 21.95 3.05 45.408265 11.889699 1
5.86 -7.97 1.69 22.09 3.05 45.408265 11.889699 1
5.74 -7.82 1.64 21.92 3.05 45.408265 11.889699 1
5.89 -7.83 1.6 21.97 3.28 45.408258 11.889651 0
5.96 -8.08 1.56 21.87 3.28 45.408258 11.889651 1
5.89 -8.03 1.55 22.84 3.28 45.408258 11.889651 0
5.78 -7.69 1.57 21.73 3.28 45.408258 11.889651 1
5.63 -7.68 1.64 21.97 3.28 45.408258 11.889651 1
5.62 -8.08 1.76 21.81 3.28 45.408258 11.889651 1
5.82 -8.23 1.86 22.38 3.28 45.408258 11.889651 1
5.9 -7.87 1.74 21.99 3.28 45.408258 11.889651 1
5.75 -7.61 1.51 22.45 3.28 45.408258 11.889651 1
5.77 -7.85 1.54 21.54 3.28 45.408258 11.889651 1
6.01 -8.14 1.76 21.63 3.28 45.408258 11.889651 1
5.99 -8.02 1.82 22.02 3.28 45.408258 11.889651 1
5.71 -7.69 1.79 22.24 3.28 45.408258 11.889651 1
5.69 -7.56 1.87 21.92 3.28 45.408258 11.889651 1
5.93 -7.74 1.9 22.23 3.28 45.408258 11.889651 1
5.95 -8.13 1.79 22.07 3.28 45.408258 11.889651 1
5.71 -8.36 1.76 21.61 3.28 45.408258 11.889651 1
5.61 -8.19 1.75 22.04 2.51 45.408249 11.889606 0
5.75 -7.91 1.65 21.66 2.51 45.408249 11.889606 1
5.91 -7.94 1.66 22.07 2.51 45.408249 11.889606 0
5.92 -8.1 1.87 22.09 2.51 45.408249 11.889606 1
5.76 -8.04 2.01 22.05 2.51 45.408249 11.889606 1
5.58 -7.95 2.01 22.0 2.51 45.408249 11.889606 1
5.73 -8.05 1.92 21.97 2.51 45.408249 11.889606 1
6.09 -8.14 1.6 21.95 2.51 45.408249 11.889606 1
6.07 -8.08 1.34 21.87 2.51 45.408249 11.889606 1
5.59 -8.08 1.64 22.59 2.51 45.408249 11.889606 1
5.31 -8.1 2.12 22.12 2.51 45.408249 11.889606 1
5.44 -8.03 2.2 22.07 2.51 45.408249 11.889606 1
5.56 -8.05 2.17 21.59 2.51 45.408249 11.889606 1
5.5 -8.21 2.24 22.02 2.51 45.408249 11.889606 1
5.54 -8.12 1.86 22.17 2.51 45.408249 11.889606 1
5.78 -7.79 1.29 22.11 2.51 45.408249 11.889606 1
5.98 -7.81 1.49 22.09 2.51 45.408249 11.889606 1
5.95 -8.2 2.14 21.69 2.51 45.408249 11.889606 1
5.81 -8.2 2.15 22.07 2.38 45.408239 11.889568 0
5.7 -7.71 1.74 22.52 2.38 45.408239 11.889568 1
5.54 -7.63 1.82 22.09 2.38 45.408239 11.889568 0
5.22 -8.23 2.18 21.4 2.38 45.408239 11.889568 1
4.97 -8.71 2.22 21.4 2.38 45.408239 11.889568 1
4.97 -8.65 2.12 21.4 2.38 45.408239 11.889568 1
5.05 -8.53 2.17 21.41 2.38 45.408239 11.889568 1
5.02 -8.61 2.2 21.4 2.38 45.408239 11.889568 1
4.98 -8.64 2.14 21.4 2.38 45.408239 11.889568 1
5.01 -8.58 2.15 21.39 2.38 45.408239 11.889568 1
5.03 -8.6 2.19 21.4 2.38 45.408239 11.889568 1
5.0 -8.63 2.16 21.4 2.38 45.408239 11.889568 1
5.0 -8.59 2.15 21.4 2.38 45.408239 11.889568 1
5.01 -8.58 2.18 21.4 2.38 45.408239 11.889568 1
5.0 -8.61 2.18 21.39 2.38 45.408239 11.889568 1
5.01 -8.61 2.16 21.39 2.38 45.408239 11.889568 1
5.02 -8.58 2.17 21.39 2.38 45.408239 11.889568 1
5.02 -8.61 2.18 21.39 2.38 45.408239 11.889568 1
5.01 -8.62 2.16 21.41 2.38 45.408239 11.889568 1
5.01 -8.6 2.16 21.4 2.38 45.408239 11.889568 1
5.01 -8.59 2.17 21.41 2.38 45.408239 11.889568 1
5.01 -8.6 2.16 21.4 2.38 45.408239 11.889568 1
5.01 -8.6 2.16 21.41 2.38 45.408239 11.889568 1
5.01 -8.6 2.18 21.39 2.38 45.408239 11.889568 1
5.01 -8.6 2.18 21.41 2.38 45.408239 11.889568 1
5.01 -8.6 2.17 21.41 2.38 45.408239 11.889568 1
5.0 -8.59 2.17 21.4 2.38 45.408239 11.889568 1
5.0 -8.6 2.18 21.4 2.38 45.408239 11.889568 1
5.01 -8.61 2.18 21.41 2.38 45.408239 11.889568 1
5.02 -8.61 2.17 21.4 2.38 45.408239 11.889568 1
5.02 -8.6 2.17 21.39 2.38 45.408239 11.889568 1
5.01 -8.61 2.17 21.4 2.38 45.408239 11.889568 1
5.01 -8.61 2.16 21.39 2.38 45.408239 11.889568 1
5.01 -8.6 2.17 21.39 2.38 45.408239 11.889568 1
5.0 -8.6 2.18 21.4 2.38 45.408239 11.889568 1
5.01 -8.59 2.18 21.4 2.38 45.408239 11.889568 1
5.02 -8.59 2.17 21.4 2.38 45.408239 11.889568 1
5.01 -8.59 2.17 21.41 2.38 45.408239 11.889568 1
5.0 -8.6 2.18 21.4 2.38 45.408239 11.889568 1
5.01 -8.6 2.18 21.39 2.38 45.408239 11.889568 1
5.01 -8.6 2.17 21.4 2.38 45.408239 11.889568 1
5.01 -8.6 2.17 21.4 2.38 45.408239 11.889568 1
5.01 -8.6 2.17 21.4 2.38 45.408239 11.889568 1
5.02 -8.61 2.17 21.4 2.38 45.408239 11.889568 1
5.02 -8.61 2.17 21.4 2.38 45.408239 11.889568 1
5.01 -8.6 2.17 21.4 2.38 45.408239 11.889568 1
5.01 -8.6 2.17 21.4 2.38 45.408239 11.889568 1
5.02 -8.6 2.17 21.39 2.38 45.408239 11.889568 1
5.02 -8.6 2.17 21.39 2.38 45.408239 11.889568 1
5.01 -8.6 2.16 21.39 2.38 45.408239 11.889568 1
5.02 -8.6 2.16 21.4 2.38 45.408239 11.889568 1
5.02 -8.61 2.17 21.39 2.38 45.408239 11.889568 1
5.01 -8.6 2.17 21.39 2.38 45.408239 11.889568 1
