6.5 -7.82 1.46 22.23 2.85 45.408360 11.890121 0
6.04 -7.42 1.55 22.19 2.85 45.408360 11.890121 1
5.69 -7.72 1.63 21.92 2.85 45.408360 11.890121 1
5.94 -8.06 1.63 21.25 2.85 45.408360 11.890121 0
6.35 -7.96 1.69 21.81 2.85 45.408360 11.890121 1
5.85 -8.05 1.94 21.99 2.85 45.408360 11.890121 0
4.98 -8.39 2.04 22.04 2.85 45.408360 11.890121 1
5.19 -8.29 1.79 21.95 2.85 45.408360 11.890121 1
6.11 -7.83 1.61 21.52 2.85 45.408360 11.890121 1
6.21 -7.73 1.75 21.97 2.85 45.408360 11.890121 1
5.72 -7.89 1.78 21.97 2.85 45.408360 11.890121 1
5.74 -7.86 1.59 21.92 2.85 45.408360 11.890121 1
6.05 -7.78 1.57 22.09 2.85 45.408360 11.890121 1
6.04 -7.81 1.76 22.12 2.85 45.408360 11.890121 1
6.02 -7.73 1.86 22.14 2.85 45.408360 11.890121 1
6.06 -7.69 1.85 22.09 2.85 45.408360 11.890121 1
5.81 -7.9 1.86 21.63 2.85 45.408360 11.890121 1
5.66 -8.09 1.85 21.57 2.85 45.408360 11.890121 1
5.95 -7.97 1.86 21.54 2.85 45.408360 11.890121 1
5.97 -7.78 1.93 21.93 2.85 45.408360 11.890121 1
5.47 -7.79 1.88 22.07 2.85 45.408360 11.890121 1
5.36 -7.99 1.76 21.93 3.24 45.408345 11.890087 0
5.84 -8.23 1.81 21.44 3.24 45.408345 11.890087 1
6.07 -8.15 1.92 22.43 3.24 45.408345 11.890087 0
5.9 -7.69 1.84 21.73 3.24 45.408345 11.890087 1
5.94 -7.43 1.78 21.93 3.24 45.408345 11.890087 1
6.18 -7.74 1.92 21.42 3.24 45.408345 11.890087 1
6.15 -8.08 2.02 21.85 3.24 45.408345 11.890087 1
5.86 -7.95 1.86 22.04 3.24 45.408345 11.890087 1
5.66 -7.69 1.63 22.21 3.24 45.408345 11.890087 1
5.69 -7.73 1.52 21.64 3.24 45.408345 11.890087 1
5.89 -7.98 1.55 21.52 3.24 45.408345 11.890087 1
5.99 -8.17 1.6 21.52 3.24 45.408345 11.890087 1
5.83 -8.08 1.63 22.09 3.24 45.408345 11.890087 1
5.63 -7.67 1.67 22.14 3.24 45.408345 11.890087 1
5.77 -7.41 1.81 21.63 3.24 45.408345 11.890087 1
6.17 -7.7 1.9 21.52 3.24 45.408345 11.890087 1
6.3 -8.04 1.82 22.31 3.24 45.408345 11.890087 1
5.98 -7.83 1.76 22.05 3.3 45.408333 11.890052 0
5.69 -7.46 1.91 22.12 3.3 45.408333 11.890052 1
5.83 -7.7 2.09 21.83 3.3 45.408333 11.890052 0
6.09 -8.3 2.05 21.68 3.3 45.408333 11.890052 1
5.94 -8.42 1.85 21.87 3.3 45.408333 11.890052 1
5.57 -7.89 1.72 21.99 3.3 45.408333 11.890052 1
5.5 -7.38 1.73 22.09 3.3 45.408333 11.890052 1
5.78 -7.4 1.8 22.24 3.3 45.408333 11.890052 1
6.09 -7.73 1.78 21.81 3.3 45.408333 11.890052 1
6.19 -7.93 1.68 22.02 3.3 45.408333 11.890052 1
6.07 -7.89 1.69 22.05 3.3 45.408333 11.890052 1
5.89 -7.75 1.84 22.17 3.3 45.408333 11.890052 1
5.98 -7.61 1.99 22.12 3.3 45.408333 11.890052 1
6.24 -7.66 2.03 21.97 3.3 45.408333 11.890052 1
6.12 -7.98 1.92 21.93 3.3 45.408333 11.890052 1
5.65 -8.17 1.65 22.04 3.3 45.408333 11.890052 1
5.48 -7.95 1.43 22.07 3.3 45.408333 11.890052 1
5.76 -7.75 1.52 21.97 3.3 45.408333 11.890052 1
5.95 -7.92 1.76 22.02 3.27 45.408324 11.890012 0
5.79 -8.05 1.82 22.07 3.27 45.408324 11.890012 1
5.74 -7.83 1.8 22.04 3.27 45.408324 11.890012 0
6.05 -7.69 1.91 21.87 3.27 45.408324 11.890012 1
6.34 -7.9 1.95 21.76 3.27 45.408324 11.890012 1
6.18 -7.99 1.84 21.45 3.27 45.408324 11.890012 1
5.76 -7.76 1.83 21.57 3.27 45.408324 11.890012 1
5.67 -7.66 2.01 21.95 3.27 45.408324 11.890012 1
5.96 -7.78 2.08 21.59 3.27 45.408324 11.890012 1
6.06 -7.79 2.0 22.23 3.27 45.408324 11.890012 1
5.81 -7.75 1.84 22.54 3.27 45.408324 11.890012 1
5.73 -7.96 1.66 22.04 3.27 45.408324 11.890012 1
6.02 -8.21 1.62 21.52 3.27 45.408324 11.890012 1
6.18 -8.05 1.79 22.52 3.27 45.408324 11.890012 1
5.96 -7.66 1.88 22.28 3.27 45.408324 11.890012 1
5.75 -7.52 1.73 22.33 3.27 45.408324 11.890012 1
5.87 -7.71 1.63 21.61 3.27 45.408324 11.890012 1
6.11 -7.93 1.67 21.37 2.94 45.408318 11.889972 0
6.21 -8.05 1.62 21.83 2.94 45.408318 11.889972 1
6.06 -8.07 1.57 21.92 2.94 45.408318 11.889972 0
5.74 -8.0 1.66 21.9 2.94 45.408318 11.889972 1
5.56 -7.83 1.67 22.05 2.94 45.408318 11.889972 1
5.67 -7.64 1.58 22.17 2.94 45.408318 11.889972 1
5.86 -7.67 1.66 22.36 2.94 45.408318 11.889972 1
5.94 -8.01 1.86 21.73 2.94 45.408318 11.889972 1
6.01 -8.25 1.94 21.42 2.94 45.408318 11.889972 1
6.06 -7.97 1.98 21.78 2.94 45.408318 11.889972 1
5.92 -7.52 2.0 22.28 2.94 45.408318 11.889972 1
5.77 -7.47 1.88 22.28 2.94 45.408318 11.889972 1
5.85 -7.71 1.76 22.05 2.94 45.408318 11.889972 1
5.96 -7.96 1.8 21.87 2.94 45.408318 11.889972 1
5.86 -8.18 1.81 21.88 2.94 45.408318 11.889972 1
5.76 -8.18 1.73 22.12 2.94 45.408318 11.889972 1
5.8 -7.81 1.79 22.04 2.94 45.408318 11.889972 1
5.82 -7.6 1.91 22.12 2.94 45.408318 11.889972 1
5.75 -7.87 1.82 22.19 2.39 45.408313 11.889940 0
5.71 -8.07 1.64 21.92 2.39 45.408313 11.889940 1
5.84 -7.92 1.59 21.4 2.39 45.408313 11.889940 0
6.13 -7.92 1.56 21.3 2.39 45.408313 11.889940 1
6.31 -8.05 1.54 21.83 2.39 45.408313 11.889940 1
6.09 -7.79 1.66 21.92 2.39 45.408313 11.889940 1
5.75 -7.39 1.82 22.09 2.39 45.408313 11.889940 1
5.74 -7.54 1.81 22.0 2.39 45.408313 11.889940 1
5.9 -8.08 1.71 21.97 2.39 45.408313 11.889940 1
5.89 -8.38 1.71 21.49 2.39 45.408313 11.889940 1
5.79 -8.23 1.78 22.17 2.39 45.408313 11.889940 1
5.71 -7.79 1.84 21.83 2.39 45.408313 11.889940 1
5.65 -7.42 1.86 21.73 2.39 45.408313 11.889940 1
5.83 -7.61 1.83 21.49 2.39 45.408313 11.889940 1
6.2 -8.12 1.82 21.92 2.39 45.408313 11.889940 1
6.2 -8.11 1.94 22.07 2.39 45.408313 11.889940 1
5.8 -7.57 2.11 22.02 2.39 45.408313 11.889940 1
5.7 -7.44 2.14 21.51 2.55 45.408306 11.889908 0
6.03 -7.84 2.07 21.88 2.55 45.408306 11.889908 1
6.14 -7.93 2.08 21.97 2.55 45.408306 11.889908 0
5.82 -7.66 2.07 21.68 2.55 45.408306 11.889908 1
5.57 -7.75 1.94 21.97 2.55 45.408306 11.889908 1
5.66 -8.11 1.78 22.33 2.55 45.408306 11.889908 1
5.82 -8.14 1.68 22.02 2.55 45.408306 11.889908 1
5.87 -7.85 1.58 22.47 2.55 45.408306 11.889908 1
5.89 -7.67 1.5 22.19 2.55 45.408306 11.889908 1
6.01 -7.71 1.55 21.68 2.55 45.408306 11.889908 1
6.1 -7.85 1.65 22.04 2.55 45.408306 11.889908 1
6.05 -7.94 1.72 21.9 2.55 45.408306 11.889908 1
5.95 -7.92 1.79 21.9 2.55 45.408306 11.889908 1
5.86 -7.89 1.78 22.04 2.55 45.408306 11.889908 1
5.64 -7.92 1.64 22.19 2.55 45.408306 11.889908 1
5.44 -7.82 1.6 22.19 2.55 45.408306 11.889908 1
5.61 -7.72 1.76 21.44 2.55 45.408306 11.889908 1
5.99 -7.94 1.89 21.83 2.55 45.408306 11.889908 1
5.98 -8.12 1.89 22.02 2.1 45.408304 11.889879 0
5.64 -7.75 1.99 21.73 2.1 45.408304 11.889879 1
5.68 -7.37 2.14 22.02 2.1 45.408304 11.889879 0
6.13 -7.69 2.09 21.78 2.1 45.408304 11.889879 1
6.29 -8.21 1.93 21.83 2.1 45.408304 11.889879 1
5.93 -8.13 1.88 21.97 2.1 45.408304 11.889879 1
5.62 -7.72 1.93 22.07 2.1 45.408304 11.889879 1
5.75 -7.68 1.94 22.02 2.1 45.408304 11.889879 1
6.01 -7.93 1.88 22.48 2.1 45.408304 11.889879 1
5.95 -7.98 1.79 22.14 2.1 45.408304 11.889879 1
5.73 -7.84 1.73 22.12 2.1 45.408304 11.889879 1
5.78 -7.79 1.73 21.99 2.1 45.408304 11.889879 1
6.07 -7.84 1.75 21.93 2.1 45.408304 11.889879 1
6.12 -7.77 1.73 22.09 2.1 45.408304 11.889879 1
5.89 -7.6 1.75 22.19 2.1 45.408304 11.889879 1
5.87 -7.52 1.81 21.69 2.1 45.408304 11.889879 1
6.12 -7.66 1.79 21.81 2.1 45.408304 11.889879 1
6.22 -7.9 1.65 21.97 2.96 45.408285 11.889845 0
5.99 -8.02 1.6 21.88 2.96 45.408285 11.889845 1
5.72 -7.88 1.71 22.05 2.96 45.408285 11.889845 0
5.6 -7.77 1.82 22.04 2.96 45.408285 11.889845 1
5.64 -7.89 1.84 22.35 2.96 45.408285 11.889845 1
5.86 -7.96 1.86 21.37 2.96 45.408285 11.889845 1
6.06 -7.82 1.95 22.21 2.96 45.408285 11.889845 1
6.0 -7.75 2.04 22.72 2.96 45.408285 11.889845 1
5.82 -7.81 2.03 21.87 2.96 45.408285 11.889845 1
5.84 -7.69 1.96 22.07 2.96 45.408285 11.889845 1
5.97 -7.52 1.92 22.07 2.96 45.408285 11.889845 1
5.97 -7.65 1.89 22.09 2.96 45.408285 11.889845 1
5.88 -7.84 1.82 22.12 2.96 45.408285 11.889845 1
5.86 -7.85 1.77 22.07 2.96 45.408285 11.889845 1
5.81 -7.95 1.79 22.38 2.96 45.408285 11.889845 1
5.73 -8.15 1.81 21.99 2.96 45.408285 11.889845 1
5.74 -8.04 1.76 21.93 2.96 45.408285 11.889845 1
5.83 -7.71 1.68 21.68 2.96 45.408285 11.889845 1
5.9 -7.68 1.62 21.92 3.84 45.408262 11.889807 0
6.0 -7.92 1.57 21.87 3.84 45.408262 11.889807 1
6.15 -7.94 1.59 21.51 3.84 45.408262 11.889807 0
6.13 -7.74 1.71 22.38 3.84 45.408262 11.889807 1
5.9 -7.63 1.81 21.99 3.84 45.408262 11.889807 1
5.77 -7.74 1.77 21.99 3.84 45.408262 11.889807 1
5.88 -7.99 1.64 21.88 3.84 45.408262 11.889807 1
5.98 -8.24 1.55 21.39 3.84 45.408262 11.889807 1
5.89 -8.21 1.46 22.14 3.84 45.408262 11.889807 1
5.76 -7.81 1.42 22.26 3.84 45.408262 11.889807 1
5.74 -7.49 1.59 22.23 3.84 45.408262 11.889807 1
5.87 -7.72 1.89 21.93 3.84 45.408262 11.889807 1
6.11 -8.17 1.97 21.88 3.84 45.408262 11.889807 1
6.23 -8.11 1.74 22.35 3.84 45.408262 11.889807 1
6.07 -7.62 1.56 22.48 3.84 45.408262 11.889807 1
5.87 -7.46 1.7 22.12 3.84 45.408262 11.889807 1
5.9 -7.73 1.96 21.92 3.84 45.408262 11.889807 1
5.99 -7.88 2.11 22.07 3.65 45.408243 11.889765 0
5.9 -7.83 2.06 22.02 3.65 45.408243 11.889765 1
5.73 -7.97 1.88 21.93 3.65 45.408243 11.889765 0
5.71 -8.16 1.71 21.87 3.65 45.408243 11.889765 1
5.84 -8.02 1.75 21.63 3.65 45.408243 11.889765 1
5.94 -7.72 1.84 22.07 3.65 45.408243 11.889765 1
5.94 -7.64 1.68 22.52 3.65 45.408243 11.889765 1
6.02 -7.69 1.41 22.42 3.65 45.408243 11.889765 1
6.2 -7.72 1.43 21.87 3.65 45.408243 11.889765 1
6.22 -7.85 1.71 21.93 3.65 45.408243 11.889765 1
5.92 -8.01 1.86 22.12 3.65 45.408243 11.889765 1
5.65 -7.88 1.82 22.19 3.65 45.408243 11.889765 1
5.66 -7.69 1.75 22.09 3.65 45.408243 11.889765 1
5.77 -7.88 1.74 22.05 3.65 45.408243 11.889765 1
5.77 -8.15 1.86 22.64 3.65 45.408243 11.889765 1
5.76 -7.97 2.05 22.17 3.65 45.408243 11.889765 1
5.9 -7.72 2.0 21.57 3.65 45.408243 11.889765 1
6.1 -7.87 1.75 21.8 3.65 45.408243 11.889765 1
6.16 -7.97 1.69 22.29 3.57 45.408226 11.889722 0
6.04 -7.68 1.88 22.42 3.57 45.408226 11.889722 1
5.9 -7.59 1.9 21.51 3.57 45.408226 11.889722 0
5.86 -7.89 1.74 22.36 3.57 45.408226 11.889722 1
5.89 -7.99 1.72 22.02 3.57 45.408226 11.889722 1
5.91 -7.76 1.86 22.12 3.57 45.408226 11.889722 1
5.87 -7.69 1.9 22.02 3.57 45.408226 11.889722 1
5.79 -7.89 1.78 22.02 3.57 45.408226 11.889722 1
5.78 -8.04 1.65 21.63 3.57 45.408226 11.889722 1
5.83 -7.97 1.61 21.68 3.57 45.408226 11.889722 1
5.9 -7.72 1.63 22.07 3.57 45.408226 11.889722 1
6.01 -7.57 1.65 22.04 3.57 45.408226 11.889722 1
6.11 -7.74 1.68 22.0 3.57 45.408226 11.889722 1
5.97 -7.93 1.75 22.02 3.57 45.408226 11.889722 1
5.71 -7.84 1.76 22.43 3.57 45.408226 11.889722 1
5.76 -7.84 1.73 22.0 3.57 45.408226 11.889722 1
5.87 -8.1 1.7 21.52 3.57 45.408226 11.889722 1
5.62 -8.11 1.64 21.92 3.7 45.408207 11.889678 0
5.5 -7.84 1.64 21.52 3.7 45.408207 11.889678 1
5.95 -7.8 1.81 21.81 3.7 45.408207 11.889678 0
6.25 -7.88 2.01 22.19 3.7 45.408207 11.889678 1
5.99 -7.76 2.03 22.4 3.7 45.408207 11.889678 1
5.83 -7.69 1.97 22.36 3.7 45.408207 11.889678 1
5.98 -7.79 1.9 22.31 3.7 45.408207 11.889678 1
6.05 -7.85 1.84 21.88 3.7 45.408207 11.889678 1
6.12 -7.9 2.01 21.81 3.7 45.408207 11.889678 1
6.11 -7.9 2.28 22.07 3.7 45.408207 11.889678 1
5.64 -7.67 2.18 22.17 3.7 45.408207 11.889678 1
5.47 -7.65 1.96 22.04 3.7 45.408207 11.889678 1
6.09 -8.07 2.22 21.99 3.7 45.408207 11.889678 1
6.16 -8.13 2.38 22.07 3.7 45.408207 11.889678 1
5.27 -7.67 1.92 22.17 3.7 45.408207 11.889678 1
5.26 -7.36 1.85 22.09 3.7 45.408207 11.889678 1
6.65 -7.23 2.25 22.11 3.7 45.408207 11.889678 1
8.04 -7.53 1.7 21.66 3.7 45.408207 11.889678 1
8.71 -8.48 1.05 21.78 3.05 45.408195 11.889640 0
7.71 -7.86 2.09 24.2 3.05 45.408195 11.889640 1
4.37 -4.69 2.21 24.34 3.05 45.408195 11.889640 0
2.08 -3.79 -1.68 23.26 3.05 45.408195 11.889640 1
4.31 -8.23 -5.72 21.3 3.05 45.408195 11.889640 1
7.52 -11.98 -4.44 21.3 3.05 45.408195 11.889640 1
6.9 -9.66 -0.07 21.88 3.05 45.408195 11.889640 1
4.84 -5.69 1.96 22.31 3.05 45.408195 11.889640 1
5.33 -5.56 1.56 21.97 3.05 45.408195 11.889640 1
6.73 -7.56 1.46 21.95 3.05 45.408195 11.889640 1
6.58 -8.58 1.74 21.61 3.05 45.408195 11.889640 1
5.96 -8.57 1.57 21.47 3.05 45.408195 11.889640 1
5.81 -7.89 1.45 22.26 3.05 45.408195 11.889640 1
5.56 -7.08 1.74 22.21 3.05 45.408195 11.889640 1
5.56 -7.52 1.97 22.07 3.05 45.408195 11.889640 1
6.07 -8.64 1.94 21.97 3.05 45.408195 11.889640 1
6.05 -8.52 1.81 22.12 3.05 45.408195 11.889640 1
5.43 -7.6 1.72 22.21 3.12 45.408192 11.889598 0
5.46 -7.5 1.81 22.45 3.12 45.408192 11.889598 1
6.09 -7.93 1.98 21.9 3.12 45.408192 11.889598 0
6.12 -7.96 1.94 21.87 3.12 45.408192 11.889598 1
5.57 -7.83 1.78 22.28 3.12 45.408192 11.889598 1
5.43 -7.87 1.83 21.81 3.12 45.408192 11.889598 1
5.79 -7.9 2.05 22.17 3.12 45.408192 11.889598 1
5.94 -7.86 2.13 21.88 3.12 45.408192 11.889598 1
5.68 -7.8 2.03 22.05 3.12 45.408192 11.889598 1
5.52 -7.81 1.98 21.66 3.12 45.408192 11.889598 1
5.76 -8.03 1.97 21.54 3.12 45.408192 11.889598 1
6.08 -8.22 1.82 21.88 3.12 45.408192 11.889598 1
5.98 -8.03 1.59 22.11 3.12 45.408192 11.889598 1
5.63 -7.71 1.47 22.16 3.12 45.408192 11.889598 1
5.64 -7.74 1.48 21.69 3.12 45.408192 11.889598 1
6.02 -7.96 1.61 22.0 3.12 45.408192 11.889598 1
6.05 -8.1 1.82 21.92 3.12 45.408192 11.889598 1
5.67 -8.11 1.88 21.95 3.12 45.408192 11.889598 1
5.59 -7.91 1.65 22.05 3.33 45.408183 11.889552 0
5.88 -7.77 1.56 21.95 3.33 45.408183 11.889552 1
5.95 -8.02 1.89 21.92 3.33 45.408183 11.889552 0
5.74 -8.21 2.09 23.19 3.33 45.408183 11.889552 1
5.67 -7.84 1.88 22.11 3.33 45.408183 11.889552 1
5.63 -7.55 1.82 22.04 3.33 45.408183 11.889552 1
5.5 -7.93 2.0 21.83 3.33 45.408183 11.889552 1
5.57 -8.29 1.84 21.9 3.33 45.408183 11.889552 1
5.78 -8.15 1.47 21.95 3.33 45.408183 11.889552 1
5.76 -8.03 1.59 21.95 3.33 45.408183 11.889552 1
5.62 -8.12 2.04 22.05 3.33 45.408183 11.889552 1
5.65 -7.99 2.17 21.81 3.33 45.408183 11.889552 1
5.74 -7.77 1.98 21.88 3.33 45.408183 11.889552 1
5.77 -7.84 1.81 22.31 3.33 45.408183 11.889552 1
5.8 -8.06 1.81 22.11 3.33 45.408183 11.889552 1
5.66 -8.2 2.08 21.54 3.33 45.408183 11.889552 1
5.37 -8.32 2.44 21.63 3.33 45.408183 11.889552 1
5.38 -8.35 2.43 21.45 3.01 45.408173 11.889508 0
5.67 -8.21 2.14 21.45 3.01 45.408173 11.889508 1
5.74 -8.15 2.07 21.44 3.01 45.408173 11.889508 1
5.6 -8.23 2.2 21.45 3.01 45.408173 11.889508 1
5.62 -8.24 2.19 21.46 3.01 45.408173 11.889508 1
5.71 -8.19 2.11 21.46 3.01 45.408173 11.889508 1
5.67 -8.2 2.16 21.44 3.01 45.408173 11.889508 1
5.63 -8.23 2.19 21.44 3.01 45.408173 11.889508 1
5.68 -8.2 2.15 21.46 3.01 45.408173 11.889508 1
5.67 -8.2 2.15 21.44 3.01 45.408173 11.889508 1
5.63 -8.22 2.18 21.44 3.01 45.408173 11.889508 1
5.66 -8.21 2.16 21.44 3.01 45.408173 11.889508 1
5.68 -8.2 2.14 21.45 3.01 45.408173 11.889508 1
5.66 -8.22 2.17 21.46 3.01 45.408173 11.889508 1
5.65 -8.22 2.17 21.45 3.01 45.408173 11.889508 1
5.67 -8.2 2.15 21.44 3.01 45.408173 11.889508 1
5.66 -8.21 2.15 21.45 3.01 45.408173 11.889508 1
5.65 -8.22 2.16 21.46 3.01 45.408173 11.889508 1
5.67 -8.22 2.16 21.45 3.01 45.408173 11.889508 1
5.66 -8.22 2.16 21.46 3.01 45.408173 11.889508 1
5.65 -8.21 2.17 21.45 3.01 45.408173 11.889508 1
5.66 -8.2 2.16 21.45 3.01 45.408173 11.889508 1
5.66 -8.21 2.16 21.44 3.01 45.408173 11.889508 1
5.66 -8.22 2.16 21.46 3.01 45.408173 11.889508 1
5.65 -8.21 2.16 21.45 3.01 45.408173 11.889508 1
5.66 -8.2 2.15 21.45 3.01 45.408173 11.889508 1
5.65 -8.21 2.16 21.46 3.01 45.408173 11.889508 1
5.66 -8.21 2.17 21.44 3.01 45.408173 11.889508 1
5.66 -8.2 2.17 21.44 3.01 45.408173 11.889508 1
5.66 -8.21 2.16 21.46 3.01 45.408173 11.889508 1
5.65 -8.21 2.16 21.46 3.01 45.408173 11.889508 1
5.66 -8.21 2.16 21.45 3.01 45.408173 11.889508 1
5.67 -8.21 2.16 21.45 3.01 45.408173 11.889508 1
5.66 -8.22 2.17 21.45 3.01 45.408173 11.889508 1
5.66 -8.22 2.16 21.45 3.01 45.408173 11.889508 1
5.67 -8.21 2.15 21.46 3.01 45.408173 11.889508 1
5.67 -8.2 2.15 21.45 3.01 45.408173 11.889508 1
5.66 -8.21 2.16 21.45 3.01 45.408173 11.889508 1
5.66 -8.21 2.16 21.45 3.01 45.408173 11.889508 1
5.66 -8.2 2.16 21.45 3.01 45.408173 11.889508 1
5.66 -8.21 2.17 21.46 3.01 45.408173 11.889508 1
5.65 -8.21 2.17 21.44 3.01 45.408173 11.889508 1
5.65 -8.21 2.16 21.44 3.01 45.408173 11.889508 1
5.65 -8.21 2.15 21.45 3.01 45.408173 11.889508 1
5.65 -8.2 2.16 21.46 3.01 45.408173 11.889508 1
5.66 -8.21 2.16 21.45 3.01 45.408173 11.889508 1
5.66 -8.21 2.15 21.44 3.01 45.408173 11.889508 1
5.66 -8.21 2.16 21.45 3.01 45.408173 11.889508 1
5.65 -8.21 2.16 21.45 3.01 45.408173 11.889508 1
5.66 -8.21 2.16 21.44 3.01 45.408173 11.889508 1
5.66 -8.21 2.16 21.45 3.01 45.408173 11.889508 1
5.66 -8.21 2.16 21.44 3.01 45.408173 11.889508 1
5.66 -8.2 2.17 21.44 3.01 45.408173 11.889508 1
5.67 -8.2 2.17 21.44 3.01 45.408173 11.889508 1
5.67 -8.21 2.17 21.45 3.01 45.408173 11.889508 1
5.66 -8.22 2.16 21.46 3.01 45.408173 11.889508 1
5.66 -8.22 2.16 21.45 3.01 45.408173 11.889508 1
5.66 -8.21 2.15 21.45 3.01 45.408173 11.889508 1
5.67 -8.21 2.16 21.44 3.01 45.408173 11.889508 1
5.66 -8.22 2.16 21.44 3.01 45.408173 11.889508 1
5.65 -8.21 2.16 21.45 3.01 45.408173 11.889508 1
5.64 -8.21 2.16 21.45 3.01 45.408173 11.889508 1
5.66 -8.21 2.16 21.46 3.01 45.408173 11.889508 1
5.67 -8.2 2.16 21.45 3.01 45.408173 11.889508 1
5.66 -8.2 2.16 21.45 3.01 45.408173 11.889508 1
5.66 -8.2 2.16 21.44 3.01 45.408173 11.889508 1
5.67 -8.21 2.16 21.45 3.01 45.408173 11.889508 1
