5.96 -8.14 1.22 22.07 3.32 45.408354 11.890111 0
5.82 -7.94 1.6 22.17 3.32 45.408354 11.890111 1
5.84 -7.61 1.75 22.17 3.32 45.408354 11.890111 1
5.95 -7.56 1.76 22.04 3.32 45.408354 11.890111 1
6.0 -7.9 1.8 22.24 3.32 45.408354 11.890111 1
5.99 -8.02 1.9 21.97 3.32 45.408354 11.890111 0
6.03 -7.7 2.01 21.47 3.32 45.408354 11.890111 1
6.11 -7.49 2.15 21.52 3.32 45.408354 11.890111 0
6.12 -7.61 2.23 21.97 3.32 45.408354 11.890111 1
6.06 -7.78 2.07 21.87 3.32 45.408354 11.890111 1
5.97 -7.85 1.82 21.95 3.32 45.408354 11.890111 1
5.84 -7.89 1.84 21.88 3.32 45.408354 11.890111 1
5.71 -7.88 2.05 21.93 3.32 45.408354 11.890111 1
5.7 -7.86 2.02 22.45 3.32 45.408354 11.890111 1
5.84 -7.84 1.72 21.68 3.32 45.408354 11.890111 1
5.96 -7.77 1.53 22.07 3.32 45.408354 11.890111 1
6.01 -7.68 1.6 21.63 3.32 45.408354 11.890111 1
6.08 -7.77 1.68 22.02 3.32 45.408354 11.890111 1
6.13 -7.87 1.66 21.64 3.32 45.408354 11.890111 1
6.07 -7.69 1.64 22.07 3.32 45.408354 11.890111 1
6.01 -7.54 1.67 22.02 3.32 45.408354 11.890111 1
6.09 -7.76 1.7 21.61 3.32 45.408354 11.890111 1
6.15 -8.0 1.75 21.93 3.32 45.408354 11.890111 1
5.91 -7.88 1.77 22.0 2.31 45.408354 11.890076 0
5.62 -7.75 1.65 22.05 2.31 45.408354 11.890076 1
5.72 -7.94 1.54 21.95 2.31 45.408354 11.890076 0
6.05 -8.07 1.63 21.83 2.31 45.408354 11.890076 1
6.04 -7.9 1.77 22.24 2.31 45.408354 11.890076 1
5.77 -7.71 1.76 21.95 2.31 45.408354 11.890076 1
5.77 -7.65 1.75 21.44 2.31 45.408354 11.890076 1
6.05 -7.68 1.89 21.8 2.31 45.408354 11.890076 1
6.19 -7.84 2.0 21.92 2.31 45.408354 11.890076 1
6.1 -8.0 1.97 21.66 2.31 45.408354 11.890076 1
6.02 -7.8 1.97 22.29 2.31 45.408354 11.890076 1
5.89 -7.45 2.08 22.29 2.31 45.408354 11.890076 1
5.74 -7.59 2.13 22.07 2.31 45.408354 11.890076 1
5.84 -8.16 2.01 21.45 2.31 45.408354 11.890076 1
6.01 -8.39 1.85 22.23 2.31 45.408354 11.890076 1
5.86 -8.02 1.77 21.97 2.31 45.408354 11.890076 1
5.64 -7.6 1.76 21.99 2.31 45.408354 11.890076 1
5.81 -7.49 1.79 21.56 2.97 45.408347 11.890041 0
6.1 -7.61 1.8 21.9 2.97 45.408347 11.890041 1
6.05 -7.8 1.76 21.87 2.97 45.408347 11.890041 0
5.93 -7.9 1.75 21.92 2.97 45.408347 11.890041 1
6.05 -7.77 1.82 22.36 2.97 45.408347 11.890041 1
6.13 -7.55 1.89 22.04 2.97 45.408347 11.890041 1
5.98 -7.61 1.92 21.97 2.97 45.408347 11.890041 1
5.84 -7.88 1.93 21.88 2.97 45.408347 11.890041 1
5.79 -8.03 1.82 21.51 2.97 45.408347 11.890041 1
5.69 -7.98 1.65 22.07 2.97 45.408347 11.890041 1
5.67 -7.87 1.66 22.54 2.97 45.408347 11.890041 1
5.87 -7.83 1.85 21.99 2.97 45.408347 11.890041 1
6.09 -7.88 1.86 22.07 2.97 45.408347 11.890041 1
6.11 -7.88 1.71 22.33 2.97 45.408347 11.890041 1
5.99 -7.67 1.78 21.87 2.97 45.408347 11.890041 1
5.91 -7.55 2.04 22.14 2.97 45.408347 11.890041 1
5.97 -7.88 2.01 21.51 2.97 45.408347 11.890041 1
6.08 -8.21 1.74 21.81 2.97 45.408347 11.890041 1
6.02 -7.95 1.76 21.97 1.27 45.408343 11.890020 0
5.82 -7.54 2.06 21.93 1.27 45.408343 11.890020 1
5.77 -7.67 2.19 21.92 1.27 45.408343 11.890020 0
5.88 -8.03 2.09 22.02 1.27 45.408343 11.890020 1
5.94 -7.93 1.9 22.47 1.27 45.408343 11.890020 1
5.86 -7.63 1.57 21.61 1.27 45.408343 11.890020 1
5.8 -7.78 1.24 21.92 1.27 45.408343 11.890020 1
5.95 -8.2 1.28 21.81 1.27 45.408343 11.890020 1
6.34 -8.24 1.62 22.45 1.27 45.408343 11.890020 1
6.56 -7.81 1.81 22.17 1.27 45.408343 11.890020 1
6.25 -7.41 1.69 22.26 1.27 45.408343 11.890020 1
5.82 -7.48 1.49 22.17 1.27 45.408343 11.890020 1
5.89 -7.93 1.39 21.88 1.27 45.408343 11.890020 1
6.19 -8.27 1.48 21.87 1.27 45.408343 11.890020 1
6.13 -8.13 1.76 21.92 1.27 45.408343 11.890020 1
5.79 -7.79 1.97 22.12 1.27 45.408343 11.890020 1
5.58 -7.71 1.85 21.99 1.27 45.408343 11.890020 1
5.57 -7.82 1.6 22.14 1.32 45.408344 11.890001 0
5.73 -7.8 1.66 22.0 1.32 45.408344 11.890001 1
5.98 -7.82 1.97 21.25 1.32 45.408344 11.890001 0
6.12 -8.12 2.19 21.68 1.32 45.408344 11.890001 1
6.08 -8.14 2.29 21.32 1.32 45.408344 11.890001 1
5.96 -7.57 2.32 21.73 1.32 45.408344 11.890001 1
5.83 -7.22 2.13 22.07 1.32 45.408344 11.890001 1
5.82 -7.64 1.76 21.66 1.32 45.408344 11.890001 1
5.95 -8.1 1.66 21.45 1.32 45.408344 11.890001 1
5.91 -8.08 1.9 22.33 1.32 45.408344 11.890001 1
5.68 -8.02 2.02 21.9 1.32 45.408344 11.890001 1
5.65 -8.01 1.86 21.73 1.32 45.408344 11.890001 1
5.86 -7.77 1.74 21.76 1.32 45.408344 11.890001 1
5.89 -7.63 1.78 21.87 1.32 45.408344 11.890001 1
5.77 -7.82 1.75 22.33 1.32 45.408344 11.890001 1
5.85 -7.89 1.66 22.17 1.32 45.408344 11.890001 1
6.04 -7.79 1.68 21.92 1.32 45.408344 11.890001 1
6.13 -7.98 1.79 21.61 1.32 45.408344 11.890001 1
6.16 -8.2 1.76 21.69 1.65 45.408347 11.889979 0
6.12 -7.84 1.63 21.95 1.65 45.408347 11.889979 1
5.95 -7.32 1.56 22.07 1.65 45.408347 11.889979 0
5.79 -7.45 1.53 21.71 1.65 45.408347 11.889979 1
5.78 -8.07 1.53 21.51 1.65 45.408347 11.889979 1
5.81 -8.46 1.63 21.42 1.65 45.408347 11.889979 1
5.83 -8.27 1.82 21.51 1.65 45.408347 11.889979 1
5.76 -7.71 1.9 22.07 1.65 45.408347 11.889979 1
5.65 -7.36 1.86 21.69 1.65 45.408347 11.889979 1
5.84 -7.58 1.87 22.02 1.65 45.408347 11.889979 1
6.29 -7.99 1.94 21.87 1.65 45.408347 11.889979 1
6.3 -7.99 1.92 21.63 1.65 45.408347 11.889979 1
5.74 -7.63 1.9 22.09 1.65 45.408347 11.889979 1
5.52 -7.54 2.0 22.07 1.65 45.408347 11.889979 1
5.9 -7.91 2.06 21.56 1.65 45.408347 11.889979 1
6.06 -8.15 1.9 22.07 1.65 45.408347 11.889979 1
5.75 -7.87 1.74 21.68 1.65 45.408347 11.889979 1
5.6 -7.59 1.85 22.04 1.89 45.408341 11.889954 0
5.8 -7.85 1.93 21.97 1.89 45.408341 11.889954 1
5.94 -8.19 1.67 22.83 1.89 45.408341 11.889954 0
5.91 -8.05 1.37 22.05 1.89 45.408341 11.889954 1
5.89 -7.72 1.41 22.05 1.89 45.408341 11.889954 1
5.94 -7.69 1.6 22.02 1.89 45.408341 11.889954 1
6.06 -7.8 1.67 21.97 1.89 45.408341 11.889954 1
6.18 -7.88 1.69 21.45 1.89 45.408341 11.889954 1
6.04 -7.99 1.77 21.8 1.89 45.408341 11.889954 1
5.71 -8.04 1.79 22.07 1.89 45.408341 11.889954 1
5.57 -7.96 1.72 22.07 1.89 45.408341 11.889954 1
5.64 -7.93 1.65 22.59 1.89 45.408341 11.889954 1
5.69 -7.89 1.63 22.09 1.89 45.408341 11.889954 1
5.77 -7.8 1.67 21.63 1.89 45.408341 11.889954 1
5.95 -7.88 1.73 21.57 1.89 45.408341 11.889954 1
6.04 -8.03 1.69 22.12 1.89 45.408341 11.889954 1
5.96 -7.84 1.63 22.19 1.89 45.408341 11.889954 1
5.89 -7.54 1.73 22.05 1.89 45.408341 11.889954 1
5.92 -7.72 1.92 21.75 2.75 45.408325 11.889921 0
5.93 -8.1 2.03 21.78 2.75 45.408325 11.889921 1
5.86 -8.03 2.12 21.97 2.75 45.408325 11.889921 0
5.76 -7.77 2.2 21.66 2.75 45.408325 11.889921 1
5.71 -7.84 2.08 22.05 2.75 45.408325 11.889921 1
5.78 -8.04 1.86 21.92 2.75 45.408325 11.889921 1
5.85 -8.0 1.76 22.28 2.75 45.408325 11.889921 1
5.72 -7.86 1.7 21.99 2.75 45.408325 11.889921 1
5.61 -7.87 1.58 21.99 2.75 45.408325 11.889921 1
5.86 -7.92 1.5 21.52 2.75 45.408325 11.889921 1
6.21 -7.86 1.57 22.02 2.75 45.408325 11.889921 1
6.16 -7.69 1.66 22.12 2.75 45.408325 11.889921 1
5.88 -7.59 1.73 22.62 2.75 45.408325 11.889921 1
5.88 -7.67 1.78 22.17 2.75 45.408325 11.889921 1
6.03 -7.86 1.75 22.09 2.75 45.408325 11.889921 1
5.96 -7.99 1.68 22.12 2.75 45.408325 11.889921 1
5.77 -8.04 1.65 22.05 2.75 45.408325 11.889921 1
5.7 -8.08 1.64 22.02 3.28 45.408310 11.889881 0
5.76 -8.02 1.65 21.52 3.28 45.408310 11.889881 1
5.85 -7.93 1.75 21.52 3.28 45.408310 11.889881 1
5.92 -7.92 1.84 21.97 3.28 45.408310 11.889881 0
5.92 -7.92 1.79 21.95 3.28 45.408310 11.889881 1
5.94 -7.77 1.76 21.92 3.28 45.408310 11.889881 1
6.05 -7.67 1.87 21.42 3.28 45.408310 11.889881 1
6.08 -7.77 1.88 21.88 3.28 45.408310 11.889881 1
5.96 -7.81 1.74 21.47 3.28 45.408310 11.889881 1
5.85 -7.7 1.84 21.68 3.28 45.408310 11.889881 1
5.79 -7.7 2.18 22.09 3.28 45.408310 11.889881 1
5.7 -7.88 2.27 22.48 3.28 45.408310 11.889881 1
5.74 -8.03 2.03 22.02 3.28 45.408310 11.889881 1
5.96 -8.1 1.8 21.99 3.28 45.408310 11.889881 1
5.99 -8.01 1.66 22.04 3.28 45.408310 11.889881 1
5.81 -7.67 1.54 22.23 3.28 45.408310 11.889881 1
5.86 -7.43 1.61 22.12 3.28 45.408310 11.889881 1
6.08 -7.64 1.79 21.88 3.28 45.408310 11.889881 1
6.07 -7.96 1.69 21.92 1.36 45.408301 11.889861 0
5.96 -7.87 1.43 22.02 1.36 45.408301 11.889861 1
6.07 -7.63 1.51 21.95 1.36 45.408301 11.889861 0
6.09 -7.71 1.81 21.61 1.36 45.408301 11.889861 1
5.79 -7.96 1.83 21.61 1.36 45.408301 11.889861 1
5.59 -8.02 1.68 22.02 1.36 45.408301 11.889861 1
5.74 -7.93 1.69 21.45 1.36 45.408301 11.889861 1
5.92 -7.9 1.75 21.56 1.36 45.408301 11.889861 1
5.89 -7.86 1.69 22.23 1.36 45.408301 11.889861 1
5.79 -7.76 1.75 22.17 1.36 45.408301 11.889861 1
5.84 -7.73 1.95 21.57 1.36 45.408301 11.889861 1
6.04 -7.85 1.96 21.93 1.36 45.408301 11.889861 1
6.16 -7.9 1.76 21.97 1.36 45.408301 11.889861 1
6.01 -7.78 1.63 22.07 1.36 45.408301 11.889861 1
5.86 -7.72 1.7 22.07 1.36 45.408301 11.889861 1
5.92 -7.86 1.83 21.68 1.36 45.408301 11.889861 1
5.94 -7.97 1.86 22.0 1.36 45.408301 11.889861 1
5.73 -7.89 1.82 21.64 1.92 45.408296 11.889837 0
5.62 -7.85 1.81 22.0 1.92 45.408296 11.889837 1
5.73 -7.94 1.83 21.56 1.92 45.408296 11.889837 0
5.78 -7.97 1.77 21.92 1.92 45.408296 11.889837 1
5.78 -7.91 1.7 21.97 1.92 45.408296 11.889837 1
5.92 -7.9 1.71 22.0 1.92 45.408296 11.889837 1
6.03 -7.85 1.71 22.02 1.92 45.408296 11.889837 1
5.97 -7.74 1.67 22.14 1.92 45.408296 11.889837 1
5.91 -7.8 1.79 21.92 1.92 45.408296 11.889837 1
5.91 -8.09 2.01 22.09 1.92 45.408296 11.889837 1
5.83 -8.23 1.97 22.09 1.92 45.408296 11.889837 1
5.73 -8.1 1.74 22.12 1.92 45.408296 11.889837 1
5.72 -8.02 1.72 22.12 1.92 45.408296 11.889837 1
5.7 -8.07 1.82 22.26 1.92 45.408296 11.889837 1
5.66 -8.01 1.8 22.23 1.92 45.408296 11.889837 1
5.79 -7.81 1.81 22.12 1.92 45.408296 11.889837 1
6.1 -7.78 2.01 22.07 1.92 45.408296 11.889837 1
6.33 -7.93 2.09 21.97 1.92 45.408296 11.889837 1
6.22 -7.83 1.9 22.05 1.74 45.408288 11.889808 0
5.88 -7.51 1.82 22.07 1.74 45.408288 11.889808 1
5.82 -7.56 1.98 22.33 1.74 45.408288 11.889808 0
6.06 -8.05 1.99 21.87 1.74 45.408288 11.889808 1
6.03 -8.26 1.72 21.51 1.74 45.408288 11.889808 1
5.61 -7.96 1.55 22.05 1.74 45.408288 11.889808 1
5.44 -7.78 1.69 21.9 1.74 45.408288 11.889808 1
5.76 -7.9 1.86 21.45 1.74 45.408288 11.889808 1
6.0 -7.86 1.85 21.56 1.74 45.408288 11.889808 1
5.94 -7.67 1.8 22.07 1.74 45.408288 11.889808 1
5.96 -7.69 1.83 22.07 1.74 45.408288 11.889808 1
6.09 -7.73 1.91 22.07 1.74 45.408288 11.889808 1
6.09 -7.55 1.95 21.99 1.74 45.408288 11.889808 1
6.04 -7.58 1.9 23.27 1.74 45.408288 11.889808 1
6.01 -7.97 1.78 22.02 1.74 45.408288 11.889808 1
5.83 -8.17 1.71 22.02 1.74 45.408288 11.889808 1
5.6 -7.98 1.74 21.42 1.74 45.408288 11.889808 1
5.61 -7.8 1.76 21.92 2.04 45.408281 11.889779 0
5.73 -7.85 1.72 21.95 2.04 45.408281 11.889779 1
5.85 -7.91 1.72 22.36 2.04 45.408281 11.889779 1
6.07 -7.87 1.77 21.85 2.04 45.408281 11.889779 0
6.21 -7.82 1.81 21.88 2.04 45.408281 11.889779 1
6.1 -7.87 1.89 22.26 2.04 45.408281 11.889779 1
6.05 -7.92 2.03 21.45 2.04 45.408281 11.889779 1
6.12 -7.87 2.07 22.31 2.04 45.408281 11.889779 1
5.97 -7.79 1.98 21.95 2.04 45.408281 11.889779 1
5.9 -7.77 1.86 21.63 2.04 45.408281 11.889779 1
6.07 -7.76 1.84 22.17 2.04 45.408281 11.889779 1
5.7 -7.85 1.88 22.59 2.04 45.408281 11.889779 1
5.14 -8.02 1.86 21.99 2.04 45.408281 11.889779 1
5.73 -8.07 1.63 21.92 2.04 45.408281 11.889779 1
6.4 -8.1 1.43 22.07 2.04 45.408281 11.889779 1
5.51 -8.04 1.6 23.58 2.04 45.408281 11.889779 1
5.12 -7.39 1.84 22.29 2.04 45.408281 11.889779 1
7.06 -6.76 1.77 22.69 2.04 45.408281 11.889779 1
8.39 -7.6 1.83 22.48 0.28 45.408280 11.889766 0
6.96 -9.08 2.25 22.12 0.28 45.408280 11.889766 1
5.39 -8.76 2.27 24.23 0.28 45.408280 11.889766 0
5.03 -7.11 1.77 22.02 0.28 45.408280 11.889766 1
3.96 -6.74 1.93 23.19 0.28 45.408280 11.889766 1
2.84 -7.9 2.84 22.67 0.28 45.408280 11.889766 1
3.97 -9.0 3.16 21.66 0.28 45.408280 11.889766 1
5.91 -9.4 2.6 21.23 0.28 45.408280 11.889766 1
6.12 -8.84 2.23 49.44 0.28 45.408280 11.889766 1
5.58 -7.45 2.34 22.59 0.28 45.408280 11.889766 1
5.87 -6.71 2.28 22.6 0.28 45.408280 11.889766 1
6.32 -7.43 1.91 22.71 0.28 45.408280 11.889766 1
6.23 -8.29 1.59 22.33 0.28 45.408280 11.889766 1
6.0 -8.24 1.56 22.04 0.28 45.408280 11.889766 1
5.7 -7.83 1.82 22.69 0.28 45.408280 11.889766 1
5.36 -7.67 2.01 22.52 0.28 45.408280 11.889766 1
5.44 -7.85 1.78 22.71 0.28 45.408280 11.889766 1
5.82 -8.23 1.54 22.33 1.75 45.408293 11.889746 0
5.84 -8.24 1.65 21.97 1.75 45.408293 11.889746 1
5.61 -7.8 1.71 22.07 1.75 45.408293 11.889746 1
5.7 -7.66 1.46 22.02 1.75 45.408293 11.889746 0
6.05 -7.88 1.37 22.48 1.75 45.408293 11.889746 1
6.15 -7.83 1.52 21.92 1.75 45.408293 11.889746 1
5.96 -7.76 1.53 21.45 1.75 45.408293 11.889746 1
5.84 -8.06 1.57 21.92 1.75 45.408293 11.889746 1
5.85 -8.12 1.95 21.81 1.75 45.408293 11.889746 1
5.77 -7.82 2.21 22.04 1.75 45.408293 11.889746 1
5.64 -7.9 1.97 22.04 1.75 45.408293 11.889746 1
5.61 -8.22 1.7 22.14 1.75 45.408293 11.889746 1
5.62 -8.08 1.68 21.99 1.75 45.408293 11.889746 1
5.68 -7.87 1.66 22.04 1.75 45.408293 11.889746 1
5.82 -8.0 1.64 22.48 1.75 45.408293 11.889746 1
5.88 -7.93 1.77 22.04 1.75 45.408293 11.889746 1
5.81 -7.62 1.88 22.05 1.75 45.408293 11.889746 1
5.88 -7.68 1.86 21.88 1.75 45.408293 11.889746 1
6.02 -7.96 1.87 21.39 2.38 45.408305 11.889715 0
5.81 -7.98 1.87 21.97 2.38 45.408305 11.889715 1
5.46 -7.91 1.76 22.17 2.38 45.408305 11.889715 0
5.46 -7.94 1.75 22.11 2.38 45.408305 11.889715 1
5.75 -7.96 1.87 21.93 2.38 45.408305 11.889715 1
5.92 -8.11 1.82 21.44 2.38 45.408305 11.889715 1
5.91 -8.3 1.64 21.93 2.38 45.408305 11.889715 1
5.83 -8.12 1.62 22.02 2.38 45.408305 11.889715 1
5.78 -7.8 1.62 22.28 2.38 45.408305 11.889715 1
5.85 -7.84 1.52 22.19 2.38 45.408305 11.889715 1
5.9 -7.97 1.65 22.67 2.38 45.408305 11.889715 1
5.8 -7.9 2.08 22.09 2.38 45.408305 11.889715 1
5.74 -7.97 2.24 22.45 2.38 45.408305 11.889715 1
5.81 -8.16 1.93 21.99 2.38 45.408305 11.889715 1
5.75 -8.07 1.65 22.05 2.38 45.408305 11.889715 1
5.61 -7.89 1.6 22.48 2.38 45.408305 11.889715 1
5.63 -7.98 1.58 22.02 2.38 45.408305 11.889715 1
5.67 -8.06 1.62 22.02 2.39 45.408310 11.889674 0
5.64 -7.97 1.85 21.87 2.39 45.408310 11.889674 1
5.74 -8.05 2.04 21.42 2.39 45.408310 11.889674 0
5.85 -8.19 2.02 21.47 2.39 45.408310 11.889674 1
5.66 -8.02 1.98 21.97 2.39 45.408310 11.889674 1
5.4 -7.79 2.04 21.97 2.39 45.408310 11.889674 1
5.41 -7.83 2.06 21.96 2.39 45.408310 11.889674 1
5.5 -7.93 2.03 21.98 2.39 45.408310 11.889674 1
5.45 -7.86 2.03 21.98 2.39 45.408310 11.889674 1
5.42 -7.83 2.05 21.97 2.39 45.408310 11.889674 1
5.47 -7.89 2.05 21.97 2.39 45.408310 11.889674 1
5.47 -7.89 2.04 21.98 2.39 45.408310 11.889674 1
5.44 -7.85 2.05 21.96 2.39 45.408310 11.889674 1
5.46 -7.87 2.04 21.97 2.39 45.408310 11.889674 1
5.48 -7.89 2.04 21.98 2.39 45.408310 11.889674 1
5.45 -7.87 2.05 21.98 2.39 45.408310 11.889674 1
5.44 -7.87 2.05 21.97 2.39 45.408310 11.889674 1
5.47 -7.88 2.03 21.97 2.39 45.408310 11.889674 1
5.46 -7.86 2.04 21.96 2.39 45.408310 11.889674 1
5.46 -7.86 2.05 21.98 2.39 45.408310 11.889674 1
5.47 -7.88 2.05 21.98 2.39 45.408310 11.889674 1
5.47 -7.88 2.04 21.97 2.39 45.408310 11.889674 1
5.46 -7.87 2.05 21.97 2.39 45.408310 11.889674 1
5.46 -7.87 2.05 21.97 2.39 45.408310 11.889674 1
5.47 -7.87 2.04 21.98 2.39 45.408310 11.889674 1
5.46 -7.87 2.04 21.97 2.39 45.408310 11.889674 1
5.46 -7.87 2.05 21.97 2.39 45.408310 11.889674 1
5.46 -7.87 2.05 21.97 2.39 45.408310 11.889674 1
5.46 -7.86 2.03 21.96 2.39 45.408310 11.889674 1
5.45 -7.86 2.04 21.97 2.39 45.408310 11.889674 1
5.45 -7.87 2.04 21.97 2.39 45.408310 11.889674 1
5.45 -7.87 2.04 21.98 2.39 45.408310 11.889674 1
5.45 -7.86 2.04 21.97 2.39 45.408310 11.889674 1
5.45 -7.87 2.03 21.97 2.39 45.408310 11.889674 1
5.45 -7.87 2.04 21.97 2.39 45.408310 11.889674 1
5.46 -7.87 2.05 21.96 2.39 45.408310 11.889674 1
5.46 -7.87 2.05 21.97 2.39 45.408310 11.889674 1
5.46 -7.86 2.04 21.96 2.39 45.408310 11.889674 1
5.45 -7.87 2.04 21.97 2.39 45.408310 11.889674 1
5.45 -7.87 2.04 21.97 2.39 45.408310 11.889674 1
5.46 -7.88 2.04 21.96 2.39 45.408310 11.889674 1
5.46 -7.87 2.04 21.98 2.39 45.408310 11.889674 1
5.46 -7.86 2.04 21.96 2.39 45.408310 11.889674 1
5.46 -7.86 2.05 21.98 2.39 45.408310 11.889674 1
5.46 -7.87 2.04 21.97 2.39 45.408310 11.889674 1
5.46 -7.87 2.03 21.97 2.39 45.408310 11.889674 1
5.46 -7.88 2.04 21.97 2.39 45.408310 11.889674 1
5.46 -7.88 2.05 21.97 2.39 45.408310 11.889674 1
5.46 -7.87 2.05 21.97 2.39 45.408310 11.889674 1
5.46 -7.87 2.04 21.98 2.39 45.408310 11.889674 1
5.46 -7.87 2.04 21.97 2.39 45.408310 11.889674 1
5.46 -7.87 2.04 21.97 2.39 45.408310 11.889674 1
5.46 -7.88 2.03 21.97 2.39 45.408310 11.889674 1
5.46 -7.87 2.04 21.96 2.39 45.408310 11.889674 1
5.46 -7.86 2.04 21.97 2.39 45.408310 11.889674 1
5.46 -7.86 2.04 21.96 2.39 45.408310 11.889674 1
5.46 -7.87 2.04 21.97 2.39 45.408310 11.889674 1
5.47 -7.87 2.04 21.98 2.39 45.408310 11.889674 1
5.47 -7.86 2.05 21.98 2.39 45.408310 11.889674 1
5.46 -7.86 2.03 21.98 2.39 45.408310 11.889674 1
5.46 -7.86 2.03 21.97 2.39 45.408310 11.889674 1
5.46 -7.86 2.04 21.98 2.39 45.408310 11.889674 1
5.46 -7.87 2.04 21.96 2.39 45.408310 11.889674 1
5.46 -7.87 2.04 21.96 2.39 45.408310 11.889674 1
5.47 -7.87 2.04 21.96 2.39 45.408310 11.889674 1
