5.52 -8.02 1.6 21.51 2.84 45.408391 11.890102 0
5.5 -7.92 1.8 21.87 2.84 45.408391 11.890102 0
5.61 -8.21 1.81 21.73 2.84 45.408391 11.890102 1
5.62 -8.38 1.88 21.47 2.84 45.408391 11.890102 0
5.55 -8.04 2.05 21.47 2.84 45.408391 11.890102 1
5.77 -7.66 2.03 22.33 2.84 45.408391 11.890102 1
6.17 -7.62 1.84 22.36 2.84 45.408391 11.890102 1
6.24 -7.72 1.73 21.9 2.84 45.408391 11.890102 1
6.01 -7.73 1.71 21.92 2.84 45.408391 11.890102 1
6.03 -7.65 1.74 22.02 2.84 45.408391 11.890102 1
6.32 -7.6 1.9 22.02 2.84 45.408391 11.890102 1
6.37 -7.68 2.08 21.63 2.84 45.408391 11.890102 1
6.04 -7.84 2.07 22.07 2.84 45.408391 11.890102 1
5.76 -7.92 1.92 22.5 2.84 45.408391 11.890102 1
5.76 -7.88 1.83 21.68 2.84 45.408391 11.890102 1
5.77 -7.88 1.87 22.12 2.84 45.408391 11.890102 1
5.63 -7.97 1.96 22.54 2.84 45.408391 11.890102 1
5.63 -8.02 2.01 21.69 2.84 45.408391 11.890102 1
5.86 -7.92 1.98 21.57 2.84 45.408391 11.890102 1
6.04 -7.76 1.9 21.49 2.83 45.408381 11.890071 0
6.07 -7.76 1.84 21.93 2.83 45.408381 11.890071 1
6.11 -7.81 1.83 21.97 2.83 45.408381 11.890071 0
6.1 -7.66 1.83 22.02 2.83 45.408381 11.890071 1
6.07 -7.47 1.76 22.36 2.83 45.408381 11.890071 1
6.16 -7.64 1.67 21.47 2.83 45.408381 11.890071 1
6.25 -7.95 1.74 21.35 2.83 45.408381 11.890071 1
6.07 -7.9 1.89 21.47 2.83 45.408381 11.890071 1
5.71 -7.7 1.83 21.75 2.83 45.408381 11.890071 1
5.52 -7.79 1.64 22.04 2.83 45.408381 11.890071 1
5.58 -7.99 1.67 22.02 2.83 45.408381 11.890071 1
5.8 -7.94 1.8 22.04 2.83 45.408381 11.890071 1
5.97 -7.78 1.74 22.5 2.83 45.408381 11.890071 1
5.9 -7.72 1.7 22.62 2.83 45.408381 11.890071 1
5.77 -7.7 1.86 22.12 2.83 45.408381 11.890071 1
5.95 -7.75 1.99 22.02 2.83 45.408381 11.890071 1
6.27 -7.84 1.99 21.76 2.83 45.408381 11.890071 1
6.24 -7.83 2.01 21.83 2.8 45.408370 11.890036 0
5.92 -7.71 1.96 21.97 2.8 45.408370 11.890036 1
5.78 -7.65 1.77 22.02 2.8 45.408370 11.890036 0
5.91 -7.74 1.76 21.88 2.8 45.408370 11.890036 1
6.08 -7.95 2.02 21.73 2.8 45.408370 11.890036 1
6.05 -8.12 2.13 21.92 2.8 45.408370 11.890036 1
5.78 -8.0 1.95 21.71 2.8 45.408370 11.890036 1
5.52 -7.64 1.82 21.37 2.8 45.408370 11.890036 1
5.6 -7.58 1.85 21.92 2.8 45.408370 11.890036 1
5.93 -7.95 1.85 21.88 2.8 45.408370 11.890036 1
6.11 -8.24 1.76 21.39 2.8 45.408370 11.890036 1
5.99 -8.13 1.64 21.97 2.8 45.408370 11.890036 1
5.81 -7.79 1.61 22.52 2.8 45.408370 11.890036 1
5.79 -7.49 1.73 22.12 2.8 45.408370 11.890036 1
5.93 -7.47 1.85 21.97 2.8 45.408370 11.890036 1
6.08 -7.82 1.76 21.8 2.8 45.408370 11.890036 1
6.13 -8.13 1.61 21.97 2.8 45.408370 11.890036 1
6.02 -7.95 1.64 21.87 2.8 45.408370 11.890036 1
5.8 -7.66 1.73 22.12 2.56 45.408358 11.890006 0
5.66 -7.73 1.73 21.47 2.56 45.408358 11.890006 1
5.8 -7.94 1.77 21.35 2.56 45.408358 11.890006 0
6.09 -7.97 1.91 21.69 2.56 45.408358 11.890006 1
6.12 -7.97 1.89 21.8 2.56 45.408358 11.890006 1
5.86 -7.89 1.77 22.29 2.56 45.408358 11.890006 1
5.81 -7.56 1.83 21.99 2.56 45.408358 11.890006 1
6.1 -7.4 2.02 21.47 2.56 45.408358 11.890006 1
6.31 -7.71 2.03 21.59 2.56 45.408358 11.890006 1
6.18 -7.91 1.89 22.59 2.56 45.408358 11.890006 1
5.99 -7.57 1.96 22.31 2.56 45.408358 11.890006 1
5.97 -7.34 2.19 22.12 2.56 45.408358 11.890006 1
6.03 -7.72 2.13 21.92 2.56 45.408358 11.890006 1
6.01 -8.21 1.7 21.47 2.56 45.408358 11.890006 1
5.85 -8.24 1.38 22.02 2.56 45.408358 11.890006 1
5.7 -7.96 1.46 22.12 2.56 45.408358 11.890006 1
5.73 -7.73 1.68 21.56 2.56 45.408358 11.890006 1
5.92 -7.66 1.74 21.97 2.88 45.408348 11.889970 0
6.1 -7.78 1.66 22.0 2.88 45.408348 11.889970 1
6.21 -7.9 1.51 22.02 2.88 45.408348 11.889970 0
6.22 -7.82 1.35 21.97 2.88 45.408348 11.889970 1
6.11 -7.76 1.37 21.47 2.88 45.408348 11.889970 1
6.03 -7.88 1.57 21.51 2.88 45.408348 11.889970 1
6.1 -7.89 1.71 21.92 2.88 45.408348 11.889970 1
6.09 -7.67 1.68 22.07 2.88 45.408348 11.889970 1
5.86 -7.63 1.64 22.05 2.88 45.408348 11.889970 1
5.67 -7.88 1.76 22.12 2.88 45.408348 11.889970 1
5.66 -8.03 1.89 21.57 2.88 45.408348 11.889970 1
5.69 -7.97 1.87 21.54 2.88 45.408348 11.889970 1
5.77 -7.9 1.79 21.57 2.88 45.408348 11.889970 1
6.02 -7.82 1.83 21.63 2.88 45.408348 11.889970 1
6.16 -7.7 1.93 22.14 2.88 45.408348 11.889970 1
5.97 -7.6 1.94 22.24 2.88 45.408348 11.889970 1
5.82 -7.56 1.95 22.23 2.88 45.408348 11.889970 1
5.98 -7.66 2.03 21.81 2.88 45.408348 11.889970 1
6.13 -8.01 2.05 21.35 3.05 45.408339 11.889932 0
6.07 -8.18 2.03 21.8 3.05 45.408339 11.889932 1
5.94 -7.81 2.08 22.09 3.05 45.408339 11.889932 0
5.74 -7.44 2.11 22.12 3.05 45.408339 11.889932 1
5.51 -7.62 1.97 22.21 3.05 45.408339 11.889932 1
5.59 -8.0 1.84 21.95 3.05 45.408339 11.889932 1
5.91 -8.14 1.78 21.73 3.05 45.408339 11.889932 1
5.97 -8.16 1.67 21.73 3.05 45.408339 11.889932 1
5.84 -8.0 1.61 21.64 3.05 45.408339 11.889932 1
5.98 -7.58 1.74 22.55 3.05 45.408339 11.889932 1
6.16 -7.38 1.82 22.23 3.05 45.408339 11.889932 1
5.97 -7.69 1.68 21.81 3.05 45.408339 11.889932 1
5.74 -7.99 1.59 22.19 3.05 45.408339 11.889932 1
5.85 -7.95 1.71 21.93 3.05 45.408339 11.889932 1
5.96 -7.95 1.75 21.47 3.05 45.408339 11.889932 1
5.83 -8.14 1.62 21.47 3.05 45.408339 11.889932 1
5.69 -8.16 1.62 21.47 3.05 45.408339 11.889932 1
5.58 -7.83 1.8 21.73 3.14 45.408327 11.889892 0
5.43 -7.48 1.92 22.23 3.14 45.408327 11.889892 1
5.59 -7.56 1.95 22.02 3.14 45.408327 11.889892 0
6.07 -8.03 2.04 21.3 3.14 45.408327 11.889892 1
6.25 -8.3 2.17 21.78 3.14 45.408327 11.889892 1
5.94 -7.99 2.17 21.61 3.14 45.408327 11.889892 1
5.71 -7.54 2.06 22.12 3.14 45.408327 11.889892 1
5.81 -7.51 1.95 21.56 3.14 45.408327 11.889892 1
5.98 -7.88 1.89 21.42 3.14 45.408327 11.889892 1
6.07 -8.18 1.82 21.87 3.14 45.408327 11.889892 1
5.97 -8.09 1.72 22.02 3.14 45.408327 11.889892 1
5.62 -7.8 1.65 22.09 3.14 45.408327 11.889892 1
5.47 -7.76 1.66 22.12 3.14 45.408327 11.889892 1
5.79 -8.02 1.75 21.52 3.14 45.408327 11.889892 1
6.08 -8.1 1.85 21.54 3.14 45.408327 11.889892 1
5.98 -7.81 1.9 22.12 3.14 45.408327 11.889892 1
5.94 -7.56 1.81 22.05 3.14 45.408327 11.889892 1
6.1 -7.63 1.63 21.92 3.14 45.408327 11.889892 1
6.12 -7.82 1.57 21.45 3.34 45.408312 11.889854 0
6.09 -7.88 1.67 21.97 3.34 45.408312 11.889854 1
6.2 -7.76 1.79 22.05 3.34 45.408312 11.889854 0
6.09 -7.64 1.84 22.05 3.34 45.408312 11.889854 1
5.68 -7.73 1.85 21.97 3.34 45.408312 11.889854 1
5.53 -8.05 1.81 21.95 3.34 45.408312 11.889854 1
5.75 -8.2 1.71 21.83 3.34 45.408312 11.889854 1
5.87 -8.03 1.68 21.42 3.34 45.408312 11.889854 1
5.85 -7.86 1.78 21.99 3.34 45.408312 11.889854 1
5.95 -7.86 1.89 22.04 3.34 45.408312 11.889854 1
5.98 -7.76 1.91 21.73 3.34 45.408312 11.889854 1
5.83 -7.55 1.87 22.07 3.34 45.408312 11.889854 1
5.91 -7.6 1.87 21.97 3.34 45.408312 11.889854 1
6.23 -7.87 1.88 21.93 3.34 45.408312 11.889854 1
6.18 -7.9 1.83 22.12 3.34 45.408312 11.889854 1
5.76 -7.73 1.71 22.17 3.34 45.408312 11.889854 1
5.61 -7.74 1.67 22.02 3.34 45.408312 11.889854 1
5.85 -7.93 1.76 21.45 2.67 45.408300 11.889823 0
5.89 -8.1 1.81 21.92 2.67 45.408300 11.889823 1
5.58 -8.2 1.76 22.02 2.67 45.408300 11.889823 0
5.49 -8.08 1.82 21.63 2.67 45.408300 11.889823 1
5.85 -7.68 1.99 22.04 2.67 45.408300 11.889823 1
6.22 -7.47 1.98 22.04 2.67 45.408300 11.889823 1
6.22 -7.69 1.76 21.92 2.67 45.408300 11.889823 1
5.92 -7.89 1.6 22.36 2.67 45.408300 11.889823 1
5.65 -7.83 1.62 22.26 2.67 45.408300 11.889823 1
5.67 -7.83 1.74 22.02 2.67 45.408300 11.889823 1
5.92 -7.93 1.84 22.91 2.67 45.408300 11.889823 1
6.06 -7.9 1.79 22.12 2.67 45.408300 11.889823 1
5.85 -7.96 1.66 22.17 2.67 45.408300 11.889823 1
5.58 -8.2 1.69 22.23 2.67 45.408300 11.889823 1
5.58 -8.14 1.84 22.24 2.67 45.408300 11.889823 1
5.76 -7.78 1.89 22.17 2.67 45.408300 11.889823 1
5.92 -7.72 1.87 22.09 2.67 45.408300 11.889823 1
6.02 -7.93 1.93 21.85 2.67 45.408300 11.889823 1
5.98 -7.87 2.01 21.95 2.95 45.408288 11.889789 0
5.88 -7.66 1.98 21.42 2.95 45.408288 11.889789 1
5.94 -7.7 1.89 21.87 2.95 45.408288 11.889789 0
6.1 -7.85 1.78 21.81 2.95 45.408288 11.889789 1
6.03 -7.85 1.78 21.85 2.95 45.408288 11.889789 1
5.77 -7.85 2.02 21.78 2.95 45.408288 11.889789 1
5.7 -7.85 2.17 21.93 2.95 45.408288 11.889789 1
5.83 -7.8 1.86 22.29 2.95 45.408288 11.889789 1
5.84 -7.84 1.51 22.17 2.95 45.408288 11.889789 1
5.72 -8.02 1.66 22.04 2.95 45.408288 11.889789 1
5.71 -8.01 1.91 22.07 2.95 45.408288 11.889789 1
5.87 -7.79 1.74 22.02 2.95 45.408288 11.889789 1
6.02 -7.74 1.58 21.97 2.95 45.408288 11.889789 1
6.01 -7.83 1.84 21.57 2.95 45.408288 11.889789 1
5.93 -7.78 1.97 22.17 2.95 45.408288 11.889789 1
5.97 -7.71 1.71 22.54 2.95 45.408288 11.889789 1
6.09 -7.78 1.63 21.95 2.95 45.408288 11.889789 1
6.03 -7.86 1.88 22.0 1.35 45.408286 11.889771 0
5.77 -7.9 1.9 22.02 1.35 45.408286 11.889771 1
5.64 -8.07 1.7 21.93 1.35 45.408286 11.889771 0
5.65 -8.13 1.74 21.95 1.35 45.408286 11.889771 1
5.63 -7.84 1.92 21.61 1.35 45.408286 11.889771 1
5.73 -7.62 1.8 22.12 1.35 45.408286 11.889771 1
6.08 -7.84 1.6 21.87 1.35 45.408286 11.889771 1
6.3 -8.14 1.7 21.47 1.35 45.408286 11.889771 1
6.13 -8.05 1.92 21.83 1.35 45.408286 11.889771 1
5.93 -7.71 1.96 21.69 1.35 45.408286 11.889771 1
5.84 -7.5 1.92 22.17 1.35 45.408286 11.889771 1
5.75 -7.63 1.96 21.97 1.35 45.408286 11.889771 1
5.77 -8.02 2.01 21.52 1.35 45.408286 11.889771 1
5.96 -8.23 1.95 21.83 1.35 45.408286 11.889771 1
5.91 -8.01 1.85 22.07 1.35 45.408286 11.889771 1
5.59 -7.71 1.8 21.81 1.35 45.408286 11.889771 1
5.54 -7.67 1.8 21.76 1.35 45.408286 11.889771 1
5.9 -7.74 1.8 21.93 1.35 45.408286 11.889771 1
6.15 -7.82 1.75 21.97 2.91 45.408276 11.889737 0
6.06 -7.92 1.72 21.97 2.91 45.408276 11.889737 1
5.87 -7.88 1.71 22.02 2.91 45.408276 11.889737 0
5.86 -7.72 1.66 21.93 2.91 45.408276 11.889737 1
6.08 -7.76 1.64 21.52 2.91 45.408276 11.889737 1
6.27 -7.95 1.73 22.0 2.91 45.408276 11.889737 1
6.1 -7.93 1.77 22.62 2.91 45.408276 11.889737 1
5.76 -7.84 1.68 21.69 2.91 45.408276 11.889737 1
5.67 -8.0 1.64 21.81 2.91 45.408276 11.889737 1
5.81 -8.23 1.73 22.17 2.91 45.408276 11.889737 1
5.9 -8.18 1.8 22.09 2.91 45.408276 11.889737 1
5.93 -7.94 1.84 22.12 2.91 45.408276 11.889737 1
5.98 -7.76 1.95 22.12 2.91 45.408276 11.889737 1
6.01 -7.71 2.07 22.17 2.91 45.408276 11.889737 1
6.02 -7.74 2.05 22.19 2.91 45.408276 11.889737 1
6.05 -7.79 1.93 22.09 2.91 45.408276 11.889737 1
6.02 -7.9 1.85 21.56 2.91 45.408276 11.889737 1
5.88 -8.08 1.9 21.85 3.36 45.408260 11.889692 0
5.75 -8.08 2.08 22.04 3.36 45.408260 11.889692 1
5.73 -7.8 2.1 21.99 3.36 45.408260 11.889692 0
5.81 -7.72 1.81 21.61 3.36 45.408260 11.889692 1
5.91 -8.07 1.59 21.45 3.36 45.408260 11.889692 1
5.92 -8.24 1.78 21.4 3.36 45.408260 11.889692 1
5.84 -7.83 2.0 22.0 3.36 45.408260 11.889692 1
5.85 -7.45 1.8 21.97 3.36 45.408260 11.889692 1
6.1 -7.56 1.47 21.97 3.36 45.408260 11.889692 1
6.29 -7.8 1.44 22.02 3.36 45.408260 11.889692 1
6.16 -7.83 1.62 22.02 3.36 45.408260 11.889692 1
5.94 -7.74 1.71 22.07 3.36 45.408260 11.889692 1
5.97 -7.67 1.68 21.63 3.36 45.408260 11.889692 1
5.99 -7.75 1.64 21.66 3.36 45.408260 11.889692 1
5.74 -8.02 1.63 22.07 3.36 45.408260 11.889692 1
5.52 -8.13 1.6 22.12 3.36 45.408260 11.889692 1
5.59 -7.94 1.58 22.09 3.36 45.408260 11.889692 1
5.74 -7.89 1.68 21.56 3.36 45.408260 11.889692 1
5.84 -8.08 1.85 21.8 3.27 45.408249 11.889648 0
5.91 -7.97 1.88 21.87 3.27 45.408249 11.889648 1
5.87 -7.64 1.74 22.31 3.27 45.408249 11.889648 0
5.82 -7.61 1.63 21.4 3.27 45.408249 11.889648 1
6.02 -7.84 1.69 21.3 3.27 45.408249 11.889648 1
6.11 -7.98 1.83 21.9 3.27 45.408249 11.889648 1
5.81 -7.98 2.01 21.97 3.27 45.408249 11.889648 1
5.68 -7.82 2.13 22.0 3.27 45.408249 11.889648 1
5.84 -7.66 2.07 22.12 3.27 45.408249 11.889648 1
5.73 -7.93 1.91 21.99 3.27 45.408249 11.889648 1
5.76 -8.3 1.76 22.02 3.27 45.408249 11.889648 1
6.27 -8.02 1.63 22.12 3.27 45.408249 11.889648 1
6.11 -7.53 1.56 22.17 3.27 45.408249 11.889648 1
5.4 -7.61 1.65 22.04 3.27 45.408249 11.889648 1
5.86 -7.84 1.72 22.38 3.27 45.408249 11.889648 1
6.53 -7.98 1.71 22.02 3.27 45.408249 11.889648 1
5.37 -8.03 1.85 21.9 3.27 45.408249 11.889648 1
4.83 -7.1 1.94 21.87 3.27 45.408249 11.889648 1
7.08 -5.93 1.61 20.55 2.33 45.408241 11.889617 0
8.33 -7.42 1.47 21.08 2.33 45.408241 11.889617 1
6.09 -10.32 1.93 22.43 2.33 45.408241 11.889617 0
4.26 -9.42 1.99 25.06 2.33 45.408241 11.889617 1
4.61 -5.6 1.45 28.07 2.33 45.408241 11.889617 1
4.29 -5.48 1.91 29.17 2.33 45.408241 11.889617 1
3.74 -9.12 3.28 23.6 2.33 45.408241 11.889617 1
5.5 -10.21 3.08 23.38 2.33 45.408241 11.889617 1
7.37 -8.06 1.12 22.23 2.33 45.408241 11.889617 1
6.75 -7.15 0.2 21.54 2.33 45.408241 11.889617 1
5.78 -7.87 1.22 24.15 2.33 45.408241 11.889617 1
6.11 -7.74 2.15 21.87 2.33 45.408241 11.889617 1
6.14 -7.21 2.01 21.59 2.33 45.408241 11.889617 1
5.51 -7.56 1.75 22.45 2.33 45.408241 11.889617 1
5.47 -8.03 1.78 22.47 2.33 45.408241 11.889617 1
5.78 -7.97 1.7 21.97 2.33 45.408241 11.889617 1
5.81 -7.88 1.54 21.95 2.33 45.408241 11.889617 1
5.96 -7.86 1.51 21.83 2.28 45.408243 11.889589 0
6.18 -7.74 1.59 21.95 2.28 45.408243 11.889589 1
6.03 -7.69 1.74 22.02 2.28 45.408243 11.889589 0
5.83 -7.73 1.8 22.09 2.28 45.408243 11.889589 1
5.94 -7.8 1.67 21.97 2.28 45.408243 11.889589 1
6.11 -8.03 1.61 22.21 2.28 45.408243 11.889589 1
6.02 -8.19 1.77 21.83 2.28 45.408243 11.889589 1
5.67 -8.05 1.76 22.79 2.28 45.408243 11.889589 1
5.36 -7.91 1.56 22.11 2.28 45.408243 11.889589 1
5.55 -7.98 1.61 23.31 2.28 45.408243 11.889589 1
5.99 -8.0 1.91 22.04 2.28 45.408243 11.889589 1
5.88 -7.89 2.05 22.52 2.28 45.408243 11.889589 1
5.4 -7.78 2.07 22.29 2.28 45.408243 11.889589 1
5.43 -7.74 2.08 21.59 2.28 45.408243 11.889589 1
5.87 -7.91 1.92 21.9 2.28 45.408243 11.889589 1
5.98 -8.18 1.72 21.92 2.28 45.408243 11.889589 1
5.73 -8.08 1.85 22.04 2.28 45.408243 11.889589 1
5.57 -7.7 2.1 22.09 3.19 45.408232 11.889547 0
5.68 -7.7 2.01 21.97 3.19 45.408232 11.889547 1
5.94 -8.04 1.81 21.4 3.19 45.408232 11.889547 1
6.1 -8.12 1.88 21.87 3.19 45.408232 11.889547 0
5.9 -7.95 2.03 22.04 3.19 45.408232 11.889547 1
5.62 -7.87 2.05 21.78 3.19 45.408232 11.889547 1
5.71 -7.81 2.01 21.8 3.19 45.408232 11.889547 1
5.98 -7.83 1.9 21.59 3.19 45.408232 11.889547 1
5.95 -8.12 1.73 21.83 3.19 45.408232 11.889547 1
5.73 -8.28 1.75 22.11 3.19 45.408232 11.889547 1
5.66 -7.96 1.96 22.19 3.19 45.408232 11.889547 1
5.75 -7.76 1.96 22.55 3.19 45.408232 11.889547 1
5.9 -8.05 1.68 22.02 3.19 45.408232 11.889547 1
5.98 -8.21 1.53 22.12 3.19 45.408232 11.889547 1
5.88 -7.95 1.65 22.16 3.19 45.408232 11.889547 1
5.72 -7.79 1.77 22.16 3.19 45.408232 11.889547 1
5.76 -7.89 1.79 22.07 3.19 45.408232 11.889547 1
5.92 -7.92 1.8 21.59 3.19 45.408232 11.889547 1
5.92 -7.9 1.78 22.02 2.13 45.408225 11.889518 0
5.78 -7.97 1.72 22.04 2.13 45.408225 11.889518 1
5.71 -8.01 1.66 22.09 2.13 45.408225 11.889518 0
5.74 -7.97 1.66 21.95 2.13 45.408225 11.889518 1
5.81 -8.01 1.73 21.81 2.13 45.408225 11.889518 1
5.85 -8.09 1.84 21.45 2.13 45.408225 11.889518 1
5.81 -8.06 1.84 22.21 2.13 45.408225 11.889518 1
5.74 -7.94 1.76 21.9 2.13 45.408225 11.889518 1
5.8 -7.82 1.9 22.11 2.13 45.408225 11.889518 1
5.91 -7.74 2.2 22.12 2.13 45.408225 11.889518 1
5.88 -7.81 2.22 21.69 2.13 45.408225 11.889518 1
5.77 -8.02 1.93 22.05 2.13 45.408225 11.889518 1
5.76 -8.2 1.76 21.59 2.13 45.408225 11.889518 1
5.83 -8.25 1.82 21.6 2.13 45.408225 11.889518 1
5.84 -8.24 1.85 21.59 2.13 45.408225 11.889518 1
5.82 -8.23 1.81 21.59 2.13 45.408225 11.889518 1
5.82 -8.23 1.82 21.58 2.13 45.408225 11.889518 1
5.84 -8.24 1.83 21.58 2.13 45.408225 11.889518 1
5.84 -8.25 1.82 21.6 2.13 45.408225 11.889518 1
5.83 -8.25 1.81 21.59 2.13 45.408225 11.889518 1
5.83 -8.24 1.83 21.58 2.13 45.408225 11.889518 1
5.83 -8.24 1.81 21.59 2.13 45.408225 11.889518 1
5.83 -8.24 1.81 21.59 2.13 45.408225 11.889518 1
5.83 -8.25 1.82 21.58 2.13 45.408225 11.889518 1
5.83 -8.25 1.83 21.59 2.13 45.408225 11.889518 1
5.82 -8.25 1.82 21.59 2.13 45.408225 11.889518 1
5.82 -8.24 1.82 21.59 2.13 45.408225 11.889518 1
5.83 -8.24 1.83 21.59 2.13 45.408225 11.889518 1
5.83 -8.24 1.82 21.6 2.13 45.408225 11.889518 1
5.83 -8.24 1.81 21.59 2.13 45.408225 11.889518 1
5.83 -8.24 1.82 21.59 2.13 45.408225 11.889518 1
5.83 -8.25 1.82 21.58 2.13 45.408225 11.889518 1
5.84 -8.25 1.82 21.59 2.13 45.408225 11.889518 1
5.83 -8.24 1.82 21.59 2.13 45.408225 11.889518 1
5.83 -8.23 1.82 21.59 2.13 45.408225 11.889518 1
5.82 -8.24 1.82 21.6 2.13 45.408225 11.889518 1
5.83 -8.24 1.82 21.59 2.13 45.408225 11.889518 1
5.83 -8.23 1.81 21.6 2.13 45.408225 11.889518 1
5.83 -8.24 1.82 21.59 2.13 45.408225 11.889518 1
5.83 -8.24 1.82 21.59 2.13 45.408225 11.889518 1
5.84 -8.24 1.81 21.59 2.13 45.408225 11.889518 1
5.84 -8.24 1.81 21.59 2.13 45.408225 11.889518 1
5.83 -8.24 1.82 21.59 2.13 45.408225 11.889518 1
5.83 -8.24 1.82 21.58 2.13 45.408225 11.889518 1
5.84 -8.23 1.81 21.59 2.13 45.408225 11.889518 1
5.83 -8.23 1.81 21.59 2.13 45.408225 11.889518 1
5.83 -8.24 1.82 21.59 2.13 45.408225 11.889518 1
5.83 -8.23 1.82 21.6 2.13 45.408225 11.889518 1
5.83 -8.24 1.82 21.59 2.13 45.408225 11.889518 1
5.83 -8.24 1.83 21.58 2.13 45.408225 11.889518 1
5.82 -8.24 1.83 21.59 2.13 45.408225 11.889518 1
