6.09 -7.5 1.94 21.85 1.74 45.408034 11.888561 1
6.04 -7.95 1.66 21.9 1.74 45.408034 11.888561 1
5.86 -7.65 1.89 21.9 1.74 45.408034 11.888561 1
6.2 -7.36 1.68 22.42 1.74 45.408034 11.888561 1
6.15 -8.05 1.48 22.02 1.74 45.408034 11.888561 1
6.15 -7.86 2.01 21.99 1.74 45.408034 11.888561 1
6.17 -7.31 1.75 21.57 1.74 45.408034 11.888561 1
6.33 -7.75 1.74 22.07 1.74 45.408034 11.888561 1
5.88 -7.94 1.96 22.11 1.74 45.408034 11.888561 1
5.88 -7.84 2.07 22.16 1.74 45.408034 11.888561 1
5.79 -7.65 2.2 21.51 1.74 45.408034 11.888561 1
5.82 -7.93 1.7 22.26 1.74 45.408034 11.888561 1
5.53 -8.31 1.68 21.8 3.09 45.408031 11.888531 0
6.22 -7.97 1.77 22.23 3.09 45.408031 11.888531 1
5.94 -7.75 2.02 21.54 3.09 45.408031 11.888531 0
5.86 -7.76 1.65 22.11 3.09 45.408031 11.888531 1
5.95 -7.42 1.63 21.97 3.09 45.408031 11.888531 1
6.05 -7.63 1.67 21.87 3.09 45.408031 11.888531 1
6.42 -7.79 1.45 21.76 3.09 45.408031 11.888531 1
6.26 -8.09 1.91 22.23 3.09 45.408031 11.888531 1
6.0 -7.62 1.66 22.54 3.09 45.408031 11.888531 1
5.95 -7.62 1.25 22.55 3.09 45.408031 11.888531 1
5.96 -7.87 1.32 22.57 3.09 45.408031 11.888531 1
5.71 -8.17 1.32 22.11 3.09 45.408031 11.888531 1
5.86 -7.98 1.71 22.47 3.09 45.408031 11.888531 1
5.87 -8.05 1.78 22.48 3.09 45.408031 11.888531 1
5.69 -7.72 2.14 22.09 3.09 45.408031 11.888531 1
5.99 -7.76 1.95 22.52 3.09 45.408031 11.888531 1
6.02 -7.67 2.01 21.97 3.09 45.408031 11.888531 1
6.01 -7.74 1.98 21.92 2.43 45.408032 11.888503 0
6.32 -7.86 1.73 21.95 2.43 45.408032 11.888503 1
6.16 -7.76 1.72 21.92 2.43 45.408032 11.888503 0
5.93 -7.58 2.02 21.97 2.43 45.408032 11.888503 1
5.75 -7.78 2.1 21.92 2.43 45.408032 11.888503 1
5.97 -7.86 1.92 21.95 2.43 45.408032 11.888503 1
