5.91 -7.6 1.86 21.54 3.05 45.407964 11.888211 1
6.13 -8.58 1.96 21.51 3.05 45.407964 11.888211 1
5.87 -8.0 1.87 22.0 3.05 45.407964 11.888211 1
6.11 -8.1 1.95 22.16 3.05 45.407964 11.888211 1
6.1 -7.55 1.57 22.05 3.05 45.407964 11.888211 1
6.44 -7.75 1.67 22.04 3.05 45.407964 11.888211 1
6.31 -7.74 1.48 22.05 3.05 45.407964 11.888211 1
6.18 -7.67 1.68 22.07 3.05 45.407964 11.888211 1
6.07 -8.04 1.71 21.92 3.05 45.407964 11.888211 1
5.83 -7.9 1.53 22.05 3.05 45.407964 11.888211 1
5.47 -8.08 1.79 22.05 3.05 45.407964 11.888211 1
5.37 -7.91 1.5 21.95 3.05 45.407964 11.888211 1
5.94 -7.97 1.57 21.92 3.34 45.407950 11.888170 0
5.82 -7.9 1.82 21.87 3.34 45.407950 11.888170 1
5.91 -7.82 1.86 21.49 3.34 45.407950 11.888170 0
6.05 -7.49 2.1 21.85 3.34 45.407950 11.888170 1
6.33 -7.73 1.69 21.9 3.34 45.407950 11.888170 1
5.89 -7.79 1.79 21.45 3.34 45.407950 11.888170 1
5.99 -8.04 1.99 21.78 3.34 45.407950 11.888170 1
5.91 -7.64 1.88 21.76 3.34 45.407950 11.888170 1
5.94 -7.82 2.22 21.88 3.34 45.407950 11.888170 1
6.17 -7.75 1.97 22.43 3.34 45.407950 11.888170 1
5.72 -7.68 1.67 21.76 3.34 45.407950 11.888170 1
5.8 -7.75 1.6 22.23 3.34 45.407950 11.888170 1
5.85 -7.71 1.82 22.17 3.34 45.407950 11.888170 1
6.18 -7.78 1.48 22.09 3.34 45.407950 11.888170 1
6.07 -8.0 1.61 21.66 3.34 45.407950 11.888170 1
5.99 -7.82 1.64 22.05 3.34 45.407950 11.888170 1
6.06 -7.94 1.76 21.92 3.34 45.407950 11.888170 1
6.16 -7.66 1.53 21.92 2.57 45.407941 11.888140 0
6.15 -7.61 1.89 22.02 2.57 45.407941 11.888140 1
5.85 -7.64 1.92 21.33 2.57 45.407941 11.888140 0
5.83 -7.91 1.82 21.8 2.57 45.407941 11.888140 1
5.63 -8.19 1.69 21.95 2.57 45.407941 11.888140 1
5.44 -7.74 1.62 21.95 2.57 45.407941 11.888140 1
