5.84 -8.13 1.81 21.78 2.62 45.408019 11.888593 1
6.45 -7.55 1.51 21.9 2.62 45.408019 11.888593 1
6.09 -7.5 1.49 21.9 2.62 45.408019 11.888593 1
6.08 -7.58 1.68 21.66 2.62 45.408019 11.888593 1
6.11 -7.72 1.7 22.04 2.62 45.408019 11.888593 1
6.35 -7.7 1.59 22.52 2.62 45.408019 11.888593 1
6.24 -7.76 1.83 22.07 2.62 45.408019 11.888593 1
5.99 -7.92 1.6 22.12 2.62 45.408019 11.888593 1
5.85 -7.81 1.42 22.17 2.62 45.408019 11.888593 1
5.55 -7.76 1.52 22.04 2.62 45.408019 11.888593 1
6.17 -7.68 1.78 21.9 2.62 45.408019 11.888593 1
6.07 -8.09 1.78 21.4 2.62 45.408019 11.888593 1
6.02 -7.65 2.03 22.02 2.42 45.408024 11.888569 0
5.94 -7.82 2.14 22.12 2.42 45.408024 11.888569 1
6.02 -7.39 2.02 22.11 2.42 45.408024 11.888569 0
6.23 -7.78 1.86 23.22 2.42 45.408024 11.888569 1
6.19 -7.73 1.84 21.87 2.42 45.408024 11.888569 1
6.09 -8.27 1.75 21.76 2.42 45.408024 11.888569 1
5.92 -7.62 2.05 21.93 2.42 45.408024 11.888569 1
5.93 -7.75 1.99 21.93 2.42 45.408024 11.888569 1
5.7 -7.73 2.02 21.99 2.42 45.408024 11.888569 1
5.8 -7.97 1.96 21.99 2.42 45.408024 11.888569 1
5.8 -7.81 2.09 22.0 2.42 45.408024 11.888569 1
6.0 -7.84 1.72 22.47 2.42 45.408024 11.888569 1
6.12 -7.72 1.46 22.05 2.42 45.408024 11.888569 1
6.12 -7.74 1.63 22.48 2.42 45.408024 11.888569 1
6.14 -7.96 1.83 23.36 2.42 45.408024 11.888569 1
6.09 -7.59 1.74 22.05 2.42 45.408024 11.888569 1
6.23 -7.65 1.81 21.9 2.42 45.408024 11.888569 1
6.07 -7.93 1.71 21.83 1.74 45.408034 11.888561 0
6.1 -7.67 1.62 21.9 1.74 45.408034 11.888561 1
6.01 -7.8 1.89 21.85 1.74 45.408034 11.888561 0
6.13 -7.7 1.42 22.21 1.74 45.408034 11.888561 1
5.89 -8.31 1.32 21.95 1.74 45.408034 11.888561 1
5.44 -7.91 1.58 22.31 1.74 45.408034 11.888561 1
