6.0 -7.52 2.37 22.05 3.05 45.407839 11.899701 1 0
6.03 -8.08 2.02 22.07 3.05 45.407839 11.899701 1 0
6.02 -7.83 1.78 22.07 3.05 45.407839 11.899701 1 0
5.98 -7.53 1.93 22.02 3.05 45.407839 11.899701 1 0
6.27 -7.81 1.76 21.95 3.05 45.407839 11.899701 1 0
5.88 -7.75 1.39 21.9 3.23 45.407848 11.899744 0 0
5.92 -7.92 1.43 21.95 3.23 45.407848 11.899744 1 0
5.82 -8.23 1.72 21.54 3.23 45.407848 11.899744 0 0
5.14 -7.89 1.97 22.0 3.23 45.407848 11.899744 1 0
5.44 -8.01 2.02 21.97 3.23 45.407848 11.899744 1 0
5.49 -8.21 1.83 21.87 3.23 45.407848 11.899744 1 0
5.82 -8.05 1.89 21.81 3.23 45.407848 11.899744 1 0
5.7 -7.86 2.12 21.87 3.23 45.407848 11.899744 1 0
5.79 -7.83 1.89 21.97 3.23 45.407848 11.899744 1 0
5.89 -7.63 1.78 22.05 3.23 45.407848 11.899744 1 0
5.99 -8.05 1.63 21.57 3.23 45.407848 11.899744 1 0
5.75 -7.98 1.85 21.61 3.23 45.407848 11.899744 1 0
5.96 -7.98 1.52 22.02 3.23 45.407848 11.899744 1 0
5.83 -7.72 1.91 22.0 3.23 45.407848 11.899744 1 0
5.83 -7.71 1.91 21.99 3.23 45.407848 11.899744 1 0
5.84 -7.71 1.91 22.01 3.23 45.407848 11.899744 1 0
5.83 -7.72 1.92 22.0 3.23 45.407848 11.899744 1 0
5.82 -7.73 1.91 22.0 3.23 45.407848 11.899744 1 0
5.83 -7.71 1.91 22.01 3.23 45.407848 11.899744 1 0
5.84 -7.71 1.92 22.0 3.23 45.407848 11.899744 1 0
5.83 -7.71 1.91 22.0 3.23 45.407848 11.899744 1 0
5.83 -7.72 1.9 22.01 3.23 45.407848 11.899744 1 0
5.84 -7.73 1.9 21.99 3.23 45.407848 11.899744 1 0
5.83 -7.72 1.91 22.0 3.23 45.407848 11.899744 1 0
5.83 -7.72 1.9 22.01 3.23 45.407848 11.899744 1 0
5.83 -7.73 1.9 21.99 3.23 45.407848 11.899744 1 0
5.83 -7.71 1.91 22.01 3.23 45.407848 11.899744 1 0
5.84 -7.72 1.91 22.0 3.23 45.407848 11.899744 1 0
5.82 -7.72 1.91 22.0 3.23 45.407848 11.899744 1 0
5.84 -7.71 1.92 21.99 3.23 45.407848 11.899744 1 0
