5.77 -8.05 2.14 21.9 2.43 45.407784 11.899287 1 0
5.67 -8.14 2.02 21.92 2.43 45.407784 11.899287 1 0
5.77 -7.96 1.84 21.99 2.43 45.407784 11.899287 1 0
5.78 -7.9 1.92 22.04 2.43 45.407784 11.899287 1 0
5.82 -7.9 2.1 21.85 2.43 45.407784 11.899287 1 0
6.02 -7.8 2.0 21.9 2.66 45.407786 11.899324 0 0
6.14 -7.69 1.76 22.05 2.66 45.407786 11.899324 1 0
6.01 -7.65 1.77 22.6 2.66 45.407786 11.899324 0 0
5.95 -7.63 1.86 21.76 2.66 45.407786 11.899324 1 0
6.13 -7.63 1.74 22.28 2.66 45.407786 11.899324 1 0
6.21 -7.71 1.6 22.16 2.66 45.407786 11.899324 1 0
6.03 -7.84 1.62 22.23 2.66 45.407786 11.899324 1 0
5.82 -7.92 1.64 21.9 2.66 45.407786 11.899324 1 0
5.7 -7.93 1.68 21.44 2.66 45.407786 11.899324 1 0
5.66 -7.91 1.84 21.97 2.66 45.407786 11.899324 1 0
5.83 -7.93 1.91 22.79 2.66 45.407786 11.899324 1 0
6.08 -7.91 1.82 21.47 2.66 45.407786 11.899324 1 0
6.08 -7.8 1.83 23.26 2.66 45.407786 11.899324 1 0
5.96 -7.72 1.92 48.41 2.66 45.407786 11.899324 1 0
6.11 -7.72 1.92 22.04 2.66 45.407786 11.899324 1 0
6.3 -7.71 1.9 22.47 2.66 45.407786 11.899324 1 0
6.16 -7.67 1.96 21.9 2.66 45.407786 11.899324 1 0
5.9 -7.71 1.96 22.6 2.66 45.407786 11.899324 1 0
5.87 -7.82 1.92 22.11 3.28 45.407790 11.899370 0 0
5.87 -7.9 1.97 22.47 3.28 45.407790 11.899370 1 0
5.73 -8.0 2.0 22.23 3.28 45.407790 11.899370 0 0
5.65 -8.05 1.89 21.75 3.28 45.407790 11.899370 1 0
5.75 -7.9 1.88 21.75 3.28 45.407790 11.899370 1 0
5.87 -7.62 2.08 22.23 3.28 45.407790 11.899370 1 0
5.93 -7.54 2.21 22.12 3.28 45.407790 11.899370 1 0
6.0 -7.67 2.06 22.07 3.28 45.407790 11.899370 1 0
6.11 -7.78 1.85 22.17 3.28 45.407790 11.899370 1 0
6.18 -7.78 1.82 21.87 3.28 45.407790 11.899370 1 0
6.17 -7.75 1.96 22.28 3.28 45.407790 11.899370 1 0
6.13 -7.68 2.02 22.81 3.28 45.407790 11.899370 1 0
