5.8 -7.95 1.84 22.36 2.86 45.407761 11.899223 1 0
5.97 -7.71 2.1 22.02 2.86 45.407761 11.899223 1 0
5.86 -7.95 1.89 21.88 2.86 45.407761 11.899223 1 0
6.09 -7.73 1.94 21.95 2.86 45.407761 11.899223 1 0
5.93 -7.98 2.05 22.21 2.86 45.407761 11.899223 1 0
5.97 -7.69 2.25 22.6 2.58 45.407770 11.899258 0 0
6.07 -7.68 2.23 21.71 2.58 45.407770 11.899258 1 0
6.16 -7.78 2.15 21.85 2.58 45.407770 11.899258 0 0
6.02 -7.68 2.26 22.42 2.58 45.407770 11.899258 1 0
5.94 -7.9 2.17 22.36 2.58 45.407770 11.899258 1 0
5.72 -7.9 2.19 21.78 2.58 45.407770 11.899258 1 0
5.86 -7.85 1.92 22.23 2.58 45.407770 11.899258 1 0
5.78 -7.89 1.94 21.75 2.58 45.407770 11.899258 1 0
5.81 -7.98 2.16 21.8 2.58 45.407770 11.899258 1 0
5.83 -7.67 1.87 22.07 2.58 45.407770 11.899258 1 0
6.14 -7.68 1.66 22.79 2.58 45.407770 11.899258 1 0
6.21 -7.38 1.81 21.95 2.58 45.407770 11.899258 1 0
6.26 -7.67 1.77 21.9 2.58 45.407770 11.899258 1 0
6.08 -7.71 1.64 21.97 2.58 45.407770 11.899258 1 0
6.14 -7.6 1.56 21.92 2.58 45.407770 11.899258 1 0
6.4 -7.5 1.51 21.95 2.58 45.407770 11.899258 1 0
6.1 -7.54 1.58 22.0 2.58 45.407770 11.899258 1 0
6.07 -7.63 1.92 21.9 2.58 45.407770 11.899258 1 0
5.89 -7.73 1.73 21.9 2.43 45.407784 11.899287 0 0
5.87 -8.1 1.89 21.81 2.43 45.407784 11.899287 1 0
5.76 -7.75 2.07 21.85 2.43 45.407784 11.899287 0 0
5.91 -8.08 2.05 22.26 2.43 45.407784 11.899287 1 0
5.95 -7.56 1.85 21.76 2.43 45.407784 11.899287 1 0
6.17 -7.64 1.75 22.57 2.43 45.407784 11.899287 1 0
6.08 -7.63 2.06 21.75 2.43 45.407784 11.899287 1 0
6.21 -7.7 1.91 22.26 2.43 45.407784 11.899287 1 0
6.22 -8.05 1.8 22.83 2.43 45.407784 11.899287 1 0
6.1 -7.78 1.97 22.02 2.43 45.407784 11.899287 1 0
6.61 -7.33 1.74 21.99 2.43 45.407784 11.899287 1 0
5.95 -7.58 2.23 22.47 2.43 45.407784 11.899287 1 0
