5.82 -8.18 1.54 23.0 2.4 45.406371 11.894512 1 0
5.85 -7.87 1.92 22.29 2.4 45.406371 11.894512 1 0
5.81 -7.58 2.2 22.57 2.4 45.406371 11.894512 1 0
5.82 -7.49 2.08 22.14 2.4 45.406371 11.894512 1 0
5.92 -7.7 1.84 22.59 2.4 45.406371 11.894512 1 0
6.04 -7.99 1.82 23.46 2.4 45.406371 11.894512 1 0
6.07 -8.03 1.82 22.76 2.4 45.406371 11.894512 1 0
5.91 -7.89 1.71 22.42 2.4 45.406371 11.894512 1 0
5.69 -7.83 1.74 22.72 2.4 45.406371 11.894512 1 0
5.68 -7.85 1.96 22.95 2.4 45.406371 11.894512 1 0
5.91 -7.92 2.01 21.83 2.4 45.406371 11.894512 1 0
6.07 -8.06 1.79 22.33 2.6 45.406373 11.894548 0 0
5.99 -8.07 1.6 21.9 2.6 45.406373 11.894548 1 0
5.79 -7.82 1.63 23.65 2.6 45.406373 11.894548 0 0
5.65 -7.71 1.76 22.35 2.6 45.406373 11.894548 1 0
5.68 -7.91 1.83 22.24 2.6 45.406373 11.894548 1 0
5.78 -8.04 1.81 22.16 2.6 45.406373 11.894548 1 0
5.69 -7.96 1.81 22.71 2.6 45.406373 11.894548 1 0
5.44 -8.01 1.91 22.33 2.6 45.406373 11.894548 1 0
5.35 -8.14 1.94 22.09 2.6 45.406373 11.894548 1 0
5.58 -8.05 1.79 22.09 2.6 45.406373 11.894548 1 0
5.9 -7.85 1.66 22.14 2.6 45.406373 11.894548 1 0
6.09 -7.79 1.69 21.59 2.6 45.406373 11.894548 1 0
6.13 -7.78 1.7 22.14 2.6 45.406373 11.894548 1 0
6.1 -7.76 1.59 23.56 2.6 45.406373 11.894548 1 0
6.06 -7.81 1.52 23.15 2.6 45.406373 11.894548 1 0
6.07 -7.88 1.54 23.14 2.6 45.406373 11.894548 1 0
6.09 -7.85 1.55 23.16 2.6 45.406373 11.894548 1 0
6.08 -7.82 1.52 23.15 2.6 45.406373 11.894548 1 0
6.07 -7.85 1.53 23.15 2.6 45.406373 11.894548 1 0
6.08 -7.86 1.54 23.14 2.6 45.406373 11.894548 1 0
6.09 -7.83 1.53 23.16 2.6 45.406373 11.894548 1 0
6.08 -7.82 1.52 23.15 2.6 45.406373 11.894548 1 0
6.07 -7.85 1.54 23.15 2.6 45.406373 11.894548 1 0
6.09 -7.85 1.53 23.15 2.6 45.406373 11.894548 1 0
