 NO5.96 -7.98 1.98 22.05 3.02 45.408034 11.888546 1 NO
5.93 -7.95 1.72 22.52 3.02 45.408034 11.888546 1
6.03 -7.62 1.61 22.12 3.02 45.408034 11.888546 1
6.1 -7.66 1.57 22.09 3.02 45.408034 11.888546 1
6.08 -7.96 1.53 22.52 3.02 45.408034 11.888546 1
6.07 -7.93 1.63 22.98 3.02 45.408034 11.888546 1
6.07 -7.66 1.8 22.35 3.02 45.408034 11.888546 1
6.02 -7.63 1.75 22.42 2.5 45.408031 11.888512 0
5.96 -7.77 1.57 21.95 2.5 45.408031 11.888512 1
5.95 -7.86 1.65 22.38 2.5 45.408031 11.888512 0
5.97 -7.92 1.9 22.29 2.5 45.408031 11.888512 1
5.9 -7.93 1.91 21.9 2.5 45.408031 11.888512 1
5.74 -7.85 1.75 22.47 2.5 45.408031 11.888512 1
5.74 -7.81 1.74 22.05 2.5 45.408031 11.888512 1
5.97 -7.86 1.81 21.95 2.5 45.408031 11.888512 1
6.03 -7.83 1.79 22.42 2.5 45.408031 11.888512 1
5.86 -7.73 1.83 22.11 2.5 45.408031 11.888512 1
5.94 -7.72 1.9 22.62 2.5 45.408031 11.888512 1
6.24 -7.8 1.8 22.23 2.5 45.408031 11.888512 1
6.14 -7.79 1.69 22.64 2.5 45.408031 11.888512 1
5.8 -7.69 1.87 22.48 2.5 45.408031 11.888512 1
5.79 -7.76 2.1 22.42 2.5 45.408031 11.888512 1
5.88 -8.11 2.0 22.26 2.5 45.408031 11.888512 1
5.79 -8.24 1.75 22.17 2.5 45.408031 11.888512 1
5.81 -7.74 1.69 22.43 2.5 45.408031 11.888512 1
5.87 -7.25 1.75 22.95 3.39 45.408021 11.888471 0
5.68 -7.53 1.79 23.38 3.39 45.408021 11.888471 1
5.79 -8.11 1.88 22.29 3.39 45.408021 11.888471 0
6.31 -8.12 1.9 23.08 3.39 45.408021 11.888471 1
6.19 -7.67 1.69 22.11 3.39 45.408021 11.888471 1
5.56 -7.26 1.53 22.21 3.39 45.408021 11.888471 1
5.83 -7.23 1.71 21.95 3.39 45.408021 11.888471 1
6.63 -7.89 1.89 21.64 3.39 45.408021 11.888471 1
6.34 -8.65 1.75 22.23 3.39 45.408021 11.888471 1
5.37 -8.27 1.63 22.47 3.39 45.408021 11.888471 1
