6.01 -7.46 1.75 21.85 2.98 45.408027 11.888366 1
6.02 -7.74 1.97 21.9 2.98 45.408027 11.888366 1
5.98 -7.73 1.84 22.0 2.98 45.408027 11.888366 1
5.85 -7.97 1.39 21.95 2.98 45.408027 11.888366 1
5.84 -7.83 1.42 22.0 2.98 45.408027 11.888366 1
5.87 -8.33 1.5 22.0 2.98 45.408027 11.888366 1
6.13 -7.63 1.94 22.02 2.98 45.408027 11.888366 1
5.86 -7.49 1.72 22.16 2.98 45.408027 11.888366 1
5.81 -7.66 1.8 21.69 2.98 45.408027 11.888366 1
5.96 -7.77 1.8 22.48 2.98 45.408027 11.888366 1
5.93 -7.82 2.03 21.97 2.98 45.408027 11.888366 1
6.11 -7.95 1.89 22.04 2.98 45.408027 11.888366 1
6.0 -7.47 2.01 21.92 2.98 45.408027 11.888366 1
6.05 -7.82 2.14 21.87 2.75 45.408016 11.888327 0
5.94 -7.92 2.08 21.9 2.75 45.408016 11.888327 1
5.71 -7.85 2.03 21.9 2.75 45.408016 11.888327 0
5.82 -8.04 2.0 21.97 2.75 45.408016 11.888327 1
5.88 -7.75 1.79 21.59 2.75 45.408016 11.888327 1
6.09 -7.68 1.73 22.04 2.75 45.408016 11.888327 1
6.24 -7.74 1.68 21.93 2.75 45.408016 11.888327 1
6.21 -7.45 1.77 21.52 2.75 45.408016 11.888327 1
6.03 -8.07 1.78 22.11 2.75 45.408016 11.888327 1
5.99 -7.55 1.43 22.0 2.75 45.408016 11.888327 1
6.1 -7.8 1.59 21.52 2.75 45.408016 11.888327 1
6.34 -7.92 1.7 22.0 2.75 45.408016 11.888327 1
5.65 -7.65 1.77 22.0 2.75 45.408016 11.888327 1
5.93 -7.95 1.5 22.05 2.75 45.408016 11.888327 1
5.69 -7.97 1.44 21.57 2.75 45.408016 11.888327 1
5.83 -7.57 1.83 22.05 2.75 45.408016 11.888327 1
6.06 -8.02 1.98 21.99 2.75 45.408016 11.888327 1
5.95 -7.62 1.81 22.0 2.75 45.408016 11.888327 1
5.75 -8.06 1.7 22.05 3.35 45.408006 11.888284 0
5.97 -7.54 1.74 22.0 3.35 45.408006 11.888284 1
6.31 -7.81 1.64 21.92 3.35 45.408006 11.888284 0
6.18 -7.85 2.12 21.93 3.35 45.408006 11.888284 1
