6.29 -7.49 1.68 21.32 2.69 45.407989 11.888219 1
6.15 -8.02 2.19 21.93 2.69 45.407989 11.888219 1
5.93 -7.82 1.99 22.0 2.69 45.407989 11.888219 1
5.61 -7.95 1.64 22.05 2.69 45.407989 11.888219 1
5.71 -8.01 1.22 22.05 2.69 45.407989 11.888219 1
5.62 -7.98 1.71 22.05 2.69 45.407989 11.888219 1
5.99 -7.98 1.67 22.09 2.69 45.407989 11.888219 1
6.16 -7.65 1.92 22.05 2.69 45.407989 11.888219 1
5.94 -7.67 1.78 22.02 2.69 45.407989 11.888219 1
5.9 -7.78 1.78 21.64 2.69 45.407989 11.888219 1
6.02 -7.75 2.04 22.05 2.69 45.407989 11.888219 1
6.33 -7.62 2.11 21.61 2.69 45.407989 11.888219 1
6.28 -7.54 2.05 21.54 2.69 45.407989 11.888219 1
5.99 -7.7 2.02 21.49 2.94 45.407967 11.888184 0
5.99 -7.7 2.06 21.85 2.94 45.407967 11.888184 1
5.93 -7.94 2.03 21.39 2.94 45.407967 11.888184 0
5.54 -7.84 1.58 21.69 2.94 45.407967 11.888184 1
5.77 -7.8 1.44 21.75 2.94 45.407967 11.888184 1
5.77 -7.79 1.53 21.97 2.94 45.407967 11.888184 1
5.9 -7.88 1.83 22.07 2.94 45.407967 11.888184 1
6.15 -7.57 1.7 22.14 2.94 45.407967 11.888184 1
6.17 -7.51 1.86 22.14 2.94 45.407967 11.888184 1
6.05 -7.59 1.67 22.04 2.94 45.407967 11.888184 1
6.19 -8.0 1.91 21.57 2.94 45.407967 11.888184 1
6.05 -7.9 1.86 22.05 2.94 45.407967 11.888184 1
6.2 -7.87 1.82 22.11 2.94 45.407967 11.888184 1
5.63 -8.02 1.86 22.16 2.94 45.407967 11.888184 1
5.41 -8.12 1.63 22.02 2.94 45.407967 11.888184 1
5.92 -7.9 1.73 21.95 2.94 45.407967 11.888184 1
6.12 -7.78 1.78 21.78 2.94 45.407967 11.888184 1
5.85 -8.15 1.77 21.44 2.94 45.407967 11.888184 1
5.67 -7.83 1.8 21.54 2.56 45.407957 11.888152 0
5.63 -7.92 1.52 21.93 2.56 45.407957 11.888152 1
5.7 -7.45 1.74 21.45 2.56 45.407957 11.888152 0
6.19 -7.95 1.51 21.81 2.56 45.407957 11.888152 1
