6.12 -7.6 2.07 21.99 3.35 45.408006 11.888284 1
5.95 -7.5 1.59 21.85 3.35 45.408006 11.888284 1
5.94 -7.67 1.68 21.28 3.35 45.408006 11.888284 1
5.7 -8.35 1.84 21.54 3.35 45.408006 11.888284 1
5.72 -7.66 2.04 21.45 3.35 45.408006 11.888284 1
6.0 -8.66 1.74 22.0 3.35 45.408006 11.888284 1
5.37 -7.57 2.08 22.26 3.35 45.408006 11.888284 1
6.02 -7.68 2.1 22.33 3.35 45.408006 11.888284 1
5.83 -7.52 1.94 22.12 3.35 45.408006 11.888284 1
6.13 -8.31 1.88 21.64 3.35 45.408006 11.888284 1
6.19 -8.34 2.21 21.95 3.35 45.408006 11.888284 1
5.49 -7.47 1.99 21.51 3.35 45.408006 11.888284 1
5.55 -7.61 2.19 21.51 3.35 45.408006 11.888284 1
5.79 -5.32 1.51 21.4 2.27 45.407999 11.888253 0
9.88 -8.14 2.29 20.79 2.27 45.407999 11.888253 1
6.34 -10.93 1.74 22.19 2.27 45.407999 11.888253 0
3.82 -6.69 1.67 25.14 2.27 45.407999 11.888253 1
3.79 -7.08 1.59 24.42 2.27 45.407999 11.888253 1
3.09 -3.4 2.35 22.24 2.27 45.407999 11.888253 1
7.99 -9.21 -0.29 20.48 2.27 45.407999 11.888253 1
4.03 -13.78 0.72 20.48 2.27 45.407999 11.888253 1
6.52 -8.54 2.69 22.0 2.27 45.407999 11.888253 1
5.55 -4.26 2.31 22.26 2.27 45.407999 11.888253 1
6.53 -6.03 2.44 22.09 2.27 45.407999 11.888253 1
7.07 -7.58 2.29 21.63 2.27 45.407999 11.888253 1
5.95 -6.72 2.06 21.95 2.27 45.407999 11.888253 1
6.46 -8.88 1.49 22.21 2.27 45.407999 11.888253 1
5.59 -8.4 1.99 22.21 2.27 45.407999 11.888253 1
5.32 -7.62 1.06 21.81 2.27 45.407999 11.888253 1
5.93 -7.39 1.66 22.09 2.27 45.407999 11.888253 1
5.94 -7.97 2.41 21.42 2.27 45.407999 11.888253 1
6.35 -7.93 1.39 21.42 2.69 45.407989 11.888219 0
5.71 -7.8 1.7 22.04 2.69 45.407989 11.888219 1
5.81 -7.63 1.47 21.92 2.69 45.407989 11.888219 0
5.97 -7.85 1.59 21.99 2.69 45.407989 11.888219 1
