5.79 -7.5 2.06 22.78 2.44 45.408041 11.888442 1
5.46 -7.89 2.1 21.87 2.44 45.408041 11.888442 1
5.97 -7.78 2.11 21.35 2.44 45.408041 11.888442 1
6.09 -8.09 1.94 22.45 2.44 45.408041 11.888442 1
5.86 -7.73 1.74 21.85 2.44 45.408041 11.888442 1
5.97 -7.61 1.96 22.64 2.44 45.408041 11.888442 1
5.94 -7.77 1.91 22.07 2.44 45.408041 11.888442 1
6.07 -7.88 1.69 22.47 2.44 45.408041 11.888442 1
6.11 -7.89 1.58 22.11 2.44 45.408041 11.888442 1
5.99 -7.49 1.71 22.11 2.44 45.408041 11.888442 1
6.01 -7.73 1.8 22.02 2.44 45.408041 11.888442 1
5.87 -7.61 1.7 21.95 2.44 45.408041 11.888442 1
6.37 -7.84 1.7 22.29 2.44 45.408041 11.888442 1
5.94 -8.2 1.74 22.36 2.66 45.408035 11.888406 0
5.8 -7.95 1.4 22.45 2.66 45.408035 11.888406 1
5.57 -8.16 1.35 22.0 2.66 45.408035 11.888406 0
5.84 -7.19 1.68 21.85 2.66 45.408035 11.888406 1
6.06 -8.16 1.81 21.9 2.66 45.408035 11.888406 1
5.97 -8.03 1.81 21.95 2.66 45.408035 11.888406 1
5.92 -7.53 1.92 22.5 2.66 45.408035 11.888406 1
6.09 -7.77 1.59 22.07 2.66 45.408035 11.888406 1
6.19 -7.44 1.97 22.12 2.66 45.408035 11.888406 1
6.07 -7.7 1.97 21.97 2.66 45.408035 11.888406 1
6.66 -8.91 2.07 22.47 2.66 45.408035 11.888406 1
5.29 -7.6 1.69 22.16 2.66 45.408035 11.888406 1
5.98 -7.84 2.2 22.57 2.66 45.408035 11.888406 1
5.4 -7.52 1.86 21.81 2.66 45.408035 11.888406 1
6.18 -7.79 2.02 22.0 2.66 45.408035 11.888406 1
6.05 -8.56 1.83 21.59 2.66 45.408035 11.888406 1
5.61 -7.24 2.02 22.24 2.66 45.408035 11.888406 1
6.36 -7.69 1.73 21.92 2.66 45.408035 11.888406 1
5.72 -7.56 1.98 21.95 2.98 45.408027 11.888366 0
6.34 -8.27 1.62 21.44 2.98 45.408027 11.888366 1
6.16 -7.67 1.37 21.8 2.98 45.408027 11.888366 0
5.87 -7.81 1.34 21.87 2.98 45.408027 11.888366 1
