6.19 -7.62 1.59 21.99 2.27 45.408029 11.888668 0
6.26 -7.69 1.64 21.88 2.27 45.408029 11.888668 1
6.06 -7.99 1.53 21.78 2.27 45.408029 11.888668 1
6.03 -7.43 1.76 21.85 2.27 45.408029 11.888668 1
6.01 -7.52 1.99 21.9 2.27 45.408029 11.888668 1
6.28 -8.0 1.41 21.9 2.27 45.408029 11.888668 1
6.09 -7.78 1.55 22.36 2.27 45.408029 11.888668 1
5.99 -7.55 1.76 21.97 2.27 45.408029 11.888668 1
5.63 -8.06 1.59 22.02 2.27 45.408029 11.888668 1
5.88 -7.55 1.88 22.05 2.27 45.408029 11.888668 1
6.02 -7.92 1.98 22.0 2.27 45.408029 11.888668 1
5.88 -7.82 1.95 21.97 2.27 45.408029 11.888668 1
6.05 -7.84 1.9 21.95 2.27 45.408029 11.888668 1
5.94 -7.62 1.95 22.02 2.27 45.408029 11.888668 0
6.31 -7.84 2.01 21.9 2.27 45.408029 11.888668 1
6.42 -7.39 1.93 21.59 2.27 45.408029 11.888668 0
6.34 -7.8 1.73 22.14 2.27 45.408029 11.888668 1
5.92 -7.79 1.94 21.92 2.27 45.408029 11.888668 1
5.91 -7.52 1.81 22.07 2.27 45.408029 11.888668 1
6.1 -7.43 2.0 21.4 2.27 45.408029 11.888668 1
5.65 -8.57 1.65 21.66 2.27 45.408029 11.888668 1
5.82 -8.42 1.9 21.81 2.27 45.408029 11.888668 1
5.71 -7.72 1.98 22.02 2.27 45.408029 11.888668 1
6.4 -7.3 1.83 22.16 2.27 45.408029 11.888668 1
5.9 -7.2 2.07 22.11 2.27 45.408029 11.888668 1
5.84 -7.87 1.56 21.97 2.27 45.408029 11.888668 1
6.52 -7.41 1.94 21.87 2.27 45.408029 11.888668 1
6.44 -7.84 1.78 21.9 2.27 45.408029 11.888668 1
5.87 -7.86 1.94 22.36 2.27 45.408029 11.888668 1
5.88 -7.61 1.72 21.85 2.27 45.408029 11.888668 1
6.28 -7.52 1.97 21.87 2.96 45.408028 11.888635 0
6.26 -7.65 1.64 22.35 2.96 45.408028 11.888635 1
5.92 -7.7 1.84 22.0 2.96 45.408028 11.888635 1
5.55 -7.77 1.86 21.97 2.96 45.408028 11.888635 0
5.92 -8.11 1.49 21.92 2.96 45.408028 11.888635 1
