5.75 -7.95 2.23 22.4 3.08 45.408284 11.889781 1 0
5.94 -8.03 1.88 21.93 3.08 45.408284 11.889781 1 0
5.62 -7.95 1.92 22.81 3.08 45.408284 11.889781 1 0
5.53 -7.97 1.43 22.02 3.08 45.408284 11.889781 1 0
5.82 -7.87 1.8 22.09 3.08 45.408284 11.889781 1 0
5.94 -7.64 1.57 22.09 3.08 45.408284 11.889781 1 0
6.0 -7.68 1.76 21.99 3.08 45.408284 11.889781 1 0
6.05 -7.66 1.78 21.95 3.08 45.408284 11.889781 1 0
6.04 -7.75 1.84 21.9 2.83 45.408276 11.889748 0 0
5.99 -7.91 1.68 21.87 2.83 45.408276 11.889748 1 0
5.96 -7.79 1.72 21.99 2.83 45.408276 11.889748 0 0
5.86 -7.78 1.81 21.93 2.83 45.408276 11.889748 1 0
5.82 -7.81 1.74 21.93 2.83 45.408276 11.889748 1 0
5.97 -8.05 1.64 21.52 2.83 45.408276 11.889748 1 0
5.58 -8.22 1.56 22.28 2.83 45.408276 11.889748 1 0
5.67 -7.92 1.7 21.92 2.83 45.408276 11.889748 1 0
5.88 -7.78 1.76 22.04 2.83 45.408276 11.889748 1 0
5.91 -7.8 1.77 22.09 2.83 45.408276 11.889748 1 0
5.74 -7.56 1.91 22.11 2.83 45.408276 11.889748 1 0
6.19 -7.56 1.77 22.09 2.83 45.408276 11.889748 1 0
6.14 -7.81 1.87 22.0 2.83 45.408276 11.889748 1 0
6.02 -7.8 1.92 22.04 2.83 45.408276 11.889748 1 0
5.64 -7.78 1.95 22.19 2.83 45.408276 11.889748 1 0
6.03 -7.8 1.84 22.52 2.83 45.408276 11.889748 1 0
5.86 -7.6 1.88 21.88 2.83 45.408276 11.889748 1 0
5.88 -8.36 1.9 21.68 3.02 45.408265 11.889712 0 0
5.76 -8.06 2.06 21.85 3.02 45.408265 11.889712 1 0
5.44 -7.91 1.71 21.97 3.02 45.408265 11.889712 0 0
5.89 -7.62 2.14 22.48 3.02 45.408265 11.889712 1 0
5.79 -7.72 1.67 21.97 3.02 45.408265 11.889712 1 0
6.11 -7.46 1.64 21.92 3.02 45.408265 11.889712 1 0
6.07 -8.04 1.71 22.09 3.02 45.408265 11.889712 1 0
6.06 -7.73 1.69 21.99 3.02 45.408265 11.889712 1 0
6.16 -7.83 1.76 21.49 3.02 45.408265 11.889712 1 0
5.97 -7.94 1.68 22.42 3.02 45.408265 11.889712 1 0
