5.79 -7.71 1.54 21.9 3.0 45.408296 11.889779 1 1
5.93 -7.95 1.71 21.52 3.0 45.408296 11.889779 1 1
6.04 -7.99 1.92 21.47 3.0 45.408296 11.889779 0 1
6.09 -7.79 1.84 22.04 3.0 45.408296 11.889779 1 1
6.09 -7.64 1.7 22.0 3.0 45.408296 11.889779 1 1
6.0 -7.63 1.74 21.97 3.0 45.408296 11.889779 1 1
5.89 -7.78 1.89 21.49 3.0 45.408296 11.889779 1 1
5.89 -7.98 2.09 21.99 3.0 45.408296 11.889779 1 1
5.87 -7.93 2.2 22.09 3.0 45.408296 11.889779 1 1
5.68 -7.68 2.05 22.11 3.0 45.408296 11.889779 1 1
5.59 -7.74 1.86 21.71 3.0 45.408296 11.889779 1 1
5.78 -8.06 1.8 21.64 3.0 45.408296 11.889779 1 1
6.05 -8.02 1.69 21.59 3.0 45.408296 11.889779 1 1
6.23 -7.7 1.55 22.02 3.0 45.408296 11.889779 1 1
6.24 -7.66 1.64 22.14 3.0 45.408296 11.889779 1 1
6.01 -7.75 1.69 21.75 3.0 45.408296 11.889779 1 1
5.89 -7.64 1.47 21.87 3.0 45.408296 11.889779 1 1
6.18 -7.68 1.52 21.42 3.36 45.408277 11.889738 0 1
6.32 -7.91 1.86 21.78 3.36 45.408277 11.889738 1 1
6.01 -7.85 1.84 21.85 3.36 45.408277 11.889738 0 1
5.75 -7.77 1.57 22.0 3.36 45.408277 11.889738 1 1
5.55 -8.19 1.59 22.04 3.36 45.408277 11.889738 1 1
5.29 -8.39 1.67 21.47 3.36 45.408277 11.889738 1 1
5.6 -8.01 1.62 21.42 3.36 45.408277 11.889738 1 1
5.96 -7.85 1.73 21.93 3.36 45.408277 11.889738 1 1
5.03 -7.66 1.78 22.09 3.36 45.408277 11.889738 1 1
4.47 -6.92 1.62 21.54 3.36 45.408277 11.889738 1 1
6.61 -7.08 1.84 20.43 3.36 45.408277 11.889738 1 1
8.61 -8.24 2.34 20.67 3.36 45.408277 11.889738 1 1
6.9 -7.71 2.32 23.62 3.36 45.408277 11.889738 1 1
4.69 -6.28 2.13 25.21 3.36 45.408277 11.889738 1 1
6.18 -8.08 2.25 23.29 3.36 45.408277 11.889738 1 1
8.5 -11.69 1.87 26.67 3.36 45.408277 11.889738 1 1
7.58 -11.63 1.23 22.11 3.36 45.408277 11.889738 1 1
5.2 -8.77 2.0 21.61 3.05 45.408265 11.889699 0 1
