5.92 -7.48 2.08 21.87 2.82 45.398340 11.877927 0
6.0 -7.93 1.72 21.95 2.82 45.398340 11.877927 0
5.76 -8.12 2.0 22.0 2.82 45.398340 11.877927 0
5.87 -7.88 1.82 21.95 2.82 45.398340 11.877927 0
6.26 -7.74 1.9 22.05 2.82 45.398340 11.877927 0
6.24 -7.63 2.06 22.07 2.82 45.398340 11.877927 0
6.17 -8.09 1.77 22.12 2.82 45.398340 11.877927 0
6.03 -7.21 2.1 21.71 2.82 45.398340 11.877927 0
6.25 -7.67 1.7 22.02 2.82 45.398340 11.877927 0
6.22 -7.7 2.0 22.26 2.82 45.398340 11.877927 0
6.3 -7.74 1.89 21.8 2.53 45.398362 11.877936 1
6.34 -7.62 2.08 22.21 2.53 45.398362 11.877936 0
6.37 -7.58 1.86 22.02 2.53 45.398362 11.877936 1
5.84 -7.58 2.09 22.0 2.53 45.398362 11.877936 0
5.9 -7.78 2.19 21.95 2.53 45.398362 11.877936 0
5.73 -7.98 1.96 21.87 2.53 45.398362 11.877936 0
6.34 -7.85 1.64 21.92 2.53 45.398362 11.877936 0
6.05 -7.67 2.11 22.0 2.53 45.398362 11.877936 0
6.03 -7.59 1.76 21.8 2.53 45.398362 11.877936 0
5.83 -7.83 2.23 22.16 2.53 45.398362 11.877936 0
6.16 -7.78 1.61 21.71 2.53 45.398362 11.877936 0
6.13 -7.72 1.73 22.12 2.53 45.398362 11.877936 0
6.14 -7.7 1.57 21.61 2.53 45.398362 11.877936 0
6.39 -7.75 1.87 21.52 2.53 45.398362 11.877936 0
6.13 -7.53 1.79 22.02 2.53 45.398362 11.877936 0
6.11 -7.62 1.91 21.69 2.53 45.398362 11.877936 0
6.46 -7.7 1.7 22.45 2.53 45.398362 11.877936 0
5.84 -7.44 1.96 21.97 3.02 45.398389 11.877933 1
6.11 -8.04 1.74 21.95 3.02 45.398389 11.877933 0
5.75 -8.22 1.85 21.33 3.02 45.398389 11.877933 1
5.92 -8.01 1.72 22.02 3.02 45.398389 11.877933 0
5.66 -8.1 2.03 22.0 3.02 45.398389 11.877933 0
5.84 -7.81 1.99 21.51 3.02 45.398389 11.877933 0
6.07 -7.86 1.93 22.05 3.02 45.398389 11.877933 0
5.87 -7.56 1.79 22.04 3.02 45.398389 11.877933 0
