5.97 -7.4 1.69 22.36 3.71 45.398509 11.877887 0
5.78 -7.63 1.63 22.14 3.71 45.398509 11.877887 0
5.76 -8.28 1.35 22.36 3.71 45.398509 11.877887 0
5.69 -8.48 1.67 21.97 3.71 45.398509 11.877887 0
5.46 -8.24 1.9 22.17 3.71 45.398509 11.877887 0
5.52 -7.82 1.98 22.21 3.71 45.398509 11.877887 0
5.81 -7.24 2.08 22.12 3.71 45.398509 11.877887 0
6.35 -7.66 2.08 21.99 3.71 45.398509 11.877887 0
6.37 -7.87 1.86 21.47 3.71 45.398509 11.877887 0
6.06 -7.84 1.82 21.8 3.34 45.398536 11.877872 1
5.66 -7.66 2.03 21.88 3.34 45.398536 11.877872 0
6.15 -7.77 1.9 22.36 3.34 45.398536 11.877872 1
6.0 -7.9 1.85 22.11 3.34 45.398536 11.877872 0
5.92 -8.04 1.8 22.12 3.34 45.398536 11.877872 0
5.59 -8.09 1.92 21.64 3.34 45.398536 11.877872 0
5.73 -7.87 1.93 21.45 3.34 45.398536 11.877872 0
6.36 -8.03 1.71 21.73 3.34 45.398536 11.877872 0
6.06 -8.08 1.82 21.61 3.34 45.398536 11.877872 0
5.83 -7.99 1.58 22.19 3.34 45.398536 11.877872 0
5.84 -7.57 1.72 22.24 3.34 45.398536 11.877872 0
5.65 -7.61 1.63 22.09 3.34 45.398536 11.877872 0
6.24 -7.6 1.77 21.97 3.34 45.398536 11.877872 0
6.02 -8.15 1.83 21.87 3.34 45.398536 11.877872 0
