6.68 -7.15 1.86 22.42 3.39 45.407817 11.899599 1 1
6.57 -7.29 1.75 21.39 3.26 45.407824 11.899639 0 1
6.22 -7.6 1.76 21.8 3.26 45.407824 11.899639 1 1
6.36 -7.66 1.87 21.42 3.26 45.407824 11.899639 0 1
6.13 -7.5 2.14 21.85 3.26 45.407824 11.899639 1 1
5.85 -7.79 1.96 21.39 3.26 45.407824 11.899639 1 1
5.45 -8.13 2.0 21.69 3.26 45.407824 11.899639 1 1
5.6 -7.95 1.87 21.45 3.26 45.407824 11.899639 1 1
6.1 -8.1 1.92 21.54 3.26 45.407824 11.899639 1 1
6.18 -7.28 1.85 22.21 3.26 45.407824 11.899639 1 1
6.43 -7.36 1.95 22.26 3.26 45.407824 11.899639 1 1
6.89 -7.91 2.01 22.19 3.26 45.407824 11.899639 1 1
8.86 -7.18 2.21 23.46 3.26 45.407824 11.899639 1 1
4.54 -8.04 2.02 24.44 3.26 45.407824 11.899639 1 1
3.89 -6.79 1.39 24.15 3.26 45.407824 11.899639 1 1
4.03 -7.37 1.46 21.2 3.26 45.407824 11.899639 1 1
4.7 -7.18 1.31 18.09 3.26 45.407824 11.899639 1 1
4.83 -14.22 0.95 15.76 3.26 45.407824 11.899639 1 1
6.78 -11.78 3.03 17.99 3.26 45.407824 11.899639 1 1
5.86 -4.43 1.59 21.3 3.42 45.407830 11.899683 0 1
5.66 -4.03 1.61 24.9 3.42 45.407830 11.899683 1 1
5.01 -6.35 3.2 24.83 3.42 45.407830 11.899683 0 1
5.06 -4.38 1.89 23.43 3.42 45.407830 11.899683 1 1
14.57 -12.35 3.63 21.4 3.42 45.407830 11.899683 1 1
5.2 -8.49 2.96 21.3 3.42 45.407830 11.899683 1 1
6.72 -11.0 1.05 21.64 3.42 45.407830 11.899683 1 1
5.5 -7.02 2.22 22.33 3.42 45.407830 11.899683 1 1
6.07 -6.56 2.23 22.28 3.42 45.407830 11.899683 1 1
6.77 -6.54 1.77 22.02 3.42 45.407830 11.899683 1 1
6.87 -7.21 2.31 21.75 3.42 45.407830 11.899683 1 1
6.06 -8.91 1.66 21.66 3.42 45.407830 11.899683 1 1
5.33 -8.53 1.92 21.9 3.42 45.407830 11.899683 1 1
4.81 -7.93 1.83 22.02 3.42 45.407830 11.899683 1 1
5.56 -7.19 1.88 21.59 3.42 45.407830 11.899683 1 1
5.65 -7.77 1.88 21.49 3.42 45.407830 11.899683 1 1
