5.63 -8.12 1.68 21.83 3.22 45.407839 11.899765 1 0
5.7 -8.21 1.58 21.54 3.11 45.407845 11.899805 0 0
5.94 -7.97 1.7 21.44 3.11 45.407845 11.899805 1 0
6.02 -7.82 1.9 21.52 3.11 45.407845 11.899805 0 0
5.86 -7.85 2.01 21.85 3.11 45.407845 11.899805 1 0
5.78 -7.85 2.05 21.78 3.11 45.407845 11.899805 1 0
5.85 -7.79 2.09 21.85 3.11 45.407845 11.899805 1 0
5.9 -7.81 2.07 21.66 3.11 45.407845 11.899805 1 0
5.89 -7.92 1.98 21.75 3.11 45.407845 11.899805 1 0
5.93 -7.97 1.89 21.47 3.11 45.407845 11.899805 1 0
5.96 -7.87 1.9 21.56 3.11 45.407845 11.899805 1 0
5.86 -7.8 1.97 22.05 3.11 45.407845 11.899805 1 0
5.71 -7.87 2.0 22.11 3.11 45.407845 11.899805 1 0
5.68 -7.91 2.0 22.07 3.11 45.407845 11.899805 1 0
5.78 -7.85 2.04 21.69 3.11 45.407845 11.899805 1 0
5.89 -7.87 2.08 21.66 3.11 45.407845 11.899805 1 0
5.97 -7.93 1.95 22.0 3.11 45.407845 11.899805 1 0
6.02 -7.87 1.74 21.81 3.11 45.407845 11.899805 1 0
5.92 -7.82 1.7 21.85 3.11 45.407845 11.899805 1 0
5.74 -7.94 1.91 21.81 2.93 45.407850 11.899843 0 0
5.71 -8.01 2.11 21.85 2.93 45.407850 11.899843 1 0
5.84 -7.91 2.07 21.45 2.93 45.407850 11.899843 0 0
5.84 -7.9 1.85 21.49 2.93 45.407850 11.899843 1 0
5.61 -8.1 1.72 21.87 2.93 45.407850 11.899843 1 0
5.39 -8.23 1.75 21.87 2.93 45.407850 11.899843 1 0
5.36 -8.2 1.82 21.87 2.93 45.407850 11.899843 1 0
5.39 -8.19 1.82 21.86 2.93 45.407850 11.899843 1 0
5.38 -8.21 1.79 21.87 2.93 45.407850 11.899843 1 0
5.38 -8.2 1.81 21.87 2.93 45.407850 11.899843 1 0
5.4 -8.19 1.82 21.87 2.93 45.407850 11.899843 1 0
5.39 -8.21 1.81 21.87 2.93 45.407850 11.899843 1 0
5.37 -8.21 1.8 21.88 2.93 45.407850 11.899843 1 0
5.38 -8.2 1.81 21.88 2.93 45.407850 11.899843 1 0
5.38 -8.2 1.81 21.87 2.93 45.407850 11.899843 1 0
5.38 -8.21 1.8 21.87 2.93 45.407850 11.899843 1 0
