6.05 -7.92 2.26 21.64 2.77 45.407781 11.899441 1 0
5.44 -8.85 2.31 20.89 3.15 45.407789 11.899479 0 0
5.19 -8.73 1.98 21.2 3.15 45.407789 11.899479 1 0
6.12 -8.45 1.89 21.23 3.15 45.407789 11.899479 0 0
5.65 -7.19 1.65 21.15 3.15 45.407789 11.899479 1 0
6.32 -7.65 2.0 22.71 3.15 45.407789 11.899479 1 0
6.04 -7.24 1.67 22.71 3.15 45.407789 11.899479 1 0
5.99 -6.44 1.56 23.12 3.15 45.407789 11.899479 1 0
6.3 -6.61 1.66 21.9 3.15 45.407789 11.899479 1 0
6.24 -9.58 1.26 21.64 3.15 45.407789 11.899479 1 0
6.81 -8.19 1.27 21.76 3.15 45.407789 11.899479 1 0
5.73 -7.74 1.68 21.93 3.15 45.407789 11.899479 1 0
5.57 -7.35 1.64 21.9 3.15 45.407789 11.899479 1 0
5.97 -7.93 1.68 21.71 3.15 45.407789 11.899479 1 0
6.15 -7.91 1.96 21.69 3.15 45.407789 11.899479 1 0
5.44 -8.32 2.24 21.92 3.15 45.407789 11.899479 1 0
5.76 -8.11 2.06 22.59 3.15 45.407789 11.899479 1 0
5.44 -6.91 1.95 21.85 3.15 45.407789 11.899479 1 0
6.63 -7.54 1.81 22.57 3.15 45.407789 11.899479 1 0
6.54 -8.45 1.95 21.69 3.25 45.407801 11.899518 0 0
6.28 -7.9 2.22 22.02 3.25 45.407801 11.899518 1 0
6.34 -7.55 1.99 21.95 3.25 45.407801 11.899518 0 0
5.88 -7.26 2.12 22.42 3.25 45.407801 11.899518 1 0
6.22 -7.12 2.0 22.05 3.25 45.407801 11.899518 1 0
6.15 -8.31 2.04 21.66 3.25 45.407801 11.899518 1 0
6.05 -8.72 2.04 21.66 3.25 45.407801 11.899518 1 0
5.76 -8.3 2.02 22.07 3.25 45.407801 11.899518 1 0
5.56 -7.7 1.98 21.93 3.25 45.407801 11.899518 1 0
5.61 -7.47 1.64 21.9 3.25 45.407801 11.899518 1 0
6.25 -7.81 1.8 22.05 3.25 45.407801 11.899518 1 0
5.91 -7.63 1.42 21.69 3.25 45.407801 11.899518 1 0
6.42 -8.17 1.69 21.68 3.25 45.407801 11.899518 1 0
5.94 -8.08 1.86 21.85 3.25 45.407801 11.899518 1 0
5.78 -7.54 1.88 22.0 3.25 45.407801 11.899518 1 0
5.83 -6.95 1.61 22.02 3.25 45.407801 11.899518 1 0
