5.38 -8.21 1.81 21.86 2.93 45.407850 11.899843 1 0
5.39 -8.2 1.81 21.87 2.93 45.407850 11.899843 1 0
5.38 -8.2 1.81 21.87 2.93 45.407850 11.899843 1 0
5.38 -8.19 1.81 21.87 2.93 45.407850 11.899843 1 0
5.38 -8.19 1.81 21.86 2.93 45.407850 11.899843 1 0
5.38 -8.2 1.81 21.87 2.93 45.407850 11.899843 1 0
5.37 -8.21 1.81 21.88 2.93 45.407850 11.899843 1 0
5.37 -8.21 1.81 21.87 2.93 45.407850 11.899843 1 0
5.38 -8.2 1.82 21.87 2.93 45.407850 11.899843 1 0
5.39 -8.2 1.82 21.86 2.93 45.407850 11.899843 1 0
5.38 -8.21 1.81 21.88 2.93 45.407850 11.899843 1 0
5.38 -8.21 1.81 21.87 2.93 45.407850 11.899843 1 0
5.39 -8.2 1.81 21.88 2.93 45.407850 11.899843 1 0
5.38 -8.2 1.81 21.87 2.93 45.407850 11.899843 1 0
5.37 -8.2 1.82 21.87 2.93 45.407850 11.899843 1 0
5.38 -8.21 1.82 21.87 2.93 45.407850 11.899843 1 0
5.38 -8.2 1.82 21.87 2.93 45.407850 11.899843 1 0
5.38 -8.2 1.82 21.86 2.93 45.407850 11.899843 1 0
5.38 -8.2 1.81 21.88 2.93 45.407850 11.899843 1 0
5.38 -8.2 1.81 21.87 2.93 45.407850 11.899843 1 0
5.38 -8.2 1.81 21.88 2.93 45.407850 11.899843 1 0
5.38 -8.2 1.81 21.86 2.93 45.407850 11.899843 1 0
5.38 -8.2 1.82 21.87 2.93 45.407850 11.899843 1 0
5.37 -8.21 1.82 21.87 2.93 45.407850 11.899843 1 0
5.37 -8.2 1.82 21.88 2.93 45.407850 11.899843 1 0
5.37 -8.2 1.81 21.88 2.93 45.407850 11.899843 1 0
5.38 -8.19 1.81 21.86 2.93 45.407850 11.899843 1 0
5.38 -8.2 1.81 21.87 2.93 45.407850 11.899843 1 0
5.37 -8.2 1.81 21.86 2.93 45.407850 11.899843 1 0
5.37 -8.2 1.81 21.87 2.93 45.407850 11.899843 1 0
5.38 -8.2 1.81 21.87 2.93 45.407850 11.899843 1 0
5.39 -8.2 1.81 21.87 2.93 45.407850 11.899843 1 0
5.39 -8.2 1.81 21.86 2.93 45.407850 11.899843 1 0
5.39 -8.21 1.81 21.87 2.93 45.407850 11.899843 1 0
5.39 -8.21 1.81 21.87 2.93 45.407850 11.899843 1 0
