6.21 -7.94 1.56 21.59 3.25 45.407801 11.899518 1 0
6.21 -7.58 1.61 22.0 3.04 45.407810 11.899557 0 0
5.76 -8.18 1.81 21.69 3.04 45.407810 11.899557 1 0
5.81 -7.81 1.89 21.8 3.04 45.407810 11.899557 0 0
5.69 -8.15 1.71 21.76 3.04 45.407810 11.899557 1 0
6.05 -7.77 1.93 21.39 3.04 45.407810 11.899557 1 0
5.83 -8.03 2.2 21.83 3.04 45.407810 11.899557 1 0
6.15 -7.99 1.87 22.0 3.04 45.407810 11.899557 1 0
6.1 -7.37 1.82 22.07 3.04 45.407810 11.899557 1 0
6.25 -7.52 1.92 21.97 3.04 45.407810 11.899557 1 0
6.29 -7.81 1.91 21.87 3.04 45.407810 11.899557 1 0
6.34 -7.99 1.95 21.85 3.04 45.407810 11.899557 1 0
6.01 -7.53 1.86 21.85 3.04 45.407810 11.899557 1 0
6.27 -7.91 1.84 21.95 3.04 45.407810 11.899557 1 0
6.09 -7.18 2.39 21.97 3.04 45.407810 11.899557 1 0
5.86 -7.91 2.45 22.05 3.04 45.407810 11.899557 1 0
5.82 -8.01 1.64 22.05 3.04 45.407810 11.899557 1 0
5.47 -8.0 1.81 22.0 3.04 45.407810 11.899557 1 0
5.91 -7.91 2.16 21.75 3.04 45.407810 11.899557 1 0
5.96 -7.9 2.35 21.73 3.39 45.407817 11.899599 0 0
6.04 -8.01 1.5 21.63 3.39 45.407817 11.899599 1 0
6.22 -7.67 1.56 21.81 3.39 45.407817 11.899599 0 0
6.67 -7.73 1.52 21.69 3.39 45.407817 11.899599 1 0
6.35 -6.93 1.79 21.78 3.39 45.407817 11.899599 1 0
6.56 -7.68 1.83 21.69 3.39 45.407817 11.899599 1 0
6.17 -7.53 1.69 21.75 3.39 45.407817 11.899599 1 0
6.18 -7.93 1.71 22.21 3.39 45.407817 11.899599 1 0
6.03 -7.96 1.73 21.87 3.39 45.407817 11.899599 1 0
5.77 -7.56 1.71 21.81 3.39 45.407817 11.899599 1 0
6.02 -7.28 1.9 21.75 3.39 45.407817 11.899599 1 0
5.77 -8.12 1.98 21.69 3.39 45.407817 11.899599 1 0
5.97 -8.48 1.84 21.92 3.39 45.407817 11.899599 1 0
5.75 -7.3 2.09 21.57 3.39 45.407817 11.899599 1 0
6.14 -7.33 2.02 22.11 3.39 45.407817 11.899599 1 0
6.54 -7.32 2.26 22.11 3.39 45.407817 11.899599 1 0
