5.04 -8.53 1.98 21.85 2.35 45.407722 11.899237 0 0
5.7 -8.2 1.54 21.85 2.35 45.407722 11.899237 0 0
5.95 -7.99 1.54 22.16 2.35 45.407722 11.899237 1 0
5.8 -7.55 1.41 22.11 2.35 45.407722 11.899237 0 0
6.22 -7.68 1.37 22.21 2.35 45.407722 11.899237 1 0
6.5 -7.86 1.66 21.8 2.35 45.407722 11.899237 1 0
6.13 -7.79 2.0 22.11 2.35 45.407722 11.899237 1 0
6.12 -7.67 1.77 22.55 2.35 45.407722 11.899237 1 0
5.96 -7.86 2.27 22.11 2.35 45.407722 11.899237 1 0
6.29 -7.92 2.46 21.76 2.35 45.407722 11.899237 1 0
6.29 -7.86 2.43 22.28 2.35 45.407722 11.899237 1 0
5.83 -7.47 2.18 22.05 2.35 45.407722 11.899237 1 0
5.88 -8.19 1.92 22.47 2.35 45.407722 11.899237 1 0
5.76 -7.84 2.06 22.42 2.35 45.407722 11.899237 1 0
5.58 -7.92 1.59 21.51 2.35 45.407722 11.899237 1 0
5.89 -8.29 1.78 21.88 2.35 45.407722 11.899237 1 0
5.74 -7.9 1.7 22.36 2.35 45.407722 11.899237 1 0
5.75 -7.77 1.65 22.66 2.35 45.407722 11.899237 1 0
6.02 -7.34 1.57 21.64 2.2 45.407728 11.899253 0 0
6.2 -7.92 1.55 22.07 2.2 45.407728 11.899253 1 0
6.36 -7.83 1.62 21.71 2.2 45.407728 11.899253 0 0
6.08 -7.81 1.73 21.8 2.2 45.407728 11.899253 1 0
5.95 -7.69 1.73 22.26 2.2 45.407728 11.899253 1 0
5.97 -7.57 1.63 21.8 2.2 45.407728 11.899253 1 0
6.28 -7.62 2.24 22.14 2.2 45.407728 11.899253 1 0
5.81 -8.09 1.46 22.14 2.2 45.407728 11.899253 1 0
6.04 -7.88 1.85 22.33 2.2 45.407728 11.899253 1 0
5.35 -7.9 2.01 22.42 2.2 45.407728 11.899253 1 0
5.62 -8.09 1.75 22.83 2.2 45.407728 11.899253 1 0
5.73 -7.82 2.05 21.95 2.2 45.407728 11.899253 1 0
5.99 -7.77 1.76 22.33 2.2 45.407728 11.899253 1 0
6.26 -7.85 1.89 21.95 2.2 45.407728 11.899253 1 0
6.18 -7.77 2.07 22.0 2.2 45.407728 11.899253 1 0
6.01 -7.57 2.29 22.05 2.2 45.407728 11.899253 1 0
6.19 -7.41 2.21 22.05 2.2 45.407728 11.899253 1 0
