5.59 -7.79 1.94 21.79 2.87 45.407950 11.888158 1 0
5.59 -7.8 1.94 21.8 2.87 45.407950 11.888158 1 0
5.6 -7.81 1.93 21.81 2.87 45.407950 11.888158 1 0
5.59 -7.8 1.94 21.8 2.87 45.407950 11.888158 1 0
5.58 -7.8 1.93 21.8 2.87 45.407950 11.888158 1 0
5.59 -7.79 1.93 21.81 2.87 45.407950 11.888158 1 0
5.59 -7.8 1.92 21.8 2.87 45.407950 11.888158 1 0
5.58 -7.8 1.92 21.8 2.87 45.407950 11.888158 1 0
5.58 -7.8 1.94 21.8 2.87 45.407950 11.888158 1 0
5.59 -7.8 1.93 21.81 2.87 45.407950 11.888158 1 0
5.58 -7.79 1.94 21.81 2.87 45.407950 11.888158 1 0
5.58 -7.79 1.94 21.8 2.87 45.407950 11.888158 1 0
5.6 -7.79 1.93 21.81 2.87 45.407950 11.888158 1 0
5.59 -7.81 1.92 21.8 2.87 45.407950 11.888158 1 0
5.58 -7.79 1.93 21.8 2.87 45.407950 11.888158 1 0
5.59 -7.8 1.92 21.8 2.87 45.407950 11.888158 1 0
5.6 -7.81 1.94 21.8 2.87 45.407950 11.888158 1 0
5.6 -7.8 1.93 21.8 2.87 45.407950 11.888158 1 0
5.59 -7.79 1.94 21.81 2.87 45.407950 11.888158 1 0
5.6 -7.79 1.94 21.8 2.87 45.407950 11.888158 1 0
5.58 -7.8 1.93 21.8 2.87 45.407950 11.888158 1 0
5.59 -7.81 1.94 21.79 2.87 45.407950 11.888158 1 0
5.59 -7.8 1.93 21.81 2.87 45.407950 11.888158 1 0
5.58 -7.8 1.93 21.81 2.87 45.407950 11.888158 1 0
5.6 -7.8 1.93 21.81 2.87 45.407950 11.888158 1 0
5.59 -7.8 1.93 21.79 2.87 45.407950 11.888158 1 0
5.59 -7.8 1.93 21.81 2.87 45.407950 11.888158 1 0
5.58 -7.79 1.92 21.8 2.87 45.407950 11.888158 1 0
5.58 -7.81 1.93 21.81 2.87 45.407950 11.888158 1 0
5.58 -7.8 1.94 21.8 2.87 45.407950 11.888158 1 0
5.59 -7.8 1.93 21.79 2.87 45.407950 11.888158 1 0
5.59 -7.79 1.92 21.81 2.87 45.407950 11.888158 1 0
5.59 -7.8 1.93 21.8 2.87 45.407950 11.888158 1 0
5.58 -7.81 1.93 21.8 2.87 45.407950 11.888158 1 0
5.6 -7.8 1.94 21.81 2.87 45.407950 11.888158 1 0
