6.09 -8.84 1.33 22.12 2.86 45.407984 11.888337 1 0
5.35 -6.68 1.78 22.78 2.86 45.407984 11.888337 1 0
5.86 -8.25 1.76 21.61 2.86 45.407984 11.888337 1 0
6.02 -7.33 1.94 21.9 2.86 45.407984 11.888337 1 0
5.89 -8.75 1.63 21.95 2.86 45.407984 11.888337 1 0
5.99 -7.51 1.94 22.17 2.86 45.407984 11.888337 1 0
6.19 -7.67 1.66 22.02 2.86 45.407984 11.888337 1 0
6.02 -7.41 1.78 21.9 2.86 45.407984 11.888337 1 0
5.81 -7.93 1.94 21.33 3.06 45.407978 11.888301 0 0
6.31 -7.74 1.75 21.51 3.06 45.407978 11.888301 1 0
5.83 -7.66 1.98 21.97 3.06 45.407978 11.888301 0 0
5.8 -7.82 1.99 21.88 3.06 45.407978 11.888301 1 0
5.77 -8.03 1.92 21.92 3.06 45.407978 11.888301 1 0
5.91 -8.01 1.82 21.81 3.06 45.407978 11.888301 1 0
5.69 -8.18 1.69 22.26 3.06 45.407978 11.888301 1 0
5.94 -7.7 1.91 22.47 3.06 45.407978 11.888301 1 0
5.45 -7.84 1.89 22.42 3.06 45.407978 11.888301 1 0
6.05 -7.92 1.62 22.05 3.06 45.407978 11.888301 1 0
6.05 -7.81 1.96 21.97 3.06 45.407978 11.888301 1 0
6.15 -7.79 1.67 21.97 3.06 45.407978 11.888301 1 0
6.05 -7.85 1.69 22.02 3.06 45.407978 11.888301 1 0
5.73 -7.52 1.96 22.07 3.06 45.407978 11.888301 1 0
5.9 -8.02 1.92 21.61 3.06 45.407978 11.888301 1 0
5.89 -7.93 1.62 22.07 3.06 45.407978 11.888301 1 0
5.7 -8.22 1.46 22.36 3.06 45.407978 11.888301 1 0
5.68 -7.81 1.54 22.21 3.06 45.407978 11.888301 1 0
5.58 -7.7 1.74 22.12 3.26 45.407970 11.888261 0 0
6.08 -7.92 1.82 21.97 3.26 45.407970 11.888261 1 0
6.06 -7.94 2.03 21.95 3.26 45.407970 11.888261 0 0
6.19 -7.98 1.8 21.95 3.26 45.407970 11.888261 1 0
5.98 -7.79 1.92 21.97 3.26 45.407970 11.888261 1 0
5.87 -7.5 1.98 21.97 3.26 45.407970 11.888261 1 0
5.95 -7.92 1.98 21.92 3.26 45.407970 11.888261 1 0
5.96 -7.84 1.72 21.35 3.26 45.407970 11.888261 1 0
5.89 -7.9 1.81 21.99 3.26 45.407970 11.888261 1 0
