5.88 -7.83 1.92 21.99 1.8 45.406257 11.894172 1
5.84 -7.89 1.87 21.95 1.8 45.406257 11.894172 1
5.95 -7.74 1.71 22.0 1.8 45.406257 11.894172 1
6.0 -7.68 1.69 21.9 1.8 45.406257 11.894172 1
5.78 -7.8 1.96 21.97 2.35 45.406256 11.894208 0
5.53 -7.79 2.14 22.04 2.35 45.406256 11.894208 1
5.55 -7.76 1.85 21.68 2.35 45.406256 11.894208 0
5.81 -8.02 1.35 22.45 2.35 45.406256 11.894208 1
6.04 -8.2 1.28 23.27 2.35 45.406256 11.894208 1
6.04 -7.94 1.62 22.5 2.35 45.406256 11.894208 1
5.88 -7.72 1.71 21.99 2.35 45.406256 11.894208 1
5.89 -7.86 1.49 21.99 2.35 45.406256 11.894208 1
6.06 -7.98 1.51 21.57 2.35 45.406256 11.894208 1
6.07 -7.94 1.76 22.55 2.35 45.406256 11.894208 1
5.87 -7.98 1.77 22.59 2.35 45.406256 11.894208 1
5.75 -7.98 1.62 22.12 2.35 45.406256 11.894208 1
5.76 -7.81 1.71 22.62 2.35 45.406256 11.894208 1
5.76 -7.72 1.88 22.09 2.35 45.406256 11.894208 1
5.77 -7.91 1.79 22.5 2.35 45.406256 11.894208 1
5.77 -8.13 1.63 23.72 2.35 45.406256 11.894208 1
5.67 -8.12 1.67 22.07 2.35 45.406256 11.894208 1
5.59 -7.89 1.78 21.81 2.35 45.406256 11.894208 1
5.73 -7.75 1.83 21.33 2.77 45.406263 11.894247 0
5.87 -7.91 1.83 21.83 2.77 45.406263 11.894247 1
5.8 -8.07 1.81 22.29 2.77 45.406263 11.894247 0
5.68 -7.87 1.81 22.45 2.77 45.406263 11.894247 1
5.69 -7.7 1.89 21.93 2.77 45.406263 11.894247 1
5.78 -7.95 1.91 21.81 2.77 45.406263 11.894247 1
5.92 -8.18 1.79 22.24 2.77 45.406263 11.894247 1
5.92 -7.98 1.82 22.04 2.77 45.406263 11.894247 1
5.48 -7.64 2.03 23.15 2.77 45.406263 11.894247 1
5.04 -7.51 1.97 24.32 2.77 45.406263 11.894247 1
5.44 -7.69 1.62 21.95 2.77 45.406263 11.894247 1
6.26 -8.15 1.48 21.15 2.77 45.406263 11.894247 1
6.27 -8.38 1.53 21.93 2.77 45.406263 11.894247 1
