5.55 -7.79 1.31 22.29 2.77 45.406263 11.894247 1
5.22 -6.94 1.13 22.04 2.77 45.406263 11.894247 1
5.57 -7.1 1.56 22.04 2.77 45.406263 11.894247 1
5.96 -8.18 2.18 21.54 2.77 45.406263 11.894247 1
6.08 -8.83 2.09 21.03 1.37 45.406267 11.894272 0
5.9 -8.42 1.49 21.99 1.37 45.406267 11.894272 1
5.47 -7.55 1.28 21.88 1.37 45.406267 11.894272 0
5.38 -7.18 1.59 21.85 1.37 45.406267 11.894272 1
5.95 -7.71 1.8 22.04 1.37 45.406267 11.894272 1
6.33 -8.55 1.82 21.83 1.37 45.406267 11.894272 1
5.81 -8.55 1.99 22.14 1.37 45.406267 11.894272 1
5.22 -7.78 2.1 21.99 1.37 45.406267 11.894272 1
5.6 -7.54 1.74 22.14 1.37 45.406267 11.894272 1
6.29 -8.21 1.33 22.19 1.37 45.406267 11.894272 1
6.18 -8.59 1.39 21.78 1.37 45.406267 11.894272 1
5.66 -8.07 1.59 22.16 1.37 45.406267 11.894272 1
5.67 -7.54 1.59 21.87 1.37 45.406267 11.894272 1
5.89 -7.69 1.66 22.4 1.37 45.406267 11.894272 1
5.67 -8.09 1.78 22.76 1.37 45.406267 11.894272 1
5.49 -8.22 1.74 22.09 1.37 45.406267 11.894272 1
5.66 -8.22 1.72 21.76 1.37 45.406267 11.894272 1
5.63 -8.24 1.71 21.42 1.37 45.406267 11.894272 1
5.71 -7.99 1.54 22.09 2.26 45.406261 11.894297 0
6.3 -7.34 1.61 22.11 2.26 45.406261 11.894297 1
5.94 -6.77 1.89 22.04 2.26 45.406261 11.894297 0
4.36 -7.01 1.51 21.18 2.26 45.406261 11.894297 1
4.58 -8.25 0.89 21.13 2.26 45.406261 11.894297 1
7.16 -9.26 1.2 22.31 2.26 45.406261 11.894297 1
7.74 -8.16 1.53 24.08 2.26 45.406261 11.894297 1
4.85 -5.98 1.38 25.93 2.26 45.406261 11.894297 1
3.08 -7.08 3.01 25.59 2.26 45.406261 11.894297 1
4.98 -12.15 6.28 21.18 2.26 45.406261 11.894297 1
7.31 -15.14 6.63 20.27 2.26 45.406261 11.894297 1
7.19 -11.83 3.23 20.82 2.26 45.406261 11.894297 1
5.22 -6.43 0.99 21.71 2.26 45.406261 11.894297 1
