5.85 -7.89 2.12 22.45 2.53 45.406278 11.894013 1
5.79 -8.24 1.99 22.45 2.53 45.406278 11.894013 1
5.5 -8.06 1.92 22.04 2.53 45.406278 11.894013 1
5.58 -7.81 1.65 21.8 2.53 45.406278 11.894013 1
5.95 -7.9 1.47 22.31 2.45 45.406285 11.894037 0
6.12 -7.93 1.72 21.93 2.45 45.406285 11.894037 1
6.14 -7.7 1.96 25.76 2.45 45.406285 11.894037 0
6.17 -7.64 1.77 22.9 2.45 45.406285 11.894037 1
6.03 -7.84 1.56 22.55 2.45 45.406285 11.894037 1
5.76 -7.94 1.59 22.14 2.45 45.406285 11.894037 1
5.73 -7.85 1.63 22.07 2.45 45.406285 11.894037 1
5.86 -7.85 1.66 22.48 2.45 45.406285 11.894037 1
5.87 -8.0 1.67 22.81 2.45 45.406285 11.894037 1
5.8 -8.04 1.49 22.57 2.45 45.406285 11.894037 1
5.78 -7.85 1.34 22.21 2.45 45.406285 11.894037 1
5.75 -7.6 1.57 22.14 2.45 45.406285 11.894037 1
5.84 -7.53 1.83 22.0 2.45 45.406285 11.894037 1
6.07 -7.69 1.75 21.95 2.45 45.406285 11.894037 1
6.08 -7.86 1.71 22.45 2.45 45.406285 11.894037 1
5.74 -7.8 1.87 23.46 2.45 45.406285 11.894037 1
5.51 -7.59 1.78 22.9 2.45 45.406285 11.894037 1
5.72 -7.66 1.56 21.93 2.45 45.406285 11.894037 1
6.04 -8.04 1.69 21.78 1.72 45.406283 11.894056 0
6.0 -8.21 1.95 22.84 1.72 45.406283 11.894056 1
5.68 -7.96 1.91 22.48 1.72 45.406283 11.894056 0
5.49 -7.74 1.82 22.55 1.72 45.406283 11.894056 1
5.6 -7.8 1.88 22.96 1.72 45.406283 11.894056 1
5.88 -7.88 1.79 21.95 1.72 45.406283 11.894056 1
6.12 -7.87 1.57 22.31 1.72 45.406283 11.894056 1
6.19 -7.89 1.61 22.35 1.72 45.406283 11.894056 1
6.04 -7.82 1.76 26.36 1.72 45.406283 11.894056 1
5.85 -7.67 1.7 22.04 1.72 45.406283 11.894056 1
5.9 -7.82 1.64 22.78 1.72 45.406283 11.894056 1
6.01 -8.16 1.81 22.36 1.72 45.406283 11.894056 1
5.89 -8.07 1.85 22.05 1.72 45.406283 11.894056 1
