6.36 -7.55 2.95 23.46 3.31 45.396063 11.876027 0
7.6 -9.22 3.34 24.16 3.31 45.396063 11.876027 0
6.03 -6.76 2.14 23.22 3.31 45.396063 11.876027 0
7.58 -9.11 4.51 22.43 3.31 45.396063 11.876027 0
5.58 -7.26 1.53 23.79 3.31 45.396063 11.876027 0
6.04 -6.94 1.86 24.35 3.31 45.396063 11.876027 0
6.87 -9.22 1.43 20.96 3.31 45.396063 11.876027 0
5.27 -9.49 2.43 25.36 3.31 45.396063 11.876027 0
6.72 -9.79 1.13 310.86 3.31 45.396063 11.876027 0
6.84 -7.85 -0.34 21.64 3.31 45.396063 11.876027 0
6.16 -8.38 2.23 27.47 3.31 45.396063 11.876027 0
6.07 -7.88 0.75 22.33 3.43 45.396091 11.876048 1
6.3 -7.08 1.64 24.73 3.43 45.396091 11.876048 0
5.8 -8.17 1.82 25.45 3.43 45.396091 11.876048 1
6.88 -7.44 2.15 24.18 3.43 45.396091 11.876048 0
5.23 -10.96 0.45 24.42 3.43 45.396091 11.876048 0
4.22 -7.71 3.64 23.26 3.43 45.396091 11.876048 0
5.52 -7.35 1.29 25.3 3.43 45.396091 11.876048 0
5.85 -5.68 2.01 24.42 3.43 45.396091 11.876048 0
7.2 -7.88 1.65 303.06 3.43 45.396091 11.876048 0
7.09 -9.05 1.6 21.8 3.43 45.396091 11.876048 0
4.75 -6.98 1.38 22.86 3.43 45.396091 11.876048 0
6.4 -7.6 0.16 24.22 3.43 45.396091 11.876048 0
5.75 -5.73 1.38 25.5 3.43 45.396091 11.876048 0
5.68 -8.06 0.47 24.58 3.43 45.396091 11.876048 0
5.26 -10.02 0.52 24.63 3.06 45.396111 11.876071 1
5.2 -8.03 1.58 23.0 3.06 45.396111 11.876071 0
6.15 -6.75 0.37 22.71 3.06 45.396111 11.876071 1
6.62 -7.32 -0.09 26.38 3.06 45.396111 11.876071 0
6.9 -7.51 1.17 22.84 3.06 45.396111 11.876071 0
6.86 -6.52 3.57 257.51 3.06 45.396111 11.876071 0
7.36 -10.52 3.2 24.87 3.06 45.396111 11.876071 0
4.44 -9.65 2.03 23.82 3.06 45.396111 11.876071 0
6.09 -8.22 2.44 28.85 3.06 45.396111 11.876071 0
6.21 -10.1 0.45 23.84 3.06 45.396111 11.876071 0
