5.72 -7.19 1.58 25.31 2.6 45.395975 11.875992 0
5.65 -10.03 2.2 23.48 2.6 45.395975 11.875992 0
7.26 -7.38 -0.24 23.96 2.6 45.395975 11.875992 0
6.38 -8.4 0.46 22.66 3.53 45.396004 11.876003 1
6.7 -6.99 -0.06 24.54 3.53 45.396004 11.876003 0
4.73 -8.61 1.87 28.9 3.53 45.396004 11.876003 1
6.44 -6.4 3.81 23.02 3.53 45.396004 11.876003 0
6.1 -8.1 4.98 24.44 3.53 45.396004 11.876003 0
7.54 -5.15 0.56 28.88 3.53 45.396004 11.876003 0
6.83 -6.64 2.22 24.16 3.53 45.396004 11.876003 0
7.32 -7.97 0.42 24.35 3.53 45.396004 11.876003 0
5.41 -9.22 -0.56 25.48 3.53 45.396004 11.876003 0
3.79 -3.97 1.16 22.29 3.53 45.396004 11.876003 0
4.84 -7.61 0.38 23.36 3.53 45.396004 11.876003 0
5.49 -8.32 1.46 23.79 3.53 45.396004 11.876003 0
4.71 -6.51 1.72 1406.9 3.53 45.396004 11.876003 0
8.4 -10.49 1.58 23.53 3.53 45.396004 11.876003 0
6.39 -5.91 2.78 24.03 3.58 45.396035 11.876015 1
6.87 -6.82 3.32 23.55 3.58 45.396035 11.876015 0
5.52 -7.5 1.48 24.39 3.58 45.396035 11.876015 1
5.76 -6.86 1.71 24.08 3.58 45.396035 11.876015 0
3.09 -7.13 3.84 23.2 3.58 45.396035 11.876015 0
7.52 -10.59 3.2 24.03 3.58 45.396035 11.876015 0
1.38 -6.05 2.3 23.8 3.58 45.396035 11.876015 0
8.26 -9.44 1.46 22.74 3.58 45.396035 11.876015 0
6.16 -7.24 0.84 25.86 3.58 45.396035 11.876015 0
4.82 -6.2 2.16 23.48 3.58 45.396035 11.876015 0
6.37 -9.03 0.84 28.43 3.58 45.396035 11.876015 0
5.01 -5.08 4.02 959.87 3.58 45.396035 11.876015 0
3.61 -6.28 3.61 23.36 3.58 45.396035 11.876015 0
6.1 -7.57 2.06 24.04 3.58 45.396035 11.876015 0
6.12 -10.02 -1.76 27.01 3.58 45.396035 11.876015 0
7.43 -10.58 1.41 23.1 3.31 45.396063 11.876027 1
4.9 -7.13 1.61 24.27 3.31 45.396063 11.876027 0
6.16 -6.76 0.87 26.45 3.31 45.396063 11.876027 1
