4.99 -7.88 1.97 25.04 3.06 45.396111 11.876071 0
6.75 -8.34 3.17 24.88 3.06 45.396111 11.876071 0
4.68 -6.84 0.43 24.78 3.06 45.396111 11.876071 0
7.27 -6.98 4.9 22.91 3.06 45.396111 11.876071 0
7.96 -10.84 3.28 25.23 3.06 45.396111 11.876071 0
6.06 -7.63 3.82 22.14 3.06 45.396111 11.876071 0
4.85 -8.76 3.24 24.13 3.06 45.396111 11.876071 0
5.07 -8.78 1.17 22.83 3.19 45.396137 11.876093 1
6.14 -8.74 2.18 25.26 3.19 45.396137 11.876093 0
6.27 -10.15 3.37 26.02 3.19 45.396137 11.876093 1
8.13 -5.35 2.06 24.59 3.19 45.396137 11.876093 0
8.46 -10.32 3.73 22.4 3.19 45.396137 11.876093 0
3.51 -8.46 1.07 22.05 3.19 45.396137 11.876093 0
4.45 -10.13 -0.28 23.02 3.19 45.396137 11.876093 0
