6.81 -7.34 0.93 21.51 1.57 45.395911 11.875911 0
6.62 -7.29 1.31 21.93 1.57 45.395911 11.875911 0
6.05 -7.8 1.4 21.54 1.57 45.395911 11.875911 0
5.94 -7.78 1.48 21.54 1.57 45.395911 11.875911 0
5.89 -7.71 1.82 21.54 1.57 45.395911 11.875911 0
6.02 -8.0 1.9 21.39 1.57 45.395911 11.875911 0
5.88 -7.64 1.84 21.78 1.57 45.395911 11.875911 0
5.65 -7.93 1.68 21.69 2.03 45.395931 11.875918 1
5.83 -7.82 2.25 21.57 2.03 45.395931 11.875918 0
6.51 -7.64 2.16 21.57 2.03 45.395931 11.875918 1
6.59 -7.7 1.9 21.57 2.03 45.395931 11.875918 0
6.33 -7.7 1.96 21.47 2.03 45.395931 11.875918 0
6.33 -7.55 1.89 21.09 2.03 45.395931 11.875918 0
6.63 -7.4 2.01 21.57 2.03 45.395931 11.875918 0
6.58 -7.27 2.12 21.73 2.03 45.395931 11.875918 0
6.64 -7.92 1.71 21.75 2.03 45.395931 11.875918 0
6.42 -7.56 1.65 21.8 2.03 45.395931 11.875918 0
6.03 -7.7 2.18 21.78 2.03 45.395931 11.875918 0
5.97 -7.76 2.05 21.85 2.03 45.395931 11.875918 0
5.97 -7.69 2.09 21.49 2.03 45.395931 11.875918 0
6.42 -7.7 2.36 22.04 2.03 45.395931 11.875918 0
5.93 -7.41 1.45 22.09 2.03 45.395931 11.875918 0
6.03 -7.87 1.36 22.0 2.03 45.395931 11.875918 0
5.95 -8.2 1.39 21.8 2.03 45.395931 11.875918 0
6.04 -7.76 1.52 21.54 2.26 45.395942 11.875940 1
6.15 -7.77 2.03 21.54 2.26 45.395942 11.875940 0
5.65 -7.86 1.81 21.63 2.26 45.395942 11.875940 1
6.08 -7.63 1.41 21.85 2.26 45.395942 11.875940 0
6.66 -7.55 1.26 21.52 2.26 45.395942 11.875940 0
6.34 -7.09 1.77 21.9 2.26 45.395942 11.875940 0
6.56 -7.47 1.37 21.37 2.26 45.395942 11.875940 0
5.82 -7.52 1.46 21.52 2.26 45.395942 11.875940 0
6.62 -8.09 1.46 21.68 2.26 45.395942 11.875940 0
2.88 -5.61 1.51 21.03 2.26 45.395942 11.875940 0
7.62 -10.32 0.03 19.55 2.26 45.395942 11.875940 0
