5.91 -8.08 1.79 23.2 1.52 45.406326 11.894170 1 0
6.0 -7.84 1.57 21.83 1.52 45.406326 11.894170 1 0
5.92 -7.79 1.62 21.78 1.52 45.406326 11.894170 1 0
5.81 -8.02 1.71 22.17 1.52 45.406326 11.894170 1 0
5.73 -8.01 1.72 21.95 1.52 45.406326 11.894170 1 0
5.66 -7.67 1.74 23.74 1.52 45.406326 11.894170 1 0
5.64 -7.63 1.8 22.04 1.52 45.406326 11.894170 1 0
5.73 -7.97 1.84 22.04 1.52 45.406326 11.894170 1 0
5.76 -8.16 1.87 22.05 1.52 45.406326 11.894170 1 0
5.69 -8.03 1.86 22.07 1.52 45.406326 11.894170 1 0
5.69 -7.88 1.8 22.09 1.52 45.406326 11.894170 1 0
5.82 -7.76 1.79 22.5 1.52 45.406326 11.894170 1 0
5.94 -7.75 1.82 22.69 1.52 45.406326 11.894170 1 0
5.96 -8.0 1.71 21.87 1.9 45.406330 11.894200 0 0
5.89 -8.18 1.56 21.93 1.9 45.406330 11.894200 1 0
5.79 -7.91 1.65 21.56 1.9 45.406330 11.894200 0 0
5.75 -7.67 1.9 22.43 1.9 45.406330 11.894200 1 0
5.85 -7.89 1.92 21.99 1.9 45.406330 11.894200 1 0
5.92 -8.06 1.73 21.93 1.9 45.406330 11.894200 1 0
5.82 -7.82 1.58 21.93 1.9 45.406330 11.894200 1 0
5.75 -7.69 1.5 22.43 1.9 45.406330 11.894200 1 0
5.85 -7.94 1.47 21.99 1.9 45.406330 11.894200 1 0
5.94 -8.12 1.57 22.52 1.9 45.406330 11.894200 1 0
5.86 -8.01 1.76 23.0 1.9 45.406330 11.894200 1 0
5.75 -7.88 1.9 23.0 1.9 45.406330 11.894200 1 0
5.71 -7.88 1.98 22.19 1.9 45.406330 11.894200 1 0
5.7 -7.93 1.99 22.11 1.9 45.406330 11.894200 1 0
5.75 -7.97 1.82 22.55 1.9 45.406330 11.894200 1 0
5.87 -7.97 1.65 22.54 1.9 45.406330 11.894200 1 0
5.87 -7.98 1.74 21.99 1.9 45.406330 11.894200 1 0
5.66 -8.02 1.9 22.38 1.9 45.406330 11.894200 1 0
5.57 -8.02 1.8 21.93 2.36 45.406327 11.894237 0 0
5.78 -8.0 1.62 21.37 2.36 45.406327 11.894237 1 0
6.04 -8.09 1.74 21.92 2.36 45.406327 11.894237 0 0
5.9 -8.13 1.94 21.97 2.36 45.406327 11.894237 1 0
