6.3 -7.83 1.96 21.76 2.83 45.408381 11.890071 1
6.24 -7.89 2.04 21.83 2.8 45.408370 11.890036 0
5.88 -7.64 1.99 21.97 2.8 45.408370 11.890036 1
5.81 -7.67 1.7 22.02 2.8 45.408370 11.890036 0
5.93 -7.79 1.8 21.88 2.8 45.408370 11.890036 1
6.05 -7.89 2.04 21.73 2.8 45.408370 11.890036 1
6.0 -8.12 2.09 21.92 2.8 45.408370 11.890036 1
5.96 -8.08 1.95 21.71 2.8 45.408370 11.890036 1
5.25 -7.51 1.88 21.37 2.8 45.408370 11.890036 1
5.86 -7.72 1.76 21.92 2.8 45.408370 11.890036 1
5.74 -7.8 1.92 21.88 2.8 45.408370 11.890036 1
6.23 -8.44 1.75 21.39 2.8 45.408370 11.890036 1
5.9 -7.87 1.55 21.97 2.8 45.408370 11.890036 1
5.88 -8.1 1.78 22.52 2.8 45.408370 11.890036 1
5.78 -7.15 1.54 22.12 2.8 45.408370 11.890036 1
5.88 -7.82 1.98 21.97 2.8 45.408370 11.890036 1
6.17 -7.51 1.71 21.8 2.8 45.408370 11.890036 1
6.06 -8.31 1.62 21.97 2.8 45.408370 11.890036 1
6.05 -7.94 1.64 21.87 2.8 45.408370 11.890036 1
5.8 -7.53 1.71 22.12 2.56 45.408358 11.890006 0
5.68 -7.94 1.8 21.47 2.56 45.408358 11.890006 1
5.73 -7.72 1.66 21.35 2.56 45.408358 11.890006 0
6.23 -8.18 1.98 21.69 2.56 45.408358 11.890006 1
5.92 -7.77 1.94 21.8 2.56 45.408358 11.890006 1
6.07 -8.07 1.61 22.29 2.56 45.408358 11.890006 1
5.65 -7.42 1.98 21.99 2.56 45.408358 11.890006 1
6.17 -7.51 1.98 21.47 2.56 45.408358 11.890006 1
6.32 -7.6 1.95 21.59 2.56 45.408358 11.890006 1
6.15 -8.06 1.98 22.59 2.56 45.408358 11.890006 1
5.98 -7.39 1.97 22.31 2.56 45.408358 11.890006 1
6.01 -7.51 2.09 22.12 2.56 45.408358 11.890006 1
6.02 -7.62 2.24 21.92 2.56 45.408358 11.890006 1
5.95 -8.23 1.65 21.47 2.56 45.408358 11.890006 1
5.95 -8.26 1.39 22.02 2.56 45.408358 11.890006 1
5.62 -7.93 1.41 22.12 2.56 45.408358 11.890006 1
