5.89 -7.67 1.86 23.58 2.75 45.406312 11.893947 0 0
5.64 -7.7 2.09 21.99 2.75 45.406312 11.893947 1 0
5.45 -8.15 1.84 22.91 2.75 45.406312 11.893947 1 0
5.33 -8.39 1.47 22.5 2.75 45.406312 11.893947 1 0
5.46 -8.02 1.37 22.83 2.75 45.406312 11.893947 1 0
5.78 -7.68 1.43 26.03 2.75 45.406312 11.893947 1 0
5.86 -7.79 1.51 28.01 2.75 45.406312 11.893947 1 0
5.7 -7.92 1.69 27.2 2.75 45.406312 11.893947 1 0
5.89 -7.78 1.92 22.02 2.75 45.406312 11.893947 1 0
6.26 -7.58 2.09 22.05 2.75 45.406312 11.893947 1 0
6.11 -7.59 2.15 25.09 2.75 45.406312 11.893947 1 0
5.73 -7.75 1.96 22.09 2.75 45.406312 11.893947 0 0
5.98 -7.79 1.58 22.86 2.75 45.406312 11.893947 1 0
6.46 -7.63 1.47 21.9 2.75 45.406312 11.893947 0 0
6.34 -7.62 1.76 22.29 2.75 45.406312 11.893947 1 0
5.87 -7.9 1.98 24.75 2.75 45.406312 11.893947 1 0
5.65 -8.11 1.83 22.35 2.75 45.406312 11.893947 1 0
5.56 -8.12 1.58 21.83 2.75 45.406312 11.893947 1 0
5.59 -8.07 1.53 26.75 2.75 45.406312 11.893947 1 0
5.84 -7.93 1.67 22.16 2.75 45.406312 11.893947 1 0
5.88 -7.79 1.83 22.96 2.75 45.406312 11.893947 1 0
5.62 -7.94 1.81 22.66 2.75 45.406312 11.893947 1 0
5.72 -8.14 1.7 22.55 2.75 45.406312 11.893947 1 0
6.15 -7.89 1.78 22.57 2.75 45.406312 11.893947 1 0
6.2 -7.56 2.08 22.98 2.75 45.406312 11.893947 1 0
5.91 -7.71 2.32 22.17 2.75 45.406312 11.893947 1 0
5.84 -7.91 2.31 23.38 2.75 45.406312 11.893947 1 0
5.9 -7.73 2.08 21.99 2.75 45.406312 11.893947 1 0
5.85 -7.64 1.87 22.35 2.58 45.406320 11.893975 0 0
5.83 -7.93 1.86 21.92 2.58 45.406320 11.893975 1 0
5.78 -8.05 1.96 22.76 2.58 45.406320 11.893975 0 0
5.64 -7.82 1.87 23.26 2.58 45.406320 11.893975 1 0
5.73 -7.73 1.62 23.2 2.58 45.406320 11.893975 1 0
5.99 -7.87 1.5 28.73 2.58 45.406320 11.893975 1 0
5.98 -7.87 1.61 21.9 2.58 45.406320 11.893975 1 0
