5.95 -7.65 1.66 21.85 1.82 45.406321 11.894136 1 0
5.64 -7.75 2.06 21.51 1.82 45.406321 11.894136 1 0
5.76 -7.99 2.15 21.56 1.82 45.406321 11.894136 1 0
5.99 -8.19 1.75 22.02 1.82 45.406321 11.894136 1 0
5.7 -8.14 1.39 22.09 1.82 45.406321 11.894136 1 0
5.27 -7.99 1.48 22.62 1.82 45.406321 11.894136 1 0
5.46 -7.95 1.73 22.05 1.82 45.406321 11.894136 1 0
5.92 -7.99 1.75 21.97 1.82 45.406321 11.894136 1 0
5.95 -8.0 1.66 21.64 1.82 45.406321 11.894136 1 0
5.68 -7.89 1.68 21.59 1.82 45.406321 11.894136 1 0
5.68 -7.68 1.81 21.83 1.82 45.406321 11.894136 1 0
5.88 -7.58 1.96 21.42 2.29 45.406322 11.894169 0 0
5.96 -7.7 2.03 21.33 2.29 45.406322 11.894169 1 0
5.96 -7.81 1.96 21.69 2.29 45.406322 11.894169 0 0
6.04 -7.72 1.84 21.42 2.29 45.406322 11.894169 1 0
6.05 -7.66 1.8 22.48 2.29 45.406322 11.894169 1 0
5.8 -7.85 1.77 22.04 2.29 45.406322 11.894169 1 0
5.52 -8.08 1.69 22.09 2.29 45.406322 11.894169 1 0
5.57 -8.11 1.69 22.45 2.29 45.406322 11.894169 1 0
5.85 -8.03 1.8 23.41 2.29 45.406322 11.894169 1 0
5.96 -8.02 1.85 22.09 2.29 45.406322 11.894169 1 0
5.89 -7.96 1.81 22.5 2.29 45.406322 11.894169 1 0
5.92 -7.81 1.82 22.52 2.29 45.406322 11.894169 1 0
6.03 -7.74 1.87 22.47 2.29 45.406322 11.894169 1 0
6.07 -7.81 1.86 22.96 2.29 45.406322 11.894169 1 0
6.07 -7.79 1.83 22.5 2.29 45.406322 11.894169 1 0
6.07 -7.63 1.83 22.0 2.29 45.406322 11.894169 1 0
5.94 -7.65 1.83 22.21 2.29 45.406322 11.894169 1 0
5.79 -7.89 1.77 22.62 2.29 45.406322 11.894169 1 0
5.76 -8.0 1.65 23.56 2.6 45.406324 11.894204 0 0
5.72 -7.91 1.61 22.64 2.6 45.406324 11.894204 1 0
5.65 -7.86 1.7 21.81 2.6 45.406324 11.894204 0 0
5.72 -7.93 1.8 21.69 2.6 45.406324 11.894204 1 0
5.85 -7.94 1.8 22.74 2.6 45.406324 11.894204 1 0
5.84 -7.84 1.78 21.83 2.6 45.406324 11.894204 1 0
