5.4 -8.17 1.96 22.35 2.08 45.406315 11.894090 1 0
5.51 -6.2 1.89 22.04 2.08 45.406315 11.894090 1 0
5.63 -8.47 1.87 22.5 2.08 45.406315 11.894090 1 0
5.95 -8.03 1.99 22.0 2.08 45.406315 11.894090 1 0
5.83 -8.32 1.81 22.02 2.08 45.406315 11.894090 1 0
5.6 -7.74 1.6 22.14 2.08 45.406315 11.894090 1 0
5.81 -7.29 1.72 22.86 2.08 45.406315 11.894090 1 0
6.06 -7.65 1.81 22.04 2.08 45.406315 11.894090 1 0
6.26 -8.07 1.57 21.97 2.08 45.406315 11.894090 1 0
5.86 -7.67 1.86 22.0 2.08 45.406315 11.894090 1 0
5.83 -7.75 1.82 21.9 2.08 45.406315 11.894090 1 0
5.67 -7.66 1.84 22.4 1.55 45.406318 11.894111 0 0
6.19 -7.99 1.59 23.27 1.55 45.406318 11.894111 1 0
5.74 -7.92 1.86 23.36 1.55 45.406318 11.894111 0 0
5.69 -7.88 1.53 21.63 1.55 45.406318 11.894111 1 0
5.48 -7.99 1.65 21.97 1.55 45.406318 11.894111 1 0
5.77 -8.11 1.72 22.42 1.55 45.406318 11.894111 1 0
6.01 -7.66 1.92 22.0 1.55 45.406318 11.894111 1 0
6.05 -7.81 2.28 22.45 1.55 45.406318 11.894111 1 0
5.82 -7.78 1.87 22.88 1.55 45.406318 11.894111 1 0
5.9 -7.81 1.8 22.5 1.55 45.406318 11.894111 1 0
5.99 -7.88 1.96 22.12 1.55 45.406318 11.894111 1 0
5.88 -7.78 1.7 23.79 1.55 45.406318 11.894111 1 0
5.94 -7.74 1.89 22.96 1.55 45.406318 11.894111 1 0
5.86 -7.76 1.92 22.96 1.55 45.406318 11.894111 1 0
5.76 -7.82 1.94 22.04 1.55 45.406318 11.894111 1 0
5.86 -8.08 1.75 21.57 1.55 45.406318 11.894111 1 0
5.62 -7.91 1.53 21.93 1.55 45.406318 11.894111 1 0
6.07 -8.14 1.86 23.15 1.82 45.406321 11.894136 0 0
5.26 -7.53 2.01 22.0 1.82 45.406321 11.894136 1 0
5.78 -7.92 1.74 22.45 1.82 45.406321 11.894136 1 0
5.89 -8.03 1.94 21.42 1.82 45.406321 11.894136 0 0
6.04 -7.84 1.71 21.44 1.82 45.406321 11.894136 1 0
6.0 -7.35 1.81 21.81 1.82 45.406321 11.894136 1 0
6.21 -7.82 1.47 21.4 1.82 45.406321 11.894136 1 0
