6.74 -7.95 1.8 21.92 1.77 45.406349 11.893984 0
6.47 -7.98 1.5 22.86 1.77 45.406349 11.893984 0
6.63 -7.06 1.4 21.99 1.77 45.406349 11.893984 1
6.38 -7.25 1.81 22.45 1.77 45.406349 11.893984 1
6.24 -7.53 1.78 22.35 1.77 45.406349 11.893984 1
6.05 -8.11 1.52 23.05 1.77 45.406349 11.893984 1
5.92 -8.02 1.64 22.28 1.77 45.406349 11.893984 1
5.42 -8.16 1.52 22.48 1.77 45.406349 11.893984 1
4.83 -8.09 1.78 22.55 1.77 45.406349 11.893984 1
5.4 -8.89 1.64 22.04 1.77 45.406349 11.893984 1
5.66 -8.23 2.1 22.55 1.77 45.406349 11.893984 1
5.84 -7.49 2.17 22.02 1.77 45.406349 11.893984 1
5.98 -7.77 1.89 22.0 1.77 45.406349 11.893984 1
5.92 -7.44 1.95 22.29 1.77 45.406349 11.893984 1
6.21 -8.1 1.89 22.42 1.77 45.406349 11.893984 1
6.17 -7.39 1.57 22.05 1.77 45.406349 11.893984 1
5.99 -7.79 1.35 24.64 1.77 45.406349 11.893984 1
6.47 -7.32 1.61 21.9 2.4 45.406343 11.894003 0
5.94 -7.4 1.75 22.35 2.4 45.406343 11.894003 1
6.09 -8.08 2.34 21.95 2.4 45.406343 11.894003 0
5.94 -7.71 2.1 22.09 2.4 45.406343 11.894003 1
6.07 -7.93 1.71 23.82 2.4 45.406343 11.894003 1
5.75 -8.4 1.9 21.99 2.4 45.406343 11.894003 1
5.81 -7.8 1.38 21.83 2.4 45.406343 11.894003 1
5.64 -8.09 1.79 21.49 2.4 45.406343 11.894003 1
5.86 -7.81 1.64 22.74 2.4 45.406343 11.894003 1
6.04 -7.99 1.8 22.47 2.4 45.406343 11.894003 1
5.91 -7.65 2.07 22.96 2.4 45.406343 11.894003 1
6.12 -7.75 1.87 22.6 2.4 45.406343 11.894003 1
6.07 -7.56 1.71 23.0 2.4 45.406343 11.894003 1
6.17 -8.07 1.7 22.5 2.4 45.406343 11.894003 1
6.19 -7.83 1.93 22.12 2.4 45.406343 11.894003 1
6.2 -7.62 1.88 23.36 2.4 45.406343 11.894003 1
6.18 -7.66 2.16 22.09 2.4 45.406343 11.894003 1
5.65 -8.03 1.52 21.93 1.56 45.406346 11.894020 0
