5.55 -7.89 1.72 27.58 1.49 45.406331 11.894142 1
5.92 -7.95 2.15 23.24 1.49 45.406331 11.894142 1
5.67 -8.03 1.72 22.36 1.49 45.406331 11.894142 0
5.79 -7.7 1.84 21.83 1.49 45.406331 11.894142 1
5.78 -8.12 1.56 22.35 1.49 45.406331 11.894142 1
5.92 -7.75 1.76 23.51 1.49 45.406331 11.894142 1
5.63 -7.95 1.81 21.83 1.49 45.406331 11.894142 1
5.94 -7.86 1.77 22.5 1.49 45.406331 11.894142 1
5.66 -7.99 1.75 22.07 1.49 45.406331 11.894142 1
5.88 -7.82 1.66 22.45 1.49 45.406331 11.894142 1
5.86 -8.17 1.71 22.04 1.49 45.406331 11.894142 1
5.87 -7.93 1.5 21.64 1.49 45.406331 11.894142 1
5.71 -7.7 1.7 22.02 1.49 45.406331 11.894142 1
5.76 -8.13 1.85 22.0 1.49 45.406331 11.894142 1
5.91 -7.92 1.88 22.35 1.49 45.406331 11.894142 1
5.59 -7.9 1.64 23.27 1.49 45.406331 11.894142 1
6.05 -7.92 1.5 21.81 1.49 45.406331 11.894142 1
5.78 -8.0 1.94 21.81 2.63 45.406328 11.894176 0
5.57 -7.76 1.83 21.88 2.63 45.406328 11.894176 1
5.87 -7.85 1.58 21.92 2.63 45.406328 11.894176 0
6.0 -8.15 1.44 22.36 2.63 45.406328 11.894176 1
5.85 -7.96 1.56 21.93 2.63 45.406328 11.894176 1
5.86 -7.7 1.54 21.83 2.63 45.406328 11.894176 1
5.76 -7.92 1.85 21.93 2.63 45.406328 11.894176 1
5.83 -7.93 1.95 22.35 2.63 45.406328 11.894176 1
5.84 -7.88 1.77 22.05 2.63 45.406328 11.894176 1
5.77 -8.02 1.4 22.47 2.63 45.406328 11.894176 1
5.91 -7.98 1.5 22.0 2.63 45.406328 11.894176 1
5.71 -8.21 1.89 22.45 2.63 45.406328 11.894176 1
5.91 -7.87 1.94 22.52 2.63 45.406328 11.894176 1
5.6 -7.66 2.02 22.52 2.63 45.406328 11.894176 1
5.74 -7.85 1.53 22.93 2.63 45.406328 11.894176 1
5.95 -8.06 1.66 22.81 2.63 45.406328 11.894176 1
5.8 -8.07 1.64 22.19 2.63 45.406328 11.894176 1
5.69 -7.74 1.94 22.19 2.25 45.406326 11.894208 0
