5.81 -7.92 1.54 22.42 1.56 45.406346 11.894020 1
5.51 -8.06 1.72 21.42 1.56 45.406346 11.894020 0
5.88 -7.78 2.07 21.57 1.56 45.406346 11.894020 1
5.73 -8.0 1.97 22.04 1.56 45.406346 11.894020 1
6.31 -7.82 1.74 21.87 1.56 45.406346 11.894020 1
6.21 -7.89 1.72 21.95 1.56 45.406346 11.894020 1
5.69 -7.31 1.85 22.24 1.56 45.406346 11.894020 1
5.98 -7.23 1.88 21.95 1.56 45.406346 11.894020 1
5.78 -7.8 2.22 22.5 1.56 45.406346 11.894020 1
6.38 -7.4 1.65 21.97 1.56 45.406346 11.894020 1
6.03 -7.75 1.55 22.45 1.56 45.406346 11.894020 1
6.04 -7.76 1.69 22.19 1.56 45.406346 11.894020 1
5.79 -7.39 1.97 23.48 1.56 45.406346 11.894020 1
5.75 -7.34 2.07 22.66 1.56 45.406346 11.894020 1
5.56 -7.66 1.74 22.52 1.56 45.406346 11.894020 1
5.92 -8.34 2.33 22.98 1.56 45.406346 11.894020 1
5.65 -7.79 2.07 22.69 1.56 45.406346 11.894020 1
5.48 -7.72 1.82 22.48 2.39 45.406356 11.894042 0
5.95 -7.83 1.39 23.67 2.39 45.406356 11.894042 1
6.45 -7.95 1.44 23.15 2.39 45.406356 11.894042 0
6.21 -7.63 1.31 21.99 2.39 45.406356 11.894042 1
6.02 -7.98 1.89 22.31 2.39 45.406356 11.894042 1
5.77 -7.64 1.85 22.84 2.39 45.406356 11.894042 1
6.15 -7.71 1.93 21.95 2.39 45.406356 11.894042 1
5.96 -7.71 1.89 21.78 2.39 45.406356 11.894042 1
5.76 -8.09 1.3 22.09 2.39 45.406356 11.894042 1
6.15 -7.93 1.53 22.55 2.39 45.406356 11.894042 1
5.19 -7.81 1.76 22.5 2.39 45.406356 11.894042 1
5.57 -7.89 1.88 22.88 2.39 45.406356 11.894042 1
5.59 -7.86 1.45 21.99 2.39 45.406356 11.894042 1
6.04 -8.01 1.71 22.04 2.39 45.406356 11.894042 1
6.4 -7.75 1.65 22.95 2.39 45.406356 11.894042 1
5.8 -7.68 1.79 22.98 2.39 45.406356 11.894042 1
5.54 -7.56 2.19 22.05 2.39 45.406356 11.894042 1
5.98 -7.49 2.21 22.36 2.62 45.406358 11.894070 0
