5.55 -7.85 1.86 22.38 3.14 45.407803 11.899538 1 0
5.71 -8.07 2.3 21.97 3.14 45.407803 11.899538 1 0
5.69 -8.05 2.05 21.63 3.14 45.407803 11.899538 1 0
5.64 -7.86 1.67 22.02 3.14 45.407803 11.899538 1 0
5.99 -7.71 1.72 22.47 3.14 45.407803 11.899538 1 0
6.47 -7.56 1.96 22.42 3.14 45.407803 11.899538 1 0
6.58 -7.36 1.93 22.05 3.14 45.407803 11.899538 1 0
6.36 -7.4 1.8 21.97 3.14 45.407803 11.899538 1 0
6.14 -7.71 1.93 21.59 3.14 45.407803 11.899538 1 0
6.13 -7.78 2.13 22.0 3.14 45.407803 11.899538 1 0
6.22 -7.51 2.14 22.42 3.14 45.407803 11.899538 1 0
6.11 -7.56 2.14 21.76 3.14 45.407803 11.899538 1 0
5.78 -7.98 2.19 21.64 3.29 45.407810 11.899584 0 0
5.6 -8.07 2.13 21.3 3.29 45.407810 11.899584 1 0
5.67 -7.78 2.09 21.75 3.29 45.407810 11.899584 0 0
5.68 -7.75 2.2 21.3 3.29 45.407810 11.899584 1 0
5.72 -7.83 2.07 21.87 3.29 45.407810 11.899584 1 0
6.12 -7.45 1.63 21.35 3.29 45.407810 11.899584 1 0
6.53 -7.12 1.52 22.0 3.29 45.407810 11.899584 1 0
6.41 -7.48 1.85 22.0 3.29 45.407810 11.899584 1 0
6.14 -7.84 1.94 22.11 3.29 45.407810 11.899584 1 0
6.2 -7.65 1.58 21.97 3.29 45.407810 11.899584 1 0
6.3 -7.61 1.34 21.9 3.29 45.407810 11.899584 1 0
6.2 -7.92 1.55 21.9 3.29 45.407810 11.899584 1 0
6.01 -7.85 1.88 21.9 3.29 45.407810 11.899584 1 0
5.73 -7.67 1.99 21.87 3.29 45.407810 11.899584 1 0
5.63 -8.01 1.93 21.9 3.29 45.407810 11.899584 1 0
6.08 -8.06 1.95 21.9 3.29 45.407810 11.899584 1 0
6.42 -7.49 2.08 21.95 3.29 45.407810 11.899584 1 0
6.07 -7.4 2.09 22.02 3.29 45.407810 11.899584 1 0
6.24 -7.59 1.98 22.09 3.22 45.407824 11.899622 0 0
7.38 -7.15 2.06 22.04 3.22 45.407824 11.899622 1 0
7.25 -7.26 2.24 23.24 3.22 45.407824 11.899622 0 0
5.21 -8.2 2.04 24.2 3.22 45.407824 11.899622 1 0
4.13 -7.55 1.79 24.03 3.22 45.407824 11.899622 1 0
