6.05 -7.64 1.74 21.83 2.94 45.407769 11.899328 1 0
5.97 -7.87 1.7 21.75 2.94 45.407769 11.899328 1 0
5.97 -7.8 1.76 21.9 2.94 45.407769 11.899328 1 0
6.11 -7.69 1.89 22.36 2.94 45.407769 11.899328 1 0
6.15 -7.77 1.74 22.0 2.94 45.407769 11.899328 1 0
5.89 -7.86 1.51 22.02 2.94 45.407769 11.899328 1 0
5.64 -7.9 1.66 22.47 2.94 45.407769 11.899328 1 0
5.76 -7.9 1.96 22.0 2.94 45.407769 11.899328 1 0
6.01 -7.82 2.05 22.36 2.94 45.407769 11.899328 1 0
6.0 -7.77 2.09 21.92 2.94 45.407769 11.899328 1 0
5.88 -7.84 2.23 21.9 2.94 45.407769 11.899328 1 0
5.97 -7.89 2.19 21.8 2.94 45.407769 11.899328 1 0
6.14 -7.85 2.06 22.21 2.51 45.407776 11.899362 0 0
6.12 -7.77 2.15 21.81 2.51 45.407776 11.899362 1 0
6.0 -7.56 2.23 21.95 2.51 45.407776 11.899362 0 0
6.05 -7.4 2.03 22.42 2.51 45.407776 11.899362 1 0
6.13 -7.73 1.93 21.87 2.51 45.407776 11.899362 1 0
5.99 -8.24 2.14 22.28 2.51 45.407776 11.899362 1 0
5.76 -8.2 2.19 23.1 2.51 45.407776 11.899362 1 0
5.69 -7.89 2.0 22.0 2.51 45.407776 11.899362 1 0
5.71 -7.98 1.93 22.05 2.51 45.407776 11.899362 1 0
5.78 -8.05 1.87 22.02 2.51 45.407776 11.899362 1 0
6.01 -7.68 1.55 22.05 2.51 45.407776 11.899362 1 0
6.27 -7.57 1.35 22.86 2.51 45.407776 11.899362 1 0
6.29 -7.86 1.51 23.17 2.51 45.407776 11.899362 1 0
6.1 -7.73 1.66 21.85 2.51 45.407776 11.899362 1 0
5.99 -7.46 1.68 21.66 2.51 45.407776 11.899362 1 0
6.11 -7.84 1.84 21.75 2.51 45.407776 11.899362 1 0
6.27 -8.17 1.91 21.64 2.51 45.407776 11.899362 1 0
6.04 -7.82 1.7 21.69 2.68 45.407783 11.899400 0 0
5.5 -7.75 1.67 22.19 2.68 45.407783 11.899400 1 0
5.39 -8.15 1.91 22.62 2.68 45.407783 11.899400 1 0
5.85 -8.01 1.94 22.23 2.68 45.407783 11.899400 0 0
6.11 -7.61 1.83 21.75 2.68 45.407783 11.899400 1 0
5.92 -7.8 2.02 22.66 2.68 45.407783 11.899400 1 0
