5.56 -7.56 1.93 23.53 2.79 45.406358 11.895599 0 0
5.72 -8.14 1.68 22.21 2.79 45.406358 11.895599 1 0
5.97 -8.45 1.55 22.26 2.79 45.406358 11.895599 0 0
5.73 -8.04 1.61 22.12 2.79 45.406358 11.895599 1 0
5.26 -7.67 1.72 22.23 2.79 45.406358 11.895599 1 0
5.38 -7.87 1.81 23.38 2.79 45.406358 11.895599 1 0
5.97 -8.18 1.83 22.42 2.79 45.406358 11.895599 1 0
6.08 -8.17 1.77 22.47 2.79 45.406358 11.895599 1 0
5.72 -8.03 1.67 22.93 2.79 45.406358 11.895599 1 0
5.7 -7.96 1.63 22.16 2.79 45.406358 11.895599 1 0
5.98 -7.93 1.69 30.2 2.79 45.406358 11.895599 1 0
5.96 -7.98 1.81 22.72 2.79 45.406358 11.895599 1 0
5.8 -8.03 1.84 22.64 2.79 45.406358 11.895599 1 0
5.89 -7.89 1.74 22.74 2.79 45.406358 11.895599 1 0
5.94 -7.72 1.65 22.0 2.79 45.406358 11.895599 1 0
5.73 -7.85 1.73 21.85 2.79 45.406358 11.895599 1 0
5.64 -8.2 1.88 22.02 2.79 45.406358 11.895599 1 0
5.78 -8.37 1.94 22.02 2.79 45.406358 11.895599 1 0
5.8 -8.32 1.92 22.01 2.79 45.406358 11.895599 1 0
5.71 -8.29 1.91 22.03 2.79 45.406358 11.895599 1 0
5.73 -8.33 1.92 22.03 2.79 45.406358 11.895599 1 0
5.79 -8.33 1.92 22.02 2.79 45.406358 11.895599 1 0
5.75 -8.3 1.92 22.02 2.79 45.406358 11.895599 1 0
5.73 -8.32 1.92 22.01 2.79 45.406358 11.895599 1 0
5.76 -8.33 1.92 22.01 2.79 45.406358 11.895599 1 0
5.76 -8.33 1.92 22.02 2.79 45.406358 11.895599 1 0
5.75 -8.33 1.92 22.03 2.79 45.406358 11.895599 1 0
5.76 -8.33 1.92 22.01 2.79 45.406358 11.895599 1 0
5.77 -8.32 1.92 22.02 2.79 45.406358 11.895599 1 0
5.75 -8.32 1.92 22.03 2.79 45.406358 11.895599 1 0
5.75 -8.33 1.92 22.02 2.79 45.406358 11.895599 1 0
5.76 -8.33 1.91 22.02 2.79 45.406358 11.895599 1 0
5.75 -8.31 1.91 22.03 2.79 45.406358 11.895599 1 0
5.75 -8.31 1.92 22.03 2.79 45.406358 11.895599 1 0
5.76 -8.32 1.93 22.01 2.79 45.406358 11.895599 1 0
