6.09 -7.74 1.97 21.54 3.27 45.407950 11.888194 1 0
6.19 -7.95 1.83 21.87 3.27 45.407950 11.888194 1 0
6.25 -7.88 1.99 21.9 3.27 45.407950 11.888194 1 0
6.22 -7.62 2.21 22.0 3.27 45.407950 11.888194 1 0
6.09 -7.51 2.18 21.93 3.27 45.407950 11.888194 1 0
5.92 -7.67 1.98 21.64 3.27 45.407950 11.888194 1 0
5.82 -7.98 1.88 21.92 3.27 45.407950 11.888194 1 0
5.83 -8.17 1.92 21.49 3.27 45.407950 11.888194 1 0
5.83 -8.03 1.96 22.0 3.27 45.407950 11.888194 1 0
5.76 -7.71 1.92 22.11 3.27 45.407950 11.888194 1 0
5.71 -7.65 1.84 21.61 3.27 45.407950 11.888194 1 0
5.79 -7.9 1.83 22.0 3.27 45.407950 11.888194 1 0
5.92 -7.99 1.85 21.59 3.27 45.407950 11.888194 1 0
6.02 -7.76 1.83 21.49 3.27 45.407950 11.888194 1 0
6.1 -7.57 1.8 21.83 3.09 45.407934 11.888158 0 0
6.12 -7.62 1.84 21.8 3.09 45.407934 11.888158 1 0
6.05 -7.68 1.9 21.87 3.09 45.407934 11.888158 0 0
5.98 -7.63 1.93 21.86 3.09 45.407934 11.888158 1 0
5.99 -7.61 1.94 21.87 3.09 45.407934 11.888158 1 0
6.01 -7.65 1.93 21.87 3.09 45.407934 11.888158 1 0
6.0 -7.65 1.92 21.86 3.09 45.407934 11.888158 1 0
6.0 -7.63 1.92 21.87 3.09 45.407934 11.888158 1 0
6.0 -7.63 1.93 21.87 3.09 45.407934 11.888158 1 0
6.0 -7.63 1.93 21.87 3.09 45.407934 11.888158 1 0
6.0 -7.63 1.93 21.86 3.09 45.407934 11.888158 1 0
6.0 -7.63 1.93 21.87 3.09 45.407934 11.888158 1 0
6.0 -7.64 1.92 21.86 3.09 45.407934 11.888158 1 0
6.0 -7.63 1.92 21.88 3.09 45.407934 11.888158 1 0
6.0 -7.63 1.93 21.86 3.09 45.407934 11.888158 1 0
6.0 -7.64 1.94 21.87 3.09 45.407934 11.888158 1 0
6.0 -7.63 1.93 21.87 3.09 45.407934 11.888158 1 0
6.0 -7.63 1.93 21.87 3.09 45.407934 11.888158 1 0
6.0 -7.63 1.93 21.87 3.09 45.407934 11.888158 1 0
5.99 -7.64 1.92 21.87 3.09 45.407934 11.888158 1 0
5.99 -7.63 1.92 21.87 3.09 45.407934 11.888158 1 0
