5.72 -7.64 1.51 22.05 2.3 45.407739 11.899201 1 0
5.57 -7.8 1.18 21.93 2.3 45.407739 11.899201 1 0
6.03 -7.95 1.32 22.42 2.3 45.407739 11.899201 1 0
6.29 -7.97 1.6 22.33 2.3 45.407739 11.899201 1 0
6.02 -7.71 1.93 22.02 2.3 45.407739 11.899201 1 0
5.79 -7.4 2.12 22.05 2.3 45.407739 11.899201 1 0
5.98 -7.44 1.92 21.95 2.3 45.407739 11.899201 1 0
6.21 -7.73 1.72 21.87 2.3 45.407739 11.899201 1 0
6.12 -7.87 1.93 21.95 2.3 45.407739 11.899201 1 0
5.97 -7.75 2.17 22.0 2.3 45.407739 11.899201 1 0
6.05 -7.58 2.02 22.47 2.3 45.407739 11.899201 1 0
6.1 -7.59 1.92 21.71 2.3 45.407739 11.899201 1 0
5.89 -7.84 2.13 21.85 2.14 45.407747 11.899225 0 0
5.65 -8.05 2.18 22.29 2.14 45.407747 11.899225 1 0
5.64 -7.93 1.88 22.21 2.14 45.407747 11.899225 0 0
5.74 -7.72 1.69 22.62 2.14 45.407747 11.899225 1 0
5.79 -7.77 1.81 21.85 2.14 45.407747 11.899225 1 0
5.91 -7.92 1.94 23.0 2.14 45.407747 11.899225 1 0
6.07 -7.77 1.84 22.96 2.14 45.407747 11.899225 1 0
6.12 -7.49 1.7 21.9 2.14 45.407747 11.899225 1 0
6.06 -7.52 1.74 22.0 2.14 45.407747 11.899225 1 0
6.05 -7.73 1.86 22.0 2.14 45.407747 11.899225 1 0
6.14 -7.72 1.81 22.79 2.14 45.407747 11.899225 1 0
6.14 -7.68 1.64 22.74 2.14 45.407747 11.899225 1 0
5.98 -7.85 1.57 23.22 2.14 45.407747 11.899225 1 0
5.8 -7.99 1.6 22.36 2.14 45.407747 11.899225 1 0
5.73 -7.9 1.67 22.36 2.14 45.407747 11.899225 1 0
5.78 -7.85 1.8 24.97 2.14 45.407747 11.899225 1 0
5.93 -7.92 1.85 23.55 2.14 45.407747 11.899225 1 0
6.09 -7.81 1.74 21.87 2.44 45.407753 11.899257 0 0
6.12 -7.59 1.72 22.4 2.44 45.407753 11.899257 1 0
6.04 -7.54 1.91 21.93 2.44 45.407753 11.899257 0 0
6.08 -7.61 2.03 21.45 2.44 45.407753 11.899257 1 0
6.19 -7.64 1.9 22.23 2.44 45.407753 11.899257 1 0
6.18 -7.66 1.78 21.87 2.44 45.407753 11.899257 1 0
