6.21 -7.5 1.8 22.05 3.35 45.407810 11.899535 1 0
6.14 -7.57 1.88 22.04 3.35 45.407810 11.899535 1 0
6.06 -7.69 1.96 21.95 3.35 45.407810 11.899535 1 0
6.12 -7.86 2.06 22.35 3.35 45.407810 11.899535 1 0
6.19 -7.89 2.19 21.52 3.35 45.407810 11.899535 1 0
6.2 -7.63 2.21 22.0 3.35 45.407810 11.899535 1 0
6.08 -7.46 2.13 22.09 3.35 45.407810 11.899535 1 0
5.84 -7.72 2.06 21.99 3.35 45.407810 11.899535 1 0
5.7 -8.09 2.02 22.4 3.35 45.407810 11.899535 1 0
5.8 -8.07 2.0 21.25 3.35 45.407810 11.899535 1 0
5.86 -7.79 2.09 21.75 2.87 45.407824 11.899570 0 0
5.81 -7.64 2.1 21.78 2.87 45.407824 11.899570 1 0
5.94 -7.69 1.84 21.56 2.87 45.407824 11.899570 0 0
6.18 -7.75 1.64 21.13 2.87 45.407824 11.899570 1 0
6.26 -7.69 1.84 21.64 2.87 45.407824 11.899570 1 0
6.26 -7.53 2.06 21.88 2.87 45.407824 11.899570 1 0
6.27 -7.45 1.97 21.97 2.87 45.407824 11.899570 1 0
6.15 -7.57 1.91 22.09 2.87 45.407824 11.899570 1 0
6.09 -7.67 1.98 22.09 2.87 45.407824 11.899570 1 0
6.19 -7.64 1.84 22.0 2.87 45.407824 11.899570 1 0
6.06 -7.78 1.55 21.63 2.87 45.407824 11.899570 1 0
5.69 -8.11 1.52 21.59 2.87 45.407824 11.899570 1 0
5.52 -8.24 1.66 21.9 2.87 45.407824 11.899570 1 0
5.61 -8.14 1.62 21.88 2.87 45.407824 11.899570 1 0
5.93 -7.98 1.53 21.83 2.87 45.407824 11.899570 1 0
6.52 -7.54 1.69 21.52 2.87 45.407824 11.899570 1 0
6.65 -7.11 1.95 21.78 2.87 45.407824 11.899570 1 0
6.06 -7.41 2.0 22.0 3.06 45.407837 11.899605 0 0
6.35 -7.79 1.89 22.09 3.06 45.407837 11.899605 1 0
7.85 -7.42 1.99 22.02 3.06 45.407837 11.899605 0 0
7.93 -7.45 2.28 23.0 3.06 45.407837 11.899605 1 0
5.72 -8.08 2.29 24.11 3.06 45.407837 11.899605 1 0
4.01 -7.31 2.01 24.37 3.06 45.407837 11.899605 1 0
4.05 -6.28 2.03 21.15 3.06 45.407837 11.899605 1 0
4.35 -8.72 2.22 18.32 3.06 45.407837 11.899605 1 0
