6.29 -7.93 1.97 22.35 2.43 45.408026 11.888463 1 0
6.18 -7.5 1.87 22.11 2.43 45.408026 11.888463 1 0
5.63 -7.5 2.0 23.0 2.43 45.408026 11.888463 1 0
5.31 -7.92 1.96 22.38 2.43 45.408026 11.888463 1 0
6.22 -8.08 1.99 22.05 2.43 45.408026 11.888463 1 0
5.59 -7.83 1.84 22.28 2.43 45.408026 11.888463 1 0
6.27 -8.49 1.67 23.12 2.43 45.408026 11.888463 1 0
5.85 -7.31 1.9 22.57 2.43 45.408026 11.888463 1 0
5.92 -6.86 1.95 22.47 2.43 45.408026 11.888463 1 0
6.23 -8.55 1.82 22.47 2.43 45.408026 11.888463 1 0
5.97 -7.92 1.72 22.04 2.43 45.408026 11.888463 1 0
6.17 -7.24 2.05 22.42 2.43 45.408026 11.888463 1 0
6.08 -7.51 1.44 21.95 2.43 45.408026 11.888463 1 0
6.0 -8.2 1.44 21.75 2.43 45.408026 11.888463 1 0
6.0 -7.76 1.75 21.85 3.01 45.408014 11.888429 0 0
5.84 -8.22 1.65 22.14 3.01 45.408014 11.888429 1 0
5.41 -7.55 1.52 22.93 3.01 45.408014 11.888429 0 0
6.08 -7.86 1.65 22.0 3.01 45.408014 11.888429 1 0
5.91 -7.85 1.97 21.9 3.01 45.408014 11.888429 1 0
6.14 -8.26 1.98 22.47 3.01 45.408014 11.888429 1 0
6.05 -7.72 2.18 22.35 3.01 45.408014 11.888429 1 0
5.94 -7.36 2.04 22.35 3.01 45.408014 11.888429 1 0
6.19 -7.82 1.82 22.11 3.01 45.408014 11.888429 1 0
5.9 -7.97 1.98 22.0 3.01 45.408014 11.888429 1 0
6.14 -7.54 1.68 22.11 3.01 45.408014 11.888429 1 0
5.91 -7.98 2.18 22.0 3.01 45.408014 11.888429 1 0
5.96 -7.68 2.15 22.48 3.01 45.408014 11.888429 1 0
5.92 -8.04 1.88 22.07 3.01 45.408014 11.888429 1 0
5.65 -7.63 2.02 23.79 3.01 45.408014 11.888429 1 0
6.02 -8.22 1.56 22.11 3.01 45.408014 11.888429 1 0
5.81 -7.33 1.75 21.95 3.01 45.408014 11.888429 1 0
6.1 -8.04 1.63 22.93 3.03 45.408000 11.888394 0 0
5.92 -7.77 1.7 22.79 3.03 45.408000 11.888394 1 0
6.01 -7.49 1.89 22.76 3.03 45.408000 11.888394 1 0
6.03 -8.02 1.87 21.8 3.03 45.408000 11.888394 0 0
