5.61 -5.19 2.15 22.11 2.18 45.407981 11.888255 1 1
5.97 -6.48 2.08 21.39 2.18 45.407981 11.888255 1 1
7.1 -7.42 2.38 21.85 2.18 45.407981 11.888255 1 1
7.07 -6.44 0.91 21.64 2.18 45.407981 11.888255 1 1
6.84 -9.0 2.15 21.75 2.18 45.407981 11.888255 1 1
5.29 -8.26 1.33 22.16 2.18 45.407981 11.888255 1 1
5.01 -7.16 1.6 22.31 2.18 45.407981 11.888255 1 1
5.32 -7.5 2.08 22.16 2.18 45.407981 11.888255 1 1
5.81 -8.45 1.7 21.95 2.18 45.407981 11.888255 1 1
5.87 -8.65 2.03 21.56 2.18 45.407981 11.888255 1 1
5.85 -7.78 1.99 21.75 2.18 45.407981 11.888255 1 1
6.19 -7.23 1.91 22.21 2.18 45.407981 11.888255 1 1
6.12 -7.27 2.37 22.11 2.18 45.407981 11.888255 1 1
6.38 -7.59 2.01 21.45 2.18 45.407981 11.888255 1 1
6.24 -8.04 1.74 21.95 2.46 45.407969 11.888225 0 1
6.03 -7.71 1.68 22.05 2.46 45.407969 11.888225 1 1
5.92 -7.58 1.88 21.59 2.46 45.407969 11.888225 0 1
5.93 -8.04 2.11 21.45 2.46 45.407969 11.888225 1 1
5.79 -8.05 1.92 21.95 2.46 45.407969 11.888225 1 1
5.75 -8.07 1.25 22.45 2.46 45.407969 11.888225 1 1
5.88 -7.78 1.47 22.0 2.46 45.407969 11.888225 1 1
5.96 -8.06 1.51 22.0 2.46 45.407969 11.888225 1 1
6.07 -7.51 2.06 21.64 2.46 45.407969 11.888225 1 1
6.43 -7.75 1.62 22.11 2.46 45.407969 11.888225 1 1
6.27 -7.4 1.64 22.02 2.46 45.407969 11.888225 1 1
6.36 -7.48 1.78 21.97 2.46 45.407969 11.888225 1 1
6.17 -7.67 1.73 21.95 2.46 45.407969 11.888225 1 1
5.94 -7.77 2.12 21.9 2.46 45.407969 11.888225 1 1
6.15 -7.71 1.47 21.85 2.46 45.407969 11.888225 1 1
5.77 -8.03 1.7 21.83 2.46 45.407969 11.888225 1 1
5.75 -7.92 1.78 21.44 2.46 45.407969 11.888225 1 1
5.73 -8.1 1.78 22.0 2.46 45.407969 11.888225 1 1
5.79 -7.59 1.53 22.04 3.27 45.407950 11.888194 0 1
5.98 -7.88 1.85 22.0 3.27 45.407950 11.888194 1 1
5.96 -7.4 2.11 22.04 3.27 45.407950 11.888194 0 1
