6.56 -7.58 2.35 21.23 0.78 45.395926 11.875928 0
5.69 -8.24 2.72 21.27 1.5 45.395927 11.875935 1
6.55 -7.87 2.14 20.85 1.5 45.395927 11.875935 0
5.96 -7.6 1.73 21.63 1.5 45.395927 11.875935 1
6.1 -7.63 2.01 21.8 1.5 45.395927 11.875935 0
6.44 -7.2 2.06 21.52 1.5 45.395927 11.875935 0
6.02 -7.42 1.84 21.69 1.5 45.395927 11.875935 0
6.04 -7.27 2.37 21.73 1.5 45.395927 11.875935 0
6.04 -7.66 1.83 21.71 1.5 45.395927 11.875935 0
5.63 -8.03 1.25 21.54 1.5 45.395927 11.875935 0
5.55 -8.36 1.5 21.85 1.5 45.395927 11.875935 0
6.5 -7.65 1.75 21.44 1.5 45.395927 11.875935 0
7.17 -7.25 2.12 21.95 1.5 45.395927 11.875935 0
6.91 -6.9 1.73 21.64 1.5 45.395927 11.875935 0
6.47 -7.21 1.87 21.64 1.5 45.395927 11.875935 0
6.73 -7.12 2.09 21.95 1.5 45.395927 11.875935 0
6.8 -7.02 2.23 21.51 1.5 45.395927 11.875935 0
6.84 -7.41 1.83 21.28 1.5 45.395927 11.875935 0
6.49 -7.53 1.69 21.83 1.92 45.395938 11.875945 1
6.72 -7.09 2.09 21.9 1.92 45.395938 11.875945 0
6.55 -7.1 2.45 21.42 1.92 45.395938 11.875945 1
6.43 -7.65 1.08 21.47 1.92 45.395938 11.875945 0
6.38 -7.55 0.5 21.47 1.92 45.395938 11.875945 0
6.7 -7.55 0.94 21.49 1.92 45.395938 11.875945 0
6.41 -7.01 2.02 21.42 1.92 45.395938 11.875945 0
6.23 -7.62 1.56 21.42 1.92 45.395938 11.875945 0
5.36 -8.69 2.19 21.69 1.92 45.395938 11.875945 0
4.7 -7.67 3.06 21.8 1.92 45.395938 11.875945 0
4.71 -6.77 0.7 21.85 1.92 45.395938 11.875945 0
3.42 -6.86 1.05 20.39 1.92 45.395938 11.875945 0
9.23 -11.71 3.77 19.52 1.92 45.395938 11.875945 0
10.83 -5.52 2.83 20.87 1.92 45.395938 11.875945 0
9.71 -6.48 0.73 27.01 1.92 45.395938 11.875945 0
5.0 -6.39 1.9 25.54 1.92 45.395938 11.875945 0
2.03 0.69 1.57 25.02 1.92 45.395938 11.875945 0
