3.81 -4.51 -0.13 25.48 1.92 45.395938 11.875945 0
5.4 -11.26 4.06 22.47 2.44 45.395944 11.875973 1
5.78 -14.97 1.64 23.02 2.44 45.395944 11.875973 0
3.91 -4.92 1.47 789.59 2.44 45.395944 11.875973 1
2.92 -9.85 -0.76 23.56 2.44 45.395944 11.875973 0
8.65 -12.06 6.4 22.59 2.44 45.395944 11.875973 0
6.03 -6.71 -0.46 22.38 2.44 45.395944 11.875973 0
6.55 -8.27 3.71 24.63 2.44 45.395944 11.875973 0
5.3 -9.05 1.11 24.15 2.44 45.395944 11.875973 0
3.38 -4.38 4.52 23.29 2.44 45.395944 11.875973 0
5.33 -6.66 1.81 25.59 2.44 45.395944 11.875973 0
7.85 -9.72 0.68 25.18 2.44 45.395944 11.875973 0
2.75 -6.31 -0.62 24.82 2.44 45.395944 11.875973 0
3.48 -6.27 5.0 22.79 2.44 45.395944 11.875973 0
7.19 -11.1 3.67 22.69 2.44 45.395944 11.875973 0
5.97 -9.2 2.04 25.02 2.44 45.395944 11.875973 0
7.17 -11.77 3.03 307.91 2.19 45.395957 11.875993 1
8.84 -9.9 1.0 22.09 2.19 45.395957 11.875993 1
6.13 -7.48 2.85 23.36 2.19 45.395957 11.875993 0
6.09 -8.34 1.69 28.25 2.19 45.395957 11.875993 0
5.45 -6.21 1.56 25.31 2.19 45.395957 11.875993 0
4.01 -9.6 0.9 24.59 2.19 45.395957 11.875993 0
5.84 -9.22 1.18 23.36 2.19 45.395957 11.875993 0
5.95 -8.35 1.84 26.02 2.19 45.395957 11.875993 0
5.19 -6.91 -1.96 23.31 2.19 45.395957 11.875993 0
6.6 -9.84 2.59 26.51 2.19 45.395957 11.875993 0
7.57 -6.13 0.69 23.05 2.19 45.395957 11.875993 0
5.07 -8.37 2.02 23.38 2.19 45.395957 11.875993 0
7.11 -6.72 -0.01 24.59 2.19 45.395957 11.875993 0
7.86 -7.16 1.4 23.65 2.19 45.395957 11.875993 0
4.71 -8.71 2.28 22.91 3.22 45.395985 11.876004 1
5.78 -8.09 -2.18 22.09 3.22 45.395985 11.876004 0
5.74 -8.77 3.91 23.75 3.22 45.395985 11.876004 1
4.37 -6.29 3.08 24.34 3.22 45.395985 11.876004 0
6.71 -8.47 0.89 23.63 3.22 45.395985 11.876004 0
