6.22 -7.65 1.94 21.52 1.41 45.407723 11.899084 0 0
6.29 -7.45 2.04 21.95 1.41 45.407723 11.899084 1 0
6.29 -7.31 2.32 21.95 1.41 45.407723 11.899084 1 0
6.22 -7.39 2.4 21.95 1.41 45.407723 11.899084 1 0
6.13 -7.65 2.15 21.85 1.41 45.407723 11.899084 1 0
5.97 -7.88 2.04 22.14 1.41 45.407723 11.899084 0 0
5.67 -8.02 2.18 21.33 1.41 45.407723 11.899084 1 0
5.39 -8.09 2.2 22.31 1.41 45.407723 11.899084 0 0
5.45 -8.03 2.01 21.85 1.41 45.407723 11.899084 1 0
5.79 -7.88 1.8 21.9 1.41 45.407723 11.899084 1 0
6.01 -7.77 1.74 22.6 1.41 45.407723 11.899084 1 0
6.03 -7.68 1.88 22.19 1.41 45.407723 11.899084 1 0
6.11 -7.55 2.02 21.35 1.41 45.407723 11.899084 1 0
6.21 -7.5 1.92 22.16 1.41 45.407723 11.899084 1 0
6.16 -7.6 1.76 22.76 1.41 45.407723 11.899084 1 0
6.13 -7.69 1.9 21.9 1.41 45.407723 11.899084 1 0
6.23 -7.63 2.01 22.42 1.41 45.407723 11.899084 1 0
6.26 -7.58 1.68 22.84 1.41 45.407723 11.899084 1 0
6.14 -7.64 1.36 21.95 1.41 45.407723 11.899084 1 0
6.09 -7.72 1.53 21.9 1.41 45.407723 11.899084 1 0
6.1 -7.77 1.81 21.92 1.41 45.407723 11.899084 1 0
5.94 -7.85 1.77 22.21 1.41 45.407723 11.899084 1 0
5.73 -7.93 1.63 21.76 1.41 45.407723 11.899084 1 0
5.75 -7.92 1.68 21.66 2.58 45.407728 11.899114 0 0
5.9 -7.84 1.8 22.11 2.58 45.407728 11.899114 1 0
5.94 -7.8 1.87 22.21 2.58 45.407728 11.899114 0 0
6.01 -7.78 1.93 22.17 2.58 45.407728 11.899114 1 0
6.22 -7.73 2.02 22.19 2.58 45.407728 11.899114 1 0
6.41 -7.61 2.1 22.14 2.58 45.407728 11.899114 1 0
6.5 -7.45 2.13 22.19 2.58 45.407728 11.899114 1 0
6.52 -7.34 2.11 21.8 2.58 45.407728 11.899114 1 0
6.41 -7.38 2.15 22.47 2.58 45.407728 11.899114 1 0
6.2 -7.53 2.26 22.47 2.58 45.407728 11.899114 1 0
6.07 -7.67 2.36 22.52 2.58 45.407728 11.899114 1 0
5.97 -7.86 2.39 22.43 2.58 45.407728 11.899114 1 0
