6.32 -5.95 1.72 21.85 2.69 45.406375 11.895523 1 0
7.48 -11.02 1.85 21.42 2.69 45.406375 11.895523 1 0
6.48 -8.82 1.95 22.24 2.69 45.406375 11.895523 1 0
5.06 -7.71 1.83 22.5 2.69 45.406375 11.895523 1 0
5.14 -7.09 1.32 22.11 2.69 45.406375 11.895523 1 0
5.8 -7.47 1.79 21.9 2.69 45.406375 11.895523 1 0
6.03 -8.2 1.65 21.81 2.69 45.406375 11.895523 1 0
5.69 -8.48 1.72 22.0 2.69 45.406375 11.895523 1 0
5.04 -8.36 1.81 22.11 2.69 45.406375 11.895523 1 0
5.33 -7.47 2.06 22.95 2.69 45.406375 11.895523 1 0
5.72 -7.97 2.06 22.16 2.69 45.406375 11.895523 1 0
5.61 -8.28 1.73 22.67 2.69 45.406375 11.895523 1 0
5.62 -8.22 1.58 21.81 2.56 45.406379 11.895556 0 0
5.43 -8.21 1.41 23.56 2.56 45.406379 11.895556 1 0
5.81 -7.89 1.39 21.93 2.56 45.406379 11.895556 0 0
5.69 -8.17 1.39 22.36 2.56 45.406379 11.895556 1 0
5.49 -8.14 1.9 21.93 2.56 45.406379 11.895556 1 0
5.78 -7.99 1.48 21.87 2.56 45.406379 11.895556 1 0
5.73 -8.01 1.47 23.17 2.56 45.406379 11.895556 1 0
5.66 -7.94 2.01 22.0 2.56 45.406379 11.895556 1 0
5.51 -8.24 1.76 22.04 2.56 45.406379 11.895556 1 0
5.95 -7.81 1.79 22.16 2.56 45.406379 11.895556 1 0
5.68 -7.89 1.85 22.62 2.56 45.406379 11.895556 1 0
5.77 -7.83 1.75 22.21 2.56 45.406379 11.895556 1 0
5.71 -7.81 1.84 22.91 2.56 45.406379 11.895556 1 0
6.02 -8.09 1.68 21.54 2.56 45.406379 11.895556 1 0
5.9 -8.21 1.68 21.92 2.56 45.406379 11.895556 1 0
5.71 -8.17 1.82 22.45 2.56 45.406379 11.895556 1 0
5.62 -7.79 1.51 21.99 2.56 45.406379 11.895556 1 0
5.68 -7.98 1.77 21.88 2.86 45.406377 11.895592 0 0
5.75 -7.88 1.82 22.0 2.86 45.406377 11.895592 1 0
5.7 -8.11 1.87 21.88 2.86 45.406377 11.895592 0 0
5.51 -7.73 1.73 21.88 2.86 45.406377 11.895592 1 0
6.08 -7.92 1.75 22.69 2.86 45.406377 11.895592 1 0
5.94 -8.11 1.56 22.78 2.86 45.406377 11.895592 1 0
