5.99 -7.67 1.76 22.05 3.04 45.406375 11.895150 1 0
6.0 -7.83 1.9 21.95 3.04 45.406375 11.895150 1 0
5.88 -7.74 1.51 22.96 3.04 45.406375 11.895150 1 0
5.37 -8.1 1.89 21.95 3.04 45.406375 11.895150 1 0
5.98 -8.02 1.75 22.71 3.04 45.406375 11.895150 1 0
5.83 -7.77 1.88 21.97 3.04 45.406375 11.895150 1 0
5.88 -7.98 1.57 22.5 3.04 45.406375 11.895150 1 0
5.7 -7.77 1.57 22.19 3.04 45.406375 11.895150 1 0
5.62 -7.84 1.87 22.16 3.04 45.406375 11.895150 1 0
5.66 -7.63 1.6 22.52 3.04 45.406375 11.895150 1 0
5.94 -8.26 2.12 21.93 3.04 45.406375 11.895150 1 0
5.94 -7.62 1.79 21.95 3.04 45.406375 11.895150 1 0
6.0 -8.1 1.69 22.4 2.8 45.406374 11.895184 0 0
5.9 -7.91 1.6 22.0 2.8 45.406374 11.895184 1 0
5.64 -8.05 1.77 22.48 2.8 45.406374 11.895184 0 0
5.89 -7.85 1.76 24.13 2.8 45.406374 11.895184 1 0
5.74 -8.1 1.91 21.47 2.8 45.406374 11.895184 1 0
5.93 -8.15 1.82 22.26 2.8 45.406374 11.895184 1 0
5.89 -8.05 1.9 21.85 2.8 45.406374 11.895184 1 0
5.77 -7.95 1.61 22.43 2.8 45.406374 11.895184 1 0
5.84 -7.67 1.81 22.07 2.8 45.406374 11.895184 1 0
5.62 -7.81 1.93 22.9 2.8 45.406374 11.895184 1 0
6.01 -7.87 1.91 22.47 2.8 45.406374 11.895184 1 0
5.88 -7.89 1.94 21.9 2.8 45.406374 11.895184 1 0
5.81 -8.07 1.79 22.79 2.8 45.406374 11.895184 1 0
5.85 -8.15 1.79 22.47 2.8 45.406374 11.895184 1 0
5.68 -7.69 1.67 22.09 2.8 45.406374 11.895184 1 0
5.7 -7.55 1.88 22.09 2.8 45.406374 11.895184 1 0
5.23 -7.9 1.88 22.07 2.8 45.406374 11.895184 1 0
6.25 -7.9 1.93 21.64 2.73 45.406376 11.895216 0 0
6.01 -8.34 1.81 21.64 2.73 45.406376 11.895216 1 0
6.19 -7.98 1.81 22.54 2.73 45.406376 11.895216 0 0
5.66 -7.5 1.77 22.48 2.73 45.406376 11.895216 1 0
5.46 -7.46 1.72 23.31 2.73 45.406376 11.895216 1 0
5.92 -7.36 1.85 21.99 2.73 45.406376 11.895216 1 0
