5.84 -7.97 1.58 23.38 3.21 45.868353 12.306980 0
6.01 -7.79 1.97 23.77 3.21 45.868353 12.306980 0
6.01 -7.63 1.86 22.83 3.21 45.868353 12.306980 0
5.8 -7.96 1.77 23.17 3.21 45.868353 12.306980 0
5.77 -7.89 1.98 22.72 3.21 45.868353 12.306980 0
6.15 -7.79 2.0 22.23 3.21 45.868353 12.306980 0
6.04 -7.73 1.99 23.22 3.21 45.868353 12.306980 0
5.72 -8.1 1.9 23.32 3.21 45.868353 12.306980 0
5.62 -7.45 1.76 22.52 3.21 45.868353 12.306980 0
5.81 -7.56 2.1 22.24 3.33 45.868325 12.306992 1
5.55 -8.1 2.24 22.57 3.33 45.868325 12.306992 0
6.18 -8.39 2.01 23.17 3.33 45.868325 12.306992 1
5.93 -7.84 2.06 22.72 3.33 45.868325 12.306992 0
6.03 -8.1 2.05 22.79 3.33 45.868325 12.306992 0
5.8 -7.81 1.83 22.72 3.33 45.868325 12.306992 0
6.06 -7.77 1.5 22.67 3.33 45.868325 12.306992 0
5.95 -7.65 1.46 22.78 3.33 45.868325 12.306992 0
6.22 -8.12 1.31 22.67 3.33 45.868325 12.306992 0
6.04 -7.67 1.93 23.1 3.33 45.868325 12.306992 0
6.0 -8.34 1.88 22.79 3.33 45.868325 12.306992 0
5.75 -8.0 1.55 23.48 3.33 45.868325 12.306992 0
5.59 -8.0 1.55 23.08 3.33 45.868325 12.306992 0
5.8 -7.69 1.7 23.43 3.33 45.868325 12.306992 0
6.03 -8.17 1.71 23.2 3.33 45.868325 12.306992 0
6.06 -7.82 2.09 22.66 3.33 45.868325 12.306992 0
6.15 -8.43 1.88 22.55 3.33 45.868325 12.306992 0
5.76 -7.25 1.91 22.83 3.34 45.868295 12.307002 1
6.18 -7.65 1.73 22.48 3.34 45.868295 12.307002 0
6.4 -7.71 1.75 22.91 3.34 45.868295 12.307002 1
5.81 -7.49 1.94 22.83 3.34 45.868295 12.307002 0
5.68 -7.42 1.72 22.79 3.34 45.868295 12.307002 0
5.48 -7.97 2.22 22.16 3.34 45.868295 12.307002 0
5.98 -7.94 2.01 22.4 3.34 45.868295 12.307002 0
5.86 -8.49 1.87 22.88 3.34 45.868295 12.307002 0
6.05 -7.53 1.98 23.14 3.34 45.868295 12.307002 0
