5.44 -7.49 2.29 23.14 3.34 45.868295 12.307002 0
5.72 -7.82 2.08 22.72 3.34 45.868295 12.307002 0
6.04 -8.64 2.06 22.96 3.34 45.868295 12.307002 0
6.02 -8.39 2.02 23.03 3.34 45.868295 12.307002 0
5.2 -6.81 2.31 23.44 3.34 45.868295 12.307002 0
4.23 -7.25 1.78 21.61 3.34 45.868295 12.307002 0
6.11 -6.36 1.78 44.49 3.34 45.868295 12.307002 0
7.0 -7.6 0.93 22.23 3.31 45.868265 12.307007 1
6.05 -7.11 1.75 28.06 3.31 45.868265 12.307007 0
5.44 -5.77 1.1 25.71 3.31 45.868265 12.307007 1
4.88 -2.79 1.58 23.02 3.31 45.868265 12.307007 0
5.42 -9.02 1.39 23.89 3.31 45.868265 12.307007 0
6.26 -10.24 1.51 24.25 3.31 45.868265 12.307007 0
4.37 -11.09 2.4 22.24 3.31 45.868265 12.307007 0
5.95 -3.65 1.91 23.08 3.31 45.868265 12.307007 0
5.33 -8.73 2.85 24.13 3.31 45.868265 12.307007 0
5.06 -7.2 1.7 24.71 3.31 45.868265 12.307007 0
5.46 -6.71 1.93 24.04 3.31 45.868265 12.307007 0
9.05 -12.37 1.43 22.26 3.31 45.868265 12.307007 0
5.34 -9.8 0.13 23.86 3.31 45.868265 12.307007 0
5.17 -6.87 0.24 24.75 3.31 45.868265 12.307007 0
5.73 -4.88 2.31 24.59 3.31 45.868265 12.307007 0
5.93 -8.07 2.62 23.39 3.31 45.868265 12.307007 0
6.64 -9.73 2.09 25.67 3.31 45.868265 12.307007 0
5.0 -7.35 0.48 22.79 3.49 45.868234 12.307015 1
6.1 -7.61 1.05 24.32 3.49 45.868234 12.307015 0
7.18 -6.92 1.88 23.63 3.49 45.868234 12.307015 1
6.98 -9.05 1.49 22.91 3.49 45.868234 12.307015 0
6.56 -10.31 2.69 22.17 3.49 45.868234 12.307015 0
5.93 -8.6 2.45 25.11 3.49 45.868234 12.307015 0
4.63 -6.83 3.53 26.48 3.49 45.868234 12.307015 0
5.21 -6.78 1.11 23.65 3.49 45.868234 12.307015 0
7.13 -8.77 3.24 23.55 3.49 45.868234 12.307015 0
4.6 -7.86 2.25 26.5 3.49 45.868234 12.307015 0
3.45 -8.23 2.69 23.24 3.49 45.868234 12.307015 0
