6.05 -7.64 2.02 23.31 3.52 45.868172 12.307032 0
5.26 -7.19 2.49 25.64 3.52 45.868172 12.307032 0
6.33 -8.96 1.91 26.84 3.52 45.868172 12.307032 0
7.48 -8.71 1.78 23.84 3.52 45.868172 12.307032 0
5.91 -7.0 2.53 23.39 3.42 45.868141 12.307040 1
5.69 -8.09 0.82 24.95 3.42 45.868141 12.307040 0
5.31 -7.06 1.9 23.29 3.42 45.868141 12.307040 1
6.37 -8.66 1.21 23.74 3.42 45.868141 12.307040 0
5.39 -9.97 1.48 25.6 3.42 45.868141 12.307040 0
6.14 -6.12 2.31 23.14 3.42 45.868141 12.307040 0
3.9 -5.47 1.31 23.12 3.42 45.868141 12.307040 0
6.03 -7.93 1.75 23.14 3.42 45.868141 12.307040 0
8.68 -7.19 0.6 22.35 3.42 45.868141 12.307040 0
6.87 -8.06 0.09 23.41 3.42 45.868141 12.307040 0
4.69 -6.73 2.49 23.19 3.42 45.868141 12.307040 0
3.7 -4.29 2.01 24.8 3.42 45.868141 12.307040 0
6.51 -8.9 1.93 22.11 3.42 45.868141 12.307040 0
5.82 -9.5 1.96 22.33 3.42 45.868141 12.307040 0
6.37 -11.28 1.16 23.8 3.42 45.868141 12.307040 0
3.59 -4.67 1.26 26.63 3.42 45.868141 12.307040 0
7.17 -6.77 2.24 23.44 3.42 45.868141 12.307040 0
4.98 -9.19 1.13 23.12 3.42 45.868141 12.307040 0
7.16 -6.7 0.57 24.4 3.37 45.868111 12.307048 1
5.26 -9.03 1.47 23.08 3.37 45.868111 12.307048 0
6.17 -6.29 1.28 23.63 3.37 45.868111 12.307048 1
5.62 -7.95 1.02 23.51 3.37 45.868111 12.307048 0
6.96 -9.73 3.01 23.24 3.37 45.868111 12.307048 0
5.95 -8.52 1.49 22.64 3.37 45.868111 12.307048 0
5.38 -7.43 2.79 23.17 3.37 45.868111 12.307048 0
5.21 -8.08 1.3 22.72 3.37 45.868111 12.307048 0
5.08 -8.14 2.06 23.08 3.37 45.868111 12.307048 0
5.78 -8.29 1.93 23.39 3.37 45.868111 12.307048 0
6.24 -8.72 1.59 22.83 3.37 45.868111 12.307048 0
5.86 -7.47 1.16 22.47 3.37 45.868111 12.307048 0
5.93 -7.24 1.52 26.43 3.37 45.868111 12.307048 0
