6.29 -7.69 2.49 21.33 2.79 45.408410 11.890105 0 0
6.48 -7.37 2.14 21.33 2.79 45.408410 11.890105 1 0
6.25 -7.69 2.25 21.85 2.79 45.408410 11.890105 1 0
5.78 -8.02 2.06 21.39 2.79 45.408410 11.890105 1 0
5.65 -7.88 1.92 21.95 2.79 45.408410 11.890105 1 0
5.53 -8.27 2.24 21.75 2.79 45.408410 11.890105 1 0
5.32 -8.09 1.81 22.21 2.79 45.408410 11.890105 1 0
5.77 -7.66 1.9 22.07 2.79 45.408410 11.890105 1 0
5.49 -7.64 2.32 21.87 2.79 45.408410 11.890105 1 0
6.08 -8.07 2.18 21.8 2.79 45.408410 11.890105 1 0
6.17 -7.98 2.39 21.51 2.79 45.408410 11.890105 1 0
6.04 -7.45 1.81 22.02 2.79 45.408410 11.890105 1 0
5.94 -7.58 1.61 21.83 2.79 45.408410 11.890105 1 0
6.12 -7.61 1.22 21.92 2.79 45.408410 11.890105 0 0
6.31 -7.9 1.22 21.95 2.79 45.408410 11.890105 1 0
6.33 -7.47 1.12 21.47 2.79 45.408410 11.890105 0 0
6.1 -7.72 1.35 21.9 2.79 45.408410 11.890105 1 0
5.75 -8.02 1.31 21.87 2.79 45.408410 11.890105 1 0
5.55 -8.03 1.36 21.85 2.79 45.408410 11.890105 1 0
5.84 -8.2 1.52 21.45 2.79 45.408410 11.890105 1 0
5.91 -7.92 1.76 21.9 2.79 45.408410 11.890105 1 0
6.06 -7.95 1.51 22.07 2.79 45.408410 11.890105 1 0
5.81 -7.68 1.78 21.66 2.79 45.408410 11.890105 1 0
5.99 -7.58 2.03 21.68 2.79 45.408410 11.890105 1 0
5.9 -7.5 2.03 22.05 2.79 45.408410 11.890105 1 0
6.21 -7.88 1.86 21.95 2.79 45.408410 11.890105 1 0
6.14 -7.82 1.99 21.56 2.79 45.408410 11.890105 1 0
6.12 -7.55 2.08 21.63 2.79 45.408410 11.890105 1 0
6.16 -7.66 2.28 22.16 2.79 45.408410 11.890105 1 0
5.88 -7.5 1.94 21.59 2.79 45.408410 11.890105 1 0
5.99 -7.69 1.86 21.9 2.47 45.408396 11.890078 0 0
5.78 -7.93 2.06 22.35 2.47 45.408396 11.890078 1 0
5.71 -8.3 1.76 22.31 2.47 45.408396 11.890078 0 0
5.91 -7.77 1.62 21.95 2.47 45.408396 11.890078 1 0
5.99 -7.77 1.3 21.95 2.47 45.408396 11.890078 1 0
