5.84 -7.76 1.64 22.0 2.06 45.408351 11.889870 1 0
5.56 -7.91 1.83 22.47 2.06 45.408351 11.889870 1 0
5.69 -7.88 1.9 22.38 2.06 45.408351 11.889870 1 0
5.74 -8.07 1.94 22.33 2.06 45.408351 11.889870 1 0
5.91 -7.85 2.11 22.12 2.06 45.408351 11.889870 1 0
5.88 -7.83 1.87 22.55 2.06 45.408351 11.889870 1 0
5.88 -7.64 1.93 21.63 2.06 45.408351 11.889870 1 0
5.89 -7.77 2.05 22.57 2.06 45.408351 11.889870 1 0
6.14 -7.99 1.69 22.16 2.06 45.408351 11.889870 1 0
5.86 -7.73 1.87 22.05 2.06 45.408351 11.889870 1 0
6.21 -7.53 1.55 22.02 2.06 45.408351 11.889870 1 0
6.24 -8.07 1.82 22.6 2.06 45.408351 11.889870 1 0
5.84 -7.96 1.56 22.14 2.06 45.408351 11.889870 1 0
5.59 -7.59 1.55 22.45 0.77 45.408351 11.889852 0 0
5.64 -7.73 1.38 22.26 0.77 45.408351 11.889852 1 0
6.14 -8.09 1.86 23.12 0.77 45.408351 11.889852 0 0
5.86 -8.32 1.5 21.88 0.77 45.408351 11.889852 1 0
5.82 -7.57 1.84 22.0 0.77 45.408351 11.889852 1 0
5.97 -7.54 1.93 22.0 0.77 45.408351 11.889852 1 0
5.8 -7.76 1.78 22.0 0.77 45.408351 11.889852 1 0
6.16 -7.71 1.72 21.95 0.77 45.408351 11.889852 1 0
6.15 -7.68 1.8 22.12 0.77 45.408351 11.889852 1 0
6.24 -7.8 1.78 22.48 0.77 45.408351 11.889852 1 0
5.91 -8.16 1.84 22.07 0.77 45.408351 11.889852 1 0
5.75 -7.93 2.22 22.11 0.77 45.408351 11.889852 1 0
5.61 -8.14 1.85 22.21 0.77 45.408351 11.889852 1 0
6.06 -7.93 1.84 23.17 0.77 45.408351 11.889852 1 0
5.4 -7.93 1.82 22.24 0.77 45.408351 11.889852 1 0
6.02 -7.86 1.93 22.12 0.77 45.408351 11.889852 1 0
5.89 -8.23 1.65 21.95 0.77 45.408351 11.889852 1 0
6.03 -7.64 1.93 21.9 0.77 45.408351 11.889852 1 0
6.03 -7.92 1.93 22.0 2.37 45.408338 11.889816 0 0
5.99 -7.56 1.86 21.97 2.37 45.408338 11.889816 1 0
5.96 -7.83 2.12 21.93 2.37 45.408338 11.889816 0 0
5.98 -8.04 2.21 22.04 2.37 45.408338 11.889816 1 0
