5.66 -7.67 1.76 21.89 3.18 45.408267 11.889581 1 0
5.65 -7.66 1.76 21.88 3.18 45.408267 11.889581 1 0
5.65 -7.68 1.76 21.88 3.18 45.408267 11.889581 1 0
5.65 -7.66 1.77 21.88 3.18 45.408267 11.889581 1 0
5.66 -7.68 1.75 21.88 3.18 45.408267 11.889581 1 0
5.65 -7.67 1.76 21.88 3.18 45.408267 11.889581 1 0
5.65 -7.66 1.75 21.88 3.18 45.408267 11.889581 1 0
5.66 -7.66 1.76 21.87 3.18 45.408267 11.889581 1 0
5.66 -7.67 1.77 21.88 3.18 45.408267 11.889581 1 0
5.64 -7.66 1.75 21.89 3.18 45.408267 11.889581 1 0
5.66 -7.67 1.77 21.89 3.18 45.408267 11.889581 1 0
5.64 -7.68 1.77 21.87 3.18 45.408267 11.889581 1 0
5.64 -7.66 1.76 21.88 3.18 45.408267 11.889581 1 0
5.66 -7.67 1.75 21.88 3.18 45.408267 11.889581 1 0
5.66 -7.67 1.75 21.87 3.18 45.408267 11.889581 1 0
5.65 -7.67 1.76 21.87 3.18 45.408267 11.889581 1 0
5.66 -7.67 1.76 21.88 3.18 45.408267 11.889581 1 0
5.66 -7.66 1.75 21.88 3.18 45.408267 11.889581 1 0
5.65 -7.66 1.76 21.87 3.18 45.408267 11.889581 1 0
5.65 -7.67 1.77 21.88 3.18 45.408267 11.889581 1 0
5.65 -7.68 1.77 21.87 3.18 45.408267 11.889581 1 0
5.64 -7.67 1.76 21.88 3.18 45.408267 11.889581 1 0
5.66 -7.66 1.77 21.88 3.18 45.408267 11.889581 1 0
5.65 -7.66 1.76 21.89 3.18 45.408267 11.889581 1 0
5.64 -7.67 1.76 21.88 3.18 45.408267 11.889581 1 0
5.65 -7.67 1.76 21.89 3.18 45.408267 11.889581 1 0
5.65 -7.68 1.77 21.88 3.18 45.408267 11.889581 1 0
5.65 -7.66 1.76 21.88 3.18 45.408267 11.889581 1 0
5.65 -7.67 1.75 21.88 3.18 45.408267 11.889581 1 0
5.66 -7.67 1.76 21.88 3.18 45.408267 11.889581 1 0
5.64 -7.67 1.76 21.87 3.18 45.408267 11.889581 1 0
5.66 -7.68 1.75 21.88 3.18 45.408267 11.889581 1 0
5.65 -7.66 1.77 21.88 3.18 45.408267 11.889581 1 0
5.66 -7.67 1.75 21.87 3.18 45.408267 11.889581 1 0
5.65 -7.66 1.76 21.88 3.18 45.408267 11.889581 1 0
