5.95 -7.58 1.83 21.83 2.94 45.407769 11.899328 1 0
6.17 -7.96 1.62 21.75 2.94 45.407769 11.899328 1 0
5.82 -7.71 1.8 21.9 2.94 45.407769 11.899328 1 0
6.1 -7.78 1.89 22.36 2.94 45.407769 11.899328 1 0
6.3 -7.68 1.73 22.0 2.94 45.407769 11.899328 1 0
5.73 -7.92 1.53 22.02 2.94 45.407769 11.899328 1 0
5.71 -7.94 1.62 22.47 2.94 45.407769 11.899328 1 0
5.76 -7.72 2.02 22.0 2.94 45.407769 11.899328 1 0
6.0 -8.07 1.99 22.36 2.94 45.407769 11.899328 1 0
5.99 -7.59 2.13 21.92 2.94 45.407769 11.899328 1 0
5.88 -7.88 2.21 21.9 2.94 45.407769 11.899328 1 0
6.02 -7.93 2.24 21.8 2.94 45.407769 11.899328 1 0
6.07 -7.88 1.97 22.21 2.51 45.407776 11.899362 0 0
6.13 -7.61 2.26 21.81 2.51 45.407776 11.899362 1 0
6.07 -7.77 2.13 21.95 2.51 45.407776 11.899362 0 0
5.99 -7.29 2.06 22.42 2.51 45.407776 11.899362 1 0
6.09 -7.7 1.98 21.87 2.51 45.407776 11.899362 1 0
6.15 -8.34 2.04 22.28 2.51 45.407776 11.899362 1 0
5.56 -8.12 2.28 23.1 2.51 45.407776 11.899362 1 0
5.83 -7.89 1.96 22.0 2.51 45.407776 11.899362 1 0
5.61 -8.03 1.94 22.05 2.51 45.407776 11.899362 1 0
5.94 -7.99 1.85 22.02 2.51 45.407776 11.899362 1 0
5.77 -7.72 1.61 22.05 2.51 45.407776 11.899362 1 0
6.52 -7.55 1.3 22.86 2.51 45.407776 11.899362 1 0
6.15 -7.89 1.5 23.17 2.51 45.407776 11.899362 1 0
6.11 -7.6 1.72 21.85 2.51 45.407776 11.899362 1 0
6.04 -7.72 1.63 21.66 2.51 45.407776 11.899362 1 0
6.04 -7.52 1.84 21.75 2.51 45.407776 11.899362 1 0
6.39 -8.4 1.93 21.64 2.51 45.407776 11.899362 1 0
5.82 -7.77 1.7 21.69 2.68 45.407783 11.899400 0 0
5.72 -7.69 1.66 22.19 2.68 45.407783 11.899400 1 0
5.35 -8.21 1.88 22.62 2.68 45.407783 11.899400 1 0
5.6 -7.98 2.03 22.23 2.68 45.407783 11.899400 0 0
6.49 -7.67 1.77 21.75 2.68 45.407783 11.899400 1 0
5.69 -7.7 1.97 22.66 2.68 45.407783 11.899400 1 0
