6.18 -7.98 1.8 21.71 2.44 45.407753 11.899257 1 0
5.91 -7.55 2.18 21.93 2.44 45.407753 11.899257 1 0
5.92 -7.98 2.23 22.0 2.44 45.407753 11.899257 1 0
5.6 -7.96 2.36 22.43 2.44 45.407753 11.899257 1 0
5.52 -8.14 2.1 23.31 2.44 45.407753 11.899257 1 0
5.7 -7.54 1.98 22.42 2.44 45.407753 11.899257 1 0
5.93 -8.32 2.01 21.95 2.44 45.407753 11.899257 1 0
5.91 -7.62 1.98 21.97 2.44 45.407753 11.899257 1 0
6.35 -7.7 1.4 21.92 2.44 45.407753 11.899257 1 0
6.17 -7.65 1.52 22.84 2.44 45.407753 11.899257 1 0
5.96 -7.66 1.74 22.0 2.44 45.407753 11.899257 1 0
6.18 -7.53 1.49 21.9 2.44 45.407753 11.899257 1 0
6.26 -7.58 1.61 21.78 2.6 45.407759 11.899291 0 0
6.23 -7.88 1.74 21.33 2.6 45.407759 11.899291 1 0
6.05 -7.86 1.69 21.76 2.6 45.407759 11.899291 0 0
5.74 -7.98 1.77 22.26 2.6 45.407759 11.899291 1 0
5.53 -7.88 1.77 21.85 2.6 45.407759 11.899291 1 0
5.61 -8.16 2.0 21.73 2.6 45.407759 11.899291 1 0
5.82 -7.64 1.98 21.85 2.6 45.407759 11.899291 1 0
6.36 -8.05 1.75 21.95 2.6 45.407759 11.899291 1 0
6.18 -7.6 1.81 22.0 2.6 45.407759 11.899291 1 0
5.88 -7.85 2.03 22.05 2.6 45.407759 11.899291 1 0
6.01 -7.51 1.89 21.97 2.6 45.407759 11.899291 1 0
6.2 -7.54 1.89 21.92 2.6 45.407759 11.899291 1 0
6.11 -7.64 2.13 22.47 2.6 45.407759 11.899291 1 0
6.02 -7.78 2.21 22.0 2.6 45.407759 11.899291 1 0
6.08 -7.7 1.81 22.47 2.6 45.407759 11.899291 1 0
5.77 -7.87 1.9 22.38 2.6 45.407759 11.899291 1 0
5.67 -8.08 1.87 21.83 2.6 45.407759 11.899291 1 0
5.39 -7.95 1.85 22.16 2.94 45.407769 11.899328 0 0
5.87 -7.86 1.67 21.85 2.94 45.407769 11.899328 1 0
5.76 -7.86 1.75 21.85 2.94 45.407769 11.899328 0 0
6.1 -7.99 1.76 22.29 2.94 45.407769 11.899328 1 0
6.17 -7.71 1.58 21.9 2.94 45.407769 11.899328 1 0
6.08 -7.49 1.61 22.29 2.94 45.407769 11.899328 1 0
