5.8 -7.99 1.29 22.05 2.3 45.407739 11.899201 1 0
5.46 -7.55 1.33 21.93 2.3 45.407739 11.899201 1 0
6.17 -8.03 1.28 22.42 2.3 45.407739 11.899201 1 0
6.13 -7.94 1.62 22.33 2.3 45.407739 11.899201 1 0
6.19 -7.86 1.85 22.02 2.3 45.407739 11.899201 1 0
5.61 -7.07 2.24 22.05 2.3 45.407739 11.899201 1 0
6.17 -7.81 1.83 21.95 2.3 45.407739 11.899201 1 0
6.02 -7.53 1.75 21.87 2.3 45.407739 11.899201 1 0
6.23 -7.82 1.94 21.95 2.3 45.407739 11.899201 1 0
6.01 -7.93 2.16 22.0 2.3 45.407739 11.899201 1 0
5.86 -7.46 2.02 22.47 2.3 45.407739 11.899201 1 0
6.35 -7.54 1.92 21.71 2.3 45.407739 11.899201 1 0
5.69 -8.0 2.09 21.85 2.14 45.407747 11.899225 0 0
5.77 -7.91 2.29 22.29 2.14 45.407747 11.899225 1 0
5.54 -7.94 1.72 22.21 2.14 45.407747 11.899225 0 0
5.89 -7.85 1.83 22.62 2.14 45.407747 11.899225 1 0
5.59 -7.57 1.74 21.85 2.14 45.407747 11.899225 1 0
6.09 -8.13 1.96 23.0 2.14 45.407747 11.899225 1 0
5.97 -7.6 1.8 22.96 2.14 45.407747 11.899225 1 0
6.15 -7.61 1.78 21.9 2.14 45.407747 11.899225 1 0
6.05 -7.46 1.67 22.0 2.14 45.407747 11.899225 1 0
6.08 -7.75 1.84 22.0 2.14 45.407747 11.899225 1 0
6.11 -7.72 1.91 22.79 2.14 45.407747 11.899225 1 0
6.12 -7.68 1.54 22.74 2.14 45.407747 11.899225 1 0
6.07 -7.88 1.59 23.22 2.14 45.407747 11.899225 1 0
5.67 -7.89 1.65 22.36 2.14 45.407747 11.899225 1 0
5.84 -8.09 1.65 22.36 2.14 45.407747 11.899225 1 0
5.7 -7.64 1.75 24.97 2.14 45.407747 11.899225 1 0
6.02 -8.07 1.92 23.55 2.14 45.407747 11.899225 1 0
5.97 -7.73 1.72 21.87 2.44 45.407753 11.899257 0 0
6.27 -7.65 1.66 22.4 2.44 45.407753 11.899257 1 0
5.9 -7.44 2.0 21.93 2.44 45.407753 11.899257 0 0
6.17 -7.71 1.98 21.45 2.44 45.407753 11.899257 1 0
6.16 -7.67 1.9 22.23 2.44 45.407753 11.899257 1 0
6.14 -7.45 1.82 21.87 2.44 45.407753 11.899257 1 0
