5.64 -8.36 1.83 21.87 2.56 45.407733 11.899173 0 0
5.85 -7.73 1.86 21.85 2.56 45.407733 11.899173 1 0
6.02 -7.87 1.86 21.97 2.56 45.407733 11.899173 1 0
5.55 -7.89 1.76 22.9 2.56 45.407733 11.899173 1 0
5.84 -7.94 1.56 23.27 2.56 45.407733 11.899173 1 0
6.2 -7.71 1.98 22.36 2.56 45.407733 11.899173 1 0
6.25 -7.87 1.78 22.36 2.56 45.407733 11.899173 1 0
6.31 -7.6 1.87 22.36 2.56 45.407733 11.899173 1 0
6.21 -7.76 1.91 22.31 2.56 45.407733 11.899173 1 0
5.81 -7.71 1.94 21.95 2.56 45.407733 11.899173 1 0
5.58 -8.11 2.01 22.36 2.56 45.407733 11.899173 1 0
5.31 -8.6 1.72 22.24 2.56 45.407733 11.899173 1 0
5.48 -8.14 1.87 21.88 2.56 45.407733 11.899173 0 0
5.97 -7.62 1.56 21.9 2.56 45.407733 11.899173 1 0
5.96 -7.8 1.95 25.12 2.56 45.407733 11.899173 0 0
6.16 -7.69 1.87 21.85 2.56 45.407733 11.899173 1 0
6.21 -7.55 1.79 22.19 2.56 45.407733 11.899173 1 0
6.3 -7.75 2.09 22.29 2.56 45.407733 11.899173 1 0
6.04 -7.9 2.06 21.87 2.56 45.407733 11.899173 1 0
5.95 -7.7 2.02 22.07 2.56 45.407733 11.899173 1 0
5.68 -7.61 1.97 22.02 2.56 45.407733 11.899173 1 0
5.78 -7.98 2.04 21.95 2.56 45.407733 11.899173 1 0
5.71 -8.28 1.87 22.86 2.56 45.407733 11.899173 1 0
5.46 -8.06 1.78 22.42 2.56 45.407733 11.899173 1 0
5.23 -8.24 1.43 21.92 2.56 45.407733 11.899173 1 0
5.5 -7.97 1.66 36.14 2.56 45.407733 11.899173 1 0
5.9 -7.87 1.64 21.95 2.56 45.407733 11.899173 1 0
5.99 -7.88 1.81 22.42 2.56 45.407733 11.899173 1 0
6.13 -7.29 1.99 21.76 2.56 45.407733 11.899173 1 0
6.3 -7.47 1.65 21.9 2.3 45.407739 11.899201 0 0
6.2 -7.67 2.02 22.14 2.3 45.407739 11.899201 1 0
5.81 -8.03 1.83 22.19 2.3 45.407739 11.899201 0 0
5.81 -8.04 1.98 22.11 2.3 45.407739 11.899201 1 0
6.36 -7.76 2.39 22.17 2.3 45.407739 11.899201 1 0
6.18 -7.2 2.34 21.92 2.3 45.407739 11.899201 1 0
