5.6 -8.98 1.7 22.24 3.08 45.406372 11.895453 1
5.94 -7.73 2.01 22.66 3.08 45.406372 11.895453 1
5.16 -8.43 1.6 22.36 3.08 45.406372 11.895453 1
5.88 -7.89 1.84 22.11 3.08 45.406372 11.895453 1
5.59 -7.94 1.75 22.05 3.08 45.406372 11.895453 1
5.64 -7.59 1.81 22.43 3.08 45.406372 11.895453 1
5.75 -8.09 1.87 22.35 3.08 45.406372 11.895453 1
6.18 -8.05 1.76 21.85 3.08 45.406372 11.895453 1
5.51 -8.01 1.61 22.36 3.08 45.406372 11.895453 1
5.52 -7.99 1.62 21.92 3.08 45.406372 11.895453 1
5.73 -7.47 1.81 22.66 3.08 45.406372 11.895453 1
5.87 -8.26 1.71 21.73 3.08 45.406372 11.895453 1
5.18 -7.63 1.81 22.17 2.78 45.406374 11.895489 0
4.64 -6.86 1.92 21.76 2.78 45.406374 11.895489 1
7.29 -9.25 1.86 20.82 2.78 45.406374 11.895489 0
6.28 -7.65 2.13 21.8 2.78 45.406374 11.895489 1
5.31 -7.58 1.79 22.86 2.78 45.406374 11.895489 1
5.37 -9.2 1.61 24.23 2.78 45.406374 11.895489 1
5.8 -6.26 2.08 22.91 2.78 45.406374 11.895489 1
4.07 -6.17 1.19 23.82 2.78 45.406374 11.895489 1
9.99 -10.5 1.47 23.58 2.78 45.406374 11.895489 1
4.72 -8.56 0.96 24.28 2.78 45.406374 11.895489 1
3.28 -3.95 1.67 24.9 2.78 45.406374 11.895489 1
4.87 -9.08 2.46 22.42 2.78 45.406374 11.895489 1
6.16 -5.69 1.17 21.11 2.78 45.406374 11.895489 1
7.3 -13.04 4.78 21.33 2.78 45.406374 11.895489 1
6.99 -9.95 2.17 25.0 2.78 45.406374 11.895489 1
3.93 -5.27 1.44 25.19 2.78 45.406374 11.895489 1
3.93 -7.31 1.02 22.86 2.78 45.406374 11.895489 1
4.89 -7.18 1.62 21.2 2.69 45.406375 11.895523 0
8.47 -9.02 1.4 21.88 2.69 45.406375 11.895523 1
7.1 -9.21 2.12 20.94 2.69 45.406375 11.895523 0
3.71 -8.79 2.13 22.86 2.69 45.406375 11.895523 1
4.31 -6.17 2.01 23.1 2.69 45.406375 11.895523 1
5.74 -6.1 1.93 22.59 2.69 45.406375 11.895523 1
