6.11 -7.93 1.9 21.9 2.58 45.407972 11.888555 1 0
5.66 -8.03 1.66 22.36 2.58 45.407972 11.888555 1 0
5.99 -7.79 1.5 22.57 2.58 45.407972 11.888555 1 0
5.87 -7.67 1.96 22.21 2.58 45.407972 11.888555 1 0
5.84 -7.52 2.0 22.04 2.58 45.407972 11.888555 1 0
6.26 -7.71 1.93 22.26 2.58 45.407972 11.888555 1 0
6.21 -8.1 1.6 22.21 2.58 45.407972 11.888555 1 0
6.14 -7.72 2.05 22.23 2.58 45.407972 11.888555 1 0
6.07 -7.49 1.71 22.47 2.76 45.407976 11.888525 0 0
6.06 -7.66 1.77 22.09 2.76 45.407976 11.888525 1 0
5.87 -7.25 1.62 22.42 2.76 45.407976 11.888525 0 0
6.16 -8.02 1.7 22.23 2.76 45.407976 11.888525 1 0
5.54 -8.05 1.86 21.85 2.76 45.407976 11.888525 1 0
5.79 -7.99 1.79 21.9 2.76 45.407976 11.888525 1 0
5.91 -7.86 1.66 21.9 2.76 45.407976 11.888525 1 0
5.88 -7.81 1.77 22.0 2.76 45.407976 11.888525 1 0
5.66 -7.89 1.75 22.16 2.76 45.407976 11.888525 1 0
6.07 -7.77 1.9 22.12 2.76 45.407976 11.888525 1 0
5.83 -7.49 1.69 22.02 2.76 45.407976 11.888525 1 0
6.36 -7.81 1.8 22.05 2.76 45.407976 11.888525 1 0
6.19 -7.99 1.8 22.07 2.76 45.407976 11.888525 1 0
5.83 -7.72 1.71 22.07 2.76 45.407976 11.888525 1 0
6.02 -7.88 1.77 22.09 2.76 45.407976 11.888525 1 0
5.73 -8.08 1.85 22.04 2.76 45.407976 11.888525 1 0
5.76 -7.91 2.09 22.0 2.76 45.407976 11.888525 1 0
6.08 -7.85 1.91 22.76 2.76 45.407976 11.888525 1 0
5.68 -7.86 1.81 21.88 3.7 45.407985 11.888487 0 0
5.76 -8.11 1.89 21.95 3.7 45.407985 11.888487 1 0
5.95 -7.62 1.58 21.9 3.7 45.407985 11.888487 0 0
6.16 -7.9 1.64 22.0 3.7 45.407985 11.888487 1 0
6.0 -7.42 1.8 21.95 3.7 45.407985 11.888487 1 0
6.14 -7.92 1.52 21.95 3.7 45.407985 11.888487 1 0
6.0 -7.67 1.75 21.9 3.7 45.407985 11.888487 1 0
6.12 -7.9 1.53 21.9 3.7 45.407985 11.888487 1 0
5.92 -7.81 1.94 22.07 3.7 45.407985 11.888487 1 0
