5.51 -7.94 2.27 22.52
5.69 -7.91 2.02 21.56
5.64 -8.09 1.64 22.36
5.32 -8.35 1.68 21.97
5.63 -8.14 1.54 22.02
5.73 -7.56 1.72 22.00
6.08 -7.83 1.64 21.80
6.01 -7.67 1.59 21.42 1.55  45.407984 11.888708
6.12 -7.53 1.80 21.30
6.40 -7.70 1.60 21.39 1.55  45.407984 11.888708
6.50 -7.76 1.69 22.00
6.35 -7.37 1.44 22.16
6.12 -7.41 1.33 21.75
6.17 -7.43 1.25 22.67
6.30 -7.75 1.39 22.00
5.94 -7.92 1.39 21.90
6.07 -8.26 1.39 22.00
5.62 -8.20 1.15 22.05
5.39 -7.90 1.53 22.05
5.93 -7.87 1.53 21.88
5.92 -7.68 1.64 22.31
6.08 -8.01 1.98 21.90
5.93 -7.97 2.00 21.92
6.13 -7.41 2.00 22.23
6.20 -7.37 1.96 21.81
6.13 -7.76 1.99 21.87 2.18  45.407989 11.888693
6.09 -7.84 1.75 21.44
5.91 -7.86 1.98 21.80 2.18  45.407989 11.888693
6.16 -7.65 2.12 21.80
6.39 -7.85 2.19 21.81
5.91 -7.83 2.06 21.97
5.75 -7.80 2.02 21.87
5.60 -7.85 2.07 21.99
5.80 -8.02 1.95 22.07
5.97 -7.91 2.01 22.12
5.97 -7.92 1.75 22.11
6.20 -7.74 1.75 22.17
6.08 -7.60 1.67 22.42
6.34 -7.65 1.58 21.87
6.34 -7.58 1.70 21.95
5.97 -8.00 1.67 21.95
6.18 -7.54 1.69 21.85
6.03 -7.56 1.79 21.95 1.85  45.407990 11.888673
6.17 -7.35 1.76 21.73
6.04 -7.99 1.59 22.21 1.85  45.407990 11.888673
6.04 -7.87 1.29 21.64
5.89 -7.89 1.65 21.75
5.51 -7.96 1.80 21.39
5.77 -7.74 1.47 22.35
5.84 -7.85 1.71 21.95
6.03 -7.68 1.77 21.95
5.88 -7.56 1.98 22.05
6.01 -7.85 1.79 22.00
5.99 -7.86 1.99 22.05
5.99 -7.65 1.95 22.04
5.97 -7.49 1.68 22.00
6.05 -7.76 1.91 21.95
6.02 -7.78 1.79 22.00
6.06 -7.85 1.89 21.97
5.73 -7.74 2.02 22.00
5.85 -7.77 1.98 22.11 2.51  45.407995 11.888642
5.59 -7.72 2.02 22.07
5.64 -7.79 1.60 22.35 2.51  45.407995 11.888642
5.94 -7.87 1.84 21.78
5.83 -7.97 1.72 21.37
6.15 -7.63 1.81 21.87
5.97 -7.84 1.73 22.28
5.99 -7.38 1.56 21.90
6.21 -7.68 1.68 21.95
6.16 -7.62 1.48 21.99
6.17 -7.70 1.90 22.00
5.81 -7.73 1.90 22.00
5.96 -7.67 1.69 22.00
5.92 -7.85 1.73 21.66
5.73 -7.86 1.55 22.02
5.71 -7.77 1.64 22.05
5.70 -7.98 1.57 21.90
5.93 -8.11 1.66 21.81 2.45  45.408003 11.888612
5.90 -7.85 1.81 21.45
5.86 -7.85 2.06 21.47
5.81 -7.82 1.79 21.90 2.45  45.408003 11.888612
6.00 -7.40 1.77 21.95
6.24 -8.01 1.79 21.90
5.84 -7.71 2.06 21.87
6.11 -7.81 1.80 21.87
6.05 -7.93 1.79 21.92
5.58 -7.81 1.78 21.93
5.86 -7.72 2.08 22.36
5.69 -8.18 1.90 21.56
6.02 -7.92 2.10 22.47
5.84 -7.57 1.72 21.61
6.05 -7.84 1.97 22.04
5.85 -7.75 2.01 22.05
6.04 -8.05 1.65 22.11
6.11 -7.47 1.74 21.97
5.91 -7.60 1.99 21.90 2.66  45.408011 11.888582
6.01 -7.81 1.86 21.85
6.21 -7.97 1.62 21.85 2.66  45.408011 11.888582
6.11 -7.58 1.75 21.81
5.94 -7.75 1.88 21.90
5.98 -7.81 1.70 21.90
5.94 -7.94 1.72 22.00
5.50 -7.62 1.70 22.05
5.81 -7.95 1.74 22.05
5.85 -8.09 1.72 23.74
6.08 -7.67 1.82 21.63
6.14 -7.86 1.73 22.54
5.90 -7.71 1.83 22.16
6.11 -7.71 1.84 22.21
6.00 -7.74 1.69 22.19
5.86 -7.83 1.90 22.09
5.94 -7.87 1.81 21.83
6.01 -7.97 1.98 21.51 2.56  45.408018 11.888550
6.07 -7.67 2.01 22.28
5.94 -7.75 1.68 22.31
5.56 -8.06 1.88 21.85 2.56  45.408018 11.888550
5.71 -7.77 1.84 22.24
5.79 -7.90 1.80 21.32
5.91 -7.83 1.95 21.87
5.88 -8.10 1.81 21.87
5.96 -7.77 1.85 21.87
6.12 -7.48 1.72 21.99
6.22 -7.85 1.80 22.40
5.95 -7.73 1.83 21.95
6.29 -8.11 1.85 22.00
5.87 -7.49 1.88 22.04
6.01 -7.81 1.89 22.05
5.87 -7.79 1.92 22.11
5.78 -7.87 1.86 22.00
5.77 -7.90 1.70 21.92
5.65 -8.13 1.70 21.95 2.50  45.408023 11.888517
5.77 -8.05 1.61 22.36
5.75 -8.00 1.70 22.48 2.50  45.408023 11.888517
5.68 -7.90 1.90 22.48
5.89 -7.78 1.76 22.00
6.02 -7.75 1.90 21.95
6.09 -7.83 1.88 21.90
5.93 -7.78 1.81 21.90
5.97 -8.20 1.80 22.05
5.78 -7.66 1.85 22.11
5.79 -7.76 1.81 22.57
5.85 -7.82 1.90 22.07
5.98 -8.01 1.77 22.52
5.86 -7.84 1.91 22.52
5.89 -7.93 1.85 22.11
6.14 -7.71 1.98 22.16
6.06 -7.67 2.02 21.87
6.00 -7.99 2.01 22.47
6.38 -7.58 1.87 22.90 2.31  45.408021 11.888485
6.37 -7.29 1.78 25.60
5.88 -7.89 1.91 21.75 2.31  45.408021 11.888485
6.16 -7.77 1.80 22.16
5.96 -7.56 1.54 22.16
6.30 -7.57 1.64 21.80
6.10 -8.07 1.34 22.66
5.85 -7.36 1.76 21.95
5.98 -7.14 1.60 21.56
5.99 -8.06 1.27 22.00
5.61 -7.75 1.82 21.97
6.33 -7.71 2.10 22.09
6.12 -7.52 1.79 22.26
6.08 -7.30 1.76 22.16
6.61 -7.75 1.62 21.90
6.25 -7.73 1.61 21.85
6.02 -7.87 1.82 22.26
6.01 -7.87 2.11 21.87 3.14  45.408018 11.888446
6.26 -6.98 2.00 21.85
6.07 -7.41 2.09 22.00 3.14  45.408018 11.888446
5.81 -8.23 1.89 22.09
5.72 -7.41 2.09 46.41
5.90 -7.85 1.94 22.76
5.83 -8.17 1.95 21.76
5.97 -7.61 1.72 22.26
6.30 -8.14 1.88 22.05
5.99 -7.00 1.87 22.26
6.19 -7.45 2.01 22.16
5.92 -7.98 1.83 22.05
6.04 -7.90 1.82 21.93
6.45 -7.68 1.63 21.95
5.96 -8.14 1.41 22.05
5.77 -7.79 1.69 22.52
5.65 -7.83 1.60 21.97
5.68 -7.72 1.89 21.97 2.89  45.408004 11.888409
5.99 -7.94 1.92 22.76
6.08 -7.77 1.81 21.87
5.98 -7.85 1.75 21.90 2.89  45.408004 11.888409
6.15 -7.57 1.84 21.81
6.13 -7.53 1.78 21.78
6.01 -7.78 1.59 22.31
6.19 -7.70 2.07 21.90
6.14 -7.77 1.89 22.36
5.74 -7.73 1.94 22.07
5.84 -7.67 1.92 22.93
6.76 -8.31 1.99 22.93
5.07 -7.53 1.78 22.54
6.12 -8.23 1.84 22.57
5.79 -7.43 1.77 22.17
7.12 -7.33 1.89 21.95
7.43 -8.22 1.86 22.05
5.90 -6.58 1.17 22.07
6.41 -7.71 1.70 21.87 3.15  45.407997 11.888370
6.31 -6.84 1.49 22.16
6.34 -8.36 1.53 22.16 3.15  45.407997 11.888370
6.08 -7.50 1.68 21.85
6.21 -7.54 1.87 21.87
5.62 -7.82 2.03 21.76
5.75 -7.83 1.71 21.87
6.17 -7.71 1.79 21.71
6.23 -6.86 1.65 21.92
6.41 -7.90 1.82 21.92
6.29 -7.43 2.08 21.99
6.42 -7.58 2.05 22.05
6.27 -7.41 2.36 22.52
5.93 -7.62 1.80 22.05
5.91 -8.03 1.71 21.97
5.94 -7.94 2.09 22.00
6.03 -7.99 1.75 21.93
5.72 -7.84 1.84 21.90 3.53  45.407991 11.888324
6.05 -7.98 1.92 21.81
6.38 -7.51 1.73 21.81
6.58 -7.88 1.91 21.90 3.53  45.407991 11.888324
6.14 -7.48 1.74 22.00
6.21 -7.50 1.59 22.05
6.29 -7.56 1.72 21.92
6.16 -8.14 1.66 21.87
5.58 -7.72 1.94 21.92
6.33 -7.92 1.64 21.63
5.64 -7.93 1.23 22.02
5.99 -7.47 1.52 21.66
6.22 -7.96 1.58 22.00
6.42 -7.77 1.98 21.61
6.04 -7.40 1.92 22.07
6.17 -7.54 1.96 22.16
6.38 -7.50 1.98 22.02
6.17 -7.98 1.56 21.97
5.85 -7.96 2.22 21.51 2.78  45.407992 11.888287
5.76 -7.51 1.93 21.95
5.71 -7.68 1.85 21.33 2.78  45.407992 11.888287
5.59 -8.35 1.70 21.59
6.08 -7.71 1.64 21.25
6.48 -8.57 1.80 21.45
5.83 -7.15 1.52 22.47
6.17 -7.50 1.51 22.72
6.17 -7.79 1.71 21.75
5.71 -7.30 1.66 22.05
5.09 -8.54 1.79 21.92
5.50 -7.47 1.67 21.20
5.05 -5.80 1.77 21.80
10.33 -9.53 1.42 20.68
7.34 -9.88 2.44 22.93
3.79 -7.70 1.78 24.54
4.30 -6.71 1.67 24.42
7.29 -9.78 6.37 21.23
8.20 -12.93 2.46 20.32 2.92  45.407983 11.888251
7.92 -11.00 4.15 21.54
4.01 -5.18 0.92 21.75 2.92  45.407983 11.888251
3.93 -6.90 2.16 21.80
3.79 -8.60 2.09 21.54
7.50 -6.94 1.60 21.59
7.55 -8.78 2.02 21.44
4.55 -8.49 1.81 22.11
4.86 -7.37 1.81 22.26
6.03 -7.87 2.04 21.59
6.54 -7.95 1.64 21.95
6.01 -8.32 1.89 22.02
5.57 -7.70 1.76 21.75
5.48 -8.06 1.97 22.16
6.15 -7.68 1.68 22.11
5.74 -8.06 1.73 22.12
5.56 -8.09 1.58 21.64
5.63 -7.90 1.52 21.97 2.82  45.407966 11.888222
5.88 -8.05 1.43 21.85
5.69 -8.03 1.77 21.49 2.82  45.407966 11.888222
5.64 -8.23 1.90 22.00
5.40 -8.16 1.87 22.04
5.60 -7.76 1.62 22.04
5.69 -8.22 1.60 21.90
5.82 -7.97 1.71 21.40
5.72 -7.81 1.79 22.04
5.46 -7.97 1.78 22.07
5.67 -7.99 1.57 21.59
5.67 -7.83 1.55 21.56
5.70 -8.13 1.68 21.87
5.74 -8.02 1.84 22.36
5.54 -7.57 1.70 21.59
5.93 -7.92 1.71 22.16
5.78 -7.46 2.03 22.55
5.77 -7.97 1.77 22.07
5.94 -7.78 1.69 22.00 2.88  45.407950 11.888192
5.72 -8.03 1.66 22.45
5.77 -8.21 1.65 21.49 2.88  45.407950 11.888192
6.06 -8.01 1.76 21.92
5.70 -7.88 1.74 22.00
5.68 -7.98 1.63 22.05
5.79 -7.89 1.69 22.00
5.77 -7.96 1.77 21.88
5.76 -8.10 1.89 22.00
5.80 -7.98 2.13 22.00
5.75 -7.84 1.62 22.07
5.77 -7.84 1.84 22.07
5.86 -7.64 1.87 22.05
5.80 -7.88 1.76 21.95
5.70 -8.03 1.91 22.43
5.77 -8.06 1.76 21.64
5.75 -7.81 1.85 21.95
5.89 -7.76 1.88 21.40 3.02  45.407943 11.888152
6.08 -7.68 1.80 21.44
6.02 -8.04 1.98 21.75 3.02  45.407943 11.888152
