6.19 -7.62 1.59 21.99 2.27  45.408029 11.888668
6.26 -7.69 1.64 21.88
6.06 -7.99 1.53 21.78
6.03 -7.43 1.76 21.85
6.01 -7.52 1.99 21.90
6.28 -8.00 1.41 21.90
6.09 -7.78 1.55 22.36
5.99 -7.55 1.76 21.97
5.63 -8.06 1.59 22.02
5.88 -7.55 1.88 22.05
6.02 -7.92 1.98 22.00
5.88 -7.82 1.95 21.97
6.05 -7.84 1.90 21.95
5.94 -7.62 1.95 22.02 2.27  45.408029 11.888668
6.31 -7.84 2.01 21.90
6.42 -7.39 1.93 21.59 2.27  45.408029 11.888668
6.34 -7.80 1.73 22.14
5.92 -7.79 1.94 21.92
5.91 -7.52 1.81 22.07
6.10 -7.43 2.00 21.40
5.65 -8.57 1.65 21.66
5.82 -8.42 1.90 21.81
5.71 -7.72 1.98 22.02
6.40 -7.30 1.83 22.16
5.90 -7.20 2.07 22.11
5.84 -7.87 1.56 21.97
6.52 -7.41 1.94 21.87
6.44 -7.84 1.78 21.90
5.87 -7.86 1.94 22.36
5.88 -7.61 1.72 21.85
6.28 -7.52 1.97 21.87 2.96  45.408028 11.888635
6.26 -7.65 1.64 22.35
5.92 -7.70 1.84 22.00
5.55 -7.77 1.86 21.97 2.96  45.408028 11.888635
5.92 -8.11 1.49 21.92
6.06 -7.90 1.90 22.00
5.95 -7.62 1.34 21.99
6.04 -7.58 1.62 22.35
6.35 -7.76 1.86 21.37
6.13 -8.01 1.87 22.09
6.09 -7.78 1.73 22.11
6.19 -7.80 1.99 22.54
6.11 -7.72 1.71 22.05
5.97 -7.61 1.85 21.59
5.78 -7.80 1.80 22.42
5.75 -7.97 2.15 22.02
5.59 -8.17 1.80 22.09
5.63 -7.57 1.67 22.35
6.03 -8.06 1.66 21.90 2.28  45.408040 11.888609
5.98 -7.68 1.76 22.26
6.22 -7.78 1.84 22.35 2.28  45.408040 11.888609
6.25 -7.58 1.70 21.83
6.01 -7.86 1.65 22.74
5.98 -7.59 1.71 21.90
6.11 -7.92 1.58 21.90
6.41 -7.64 2.11 21.90
6.35 -7.52 1.88 22.02
5.76 -7.77 1.60 22.43
5.59 -7.93 1.69 22.36
5.71 -8.06 1.39 21.54
6.20 -8.00 1.94 21.95
5.78 -7.51 1.83 22.43
5.82 -8.03 1.79 22.11
5.55 -7.68 1.82 22.57
5.93 -7.63 2.07 21.93
6.23 -7.50 2.05 22.31 2.64  45.408045 11.888579
6.05 -7.95 1.81 22.31
6.40 -7.82 1.96 21.90
5.90 -7.66 1.73 21.93 2.64  45.408045 11.888579
5.76 -7.67 1.94 22.47
5.67 -8.08 1.99 22.45
5.89 -7.82 1.84 22.00
5.72 -8.13 1.92 21.85
5.69 -7.98 1.82 21.75
5.69 -8.01 1.67 22.00
5.97 -7.88 1.81 22.00
5.83 -7.57 1.59 22.02
5.97 -7.81 1.70 22.16
5.97 -7.64 1.69 22.16
5.99 -7.56 1.81 22.00
6.13 -7.89 1.97 21.56
5.97 -8.29 1.82 22.02
5.69 -7.82 1.52 22.50
5.69 -7.83 1.68 22.98 2.92  45.408053 11.888545
5.74 -7.66 1.54 22.50
5.98 -7.75 1.76 22.36 2.92  45.408053 11.888545
6.27 -7.89 1.75 21.95
5.90 -8.12 1.73 21.92
5.84 -7.74 1.97 21.99
5.65 -7.36 2.03 22.40
6.30 -7.69 1.85 21.85
6.16 -7.94 1.74 22.00
6.12 -7.72 1.96 22.05
5.80 -7.78 1.98 22.02
5.75 -7.86 1.91 22.48
5.76 -7.80 1.88 22.11
5.97 -7.87 1.84 22.05
5.84 -7.74 1.74 22.90
5.98 -7.77 2.02 21.66
5.87 -7.52 2.00 21.93
6.14 -7.97 1.76 21.93
5.90 -7.87 1.78 22.36 3.00  45.408053 11.888506
6.04 -7.85 1.91 22.40
6.01 -7.40 1.87 21.95 3.00  45.408053 11.888506
6.31 -7.95 1.77 22.00
6.07 -7.76 1.73 22.00
5.77 -7.86 1.76 22.00
5.67 -8.05 1.50 22.45
5.79 -8.01 1.53 21.97
6.04 -7.62 1.65 22.52
5.91 -7.63 1.58 22.04
5.99 -7.88 2.08 22.05
5.76 -7.99 2.33 25.97
6.32 -7.78 1.74 22.16
6.04 -7.91 2.03 22.05
5.91 -7.36 1.76 22.48
6.22 -7.87 2.08 22.02
6.13 -7.73 2.17 22.47
5.64 -8.15 1.85 22.05 2.16  45.408052 11.888475
6.00 -7.87 1.98 22.12
5.31 -7.84 1.79 22.50 2.16  45.408052 11.888475
5.80 -7.90 1.85 22.31
5.99 -8.18 1.82 22.12
6.02 -7.70 1.52 22.23
6.06 -7.86 1.59 22.42
5.75 -7.51 1.63 22.52
5.92 -7.32 1.91 22.95
5.95 -7.90 1.82 24.04
6.02 -8.09 1.76 21.87
6.50 -8.18 1.86 22.47
5.64 -7.75 1.76 22.72
5.18 -7.59 1.95 22.72
5.42 -8.44 1.47 22.23
6.23 -7.81 1.98 21.80
6.19 -8.46 1.78 22.71
5.79 -7.98 1.95 23.07 2.44  45.408041 11.888442
6.08 -6.78 1.93 22.57
6.27 -6.99 1.60 21.85
5.94 -8.71 1.61 21.85 2.44  45.408041 11.888442
6.28 -7.95 1.77 21.85
5.79 -7.50 2.06 22.78
5.46 -7.89 2.10 21.87
5.97 -7.78 2.11 21.35
6.09 -8.09 1.94 22.45
5.86 -7.73 1.74 21.85
5.97 -7.61 1.96 22.64
5.94 -7.77 1.91 22.07
6.07 -7.88 1.69 22.47
6.11 -7.89 1.58 22.11
5.99 -7.49 1.71 22.11
6.01 -7.73 1.80 22.02
5.87 -7.61 1.70 21.95
6.37 -7.84 1.70 22.29
5.94 -8.20 1.74 22.36 2.66  45.408035 11.888406
5.80 -7.95 1.40 22.45
5.57 -8.16 1.35 22.00 2.66  45.408035 11.888406
5.84 -7.19 1.68 21.85
6.06 -8.16 1.81 21.90
5.97 -8.03 1.81 21.95
5.92 -7.53 1.92 22.50
6.09 -7.77 1.59 22.07
6.19 -7.44 1.97 22.12
6.07 -7.70 1.97 21.97
6.66 -8.91 2.07 22.47
5.29 -7.60 1.69 22.16
5.98 -7.84 2.20 22.57
5.40 -7.52 1.86 21.81
6.18 -7.79 2.02 22.00
6.05 -8.56 1.83 21.59
5.61 -7.24 2.02 22.24
6.36 -7.69 1.73 21.92
5.72 -7.56 1.98 21.95 2.98  45.408027 11.888366
6.34 -8.27 1.62 21.44
6.16 -7.67 1.37 21.80 2.98  45.408027 11.888366
5.87 -7.81 1.34 21.87
6.01 -7.46 1.75 21.85
6.02 -7.74 1.97 21.90
5.98 -7.73 1.84 22.00
5.85 -7.97 1.39 21.95
5.84 -7.83 1.42 22.00
5.87 -8.33 1.50 22.00
6.13 -7.63 1.94 22.02
5.86 -7.49 1.72 22.16
5.81 -7.66 1.80 21.69
5.96 -7.77 1.80 22.48
5.93 -7.82 2.03 21.97
6.11 -7.95 1.89 22.04
6.00 -7.47 2.01 21.92
6.05 -7.82 2.14 21.87 2.75  45.408016 11.888327
5.94 -7.92 2.08 21.90
5.71 -7.85 2.03 21.90 2.75  45.408016 11.888327
5.82 -8.04 2.00 21.97
5.88 -7.75 1.79 21.59
6.09 -7.68 1.73 22.04
6.24 -7.74 1.68 21.93
6.21 -7.45 1.77 21.52
6.03 -8.07 1.78 22.11
5.99 -7.55 1.43 22.00
6.10 -7.80 1.59 21.52
6.34 -7.92 1.70 22.00
5.65 -7.65 1.77 22.00
5.93 -7.95 1.50 22.05
5.69 -7.97 1.44 21.57
5.83 -7.57 1.83 22.05
6.06 -8.02 1.98 21.99
5.95 -7.62 1.81 22.00
5.75 -8.06 1.70 22.05 3.35  45.408006 11.888284
5.97 -7.54 1.74 22.00
6.31 -7.81 1.64 21.92 3.35  45.408006 11.888284
6.18 -7.85 2.12 21.93
6.12 -7.60 2.07 21.99
5.95 -7.50 1.59 21.85
5.94 -7.67 1.68 21.28
5.70 -8.35 1.84 21.54
5.72 -7.66 2.04 21.45
6.00 -8.66 1.74 22.00
5.37 -7.57 2.08 22.26
6.02 -7.68 2.10 22.33
5.83 -7.52 1.94 22.12
6.13 -8.31 1.88 21.64
6.19 -8.34 2.21 21.95
5.49 -7.47 1.99 21.51
5.55 -7.61 2.19 21.51
5.79 -5.32 1.51 21.40 2.27  45.407999 11.888253
9.88 -8.14 2.29 20.79
6.34 -10.93 1.74 22.19 2.27  45.407999 11.888253
3.82 -6.69 1.67 25.14
3.79 -7.08 1.59 24.42
3.09 -3.40 2.35 22.24
7.99 -9.21 -0.29 20.48
4.03 -13.78 0.72 20.48
6.52 -8.54 2.69 22.00
5.55 -4.26 2.31 22.26
6.53 -6.03 2.44 22.09
7.07 -7.58 2.29 21.63
5.95 -6.72 2.06 21.95
6.46 -8.88 1.49 22.21
5.59 -8.40 1.99 22.21
5.32 -7.62 1.06 21.81
5.93 -7.39 1.66 22.09
5.94 -7.97 2.41 21.42
6.35 -7.93 1.39 21.42 2.69  45.407989 11.888219
5.71 -7.80 1.70 22.04
5.81 -7.63 1.47 21.92 2.69  45.407989 11.888219
5.97 -7.85 1.59 21.99
6.29 -7.49 1.68 21.32
6.15 -8.02 2.19 21.93
5.93 -7.82 1.99 22.00
5.61 -7.95 1.64 22.05
5.71 -8.01 1.22 22.05
5.62 -7.98 1.71 22.05
5.99 -7.98 1.67 22.09
6.16 -7.65 1.92 22.05
5.94 -7.67 1.78 22.02
5.90 -7.78 1.78 21.64
6.02 -7.75 2.04 22.05
6.33 -7.62 2.11 21.61
6.28 -7.54 2.05 21.54
5.99 -7.70 2.02 21.49 2.94  45.407967 11.888184
5.99 -7.70 2.06 21.85
5.93 -7.94 2.03 21.39 2.94  45.407967 11.888184
5.54 -7.84 1.58 21.69
5.77 -7.80 1.44 21.75
5.77 -7.79 1.53 21.97
5.90 -7.88 1.83 22.07
6.15 -7.57 1.70 22.14
6.17 -7.51 1.86 22.14
6.05 -7.59 1.67 22.04
6.19 -8.00 1.91 21.57
6.05 -7.90 1.86 22.05
6.20 -7.87 1.82 22.11
5.63 -8.02 1.86 22.16
5.41 -8.12 1.63 22.02
5.92 -7.90 1.73 21.95
6.12 -7.78 1.78 21.78
5.85 -8.15 1.77 21.44
5.67 -7.83 1.80 21.54 2.56  45.407957 11.888152
5.63 -7.92 1.52 21.93
5.70 -7.45 1.74 21.45 2.56  45.407957 11.888152
6.19 -7.95 1.51 21.81
6.03 -8.01 1.85 21.90
6.02 -7.99 1.87 22.36
5.65 -7.80 1.60 21.83
