6.26 -8.12 2.18 21.75 2.34 45.406366 11.895530 0
5.34 -8.54 2.09 21.85 2.34 45.406366 11.895530 1
5.35 -7.79 1.66 22.0 2.34 45.406366 11.895530 0
5.82 -7.75 1.74 22.4 2.34 45.406366 11.895530 1
6.09 -7.69 1.79 21.87 2.34 45.406366 11.895530 1
5.92 -7.91 1.83 22.23 2.34 45.406366 11.895530 1
5.78 -8.21 1.86 21.71 2.34 45.406366 11.895530 1
5.91 -8.1 1.81 22.0 2.34 45.406366 11.895530 1
5.53 -7.9 1.8 22.05 2.34 45.406366 11.895530 1
5.5 -7.87 1.69 22.05 2.34 45.406366 11.895530 1
5.89 -7.89 1.58 22.42 2.34 45.406366 11.895530 1
6.15 -7.97 1.39 21.87 2.34 45.406366 11.895530 1
5.89 -8.11 1.6 22.0 2.34 45.406366 11.895530 1
5.83 -8.03 1.88 23.32 2.34 45.406366 11.895530 1
5.56 -8.11 1.83 23.38 2.34 45.406366 11.895530 1
5.58 -7.76 1.98 22.64 2.34 45.406366 11.895530 1
5.65 -7.83 2.07 22.47 2.34 45.406366 11.895530 1
5.75 -7.88 1.96 21.83 2.46 45.406363 11.895563 0
5.99 -8.21 1.85 21.92 2.46 45.406363 11.895563 1
5.82 -8.15 1.84 21.85 2.46 45.406363 11.895563 0
5.69 -8.01 1.65 26.38 2.46 45.406363 11.895563 1
5.5 -7.81 1.92 22.45 2.46 45.406363 11.895563 1
5.7 -7.69 1.79 22.42 2.46 45.406363 11.895563 1
5.96 -8.17 1.71 22.07 2.46 45.406363 11.895563 1
5.74 -7.79 1.44 22.47 2.46 45.406363 11.895563 1
5.65 -8.12 1.58 22.11 2.46 45.406363 11.895563 1
6.21 -8.37 1.32 22.05 2.46 45.406363 11.895563 1
5.64 -7.58 1.76 22.05 2.46 45.406363 11.895563 1
5.58 -7.99 1.69 22.12 2.46 45.406363 11.895563 1
5.71 -7.87 1.76 22.47 2.46 45.406363 11.895563 1
5.79 -7.82 1.94 22.47 2.46 45.406363 11.895563 1
5.84 -8.1 1.62 22.11 2.46 45.406363 11.895563 1
5.61 -7.88 1.67 23.34 2.46 45.406363 11.895563 1
5.93 -7.96 1.44 21.97 2.46 45.406363 11.895563 1
5.44 -7.62 2.24 22.35 2.46 45.406363 11.895563 1
