5.2 -7.28 1.76 22.86 2.85 45.406368 11.895235 0
5.85 -7.55 1.6 22.35 2.85 45.406368 11.895235 1
5.85 -8.03 1.95 21.75 2.85 45.406368 11.895235 0
6.09 -8.02 1.71 22.83 2.85 45.406368 11.895235 1
5.48 -8.2 1.83 22.4 2.85 45.406368 11.895235 1
5.66 -7.48 1.64 22.04 2.85 45.406368 11.895235 1
5.73 -7.97 1.78 22.0 2.85 45.406368 11.895235 1
6.11 -7.94 1.69 22.52 2.85 45.406368 11.895235 1
6.0 -8.79 1.86 22.21 2.85 45.406368 11.895235 1
6.14 -7.43 2.01 22.78 2.85 45.406368 11.895235 1
4.77 -7.53 1.58 22.78 2.85 45.406368 11.895235 1
5.38 -7.59 1.89 22.78 2.85 45.406368 11.895235 1
6.33 -7.63 1.85 21.47 2.85 45.406368 11.895235 1
5.56 -8.09 2.04 21.23 2.85 45.406368 11.895235 1
6.81 -11.17 1.85 21.69 2.85 45.406368 11.895235 1
5.43 -6.81 1.84 24.8 2.85 45.406368 11.895235 1
4.78 -6.74 1.78 23.34 2.85 45.406368 11.895235 1
5.59 -7.51 1.99 23.55 3.25 45.406364 11.895274 0
6.34 -7.28 1.64 22.76 3.25 45.406364 11.895274 1
6.73 -8.12 2.43 21.9 3.25 45.406364 11.895274 0
5.79 -8.95 2.25 21.78 3.25 45.406364 11.895274 1
6.04 -8.04 1.77 21.64 3.25 45.406364 11.895274 1
5.58 -8.24 1.61 22.6 3.25 45.406364 11.895274 1
5.67 -7.23 1.84 22.26 3.25 45.406364 11.895274 1
5.82 -7.94 1.56 22.09 3.25 45.406364 11.895274 1
6.09 -8.09 1.72 22.11 3.25 45.406364 11.895274 1
5.9 -8.05 1.51 22.42 3.25 45.406364 11.895274 1
5.51 -8.0 1.77 22.86 3.25 45.406364 11.895274 1
5.86 -8.14 1.83 22.54 3.25 45.406364 11.895274 1
5.77 -7.51 1.62 22.62 3.25 45.406364 11.895274 1
5.95 -7.8 1.52 22.69 3.25 45.406364 11.895274 1
5.73 -8.06 1.64 22.12 3.25 45.406364 11.895274 1
5.57 -8.01 1.91 22.57 3.25 45.406364 11.895274 1
5.83 -8.17 1.64 22.36 3.25 45.406364 11.895274 1
5.6 -7.85 1.56 22.19 3.25 45.406364 11.895274 1
