6.02 -8.21 1.83 22.86 1.47 45.406277 11.894098 1 0
5.81 -7.66 2.06 23.7 1.47 45.406277 11.894098 1 0
5.89 -8.62 2.29 21.42 1.47 45.406277 11.894098 1 0
5.88 -8.68 1.86 22.12 1.47 45.406277 11.894098 1 0
5.66 -8.1 1.59 21.99 1.69 45.406272 11.894120 0 0
5.84 -7.86 1.59 21.95 1.69 45.406272 11.894120 1 0
6.0 -7.41 1.43 22.31 1.69 45.406272 11.894120 0 0
5.87 -7.72 1.78 21.93 1.69 45.406272 11.894120 1 0
6.27 -7.97 1.86 22.69 1.69 45.406272 11.894120 1 0
5.74 -7.89 1.79 24.08 1.69 45.406272 11.894120 1 0
6.03 -7.56 1.84 21.95 1.69 45.406272 11.894120 1 0
5.93 -8.25 1.95 21.9 1.69 45.406272 11.894120 1 0
5.8 -8.01 1.79 22.11 1.69 45.406272 11.894120 1 0
5.86 -7.85 1.61 22.66 1.69 45.406272 11.894120 1 0
5.79 -7.7 1.55 22.93 1.69 45.406272 11.894120 1 0
5.64 -8.17 1.71 24.59 1.69 45.406272 11.894120 1 0
6.22 -8.07 1.84 22.96 1.69 45.406272 11.894120 1 0
5.97 -8.0 1.67 22.04 1.69 45.406272 11.894120 1 0
5.78 -8.22 1.67 22.04 1.69 45.406272 11.894120 1 0
5.49 -7.73 1.97 22.02 1.69 45.406272 11.894120 1 0
5.92 -7.69 1.96 22.64 1.69 45.406272 11.894120 1 0
5.89 -8.18 1.93 22.69 1.69 45.406272 11.894120 1 0
5.9 -7.64 1.78 21.95 1.02 45.406273 11.894137 0 0
5.55 -7.88 1.7 21.9 1.02 45.406273 11.894137 1 0
5.85 -7.86 1.98 21.93 1.02 45.406273 11.894137 0 0
5.68 -8.03 1.82 22.33 1.02 45.406273 11.894137 1 0
5.81 -7.99 1.87 21.59 1.02 45.406273 11.894137 1 0
5.39 -7.96 1.82 22.0 1.02 45.406273 11.894137 1 0
5.56 -7.93 1.53 21.9 1.02 45.406273 11.894137 1 0
5.84 -8.26 1.69 21.85 1.02 45.406273 11.894137 1 0
5.95 -7.83 1.5 22.42 1.02 45.406273 11.894137 1 0
6.0 -7.86 1.01 22.0 1.02 45.406273 11.894137 1 0
6.11 -7.74 1.51 22.6 1.02 45.406273 11.894137 1 0
6.06 -7.38 1.88 22.09 1.02 45.406273 11.894137 1 0
6.16 -7.6 1.77 21.99 1.02 45.406273 11.894137 1 0
