5.97 -7.31 2.12 21.54 3.36 45.407773 11.899401 1 0
6.08 -7.12 2.11 21.83 3.36 45.407773 11.899401 1 0
6.17 -7.69 2.04 21.93 3.36 45.407773 11.899401 1 0
6.08 -7.96 2.08 22.36 3.36 45.407773 11.899401 1 0
5.89 -7.57 2.1 22.09 3.36 45.407773 11.899401 1 0
6.02 -7.39 1.93 22.45 3.36 45.407773 11.899401 1 0
6.19 -7.66 1.76 22.16 3.36 45.407773 11.899401 1 0
5.79 -7.78 1.83 22.47 3.36 45.407773 11.899401 1 0
5.37 -7.56 2.08 21.73 3.36 45.407773 11.899401 1 0
5.82 -7.5 2.14 21.64 3.36 45.407773 11.899401 1 0
6.46 -7.87 1.78 21.61 1.86 45.407780 11.899426 0 0
6.3 -8.12 1.4 21.85 1.86 45.407780 11.899426 1 0
5.92 -7.65 1.55 22.59 1.86 45.407780 11.899426 0 0
6.12 -7.2 1.83 21.81 1.86 45.407780 11.899426 1 0
6.5 -7.71 1.61 21.93 1.86 45.407780 11.899426 1 0
6.56 -8.28 1.32 22.24 1.86 45.407780 11.899426 1 0
6.53 -7.95 1.57 21.35 1.86 45.407780 11.899426 1 0
6.36 -7.86 1.94 20.75 1.86 45.407780 11.899426 1 0
5.73 -8.57 1.97 21.56 1.86 45.407780 11.899426 1 0
5.22 -8.45 1.86 22.09 1.86 45.407780 11.899426 1 0
5.61 -7.38 1.7 22.86 1.86 45.407780 11.899426 1 0
6.24 -7.4 1.48 22.29 1.86 45.407780 11.899426 1 0
5.99 -8.25 1.46 21.95 1.86 45.407780 11.899426 1 0
5.5 -8.05 1.66 21.99 1.86 45.407780 11.899426 1 0
6.01 -7.58 1.87 21.57 1.86 45.407780 11.899426 1 0
6.91 -8.25 2.1 21.73 1.86 45.407780 11.899426 1 0
6.8 -8.52 2.24 24.76 1.86 45.407780 11.899426 1 0
6.01 -7.26 2.05 22.07 2.4 45.407789 11.899452 0 0
5.74 -6.6 1.93 21.97 2.4 45.407789 11.899452 1 0
5.88 -7.73 2.39 21.47 2.4 45.407789 11.899452 0 0
5.72 -8.74 2.84 21.97 2.4 45.407789 11.899452 1 0
5.4 -8.46 2.53 21.21 2.4 45.407789 11.899452 1 0
5.32 -7.91 1.86 21.81 2.4 45.407789 11.899452 1 0
5.47 -7.72 1.57 22.64 2.4 45.407789 11.899452 1 0
5.86 -7.68 1.74 22.12 2.4 45.407789 11.899452 1 0
