5.87 -7.79 1.66 21.93 2.88 45.408356 11.889924 1
6.07 -8.18 1.63 21.95 2.88 45.408356 11.889924 1
5.47 -8.08 1.43 22.05 2.88 45.408356 11.889924 1
6.03 -7.63 1.5 22.45 2.88 45.408356 11.889924 1
5.84 -7.74 1.65 22.5 2.88 45.408356 11.889924 1
5.86 -7.82 1.31 21.59 2.88 45.408356 11.889924 1
5.96 -8.24 1.88 21.56 2.88 45.408356 11.889924 1
6.01 -7.76 2.13 21.63 2.88 45.408356 11.889924 1
6.02 -7.69 1.95 22.11 2.88 45.408356 11.889924 1
5.96 -7.5 1.8 22.16 2.88 45.408356 11.889924 1
6.01 -7.74 1.62 22.11 2.88 45.408356 11.889924 1
6.1 -8.0 1.46 22.02 2.88 45.408356 11.889924 1
5.92 -8.11 1.81 21.49 2.88 45.408356 11.889924 1
5.91 -7.76 2.23 21.8 1.91 45.408352 11.889898 0
5.57 -8.0 2.17 22.4 1.91 45.408352 11.889898 1
5.55 -7.75 1.48 22.45 1.91 45.408352 11.889898 0
5.9 -8.01 1.69 21.97 1.91 45.408352 11.889898 1
6.17 -7.93 1.8 22.02 1.91 45.408352 11.889898 1
5.98 -7.82 1.9 22.47 1.91 45.408352 11.889898 1
5.84 -7.28 1.9 22.04 1.91 45.408352 11.889898 1
6.04 -7.82 1.79 21.83 1.91 45.408352 11.889898 1
6.28 -7.86 1.69 21.83 1.91 45.408352 11.889898 1
5.95 -7.93 1.75 22.05 1.91 45.408352 11.889898 1
5.9 -7.9 1.52 22.05 1.91 45.408352 11.889898 1
5.97 -8.01 1.59 22.12 1.91 45.408352 11.889898 1
5.63 -7.77 1.41 22.16 1.91 45.408352 11.889898 1
5.64 -8.16 1.65 22.47 1.91 45.408352 11.889898 1
5.67 -8.01 1.98 21.56 1.91 45.408352 11.889898 1
5.75 -7.93 1.96 22.02 1.91 45.408352 11.889898 1
5.92 -7.81 1.57 21.95 1.91 45.408352 11.889898 1
5.83 -7.53 1.88 21.99 1.91 45.408352 11.889898 1
6.02 -7.99 1.98 21.97 2.06 45.408351 11.889870 0
6.08 -7.9 1.56 21.87 2.06 45.408351 11.889870 1
6.2 -7.7 1.64 21.9 2.06 45.408351 11.889870 0
6.14 -7.94 1.75 21.93 2.06 45.408351 11.889870 1
