5.63 -8.2 2.15 21.63 2.31 45.406279 11.894081 1 0
5.72 -7.84 1.93 23.56 2.31 45.406279 11.894081 1 0
5.85 -8.51 1.62 22.81 2.31 45.406279 11.894081 1 0
5.28 -6.46 2.06 23.2 2.31 45.406279 11.894081 1 0
5.97 -8.48 1.57 22.6 2.31 45.406279 11.894081 1 0
6.33 -8.16 1.65 21.92 2.31 45.406279 11.894081 1 0
6.24 -8.16 1.56 21.99 2.31 45.406279 11.894081 1 0
5.88 -8.02 1.66 22.04 2.31 45.406279 11.894081 1 0
5.69 -7.36 1.71 21.95 2.31 45.406279 11.894081 1 0
5.88 -7.89 1.64 21.97 2.31 45.406279 11.894081 1 0
5.67 -8.07 1.49 22.74 2.31 45.406279 11.894081 1 0
5.55 -7.78 1.87 21.81 1.58 45.406280 11.894106 0 0
5.69 -8.01 1.83 22.35 1.58 45.406280 11.894106 1 0
5.62 -7.9 1.71 21.81 1.58 45.406280 11.894106 0 0
6.22 -7.75 1.99 21.85 1.58 45.406280 11.894106 1 0
5.99 -7.75 1.86 25.81 1.58 45.406280 11.894106 1 0
5.9 -7.83 2.07 21.93 1.58 45.406280 11.894106 1 0
5.94 -7.41 1.96 22.45 1.58 45.406280 11.894106 1 0
5.99 -7.84 1.83 22.4 1.58 45.406280 11.894106 1 0
6.48 -8.11 1.65 22.05 1.58 45.406280 11.894106 1 0
5.83 -7.82 1.74 22.45 1.58 45.406280 11.894106 1 0
5.82 -7.76 1.97 22.5 1.58 45.406280 11.894106 1 0
5.71 -7.9 1.9 22.09 1.58 45.406280 11.894106 1 0
5.81 -7.93 2.15 22.07 1.58 45.406280 11.894106 1 0
5.53 -8.22 1.67 22.09 1.58 45.406280 11.894106 1 0
5.68 -7.83 1.69 22.11 1.58 45.406280 11.894106 1 0
5.97 -7.94 1.59 22.05 1.58 45.406280 11.894106 1 0
5.55 -8.03 1.81 21.75 1.58 45.406280 11.894106 1 0
5.9 -7.32 1.75 22.31 1.81 45.406283 11.894130 0 0
5.75 -7.82 2.02 21.83 1.81 45.406283 11.894130 1 0
6.23 -7.86 1.56 21.83 1.81 45.406283 11.894130 0 0
5.69 -7.55 1.82 21.78 1.81 45.406283 11.894130 1 0
6.21 -7.88 1.79 21.83 1.81 45.406283 11.894130 1 0
5.84 -7.79 1.84 22.76 1.81 45.406283 11.894130 1 0
6.03 -7.85 1.81 21.8 1.81 45.406283 11.894130 1 0
