5.16 -7.2 1.55 25.26 1.25 45.406306 11.894316 1 1
5.3 -5.49 0.8 25.74 1.25 45.406306 11.894316 1 1
3.21 -4.81 1.42 23.98 1.25 45.406306 11.894316 1 1
5.7 -11.95 6.5 22.09 1.25 45.406306 11.894316 1 1
3.85 -13.66 1.05 20.41 1.25 45.406306 11.894316 1 1
6.88 -9.8 1.71 21.51 1.25 45.406306 11.894316 1 1
5.75 -7.61 1.85 22.4 1.25 45.406306 11.894316 1 1
4.37 -4.55 1.67 27.17 1.25 45.406306 11.894316 1 1
5.29 -6.48 0.29 22.81 1.25 45.406306 11.894316 1 1
6.61 -7.35 1.84 20.56 1.25 45.406306 11.894316 1 1
6.94 -9.55 2.42 20.22 1.25 45.406306 11.894316 1 1
5.93 -8.64 1.65 22.6 2.57 45.406314 11.894351 0 1
4.48 -6.93 2.06 24.35 2.57 45.406314 11.894351 1 1
3.97 -3.76 1.6 23.67 2.57 45.406314 11.894351 0 1
7.71 -7.25 2.38 23.8 2.57 45.406314 11.894351 1 1
5.52 -10.41 1.22 22.76 2.57 45.406314 11.894351 1 1
6.56 -8.74 2.32 22.42 2.57 45.406314 11.894351 1 1
4.61 -7.62 1.99 21.2 2.57 45.406314 11.894351 1 1
5.09 -8.0 1.62 20.13 2.57 45.406314 11.894351 1 1
10.08 -8.32 1.49 21.81 2.57 45.406314 11.894351 1 1
6.68 -7.88 1.39 23.39 2.57 45.406314 11.894351 1 1
5.13 -7.0 1.3 23.14 2.57 45.406314 11.894351 1 1
5.44 -7.53 1.41 22.4 2.57 45.406314 11.894351 1 1
4.9 -5.89 2.34 23.77 2.57 45.406314 11.894351 1 1
6.17 -9.86 2.55 22.04 2.57 45.406314 11.894351 1 1
6.86 -8.14 2.05 22.07 2.57 45.406314 11.894351 1 1
4.57 -7.41 0.83 22.93 2.57 45.406314 11.894351 1 1
5.75 -8.36 1.69 21.93 2.57 45.406314 11.894351 1 1
5.85 -7.86 1.74 21.28 2.99 45.406318 11.894391 0 1
6.65 -7.54 1.98 21.76 2.99 45.406318 11.894391 1 1
4.76 -9.56 1.67 21.8 2.99 45.406318 11.894391 0 1
6.53 -7.74 2.46 21.87 2.99 45.406318 11.894391 1 1
5.05 -6.51 1.78 22.64 2.99 45.406318 11.894391 1 1
5.56 -7.88 1.96 22.79 2.99 45.406318 11.894391 1 1
6.7 -7.04 1.61 22.21 2.99 45.406318 11.894391 1 1
