6.13 -8.34 1.75 22.29 3.05 45.406300 11.894262 1 0
5.82 -7.6 1.81 23.63 3.05 45.406300 11.894262 1 0
5.43 -7.54 1.64 22.98 3.05 45.406300 11.894262 1 0
5.77 -7.37 1.66 21.97 3.05 45.406300 11.894262 1 0
5.66 -7.33 1.89 21.69 3.05 45.406300 11.894262 1 0
5.77 -9.62 2.31 21.69 3.05 45.406300 11.894262 1 0
7.12 -8.95 -0.53 21.66 3.05 45.406300 11.894262 1 0
4.74 -6.68 1.99 22.4 3.05 45.406300 11.894262 1 0
5.57 -7.47 1.74 22.47 3.05 45.406300 11.894262 1 0
5.77 -7.71 1.28 21.64 3.05 45.406300 11.894262 1 0
6.18 -7.52 1.73 21.25 3.05 45.406300 11.894262 1 0
6.03 -8.83 1.69 21.63 2.46 45.406298 11.894299 0 0
5.91 -7.75 1.73 21.93 2.46 45.406298 11.894299 1 0
6.29 -7.54 1.83 21.85 2.46 45.406298 11.894299 0 0
5.39 -7.14 1.97 21.8 2.46 45.406298 11.894299 1 0
6.18 -7.87 1.86 21.69 2.46 45.406298 11.894299 1 0
6.21 -7.85 1.85 21.88 2.46 45.406298 11.894299 1 0
5.94 -8.69 1.76 21.88 2.46 45.406298 11.894299 1 0
5.41 -8.02 1.87 21.68 2.46 45.406298 11.894299 1 0
5.39 -7.26 1.63 21.64 2.46 45.406298 11.894299 1 0
5.56 -7.94 1.73 21.54 2.46 45.406298 11.894299 1 0
6.04 -8.0 2.47 21.81 2.46 45.406298 11.894299 1 0
5.78 -7.67 1.86 21.64 2.46 45.406298 11.894299 1 0
6.45 -7.97 1.75 22.29 2.46 45.406298 11.894299 1 0
5.65 -7.48 1.91 23.22 2.46 45.406298 11.894299 1 0
5.56 -7.87 1.69 23.43 2.46 45.406298 11.894299 1 0
6.09 -7.97 1.82 22.52 2.46 45.406298 11.894299 1 0
5.51 -7.62 1.69 21.64 2.46 45.406298 11.894299 1 0
5.74 -8.24 1.75 21.49 1.25 45.406306 11.894316 0 0
5.62 -8.59 1.58 21.54 1.25 45.406306 11.894316 1 0
5.4 -7.63 1.73 23.07 1.25 45.406306 11.894316 0 0
5.09 -7.07 1.77 21.73 1.25 45.406306 11.894316 1 0
5.65 -5.54 1.54 21.13 1.25 45.406306 11.894316 1 0
10.21 -8.87 2.05 20.51 1.25 45.406306 11.894316 1 0
5.95 -12.06 1.68 21.93 1.25 45.406306 11.894316 1 0
