6.02 -7.96 1.77 21.78 2.62 45.408019 11.888593 1 0
6.28 -7.66 1.5 21.9 2.62 45.408019 11.888593 1 0
6.21 -7.45 1.54 21.9 2.62 45.408019 11.888593 1 0
6.03 -7.59 1.65 21.66 2.62 45.408019 11.888593 1 0
6.12 -7.72 1.65 22.04 2.62 45.408019 11.888593 1 0
6.32 -7.7 1.69 22.52 2.62 45.408019 11.888593 1 0
6.28 -7.78 1.74 22.07 2.62 45.408019 11.888593 1 0
6.0 -7.9 1.62 22.12 2.62 45.408019 11.888593 1 0
5.74 -7.83 1.45 22.17 2.62 45.408019 11.888593 1 0
5.74 -7.72 1.51 22.04 2.62 45.408019 11.888593 1 0
6.0 -7.79 1.72 21.9 2.62 45.408019 11.888593 1 0
6.16 -7.91 1.87 21.4 2.62 45.408019 11.888593 1 0
6.02 -7.86 1.99 22.02 2.42 45.408024 11.888569 0 0
5.9 -7.65 2.11 22.12 2.42 45.408024 11.888569 1 0
6.05 -7.51 2.07 22.11 2.42 45.408024 11.888569 0 0
6.23 -7.65 1.87 23.22 2.42 45.408024 11.888569 1 0
6.19 -7.93 1.75 21.87 2.42 45.408024 11.888569 1 0
6.07 -8.02 1.85 21.76 2.42 45.408024 11.888569 1 0
5.98 -7.82 1.99 21.93 2.42 45.408024 11.888569 1 0
5.86 -7.66 2.0 21.93 2.42 45.408024 11.888569 1 0
5.76 -7.75 1.99 21.99 2.42 45.408024 11.888569 1 0
5.76 -7.92 2.04 21.99 2.42 45.408024 11.888569 1 0
5.83 -7.92 2.0 22.0 2.42 45.408024 11.888569 1 0
5.97 -7.74 1.75 22.47 2.42 45.408024 11.888569 1 0
6.13 -7.71 1.51 22.05 2.42 45.408024 11.888569 1 0
6.15 -7.86 1.57 22.48 2.42 45.408024 11.888569 1 0
6.08 -7.84 1.8 23.36 2.42 45.408024 11.888569 1 0
6.13 -7.63 1.86 22.05 2.42 45.408024 11.888569 1 0
6.21 -7.68 1.72 21.9 2.42 45.408024 11.888569 1 0
6.1 -7.88 1.67 21.83 1.74 45.408034 11.888561 0 0
6.01 -7.75 1.78 21.9 1.74 45.408034 11.888561 1 0
6.13 -7.63 1.73 21.85 1.74 45.408034 11.888561 0 0
6.09 -7.94 1.47 22.21 1.74 45.408034 11.888561 1 0
5.77 -8.13 1.36 21.95 1.74 45.408034 11.888561 1 0
5.67 -7.87 1.58 22.31 1.74 45.408034 11.888561 1 0
