5.69 -7.59 1.68 21.75 2.7 45.408017 11.888668 0
6.28 -7.32 1.77 21.76 2.7 45.408017 11.888668 0
6.72 -8.03 1.69 21.33 2.7 45.408017 11.888668 1
6.55 -7.23 1.85 22.14 2.7 45.408017 11.888668 1
6.12 -7.45 1.77 22.35 2.7 45.408017 11.888668 1
6.11 -7.3 1.65 22.21 2.7 45.408017 11.888668 1
6.25 -7.72 1.35 21.54 2.7 45.408017 11.888668 1
6.11 -8.22 1.33 22.0 2.7 45.408017 11.888668 1
5.49 -8.71 1.66 22.05 2.7 45.408017 11.888668 1
5.44 -7.95 1.3 22.05 2.7 45.408017 11.888668 1
6.0 -7.58 1.75 21.92 2.7 45.408017 11.888668 1
5.78 -7.72 1.48 21.92 2.7 45.408017 11.888668 1
5.81 -8.06 1.7 22.42 2.7 45.408017 11.888668 1
6.19 -7.67 1.84 22.05 2.7 45.408017 11.888668 1
6.28 -7.45 1.94 22.05 2.7 45.408017 11.888668 1
6.11 -7.59 2.18 22.36 2.7 45.408017 11.888668 1
6.13 -7.63 1.92 21.78 2.7 45.408017 11.888668 1
6.27 -7.59 1.62 22.16 3.48 45.408017 11.888632 0
6.22 -7.88 1.82 21.83 3.48 45.408017 11.888632 1
5.67 -8.02 1.95 22.0 3.48 45.408017 11.888632 0
5.9 -7.58 1.86 22.31 3.48 45.408017 11.888632 1
5.78 -8.07 1.84 22.02 3.48 45.408017 11.888632 1
5.88 -7.89 1.73 21.9 3.48 45.408017 11.888632 1
5.84 -7.99 2.23 22.36 3.48 45.408017 11.888632 1
5.98 -7.94 2.14 22.42 3.48 45.408017 11.888632 1
5.8 -7.67 1.92 22.36 3.48 45.408017 11.888632 1
6.17 -7.68 1.92 21.95 3.48 45.408017 11.888632 1
6.03 -7.8 1.77 21.92 3.48 45.408017 11.888632 1
5.94 -7.51 1.68 22.09 3.48 45.408017 11.888632 1
6.07 -7.49 1.91 22.02 3.48 45.408017 11.888632 1
6.25 -7.58 1.77 22.42 3.48 45.408017 11.888632 1
6.04 -7.93 1.99 21.95 3.48 45.408017 11.888632 1
5.75 -8.08 1.52 22.02 3.48 45.408017 11.888632 1
5.62 -7.68 1.52 21.45 3.48 45.408017 11.888632 1
5.82 -7.98 1.69 21.83 2.23 45.408017 11.888609 0
