5.92 -7.97 1.51 22.0 2.76 45.407992 11.888264 1
5.65 -7.88 1.74 21.63 2.76 45.407992 11.888264 0
5.48 -7.62 1.61 21.76 2.76 45.407992 11.888264 1
6.0 -7.77 1.75 21.73 2.76 45.407992 11.888264 1
6.13 -8.4 1.89 21.69 2.76 45.407992 11.888264 1
6.0 -7.44 1.47 21.45 2.76 45.407992 11.888264 1
6.01 -8.38 1.56 21.49 2.76 45.407992 11.888264 1
5.5 -7.11 1.87 21.93 2.76 45.407992 11.888264 1
5.89 -7.7 1.95 22.16 2.76 45.407992 11.888264 1
6.24 -7.53 1.92 22.47 2.76 45.407992 11.888264 1
6.02 -8.11 1.77 22.07 2.76 45.407992 11.888264 1
5.99 -8.03 2.18 21.56 2.76 45.407992 11.888264 1
5.41 -7.64 1.78 21.85 2.76 45.407992 11.888264 1
5.8 -7.53 1.85 21.08 2.76 45.407992 11.888264 1
5.15 -6.1 1.63 21.23 2.76 45.407992 11.888264 1
10.13 -9.23 1.0 21.03 2.76 45.407992 11.888264 1
6.84 -10.65 1.42 22.4 2.76 45.407992 11.888264 1
4.21 -6.31 2.08 25.24 1.89 45.407988 11.888235 0
3.95 -7.73 1.27 25.52 1.89 45.407988 11.888235 1
2.95 -1.73 2.08 22.19 1.89 45.407988 11.888235 0
8.16 -10.16 0.31 20.15 1.89 45.407988 11.888235 1
4.11 -16.4 4.38 20.56 1.89 45.407988 11.888235 1
5.74 -6.14 2.07 22.09 1.89 45.407988 11.888235 1
4.18 -5.25 1.62 22.12 1.89 45.407988 11.888235 1
5.4 -6.82 2.03 22.0 1.89 45.407988 11.888235 1
5.47 -7.73 2.44 21.87 1.89 45.407988 11.888235 1
6.82 -7.89 0.9 21.66 1.89 45.407988 11.888235 1
6.57 -8.91 1.45 22.04 1.89 45.407988 11.888235 1
6.06 -7.33 1.76 22.16 1.89 45.407988 11.888235 1
6.2 -6.72 1.92 22.21 1.89 45.407988 11.888235 1
6.2 -7.54 1.84 21.61 1.89 45.407988 11.888235 1
5.94 -7.99 1.59 21.95 1.89 45.407988 11.888235 1
6.14 -8.32 1.36 22.0 1.89 45.407988 11.888235 1
5.85 -7.62 1.73 22.0 1.89 45.407988 11.888235 1
5.87 -7.83 1.44 21.51 2.41 45.407966 11.888227 0
