6.26 -7.73 1.77 21.9 3.52 45.407842 11.899712 1
5.96 -7.35 1.62 22.42 3.52 45.407842 11.899712 1
6.03 -7.61 1.66 21.71 3.52 45.407842 11.899712 1
6.07 -7.39 1.74 22.02 3.52 45.407842 11.899712 1
6.36 -7.84 1.67 22.0 3.52 45.407842 11.899712 1
5.97 -8.03 1.83 22.05 3.52 45.407842 11.899712 1
5.51 -7.97 1.55 22.11 3.52 45.407842 11.899712 1
5.56 -7.8 1.87 22.54 3.52 45.407842 11.899712 1
5.79 -8.08 1.92 21.99 3.52 45.407842 11.899712 1
5.89 -7.94 2.07 21.95 3.52 45.407842 11.899712 1
5.88 -7.85 1.9 21.59 3.52 45.407842 11.899712 1
5.99 -8.01 2.05 21.54 3.52 45.407842 11.899712 1
5.88 -7.53 1.85 21.49 3.25 45.407848 11.899754 0
5.99 -7.56 2.32 21.85 3.25 45.407848 11.899754 1
6.47 -7.64 2.24 21.37 3.25 45.407848 11.899754 0
6.32 -7.53 2.07 21.8 3.25 45.407848 11.899754 1
6.34 -7.51 2.12 21.9 3.25 45.407848 11.899754 1
6.22 -7.42 1.99 22.0 3.25 45.407848 11.899754 1
5.86 -7.46 2.32 21.83 3.25 45.407848 11.899754 1
5.88 -7.73 2.15 21.4 3.25 45.407848 11.899754 1
5.97 -8.22 1.99 21.56 3.25 45.407848 11.899754 1
5.86 -7.73 1.96 22.05 3.25 45.407848 11.899754 1
5.95 -7.85 2.04 22.11 3.25 45.407848 11.899754 1
5.73 -7.57 1.94 22.52 3.25 45.407848 11.899754 1
5.99 -7.89 1.58 22.02 3.25 45.407848 11.899754 1
6.1 -7.78 1.45 21.59 3.25 45.407848 11.899754 1
5.94 -7.45 1.96 22.0 3.25 45.407848 11.899754 1
6.17 -7.78 2.03 21.95 3.25 45.407848 11.899754 1
6.42 -7.57 1.93 21.73 3.25 45.407848 11.899754 1
6.48 -7.35 1.79 21.87 3.25 45.407848 11.899754 1
6.14 -7.68 1.46 21.87 3.25 45.407858 11.899793 0
5.44 -8.18 1.9 21.85 3.25 45.407858 11.899793 1
5.45 -8.19 1.89 21.84 3.25 45.407858 11.899793 1
5.43 -8.19 1.9 21.84 3.25 45.407858 11.899793 1
5.44 -8.18 1.91 21.85 3.25 45.407858 11.899793 1
