6.34 -8.04 2.1 21.75 2.34 45.406366 11.895530 0
5.41 -8.33 2.06 21.85 2.34 45.406366 11.895530 1
5.23 -8.09 1.76 22.0 2.34 45.406366 11.895530 0
5.88 -7.6 1.66 22.4 2.34 45.406366 11.895530 1
6.11 -7.63 1.79 21.87 2.34 45.406366 11.895530 1
5.86 -8.03 1.88 22.23 2.34 45.406366 11.895530 1
5.84 -8.17 1.83 21.71 2.34 45.406366 11.895530 1
5.85 -8.05 1.8 22.0 2.34 45.406366 11.895530 1
5.57 -7.95 1.82 22.05 2.34 45.406366 11.895530 1
5.5 -7.87 1.72 22.05 2.34 45.406366 11.895530 1
5.87 -7.86 1.51 22.42 2.34 45.406366 11.895530 1
6.13 -7.98 1.45 21.87 2.34 45.406366 11.895530 1
5.97 -8.1 1.61 22.0 2.34 45.406366 11.895530 1
5.72 -8.08 1.81 23.32 2.34 45.406366 11.895530 1
5.62 -8.0 1.9 23.38 2.34 45.406366 11.895530 1
5.59 -7.87 1.96 22.64 2.34 45.406366 11.895530 1
5.61 -7.76 2.03 22.47 2.34 45.406366 11.895530 1
5.78 -7.9 2.01 21.83 2.46 45.406363 11.895563 0
5.96 -8.19 1.86 21.92 2.46 45.406363 11.895563 1
5.89 -8.21 1.75 21.85 2.46 45.406363 11.895563 0
5.6 -7.94 1.77 26.38 2.46 45.406363 11.895563 1
5.53 -7.79 1.83 22.45 2.46 45.406363 11.895563 1
5.77 -7.86 1.82 22.42 2.46 45.406363 11.895563 1
5.86 -7.92 1.7 22.07 2.46 45.406363 11.895563 1
5.74 -7.97 1.51 22.47 2.46 45.406363 11.895563 1
5.81 -8.14 1.42 22.11 2.46 45.406363 11.895563 1
5.97 -8.14 1.51 22.05 2.46 45.406363 11.895563 1
5.81 -7.89 1.63 22.05 2.46 45.406363 11.895563 1
5.55 -7.77 1.71 22.12 2.46 45.406363 11.895563 1
5.65 -7.91 1.82 22.47 2.46 45.406363 11.895563 1
5.85 -7.95 1.87 22.47 2.46 45.406363 11.895563 1
5.8 -7.91 1.7 22.11 2.46 45.406363 11.895563 1
5.71 -8.01 1.53 23.34 2.46 45.406363 11.895563 1
5.74 -7.95 1.69 21.97 2.46 45.406363 11.895563 1
5.68 -7.57 1.96 22.35 2.46 45.406363 11.895563 1
