5.6 -7.77 1.61 21.9 2.95 45.406370 11.895384 0
5.73 -7.59 1.67 22.81 2.95 45.406370 11.895384 1
5.71 -7.62 1.76 22.26 2.95 45.406370 11.895384 0
5.77 -7.88 1.95 22.26 2.95 45.406370 11.895384 1
5.63 -8.09 2.5 23.22 2.95 45.406370 11.895384 1
5.21 -8.12 2.83 22.45 2.95 45.406370 11.895384 1
5.22 -7.97 2.35 22.36 2.95 45.406370 11.895384 1
5.79 -7.78 1.88 21.99 2.95 45.406370 11.895384 1
5.92 -7.88 2.11 22.43 2.95 45.406370 11.895384 1
5.43 -8.17 2.32 22.0 2.95 45.406370 11.895384 1
5.27 -8.08 1.99 22.47 2.95 45.406370 11.895384 1
5.61 -7.83 1.69 22.52 2.95 45.406370 11.895384 1
5.74 -7.94 1.69 22.59 2.95 45.406370 11.895384 1
5.54 -8.05 1.75 22.07 2.95 45.406370 11.895384 1
5.49 -7.85 2.0 22.47 2.95 45.406370 11.895384 1
5.58 -7.99 2.29 22.52 2.95 45.406370 11.895384 1
5.46 -8.41 2.02 22.04 2.95 45.406370 11.895384 1
5.18 -8.26 1.56 23.02 3.18 45.406369 11.895423 0
5.16 -7.87 1.8 21.88 3.18 45.406369 11.895423 1
5.43 -8.06 2.24 21.75 3.18 45.406369 11.895423 0
5.53 -8.29 1.98 23.19 3.18 45.406369 11.895423 1
5.37 -7.91 1.62 21.9 3.18 45.406369 11.895423 1
5.42 -7.62 1.87 21.8 3.18 45.406369 11.895423 1
5.69 -7.86 2.17 22.21 3.18 45.406369 11.895423 1
5.73 -8.0 2.01 22.52 3.18 45.406369 11.895423 1
5.63 -7.77 1.81 22.81 3.18 45.406369 11.895423 1
5.73 -7.53 1.86 22.4 3.18 45.406369 11.895423 1
5.91 -7.59 1.86 23.05 3.18 45.406369 11.895423 1
6.0 -8.07 1.77 22.48 3.18 45.406369 11.895423 1
5.99 -8.5 1.78 22.47 3.18 45.406369 11.895423 1
5.79 -8.25 1.8 22.0 3.18 45.406369 11.895423 1
5.6 -7.86 1.61 21.93 3.18 45.406369 11.895423 1
5.78 -7.99 1.47 22.28 3.18 45.406369 11.895423 1
5.97 -8.04 1.6 21.93 3.18 45.406369 11.895423 1
5.75 -7.68 1.76 22.45 3.18 45.406369 11.895423 1
