5.74 -8.06 1.75 21.37 2.81 45.406369 11.895308 0
5.75 -7.89 1.73 21.83 2.81 45.406369 11.895308 1
5.69 -7.67 1.51 21.92 2.81 45.406369 11.895308 0
5.74 -7.81 1.59 22.23 2.81 45.406369 11.895308 1
5.92 -7.97 2.0 21.8 2.81 45.406369 11.895308 1
5.91 -7.82 2.23 22.19 2.81 45.406369 11.895308 1
5.66 -7.74 2.06 22.24 2.81 45.406369 11.895308 1
5.58 -7.95 1.76 22.86 2.81 45.406369 11.895308 1
5.84 -7.97 1.53 22.05 2.81 45.406369 11.895308 1
6.08 -7.73 1.38 22.42 2.81 45.406369 11.895308 1
6.03 -7.73 1.4 22.47 2.81 45.406369 11.895308 1
5.78 -7.92 1.59 22.48 2.81 45.406369 11.895308 1
5.55 -7.83 1.81 22.57 2.81 45.406369 11.895308 1
5.54 -7.69 1.91 22.05 2.81 45.406369 11.895308 1
5.73 -7.83 1.89 22.04 2.81 45.406369 11.895308 1
5.81 -7.96 1.78 22.36 2.81 45.406369 11.895308 1
5.67 -7.87 1.6 22.93 2.81 45.406369 11.895308 1
5.74 -7.85 1.48 21.73 3.14 45.406371 11.895345 0
6.18 -7.99 1.48 23.12 3.14 45.406371 11.895345 1
6.37 -8.02 1.6 22.6 3.14 45.406371 11.895345 0
5.98 -7.8 1.78 23.12 3.14 45.406371 11.895345 1
5.52 -7.41 1.96 24.83 3.14 45.406371 11.895345 1
5.65 -7.38 1.92 23.5 3.14 45.406371 11.895345 1
6.28 -8.24 1.55 22.98 3.14 45.406371 11.895345 1
6.61 -9.3 1.24 21.9 3.14 45.406371 11.895345 1
6.03 -9.1 1.37 24.87 3.14 45.406371 11.895345 1
5.2 -7.89 1.67 22.07 3.14 45.406371 11.895345 1
5.39 -7.36 1.72 22.05 3.14 45.406371 11.895345 1
6.29 -7.82 1.62 22.71 3.14 45.406371 11.895345 1
6.39 -8.21 1.55 22.05 3.14 45.406371 11.895345 1
5.63 -8.21 1.47 22.42 3.14 45.406371 11.895345 1
5.29 -8.16 1.5 22.79 3.14 45.406371 11.895345 1
5.55 -8.03 1.83 22.36 3.14 45.406371 11.895345 1
5.58 -7.85 2.07 22.29 3.14 45.406371 11.895345 1
5.45 -7.82 1.86 23.12 3.14 45.406371 11.895345 1
