5.79 -8.0 1.5 21.92 3.14 45.408292 11.889785 1 NO
5.86 -7.94 1.72 21.76 3.46 45.408271 11.889742 0
5.78 -7.89 1.98 21.9 3.46 45.408271 11.889742 1
5.82 -7.61 2.03 22.0 3.46 45.408271 11.889742 0
6.02 -7.39 1.98 21.92 3.46 45.408271 11.889742 1
6.01 -7.61 1.95 21.44 3.46 45.408271 11.889742 1
5.84 -7.88 1.87 21.88 3.46 45.408271 11.889742 1
5.92 -7.85 1.83 21.85 3.46 45.408271 11.889742 1
5.98 -7.79 1.9 21.8 3.46 45.408271 11.889742 1
5.67 -7.8 1.93 22.07 3.46 45.408271 11.889742 1
5.6 -7.76 1.78 22.47 3.46 45.408271 11.889742 1
5.93 -7.93 1.65 22.04 3.46 45.408271 11.889742 1
5.86 -8.12 1.71 22.11 3.46 45.408271 11.889742 1
5.51 -7.79 1.86 21.66 3.46 45.408271 11.889742 1
5.76 -7.57 1.96 21.56 3.46 45.408271 11.889742 1
6.09 -8.06 2.04 21.99 3.46 45.408271 11.889742 1
5.6 -8.11 2.1 22.64 3.46 45.408271 11.889742 1
5.21 -7.09 1.96 22.21 3.46 45.408271 11.889742 1
5.97 -6.6 1.55 21.81 3.01 45.408253 11.889706 0
7.06 -7.24 1.23 21.8 3.01 45.408253 11.889706 1
7.3 -7.66 1.21 22.52 3.01 45.408253 11.889706 0
6.74 -7.8 1.19 24.54 3.01 45.408253 11.889706 1
6.31 -8.5 1.13 22.96 3.01 45.408253 11.889706 1
6.86 -8.72 1.43 23.62 3.01 45.408253 11.889706 1
7.73 -7.83 1.7 22.19 3.01 45.408253 11.889706 1
7.29 -7.57 1.2 21.03 3.01 45.408253 11.889706 1
5.87 -8.22 0.61 22.19 3.01 45.408253 11.889706 1
5.48 -7.82 1.04 25.12 3.01 45.408253 11.889706 1
6.01 -6.74 1.88 22.78 3.01 45.408253 11.889706 1
5.86 -7.17 1.93 22.23 3.01 45.408253 11.889706 1
5.42 -8.42 1.51 21.76 3.01 45.408253 11.889706 1
5.71 -8.37 1.47 21.99 3.01 45.408253 11.889706 1
5.92 -7.57 1.61 21.87 3.01 45.408253 11.889706 1
5.47 -7.53 1.68 22.17 3.01 45.408253 11.889706 1
5.41 -7.94 1.89 21.92 3.01 45.408253 11.889706 1
