5.73 -8.12 1.78 21.93 1.46 45.408425 11.890057 1 NO
5.78 -8.23 1.88 21.87 1.46 45.408425 11.890057 1
5.68 -8.07 1.93 22.02 1.46 45.408425 11.890057 1
5.5 -7.64 1.87 22.43 2.47 45.408410 11.890023 0
5.72 -7.41 1.85 21.97 2.47 45.408410 11.890023 1
6.21 -7.64 1.94 21.87 2.47 45.408410 11.890023 0
6.34 -7.91 1.96 21.97 2.47 45.408410 11.890023 1
6.05 -7.88 1.87 22.04 2.47 45.408410 11.890023 1
5.87 -7.7 1.74 22.09 2.47 45.408410 11.890023 1
5.95 -7.6 1.62 21.92 2.47 45.408410 11.890023 1
5.97 -7.79 1.54 21.35 2.47 45.408410 11.890023 1
5.79 -8.24 1.48 21.92 2.47 45.408410 11.890023 1
5.58 -8.33 1.45 22.09 2.47 45.408410 11.890023 1
5.55 -7.74 1.47 22.23 2.47 45.408410 11.890023 1
5.72 -7.34 1.5 22.54 2.47 45.408410 11.890023 1
5.96 -7.84 1.53 21.97 2.47 45.408410 11.890023 1
6.07 -8.47 1.64 21.47 2.47 45.408410 11.890023 1
5.95 -8.27 1.84 22.52 2.47 45.408410 11.890023 1
5.81 -7.58 1.92 22.17 2.47 45.408410 11.890023 1
5.89 -7.31 1.83 22.07 2.47 45.408410 11.890023 1
6.12 -7.61 1.76 21.51 2.83 45.408397 11.889990 0
6.17 -8.02 1.82 22.31 2.83 45.408397 11.889990 1
5.94 -8.14 1.87 21.99 2.83 45.408397 11.889990 0
5.68 -7.94 1.91 22.02 2.83 45.408397 11.889990 1
5.61 -7.72 2.0 22.11 2.83 45.408397 11.889990 1
5.72 -7.77 2.01 21.97 2.83 45.408397 11.889990 1
5.9 -8.01 1.9 21.87 2.83 45.408397 11.889990 1
5.96 -8.08 1.85 21.97 2.83 45.408397 11.889990 1
5.81 -7.83 1.91 21.81 2.83 45.408397 11.889990 1
5.73 -7.54 1.91 22.12 2.83 45.408397 11.889990 1
5.99 -7.6 1.85 22.02 2.83 45.408397 11.889990 1
6.27 -7.91 1.84 21.99 2.83 45.408397 11.889990 1
6.14 -7.99 1.82 21.68 2.83 45.408397 11.889990 1
5.82 -7.66 1.74 21.71 2.83 45.408397 11.889990 1
5.88 -7.44 1.67 22.07 2.83 45.408397 11.889990 1
