5.91 -7.51 1.29 22.40
5.97 -7.53 1.61 22.71
5.69 -7.29 2.37 22.66
5.97 -7.67 2.08 22.55
6.02 -8.12 2.02 21.92
6.24 -8.51 1.75 21.81
6.08 -8.12 1.73 21.90
6.08 -7.60 1.99 21.51
5.72 -7.95 2.06 22.31
6.09 -7.23 1.87 22.33
6.03 -7.90 1.75 21.95
5.75 -7.79 1.84 21.95
5.65 -7.98 1.90 22.12
5.55 -7.86 1.97 21.92
5.65 -7.89 1.65 21.95 1.95  45.408034 11.888675
5.93 -7.89 1.70 21.45
6.13 -7.74 1.95 21.85 1.95  45.408034 11.888675
6.17 -7.73 2.03 21.92
6.00 -7.63 1.77 21.95
6.10 -7.62 1.75 21.95
6.34 -7.83 1.84 21.95
6.07 -7.61 2.02 21.95
6.22 -7.60 1.75 22.11
6.11 -7.71 1.97 22.05
6.16 -7.80 1.72 22.48
5.78 -7.98 1.89 22.00
5.86 -8.03 1.55 22.11
5.76 -7.77 1.53 22.05
5.91 -7.82 1.74 22.11
6.14 -7.60 1.83 22.48
5.98 -8.07 1.64 21.90
5.78 -7.90 1.96 21.75 1.84  45.408041 11.888660
5.90 -8.04 1.92 21.80
6.11 -7.79 2.04 22.24 1.84  45.408041 11.888660
5.99 -7.66 1.94 21.85
6.39 -7.57 1.90 21.87
6.18 -7.71 1.97 22.33
6.00 -7.91 2.10 21.81
6.00 -7.55 2.10 22.02
6.10 -7.60 2.08 21.99
5.66 -8.04 1.91 22.11
5.66 -7.93 1.79 22.38
5.66 -8.01 1.49 22.28
5.97 -8.28 1.76 22.42
5.87 -8.09 1.83 22.52
5.83 -7.56 1.85 22.26
6.18 -7.68 1.74 22.26
5.98 -7.48 1.55 22.12
6.22 -7.51 1.96 21.95
6.16 -8.04 1.66 21.90 2.11  45.408047 11.888636
5.70 -7.79 1.82 21.87
5.95 -7.75 1.66 21.90 2.11  45.408047 11.888636
6.14 -7.95 1.78 21.90
5.94 -7.84 1.59 22.72
5.64 -7.80 1.78 22.33
5.80 -8.24 1.80 21.87
5.90 -7.59 1.75 22.21
6.17 -7.79 1.88 21.99
5.99 -7.66 1.87 22.02
6.01 -7.63 1.98 22.05
6.19 -7.64 2.11 22.16
6.09 -7.72 2.03 22.50
6.09 -7.62 2.04 22.02
5.98 -7.84 1.94 22.00
6.05 -7.59 1.92 22.05
6.08 -7.87 1.87 21.90
5.80 -7.86 1.93 21.85 2.64  45.408039 11.888609
5.77 -7.88 2.06 21.39
5.96 -7.99 1.82 22.24 2.64  45.408039 11.888609
5.80 -7.88 1.65 21.56
5.90 -7.14 1.59 21.95
6.09 -8.10 1.89 22.36
6.14 -7.74 1.64 21.73
6.19 -7.28 1.90 22.19
6.26 -7.90 1.78 21.45
6.26 -8.00 1.95 21.59
5.96 -7.47 1.90 22.00
6.03 -7.66 2.10 22.05
5.75 -7.96 1.76 22.07
5.92 -7.76 1.59 22.11
5.71 -7.78 1.92 21.64
5.67 -7.92 1.93 22.00
5.69 -8.12 2.08 21.52
5.78 -8.05 2.09 21.85
6.01 -7.57 1.88 21.81 2.76  45.408037 11.888576
6.17 -7.64 1.72 21.93
6.20 -7.57 2.11 22.00 2.76  45.408037 11.888576
5.95 -7.41 1.92 22.00
6.29 -7.51 1.93 22.23
6.19 -7.84 1.91 21.69
6.03 -8.00 2.34 21.83
5.83 -7.60 1.87 22.11
5.72 -7.88 1.78 22.21
5.58 -7.86 1.66 23.86
5.63 -8.13 1.65 22.43
5.82 -7.69 1.89 22.07
6.01 -8.07 1.64 22.05
5.90 -7.68 1.84 22.98
6.15 -7.52 1.68 22.48
6.29 -7.63 1.97 22.52
6.07 -7.85 1.86 22.00
6.08 -7.51 1.65 21.95 2.94  45.408033 11.888537
6.22 -7.73 1.74 22.42
6.00 -7.79 1.81 21.95 2.94  45.408033 11.888537
5.81 -7.84 2.01 21.97
5.74 -8.12 1.69 21.97
5.57 -7.92 1.69 21.97
5.42 -8.25 1.79 22.02
5.65 -8.04 1.68 22.00
6.03 -7.68 1.39 21.83
6.57 -7.65 1.72 22.52
5.81 -7.87 1.85 22.62
5.97 -7.43 2.00 22.48
6.13 -7.59 1.67 22.05
6.33 -7.85 1.75 21.61
6.14 -7.72 1.77 22.05
5.93 -7.88 1.78 22.54
5.92 -7.67 1.97 22.52
5.71 -7.87 1.99 22.83
5.50 -8.36 2.23 21.90 2.81  45.408029 11.888499
5.70 -7.83 1.68 21.81
6.02 -8.08 1.65 21.85 2.81  45.408029 11.888499
5.83 -7.81 1.76 21.95
6.12 -7.80 1.94 21.97
6.11 -7.61 1.84 21.92
6.03 -7.53 1.96 22.28
6.24 -7.99 1.78 21.81
6.24 -7.90 1.75 22.43
5.81 -7.70 2.10 22.90
5.95 -7.73 1.73 22.57
5.97 -8.18 1.60 23.58
5.44 -7.82 1.61 24.25
5.60 -8.06 1.38 22.47
6.23 -8.03 1.69 22.28
5.99 -7.67 1.65 22.71
6.09 -7.81 1.69 21.95
5.85 -7.84 1.99 22.42 2.43  45.408026 11.888463
5.98 -7.36 1.84 22.74
6.25 -7.77 1.84 22.33 2.43  45.408026 11.888463
5.92 -7.96 1.92 21.85
6.29 -7.93 1.97 22.35
6.18 -7.50 1.87 22.11
5.63 -7.50 2.00 23.00
5.31 -7.92 1.96 22.38
6.22 -8.08 1.99 22.05
5.59 -7.83 1.84 22.28
6.27 -8.49 1.67 23.12
5.85 -7.31 1.90 22.57
5.92 -6.86 1.95 22.47
6.23 -8.55 1.82 22.47
5.97 -7.92 1.72 22.04
6.17 -7.24 2.05 22.42
6.08 -7.51 1.44 21.95
6.00 -8.20 1.44 21.75
6.00 -7.76 1.75 21.85 3.01  45.408014 11.888429
5.84 -8.22 1.65 22.14
5.41 -7.55 1.52 22.93 3.01  45.408014 11.888429
6.08 -7.86 1.65 22.00
5.91 -7.85 1.97 21.90
6.14 -8.26 1.98 22.47
6.05 -7.72 2.18 22.35
5.94 -7.36 2.04 22.35
6.19 -7.82 1.82 22.11
5.90 -7.97 1.98 22.00
6.14 -7.54 1.68 22.11
5.91 -7.98 2.18 22.00
5.96 -7.68 2.15 22.48
5.92 -8.04 1.88 22.07
5.65 -7.63 2.02 23.79
6.02 -8.22 1.56 22.11
5.81 -7.33 1.75 21.95
6.10 -8.04 1.63 22.93 3.03  45.408000 11.888394
5.92 -7.77 1.70 22.79
6.01 -7.49 1.89 22.76
6.03 -8.02 1.87 21.80 3.03  45.408000 11.888394
6.79 -7.50 1.80 21.97
5.50 -7.85 1.60 22.42
6.14 -8.07 1.65 23.38
5.37 -7.76 1.85 22.16
6.06 -7.61 1.81 22.45
5.94 -9.02 1.69 22.57
5.64 -6.87 1.70 22.31
6.07 -8.24 1.97 22.02
5.88 -7.25 1.75 21.93
6.19 -8.43 1.72 21.95
6.17 -7.66 1.90 22.11
5.88 -7.94 2.06 21.61
5.92 -7.32 1.93 22.02
6.01 -7.96 2.01 22.31
6.19 -7.74 2.01 21.88 3.01  45.407994 11.888355
6.02 -7.87 1.76 21.87
5.59 -7.50 2.04 21.95 3.01  45.407994 11.888355
5.83 -8.35 1.99 21.95
5.74 -7.61 1.85 21.95
6.02 -8.01 1.75 22.43
5.74 -7.77 1.78 22.31
6.02 -7.66 1.94 21.92
6.15 -7.64 2.23 21.57
6.33 -7.72 1.84 21.63
5.88 -7.66 1.72 22.00
6.11 -7.62 1.62 22.00
6.14 -7.71 1.44 21.57
6.25 -7.78 1.67 21.97
5.82 -7.93 1.72 22.11
5.57 -7.98 1.59 22.16
5.69 -7.92 1.69 21.75
6.23 -7.60 1.72 22.07 3.07  45.407988 11.888316
5.93 -7.74 1.94 22.05
6.07 -8.17 1.50 22.00
5.89 -7.87 1.91 21.92 3.07  45.407988 11.888316
5.98 -7.64 1.88 21.45
6.59 -7.94 2.07 21.95
5.91 -7.54 2.05 21.90
6.21 -7.79 1.78 22.00
5.78 -7.77 1.99 21.80
5.65 -8.08 2.14 22.47
5.70 -8.29 1.96 22.09
5.89 -7.44 1.98 22.19
5.78 -7.62 1.77 22.16
6.03 -7.77 2.07 22.11
6.24 -7.74 1.91 22.05
6.20 -7.75 1.76 22.59
5.83 -7.61 1.62 22.16
6.07 -7.48 1.67 21.85
6.01 -7.76 1.71 21.85 2.39  45.407986 11.888284
5.89 -8.07 1.85 21.28
6.07 -7.85 1.65 21.76 2.39  45.407986 11.888284
5.41 -8.08 1.67 21.40
5.64 -7.14 1.79 22.16
6.16 -7.62 1.55 21.93
5.91 -7.82 1.80 22.19
5.97 -8.54 1.68 22.11
5.96 -7.06 1.93 22.05
5.50 -8.63 1.70 21.90
5.58 -7.63 1.68 21.75
5.79 -8.18 1.50 21.87
3.11 -7.24 1.59 20.67
8.76 -6.91 2.24 21.09
9.29 -7.15 2.32 22.76
3.69 -6.85 2.38 24.75
4.51 -7.15 1.09 24.64
3.76 -2.05 -0.89 26.27
4.03 -10.56 2.63 20.12 2.18  45.407981 11.888255
6.34 -15.97 1.57 20.84
4.95 -4.09 0.87 22.21 2.18  45.407981 11.888255
5.61 -5.19 2.15 22.11
5.97 -6.48 2.08 21.39
7.10 -7.42 2.38 21.85
7.07 -6.44 0.91 21.64
6.84 -9.00 2.15 21.75
5.29 -8.26 1.33 22.16
5.01 -7.16 1.60 22.31
5.32 -7.50 2.08 22.16
5.81 -8.45 1.70 21.95
5.87 -8.65 2.03 21.56
5.85 -7.78 1.99 21.75
6.19 -7.23 1.91 22.21
6.12 -7.27 2.37 22.11
6.38 -7.59 2.01 21.45
6.24 -8.04 1.74 21.95 2.46  45.407969 11.888225
6.03 -7.71 1.68 22.05
5.92 -7.58 1.88 21.59 2.46  45.407969 11.888225
5.93 -8.04 2.11 21.45
5.79 -8.05 1.92 21.95
5.75 -8.07 1.25 22.45
5.88 -7.78 1.47 22.00
5.96 -8.06 1.51 22.00
6.07 -7.51 2.06 21.64
6.43 -7.75 1.62 22.11
6.27 -7.40 1.64 22.02
6.36 -7.48 1.78 21.97
6.17 -7.67 1.73 21.95
5.94 -7.77 2.12 21.90
6.15 -7.71 1.47 21.85
5.77 -8.03 1.70 21.83
5.75 -7.92 1.78 21.44
5.73 -8.10 1.78 22.00
5.79 -7.59 1.53 22.04 3.27  45.407950 11.888194
5.98 -7.88 1.85 22.00
5.96 -7.40 2.11 22.04 3.27  45.407950 11.888194
6.21 -7.77 1.86 21.54
6.02 -7.98 1.92 21.87
6.40 -7.88 1.97 21.90
6.16 -7.53 2.18 22.00
6.04 -7.65 2.19 21.93
6.01 -7.55 2.02 21.64
5.77 -8.03 1.81 21.92
5.82 -8.18 1.98 21.49
5.86 -8.01 1.93 22.00
5.76 -7.67 1.92 22.11
5.67 -7.77 1.89 21.61
5.84 -7.74 1.74 22.00
5.89 -8.13 1.98 21.59
6.04 -7.70 1.70 21.49
6.07 -7.54 1.91 21.83 3.09  45.407934 11.888158
6.16 -7.69 1.77 21.80
6.00 -7.63 1.93 21.87 3.09  45.407934 11.888158
