5.69 -7.59 1.68 21.75
6.28 -7.32 1.77 21.76 2.70  45.408017 11.888668
6.72 -8.03 1.69 21.33
6.55 -7.23 1.85 22.14
6.12 -7.45 1.77 22.35
6.11 -7.30 1.65 22.21
6.25 -7.72 1.35 21.54
6.11 -8.22 1.33 22.00
5.49 -8.71 1.66 22.05
5.44 -7.95 1.30 22.05
6.00 -7.58 1.75 21.92
5.78 -7.72 1.48 21.92
5.81 -8.06 1.70 22.42
6.19 -7.67 1.84 22.05
6.28 -7.45 1.94 22.05
6.11 -7.59 2.18 22.36
6.13 -7.63 1.92 21.78
6.27 -7.59 1.62 22.16 3.48  45.408017 11.888632
6.22 -7.88 1.82 21.83
5.67 -8.02 1.95 22.00 3.48  45.408017 11.888632
5.90 -7.58 1.86 22.31
5.78 -8.07 1.84 22.02
5.88 -7.89 1.73 21.90
5.84 -7.99 2.23 22.36
5.98 -7.94 2.14 22.42
5.80 -7.67 1.92 22.36
6.17 -7.68 1.92 21.95
6.03 -7.80 1.77 21.92
5.94 -7.51 1.68 22.09
6.07 -7.49 1.91 22.02
6.25 -7.58 1.77 22.42
6.04 -7.93 1.99 21.95
5.75 -8.08 1.52 22.02
5.62 -7.68 1.52 21.45
5.82 -7.98 1.69 21.83 2.23  45.408017 11.888609
6.05 -7.61 1.75 22.00
6.17 -7.83 1.81 22.40 2.23  45.408017 11.888609
5.99 -7.76 1.71 21.97
5.92 -7.84 1.77 21.97
6.23 -7.94 2.03 21.80
6.00 -7.81 1.97 21.83
6.25 -7.61 1.66 21.90
6.06 -7.98 1.85 22.00
5.91 -7.74 1.74 22.05
5.83 -8.06 1.84 22.54
5.67 -7.76 2.07 22.16
5.73 -7.92 2.00 22.05
5.79 -7.88 1.75 22.05
5.77 -7.98 1.99 21.97
5.82 -7.85 1.78 22.00
5.96 -7.84 1.73 22.23
6.10 -7.67 1.68 21.90
6.11 -7.94 1.70 21.90 1.17  45.408017 11.888595
6.04 -7.75 1.67 21.90 1.17  45.408017 11.888595
5.94 -7.50 1.79 21.83
6.02 -7.66 1.86 22.35
6.20 -8.10 1.55 21.54
5.74 -8.14 1.78 21.99
5.64 -7.77 1.57 22.45
5.57 -8.00 1.59 22.00
6.24 -7.78 1.61 22.05
5.82 -7.81 1.81 22.47
5.98 -7.73 2.03 22.05
5.98 -7.95 1.75 21.57
6.14 -7.80 1.68 22.00
5.82 -7.62 1.83 21.59
6.10 -7.84 1.82 22.50
5.92 -7.73 1.85 22.43
5.81 -7.84 2.02 21.99
5.81 -7.78 2.09 22.76 2.47  45.408021 11.888573
5.71 -7.98 1.93 21.85
5.83 -8.02 1.67 21.88 2.47  45.408021 11.888573
6.03 -7.77 1.63 21.95
5.90 -7.81 1.82 22.11
5.76 -7.74 1.78 22.00
6.14 -7.35 2.09 21.75
5.94 -8.05 1.70 21.66
6.31 -7.88 1.66 21.76
6.10 -7.93 1.74 21.92
5.98 -7.55 1.82 22.00
5.92 -7.74 1.99 22.05
5.86 -8.01 1.33 22.16
5.37 -7.87 1.72 22.02
5.98 -7.81 1.68 22.38
6.05 -8.16 1.74 22.47
5.82 -7.71 1.93 21.95
5.91 -7.78 1.98 22.35
5.97 -7.45 2.07 22.00 3.23  45.408023 11.888538
5.91 -7.36 2.26 21.95
6.41 -8.01 1.82 21.83 3.23  45.408023 11.888538
6.07 -8.03 1.82 21.76
5.70 -7.64 2.24 21.80
5.84 -7.74 1.93 21.95
5.86 -7.77 1.66 21.54
5.84 -8.20 2.06 22.40
5.54 -7.62 1.85 22.57
5.99 -7.75 1.95 22.11
5.85 -7.97 2.08 22.02
5.97 -7.72 1.87 22.02
5.79 -7.49 1.81 22.05
5.90 -7.64 1.69 22.52
6.05 -7.73 1.80 22.47
6.27 -7.88 1.72 22.02
6.08 -7.74 1.55 21.83
6.04 -8.02 1.79 21.95 3.41  45.408020 11.888495
5.72 -7.66 1.63 21.92
5.63 -8.01 1.75 21.95 3.41  45.408020 11.888495
5.70 -7.98 1.76 22.69
5.77 -8.12 1.83 22.21
5.92 -7.81 1.82 21.85
5.95 -7.64 1.92 21.97
5.89 -7.68 2.00 22.78
5.96 -7.90 2.03 21.87
5.95 -7.76 1.89 21.97
6.27 -7.92 1.74 22.00
5.80 -7.86 1.75 22.14
5.77 -7.81 1.88 22.16
5.53 -7.88 2.00 22.05
5.96 -8.15 1.80 22.07
5.85 -7.95 2.05 22.11
6.03 -7.83 1.86 22.11
5.98 -7.76 1.65 22.05
6.02 -7.88 1.83 22.55 3.29  45.408010 11.888454
5.94 -7.66 1.42 22.55
5.95 -7.62 1.74 22.35 3.29  45.408010 11.888454
6.19 -7.99 1.92 22.66
6.07 -7.71 1.75 23.07
6.01 -7.88 1.79 21.90
5.80 -7.80 1.75 22.00
5.71 -7.37 1.92 22.79
5.71 -8.00 1.77 23.29
5.78 -8.00 1.56 21.95
6.34 -8.16 1.68 21.97
6.14 -7.66 1.94 23.12
5.59 -7.22 1.87 22.31
5.61 -8.32 1.66 21.95
6.65 -7.20 1.96 22.26
6.03 -8.05 1.51 22.28
5.96 -8.11 1.84 22.29
6.04 -7.44 1.94 22.00 2.87  45.408005 11.888416
5.70 -6.47 2.03 21.90
5.82 -9.50 1.68 22.35 2.87  45.408005 11.888416
5.63 -7.34 1.87 21.95
5.53 -8.34 1.53 21.81
5.85 -7.67 1.61 21.76
6.49 -7.98 1.65 21.80
6.20 -7.46 2.02 22.05
5.83 -7.45 1.54 22.40
6.19 -7.41 1.68 22.05
6.19 -8.12 1.60 21.97
6.18 -8.18 1.69 22.36
6.30 -7.55 2.24 21.95
5.80 -7.85 1.93 22.47
5.85 -8.00 1.64 23.34
5.46 -7.93 1.59 22.83
5.92 -7.95 1.52 22.40
5.97 -7.66 1.86 22.42
6.21 -7.72 1.90 21.85 3.13  45.408004 11.888377
6.07 -7.81 1.86 21.81
5.83 -7.79 1.96 22.29 3.13  45.408004 11.888377
6.38 -7.85 1.97 21.90
6.27 -7.83 1.83 21.88
5.80 -7.69 2.05 21.83
6.07 -7.89 1.93 21.95
5.76 -7.57 2.06 21.85
5.63 -8.30 1.78 22.38
6.16 -7.23 1.69 22.17
5.42 -7.69 1.53 22.05
6.02 -8.05 1.94 22.14
6.13 -8.22 1.64 22.19
6.32 -6.96 1.71 22.07
5.92 -8.51 1.79 22.21
6.05 -6.60 1.91 22.57
6.03 -8.54 1.97 21.85
6.21 -7.68 1.57 21.75 2.76  45.408002 11.888340
5.97 -8.54 1.58 21.49
5.43 -7.54 1.62 21.99 2.76  45.408002 11.888340
5.69 -7.54 1.81 21.95
6.01 -7.90 1.51 21.80
6.04 -8.04 1.87 21.95
5.94 -7.89 1.74 21.95
5.98 -7.09 2.35 21.93
6.08 -7.95 1.92 21.78
6.40 -7.61 2.01 22.00
6.25 -7.49 2.41 21.59
6.17 -7.77 1.94 22.07
5.79 -7.35 1.90 22.11
5.69 -8.00 1.79 22.05
5.46 -8.10 1.77 22.00
5.69 -8.22 1.71 21.97
5.80 -7.96 1.76 21.80
5.86 -7.72 1.81 21.93
6.00 -7.90 1.75 21.90 3.04  45.407997 11.888302
6.19 -7.70 1.61 21.92
6.28 -7.64 1.85 21.52 3.04  45.407997 11.888302
6.11 -7.87 1.44 22.04
5.94 -7.54 1.73 22.09
5.84 -7.75 1.80 22.00
6.03 -8.03 2.01 21.90
5.70 -8.18 1.70 21.80
5.74 -8.04 1.48 22.02
5.52 -7.99 1.78 22.11
5.82 -7.88 1.95 22.05
6.13 -7.59 2.04 22.00
6.22 -7.74 1.89 21.97
6.20 -7.84 1.81 22.54
6.11 -7.52 1.87 21.75
6.18 -7.52 1.77 22.16
6.04 -7.79 2.10 21.83
6.17 -7.88 1.89 21.92 2.76  45.407992 11.888264
5.92 -7.97 1.51 22.00
5.65 -7.88 1.74 21.63 2.76  45.407992 11.888264
5.48 -7.62 1.61 21.76
6.00 -7.77 1.75 21.73
6.13 -8.40 1.89 21.69
6.00 -7.44 1.47 21.45
6.01 -8.38 1.56 21.49
5.50 -7.11 1.87 21.93
5.89 -7.70 1.95 22.16
6.24 -7.53 1.92 22.47
6.02 -8.11 1.77 22.07
5.99 -8.03 2.18 21.56
5.41 -7.64 1.78 21.85
5.80 -7.53 1.85 21.08
5.15 -6.10 1.63 21.23
10.13 -9.23 1.00 21.03
6.84 -10.65 1.42 22.40
4.21 -6.31 2.08 25.24 1.89  45.407988 11.888235
3.95 -7.73 1.27 25.52
2.95 -1.73 2.08 22.19 1.89  45.407988 11.888235
8.16 -10.16 0.31 20.15
4.11 -16.40 4.38 20.56
5.74 -6.14 2.07 22.09
4.18 -5.25 1.62 22.12
5.40 -6.82 2.03 22.00
5.47 -7.73 2.44 21.87
6.82 -7.89 0.90 21.66
6.57 -8.91 1.45 22.04
6.06 -7.33 1.76 22.16
6.20 -6.72 1.92 22.21
6.20 -7.54 1.84 21.61
5.94 -7.99 1.59 21.95
6.14 -8.32 1.36 22.00
5.85 -7.62 1.73 22.00
5.87 -7.83 1.44 21.51 2.41  45.407966 11.888227
5.98 -7.50 1.51 21.93
5.75 -7.77 1.72 21.93 2.41  45.407966 11.888227
5.75 -8.19 1.82 22.00
5.88 -8.00 1.76 21.99
6.32 -7.40 2.37 21.85
6.30 -7.59 2.18 21.54
6.27 -7.86 2.02 21.93
6.44 -7.27 1.93 21.95
6.59 -7.33 1.62 22.05
5.92 -7.85 1.54 22.05
5.53 -8.08 2.07 21.66
5.57 -7.87 2.21 22.52
5.58 -8.12 1.78 22.05
5.48 -8.23 1.63 22.02
5.52 -7.76 1.92 21.52
5.99 -7.89 1.99 21.95
5.80 -7.79 1.84 21.28
6.12 -7.78 1.30 21.39 3.35  45.407945 11.888201
6.13 -7.66 1.98 21.95
5.89 -7.72 1.67 22.02 3.35  45.407945 11.888201
5.89 -7.64 2.19 22.09
5.84 -7.57 1.91 22.05
5.88 -8.04 1.82 21.54
5.88 -8.26 1.49 21.49
5.84 -7.87 1.87 21.97
5.67 -7.97 1.75 22.16
5.72 -7.72 1.81 22.16
5.71 -7.83 1.51 22.00
5.97 -7.98 1.67 21.87
6.04 -8.27 1.70 21.90
5.77 -7.95 1.81 22.00
5.49 -7.76 1.38 22.09
5.80 -7.74 1.32 22.00
5.74 -7.78 1.69 21.66
5.98 -8.20 1.66 21.85 1.48  45.407942 11.888179
5.90 -7.84 1.87 21.83
5.85 -7.61 1.96 21.95 1.48  45.407942 11.888179
5.90 -7.81 2.02 21.87
6.12 -7.62 1.81 21.75
6.21 -7.66 1.87 21.40
