6.17 -7.77 2.47 21.85 1.93  45.408022 11.888610
5.64 -7.75 1.98 21.92
5.87 -7.79 1.94 21.95
5.64 -8.17 1.67 22.52
5.83 -7.83 1.44 22.23
5.77 -7.93 1.67 22.28
6.12 -7.56 1.77 22.33
5.87 -7.73 1.81 22.17
5.95 -8.05 1.90 22.14
6.23 -7.71 1.76 22.09
6.46 -7.56 1.84 21.95
6.44 -7.22 1.65 21.69
6.13 -7.67 1.81 21.64 1.93  45.408022 11.888610
6.06 -7.86 1.41 21.76
6.08 -7.86 1.62 21.80 1.93  45.408022 11.888610
5.90 -7.56 1.71 21.80
5.52 -7.88 1.35 21.85
5.26 -8.40 1.67 22.36
5.78 -8.05 1.70 21.90
6.18 -7.73 1.98 21.92
6.19 -7.71 1.79 22.12
6.04 -7.48 1.86 22.23
6.09 -7.60 2.07 22.57
6.31 -7.40 1.75 21.99
6.40 -7.94 1.85 22.09
6.00 -7.73 1.93 22.16
6.06 -7.41 2.21 22.23
6.20 -7.61 2.16 21.61
6.26 -7.95 2.18 21.78
6.29 -7.82 2.13 21.68 2.62  45.408019 11.888593
5.60 -8.24 1.91 21.80
5.61 -7.56 1.85 21.54 2.62  45.408019 11.888593
5.89 -7.51 1.86 21.97
5.80 -7.57 2.25 21.87
5.97 -7.64 2.08 21.71
5.84 -8.13 1.81 21.78
6.45 -7.55 1.51 21.90
6.09 -7.50 1.49 21.90
6.08 -7.58 1.68 21.66
6.11 -7.72 1.70 22.04
6.35 -7.70 1.59 22.52
6.24 -7.76 1.83 22.07
5.99 -7.92 1.60 22.12
5.85 -7.81 1.42 22.17
5.55 -7.76 1.52 22.04
6.17 -7.68 1.78 21.90
6.07 -8.09 1.78 21.40
6.02 -7.65 2.03 22.02 2.42  45.408024 11.888569
5.94 -7.82 2.14 22.12
6.02 -7.39 2.02 22.11 2.42  45.408024 11.888569
6.23 -7.78 1.86 23.22
6.19 -7.73 1.84 21.87
6.09 -8.27 1.75 21.76
5.92 -7.62 2.05 21.93
5.93 -7.75 1.99 21.93
5.70 -7.73 2.02 21.99
5.80 -7.97 1.96 21.99
5.80 -7.81 2.09 22.00
6.00 -7.84 1.72 22.47
6.12 -7.72 1.46 22.05
6.12 -7.74 1.63 22.48
6.14 -7.96 1.83 23.36
6.09 -7.59 1.74 22.05
6.23 -7.65 1.81 21.90
6.07 -7.93 1.71 21.83 1.74  45.408034 11.888561
6.10 -7.67 1.62 21.90
6.01 -7.80 1.89 21.85 1.74  45.408034 11.888561
6.13 -7.70 1.42 22.21
5.89 -8.31 1.32 21.95
5.44 -7.91 1.58 22.31
6.09 -7.50 1.94 21.85
6.04 -7.95 1.66 21.90
5.86 -7.65 1.89 21.90
6.20 -7.36 1.68 22.42
6.15 -8.05 1.48 22.02
6.15 -7.86 2.01 21.99
6.17 -7.31 1.75 21.57
6.33 -7.75 1.74 22.07
5.88 -7.94 1.96 22.11
5.88 -7.84 2.07 22.16
5.79 -7.65 2.20 21.51
5.82 -7.93 1.70 22.26
5.53 -8.31 1.68 21.80 3.09  45.408031 11.888531
6.22 -7.97 1.77 22.23
5.94 -7.75 2.02 21.54 3.09  45.408031 11.888531
5.86 -7.76 1.65 22.11
5.95 -7.42 1.63 21.97
6.05 -7.63 1.67 21.87
6.42 -7.79 1.45 21.76
6.26 -8.09 1.91 22.23
6.00 -7.62 1.66 22.54
5.95 -7.62 1.25 22.55
5.96 -7.87 1.32 22.57
5.71 -8.17 1.32 22.11
5.86 -7.98 1.71 22.47
5.87 -8.05 1.78 22.48
5.69 -7.72 2.14 22.09
5.99 -7.76 1.95 22.52
6.02 -7.67 2.01 21.97
6.01 -7.74 1.98 21.92 2.43  45.408032 11.888503
6.32 -7.86 1.73 21.95
6.16 -7.76 1.72 21.92 2.43  45.408032 11.888503
5.93 -7.58 2.02 21.97
5.75 -7.78 2.10 21.92
5.97 -7.86 1.92 21.95
5.71 -8.18 1.70 22.36
5.84 -7.67 1.60 22.35
5.94 -8.09 1.80 22.00
6.02 -7.63 1.93 22.12
5.99 -7.77 1.91 22.47
6.08 -7.86 1.72 21.99
5.88 -7.62 1.86 22.00
5.93 -7.79 1.58 22.07
6.14 -7.88 1.76 22.12
5.69 -7.60 1.65 22.52
6.14 -8.08 1.98 22.38
5.90 -7.81 1.68 21.85
5.74 -7.93 1.47 21.75 2.74  45.408025 11.888470
5.80 -8.01 1.78 21.71
5.92 -7.72 1.70 21.85 2.74  45.408025 11.888470
5.87 -7.67 1.86 22.31
5.99 -7.44 1.86 21.87
6.06 -7.62 1.87 21.81
6.26 -8.09 1.83 22.33
6.17 -7.89 1.62 21.97
6.24 -7.63 1.92 22.55
5.83 -7.66 1.99 22.59
6.06 -7.91 2.03 22.62
5.29 -7.68 1.69 22.88
5.96 -8.19 2.06 22.90
5.88 -8.21 1.71 22.29
5.85 -7.48 1.86 22.36
5.86 -8.30 1.90 22.88
5.82 -7.45 1.75 21.85
6.06 -7.51 1.67 22.76 3.15  45.408015 11.888431
6.15 -7.80 1.79 21.80
6.13 -7.64 1.83 21.92 3.15  45.408015 11.888431
6.16 -7.65 1.69 22.29
5.89 -7.62 1.71 22.66
6.17 -7.92 1.67 22.31
5.76 -8.20 1.54 21.80
5.60 -7.55 2.22 22.26
5.65 -8.21 1.88 21.90
5.76 -7.40 1.95 21.99
5.80 -7.90 1.61 22.07
6.43 -7.67 1.73 22.17
6.05 -7.44 1.91 22.09
6.05 -7.75 1.98 22.12
5.92 -8.07 2.19 22.72
6.06 -7.43 1.98 21.92
6.19 -8.34 1.36 22.48
5.66 -7.58 1.95 21.64
5.41 -7.56 2.00 21.57 2.33  45.408000 11.888406
5.76 -8.13 1.90 21.45
5.94 -7.95 1.72 21.83 2.33  45.408000 11.888406
5.91 -8.04 1.62 21.88
6.02 -7.60 1.55 21.92
6.05 -7.61 1.75 22.69
5.79 -7.58 1.97 21.97
6.27 -7.77 1.78 22.00
5.98 -7.78 1.55 22.07
6.25 -7.80 1.56 22.57
5.88 -7.92 1.35 22.48
5.54 -7.82 1.86 22.05
6.07 -7.80 1.89 22.02
5.87 -8.04 2.09 22.47
5.89 -7.65 1.73 22.17
5.93 -7.76 1.66 22.04
5.86 -7.46 1.91 21.90
6.19 -8.53 1.73 22.00 3.01  45.407992 11.888370
5.53 -7.18 1.77 22.84
6.08 -7.84 1.64 22.42 3.01  45.407992 11.888370
5.59 -7.80 1.89 21.64
6.28 -7.87 1.74 22.64
6.23 -8.87 2.16 21.90
5.47 -6.96 2.07 22.31
6.08 -7.69 1.88 22.00
5.45 -7.35 1.77 21.90
6.19 -8.67 1.84 21.92
6.28 -7.65 1.91 22.04
6.28 -7.84 1.75 21.59
5.85 -7.50 1.74 22.05
5.84 -7.87 1.50 21.61
6.21 -7.68 1.56 22.04
5.88 -7.81 1.74 22.05
5.92 -8.00 1.78 22.07
5.73 -7.71 1.88 21.54
5.61 -7.91 1.40 21.97 3.12  45.407986 11.888328
5.98 -8.08 1.57 21.95
5.92 -7.59 1.86 21.92 3.12  45.407986 11.888328
6.24 -7.81 1.71 21.87
6.03 -7.88 1.69 21.51
6.13 -7.93 1.82 21.87
6.04 -7.49 1.80 21.90
6.10 -7.76 1.76 21.80
6.22 -7.66 1.56 21.61
5.66 -7.95 2.01 22.02
5.74 -8.00 2.09 22.12
5.78 -8.03 2.04 22.12
5.67 -7.77 2.13 22.21
5.73 -7.97 1.94 21.76
5.86 -7.82 1.53 22.12
5.89 -8.23 1.69 21.99
5.88 -7.69 1.61 21.33
6.35 -7.93 1.89 21.90 3.46  45.407978 11.888284
5.94 -7.55 1.59 22.00
5.95 -7.74 1.72 22.00 3.46  45.407978 11.888284
6.05 -7.82 1.63 21.92
5.84 -8.00 1.67 21.51
5.53 -8.29 1.54 22.00
5.82 -7.53 1.48 22.00
5.86 -7.67 1.70 22.00
5.92 -7.95 1.84 21.90
6.05 -8.05 1.82 22.07
6.04 -8.07 1.78 21.66
5.93 -7.34 1.76 22.09
6.27 -7.49 1.79 21.92
6.14 -7.63 1.93 21.85
5.88 -8.27 1.96 21.71
5.69 -7.34 2.17 21.83
6.33 -8.49 1.99 22.43
5.21 -7.39 1.94 21.69
5.77 -7.81 1.84 22.21 2.52  45.407975 11.888249
5.72 -7.52 1.81 21.93
5.59 -8.39 1.87 21.95 2.52  45.407975 11.888249
5.66 -8.15 1.75 21.45
5.89 -7.33 1.94 21.33
5.80 -7.62 1.87 21.33
4.72 -5.32 1.81 20.79
9.33 -8.20 1.73 21.30
8.19 -10.34 2.51 21.90
3.61 -6.54 1.66 25.54
4.43 -6.87 1.21 25.79
1.92 -0.98 2.65 21.59
10.02 -9.99 -5.29 20.32
5.57 -16.51 0.44 20.84
4.22 -6.14 3.52 22.14
4.94 -5.12 3.10 22.21
6.04 -6.20 2.61 21.95
7.07 -7.22 1.55 21.80 3.05  45.407964 11.888211
7.16 -6.42 2.17 21.75
7.16 -7.94 2.18 21.23 3.05  45.407964 11.888211
5.86 -8.61 1.86 21.49
5.48 -7.46 1.89 21.71
5.49 -7.60 1.41 21.54
5.91 -7.60 1.86 21.54
6.13 -8.58 1.96 21.51
5.87 -8.00 1.87 22.00
6.11 -8.10 1.95 22.16
6.10 -7.55 1.57 22.05
6.44 -7.75 1.67 22.04
6.31 -7.74 1.48 22.05
6.18 -7.67 1.68 22.07
6.07 -8.04 1.71 21.92
5.83 -7.90 1.53 22.05
5.47 -8.08 1.79 22.05
5.37 -7.91 1.50 21.95
5.94 -7.97 1.57 21.92 3.34  45.407950 11.888170
5.82 -7.90 1.82 21.87
5.91 -7.82 1.86 21.49 3.34  45.407950 11.888170
6.05 -7.49 2.10 21.85
6.33 -7.73 1.69 21.90
5.89 -7.79 1.79 21.45
5.99 -8.04 1.99 21.78
5.91 -7.64 1.88 21.76
5.94 -7.82 2.22 21.88
6.17 -7.75 1.97 22.43
5.72 -7.68 1.67 21.76
5.80 -7.75 1.60 22.23
5.85 -7.71 1.82 22.17
6.18 -7.78 1.48 22.09
6.07 -8.00 1.61 21.66
5.99 -7.82 1.64 22.05
6.06 -7.94 1.76 21.92
6.16 -7.66 1.53 21.92 2.57  45.407941 11.888140
6.15 -7.61 1.89 22.02
5.85 -7.64 1.92 21.33 2.57  45.407941 11.888140
5.83 -7.91 1.82 21.80
5.63 -8.19 1.69 21.95
5.44 -7.74 1.62 21.95
