5.29 -7.51 1.62 22.86 2.85 45.406368 11.895235 0 0
5.73 -7.43 1.73 22.35 2.85 45.406368 11.895235 1 0
6.0 -7.92 1.84 21.75 2.85 45.406368 11.895235 0 0
5.89 -8.3 1.8 22.83 2.85 45.406368 11.895235 1 0
5.68 -7.98 1.74 22.4 2.85 45.406368 11.895235 1 0
5.56 -7.55 1.73 22.04 2.85 45.406368 11.895235 1 0
5.7 -7.86 1.7 22.0 2.85 45.406368 11.895235 1 0
6.12 -8.34 1.73 22.52 2.85 45.406368 11.895235 1 0
6.22 -8.17 1.89 22.21 2.85 45.406368 11.895235 1 0
5.68 -7.85 1.91 22.78 2.85 45.406368 11.895235 1 0
5.2 -7.64 1.73 22.78 2.85 45.406368 11.895235 1 0
5.35 -7.23 1.74 22.78 2.85 45.406368 11.895235 1 0
5.85 -7.54 1.96 21.47 2.85 45.406368 11.895235 1 0
6.28 -9.08 1.99 21.23 2.85 45.406368 11.895235 1 0
6.28 -9.64 1.84 21.69 2.85 45.406368 11.895235 1 0
5.56 -7.98 1.84 24.8 2.85 45.406368 11.895235 1 0
4.91 -6.53 1.87 23.34 2.85 45.406368 11.895235 1 0
5.42 -6.98 1.78 23.55 3.25 45.406364 11.895274 0 0
6.45 -7.82 1.9 22.76 3.25 45.406364 11.895274 1 0
6.59 -8.1 2.26 21.9 3.25 45.406364 11.895274 0 0
6.03 -8.49 2.27 21.78 3.25 45.406364 11.895274 1 0
5.78 -8.59 1.84 21.64 3.25 45.406364 11.895274 1 0
5.74 -7.87 1.6 22.6 3.25 45.406364 11.895274 1 0
5.64 -7.42 1.72 22.26 3.25 45.406364 11.895274 1 0
5.8 -7.84 1.75 22.09 3.25 45.406364 11.895274 1 0
6.08 -8.15 1.57 22.11 3.25 45.406364 11.895274 1 0
5.91 -8.03 1.56 22.42 3.25 45.406364 11.895274 1 0
5.58 -8.04 1.78 22.86 3.25 45.406364 11.895274 1 0
5.69 -8.02 1.83 22.54 3.25 45.406364 11.895274 1 0
5.95 -7.7 1.61 22.62 3.25 45.406364 11.895274 1 0
5.88 -7.65 1.5 22.69 3.25 45.406364 11.895274 1 0
5.68 -8.04 1.71 22.12 3.25 45.406364 11.895274 1 0
5.68 -8.19 1.83 22.57 3.25 45.406364 11.895274 1 0
5.73 -7.97 1.67 22.36 3.25 45.406364 11.895274 1 0
5.72 -7.94 1.59 22.19 3.25 45.406364 11.895274 1 0
