5.75 -8.31 1.93 22.03 2.79 45.406358 11.895599 1 0
5.74 -8.33 1.93 22.02 2.79 45.406358 11.895599 1 0
5.74 -8.33 1.93 22.02 2.79 45.406358 11.895599 1 0
5.74 -8.32 1.91 22.01 2.79 45.406358 11.895599 1 0
5.75 -8.32 1.92 22.03 2.79 45.406358 11.895599 1 0
5.74 -8.32 1.92 22.03 2.79 45.406358 11.895599 1 0
5.75 -8.33 1.91 22.01 2.79 45.406358 11.895599 1 0
5.76 -8.32 1.91 22.01 2.79 45.406358 11.895599 1 0
5.75 -8.32 1.92 22.02 2.79 45.406358 11.895599 1 0
5.76 -8.32 1.93 22.02 2.79 45.406358 11.895599 1 0
5.74 -8.31 1.92 22.01 2.79 45.406358 11.895599 1 0
5.75 -8.33 1.92 22.01 2.79 45.406358 11.895599 1 0
5.76 -8.33 1.92 22.02 2.79 45.406358 11.895599 1 0
5.75 -8.32 1.92 22.02 2.79 45.406358 11.895599 1 0
5.76 -8.32 1.91 22.01 2.79 45.406358 11.895599 1 0
5.74 -8.33 1.93 22.02 2.79 45.406358 11.895599 1 0
5.76 -8.31 1.92 22.03 2.79 45.406358 11.895599 1 0
5.76 -8.31 1.93 22.02 2.79 45.406358 11.895599 1 0
5.75 -8.32 1.91 22.01 2.79 45.406358 11.895599 1 0
5.74 -8.32 1.92 22.01 2.79 45.406358 11.895599 1 0
5.76 -8.31 1.92 22.03 2.79 45.406358 11.895599 1 0
5.74 -8.31 1.92 22.03 2.79 45.406358 11.895599 1 0
5.74 -8.31 1.93 22.03 2.79 45.406358 11.895599 1 0
5.76 -8.33 1.93 22.03 2.79 45.406358 11.895599 1 0
5.75 -8.33 1.93 22.02 2.79 45.406358 11.895599 1 0
5.76 -8.31 1.92 22.01 2.79 45.406358 11.895599 1 0
5.75 -8.32 1.92 22.02 2.79 45.406358 11.895599 1 0
5.74 -8.32 1.91 22.01 2.79 45.406358 11.895599 1 0
5.75 -8.32 1.93 22.01 2.79 45.406358 11.895599 1 0
5.75 -8.32 1.91 22.01 2.79 45.406358 11.895599 1 0
5.75 -8.32 1.92 22.02 2.79 45.406358 11.895599 1 0
5.74 -8.33 1.91 22.02 2.79 45.406358 11.895599 1 0
5.75 -8.33 1.93 22.02 2.79 45.406358 11.895599 1 0
5.76 -8.33 1.93 22.03 2.79 45.406358 11.895599 1 0
5.76 -8.32 1.92 22.02 2.79 45.406358 11.895599 1 0
