5.75 -7.58 1.76 23.53 2.79 45.406358 11.895599 0 0
5.6 -7.95 1.63 22.21 2.79 45.406358 11.895599 1 0
6.08 -8.78 1.78 22.26 2.79 45.406358 11.895599 0 0
5.58 -7.73 1.35 22.12 2.79 45.406358 11.895599 1 0
5.42 -7.8 1.84 22.23 2.79 45.406358 11.895599 1 0
5.32 -7.94 1.86 23.38 2.79 45.406358 11.895599 1 0
5.89 -8.02 1.69 22.42 2.79 45.406358 11.895599 1 0
6.21 -8.25 1.9 22.47 2.79 45.406358 11.895599 1 0
5.68 -8.12 1.6 22.93 2.79 45.406358 11.895599 1 0
5.61 -7.74 1.69 22.16 2.79 45.406358 11.895599 1 0
6.09 -8.19 1.59 30.2 2.79 45.406358 11.895599 1 0
5.96 -7.76 1.97 22.72 2.79 45.406358 11.895599 1 0
5.68 -8.2 1.66 22.64 2.79 45.406358 11.895599 1 0
6.01 -7.73 1.87 22.74 2.79 45.406358 11.895599 1 0
5.95 -7.89 1.6 22.0 2.79 45.406358 11.895599 1 0
5.62 -7.68 1.71 21.85 2.79 45.406358 11.895599 1 0
5.75 -8.32 1.92 22.02 2.79 45.406358 11.895599 1 0
5.76 -8.32 1.92 22.02 2.79 45.406358 11.895599 1 0
5.75 -8.32 1.92 22.01 2.79 45.406358 11.895599 1 0
5.74 -8.31 1.92 22.03 2.79 45.406358 11.895599 1 0
5.75 -8.33 1.92 22.03 2.79 45.406358 11.895599 1 0
5.75 -8.31 1.91 22.02 2.79 45.406358 11.895599 1 0
5.76 -8.32 1.92 22.02 2.79 45.406358 11.895599 1 0
5.74 -8.31 1.93 22.01 2.79 45.406358 11.895599 1 0
5.75 -8.33 1.91 22.01 2.79 45.406358 11.895599 1 0
5.76 -8.33 1.92 22.02 2.79 45.406358 11.895599 1 0
5.76 -8.33 1.93 22.03 2.79 45.406358 11.895599 1 0
5.76 -8.33 1.91 22.01 2.79 45.406358 11.895599 1 0
5.76 -8.32 1.93 22.02 2.79 45.406358 11.895599 1 0
5.76 -8.33 1.92 22.03 2.79 45.406358 11.895599 1 0
5.75 -8.33 1.92 22.02 2.79 45.406358 11.895599 1 0
5.75 -8.33 1.91 22.02 2.79 45.406358 11.895599 1 0
5.75 -8.31 1.91 22.03 2.79 45.406358 11.895599 1 0
5.76 -8.31 1.93 22.03 2.79 45.406358 11.895599 1 0
5.75 -8.32 1.92 22.01 2.79 45.406358 11.895599 1 0
