5.61 -7.86 1.84 21.9 2.95 45.406370 11.895384 0 0
5.61 -7.44 1.71 22.81 2.95 45.406370 11.895384 1 0
5.91 -7.72 1.53 22.26 2.95 45.406370 11.895384 0 0
5.55 -7.85 2.19 22.26 2.95 45.406370 11.895384 1 0
5.78 -8.1 2.36 23.22 2.95 45.406370 11.895384 1 0
5.17 -8.09 2.9 22.45 2.95 45.406370 11.895384 1 0
5.2 -8.0 2.17 22.36 2.95 45.406370 11.895384 1 0
5.78 -7.77 2.3 21.99 2.95 45.406370 11.895384 1 0
5.98 -7.92 1.53 22.43 2.95 45.406370 11.895384 1 0
5.43 -8.04 2.76 22.0 2.95 45.406370 11.895384 1 0
5.14 -8.26 1.94 22.47 2.95 45.406370 11.895384 1 0
5.81 -7.73 1.43 22.52 2.95 45.406370 11.895384 1 0
5.63 -7.91 1.88 22.59 2.95 45.406370 11.895384 1 0
5.47 -8.14 1.94 22.07 2.95 45.406370 11.895384 1 0
5.63 -7.83 1.52 22.47 2.95 45.406370 11.895384 1 0
5.56 -7.9 2.66 22.52 2.95 45.406370 11.895384 1 0
5.32 -8.57 2.07 22.04 2.95 45.406370 11.895384 1 0
5.34 -8.09 1.17 23.02 3.18 45.406369 11.895423 0 0
5.16 -8.05 2.15 21.88 3.18 45.406369 11.895423 1 0
5.31 -7.94 2.22 21.75 3.18 45.406369 11.895423 0 0
5.57 -8.19 1.7 23.19 3.18 45.406369 11.895423 1 0
5.54 -8.35 1.97 21.9 3.18 45.406369 11.895423 1 0
5.16 -6.96 1.61 21.8 3.18 45.406369 11.895423 1 0
5.8 -8.4 2.35 22.21 3.18 45.406369 11.895423 1 0
5.86 -7.85 1.83 22.52 3.18 45.406369 11.895423 1 0
5.43 -7.63 1.96 22.81 3.18 45.406369 11.895423 1 0
5.77 -7.64 1.86 22.4 3.18 45.406369 11.895423 1 0
6.02 -7.71 1.68 23.05 3.18 45.406369 11.895423 1 0
5.95 -7.87 2.03 22.48 3.18 45.406369 11.895423 1 0
5.84 -8.53 1.61 22.47 3.18 45.406369 11.895423 1 0
5.99 -8.4 1.81 22.0 3.18 45.406369 11.895423 1 0
5.62 -7.73 1.68 21.93 3.18 45.406369 11.895423 1 0
5.49 -8.03 1.45 22.28 3.18 45.406369 11.895423 1 0
6.32 -7.87 1.54 21.93 3.18 45.406369 11.895423 1 0
5.57 -8.21 1.8 22.45 3.18 45.406369 11.895423 1 0
