5.16 -8.02 1.71 23.5 3.23 45.876185 12.305699 0
5.86 -8.03 1.85 22.64 3.23 45.876185 12.305699 0
6.23 -7.76 2.14 24.35 3.23 45.876185 12.305699 0
6.56 -7.63 1.85 23.07 3.23 45.876185 12.305699 0
6.59 -7.07 2.1 23.2 3.23 45.876185 12.305699 0
6.14 -7.13 2.1 23.05 3.23 45.876185 12.305699 0
6.44 -7.81 2.22 23.24 3.23 45.876185 12.305699 0
6.32 -7.65 2.01 22.64 3.23 45.876185 12.305699 0
6.28 -8.43 2.09 22.96 3.28 45.876160 12.305681 1
5.72 -7.83 1.98 22.98 3.28 45.876160 12.305681 0
5.66 -7.21 2.12 22.93 3.28 45.876160 12.305681 1
5.86 -8.25 1.45 21.99 3.28 45.876160 12.305681 0
6.03 -8.34 2.08 22.59 3.28 45.876160 12.305681 0
6.08 -7.3 1.71 22.96 3.28 45.876160 12.305681 0
6.38 -8.19 2.27 22.12 3.28 45.876160 12.305681 0
5.47 -7.22 1.99 22.79 3.28 45.876160 12.305681 0
6.9 -7.91 2.08 26.82 3.28 45.876160 12.305681 0
6.27 -7.93 1.65 23.36 3.28 45.876160 12.305681 0
5.92 -7.33 1.55 22.93 3.28 45.876160 12.305681 0
6.24 -8.02 1.79 22.91 3.28 45.876160 12.305681 0
6.46 -6.72 0.96 23.07 3.28 45.876160 12.305681 0
5.81 -8.51 1.6 23.03 3.28 45.876160 12.305681 0
5.58 -8.6 2.31 24.4 3.28 45.876160 12.305681 0
5.67 -7.74 2.1 22.71 3.28 45.876160 12.305681 0
5.85 -7.55 1.74 22.48 3.28 45.876160 12.305681 0
5.6 -7.59 1.68 22.12 3.34 45.876136 12.305659 1
5.95 -7.86 2.05 22.66 3.34 45.876136 12.305659 0
6.2 -7.82 1.91 22.57 3.34 45.876136 12.305659 1
6.08 -7.54 2.39 22.64 3.34 45.876136 12.305659 0
6.17 -7.66 2.06 23.36 3.34 45.876136 12.305659 0
6.09 -7.72 1.84 22.59 3.34 45.876136 12.305659 0
6.2 -7.89 2.08 23.03 3.34 45.876136 12.305659 0
5.57 -7.71 2.08 22.64 3.34 45.876136 12.305659 0
5.78 -8.14 2.13 22.71 3.34 45.876136 12.305659 0
5.63 -7.85 1.89 23.24 3.34 45.876136 12.305659 0
