4.47 -8.1 1.82 23.84 3.46 45.875972 12.305518 0
4.82 -8.01 1.96 22.78 3.46 45.875972 12.305518 0
6.72 -8.1 1.67 22.31 3.46 45.875972 12.305518 0
5.15 -7.87 1.65 25.28 3.72 45.875943 12.305494 1
4.89 -7.55 1.81 24.39 3.72 45.875943 12.305494 0
6.44 -7.21 1.71 23.74 3.72 45.875943 12.305494 1
6.52 -7.93 1.96 23.02 3.72 45.875943 12.305494 0
6.49 -8.28 1.45 24.18 3.72 45.875943 12.305494 0
5.56 -7.29 1.47 23.74 3.72 45.875943 12.305494 0
6.21 -7.64 1.61 22.71 3.72 45.875943 12.305494 0
6.75 -7.34 2.13 22.54 3.72 45.875943 12.305494 0
6.44 -8.18 1.77 24.13 3.72 45.875943 12.305494 0
5.48 -8.78 2.26 22.84 3.72 45.875943 12.305494 0
4.85 -8.17 1.58 25.72 3.72 45.875943 12.305494 0
5.28 -8.08 2.38 22.57 3.72 45.875943 12.305494 0
6.18 -7.59 1.82 22.93 3.72 45.875943 12.305494 0
6.69 -8.36 2.09 23.1 3.72 45.875943 12.305494 0
5.69 -8.84 1.99 23.26 3.72 45.875943 12.305494 0
5.92 -6.97 1.83 28.71 3.72 45.875943 12.305494 0
5.66 -7.61 2.14 22.62 3.82 45.875914 12.305466 1
6.24 -7.43 1.87 22.4 3.82 45.875914 12.305466 0
5.87 -8.63 1.86 23.12 3.82 45.875914 12.305466 1
5.71 -7.35 2.17 23.12 3.82 45.875914 12.305466 0
5.41 -8.37 1.83 22.31 3.82 45.875914 12.305466 0
6.1 -8.12 2.23 21.95 3.82 45.875914 12.305466 0
5.43 -7.86 1.5 22.59 3.82 45.875914 12.305466 0
5.54 -7.37 2.18 22.6 3.82 45.875914 12.305466 0
5.53 -7.14 2.05 22.36 3.82 45.875914 12.305466 0
5.97 -7.87 1.75 21.81 3.82 45.875914 12.305466 0
6.86 -8.03 2.1 22.02 3.82 45.875914 12.305466 0
6.63 -7.6 2.68 22.62 3.82 45.875914 12.305466 0
5.53 -7.75 2.14 22.43 3.82 45.875914 12.305466 0
5.61 -6.86 1.63 23.96 3.82 45.875914 12.305466 0
5.74 -6.5 1.6 23.19 3.82 45.875914 12.305466 0
5.97 -8.92 1.56 22.5 3.82 45.875914 12.305466 0
