6.07 -7.6 1.86 21.92 2.87 45.407950 11.888158 1 0
6.14 -7.92 1.78 21.9 2.87 45.407950 11.888158 1 0
5.92 -8.06 1.82 21.93 2.87 45.407950 11.888158 1 0
5.62 -7.88 1.97 21.8 2.87 45.407950 11.888158 1 0
5.56 -7.75 1.97 21.8 2.87 45.407950 11.888158 1 0
5.61 -7.81 1.9 21.8 2.87 45.407950 11.888158 1 0
5.59 -7.83 1.92 21.8 2.87 45.407950 11.888158 1 0
5.58 -7.79 1.96 21.81 2.87 45.407950 11.888158 1 0
5.61 -7.8 1.92 21.81 2.87 45.407950 11.888158 1 0
5.6 -7.81 1.91 21.81 2.87 45.407950 11.888158 1 0
5.58 -7.79 1.94 21.8 2.87 45.407950 11.888158 1 0
5.59 -7.79 1.93 21.8 2.87 45.407950 11.888158 1 0
5.6 -7.81 1.92 21.8 2.87 45.407950 11.888158 1 0
5.59 -7.8 1.94 21.81 2.87 45.407950 11.888158 1 0
5.59 -7.79 1.94 21.8 2.87 45.407950 11.888158 1 0
5.6 -7.8 1.93 21.81 2.87 45.407950 11.888158 1 0
5.6 -7.81 1.92 21.81 2.87 45.407950 11.888158 1 0
5.6 -7.79 1.93 21.81 2.87 45.407950 11.888158 1 0
5.6 -7.8 1.93 21.81 2.87 45.407950 11.888158 1 0
5.6 -7.8 1.93 21.81 2.87 45.407950 11.888158 1 0
5.59 -7.79 1.94 21.8 2.87 45.407950 11.888158 1 0
5.58 -7.79 1.93 21.79 2.87 45.407950 11.888158 1 0
5.59 -7.8 1.92 21.8 2.87 45.407950 11.888158 1 0
5.59 -7.8 1.93 21.81 2.87 45.407950 11.888158 1 0
5.59 -7.79 1.93 21.79 2.87 45.407950 11.888158 1 0
5.58 -7.79 1.92 21.79 2.87 45.407950 11.888158 1 0
5.59 -7.81 1.92 21.8 2.87 45.407950 11.888158 1 0
5.59 -7.8 1.92 21.81 2.87 45.407950 11.888158 1 0
5.6 -7.8 1.93 21.8 2.87 45.407950 11.888158 1 0
5.59 -7.81 1.93 21.8 2.87 45.407950 11.888158 1 0
5.59 -7.8 1.93 21.81 2.87 45.407950 11.888158 1 0
5.58 -7.79 1.93 21.8 2.87 45.407950 11.888158 1 0
5.58 -7.79 1.93 21.79 2.87 45.407950 11.888158 1 0
5.58 -7.79 1.93 21.8 2.87 45.407950 11.888158 1 0
5.58 -7.8 1.94 21.81 2.87 45.407950 11.888158 1 0
