6.02 -7.73 1.75 21.97 2.69 45.407973 11.888606 1 0
6.09 -8.07 1.7 21.9 2.69 45.407973 11.888606 1 0
5.96 -8.09 1.66 21.93 2.69 45.407973 11.888606 1 0
5.91 -7.61 1.74 22.02 2.69 45.407973 11.888606 1 0
6.03 -7.29 1.91 22.02 2.69 45.407973 11.888606 1 0
6.18 -7.58 2.06 21.97 2.69 45.407973 11.888606 1 0
6.24 -7.85 2.06 22.0 2.69 45.407973 11.888606 1 0
6.19 -7.69 1.94 21.95 2.69 45.407973 11.888606 1 0
6.1 -7.57 1.86 22.42 2.95 45.407968 11.888582 0 0
6.03 -7.74 1.92 21.52 2.95 45.407968 11.888582 1 0
5.92 -7.85 1.94 21.95 2.95 45.407968 11.888582 0 0
5.84 -7.85 1.83 22.81 2.95 45.407968 11.888582 1 0
5.91 -7.85 1.81 21.92 2.95 45.407968 11.888582 1 0
6.0 -7.79 1.91 21.8 2.95 45.407968 11.888582 1 0
5.91 -7.74 1.91 21.56 2.95 45.407968 11.888582 1 0
5.83 -7.83 1.81 22.0 2.95 45.407968 11.888582 1 0
6.0 -7.79 1.78 23.31 2.95 45.407968 11.888582 1 0
6.23 -7.58 1.77 21.97 2.95 45.407968 11.888582 1 0
6.22 -7.63 1.73 21.97 2.95 45.407968 11.888582 1 0
6.11 -7.93 1.79 21.97 2.95 45.407968 11.888582 1 0
6.13 -7.93 1.82 22.02 2.95 45.407968 11.888582 1 0
6.14 -7.68 1.56 21.99 2.95 45.407968 11.888582 1 0
5.96 -7.71 1.31 22.0 2.95 45.407968 11.888582 1 0
5.78 -7.91 1.57 22.47 2.95 45.407968 11.888582 1 0
5.83 -7.82 1.97 22.36 2.95 45.407968 11.888582 1 0
6.0 -7.7 1.92 21.83 2.95 45.407968 11.888582 1 0
6.04 -7.86 1.67 21.39 2.58 45.407972 11.888555 0 0
6.01 -7.95 1.7 22.24 2.58 45.407972 11.888555 1 0
6.07 -7.73 1.81 21.81 2.58 45.407972 11.888555 0 0
6.13 -7.58 1.71 22.24 2.58 45.407972 11.888555 1 0
6.12 -7.65 1.67 22.29 2.58 45.407972 11.888555 1 0
6.14 -7.69 1.89 22.31 2.58 45.407972 11.888555 1 0
6.15 -7.65 2.09 21.75 2.58 45.407972 11.888555 1 0
6.02 -7.68 2.14 23.03 2.58 45.407972 11.888555 1 0
5.85 -7.77 2.12 21.93 2.58 45.407972 11.888555 1 0
