5.51 -7.94 2.27 22.52 1.55 45.407984 11.888708 0
5.7 -7.84 1.99 21.56 1.55 45.407984 11.888708 1
5.6 -8.16 1.71 22.36 1.55 45.407984 11.888708 1
5.41 -8.35 1.59 21.97 1.55 45.407984 11.888708 1
5.5 -8.03 1.63 22.02 1.55 45.407984 11.888708 1
5.84 -7.72 1.66 22.0 1.55 45.407984 11.888708 1
6.03 -7.71 1.63 21.8 1.55 45.407984 11.888708 1
6.01 -7.68 1.66 21.42 1.55 45.407984 11.888708 0
6.13 -7.59 1.7 21.3 1.55 45.407984 11.888708 1
6.41 -7.67 1.69 21.39 1.55 45.407984 11.888708 0
6.5 -7.7 1.62 22.0 1.55 45.407984 11.888708 1
6.32 -7.49 1.49 22.16 1.55 45.407984 11.888708 1
6.17 -7.32 1.3 21.75 1.55 45.407984 11.888708 1
6.17 -7.46 1.26 22.67 1.55 45.407984 11.888708 1
6.19 -7.73 1.39 22.0 1.55 45.407984 11.888708 1
6.13 -7.98 1.42 21.9 1.55 45.407984 11.888708 1
5.92 -8.18 1.3 22.0 1.55 45.407984 11.888708 1
5.62 -8.22 1.28 22.05 1.55 45.407984 11.888708 1
5.52 -7.98 1.42 22.05 1.55 45.407984 11.888708 1
5.77 -7.72 1.55 21.88 1.55 45.407984 11.888708 1
6.03 -7.79 1.7 22.31 1.55 45.407984 11.888708 1
6.03 -8.01 1.91 21.9 1.55 45.407984 11.888708 1
5.97 -7.89 2.03 21.92 1.55 45.407984 11.888708 1
6.08 -7.48 2.01 22.23 1.55 45.407984 11.888708 1
6.23 -7.37 1.97 21.81 1.55 45.407984 11.888708 1
6.18 -7.7 1.92 21.87 2.18 45.407989 11.888693 0
5.99 -7.92 1.84 21.44 2.18 45.407989 11.888693 1
5.98 -7.79 1.92 21.8 2.18 45.407989 11.888693 0
6.19 -7.7 2.13 21.8 2.18 45.407989 11.888693 1
6.28 -7.82 2.2 21.81 2.18 45.407989 11.888693 1
6.02 -7.85 2.07 21.97 2.18 45.407989 11.888693 1
5.69 -7.79 2.0 21.87 2.18 45.407989 11.888693 1
5.62 -7.86 2.05 21.99 2.18 45.407989 11.888693 1
5.79 -7.99 2.02 22.07 2.18 45.407989 11.888693 1
5.96 -7.96 1.9 22.12 2.18 45.407989 11.888693 1
