6.04 -7.86 1.83 22.11 2.18 45.407989 11.888693 1
6.08 -7.77 1.74 22.17 2.18 45.407989 11.888693 1
6.19 -7.63 1.63 22.42 2.18 45.407989 11.888693 1
6.31 -7.56 1.62 21.87 2.18 45.407989 11.888693 1
6.26 -7.72 1.69 21.95 2.18 45.407989 11.888693 1
6.1 -7.86 1.67 21.95 2.18 45.407989 11.888693 1
6.06 -7.67 1.67 21.85 2.18 45.407989 11.888693 1
6.12 -7.42 1.81 21.95 1.85 45.407990 11.888673 0
6.11 -7.51 1.79 21.73 1.85 45.407990 11.888673 1
6.08 -7.82 1.5 22.21 1.85 45.407990 11.888673 0
6.04 -7.97 1.39 21.64 1.85 45.407990 11.888673 1
5.83 -7.9 1.63 21.75 1.85 45.407990 11.888673 1
5.61 -7.84 1.73 21.39 1.85 45.407990 11.888673 1
5.67 -7.87 1.58 22.35 1.85 45.407990 11.888673 1
5.91 -7.8 1.62 21.95 1.85 45.407990 11.888673 1
5.98 -7.64 1.84 21.95 1.85 45.407990 11.888673 1
5.93 -7.63 1.9 22.05 1.85 45.407990 11.888673 1
5.97 -7.82 1.88 22.0 1.85 45.407990 11.888673 1
6.02 -7.86 1.93 22.05 1.85 45.407990 11.888673 1
5.98 -7.64 1.91 22.04 1.85 45.407990 11.888673 1
5.97 -7.54 1.8 22.0 1.85 45.407990 11.888673 1
6.04 -7.69 1.79 21.95 1.85 45.407990 11.888673 1
6.06 -7.84 1.86 22.0 1.85 45.407990 11.888673 1
5.97 -7.82 1.89 21.97 1.85 45.407990 11.888673 1
5.85 -7.77 1.98 22.0 1.85 45.407990 11.888673 1
5.73 -7.74 2.05 22.11 2.51 45.407995 11.888642 0
5.65 -7.73 1.92 22.07 2.51 45.407995 11.888642 1
5.68 -7.79 1.72 22.35 2.51 45.407995 11.888642 0
5.82 -7.89 1.72 21.78 2.51 45.407995 11.888642 1
5.98 -7.89 1.8 21.37 2.51 45.407995 11.888642 1
6.04 -7.79 1.78 21.87 2.51 45.407995 11.888642 1
6.0 -7.65 1.7 22.28 2.51 45.407995 11.888642 1
6.02 -7.55 1.63 21.9 2.51 45.407995 11.888642 1
6.16 -7.57 1.56 21.95 2.51 45.407995 11.888642 1
6.23 -7.67 1.61 21.99 2.51 45.407995 11.888642 1
