6.08 -7.7 1.81 22.0 2.51 45.407995 11.888642 1
5.9 -7.68 1.91 22.0 2.51 45.407995 11.888642 1
5.89 -7.73 1.77 22.0 2.51 45.407995 11.888642 1
5.92 -7.82 1.62 21.66 2.51 45.407995 11.888642 1
5.79 -7.83 1.62 22.02 2.51 45.407995 11.888642 1
5.64 -7.84 1.63 22.05 2.51 45.407995 11.888642 1
5.73 -7.95 1.56 21.9 2.51 45.407995 11.888642 1
5.93 -8.04 1.64 21.81 2.45 45.408003 11.888612 0
5.92 -7.98 1.88 21.45 2.45 45.408003 11.888612 1
5.8 -7.81 1.99 21.47 2.45 45.408003 11.888612 1
5.86 -7.68 1.84 21.9 2.45 45.408003 11.888612 0
6.04 -7.68 1.73 21.95 2.45 45.408003 11.888612 1
6.08 -7.75 1.85 21.9 2.45 45.408003 11.888612 1
6.03 -7.81 1.97 21.87 2.45 45.408003 11.888612 1
6.03 -7.86 1.89 21.87 2.45 45.408003 11.888612 1
5.96 -7.85 1.74 21.92 2.45 45.408003 11.888612 1
5.77 -7.79 1.8 21.93 2.45 45.408003 11.888612 1
5.68 -7.85 2.01 22.36 2.45 45.408003 11.888612 1
5.8 -8.03 2.06 21.56 2.45 45.408003 11.888612 1
5.94 -7.97 1.9 22.47 2.45 45.408003 11.888612 1
5.96 -7.66 1.85 21.61 2.45 45.408003 11.888612 1
5.9 -7.65 1.97 22.04 2.45 45.408003 11.888612 1
5.95 -7.94 1.92 22.05 2.45 45.408003 11.888612 1
6.05 -7.91 1.72 22.11 2.45 45.408003 11.888612 1
6.04 -7.55 1.75 21.97 2.45 45.408003 11.888612 1
5.96 -7.54 1.94 21.9 2.66 45.408011 11.888582 0
6.03 -7.88 1.87 21.85 2.66 45.408011 11.888582 1
6.16 -7.89 1.66 21.85 2.66 45.408011 11.888582 0
6.11 -7.65 1.72 21.81 2.66 45.408011 11.888582 1
5.98 -7.69 1.85 21.9 2.66 45.408011 11.888582 1
5.96 -7.89 1.77 21.9 2.66 45.408011 11.888582 1
5.87 -7.83 1.66 22.0 2.66 45.408011 11.888582 1
5.66 -7.74 1.71 22.05 2.66 45.408011 11.888582 1
5.65 -7.91 1.75 22.05 2.66 45.408011 11.888582 1
5.93 -8.01 1.74 23.74 2.66 45.408011 11.888582 1
