5.86 -7.61 1.97 21.63 2.06 45.406316 11.894118 1 0
5.87 -7.96 1.71 21.81 2.06 45.406316 11.894118 1 0
6.1 -7.73 1.69 21.93 1.73 45.406313 11.894140 0 0
5.99 -7.71 1.68 21.63 1.73 45.406313 11.894140 1 0
5.96 -7.93 1.85 22.36 1.73 45.406313 11.894140 0 0
5.63 -7.97 2.06 22.23 1.73 45.406313 11.894140 1 0
5.65 -7.7 1.68 21.42 1.73 45.406313 11.894140 1 0
5.83 -7.95 1.91 23.44 1.73 45.406313 11.894140 1 0
5.75 -7.77 1.83 22.48 1.73 45.406313 11.894140 1 0
5.66 -8.14 1.86 22.81 1.73 45.406313 11.894140 1 0
5.63 -7.68 1.69 22.42 1.73 45.406313 11.894140 1 0
6.15 -8.12 1.63 21.51 1.73 45.406313 11.894140 1 0
6.12 -7.64 1.8 21.56 1.73 45.406313 11.894140 1 0
5.9 -7.81 1.76 21.57 1.73 45.406313 11.894140 1 0
5.8 -7.54 1.84 22.09 1.73 45.406313 11.894140 1 0
6.08 -7.84 1.56 22.0 1.73 45.406313 11.894140 1 0
5.9 -7.59 1.86 21.57 1.73 45.406313 11.894140 1 0
6.32 -7.95 1.46 21.63 1.73 45.406313 11.894140 1 0
6.0 -8.06 1.64 21.97 1.73 45.406313 11.894140 1 0
5.75 -7.79 1.6 21.64 1.73 45.406313 11.894140 1 0
5.61 -8.13 1.73 21.99 1.55 45.406301 11.894168 0 0
5.61 -7.91 1.7 21.47 1.55 45.406301 11.894168 1 0
5.92 -8.02 1.78 21.83 1.55 45.406301 11.894168 0 0
5.8 -7.91 1.51 21.44 1.55 45.406301 11.894168 1 0
6.01 -7.97 1.8 21.59 1.55 45.406301 11.894168 1 0
5.59 -7.5 1.63 21.42 1.55 45.406301 11.894168 1 0
6.08 -7.53 1.85 21.71 1.55 45.406301 11.894168 1 0
6.39 -8.11 1.85 21.81 1.55 45.406301 11.894168 1 0
5.85 -7.71 1.81 21.99 1.55 45.406301 11.894168 1 0
6.0 -7.86 2.0 22.04 1.55 45.406301 11.894168 1 0
5.75 -7.65 1.95 22.66 1.55 45.406301 11.894168 1 0
5.96 -7.81 1.95 22.11 1.55 45.406301 11.894168 1 0
5.86 -7.76 1.98 22.48 1.55 45.406301 11.894168 1 0
5.49 -8.08 1.9 22.55 1.55 45.406301 11.894168 1 0
6.29 -8.01 1.96 22.55 1.55 45.406301 11.894168 1 0
