7.05 -6.38 1.21 22.35 1.22 45.406303 11.893982 0 0
8.85 -8.22 0.0 21.52 1.22 45.406303 11.893982 1 0
6.65 -6.98 1.46 22.09 1.22 45.406303 11.893982 0 0
7.11 -7.43 1.64 22.24 1.22 45.406303 11.893982 1 0
6.13 -6.74 2.55 21.97 1.22 45.406303 11.893982 0 0
5.4 -7.24 2.04 22.04 1.22 45.406303 11.893982 1 0
5.37 -8.2 1.4 21.85 1.22 45.406303 11.893982 1 0
5.79 -8.54 1.47 22.19 1.22 45.406303 11.893982 1 0
6.01 -8.25 1.42 22.24 1.22 45.406303 11.893982 1 0
5.94 -7.74 1.68 22.4 1.22 45.406303 11.893982 1 0
5.34 -7.48 1.79 22.57 1.22 45.406303 11.893982 1 0
5.47 -8.35 1.41 22.43 1.22 45.406303 11.893982 1 0
5.37 -7.99 2.12 21.49 1.22 45.406303 11.893982 1 0
6.05 -8.25 1.05 22.45 1.22 45.406303 11.893982 1 0
6.39 -7.38 1.69 22.45 1.22 45.406303 11.893982 1 0
6.41 -6.61 1.7 22.14 1.22 45.406303 11.893982 1 0
6.37 -7.64 1.75 22.16 1.22 45.406303 11.893982 1 0
6.03 -7.3 1.69 22.04 1.22 45.406303 11.893982 1 0
5.77 -7.94 2.74 24.15 1.22 45.406303 11.893982 1 0
6.28 -7.84 2.24 22.38 1.22 45.406303 11.893982 1 0
6.31 -7.3 1.81 22.84 2.26 45.406306 11.893997 0 0
6.21 -7.45 2.04 22.57 2.26 45.406306 11.893997 1 0
5.24 -8.07 2.0 22.48 2.26 45.406306 11.893997 0 0
5.6 -8.51 1.58 22.84 2.26 45.406306 11.893997 1 0
5.53 -8.08 1.44 21.8 2.26 45.406306 11.893997 1 0
5.68 -7.84 1.83 21.9 2.26 45.406306 11.893997 1 0
5.94 -8.13 1.79 22.86 2.26 45.406306 11.893997 1 0
6.08 -7.77 1.43 21.99 2.26 45.406306 11.893997 1 0
5.97 -7.07 1.28 22.14 2.26 45.406306 11.893997 1 0
6.06 -7.69 1.52 21.99 2.26 45.406306 11.893997 1 0
6.42 -8.04 1.83 22.81 2.26 45.406306 11.893997 1 0
6.24 -7.47 2.0 22.14 2.26 45.406306 11.893997 1 0
5.96 -7.45 1.83 22.71 2.26 45.406306 11.893997 1 0
5.56 -7.91 1.92 21.78 2.26 45.406306 11.893997 1 0
5.82 -8.17 1.76 22.47 2.26 45.406306 11.893997 1 0
