6.36 -7.42 2.10 23.79 1.80 45.868705 12.306887 0
6.21 -7.48 1.96 31.47 1.80 45.868705 12.306887 0
6.51 -7.82 2.21 23.34 1.80 45.868705 12.306887 0
6.13 -7.73 2.15 23.53 1.80 45.868705 12.306887 0
6.08 -7.56 2.32 22.69 2.25 45.868687 12.306891 1
6.02 -7.62 2.26 22.72 2.25 45.868687 12.306891 0
5.56 -8.20 2.14 22.67 2.25 45.868687 12.306891 1
5.54 -8.28 2.05 22.52 2.25 45.868687 12.306891 0
5.54 -8.27 1.73 23.08 2.25 45.868687 12.306891 0
5.81 -7.87 2.05 23.12 2.25 45.868687 12.306891 0
5.73 -7.79 2.02 23.14 2.25 45.868687 12.306891 0
5.87 -7.67 1.79 23.51 2.25 45.868687 12.306891 0
5.95 -7.50 1.90 22.74 2.25 45.868687 12.306891 0
6.47 -7.47 1.86 23.14 2.25 45.868687 12.306891 0
6.54 -7.42 1.72 27.05 2.25 45.868687 12.306891 0
6.40 -7.63 2.04 22.69 2.25 45.868687 12.306891 0
6.25 -7.71 1.87 24.51 2.25 45.868687 12.306891 0
6.00 -7.63 2.09 23.29 2.25 45.868687 12.306891 0
6.16 -7.42 1.99 23.22 2.25 45.868687 12.306891 0
5.95 -7.90 2.05 23.05 2.25 45.868687 12.306891 0
5.82 -7.90 1.70 22.86 2.25 45.868687 12.306891 0
5.66 -7.86 1.95 31.71 2.89 45.868663 12.306901 1
5.71 -7.71 1.94 23.44 2.89 45.868663 12.306901 0
5.80 -8.01 1.68 23.74 2.89 45.868663 12.306901 1
6.09 -7.67 2.04 22.91 2.89 45.868663 12.306901 0
5.88 -7.23 1.75 23.58 2.89 45.868663 12.306901 0
6.47 -8.01 1.59 22.66 2.89 45.868663 12.306901 0
6.16 -7.70 1.53 22.54 2.89 45.868663 12.306901 0
6.10 -7.79 1.76 22.76 2.89 45.868663 12.306901 0
5.95 -7.65 1.92 23.38 2.89 45.868663 12.306901 0
5.82 -7.63 1.85 22.71 2.89 45.868663 12.306901 0
5.92 -7.69 1.81 22.96 2.89 45.868663 12.306901 0
5.96 -8.18 1.75 22.88 2.89 45.868663 12.306901 0
5.87 -7.69 1.68 22.69 2.89 45.868663 12.306901 0
6.00 -7.93 1.69 23.91 2.89 45.868663 12.306901 0
5.76 -7.47 1.73 23.29 2.89 45.868663 12.306901 0
5.63 -7.42 2.12 23.12 2.89 45.868663 12.306901 0
6.25 -8.01 1.81 23.02 2.89 45.868663 12.306901 0
6.29 -8.48 1.81 23.87 3.11 45.868636 12.306912 1
6.19 -8.05 1.76 22.28 3.11 45.868636 12.306912 0
5.73 -7.76 1.66 22.78 3.11 45.868636 12.306912 1
5.95 -7.59 1.87 22.86 3.11 45.868636 12.306912 0
6.14 -7.14 1.69 22.79 3.11 45.868636 12.306912 0
6.16 -7.87 1.73 22.64 3.11 45.868636 12.306912 0
5.59 -7.86 1.77 23.29 3.11 45.868636 12.306912 0
5.78 -8.17 1.96 22.11 3.11 45.868636 12.306912 0
5.27 -7.88 1.67 22.64 3.11 45.868636 12.306912 0
5.58 -8.16 1.89 23.60 3.11 45.868636 12.306912 0
5.86 -7.86 1.76 22.72 3.11 45.868636 12.306912 0
5.80 -7.73 2.08 23.63 3.11 45.868636 12.306912 0
5.82 -7.67 2.11 22.43 3.11 45.868636 12.306912 0
6.01 -7.93 1.98 22.90 3.11 45.868636 12.306912 0
5.98 -7.51 1.73 22.81 3.11 45.868636 12.306912 0
6.20 -7.82 1.90 25.02 3.11 45.868636 12.306912 0
6.19 -8.02 1.93 22.29 3.11 45.868636 12.306912 0
6.03 -8.03 1.94 23.68 3.20 45.868609 12.306922 1
5.93 -7.77 2.05 22.98 3.20 45.868609 12.306922 0
5.61 -7.71 1.81 22.86 3.20 45.868609 12.306922 1
5.89 -7.96 1.52 22.66 3.20 45.868609 12.306922 0
5.88 -8.31 1.75 22.86 3.20 45.868609 12.306922 0
5.79 -8.22 1.89 22.62 3.20 45.868609 12.306922 0
5.70 -7.61 1.82 22.24 3.20 45.868609 12.306922 0
5.70 -7.83 2.01 22.78 3.20 45.868609 12.306922 0
5.88 -7.48 1.84 22.67 3.20 45.868609 12.306922 0
6.04 -8.17 1.54 23.03 3.20 45.868609 12.306922 0
6.07 -7.67 1.85 22.74 3.20 45.868609 12.306922 0
5.82 -7.83 1.72 23.38 3.20 45.868609 12.306922 0
5.80 -7.28 1.67 22.98 3.20 45.868609 12.306922 0
6.01 -7.85 1.76 23.24 3.20 45.868609 12.306922 0
5.90 -7.77 1.72 23.10 3.20 45.868609 12.306922 0
6.00 -8.42 1.72 24.08 3.20 45.868609 12.306922 0
5.49 -7.81 1.65 22.88 3.20 45.868609 12.306922 0
5.76 -7.97 1.86 23.22 2.94 45.868582 12.306930 1
5.59 -7.61 1.83 23.07 2.94 45.868582 12.306930 0
5.87 -7.88 2.00 22.66 2.94 45.868582 12.306930 1
6.24 -8.23 1.92 22.57 2.94 45.868582 12.306930 0
5.81 -8.22 1.98 23.91 2.94 45.868582 12.306930 0
5.71 -7.92 2.05 22.83 2.94 45.868582 12.306930 0
5.41 -7.42 1.80 24.10 2.94 45.868582 12.306930 0
6.06 -7.78 1.92 23.12 2.94 45.868582 12.306930 0
6.09 -8.18 1.98 23.08 2.94 45.868582 12.306930 0
6.13 -7.89 2.05 22.57 2.94 45.868582 12.306930 0
5.02 -8.17 1.91 23.75 2.94 45.868582 12.306930 0
5.88 -7.33 1.84 22.96 2.94 45.868582 12.306930 0
5.93 -8.03 2.06 22.64 2.94 45.868582 12.306930 0
6.05 -7.92 1.90 22.72 2.94 45.868582 12.306930 0
5.76 -8.65 2.02 22.79 2.94 45.868582 12.306930 0
5.21 -6.85 1.87 22.66 2.94 45.868582 12.306930 0
5.86 -8.01 2.07 22.50 3.15 45.868554 12.306935 1
5.70 -7.98 1.86 22.36 3.15 45.868554 12.306935 0
5.82 -7.96 1.81 22.24 3.15 45.868554 12.306935 1
5.92 -8.34 1.87 22.57 3.15 45.868554 12.306935 0
5.84 -7.43 1.88 22.69 3.15 45.868554 12.306935 0
5.92 -7.91 1.99 22.81 3.15 45.868554 12.306935 0
5.91 -7.71 1.86 22.86 3.15 45.868554 12.306935 0
5.96 -7.47 1.54 22.71 3.15 45.868554 12.306935 0
6.17 -8.22 1.58 23.08 3.15 45.868554 12.306935 0
5.78 -8.23 1.86 23.22 3.15 45.868554 12.306935 0
5.24 -8.14 1.82 22.90 3.15 45.868554 12.306935 0
5.66 -7.19 1.64 23.36 3.15 45.868554 12.306935 0
6.50 -8.23 1.92 23.63 3.15 45.868554 12.306935 0
5.29 -7.94 1.73 24.54 3.15 45.868554 12.306935 0
5.96 -8.16 1.89 23.70 3.15 45.868554 12.306935 0
5.97 -7.65 1.83 24.06 3.15 45.868554 12.306935 0
5.62 -8.37 1.82 23.15 3.15 45.868554 12.306935 0
6.24 -7.46 2.11 23.75 3.09 45.868526 12.306940 1
5.36 -7.60 1.94 23.02 3.09 45.868526 12.306940 0
6.28 -8.09 1.80 23.32 3.09 45.868526 12.306940 1
5.52 -8.04 1.81 22.62 3.09 45.868526 12.306940 0
6.07 -7.92 1.78 22.83 3.09 45.868526 12.306940 0
5.90 -8.31 1.76 26.15 3.09 45.868526 12.306940 0
5.62 -7.92 1.82 22.64 3.09 45.868526 12.306940 0
5.73 -7.58 1.92 22.83 3.09 45.868526 12.306940 0
5.78 -7.84 1.76 23.20 3.09 45.868526 12.306940 0
5.87 -7.59 2.04 23.68 3.09 45.868526 12.306940 0
5.87 -8.18 1.92 23.15 3.09 45.868526 12.306940 0
5.94 -7.41 1.91 22.69 3.09 45.868526 12.306940 0
5.70 -7.74 2.03 23.32 3.09 45.868526 12.306940 0
6.59 -7.81 1.09 24.75 3.09 45.868526 12.306940 0
5.60 -7.76 1.94 23.00 3.09 45.868526 12.306940 0
5.90 -7.51 1.66 23.36 3.09 45.868526 12.306940 0
6.04 -7.82 2.19 22.31 3.09 45.868526 12.306940 0
6.17 -7.92 1.75 22.76 3.07 45.868498 12.306945 1
6.23 -8.03 1.50 22.31 3.07 45.868498 12.306945 0
5.99 -7.49 1.79 23.27 3.07 45.868498 12.306945 1
5.72 -7.69 2.16 22.71 3.07 45.868498 12.306945 0
5.66 -7.17 2.10 22.96 3.07 45.868498 12.306945 0
5.77 -8.27 1.81 22.38 3.07 45.868498 12.306945 0
5.76 -7.85 1.80 24.85 3.07 45.868498 12.306945 0
6.26 -8.02 1.37 22.48 3.07 45.868498 12.306945 0
5.89 -7.74 1.79 23.08 3.07 45.868498 12.306945 0
6.18 -8.42 1.86 23.79 3.07 45.868498 12.306945 0
5.68 -6.54 1.63 23.39 3.07 45.868498 12.306945 0
5.96 -7.21 1.59 23.84 3.07 45.868498 12.306945 0
6.08 -8.12 1.80 23.74 3.07 45.868498 12.306945 0
6.37 -7.56 1.90 22.50 3.07 45.868498 12.306945 0
5.98 -7.96 1.86 23.00 3.07 45.868498 12.306945 0
5.64 -7.36 1.36 23.43 3.07 45.868498 12.306945 0
6.43 -7.61 0.86 23.03 3.07 45.868498 12.306945 0
5.60 -8.15 1.77 22.48 3.20 45.868470 12.306952 1
5.67 -8.25 1.61 22.91 3.20 45.868470 12.306952 0
5.97 -7.89 1.59 22.79 3.20 45.868470 12.306952 1
5.82 -7.63 1.83 22.79 3.20 45.868470 12.306952 0
5.61 -7.68 1.95 23.82 3.20 45.868470 12.306952 0
6.13 -7.27 2.03 22.35 3.20 45.868470 12.306952 0
6.05 -7.32 1.87 24.97 3.20 45.868470 12.306952 0
5.88 -8.20 2.03 23.32 3.20 45.868470 12.306952 0
5.92 -7.80 1.86 22.81 3.20 45.868470 12.306952 0
6.03 -7.71 1.82 23.00 3.20 45.868470 12.306952 0
5.89 -8.23 2.25 22.72 3.20 45.868470 12.306952 0
5.77 -8.23 2.09 22.98 3.20 45.868470 12.306952 0
6.03 -7.41 1.93 22.98 3.20 45.868470 12.306952 0
5.91 -7.52 2.03 22.93 3.20 45.868470 12.306952 0
5.14 -6.85 1.75 23.63 3.20 45.868470 12.306952 0
6.76 -8.10 1.10 23.60 3.20 45.868470 12.306952 0
5.63 -7.93 1.91 23.34 3.20 45.868470 12.306952 0
6.04 -8.00 1.34 22.91 3.37 45.868440 12.306959 1
6.09 -7.54 1.67 23.19 3.37 45.868440 12.306959 0
6.45 -8.13 1.81 23.14 3.37 45.868440 12.306959 1
6.48 -8.10 1.83 22.71 3.37 45.868440 12.306959 0
5.49 -7.26 1.47 23.41 3.37 45.868440 12.306959 0
5.94 -8.22 1.80 22.59 3.37 45.868440 12.306959 0
6.02 -7.95 1.49 22.67 3.37 45.868440 12.306959 0
5.61 -7.81 1.57 22.90 3.37 45.868440 12.306959 0
5.50 -8.07 1.65 23.43 3.37 45.868440 12.306959 0
5.67 -7.56 1.76 23.32 3.37 45.868440 12.306959 0
6.31 -8.06 1.94 25.11 3.37 45.868440 12.306959 0
5.73 -7.57 1.93 23.20 3.37 45.868440 12.306959 0
6.24 -8.03 2.44 22.78 3.37 45.868440 12.306959 0
6.17 -7.49 2.23 23.29 3.37 45.868440 12.306959 0
6.12 -7.78 2.24 23.65 3.37 45.868440 12.306959 0
5.47 -7.16 2.22 22.69 3.37 45.868440 12.306959 0
5.83 -7.94 1.95 22.24 3.14 45.868411 12.306963 1
6.06 -7.65 1.91 23.72 3.14 45.868411 12.306963 0
5.50 -8.14 2.25 26.99 3.14 45.868411 12.306963 1
5.91 -8.07 1.89 22.67 3.14 45.868411 12.306963 0
5.62 -7.85 2.20 23.62 3.14 45.868411 12.306963 0
5.71 -7.52 2.12 22.72 3.14 45.868411 12.306963 0
5.79 -7.90 2.28 24.75 3.14 45.868411 12.306963 0
5.59 -7.63 2.24 23.55 3.14 45.868411 12.306963 0
5.83 -8.18 1.81 25.95 3.14 45.868411 12.306963 0
6.06 -8.12 1.93 24.56 3.14 45.868411 12.306963 0
6.11 -7.62 1.31 22.98 3.14 45.868411 12.306963 0
6.02 -7.55 1.46 22.36 3.14 45.868411 12.306963 0
5.87 -8.06 1.26 22.74 3.14 45.868411 12.306963 0
5.71 -8.09 1.91 22.64 3.14 45.868411 12.306963 0
5.76 -7.75 2.32 22.35 3.14 45.868411 12.306963 0
5.45 -7.62 1.79 22.52 3.14 45.868411 12.306963 0
5.45 -8.12 2.10 23.94 3.14 45.868411 12.306963 0
5.66 -7.61 2.01 23.08 3.28 45.868382 12.306969 1
5.77 -8.07 2.05 23.10 3.28 45.868382 12.306969 0
5.28 -7.63 2.03 22.76 3.28 45.868382 12.306969 1
5.84 -7.49 2.28 23.03 3.28 45.868382 12.306969 0
6.16 -7.79 1.94 23.84 3.28 45.868382 12.306969 0
6.10 -8.20 2.06 23.02 3.28 45.868382 12.306969 0
5.69 -8.03 1.76 22.98 3.28 45.868382 12.306969 0
5.86 -7.43 2.00 22.71 3.28 45.868382 12.306969 0
5.92 -7.69 1.52 22.93 3.28 45.868382 12.306969 0
5.37 -7.83 2.25 23.32 3.28 45.868382 12.306969 0
5.66 -7.79 2.24 23.19 3.28 45.868382 12.306969 0
5.73 -7.71 1.86 24.32 3.28 45.868382 12.306969 0
6.12 -7.92 1.96 24.10 3.28 45.868382 12.306969 0
6.22 -7.97 2.40 23.84 3.28 45.868382 12.306969 0
5.83 -7.53 2.29 24.92 3.28 45.868382 12.306969 0
5.88 -7.68 1.95 23.31 3.28 45.868382 12.306969 0
6.26 -7.85 1.81 22.91 3.28 45.868382 12.306969 0
6.50 -7.66 2.03 23.79 3.21 45.868353 12.306980 1
5.78 -7.97 1.71 22.86 3.21 45.868353 12.306980 0
5.97 -7.61 0.93 22.76 3.21 45.868353 12.306980 1
6.02 -7.82 1.52 22.55 3.21 45.868353 12.306980 0
5.97 -8.29 1.91 23.51 3.21 45.868353 12.306980 0
5.97 -8.13 1.93 23.98 3.21 45.868353 12.306980 0
5.62 -8.06 1.67 23.19 3.21 45.868353 12.306980 0
5.77 -7.97 1.74 23.38 3.21 45.868353 12.306980 0
5.84 -7.97 1.58 23.38 3.21 45.868353 12.306980 0
6.01 -7.79 1.97 23.77 3.21 45.868353 12.306980 0
6.01 -7.63 1.86 22.83 3.21 45.868353 12.306980 0
5.80 -7.96 1.77 23.17 3.21 45.868353 12.306980 0
5.77 -7.89 1.98 22.72 3.21 45.868353 12.306980 0
6.15 -7.79 2.00 22.23 3.21 45.868353 12.306980 0
6.04 -7.73 1.99 23.22 3.21 45.868353 12.306980 0
5.72 -8.10 1.90 23.32 3.21 45.868353 12.306980 0
5.62 -7.45 1.76 22.52 3.21 45.868353 12.306980 0
5.81 -7.56 2.10 22.24 3.33 45.868325 12.306992 1
5.55 -8.10 2.24 22.57 3.33 45.868325 12.306992 0
6.18 -8.39 2.01 23.17 3.33 45.868325 12.306992 1
5.93 -7.84 2.06 22.72 3.33 45.868325 12.306992 0
6.03 -8.10 2.05 22.79 3.33 45.868325 12.306992 0
5.80 -7.81 1.83 22.72 3.33 45.868325 12.306992 0
6.06 -7.77 1.50 22.67 3.33 45.868325 12.306992 0
5.95 -7.65 1.46 22.78 3.33 45.868325 12.306992 0
6.22 -8.12 1.31 22.67 3.33 45.868325 12.306992 0
6.04 -7.67 1.93 23.10 3.33 45.868325 12.306992 0
6.00 -8.34 1.88 22.79 3.33 45.868325 12.306992 0
5.75 -8.00 1.55 23.48 3.33 45.868325 12.306992 0
5.59 -8.00 1.55 23.08 3.33 45.868325 12.306992 0
5.80 -7.69 1.70 23.43 3.33 45.868325 12.306992 0
6.03 -8.17 1.71 23.20 3.33 45.868325 12.306992 0
6.06 -7.82 2.09 22.66 3.33 45.868325 12.306992 0
6.15 -8.43 1.88 22.55 3.33 45.868325 12.306992 0
5.76 -7.25 1.91 22.83 3.34 45.868295 12.307002 1
6.18 -7.65 1.73 22.48 3.34 45.868295 12.307002 0
6.40 -7.71 1.75 22.91 3.34 45.868295 12.307002 1
5.81 -7.49 1.94 22.83 3.34 45.868295 12.307002 0
5.68 -7.42 1.72 22.79 3.34 45.868295 12.307002 0
5.48 -7.97 2.22 22.16 3.34 45.868295 12.307002 0
5.98 -7.94 2.01 22.40 3.34 45.868295 12.307002 0
5.86 -8.49 1.87 22.88 3.34 45.868295 12.307002 0
6.05 -7.53 1.98 23.14 3.34 45.868295 12.307002 0
5.44 -7.49 2.29 23.14 3.34 45.868295 12.307002 0
5.72 -7.82 2.08 22.72 3.34 45.868295 12.307002 0
6.04 -8.64 2.06 22.96 3.34 45.868295 12.307002 0
6.02 -8.39 2.02 23.03 3.34 45.868295 12.307002 0
5.20 -6.81 2.31 23.44 3.34 45.868295 12.307002 0
4.23 -7.25 1.78 21.61 3.34 45.868295 12.307002 0
6.11 -6.36 1.78 44.49 3.34 45.868295 12.307002 0
7.00 -7.60 0.93 22.23 3.31 45.868265 12.307007 1
6.05 -7.11 1.75 28.06 3.31 45.868265 12.307007 0
5.44 -5.77 1.10 25.71 3.31 45.868265 12.307007 1
4.88 -2.79 1.58 23.02 3.31 45.868265 12.307007 0
5.42 -9.02 1.39 23.89 3.31 45.868265 12.307007 0
6.26 -10.24 1.51 24.25 3.31 45.868265 12.307007 0
4.37 -11.09 2.40 22.24 3.31 45.868265 12.307007 0
5.95 -3.65 1.91 23.08 3.31 45.868265 12.307007 0
5.33 -8.73 2.85 24.13 3.31 45.868265 12.307007 0
5.06 -7.20 1.70 24.71 3.31 45.868265 12.307007 0
5.46 -6.71 1.93 24.04 3.31 45.868265 12.307007 0
9.05 -12.37 1.43 22.26 3.31 45.868265 12.307007 0
5.34 -9.80 0.13 23.86 3.31 45.868265 12.307007 0
5.17 -6.87 0.24 24.75 3.31 45.868265 12.307007 0
5.73 -4.88 2.31 24.59 3.31 45.868265 12.307007 0
5.93 -8.07 2.62 23.39 3.31 45.868265 12.307007 0
6.64 -9.73 2.09 25.67 3.31 45.868265 12.307007 0
5.00 -7.35 0.48 22.79 3.49 45.868234 12.307015 1
6.10 -7.61 1.05 24.32 3.49 45.868234 12.307015 0
7.18 -6.92 1.88 23.63 3.49 45.868234 12.307015 1
6.98 -9.05 1.49 22.91 3.49 45.868234 12.307015 0
6.56 -10.31 2.69 22.17 3.49 45.868234 12.307015 0
5.93 -8.60 2.45 25.11 3.49 45.868234 12.307015 0
4.63 -6.83 3.53 26.48 3.49 45.868234 12.307015 0
5.21 -6.78 1.11 23.65 3.49 45.868234 12.307015 0
7.13 -8.77 3.24 23.55 3.49 45.868234 12.307015 0
4.60 -7.86 2.25 26.50 3.49 45.868234 12.307015 0
3.45 -8.23 2.69 23.24 3.49 45.868234 12.307015 0
5.92 -7.27 1.27 23.24 3.49 45.868234 12.307015 0
6.07 -6.87 1.38 23.58 3.49 45.868234 12.307015 0
5.39 -7.27 0.95 22.59 3.49 45.868234 12.307015 0
6.25 -7.14 1.29 25.57 3.49 45.868234 12.307015 0
5.81 -8.94 2.56 24.46 3.49 45.868234 12.307015 0
5.90 -6.46 3.13 26.38 3.49 45.868234 12.307015 0
6.33 -7.67 1.66 23.87 3.36 45.868204 12.307023 1
6.36 -8.14 1.30 30.70 3.36 45.868204 12.307023 0
6.75 -7.39 1.30 23.03 3.36 45.868204 12.307023 1
7.58 -8.34 2.15 23.48 3.36 45.868204 12.307023 0
6.07 -8.04 2.86 23.39 3.36 45.868204 12.307023 0
5.66 -7.37 1.27 23.02 3.36 45.868204 12.307023 0
6.36 -7.81 1.23 23.91 3.36 45.868204 12.307023 0
5.46 -10.44 1.33 23.14 3.36 45.868204 12.307023 0
5.28 -8.12 2.26 23.70 3.36 45.868204 12.307023 0
6.54 -7.00 3.68 23.14 3.36 45.868204 12.307023 0
7.35 -8.64 1.36 23.38 3.36 45.868204 12.307023 0
5.93 -5.75 0.51 23.60 3.36 45.868204 12.307023 0
5.35 -7.83 0.96 23.34 3.36 45.868204 12.307023 0
5.82 -7.70 3.79 22.78 3.36 45.868204 12.307023 0
5.48 -10.43 1.85 22.93 3.36 45.868204 12.307023 0
6.54 -7.64 1.83 23.96 3.36 45.868204 12.307023 0
5.57 -7.17 1.54 24.10 3.36 45.868204 12.307023 0
5.64 -7.44 1.95 24.34 3.52 45.868172 12.307032 1
4.17 -6.71 1.58 23.51 3.52 45.868172 12.307032 0
6.10 -10.13 2.17 22.26 3.52 45.868172 12.307032 1
7.20 -10.79 1.22 22.26 3.52 45.868172 12.307032 0
5.84 -6.04 1.79 23.08 3.52 45.868172 12.307032 0
6.85 -7.39 2.28 22.81 3.52 45.868172 12.307032 0
5.04 -4.91 2.67 23.89 3.52 45.868172 12.307032 0
5.36 -9.00 2.01 23.03 3.52 45.868172 12.307032 0
5.58 -7.73 0.72 22.90 3.52 45.868172 12.307032 0
5.63 -8.15 1.47 22.78 3.52 45.868172 12.307032 0
4.48 -9.93 1.34 23.38 3.52 45.868172 12.307032 0
4.79 -7.07 1.36 23.43 3.52 45.868172 12.307032 0
6.05 -7.64 2.02 23.31 3.52 45.868172 12.307032 0
5.26 -7.19 2.49 25.64 3.52 45.868172 12.307032 0
6.33 -8.96 1.91 26.84 3.52 45.868172 12.307032 0
7.48 -8.71 1.78 23.84 3.52 45.868172 12.307032 0
5.91 -7.00 2.53 23.39 3.42 45.868141 12.307040 1
5.69 -8.09 0.82 24.95 3.42 45.868141 12.307040 0
5.31 -7.06 1.90 23.29 3.42 45.868141 12.307040 1
6.37 -8.66 1.21 23.74 3.42 45.868141 12.307040 0
5.39 -9.97 1.48 25.60 3.42 45.868141 12.307040 0
6.14 -6.12 2.31 23.14 3.42 45.868141 12.307040 0
3.90 -5.47 1.31 23.12 3.42 45.868141 12.307040 0
6.03 -7.93 1.75 23.14 3.42 45.868141 12.307040 0
8.68 -7.19 0.60 22.35 3.42 45.868141 12.307040 0
6.87 -8.06 0.09 23.41 3.42 45.868141 12.307040 0
4.69 -6.73 2.49 23.19 3.42 45.868141 12.307040 0
3.70 -4.29 2.01 24.80 3.42 45.868141 12.307040 0
6.51 -8.90 1.93 22.11 3.42 45.868141 12.307040 0
5.82 -9.50 1.96 22.33 3.42 45.868141 12.307040 0
6.37 -11.28 1.16 23.80 3.42 45.868141 12.307040 0
3.59 -4.67 1.26 26.63 3.42 45.868141 12.307040 0
7.17 -6.77 2.24 23.44 3.42 45.868141 12.307040 0
4.98 -9.19 1.13 23.12 3.42 45.868141 12.307040 0
7.16 -6.70 0.57 24.40 3.37 45.868111 12.307048 1
5.26 -9.03 1.47 23.08 3.37 45.868111 12.307048 0
6.17 -6.29 1.28 23.63 3.37 45.868111 12.307048 1
5.62 -7.95 1.02 23.51 3.37 45.868111 12.307048 0
6.96 -9.73 3.01 23.24 3.37 45.868111 12.307048 0
5.95 -8.52 1.49 22.64 3.37 45.868111 12.307048 0
5.38 -7.43 2.79 23.17 3.37 45.868111 12.307048 0
5.21 -8.08 1.30 22.72 3.37 45.868111 12.307048 0
5.08 -8.14 2.06 23.08 3.37 45.868111 12.307048 0
5.78 -8.29 1.93 23.39 3.37 45.868111 12.307048 0
6.24 -8.72 1.59 22.83 3.37 45.868111 12.307048 0
5.86 -7.47 1.16 22.47 3.37 45.868111 12.307048 0
5.93 -7.24 1.52 26.43 3.37 45.868111 12.307048 0
6.71 -8.18 2.58 22.84 3.37 45.868111 12.307048 0
5.35 -6.83 2.96 23.15 3.37 45.868111 12.307048 0
6.56 -8.28 2.24 23.17 3.37 45.868111 12.307048 0
5.40 -6.88 1.68 23.99 3.20 45.868082 12.307053 1
4.79 -6.80 1.47 23.63 3.20 45.868082 12.307053 0
6.37 -9.62 2.26 24.64 3.20 45.868082 12.307053 1
6.04 -9.47 2.33 24.37 3.20 45.868082 12.307053 0
4.19 -7.75 1.58 23.68 3.20 45.868082 12.307053 0
5.65 -8.73 2.76 23.80 3.20 45.868082 12.307053 0
5.80 -7.71 2.13 24.01 3.20 45.868082 12.307053 0
6.18 -9.15 1.40 24.80 3.20 45.868082 12.307053 0
5.01 -6.48 1.81 24.70 3.20 45.868082 12.307053 0
5.79 -8.83 1.42 24.80 3.20 45.868082 12.307053 0
6.28 -8.12 1.15 23.15 3.20 45.868082 12.307053 0
5.45 -8.39 1.41 23.29 3.20 45.868082 12.307053 0
4.75 -6.51 1.95 25.88 3.20 45.868082 12.307053 0
4.79 -7.73 0.62 25.59 3.20 45.868082 12.307053 0
5.66 -7.27 3.44 24.92 3.20 45.868082 12.307053 0
6.09 -9.36 2.31 23.08 3.20 45.868082 12.307053 0
3.56 -7.44 2.34 22.81 3.20 45.868082 12.307053 0
4.84 -9.09 1.43 23.53 3.16 45.868053 12.307057 1
6.41 -7.00 2.18 23.62 3.16 45.868053 12.307057 0
5.67 -7.55 1.88 23.87 3.16 45.868053 12.307057 1
6.62 -8.11 0.64 29.58 3.16 45.868053 12.307057 0
5.55 -7.06 4.92 50.94 3.16 45.868053 12.307057 0
5.36 -7.37 3.11 23.46 3.16 45.868053 12.307057 0
5.94 -7.34 1.93 24.04 3.16 45.868053 12.307057 0
6.04 -7.82 1.85 22.83 3.16 45.868053 12.307057 0
5.62 -8.30 1.70 23.44 3.16 45.868053 12.307057 0
5.96 -9.85 2.01 23.99 3.16 45.868053 12.307057 0
5.46 -6.91 1.58 23.24 3.16 45.868053 12.307057 0
4.87 -9.05 1.40 27.35 3.16 45.868053 12.307057 0
5.40 -6.55 0.70 23.58 3.16 45.868053 12.307057 0
4.87 -7.38 0.73 23.84 3.16 45.868053 12.307057 0
6.45 -8.37 1.90 23.08 3.16 45.868053 12.307057 0
