6.46 -7.77 1.59 23.00 2.37 45.868709 12.306883 0
6.63 -7.05 1.81 23.19 2.37 45.868709 12.306883 0
6.45 -7.22 2.07 23.75 2.37 45.868709 12.306883 0
6.03 -7.34 2.04 23.14 2.37 45.868709 12.306883 0
6.52 -7.70 1.90 22.95 2.37 45.868709 12.306883 0
6.41 -7.28 1.92 22.86 2.37 45.868709 12.306883 0
6.21 -8.14 1.72 22.88 2.56 45.868687 12.306883 1
5.65 -8.30 1.06 23.43 2.56 45.868687 12.306883 0
5.67 -7.51 1.11 22.95 2.56 45.868687 12.306883 1
5.83 -7.69 1.64 22.67 2.56 45.868687 12.306883 0
5.48 -8.27 1.67 29.67 2.56 45.868687 12.306883 0
5.72 -8.19 1.68 22.91 2.56 45.868687 12.306883 0
5.93 -7.37 2.02 24.49 2.56 45.868687 12.306883 0
6.20 -7.61 1.95 24.23 2.56 45.868687 12.306883 0
6.18 -7.78 1.95 23.20 2.56 45.868687 12.306883 0
6.11 -7.77 2.17 22.74 2.56 45.868687 12.306883 0
6.30 -7.38 2.24 22.79 2.56 45.868687 12.306883 0
6.18 -7.67 2.25 23.74 2.56 45.868687 12.306883 0
6.27 -7.59 2.12 23.34 2.56 45.868687 12.306883 0
6.08 -7.60 1.99 22.93 2.56 45.868687 12.306883 0
5.73 -7.61 2.25 23.72 2.56 45.868687 12.306883 0
6.06 -7.95 2.30 22.84 2.56 45.868687 12.306883 0
5.52 -8.16 2.14 22.21 2.56 45.868687 12.306883 0
5.49 -8.31 1.91 22.62 2.73 45.868663 12.306890 1
5.64 -7.86 2.07 22.76 2.73 45.868663 12.306890 0
5.86 -7.46 1.91 23.17 2.73 45.868663 12.306890 1
5.80 -7.49 1.85 22.48 2.73 45.868663 12.306890 0
5.81 -8.27 1.85 22.57 2.73 45.868663 12.306890 0
6.11 -7.78 1.87 22.54 2.73 45.868663 12.306890 0
6.37 -7.50 1.83 22.50 2.73 45.868663 12.306890 0
6.47 -7.25 1.51 23.70 2.73 45.868663 12.306890 0
6.72 -7.78 1.52 23.43 2.73 45.868663 12.306890 0
6.18 -7.30 1.64 22.95 2.73 45.868663 12.306890 0
6.27 -7.62 1.25 23.39 2.73 45.868663 12.306890 0
6.21 -7.75 1.30 23.29 2.73 45.868663 12.306890 0
5.99 -8.05 1.57 23.14 2.73 45.868663 12.306890 0
6.00 -7.89 1.78 23.44 2.73 45.868663 12.306890 0
5.66 -7.66 2.05 23.26 2.73 45.868663 12.306890 0
5.32 -7.87 1.92 24.68 2.73 45.868663 12.306890 0
5.48 -7.92 1.67 22.98 2.73 45.868663 12.306890 0
6.14 -7.76 2.24 22.83 3.09 45.868637 12.306897 1
6.13 -7.98 2.11 22.23 3.09 45.868637 12.306897 0
5.93 -8.30 2.11 23.02 3.09 45.868637 12.306897 1
5.89 -7.19 2.33 24.22 3.09 45.868637 12.306897 0
6.11 -6.99 2.04 23.17 3.09 45.868637 12.306897 0
6.19 -8.60 2.03 22.42 3.09 45.868637 12.306897 0
6.38 -8.46 2.32 23.07 3.09 45.868637 12.306897 0
5.84 -7.56 1.93 23.79 3.09 45.868637 12.306897 0
5.55 -7.72 2.17 22.67 3.09 45.868637 12.306897 0
6.25 -7.70 2.26 23.87 3.09 45.868637 12.306897 0
5.81 -7.86 2.11 23.36 3.09 45.868637 12.306897 0
5.89 -8.05 1.24 22.93 3.09 45.868637 12.306897 0
5.39 -8.07 1.18 22.78 3.09 45.868637 12.306897 0
5.79 -7.98 1.45 22.62 3.09 45.868637 12.306897 0
6.25 -8.03 1.86 22.93 3.09 45.868637 12.306897 0
5.88 -7.50 1.60 22.17 3.09 45.868637 12.306897 0
6.03 -7.83 1.84 22.78 3.09 45.868637 12.306897 0
5.83 -7.29 1.78 23.10 3.25 45.868611 12.306909 1
6.17 -7.65 1.93 22.24 3.25 45.868611 12.306909 0
6.05 -8.37 1.75 22.78 3.25 45.868611 12.306909 1
5.41 -7.61 1.75 22.74 3.25 45.868611 12.306909 0
5.44 -8.12 1.58 22.57 3.25 45.868611 12.306909 0
5.96 -8.52 1.59 23.08 3.25 45.868611 12.306909 0
6.12 -7.87 1.67 22.93 3.25 45.868611 12.306909 0
5.69 -7.62 1.88 24.04 3.25 45.868611 12.306909 0
5.64 -7.41 2.14 23.50 3.25 45.868611 12.306909 0
6.41 -8.09 2.19 23.05 3.25 45.868611 12.306909 0
5.66 -8.44 2.25 23.05 3.25 45.868611 12.306909 0
5.75 -8.28 2.12 22.72 3.25 45.868611 12.306909 0
5.71 -7.53 1.77 22.83 3.25 45.868611 12.306909 0
5.53 -7.80 1.63 22.78 3.25 45.868611 12.306909 0
5.68 -7.78 1.68 22.81 3.25 45.868611 12.306909 0
5.92 -7.79 1.64 23.27 3.25 45.868611 12.306909 0
6.05 -7.98 1.90 23.14 3.27 45.868583 12.306921 1
5.69 -7.92 1.87 22.76 3.27 45.868583 12.306921 0
5.78 -7.44 1.82 22.90 3.27 45.868583 12.306921 1
6.13 -7.59 1.97 22.67 3.27 45.868583 12.306921 0
6.13 -7.81 1.68 22.47 3.27 45.868583 12.306921 0
5.83 -8.37 1.90 23.02 3.27 45.868583 12.306921 0
5.55 -8.11 2.03 23.68 3.27 45.868583 12.306921 0
5.67 -7.68 1.85 23.31 3.27 45.868583 12.306921 0
5.87 -7.84 1.71 22.47 3.27 45.868583 12.306921 0
5.99 -7.78 1.71 22.72 3.27 45.868583 12.306921 0
6.12 -8.39 2.03 22.67 3.27 45.868583 12.306921 0
5.63 -8.01 1.80 23.20 3.27 45.868583 12.306921 0
5.66 -7.86 1.74 23.80 3.27 45.868583 12.306921 0
5.76 -7.64 1.58 23.29 3.27 45.868583 12.306921 0
6.04 -7.74 1.90 22.31 3.27 45.868583 12.306921 0
5.98 -8.18 1.58 22.60 3.27 45.868583 12.306921 0
6.23 -7.73 1.92 22.88 3.27 45.868583 12.306921 0
5.20 -8.23 1.49 22.71 3.06 45.868556 12.306928 1
5.93 -7.47 1.87 22.86 3.06 45.868556 12.306928 0
5.68 -8.15 2.05 23.15 3.06 45.868556 12.306928 1
6.19 -7.94 1.79 22.88 3.06 45.868556 12.306928 0
5.80 -9.25 1.77 22.67 3.06 45.868556 12.306928 0
5.19 -6.99 1.94 22.74 3.06 45.868556 12.306928 0
5.73 -8.34 2.19 22.59 3.06 45.868556 12.306928 0
5.93 -7.55 1.87 24.40 3.06 45.868556 12.306928 0
5.91 -7.98 2.03 22.42 3.06 45.868556 12.306928 0
5.55 -8.24 2.03 22.62 3.06 45.868556 12.306928 0
5.55 -7.56 2.05 23.24 3.06 45.868556 12.306928 0
5.80 -7.70 1.91 23.36 3.06 45.868556 12.306928 0
5.88 -7.62 1.59 23.80 3.06 45.868556 12.306928 0
5.75 -7.49 1.49 22.83 3.06 45.868556 12.306928 0
6.01 -7.93 1.85 22.28 3.06 45.868556 12.306928 0
6.08 -8.48 1.80 23.96 3.06 45.868556 12.306928 0
5.52 -7.76 1.71 22.67 3.06 45.868556 12.306928 0
5.32 -7.64 1.81 22.76 2.97 45.868530 12.306933 1
6.73 -8.31 1.90 22.23 2.97 45.868530 12.306933 0
4.97 -8.24 1.77 22.79 2.97 45.868530 12.306933 1
5.62 -7.67 2.13 23.63 2.97 45.868530 12.306933 0
5.64 -7.80 2.12 23.58 2.97 45.868530 12.306933 0
5.05 -7.78 1.88 22.93 2.97 45.868530 12.306933 0
7.84 -7.32 1.38 22.83 2.97 45.868530 12.306933 0
5.47 -7.10 1.58 23.08 2.97 45.868530 12.306933 0
6.61 -8.69 1.22 23.46 2.97 45.868530 12.306933 0
5.74 -7.13 1.61 23.17 2.97 45.868530 12.306933 0
6.15 -7.52 1.71 22.62 2.97 45.868530 12.306933 0
6.21 -8.19 2.09 23.03 2.97 45.868530 12.306933 0
5.34 -7.55 2.10 22.29 2.97 45.868530 12.306933 0
5.74 -7.70 1.65 22.47 2.97 45.868530 12.306933 0
5.79 -7.53 1.71 23.34 2.97 45.868530 12.306933 0
6.10 -7.73 2.15 23.07 2.97 45.868530 12.306933 0
5.83 -8.02 2.33 25.28 2.97 45.868530 12.306933 0
6.03 -7.64 2.12 23.53 3.12 45.868502 12.306938 1
5.72 -7.84 1.96 22.98 3.12 45.868502 12.306938 0
6.12 -7.65 1.73 22.90 3.12 45.868502 12.306938 1
6.18 -7.08 1.71 22.66 3.12 45.868502 12.306938 0
6.20 -8.42 1.72 22.76 3.12 45.868502 12.306938 0
6.24 -8.28 1.39 22.74 3.12 45.868502 12.306938 0
5.93 -7.38 1.78 22.66 3.12 45.868502 12.306938 0
5.91 -7.72 1.86 22.95 3.12 45.868502 12.306938 0
5.52 -8.56 1.65 22.67 3.12 45.868502 12.306938 0
6.27 -8.08 2.13 23.38 3.12 45.868502 12.306938 0
5.96 -8.20 1.80 24.95 3.12 45.868502 12.306938 0
5.54 -7.94 1.94 24.13 3.12 45.868502 12.306938 0
5.64 -8.33 1.84 22.83 3.12 45.868502 12.306938 0
5.76 -6.15 2.31 23.24 3.12 45.868502 12.306938 0
6.83 -8.67 2.15 22.88 3.12 45.868502 12.306938 0
6.14 -7.44 2.15 22.74 3.12 45.868502 12.306938 0
5.98 -7.36 2.16 22.76 3.12 45.868502 12.306938 0
6.14 -7.54 1.76 23.08 3.25 45.868474 12.306944 1
5.89 -7.97 1.63 22.17 3.25 45.868474 12.306944 0
5.82 -8.22 1.47 23.14 3.25 45.868474 12.306944 1
5.88 -7.83 1.73 23.74 3.25 45.868474 12.306944 0
5.58 -7.62 1.70 22.38 3.25 45.868474 12.306944 0
5.89 -8.21 1.65 22.33 3.25 45.868474 12.306944 0
5.70 -7.65 1.63 22.59 3.25 45.868474 12.306944 0
6.21 -7.59 1.41 22.28 3.25 45.868474 12.306944 0
6.18 -8.27 1.38 22.79 3.25 45.868474 12.306944 0
6.03 -7.47 1.26 22.98 3.25 45.868474 12.306944 0
6.42 -7.62 1.95 23.43 3.25 45.868474 12.306944 0
5.78 -7.93 1.80 22.48 3.25 45.868474 12.306944 0
6.07 -8.01 2.26 22.35 3.25 45.868474 12.306944 0
6.06 -7.84 2.25 22.59 3.25 45.868474 12.306944 0
5.57 -8.02 1.96 23.29 3.25 45.868474 12.306944 0
5.32 -8.68 1.53 22.83 3.25 45.868474 12.306944 0
5.51 -7.04 1.79 22.52 3.25 45.868474 12.306944 0
5.81 -7.98 2.12 22.16 3.49 45.868444 12.306954 1
6.14 -7.95 2.15 23.55 3.49 45.868444 12.306954 0
5.79 -7.61 2.14 22.79 3.49 45.868444 12.306954 1
5.59 -7.70 1.79 22.74 3.49 45.868444 12.306954 0
6.48 -7.72 1.45 23.05 3.49 45.868444 12.306954 0
6.25 -8.09 1.69 23.12 3.49 45.868444 12.306954 0
5.64 -7.67 1.85 24.16 3.49 45.868444 12.306954 0
5.59 -7.90 2.10 22.93 3.49 45.868444 12.306954 0
5.81 -7.83 1.96 22.69 3.49 45.868444 12.306954 0
6.02 -8.41 1.89 22.69 3.49 45.868444 12.306954 0
5.80 -7.67 1.95 23.80 3.49 45.868444 12.306954 0
5.36 -7.44 1.77 23.44 3.49 45.868444 12.306954 0
5.52 -7.51 1.89 23.19 3.49 45.868444 12.306954 0
6.14 -7.35 1.85 22.54 3.49 45.868444 12.306954 0
6.46 -8.37 1.75 22.36 3.49 45.868444 12.306954 0
5.74 -7.96 1.57 23.20 3.49 45.868444 12.306954 0
5.72 -7.19 1.71 23.08 3.49 45.868413 12.306964 1
6.16 -7.73 1.86 22.72 3.49 45.868413 12.306964 0
6.19 -8.08 1.75 25.04 3.49 45.868413 12.306964 1
5.59 -8.13 1.83 22.98 3.49 45.868413 12.306964 0
5.88 -7.85 1.77 22.67 3.49 45.868413 12.306964 0
5.86 -8.15 1.79 22.26 3.49 45.868413 12.306964 0
5.93 -7.93 1.89 23.12 3.49 45.868413 12.306964 0
5.89 -7.70 1.80 22.26 3.49 45.868413 12.306964 0
6.15 -7.65 2.26 22.42 3.49 45.868413 12.306964 0
6.12 -8.22 1.81 22.83 3.49 45.868413 12.306964 0
5.78 -7.89 2.11 22.40 3.49 45.868413 12.306964 0
5.99 -7.88 1.82 23.26 3.49 45.868413 12.306964 0
6.06 -7.45 2.01 22.84 3.49 45.868413 12.306964 0
5.51 -7.78 1.91 23.34 3.49 45.868413 12.306964 0
5.94 -7.98 1.87 22.93 3.49 45.868413 12.306964 0
5.80 -7.63 2.00 22.81 3.49 45.868413 12.306964 0
5.66 -7.77 1.90 23.44 3.49 45.868413 12.306964 0
5.59 -8.26 1.78 22.21 3.48 45.868382 12.306972 1
6.02 -7.79 1.95 22.48 3.48 45.868382 12.306972 0
5.84 -7.78 1.92 22.66 3.48 45.868382 12.306972 1
6.33 -7.36 2.27 22.67 3.48 45.868382 12.306972 0
5.81 -7.56 1.92 22.23 3.48 45.868382 12.306972 0
6.25 -7.57 1.35 22.36 3.48 45.868382 12.306972 0
6.26 -7.81 1.70 22.64 3.48 45.868382 12.306972 0
6.04 -8.19 1.92 22.90 3.48 45.868382 12.306972 0
5.59 -7.97 1.70 22.95 3.48 45.868382 12.306972 0
5.78 -8.05 1.56 22.81 3.48 45.868382 12.306972 0
5.75 -8.07 1.44 22.69 3.48 45.868382 12.306972 0
5.65 -8.54 2.23 22.83 3.48 45.868382 12.306972 0
5.84 -7.88 1.53 22.98 3.48 45.868382 12.306972 0
6.08 -6.98 2.04 22.79 3.48 45.868382 12.306972 0
6.38 -7.51 2.19 22.19 3.48 45.868382 12.306972 0
6.48 -8.24 2.04 25.21 3.48 45.868382 12.306972 0
6.26 -7.98 2.06 24.03 3.48 45.868382 12.306972 0
5.77 -7.18 2.15 23.22 3.34 45.868352 12.306981 1
5.99 -7.77 1.97 22.64 3.34 45.868352 12.306981 0
5.82 -8.20 1.91 22.86 3.34 45.868352 12.306981 1
6.13 -8.41 1.89 22.74 3.34 45.868352 12.306981 0
5.68 -7.91 2.01 22.79 3.34 45.868352 12.306981 0
5.31 -7.52 1.98 23.14 3.34 45.868352 12.306981 0
5.45 -8.01 1.84 22.64 3.34 45.868352 12.306981 0
6.29 -8.00 2.60 22.88 3.34 45.868352 12.306981 0
6.49 -7.92 2.56 22.79 3.34 45.868352 12.306981 0
6.08 -7.31 2.06 23.72 3.34 45.868352 12.306981 0
5.80 -8.11 2.18 22.98 3.34 45.868352 12.306981 0
6.13 -7.33 2.11 23.39 3.34 45.868352 12.306981 0
6.20 -7.66 1.90 22.83 3.34 45.868352 12.306981 0
6.10 -7.87 1.94 23.10 3.34 45.868352 12.306981 0
6.11 -8.23 1.77 22.64 3.34 45.868352 12.306981 0
5.62 -7.92 1.68 22.57 3.34 45.868352 12.306981 0
5.23 -8.18 1.82 23.12 3.34 45.868352 12.306981 0
5.35 -7.62 1.97 22.48 3.42 45.868322 12.306990 1
5.96 -8.03 1.77 22.91 3.42 45.868322 12.306990 0
5.71 -7.68 1.72 23.22 3.42 45.868322 12.306990 1
5.92 -8.08 1.89 23.39 3.42 45.868322 12.306990 0
5.95 -7.73 2.01 22.62 3.42 45.868322 12.306990 0
6.25 -7.71 2.24 22.71 3.42 45.868322 12.306990 0
5.69 -7.53 2.42 22.69 3.42 45.868322 12.306990 0
6.16 -7.88 1.93 23.24 3.42 45.868322 12.306990 0
6.18 -7.32 2.29 24.04 3.42 45.868322 12.306990 0
5.79 -7.70 2.33 22.74 3.42 45.868322 12.306990 0
5.66 -8.01 1.87 23.55 3.42 45.868322 12.306990 0
5.69 -8.11 1.84 23.19 3.42 45.868322 12.306990 0
6.24 -8.02 2.20 22.88 3.42 45.868322 12.306990 0
5.94 -7.40 1.93 24.27 3.42 45.868322 12.306990 0
6.10 -7.23 2.06 23.48 3.42 45.868322 12.306990 0
5.94 -7.47 1.94 22.62 3.42 45.868322 12.306990 0
5.79 -7.67 1.71 22.45 3.48 45.868291 12.307000 1
6.07 -8.67 1.63 22.42 3.48 45.868291 12.307000 0
6.32 -7.54 1.36 22.84 3.48 45.868291 12.307000 1
6.14 -7.92 1.88 22.16 3.48 45.868291 12.307000 0
5.88 -7.39 2.02 23.32 3.48 45.868291 12.307000 0
6.16 -7.85 1.52 22.52 3.48 45.868291 12.307000 0
5.82 -7.85 1.31 22.71 3.48 45.868291 12.307000 0
5.59 -8.24 1.72 22.54 3.48 45.868291 12.307000 0
6.06 -8.38 1.93 22.67 3.48 45.868291 12.307000 0
6.00 -8.09 1.94 22.93 3.48 45.868291 12.307000 0
6.11 -7.71 1.89 23.62 3.48 45.868291 12.307000 0
5.76 -7.14 1.62 22.95 3.48 45.868291 12.307000 0
6.50 -7.77 1.70 23.24 3.48 45.868291 12.307000 0
6.21 -8.67 1.60 22.52 3.48 45.868291 12.307000 0
5.46 -7.30 1.87 22.69 3.48 45.868291 12.307000 0
4.71 -6.39 2.27 22.43 3.48 45.868291 12.307000 0
7.89 -10.79 3.18 22.17 3.48 45.868291 12.307000 0
4.44 -9.99 1.35 23.38 3.42 45.868261 12.307009 1
6.76 -8.69 1.47 24.08 3.42 45.868261 12.307009 0
4.43 -7.55 1.53 25.98 3.42 45.868261 12.307009 1
4.46 -5.20 2.24 23.99 3.42 45.868261 12.307009 0
6.53 -10.82 2.83 23.07 3.42 45.868261 12.307009 0
7.15 -8.91 1.56 21.71 3.42 45.868261 12.307009 0
5.37 -9.32 0.79 22.21 3.42 45.868261 12.307009 0
6.88 -8.24 2.49 22.72 3.42 45.868261 12.307009 0
5.48 -8.71 1.64 25.14 3.42 45.868261 12.307009 0
5.14 -6.62 1.15 24.42 3.42 45.868261 12.307009 0
4.13 -4.15 1.50 23.03 3.42 45.868261 12.307009 0
6.85 -12.25 2.63 21.51 3.42 45.868261 12.307009 0
6.18 -12.80 1.57 24.40 3.42 45.868261 12.307009 0
4.54 -7.31 3.80 24.88 3.42 45.868261 12.307009 0
6.49 -5.86 1.91 23.07 3.42 45.868261 12.307009 0
6.72 -5.79 1.47 23.14 3.42 45.868261 12.307009 0
6.05 -7.85 2.37 27.15 3.42 45.868261 12.307009 0
5.34 -9.53 1.90 23.38 3.44 45.868230 12.307017 1
4.87 -7.64 1.84 23.44 3.44 45.868230 12.307017 0
6.09 -7.10 1.53 23.75 3.44 45.868230 12.307017 1
7.37 -8.62 2.74 23.39 3.44 45.868230 12.307017 0
7.25 -9.13 1.99 22.91 3.44 45.868230 12.307017 0
6.96 -8.23 1.61 24.13 3.44 45.868230 12.307017 0
5.12 -6.69 2.35 23.63 3.44 45.868230 12.307017 0
5.26 -7.43 1.33 24.63 3.44 45.868230 12.307017 0
4.49 -9.34 2.04 23.14 3.44 45.868230 12.307017 0
4.48 -8.47 0.81 25.64 3.44 45.868230 12.307017 0
5.13 -8.04 2.40 23.86 3.44 45.868230 12.307017 0
7.15 -8.50 1.62 23.34 3.44 45.868230 12.307017 0
5.71 -8.38 1.80 22.93 3.44 45.868230 12.307017 0
7.08 -8.65 1.52 23.10 3.44 45.868230 12.307017 0
5.37 -8.57 0.96 23.94 3.44 45.868230 12.307017 0
5.91 -8.41 -0.37 24.75 3.44 45.868230 12.307017 0
6.79 -8.03 2.18 23.27 3.44 45.868230 12.307017 0
4.44 -9.65 1.87 22.98 3.53 45.868198 12.307025 1
4.24 -9.71 1.41 22.76 3.53 45.868198 12.307025 0
5.77 -7.57 2.60 23.77 3.53 45.868198 12.307025 1
5.13 -8.84 2.31 23.77 3.53 45.868198 12.307025 0
4.24 -6.57 3.00 22.83 3.53 45.868198 12.307025 0
8.17 -6.14 1.13 24.13 3.53 45.868198 12.307025 0
6.83 -9.94 1.90 22.91 3.53 45.868198 12.307025 0
6.62 -9.04 0.43 23.24 3.53 45.868198 12.307025 0
5.90 -6.69 1.55 23.94 3.53 45.868198 12.307025 0
6.57 -7.17 1.62 23.46 3.53 45.868198 12.307025 0
5.06 -5.89 3.96 23.98 3.53 45.868198 12.307025 0
7.44 -8.63 2.22 22.72 3.53 45.868198 12.307025 0
4.21 -7.18 1.28 22.72 3.53 45.868198 12.307025 0
6.40 -9.04 3.54 23.32 3.53 45.868198 12.307025 0
5.68 -7.49 1.01 24.64 3.53 45.868198 12.307025 0
3.68 -5.99 2.66 24.90 3.53 45.868198 12.307025 0
5.87 -8.17 2.17 23.32 3.36 45.868167 12.307032 1
5.40 -7.24 2.05 22.05 3.36 45.868167 12.307032 0
5.64 -9.72 0.64 21.37 3.36 45.868167 12.307032 1
6.11 -7.89 0.41 22.57 3.36 45.868167 12.307032 0
4.04 -7.02 2.28 23.87 3.36 45.868167 12.307032 0
6.38 -8.50 0.55 23.84 3.36 45.868167 12.307032 0
5.92 -8.01 1.52 23.53 3.36 45.868167 12.307032 0
5.81 -9.63 1.82 23.44 3.36 45.868167 12.307032 0
5.65 -6.80 2.14 23.72 3.36 45.868167 12.307032 0
6.66 -8.10 2.18 22.69 3.36 45.868167 12.307032 0
5.76 -8.90 2.67 23.43 3.36 45.868167 12.307032 0
7.45 -6.19 2.34 22.62 3.36 45.868167 12.307032 0
7.34 -7.57 1.70 26.60 3.36 45.868167 12.307032 0
5.69 -7.47 1.89 22.43 3.36 45.868167 12.307032 0
6.10 -8.38 1.14 23.14 3.36 45.868167 12.307032 0
5.49 -8.24 1.99 23.12 3.36 45.868167 12.307032 0
5.13 -7.44 1.52 23.36 3.36 45.868167 12.307032 0
5.00 -7.87 1.97 22.66 3.48 45.868136 12.307040 1
5.85 -6.34 3.35 23.65 3.48 45.868136 12.307040 0
6.14 -8.72 2.57 23.27 3.48 45.868136 12.307040 1
5.89 -7.00 2.31 23.48 3.48 45.868136 12.307040 0
6.78 -7.71 1.26 22.83 3.48 45.868136 12.307040 0
5.46 -10.12 1.64 22.76 3.48 45.868136 12.307040 0
6.29 -7.55 1.23 22.86 3.48 45.868136 12.307040 0
7.39 -6.85 2.23 24.56 3.48 45.868136 12.307040 0
5.10 -6.55 1.36 23.22 3.48 45.868136 12.307040 0
4.40 -8.08 2.26 24.64 3.48 45.868136 12.307040 0
7.98 -6.34 -0.88 23.05 3.48 45.868136 12.307040 0
7.32 -8.27 -1.22 24.66 3.48 45.868136 12.307040 0
7.61 -10.21 0.97 23.46 3.48 45.868136 12.307040 0
4.89 -4.83 0.70 23.74 3.48 45.868136 12.307040 0
6.55 -8.04 0.22 23.86 3.48 45.868136 12.307040 0
6.03 -9.20 3.47 25.31 3.48 45.868136 12.307040 0
6.73 -7.27 0.56 26.31 3.48 45.868136 12.307040 0
6.04 -10.07 1.90 23.07 3.28 45.868106 12.307047 1
4.95 -7.45 2.52 23.53 3.28 45.868106 12.307047 0
5.27 -8.77 1.65 26.24 3.28 45.868106 12.307047 1
6.40 -9.74 2.65 22.79 3.28 45.868106 12.307047 0
5.35 -7.78 0.71 22.98 3.28 45.868106 12.307047 0
5.76 -7.08 1.84 23.05 3.28 45.868106 12.307047 0
4.07 -7.95 0.58 22.96 3.28 45.868106 12.307047 0
6.43 -7.12 1.42 22.81 3.28 45.868106 12.307047 0
6.14 -7.45 1.95 22.96 3.28 45.868106 12.307047 0
6.05 -7.80 2.33 22.96 3.28 45.868106 12.307047 0
5.54 -7.69 1.16 23.38 3.28 45.868106 12.307047 0
7.14 -8.17 2.01 22.36 3.28 45.868106 12.307047 0
5.86 -7.59 1.44 22.31 3.28 45.868106 12.307047 0
5.32 -7.87 1.07 22.62 3.28 45.868106 12.307047 0
5.82 -8.15 1.16 22.98 3.28 45.868106 12.307047 0
4.71 -7.02 1.22 22.86 3.28 45.868106 12.307047 0
6.11 -6.86 1.04 23.10 3.28 45.868106 12.307047 0
4.85 -7.31 2.04 23.68 3.46 45.868076 12.307056 1
6.66 -8.71 2.66 23.50 3.46 45.868076 12.307056 0
4.57 -7.02 1.47 22.83 3.46 45.868076 12.307056 1
6.63 -6.61 -0.15 22.96 3.46 45.868076 12.307056 0
6.51 -7.54 1.13 23.46 3.46 45.868076 12.307056 0
6.03 -7.97 1.63 24.88 3.46 45.868076 12.307056 0
5.06 -8.35 2.56 22.90 3.46 45.868076 12.307056 0
6.68 -8.22 2.55 23.05 3.46 45.868076 12.307056 0
6.05 -7.12 1.43 22.66 3.46 45.868076 12.307056 0
5.88 -7.66 1.83 25.45 3.46 45.868076 12.307056 0
5.13 -9.07 2.61 23.80 3.46 45.868076 12.307056 0
6.52 -8.30 0.93 23.91 3.46 45.868076 12.307056 0
6.65 -7.62 0.93 23.58 3.46 45.868076 12.307056 0
5.88 -8.88 1.72 25.16 3.46 45.868076 12.307056 0
6.27 -7.04 1.32 24.56 3.46 45.868076 12.307056 0
4.58 -6.98 1.91 23.43 3.46 45.868076 12.307056 0
5.30 -7.57 2.36 22.78 3.46 45.868076 12.307056 0
6.00 -8.16 1.66 22.95 3.44 45.868044 12.307064 1
6.13 -9.84 1.90 23.82 3.44 45.868044 12.307064 0
6.44 -6.75 1.81 23.15 3.44 45.868044 12.307064 1
5.58 -6.90 1.01 23.31 3.44 45.868044 12.307064 0
4.86 -7.89 1.39 22.57 3.44 45.868044 12.307064 0
6.11 -7.75 0.71 22.66 3.44 45.868044 12.307064 0
6.38 -7.64 1.73 22.90 3.44 45.868044 12.307064 0
5.72 -8.02 2.45 22.93 3.44 45.868044 12.307064 0
5.41 -7.53 3.14 22.76 3.44 45.868044 12.307064 0
6.49 -8.30 1.80 23.12 3.44 45.868044 12.307064 0
6.48 -8.23 3.08 24.83 3.44 45.868044 12.307064 0
5.41 -8.04 2.01 22.72 3.44 45.868044 12.307064 0
5.74 -8.81 1.83 23.94 3.44 45.868044 12.307064 0
4.40 -7.41 2.29 23.55 3.44 45.868044 12.307064 0
6.20 -8.80 1.87 24.22 3.44 45.868044 12.307064 0
6.07 -6.59 2.42 131.21 3.44 45.868044 12.307064 0
5.66 -7.50 2.72 23.68 3.31 45.868014 12.307071 1
5.87 -7.05 2.31 22.86 3.31 45.868014 12.307071 0
6.46 -7.69 1.94 62.72 3.31 45.868014 12.307071 1
5.58 -7.41 1.49 23.07 3.31 45.868014 12.307071 0
5.24 -6.55 1.61 23.22 3.31 45.868014 12.307071 0
3.64 -7.38 2.40 22.91 3.31 45.868014 12.307071 0
