6.45 -7.95 2.83 21.45 2.93 45.868733 12.306874 0
6.31 -8.01 2.51 22.17 2.93 45.868733 12.306874 0
5.91 -8.05 2.46 22.31 2.93 45.868733 12.306874 0
5.71 -7.97 2.31 22.86 2.93 45.868733 12.306874 0
5.31 -8.16 2.22 23.50 2.93 45.868733 12.306874 0
4.90 -8.38 2.27 23.03 2.93 45.868733 12.306874 0
4.91 -8.70 1.88 22.52 2.93 45.868733 12.306874 0
5.00 -8.08 1.42 22.93 2.93 45.868733 12.306874 0
5.72 -8.49 1.78 22.76 2.55 45.868713 12.306864 1
5.63 -8.38 1.84 22.91 2.55 45.868713 12.306864 0
5.76 -7.94 1.78 23.17 2.55 45.868713 12.306864 1
6.13 -7.42 0.83 22.38 2.55 45.868713 12.306864 0
6.51 -7.42 1.62 22.74 2.55 45.868713 12.306864 0
6.99 -6.67 2.41 22.71 2.55 45.868713 12.306864 0
6.99 -7.12 2.53 23.53 2.55 45.868713 12.306864 0
6.67 -7.55 2.04 23.38 2.55 45.868713 12.306864 0
6.52 -7.59 1.32 24.03 2.55 45.868713 12.306864 0
5.92 -7.30 1.15 22.79 2.55 45.868713 12.306864 0
6.02 -7.44 0.92 22.69 2.55 45.868713 12.306864 0
5.78 -8.04 1.58 22.67 2.55 45.868713 12.306864 0
5.72 -8.13 1.90 22.78 2.55 45.868713 12.306864 0
5.43 -8.27 1.89 23.84 2.55 45.868713 12.306864 0
5.18 -7.93 1.63 23.05 2.55 45.868713 12.306864 0
5.73 -8.07 1.91 23.39 2.55 45.868713 12.306864 0
5.98 -7.61 1.78 24.94 2.55 45.868713 12.306864 0
6.27 -7.19 1.94 22.86 2.85 45.868688 12.306870 1
6.15 -7.84 1.98 22.19 2.85 45.868688 12.306870 0
6.02 -8.03 2.19 22.62 2.85 45.868688 12.306870 1
6.06 -7.61 2.28 22.81 2.85 45.868688 12.306870 0
6.12 -7.75 2.16 22.71 2.85 45.868688 12.306870 0
6.13 -7.37 1.52 22.93 2.85 45.868688 12.306870 0
6.03 -7.18 2.27 23.77 2.85 45.868688 12.306870 0
5.78 -7.72 2.10 22.88 2.85 45.868688 12.306870 0
5.76 -8.77 1.96 22.83 2.85 45.868688 12.306870 0
5.94 -7.83 2.03 22.83 2.85 45.868688 12.306870 0
5.94 -7.77 1.74 22.79 2.85 45.868688 12.306870 0
5.59 -7.87 2.02 23.22 2.85 45.868688 12.306870 0
6.02 -8.32 1.42 24.25 2.85 45.868688 12.306870 0
6.51 -7.53 1.25 23.29 2.85 45.868688 12.306870 0
6.50 -7.12 1.01 23.65 2.85 45.868688 12.306870 0
6.47 -7.45 1.48 22.62 2.85 45.868688 12.306870 0
6.16 -7.68 1.59 22.67 2.94 45.868663 12.306881 1
5.98 -7.83 1.36 22.64 2.94 45.868663 12.306881 0
5.67 -7.80 1.58 23.08 2.94 45.868663 12.306881 1
6.91 -8.08 1.03 22.60 2.94 45.868663 12.306881 0
6.08 -7.62 1.33 23.39 2.94 45.868663 12.306881 0
5.67 -8.07 1.85 25.91 2.94 45.868663 12.306881 0
5.48 -8.16 2.46 22.47 2.94 45.868663 12.306881 0
5.71 -7.88 2.20 23.51 2.94 45.868663 12.306881 0
5.50 -8.15 1.85 22.79 2.94 45.868663 12.306881 0
6.76 -7.73 1.70 23.43 2.94 45.868663 12.306881 0
6.12 -7.45 1.88 23.02 2.94 45.868663 12.306881 0
5.92 -7.71 1.88 23.24 2.94 45.868663 12.306881 0
5.73 -8.05 2.19 24.35 2.94 45.868663 12.306881 0
6.39 -7.71 2.23 24.49 2.94 45.868663 12.306881 0
6.20 -7.69 2.03 27.01 2.94 45.868663 12.306881 0
5.56 -7.44 1.90 22.96 2.94 45.868663 12.306881 0
5.61 -8.15 1.72 22.55 2.94 45.868663 12.306881 0
6.33 -8.09 1.81 23.22 3.15 45.868637 12.306894 1
6.26 -8.44 1.87 22.71 3.15 45.868637 12.306894 0
5.88 -7.67 1.90 23.44 3.15 45.868637 12.306894 1
5.77 -7.38 1.73 23.56 3.15 45.868637 12.306894 0
5.78 -7.51 1.50 22.86 3.15 45.868637 12.306894 0
6.12 -8.60 1.81 22.42 3.15 45.868637 12.306894 0
6.38 -7.64 1.45 22.21 3.15 45.868637 12.306894 0
5.80 -8.41 1.67 23.32 3.15 45.868637 12.306894 0
5.77 -7.48 1.50 23.53 3.15 45.868637 12.306894 0
6.08 -7.50 1.66 23.38 3.15 45.868637 12.306894 0
6.11 -7.55 1.95 22.83 3.15 45.868637 12.306894 0
5.71 -8.20 2.19 22.79 3.15 45.868637 12.306894 0
5.70 -7.98 1.69 25.69 3.15 45.868637 12.306894 0
5.84 -7.99 1.74 23.89 3.15 45.868637 12.306894 0
5.52 -8.04 1.85 22.67 3.15 45.868637 12.306894 0
5.93 -7.86 2.18 22.86 3.15 45.868637 12.306894 0
6.10 -7.41 1.99 22.57 3.15 45.868637 12.306894 0
5.81 -7.66 2.13 22.76 3.27 45.868609 12.306905 1
5.54 -8.05 1.84 22.84 3.27 45.868609 12.306905 0
5.74 -7.59 1.94 24.20 3.27 45.868609 12.306905 1
6.20 -7.80 2.20 22.67 3.27 45.868609 12.306905 0
6.12 -8.15 1.80 23.03 3.27 45.868609 12.306905 0
6.09 -7.78 1.85 22.86 3.27 45.868609 12.306905 0
5.78 -7.50 1.68 27.41 3.27 45.868609 12.306905 0
5.63 -7.51 1.87 23.34 3.27 45.868609 12.306905 0
5.86 -8.15 2.11 22.78 3.27 45.868609 12.306905 0
5.94 -8.03 1.74 22.72 3.27 45.868609 12.306905 0
5.66 -8.52 1.70 23.14 3.27 45.868609 12.306905 0
5.52 -7.52 1.56 28.64 3.27 45.868609 12.306905 0
5.79 -7.68 1.69 23.19 3.27 45.868609 12.306905 0
5.88 -7.84 1.83 22.67 3.27 45.868609 12.306905 0
6.19 -8.13 1.75 23.00 3.27 45.868609 12.306905 0
5.96 -7.73 1.74 22.64 3.27 45.868609 12.306905 0
5.57 -7.73 2.12 22.78 3.27 45.868609 12.306905 0
5.68 -7.40 2.03 23.29 3.32 45.868581 12.306915 1
5.80 -7.89 2.16 23.12 3.32 45.868581 12.306915 0
6.06 -8.18 1.74 22.45 3.32 45.868581 12.306915 1
6.03 -8.59 1.78 23.41 3.32 45.868581 12.306915 0
5.80 -7.64 1.39 24.70 3.32 45.868581 12.306915 0
5.30 -7.59 1.63 23.60 3.32 45.868581 12.306915 0
6.03 -7.67 1.75 22.66 3.32 45.868581 12.306915 0
6.35 -8.01 1.81 23.43 3.32 45.868581 12.306915 0
5.88 -8.31 1.78 22.71 3.32 45.868581 12.306915 0
5.43 -8.17 1.85 22.96 3.32 45.868581 12.306915 0
5.61 -7.61 1.47 22.95 3.32 45.868581 12.306915 0
6.37 -7.86 1.83 22.24 3.32 45.868581 12.306915 0
6.35 -7.92 1.57 23.50 3.32 45.868581 12.306915 0
5.94 -8.45 1.93 23.79 3.32 45.868581 12.306915 0
5.04 -8.05 1.51 23.50 3.32 45.868581 12.306915 0
5.44 -7.50 1.81 23.14 3.32 45.868581 12.306915 0
6.27 -7.63 2.23 23.34 3.32 45.868581 12.306915 0
6.21 -8.17 1.98 23.79 3.30 45.868552 12.306924 1
5.47 -8.43 1.99 22.78 3.30 45.868552 12.306924 0
5.18 -7.15 1.76 23.31 3.30 45.868552 12.306924 1
5.92 -7.56 1.87 22.81 3.30 45.868552 12.306924 0
6.07 -7.86 1.72 22.36 3.30 45.868552 12.306924 0
5.53 -8.10 2.02 23.62 3.30 45.868552 12.306924 0
5.60 -8.28 1.77 22.45 3.30 45.868552 12.306924 0
5.90 -7.57 2.00 22.84 3.30 45.868552 12.306924 0
5.90 -6.94 2.10 23.19 3.30 45.868552 12.306924 0
5.78 -7.79 1.72 23.03 3.30 45.868552 12.306924 0
6.27 -7.86 1.60 22.36 3.30 45.868552 12.306924 0
6.05 -8.06 1.68 22.19 3.30 45.868552 12.306924 0
5.67 -8.03 1.83 22.83 3.30 45.868552 12.306924 0
5.49 -8.34 2.07 23.79 3.30 45.868552 12.306924 0
5.90 -7.59 1.85 22.83 3.30 45.868552 12.306924 0
6.53 -7.63 2.06 23.17 3.30 45.868552 12.306924 0
5.54 -8.46 1.58 23.44 3.29 45.868522 12.306934 1
6.03 -8.46 1.80 22.98 3.29 45.868522 12.306934 0
5.59 -7.72 1.69 22.45 3.29 45.868522 12.306934 1
5.65 -8.19 1.76 23.17 3.29 45.868522 12.306934 0
6.41 -8.36 2.02 22.86 3.29 45.868522 12.306934 0
5.24 -6.48 1.87 23.38 3.29 45.868522 12.306934 0
5.86 -8.54 1.58 22.81 3.29 45.868522 12.306934 0
6.00 -7.89 1.92 22.91 3.29 45.868522 12.306934 0
5.81 -8.19 1.89 23.05 3.29 45.868522 12.306934 0
5.61 -8.63 1.90 22.72 3.29 45.868522 12.306934 0
5.55 -7.61 1.80 24.76 3.29 45.868522 12.306934 0
5.72 -7.66 2.05 23.29 3.29 45.868522 12.306934 0
6.05 -7.55 1.96 23.67 3.29 45.868522 12.306934 0
5.73 -7.70 2.37 22.72 3.29 45.868522 12.306934 0
5.94 -7.98 2.15 22.67 3.29 45.868522 12.306934 0
5.84 -8.01 1.94 22.86 3.29 45.868522 12.306934 0
5.67 -7.94 1.77 23.50 3.29 45.868522 12.306934 0
5.89 -7.61 1.66 22.78 3.29 45.868522 12.306934 0
6.02 -7.46 1.77 22.78 3.23 45.868494 12.306944 1
6.13 -8.06 1.92 22.69 3.23 45.868494 12.306944 0
6.19 -8.08 1.81 22.71 3.23 45.868494 12.306944 1
5.74 -7.85 1.93 23.24 3.23 45.868494 12.306944 0
5.55 -8.13 1.74 24.22 3.23 45.868494 12.306944 0
5.72 -7.92 1.40 22.71 3.23 45.868494 12.306944 0
6.02 -7.51 1.59 23.07 3.23 45.868494 12.306944 0
5.61 -8.29 1.71 23.38 3.23 45.868494 12.306944 0
5.67 -8.01 1.68 23.05 3.23 45.868494 12.306944 0
6.01 -8.17 1.94 22.90 3.23 45.868494 12.306944 0
5.54 -7.19 2.06 23.07 3.23 45.868494 12.306944 0
5.92 -8.23 1.87 22.83 3.23 45.868494 12.306944 0
5.77 -7.27 1.64 22.93 3.23 45.868494 12.306944 0
5.88 -7.42 1.58 22.90 3.23 45.868494 12.306944 0
5.99 -7.80 1.79 23.36 3.23 45.868494 12.306944 0
6.16 -7.87 2.15 23.26 3.23 45.868494 12.306944 0
6.04 -7.55 1.97 22.90 3.09 45.868467 12.306952 1
5.82 -8.02 1.92 22.88 3.09 45.868467 12.306952 0
6.00 -7.93 1.93 23.12 3.09 45.868467 12.306952 1
5.64 -7.87 1.88 22.26 3.09 45.868467 12.306952 0
5.97 -7.98 1.84 23.03 3.09 45.868467 12.306952 0
5.97 -7.96 1.82 22.31 3.09 45.868467 12.306952 0
5.85 -7.50 2.20 22.21 3.09 45.868467 12.306952 0
5.58 -8.43 1.93 22.90 3.09 45.868467 12.306952 0
5.82 -7.36 1.57 23.38 3.09 45.868467 12.306952 0
6.25 -8.04 1.44 23.44 3.09 45.868467 12.306952 0
5.16 -7.29 1.01 23.41 3.09 45.868467 12.306952 0
6.11 -8.03 1.39 22.90 3.09 45.868467 12.306952 0
6.29 -8.09 1.81 23.50 3.09 45.868467 12.306952 0
6.24 -7.87 2.15 23.60 3.09 45.868467 12.306952 0
6.19 -8.04 1.69 22.83 3.09 45.868467 12.306952 0
5.70 -7.66 1.52 24.16 3.09 45.868467 12.306952 0
5.84 -7.66 1.99 22.72 3.09 45.868467 12.306952 0
5.66 -7.98 2.20 22.07 3.16 45.868439 12.306958 1
6.11 -8.50 1.93 23.02 3.16 45.868439 12.306958 0
5.67 -7.99 2.14 22.81 3.16 45.868439 12.306958 1
5.42 -7.87 2.31 23.34 3.16 45.868439 12.306958 0
5.62 -7.34 1.72 22.81 3.16 45.868439 12.306958 0
5.97 -7.83 2.33 22.69 3.16 45.868439 12.306958 0
6.04 -7.96 2.07 22.31 3.16 45.868439 12.306958 0
5.96 -7.70 2.17 22.90 3.16 45.868439 12.306958 0
5.64 -7.72 2.27 22.42 3.16 45.868439 12.306958 0
5.67 -7.69 1.94 22.67 3.16 45.868439 12.306958 0
6.38 -8.18 2.09 23.03 3.16 45.868439 12.306958 0
6.03 -7.94 1.92 22.79 3.16 45.868439 12.306958 0
5.89 -7.69 1.62 22.54 3.16 45.868439 12.306958 0
5.76 -7.81 1.81 22.95 3.16 45.868439 12.306958 0
6.47 -7.95 1.87 22.93 3.16 45.868439 12.306958 0
5.91 -8.47 1.97 22.67 3.16 45.868439 12.306958 0
5.92 -7.88 2.01 23.05 3.16 45.868439 12.306958 0
6.08 -8.30 1.89 23.63 3.21 45.868411 12.306964 1
5.52 -7.60 1.82 22.43 3.21 45.868411 12.306964 0
5.86 -7.41 1.73 23.22 3.21 45.868411 12.306964 1
6.08 -7.68 2.04 22.57 3.21 45.868411 12.306964 0
6.04 -8.07 1.78 22.66 3.21 45.868411 12.306964 0
6.17 -7.87 1.98 23.96 3.21 45.868411 12.306964 0
5.89 -7.78 1.97 26.41 3.21 45.868411 12.306964 0
5.37 -8.15 1.15 22.84 3.21 45.868411 12.306964 0
5.99 -7.76 1.47 23.84 3.21 45.868411 12.306964 0
5.81 -7.68 1.92 22.95 3.21 45.868411 12.306964 0
5.88 -7.83 1.56 22.84 3.21 45.868411 12.306964 0
5.89 -7.49 1.79 22.88 3.21 45.868411 12.306964 0
5.93 -8.09 2.07 22.88 3.21 45.868411 12.306964 0
5.77 -7.51 1.95 22.93 3.21 45.868411 12.306964 0
6.05 -7.93 1.87 24.42 3.21 45.868411 12.306964 0
6.04 -7.72 2.40 22.64 3.21 45.868411 12.306964 0
5.95 -7.80 1.56 22.62 3.20 45.868382 12.306971 1
5.94 -7.41 1.97 22.52 3.20 45.868382 12.306971 0
5.94 -7.92 2.00 23.53 3.20 45.868382 12.306971 1
5.86 -7.84 2.16 23.14 3.20 45.868382 12.306971 0
5.99 -7.76 2.09 24.01 3.20 45.868382 12.306971 0
6.08 -7.68 1.54 22.67 3.20 45.868382 12.306971 0
6.31 -7.78 1.86 22.76 3.20 45.868382 12.306971 0
6.00 -7.74 2.03 22.36 3.20 45.868382 12.306971 0
5.47 -7.57 1.93 23.79 3.20 45.868382 12.306971 0
5.95 -7.94 1.61 23.74 3.20 45.868382 12.306971 0
6.13 -7.85 1.81 22.72 3.20 45.868382 12.306971 0
6.18 -7.60 1.86 23.63 3.20 45.868382 12.306971 0
6.10 -8.01 2.01 23.15 3.20 45.868382 12.306971 0
5.86 -7.48 1.73 23.22 3.20 45.868382 12.306971 0
5.72 -7.73 1.87 23.24 3.20 45.868382 12.306971 0
5.97 -7.56 1.75 23.14 3.20 45.868382 12.306971 0
6.26 -7.91 1.69 22.55 3.20 45.868382 12.306971 0
5.43 -7.94 1.56 22.54 3.22 45.868353 12.306978 1
5.33 -8.10 2.33 23.08 3.22 45.868353 12.306978 0
6.16 -7.79 1.87 23.14 3.22 45.868353 12.306978 1
6.52 -7.85 2.16 23.24 3.22 45.868353 12.306978 0
5.76 -7.96 1.58 23.08 3.22 45.868353 12.306978 0
5.95 -7.62 2.18 22.67 3.22 45.868353 12.306978 0
6.29 -7.16 1.78 22.62 3.22 45.868353 12.306978 0
5.73 -8.30 2.53 22.72 3.22 45.868353 12.306978 0
5.65 -7.74 2.28 23.26 3.22 45.868353 12.306978 0
6.02 -7.82 2.09 23.14 3.22 45.868353 12.306978 0
6.38 -8.08 1.97 24.10 3.22 45.868353 12.306978 0
5.76 -7.98 1.94 25.02 3.22 45.868353 12.306978 0
5.68 -7.59 1.88 22.79 3.22 45.868353 12.306978 0
5.97 -7.77 1.47 22.79 3.22 45.868353 12.306978 0
5.68 -8.15 1.30 23.65 3.22 45.868353 12.306978 0
5.82 -8.15 2.06 23.39 3.22 45.868353 12.306978 0
5.46 -7.55 2.31 23.17 3.22 45.868353 12.306978 0
5.80 -7.56 2.27 22.83 3.14 45.868325 12.306986 1
5.85 -7.80 1.62 23.03 3.14 45.868325 12.306986 0
6.39 -8.19 1.29 22.42 3.14 45.868325 12.306986 1
6.50 -8.14 1.48 22.17 3.14 45.868325 12.306986 0
5.95 -7.69 1.79 23.29 3.14 45.868325 12.306986 0
5.89 -7.59 2.04 23.74 3.14 45.868325 12.306986 0
5.74 -7.69 1.82 23.03 3.14 45.868325 12.306986 0
5.80 -8.31 1.97 23.22 3.14 45.868325 12.306986 0
5.86 -8.09 1.77 24.15 3.14 45.868325 12.306986 0
5.67 -8.01 1.73 22.78 3.14 45.868325 12.306986 0
5.74 -7.79 1.80 23.70 3.14 45.868325 12.306986 0
6.50 -8.12 1.95 23.62 3.14 45.868325 12.306986 0
5.59 -7.62 1.28 23.77 3.14 45.868325 12.306986 0
5.64 -8.00 1.79 23.43 3.14 45.868325 12.306986 0
5.89 -7.85 1.83 22.72 3.14 45.868325 12.306986 0
6.24 -8.07 2.08 22.43 3.14 45.868325 12.306986 0
5.95 -8.36 1.90 23.15 3.14 45.868325 12.306986 0
5.86 -7.97 1.87 24.16 3.24 45.868297 12.306999 1
5.52 -7.61 1.72 23.38 3.24 45.868297 12.306999 0
6.19 -8.26 1.59 22.72 3.24 45.868297 12.306999 1
5.87 -7.74 2.14 27.10 3.24 45.868297 12.306999 0
5.64 -7.89 1.79 22.67 3.24 45.868297 12.306999 0
5.84 -8.06 1.71 23.82 3.24 45.868297 12.306999 0
5.74 -7.80 2.14 22.98 3.24 45.868297 12.306999 0
5.97 -8.04 1.94 23.14 3.24 45.868297 12.306999 0
5.84 -7.64 1.48 22.93 3.24 45.868297 12.306999 0
5.57 -7.60 1.72 23.00 3.24 45.868297 12.306999 0
5.68 -7.65 1.93 23.36 3.24 45.868297 12.306999 0
5.75 -7.92 1.74 22.31 3.24 45.868297 12.306999 0
6.12 -8.07 1.79 22.23 3.24 45.868297 12.306999 0
6.07 -8.49 1.69 22.42 3.24 45.868297 12.306999 0
5.57 -7.60 1.93 23.03 3.24 45.868297 12.306999 0
5.52 -8.08 1.70 26.48 3.24 45.868297 12.306999 0
5.70 -7.42 2.01 24.30 3.24 45.868297 12.306999 0
6.28 -7.55 1.81 22.54 3.18 45.868269 12.307009 1
6.51 -7.90 1.50 23.34 3.18 45.868269 12.307009 0
5.85 -7.82 1.41 23.53 3.18 45.868269 12.307009 1
5.36 -6.73 1.87 22.93 3.18 45.868269 12.307009 0
6.62 -9.72 2.04 21.21 3.18 45.868269 12.307009 0
5.98 -6.44 2.18 21.95 3.18 45.868269 12.307009 0
5.85 -8.14 3.15 23.22 3.18 45.868269 12.307009 0
5.42 -6.16 2.00 25.36 3.18 45.868269 12.307009 0
4.45 -5.99 1.91 25.35 3.18 45.868269 12.307009 0
5.46 -4.64 2.39 25.74 3.18 45.868269 12.307009 0
4.39 -9.61 1.09 23.58 3.18 45.868269 12.307009 0
5.18 -7.89 -0.60 22.57 3.18 45.868269 12.307009 0
5.12 -9.99 1.37 24.06 3.18 45.868269 12.307009 0
8.04 -6.89 2.56 22.69 3.18 45.868269 12.307009 0
6.67 -7.86 2.51 25.57 3.18 45.868269 12.307009 0
3.60 -6.96 2.60 24.97 3.18 45.868269 12.307009 0
4.75 -5.57 0.72 22.74 3.22 45.868241 12.307018 1
7.70 -8.72 0.66 21.69 3.22 45.868241 12.307018 0
6.37 -12.61 1.36 22.24 3.22 45.868241 12.307018 1
5.51 -7.87 2.19 23.68 3.22 45.868241 12.307018 0
3.47 -5.41 2.28 24.04 3.22 45.868241 12.307018 0
4.66 -7.15 3.06 23.87 3.22 45.868241 12.307018 0
5.83 -8.09 1.69 23.31 3.22 45.868241 12.307018 0
6.49 -8.34 1.95 23.56 3.22 45.868241 12.307018 0
5.66 -7.22 2.10 24.70 3.22 45.868241 12.307018 0
4.73 -5.84 1.46 23.53 3.22 45.868241 12.307018 0
6.41 -7.80 1.80 23.00 3.22 45.868241 12.307018 0
6.40 -9.20 2.00 22.24 3.22 45.868241 12.307018 0
6.74 -10.00 1.21 22.42 3.22 45.868241 12.307018 0
6.14 -7.62 1.69 24.10 3.22 45.868241 12.307018 0
5.47 -7.21 1.84 25.24 3.22 45.868241 12.307018 0
4.90 -7.99 1.10 22.90 3.22 45.868241 12.307018 0
6.86 -9.97 2.26 23.22 3.22 45.868241 12.307018 0
5.47 -6.57 2.62 22.59 3.29 45.868212 12.307027 1
4.81 -8.04 0.65 25.19 3.29 45.868212 12.307027 0
5.54 -5.89 0.57 22.98 3.29 45.868212 12.307027 1
5.96 -8.25 1.75 23.75 3.29 45.868212 12.307027 0
6.15 -7.65 1.50 22.76 3.29 45.868212 12.307027 0
5.27 -7.01 1.93 23.53 3.29 45.868212 12.307027 0
5.54 -8.37 1.97 22.96 3.29 45.868212 12.307027 0
5.85 -6.49 1.29 23.48 3.29 45.868212 12.307027 0
5.09 -8.34 3.01 23.22 3.29 45.868212 12.307027 0
4.62 -7.32 1.28 23.80 3.29 45.868212 12.307027 0
4.72 -9.02 1.97 24.04 3.29 45.868212 12.307027 0
6.64 -6.89 2.29 23.24 3.29 45.868212 12.307027 0
4.26 -7.74 1.92 23.27 3.29 45.868212 12.307027 0
6.62 -8.67 1.82 23.75 3.29 45.868212 12.307027 0
6.77 -6.20 2.77 29.17 3.29 45.868212 12.307027 0
6.17 -7.04 1.60 24.59 3.29 45.868212 12.307027 0
5.60 -10.21 2.04 22.78 3.29 45.868212 12.307027 0
6.01 -6.83 2.45 25.19 3.28 45.868183 12.307033 1
5.80 -7.43 1.92 23.32 3.28 45.868183 12.307033 0
6.15 -9.07 2.28 23.51 3.28 45.868183 12.307033 1
5.44 -6.92 1.04 22.88 3.28 45.868183 12.307033 0
4.81 -8.24 1.97 23.05 3.28 45.868183 12.307033 0
6.22 -7.43 2.38 22.91 3.28 45.868183 12.307033 0
4.75 -7.08 1.08 24.04 3.28 45.868183 12.307033 0
6.64 -6.24 2.46 23.39 3.28 45.868183 12.307033 0
4.75 -6.13 1.99 316.26 3.28 45.868183 12.307033 0
5.81 -6.91 0.50 5.73 3.28 45.868183 12.307033 0
5.41 -7.40 2.52 23.38 3.28 45.868183 12.307033 0
5.81 -7.19 1.94 23.41 3.28 45.868183 12.307033 0
6.21 -8.24 1.36 23.53 3.28 45.868183 12.307033 0
5.20 -8.18 2.10 23.87 3.25 45.868154 12.307041 1
3.98 -7.59 0.99 22.45 3.25 45.868154 12.307041 0
5.62 -8.87 1.54 23.55 3.25 45.868154 12.307041 1
6.01 -7.58 1.95 23.43 3.25 45.868154 12.307041 0
6.40 -7.30 2.37 24.49 3.25 45.868154 12.307041 0
5.52 -6.76 1.78 22.93 3.25 45.868154 12.307041 0
5.85 -8.94 1.69 23.38 3.25 45.868154 12.307041 0
6.23 -8.03 2.77 23.17 3.25 45.868154 12.307041 0
6.67 -7.58 2.44 24.87 3.25 45.868154 12.307041 0
5.90 -7.75 2.50 23.08 3.25 45.868154 12.307041 0
5.63 -7.95 2.14 22.62 3.25 45.868154 12.307041 0
5.70 -8.41 1.61 23.48 3.25 45.868154 12.307041 0
5.67 -6.85 1.58 23.22 3.25 45.868154 12.307041 0
5.77 -8.57 1.34 23.31 3.25 45.868154 12.307041 0
4.81 -6.78 1.91 23.99 3.25 45.868154 12.307041 0
5.85 -8.75 2.91 23.48 3.25 45.868154 12.307041 0
4.41 -6.78 2.40 23.48 3.25 45.868154 12.307041 0
5.85 -6.30 1.73 22.72 3.15 45.868126 12.307052 1
6.77 -9.38 2.96 24.39 3.15 45.868126 12.307052 0
7.06 -8.70 1.89 22.66 3.15 45.868126 12.307052 1
5.58 -8.69 0.98 22.96 3.15 45.868126 12.307052 0
4.51 -6.70 1.27 26.27 3.15 45.868126 12.307052 0
6.36 -8.04 1.93 23.43 3.15 45.868126 12.307052 0
4.43 -7.35 2.58 22.64 3.15 45.868126 12.307052 0
6.40 -10.73 2.08 22.60 3.15 45.868126 12.307052 0
4.48 -5.02 1.78 25.38 3.15 45.868126 12.307052 0
5.40 -7.37 3.24 23.14 3.15 45.868126 12.307052 0
5.76 -8.30 2.71 26.72 3.15 45.868126 12.307052 0
6.39 -7.45 1.09 331.97 3.15 45.868126 12.307052 0
7.50 -8.96 2.27 5.63 3.15 45.868126 12.307052 0
4.98 -9.06 1.70 23.07 3.15 45.868126 12.307052 0
6.87 -8.36 1.85 23.22 3.19 45.868097 12.307059 1
5.60 -7.72 1.97 23.14 3.19 45.868097 12.307059 0
5.42 -8.40 2.79 22.83 3.19 45.868097 12.307059 1
6.11 -7.77 1.53 23.00 3.19 45.868097 12.307059 0
6.17 -8.66 0.83 22.28 3.19 45.868097 12.307059 0
4.96 -7.75 1.14 22.24 3.19 45.868097 12.307059 0
6.28 -6.69 1.84 23.08 3.19 45.868097 12.307059 0
6.85 -7.15 2.11 22.36 3.19 45.868097 12.307059 0
6.73 -6.83 2.20 22.26 3.19 45.868097 12.307059 0
5.82 -7.86 1.51 23.05 3.19 45.868097 12.307059 0
5.83 -8.45 1.88 22.21 3.19 45.868097 12.307059 0
5.29 -7.35 2.03 23.29 3.19 45.868097 12.307059 0
5.53 -8.06 2.16 23.22 3.19 45.868097 12.307059 0
5.85 -8.29 1.92 24.20 3.19 45.868097 12.307059 0
5.98 -8.15 1.69 22.74 3.19 45.868097 12.307059 0
5.56 -7.06 2.49 25.88 3.19 45.868097 12.307059 0
6.28 -8.43 2.80 23.36 3.22 45.868069 12.307066 1
5.70 -8.88 1.82 24.34 3.22 45.868069 12.307066 0
5.71 -6.58 1.91 23.79 3.22 45.868069 12.307066 1
6.15 -8.47 1.83 23.80 3.22 45.868069 12.307066 0
5.95 -8.59 3.27 23.38 3.22 45.868069 12.307066 0
5.89 -8.08 2.49 23.84 3.22 45.868069 12.307066 0
7.07 -7.51 3.80 24.46 3.22 45.868069 12.307066 0
5.45 -7.85 2.12 23.31 3.22 45.868069 12.307066 0
4.71 -9.91 2.77 23.80 3.22 45.868069 12.307066 0
5.38 -8.19 1.95 23.43 3.22 45.868069 12.307066 0
6.44 -8.45 2.16 23.38 3.22 45.868069 12.307066 0
5.23 -8.87 1.57 23.03 3.22 45.868069 12.307066 0
6.16 -6.28 0.17 25.23 3.22 45.868069 12.307066 0
5.55 -6.41 2.45 23.17 3.22 45.868069 12.307066 0
5.66 -7.29 3.16 23.74 3.22 45.868069 12.307066 0
6.29 -8.76 1.36 23.19 3.22 45.868069 12.307066 0
5.26 -7.72 2.78 23.80 3.22 45.868069 12.307066 0
6.72 -8.34 1.36 23.99 3.19 45.868040 12.307072 1
5.33 -7.06 2.14 25.07 3.19 45.868040 12.307072 0
6.68 -7.56 0.41 25.98 3.19 45.868040 12.307072 1
5.79 -8.38 1.43 23.94 3.19 45.868040 12.307072 0
