6.47 -7.19 1.11 22.64 2.67 45.868685 12.306906 0
6.64 -7.09 2.19 22.29 2.67 45.868685 12.306906 0
6.64 -7.77 1.27 22.71 2.53 45.868665 12.306901 1
5.94 -7.18 1.41 23.43 2.53 45.868665 12.306901 0
6.09 -7.16 1.86 23.31 2.53 45.868665 12.306901 1
5.91 -7.72 1.90 22.76 2.53 45.868665 12.306901 0
5.33 -8.88 1.36 22.78 2.53 45.868665 12.306901 0
5.40 -8.14 1.65 23.14 2.53 45.868665 12.306901 0
5.83 -7.66 2.15 22.96 2.53 45.868665 12.306901 0
6.23 -7.53 1.93 22.81 2.53 45.868665 12.306901 0
6.03 -7.88 1.78 23.48 2.53 45.868665 12.306901 0
6.60 -7.44 1.56 22.62 2.53 45.868665 12.306901 0
6.67 -7.02 1.73 23.62 2.53 45.868665 12.306901 0
6.66 -7.07 1.79 23.67 2.53 45.868665 12.306901 0
6.17 -7.50 1.80 22.83 2.53 45.868665 12.306901 0
5.65 -7.25 1.74 23.50 2.53 45.868665 12.306901 0
6.53 -7.92 1.94 23.38 2.53 45.868665 12.306901 0
6.04 -7.81 2.20 24.58 2.53 45.868665 12.306901 0
5.84 -8.03 1.86 22.86 2.53 45.868665 12.306901 0
5.48 -8.39 1.90 22.62 2.81 45.868642 12.306904 1
5.00 -7.61 1.53 22.69 2.81 45.868642 12.306904 0
5.91 -7.86 1.50 25.72 2.81 45.868642 12.306904 1
5.87 -8.07 1.89 23.27 2.81 45.868642 12.306904 0
6.30 -7.92 1.77 23.63 2.81 45.868642 12.306904 0
6.35 -7.48 1.72 23.03 2.81 45.868642 12.306904 0
6.00 -8.11 2.10 25.93 2.81 45.868642 12.306904 0
6.46 -7.04 1.81 24.40 2.81 45.868642 12.306904 0
6.43 -8.37 2.01 22.07 2.81 45.868642 12.306904 0
6.88 -7.76 2.03 23.86 2.81 45.868642 12.306904 0
6.01 -7.64 1.79 25.38 2.81 45.868642 12.306904 0
5.93 -6.88 1.73 25.98 2.81 45.868642 12.306904 0
6.19 -9.06 2.30 22.74 2.81 45.868642 12.306904 0
6.16 -7.51 2.04 22.83 2.81 45.868642 12.306904 0
5.26 -8.61 1.91 23.74 2.81 45.868642 12.306904 0
4.95 -7.82 1.59 23.43 2.81 45.868642 12.306904 0
5.43 -6.74 2.35 24.52 2.81 45.868642 12.306904 0
6.89 -8.73 2.03 22.86 3.10 45.868618 12.306912 1
5.92 -8.50 2.28 29.50 3.10 45.868618 12.306912 0
6.53 -7.86 2.11 24.59 3.10 45.868618 12.306912 1
6.61 -6.85 2.48 23.15 3.10 45.868618 12.306912 0
5.97 -6.30 1.85 23.14 3.10 45.868618 12.306912 0
6.47 -8.02 1.56 23.17 3.10 45.868618 12.306912 0
6.03 -8.95 1.91 23.00 3.10 45.868618 12.306912 0
6.07 -7.67 2.17 22.84 3.10 45.868618 12.306912 0
5.65 -8.33 2.06 23.26 3.10 45.868618 12.306912 0
5.48 -7.47 1.53 23.51 3.10 45.868618 12.306912 0
5.95 -8.60 1.76 23.86 3.10 45.868618 12.306912 0
5.63 -8.22 1.61 22.72 3.10 45.868618 12.306912 0
5.94 -8.20 1.63 23.29 3.10 45.868618 12.306912 0
5.65 -7.65 1.82 22.78 3.10 45.868618 12.306912 0
6.27 -7.42 1.65 24.08 3.10 45.868618 12.306912 0
6.01 -7.83 1.71 23.14 3.10 45.868618 12.306912 0
5.51 -7.42 1.85 23.02 3.10 45.868618 12.306912 0
6.58 -7.42 1.99 22.57 3.34 45.868591 12.306925 1
6.79 -7.91 1.62 23.03 3.34 45.868591 12.306925 0
6.03 -7.85 1.50 22.86 3.34 45.868591 12.306925 1
5.47 -8.04 1.52 22.93 3.34 45.868591 12.306925 0
5.51 -7.70 1.71 23.38 3.34 45.868591 12.306925 0
5.76 -8.35 2.19 22.96 3.34 45.868591 12.306925 0
5.84 -8.17 1.83 22.90 3.34 45.868591 12.306925 0
5.84 -8.20 1.87 22.83 3.34 45.868591 12.306925 0
5.65 -7.35 1.51 23.29 3.34 45.868591 12.306925 0
5.89 -7.65 1.58 22.64 3.34 45.868591 12.306925 0
6.03 -7.66 1.51 22.57 3.34 45.868591 12.306925 0
6.54 -8.08 1.27 22.67 3.34 45.868591 12.306925 0
6.07 -7.55 1.41 22.83 3.34 45.868591 12.306925 0
5.73 -7.76 1.62 23.03 3.34 45.868591 12.306925 0
5.64 -7.44 1.29 24.76 3.34 45.868591 12.306925 0
5.73 -7.98 1.71 23.89 3.34 45.868591 12.306925 0
6.04 -8.21 1.82 23.02 3.33 45.868564 12.306934 1
5.95 -8.13 2.02 23.43 3.33 45.868564 12.306934 0
5.79 -7.78 1.80 23.24 3.33 45.868564 12.306934 1
5.94 -7.76 1.47 22.72 3.33 45.868564 12.306934 0
6.25 -7.76 1.65 22.57 3.33 45.868564 12.306934 0
6.26 -8.10 1.67 22.93 3.33 45.868564 12.306934 0
6.11 -7.47 1.30 23.50 3.33 45.868564 12.306934 0
5.70 -7.94 1.51 23.19 3.33 45.868564 12.306934 0
6.01 -7.40 1.90 23.34 3.33 45.868564 12.306934 0
6.11 -8.24 1.84 22.69 3.33 45.868564 12.306934 0
5.70 -8.13 1.70 22.36 3.33 45.868564 12.306934 0
5.23 -7.67 1.54 22.88 3.33 45.868564 12.306934 0
5.74 -7.90 1.63 23.31 3.33 45.868564 12.306934 0
6.11 -7.79 2.14 23.51 3.33 45.868564 12.306934 0
6.18 -8.10 2.15 24.10 3.33 45.868564 12.306934 0
5.69 -8.10 2.01 23.14 3.33 45.868564 12.306934 0
5.80 -7.79 1.97 23.31 3.33 45.868564 12.306934 0
6.03 -7.99 1.68 23.79 3.50 45.868534 12.306940 1
5.84 -7.61 2.28 22.95 3.50 45.868534 12.306940 0
5.89 -8.03 2.75 22.55 3.50 45.868534 12.306940 1
6.04 -7.93 2.21 25.16 3.50 45.868534 12.306940 0
5.54 -7.93 2.04 23.68 3.50 45.868534 12.306940 0
5.41 -8.03 2.09 23.31 3.50 45.868534 12.306940 0
5.52 -7.58 2.25 22.84 3.50 45.868534 12.306940 0
6.09 -7.94 2.02 23.00 3.50 45.868534 12.306940 0
6.11 -7.94 1.84 22.72 3.50 45.868534 12.306940 0
5.73 -8.24 2.16 22.83 3.50 45.868534 12.306940 0
6.01 -8.14 2.03 24.83 3.50 45.868534 12.306940 0
5.85 -7.34 2.61 24.08 3.50 45.868534 12.306940 0
6.36 -8.05 1.83 23.19 3.50 45.868534 12.306940 0
6.14 -8.14 1.66 22.72 3.50 45.868534 12.306940 0
5.85 -7.80 1.66 23.63 3.50 45.868534 12.306940 0
5.68 -7.90 1.60 23.00 3.50 45.868534 12.306940 0
5.39 -7.61 1.76 23.38 3.50 45.868534 12.306940 0
5.88 -8.21 1.73 24.01 3.47 45.868505 12.306949 1
6.00 -7.77 1.56 22.62 3.47 45.868505 12.306949 0
5.89 -8.39 1.82 22.16 3.47 45.868505 12.306949 1
5.72 -8.32 2.12 24.35 3.47 45.868505 12.306949 0
5.50 -7.75 1.74 23.46 3.47 45.868505 12.306949 0
6.06 -7.16 1.66 23.58 3.47 45.868505 12.306949 0
5.92 -7.96 1.68 22.74 3.47 45.868505 12.306949 0
5.92 -7.88 2.28 23.19 3.47 45.868505 12.306949 0
6.30 -7.33 2.13 23.62 3.47 45.868505 12.306949 0
6.10 -8.13 2.12 23.26 3.47 45.868505 12.306949 0
5.81 -7.76 1.47 24.35 3.47 45.868505 12.306949 0
5.75 -7.63 1.80 23.03 3.47 45.868505 12.306949 0
5.47 -7.96 1.99 22.90 3.47 45.868505 12.306949 0
6.01 -8.01 1.72 23.31 3.47 45.868505 12.306949 0
5.63 -7.70 1.64 22.88 3.47 45.868505 12.306949 0
5.87 -8.58 1.72 23.43 3.47 45.868505 12.306949 0
5.72 -7.97 2.00 23.29 3.47 45.868505 12.306949 0
6.72 -7.28 1.99 22.72 3.42 45.868476 12.306958 1
5.84 -8.49 2.24 23.31 3.42 45.868476 12.306958 0
6.12 -8.03 1.66 24.15 3.42 45.868476 12.306958 1
5.64 -8.12 1.44 22.67 3.42 45.868476 12.306958 0
5.69 -8.05 1.65 23.53 3.42 45.868476 12.306958 0
5.42 -8.20 1.31 23.24 3.42 45.868476 12.306958 0
6.01 -6.83 2.08 23.46 3.42 45.868476 12.306958 0
5.82 -7.70 1.90 23.34 3.42 45.868476 12.306958 0
6.15 -7.81 1.99 25.14 3.42 45.868476 12.306958 0
5.66 -8.05 2.16 23.39 3.42 45.868476 12.306958 0
5.52 -7.73 2.10 22.98 3.42 45.868476 12.306958 0
5.99 -7.50 1.95 23.34 3.42 45.868476 12.306958 0
5.80 -7.74 1.74 22.66 3.42 45.868476 12.306958 0
5.78 -8.14 1.93 22.54 3.42 45.868476 12.306958 0
5.66 -8.09 1.94 22.98 3.42 45.868476 12.306958 0
5.57 -7.72 1.89 22.78 3.42 45.868476 12.306958 0
5.80 -8.09 1.95 22.91 3.44 45.868446 12.306965 1
5.98 -7.04 1.81 22.50 3.44 45.868446 12.306965 0
5.85 -7.57 2.01 22.48 3.44 45.868446 12.306965 1
6.15 -8.12 1.86 22.88 3.44 45.868446 12.306965 0
5.86 -8.26 1.39 24.13 3.44 45.868446 12.306965 0
5.89 -7.85 1.73 22.48 3.44 45.868446 12.306965 0
6.04 -8.07 1.90 22.67 3.44 45.868446 12.306965 0
5.62 -7.28 1.86 23.26 3.44 45.868446 12.306965 0
5.93 -7.74 2.03 23.29 3.44 45.868446 12.306965 0
6.08 -7.89 1.88 23.10 3.44 45.868446 12.306965 0
5.52 -7.96 0.92 22.84 3.44 45.868446 12.306965 0
6.12 -8.46 0.77 23.39 3.44 45.868446 12.306965 0
5.52 -7.83 2.13 23.50 3.44 45.868446 12.306965 0
5.94 -8.15 1.75 23.26 3.44 45.868446 12.306965 0
5.83 -7.94 1.79 22.74 3.44 45.868446 12.306965 0
6.06 -8.59 1.74 23.65 3.44 45.868446 12.306965 0
5.70 -7.71 1.94 23.82 3.44 45.868446 12.306965 0
5.54 -8.19 1.96 23.34 3.43 45.868416 12.306972 1
5.98 -7.89 1.98 22.98 3.43 45.868416 12.306972 0
6.24 -7.67 1.78 22.55 3.43 45.868416 12.306972 1
5.55 -7.56 1.43 23.29 3.43 45.868416 12.306972 0
5.75 -8.12 2.10 23.22 3.43 45.868416 12.306972 0
6.05 -8.04 1.73 23.03 3.43 45.868416 12.306972 0
5.85 -8.31 2.10 23.48 3.43 45.868416 12.306972 0
5.68 -7.77 2.17 23.05 3.43 45.868416 12.306972 0
5.96 -7.55 1.59 22.98 3.43 45.868416 12.306972 0
5.86 -8.39 2.17 23.34 3.43 45.868416 12.306972 0
6.24 -7.84 2.64 22.95 3.43 45.868416 12.306972 0
5.41 -8.55 1.69 23.60 3.43 45.868416 12.306972 0
6.53 -7.63 2.06 22.78 3.43 45.868416 12.306972 0
6.41 -7.92 1.91 22.72 3.43 45.868416 12.306972 0
6.06 -7.83 2.06 23.15 3.43 45.868416 12.306972 0
5.93 -7.78 1.77 23.77 3.43 45.868416 12.306972 0
5.89 -7.65 2.60 23.12 3.43 45.868416 12.306972 0
5.89 -7.45 2.09 24.06 3.36 45.868387 12.306981 1
5.90 -7.90 1.42 22.81 3.36 45.868387 12.306981 0
5.87 -8.23 1.21 22.72 3.36 45.868387 12.306981 1
5.78 -8.08 1.11 23.20 3.36 45.868387 12.306981 0
6.11 -7.85 1.81 24.20 3.36 45.868387 12.306981 0
5.96 -7.35 1.64 22.62 3.36 45.868387 12.306981 0
5.75 -7.41 2.14 22.67 3.36 45.868387 12.306981 0
6.18 -8.13 1.95 22.47 3.36 45.868387 12.306981 0
6.04 -7.90 1.98 22.78 3.36 45.868387 12.306981 0
5.66 -7.80 1.93 22.78 3.36 45.868387 12.306981 0
5.65 -7.62 1.82 22.78 3.36 45.868387 12.306981 0
6.13 -8.18 2.18 22.38 3.36 45.868387 12.306981 0
5.68 -7.63 2.09 22.90 3.36 45.868387 12.306981 0
5.67 -8.06 1.96 25.88 3.36 45.868387 12.306981 0
5.57 -7.59 1.95 23.34 3.36 45.868387 12.306981 0
5.97 -7.30 1.87 22.88 3.36 45.868387 12.306981 0
5.83 -7.95 2.21 22.74 3.36 45.868387 12.306981 0
5.88 -8.35 1.70 23.43 3.39 45.868358 12.306990 1
6.57 -7.29 1.06 23.56 3.39 45.868358 12.306990 0
6.08 -7.50 1.57 22.79 3.39 45.868358 12.306990 1
5.68 -7.63 1.47 23.07 3.39 45.868358 12.306990 0
5.93 -7.60 1.77 22.69 3.39 45.868358 12.306990 0
6.21 -8.04 1.59 22.98 3.39 45.868358 12.306990 0
5.87 -8.60 2.08 23.53 3.39 45.868358 12.306990 0
5.80 -8.10 1.50 23.44 3.39 45.868358 12.306990 0
5.43 -7.86 1.78 23.03 3.39 45.868358 12.306990 0
5.19 -8.17 1.38 22.83 3.39 45.868358 12.306990 0
6.03 -8.04 2.43 23.60 3.39 45.868358 12.306990 0
6.29 -7.68 1.92 22.83 3.39 45.868358 12.306990 0
5.71 -8.22 2.05 26.46 3.39 45.868358 12.306990 0
6.03 -7.37 1.89 23.43 3.39 45.868358 12.306990 0
7.38 -7.60 1.90 22.78 3.39 45.868358 12.306990 0
6.10 -8.10 2.37 23.19 3.39 45.868358 12.306990 0
6.13 -8.02 2.32 23.20 3.39 45.868358 12.306990 0
5.93 -7.64 2.15 22.76 3.11 45.868330 12.306995 1
5.81 -7.69 2.20 22.17 3.11 45.868330 12.306995 0
5.74 -8.15 2.28 22.78 3.11 45.868330 12.306995 1
6.00 -8.66 2.09 24.04 3.11 45.868330 12.306995 0
5.93 -7.90 1.97 23.68 3.11 45.868330 12.306995 0
5.31 -7.95 1.39 23.55 3.11 45.868330 12.306995 0
5.82 -8.15 1.49 23.14 3.11 45.868330 12.306995 0
6.43 -8.11 1.80 23.36 3.11 45.868330 12.306995 0
5.80 -7.69 2.02 23.24 3.11 45.868330 12.306995 0
6.02 -7.59 2.06 23.43 3.11 45.868330 12.306995 0
5.88 -7.44 1.90 23.31 3.11 45.868330 12.306995 0
6.14 -7.64 1.81 22.40 3.11 45.868330 12.306995 0
6.30 -8.46 1.69 22.43 3.11 45.868330 12.306995 0
5.29 -7.95 1.46 23.29 3.11 45.868330 12.306995 0
5.74 -8.65 1.78 23.29 3.11 45.868330 12.306995 0
6.11 -7.55 1.85 23.19 3.11 45.868330 12.306995 0
5.81 -7.72 1.74 22.74 3.11 45.868330 12.306995 0
5.90 -7.97 1.84 22.81 3.32 45.868302 12.307004 1
5.99 -7.73 1.59 23.03 3.32 45.868302 12.307004 0
6.00 -7.64 2.05 22.95 3.32 45.868302 12.307004 1
5.66 -8.46 1.92 23.53 3.32 45.868302 12.307004 0
6.03 -7.63 2.04 22.90 3.32 45.868302 12.307004 0
5.69 -7.52 2.00 23.74 3.32 45.868302 12.307004 0
5.76 -7.62 1.88 24.44 3.32 45.868302 12.307004 0
5.85 -8.16 2.28 22.78 3.32 45.868302 12.307004 0
5.88 -7.74 1.88 22.43 3.32 45.868302 12.307004 0
5.51 -7.99 2.13 22.72 3.32 45.868302 12.307004 0
5.87 -7.74 1.79 23.19 3.32 45.868302 12.307004 0
5.79 -7.95 1.77 22.67 3.32 45.868302 12.307004 0
6.25 -7.85 1.75 22.84 3.32 45.868302 12.307004 0
5.61 -7.86 1.93 23.00 3.32 45.868302 12.307004 0
5.60 -7.35 2.04 23.14 3.32 45.868302 12.307004 0
6.18 -8.03 1.76 23.08 3.32 45.868302 12.307004 0
6.01 -7.92 1.84 22.54 3.19 45.868274 12.307014 1
5.67 -8.81 1.77 22.72 3.19 45.868274 12.307014 0
6.93 -8.02 1.24 22.36 3.19 45.868274 12.307014 1
6.17 -7.93 1.75 25.42 3.19 45.868274 12.307014 0
6.02 -7.05 1.71 22.88 3.19 45.868274 12.307014 0
6.07 -7.56 1.90 22.76 3.19 45.868274 12.307014 0
5.81 -7.64 1.68 23.86 3.19 45.868274 12.307014 0
5.84 -8.27 1.58 23.38 3.19 45.868274 12.307014 0
5.39 -6.58 1.75 22.57 3.19 45.868274 12.307014 0
7.32 -9.31 2.71 24.97 3.19 45.868274 12.307014 0
5.56 -7.16 1.84 22.23 3.19 45.868274 12.307014 0
6.40 -6.95 1.86 23.36 3.19 45.868274 12.307014 0
5.25 -7.84 1.60 25.54 3.19 45.868274 12.307014 0
5.65 -5.96 2.21 176.64 3.19 45.868274 12.307014 0
7.61 -8.55 2.51 23.48 3.19 45.868274 12.307014 0
4.95 -8.09 1.45 23.98 3.19 45.868274 12.307014 0
5.65 -8.69 0.85 23.19 3.19 45.868274 12.307014 0
4.59 -10.81 1.07 22.24 3.33 45.868245 12.307023 1
7.87 -6.15 1.04 22.47 3.33 45.868245 12.307023 0
5.37 -7.29 1.67 26.19 3.33 45.868245 12.307023 1
4.22 -7.06 0.70 23.68 3.33 45.868245 12.307023 0
4.57 -7.35 2.60 24.08 3.33 45.868245 12.307023 0
7.87 -10.02 2.71 22.47 3.33 45.868245 12.307023 0
6.01 -9.70 1.62 25.98 3.33 45.868245 12.307023 0
5.01 -6.96 0.94 23.63 3.33 45.868245 12.307023 0
5.37 -6.59 2.26 23.80 3.33 45.868245 12.307023 0
6.55 -7.37 1.53 22.98 3.33 45.868245 12.307023 0
6.42 -8.73 1.76 23.58 3.33 45.868245 12.307023 0
5.43 -6.33 2.20 23.79 3.33 45.868245 12.307023 0
6.14 -7.20 2.04 23.46 3.33 45.868245 12.307023 0
5.71 -7.56 2.02 23.44 3.33 45.868245 12.307023 0
6.08 -7.46 2.69 22.98 3.33 45.868245 12.307023 0
7.69 -8.23 2.04 22.26 3.33 45.868245 12.307023 0
6.63 -10.03 2.09 22.98 3.33 45.868245 12.307023 0
3.23 -5.11 1.83 24.54 3.37 45.868216 12.307033 1
6.90 -6.35 2.34 24.03 3.37 45.868216 12.307033 0
6.04 -7.13 1.26 23.14 3.37 45.868216 12.307033 1
7.17 -10.31 1.90 23.86 3.37 45.868216 12.307033 0
5.90 -8.42 0.91 23.32 3.37 45.868216 12.307033 0
4.99 -5.41 2.24 24.92 3.37 45.868216 12.307033 0
5.45 -8.37 3.01 24.11 3.37 45.868216 12.307033 0
6.57 -8.21 1.90 22.96 3.37 45.868216 12.307033 0
7.44 -8.52 2.69 23.60 3.37 45.868216 12.307033 0
5.58 -7.55 1.09 23.19 3.37 45.868216 12.307033 0
4.79 -6.95 1.65 24.40 3.37 45.868216 12.307033 0
5.97 -7.56 2.52 24.70 3.37 45.868216 12.307033 0
5.24 -8.73 1.32 23.34 3.37 45.868216 12.307033 0
4.54 -9.11 2.31 23.39 3.37 45.868216 12.307033 0
6.09 -7.53 3.29 23.58 3.37 45.868216 12.307033 0
5.27 -8.06 2.58 23.50 3.37 45.868216 12.307033 0
4.91 -9.12 1.18 23.68 3.37 45.868216 12.307033 0
6.16 -6.35 2.27 285.56 3.47 45.868185 12.307041 1
5.29 -7.67 2.20 6.14 3.47 45.868185 12.307041 1
5.78 -8.13 2.15 23.63 3.47 45.868185 12.307041 0
5.94 -8.49 2.30 23.58 3.47 45.868185 12.307041 0
4.90 -8.53 1.77 22.38 3.47 45.868185 12.307041 0
6.80 -7.70 2.51 22.88 3.47 45.868185 12.307041 0
6.53 -8.21 1.57 23.29 3.47 45.868185 12.307041 0
5.46 -8.14 1.90 23.86 3.47 45.868185 12.307041 0
5.78 -6.40 1.13 24.13 3.47 45.868185 12.307041 0
4.70 -6.52 1.79 23.03 3.47 45.868185 12.307041 0
7.11 -9.76 1.80 23.50 3.47 45.868185 12.307041 0
6.23 -10.12 1.31 22.62 3.47 45.868185 12.307041 0
5.34 -6.64 1.95 22.90 3.47 45.868185 12.307041 0
5.23 -6.55 1.38 25.21 3.39 45.868154 12.307049 1
4.50 -5.84 1.46 22.84 3.39 45.868154 12.307049 0
5.84 -8.74 1.12 23.15 3.39 45.868154 12.307049 1
6.72 -9.97 1.43 23.58 3.39 45.868154 12.307049 0
5.74 -7.71 1.77 23.27 3.39 45.868154 12.307049 0
5.93 -7.23 1.17 23.14 3.39 45.868154 12.307049 0
5.65 -7.40 1.76 22.83 3.39 45.868154 12.307049 0
7.05 -8.50 2.95 22.84 3.39 45.868154 12.307049 0
6.95 -7.78 2.83 22.67 3.39 45.868154 12.307049 0
5.95 -7.38 1.66 23.86 3.39 45.868154 12.307049 0
5.34 -6.97 2.38 23.36 3.39 45.868154 12.307049 0
6.45 -8.59 1.87 25.26 3.39 45.868154 12.307049 0
4.87 -8.26 2.55 22.81 3.39 45.868154 12.307049 0
4.94 -9.29 1.68 23.15 3.39 45.868154 12.307049 0
6.51 -7.91 -0.65 22.62 3.39 45.868154 12.307049 0
5.47 -8.81 1.89 28.71 3.39 45.868154 12.307049 0
6.47 -8.45 1.27 24.87 3.39 45.868154 12.307049 0
6.60 -7.07 1.50 23.43 3.19 45.868125 12.307058 1
6.10 -6.22 1.91 24.01 3.19 45.868125 12.307058 0
8.01 -10.01 1.69 23.44 3.19 45.868125 12.307058 1
7.40 -9.68 2.52 24.52 3.19 45.868125 12.307058 0
4.74 -6.95 1.50 24.18 3.19 45.868125 12.307058 0
5.76 -7.84 1.75 23.05 3.19 45.868125 12.307058 0
3.77 -6.14 1.94 27.75 3.19 45.868125 12.307058 0
5.93 -8.17 2.33 22.62 3.19 45.868125 12.307058 0
4.57 -7.78 2.66 23.79 3.19 45.868125 12.307058 0
6.67 -9.89 2.60 22.74 3.19 45.868125 12.307058 0
5.14 -4.83 2.90 25.33 3.19 45.868125 12.307058 0
6.06 -7.03 1.69 23.68 3.19 45.868125 12.307058 0
5.04 -8.31 2.00 24.64 3.19 45.868125 12.307058 0
7.35 -7.00 2.56 22.48 3.19 45.868125 12.307058 0
5.98 -8.26 1.28 23.89 3.19 45.868125 12.307058 0
4.85 -8.65 1.73 23.53 3.19 45.868125 12.307058 0
5.94 -6.29 2.30 23.87 3.19 45.868125 12.307058 0
6.25 -6.62 3.68 22.71 3.30 45.868097 12.307066 1
5.27 -9.58 1.91 22.36 3.30 45.868097 12.307066 0
5.09 -7.70 1.75 23.79 3.30 45.868097 12.307066 1
6.02 -7.90 1.63 23.63 3.30 45.868097 12.307066 0
3.31 -6.59 1.78 23.14 3.30 45.868097 12.307066 0
6.88 -7.98 1.25 22.47 3.30 45.868097 12.307066 0
6.77 -7.55 1.16 23.08 3.30 45.868097 12.307066 0
7.12 -7.79 1.24 23.34 3.30 45.868097 12.307066 0
6.01 -7.09 2.51 22.74 3.30 45.868097 12.307066 0
5.07 -7.58 2.31 22.43 3.30 45.868097 12.307066 0
5.59 -7.90 1.47 22.98 3.30 45.868097 12.307066 0
5.58 -7.71 2.21 22.57 3.30 45.868097 12.307066 0
4.68 -8.66 2.88 22.62 3.30 45.868097 12.307066 0
5.46 -7.85 1.88 22.91 3.30 45.868097 12.307066 0
5.39 -7.96 2.20 22.83 3.30 45.868097 12.307066 0
4.44 -7.87 1.60 23.15 3.30 45.868097 12.307066 0
6.14 -8.21 2.98 23.41 3.21 45.868068 12.307072 1
6.82 -9.37 1.56 22.96 3.21 45.868068 12.307072 0
6.73 -7.59 2.11 24.59 3.21 45.868068 12.307072 1
5.90 -7.19 2.38 23.39 3.21 45.868068 12.307072 0
6.26 -7.75 2.09 22.88 3.21 45.868068 12.307072 0
5.70 -8.48 2.09 22.84 3.21 45.868068 12.307072 0
5.70 -7.61 2.38 23.34 3.21 45.868068 12.307072 0
6.18 -7.67 2.19 28.50 3.21 45.868068 12.307072 0
5.32 -7.50 2.01 25.16 3.21 45.868068 12.307072 0
5.41 -7.81 2.05 23.89 3.21 45.868068 12.307072 0
5.36 -7.61 1.03 23.91 3.21 45.868068 12.307072 0
6.73 -6.86 1.56 23.96 3.21 45.868068 12.307072 0
6.08 -8.23 1.18 25.67 3.21 45.868068 12.307072 0
6.67 -9.34 2.36 24.75 3.21 45.868068 12.307072 0
6.19 -7.48 3.16 23.62 3.21 45.868068 12.307072 0
6.88 -6.46 3.10 23.00 3.21 45.868068 12.307072 0
5.37 -7.54 2.22 48.89 3.21 45.868068 12.307072 0
5.80 -7.30 2.22 23.12 3.29 45.868038 12.307078 1
5.13 -8.10 1.22 23.80 3.29 45.868038 12.307078 0
4.53 -6.12 1.23 23.48 3.29 45.868038 12.307078 1
5.02 -6.79 1.41 24.44 3.29 45.868038 12.307078 0
6.09 -8.79 1.29 22.93 3.29 45.868038 12.307078 0
5.45 -9.21 2.20 23.05 3.29 45.868038 12.307078 0
4.93 -7.35 1.58 22.67 3.29 45.868038 12.307078 0
5.48 -7.21 1.75 24.34 3.29 45.868038 12.307078 0
6.63 -8.05 1.48 24.40 3.29 45.868038 12.307078 0
5.99 -7.71 1.98 23.12 3.29 45.868038 12.307078 0
5.43 -7.75 2.09 23.60 3.29 45.868038 12.307078 0
5.49 -7.53 1.92 23.31 3.29 45.868038 12.307078 0
5.71 -8.51 1.97 24.97 3.29 45.868038 12.307078 0
6.19 -7.68 1.69 23.53 3.29 45.868038 12.307078 0
4.81 -7.24 1.65 23.29 3.29 45.868038 12.307078 0
5.66 -9.96 2.63 24.04 3.29 45.868038 12.307078 0
6.46 -7.75 2.11 24.04 3.29 45.868038 12.307078 0
4.64 -8.59 1.64 26.98 3.29 45.868009 12.307081 1
5.46 -7.48 2.12 24.20 3.29 45.868009 12.307081 0
5.36 -8.74 2.39 25.72 3.29 45.868009 12.307081 1
6.34 -6.83 1.87 23.99 3.29 45.868009 12.307081 0
