5.59 -7.58 2.24 23.29 2.95 45.868665 12.306882 0
5.51 -8.23 2.49 23.22 2.95 45.868665 12.306882 0
5.52 -8.10 2.29 22.67 2.95 45.868665 12.306882 0
5.53 -8.05 2.31 23.03 2.95 45.868665 12.306882 0
5.74 -8.16 2.13 22.83 2.95 45.868665 12.306882 0
6.01 -7.80 2.17 23.03 2.95 45.868665 12.306882 0
5.91 -6.83 1.69 22.95 2.95 45.868665 12.306882 0
6.13 -7.52 1.42 24.59 2.95 45.868665 12.306882 0
6.45 -7.81 1.38 23.08 2.95 45.868665 12.306882 0
6.89 -7.63 1.31 22.98 3.17 45.868639 12.306893 1
6.45 -7.53 1.70 23.19 3.17 45.868639 12.306893 0
6.43 -7.71 2.50 23.08 3.17 45.868639 12.306893 1
5.75 -8.25 1.59 23.19 3.17 45.868639 12.306893 0
6.02 -8.58 1.87 23.58 3.17 45.868639 12.306893 0
5.31 -8.07 1.71 23.27 3.17 45.868639 12.306893 0
4.82 -7.49 1.96 24.27 3.17 45.868639 12.306893 0
6.23 -8.05 1.55 25.07 3.17 45.868639 12.306893 0
6.11 -7.60 1.97 23.36 3.17 45.868639 12.306893 0
6.13 -8.53 1.86 24.20 3.17 45.868639 12.306893 0
6.10 -7.38 2.03 24.10 3.17 45.868639 12.306893 0
5.99 -6.85 1.93 22.79 3.17 45.868639 12.306893 0
6.64 -8.14 2.22 24.58 3.17 45.868639 12.306893 0
6.09 -8.87 2.15 24.25 3.17 45.868639 12.306893 0
6.38 -7.93 2.57 23.48 3.17 45.868639 12.306893 0
5.46 -7.08 2.19 22.91 3.17 45.868639 12.306893 0
4.64 -7.62 2.18 24.95 3.11 45.868612 12.306900 1
5.68 -9.46 2.30 22.88 3.11 45.868612 12.306900 0
6.03 -7.79 2.11 23.07 3.11 45.868612 12.306900 1
5.78 -8.54 2.18 23.17 3.11 45.868612 12.306900 0
5.58 -7.60 1.60 25.74 3.11 45.868612 12.306900 0
6.05 -6.83 1.68 22.76 3.11 45.868612 12.306900 0
6.06 -7.92 2.04 23.15 3.11 45.868612 12.306900 0
6.21 -7.62 1.99 22.74 3.11 45.868612 12.306900 0
5.80 -7.72 2.01 23.74 3.11 45.868612 12.306900 0
6.05 -7.62 1.84 23.72 3.11 45.868612 12.306900 0
6.06 -7.39 1.89 23.10 3.11 45.868612 12.306900 0
6.29 -8.03 1.54 22.72 3.11 45.868612 12.306900 0
5.38 -8.11 1.42 23.80 3.11 45.868612 12.306900 0
5.47 -7.52 1.60 23.38 3.11 45.868612 12.306900 0
5.71 -7.85 1.48 24.32 3.11 45.868612 12.306900 0
5.79 -7.76 1.68 23.96 3.11 45.868612 12.306900 0
6.00 -7.89 1.90 24.39 3.11 45.868612 12.306900 0
5.56 -7.85 2.13 24.15 3.28 45.868584 12.306906 1
5.91 -7.75 2.11 23.32 3.28 45.868584 12.306906 0
5.94 -7.75 1.99 24.99 3.28 45.868584 12.306906 1
6.19 -7.81 2.08 23.32 3.28 45.868584 12.306906 0
5.78 -8.82 2.32 23.70 3.28 45.868584 12.306906 0
5.31 -7.93 1.96 22.98 3.28 45.868584 12.306906 0
5.80 -7.97 2.09 22.26 3.28 45.868584 12.306906 0
5.83 -8.07 1.70 22.76 3.28 45.868584 12.306906 0
5.40 -7.89 1.52 23.26 3.28 45.868584 12.306906 0
5.66 -7.46 2.22 22.91 3.28 45.868584 12.306906 0
5.95 -7.00 2.59 22.88 3.28 45.868584 12.306906 0
6.09 -7.39 1.48 29.45 3.28 45.868584 12.306906 0
5.80 -8.08 2.08 23.53 3.28 45.868584 12.306906 0
5.68 -7.74 2.01 23.48 3.28 45.868584 12.306906 0
6.05 -7.99 1.93 23.41 3.28 45.868584 12.306906 0
5.68 -7.62 1.98 23.31 3.28 45.868584 12.306906 0
5.35 -7.60 1.69 24.61 3.28 45.868584 12.306906 0
6.06 -7.06 1.79 23.17 3.31 45.868556 12.306914 1
6.08 -7.83 2.10 23.08 3.31 45.868556 12.306914 0
5.97 -8.33 1.88 23.96 3.31 45.868556 12.306914 1
5.63 -7.61 1.78 22.19 3.31 45.868556 12.306914 0
6.00 -7.29 1.60 23.31 3.31 45.868556 12.306914 0
6.24 -7.81 1.66 22.69 3.31 45.868556 12.306914 0
6.21 -7.67 1.33 22.91 3.31 45.868556 12.306914 0
5.88 -8.02 1.92 24.11 3.31 45.868556 12.306914 0
5.66 -7.40 2.18 22.78 3.31 45.868556 12.306914 0
5.63 -7.90 2.20 23.14 3.31 45.868556 12.306914 0
5.92 -8.15 1.53 25.23 3.31 45.868556 12.306914 0
5.64 -8.03 1.66 23.14 3.31 45.868556 12.306914 0
6.03 -7.99 1.41 50.61 3.31 45.868556 12.306914 0
5.76 -7.49 1.50 24.15 3.31 45.868556 12.306914 0
5.84 -7.63 1.83 23.19 3.31 45.868556 12.306914 0
6.18 -7.56 1.79 24.16 3.31 45.868556 12.306914 0
6.03 -7.65 1.37 23.68 3.31 45.868556 12.306914 0
5.63 -7.37 2.09 24.04 3.39 45.868527 12.306924 1
5.63 -8.17 2.14 25.93 3.39 45.868527 12.306924 0
5.84 -8.24 1.92 24.68 3.39 45.868527 12.306924 1
5.96 -8.64 2.25 22.60 3.39 45.868527 12.306924 0
5.73 -7.51 1.78 23.20 3.39 45.868527 12.306924 0
5.30 -8.08 2.14 22.66 3.39 45.868527 12.306924 0
5.11 -7.92 1.88 22.62 3.39 45.868527 12.306924 0
5.58 -7.99 2.13 23.58 3.39 45.868527 12.306924 0
5.91 -7.55 1.97 22.69 3.39 45.868527 12.306924 0
5.83 -7.92 2.05 23.63 3.39 45.868527 12.306924 0
6.03 -6.99 1.78 23.79 3.39 45.868527 12.306924 0
6.29 -7.17 1.82 23.79 3.39 45.868527 12.306924 0
5.96 -7.44 1.73 26.72 3.39 45.868527 12.306924 0
6.05 -8.40 1.70 22.67 3.39 45.868527 12.306924 0
5.64 -7.87 1.97 22.66 3.39 45.868527 12.306924 0
5.41 -8.42 1.87 22.67 3.39 45.868527 12.306924 0
5.55 -8.06 1.96 22.81 3.39 45.868527 12.306924 0
5.83 -7.77 1.55 23.14 3.39 45.868498 12.306935 1
5.44 -7.71 1.67 23.07 3.39 45.868498 12.306935 0
6.29 -7.87 2.21 22.57 3.39 45.868498 12.306935 1
5.94 -8.22 2.05 22.96 3.39 45.868498 12.306935 0
5.82 -7.95 2.03 23.29 3.39 45.868498 12.306935 0
5.90 -7.53 1.84 23.24 3.39 45.868498 12.306935 0
6.00 -7.22 1.77 22.64 3.39 45.868498 12.306935 0
6.12 -8.14 1.74 22.84 3.39 45.868498 12.306935 0
6.16 -7.74 1.87 22.98 3.39 45.868498 12.306935 0
5.90 -7.86 1.79 23.03 3.39 45.868498 12.306935 0
5.52 -7.87 1.46 23.50 3.39 45.868498 12.306935 0
5.62 -7.89 1.53 23.34 3.39 45.868498 12.306935 0
5.72 -7.08 2.38 22.67 3.39 45.868498 12.306935 0
4.87 -8.45 1.64 22.57 3.39 45.868498 12.306935 0
5.71 -7.63 2.08 23.19 3.39 45.868498 12.306935 0
5.67 -7.15 1.62 22.79 3.39 45.868498 12.306935 0
6.20 -7.65 1.96 23.89 3.33 45.868469 12.306943 1
5.87 -6.38 1.73 23.19 3.33 45.868469 12.306943 0
5.67 -7.27 1.86 23.32 3.33 45.868469 12.306943 1
6.08 -8.06 2.17 23.19 3.33 45.868469 12.306943 0
6.18 -7.37 1.64 22.74 3.33 45.868469 12.306943 0
5.82 -7.86 1.63 23.84 3.33 45.868469 12.306943 0
6.59 -8.40 1.80 22.47 3.33 45.868469 12.306943 0
5.20 -7.93 1.75 23.02 3.33 45.868469 12.306943 0
5.93 -8.14 1.92 22.67 3.33 45.868469 12.306943 0
5.83 -8.21 1.93 22.47 3.33 45.868469 12.306943 0
5.63 -7.56 1.96 23.24 3.33 45.868469 12.306943 0
5.72 -8.21 2.41 22.91 3.33 45.868469 12.306943 0
6.04 -7.13 1.82 23.00 3.33 45.868469 12.306943 0
6.62 -8.07 1.62 23.50 3.33 45.868469 12.306943 0
5.50 -7.81 1.62 23.39 3.33 45.868469 12.306943 0
5.67 -8.13 1.84 24.15 3.33 45.868469 12.306943 0
5.62 -8.38 2.06 22.83 3.33 45.868469 12.306943 0
5.64 -8.23 2.09 22.78 3.39 45.868440 12.306952 1
5.65 -8.15 1.95 22.91 3.39 45.868440 12.306952 0
5.96 -7.12 1.98 23.15 3.39 45.868440 12.306952 1
5.74 -7.95 1.69 23.03 3.39 45.868440 12.306952 0
6.23 -8.19 1.96 22.60 3.39 45.868440 12.306952 0
5.84 -8.03 1.73 23.12 3.39 45.868440 12.306952 0
5.70 -7.87 1.92 22.93 3.39 45.868440 12.306952 0
5.98 -7.88 2.01 22.76 3.39 45.868440 12.306952 0
6.22 -7.80 2.13 23.22 3.39 45.868440 12.306952 0
5.69 -7.91 1.85 22.93 3.39 45.868440 12.306952 0
5.30 -7.93 1.55 23.34 3.39 45.868440 12.306952 0
5.47 -8.21 1.70 22.64 3.39 45.868440 12.306952 0
6.27 -7.97 1.92 23.08 3.39 45.868440 12.306952 0
5.66 -8.35 1.78 23.34 3.39 45.868440 12.306952 0
5.52 -7.54 1.77 22.67 3.39 45.868440 12.306952 0
5.75 -7.51 1.61 22.86 3.39 45.868440 12.306952 0
6.36 -7.69 1.67 23.08 3.39 45.868440 12.306952 0
6.28 -8.38 1.86 22.21 3.40 45.868410 12.306962 1
5.85 -7.69 1.83 22.81 3.40 45.868410 12.306962 0
5.80 -7.67 1.86 33.19 3.40 45.868410 12.306962 1
6.00 -7.80 1.72 22.57 3.40 45.868410 12.306962 0
5.91 -7.95 1.91 22.71 3.40 45.868410 12.306962 0
5.62 -8.17 1.94 23.03 3.40 45.868410 12.306962 0
5.37 -7.84 2.06 22.67 3.40 45.868410 12.306962 0
5.72 -7.90 1.84 22.28 3.40 45.868410 12.306962 0
5.72 -8.12 1.92 23.32 3.40 45.868410 12.306962 0
5.94 -7.57 1.67 23.36 3.40 45.868410 12.306962 0
5.67 -8.31 1.65 23.26 3.40 45.868410 12.306962 0
6.12 -7.80 1.95 23.68 3.40 45.868410 12.306962 0
5.82 -7.97 2.38 22.83 3.40 45.868410 12.306962 0
5.83 -8.18 1.60 26.96 3.40 45.868410 12.306962 0
5.81 -7.93 1.84 22.93 3.40 45.868410 12.306962 0
5.78 -7.98 1.87 22.83 3.40 45.868410 12.306962 0
5.60 -8.14 1.60 22.76 3.40 45.868410 12.306962 0
5.90 -7.97 1.49 23.12 3.40 45.868381 12.306973 1
5.50 -8.01 1.79 23.32 3.40 45.868381 12.306973 0
5.82 -7.95 2.15 22.69 3.40 45.868381 12.306973 1
5.75 -7.62 2.15 23.38 3.40 45.868381 12.306973 0
5.91 -7.27 2.38 23.53 3.40 45.868381 12.306973 0
5.93 -7.46 2.21 22.69 3.40 45.868381 12.306973 0
5.97 -7.61 1.68 23.07 3.40 45.868381 12.306973 0
5.95 -7.61 1.73 23.26 3.40 45.868381 12.306973 0
6.03 -7.69 2.15 23.29 3.40 45.868381 12.306973 0
5.92 -7.59 1.63 22.93 3.40 45.868381 12.306973 0
5.77 -8.01 1.66 23.26 3.40 45.868381 12.306973 0
5.53 -8.40 1.71 22.84 3.40 45.868381 12.306973 0
5.74 -7.95 1.79 22.71 3.40 45.868381 12.306973 0
6.06 -7.83 1.63 23.22 3.40 45.868381 12.306973 0
5.70 -7.72 1.71 23.89 3.40 45.868381 12.306973 0
5.92 -7.68 1.96 22.67 3.40 45.868381 12.306973 0
5.92 -7.36 1.67 23.80 3.40 45.868381 12.306973 0
5.99 -7.84 1.58 22.57 3.27 45.868351 12.306983 1
6.20 -7.89 1.77 22.74 3.27 45.868351 12.306983 0
5.68 -7.19 2.08 23.38 3.27 45.868351 12.306983 1
5.87 -7.46 1.78 23.12 3.27 45.868351 12.306983 0
6.16 -8.08 1.83 23.74 3.27 45.868351 12.306983 0
6.20 -8.17 1.65 22.57 3.27 45.868351 12.306983 0
5.34 -7.84 1.93 22.96 3.27 45.868351 12.306983 0
5.44 -7.88 1.58 23.31 3.27 45.868351 12.306983 0
6.11 -7.65 1.95 23.99 3.27 45.868351 12.306983 0
6.00 -8.32 1.95 23.14 3.27 45.868351 12.306983 0
5.94 -7.43 2.03 24.87 3.27 45.868351 12.306983 0
6.07 -7.60 2.06 24.06 3.27 45.868351 12.306983 0
6.17 -7.75 2.08 23.79 3.27 45.868351 12.306983 0
5.79 -7.88 2.23 22.98 3.27 45.868351 12.306983 0
5.91 -7.69 2.06 22.90 3.27 45.868351 12.306983 0
5.70 -7.61 1.95 22.67 3.27 45.868351 12.306983 0
5.73 -8.03 2.13 22.96 3.27 45.868323 12.306994 1
5.62 -8.29 1.95 22.16 3.27 45.868323 12.306994 0
5.62 -8.23 1.71 22.96 3.27 45.868323 12.306994 1
6.01 -7.51 1.43 23.08 3.27 45.868323 12.306994 0
6.07 -7.69 1.48 23.24 3.27 45.868323 12.306994 0
5.80 -7.70 1.96 22.88 3.27 45.868323 12.306994 0
6.12 -7.53 2.17 24.40 3.27 45.868323 12.306994 0
6.48 -7.53 1.74 22.60 3.27 45.868323 12.306994 0
6.36 -7.96 1.65 26.27 3.27 45.868323 12.306994 0
5.88 -8.00 1.90 23.24 3.27 45.868323 12.306994 0
5.87 -7.70 1.99 22.74 3.27 45.868323 12.306994 0
5.74 -8.17 1.92 22.78 3.27 45.868323 12.306994 0
5.82 -8.01 2.06 22.78 3.27 45.868323 12.306994 0
5.73 -7.84 2.00 22.88 3.27 45.868323 12.306994 0
5.37 -7.87 1.76 22.62 3.27 45.868323 12.306994 0
5.56 -7.68 1.91 23.10 3.27 45.868323 12.306994 0
5.90 -7.97 2.12 23.63 3.27 45.868323 12.306994 0
5.84 -7.43 2.14 22.84 3.32 45.868294 12.307003 1
5.56 -7.59 2.11 23.84 3.32 45.868294 12.307003 0
6.08 -7.79 1.95 22.79 3.32 45.868294 12.307003 1
6.26 -7.88 2.29 22.09 3.32 45.868294 12.307003 0
5.50 -7.49 2.50 23.48 3.32 45.868294 12.307003 0
6.05 -8.71 2.17 22.62 3.32 45.868294 12.307003 0
5.94 -7.70 2.21 22.57 3.32 45.868294 12.307003 0
5.70 -8.40 1.67 22.57 3.32 45.868294 12.307003 0
5.57 -7.78 1.78 22.98 3.32 45.868294 12.307003 0
5.46 -7.86 1.76 23.50 3.32 45.868294 12.307003 0
5.80 -7.94 1.51 23.26 3.32 45.868294 12.307003 0
6.10 -7.35 2.05 22.64 3.32 45.868294 12.307003 0
6.61 -8.20 2.05 22.28 3.32 45.868294 12.307003 0
6.24 -7.52 1.98 22.57 3.32 45.868294 12.307003 0
5.96 -7.26 1.74 22.78 3.32 45.868294 12.307003 0
5.60 -7.38 1.63 24.20 3.32 45.868294 12.307003 0
6.01 -7.99 1.94 22.47 3.32 45.868294 12.307003 0
6.77 -8.40 2.17 22.29 3.23 45.868265 12.307012 1
5.80 -7.71 1.77 22.71 3.23 45.868265 12.307012 0
4.46 -6.86 2.20 22.59 3.23 45.868265 12.307012 1
3.76 -7.96 1.99 21.90 3.23 45.868265 12.307012 0
6.70 -7.01 0.90 21.76 3.23 45.868265 12.307012 0
6.03 -9.11 1.94 22.83 3.23 45.868265 12.307012 0
5.21 -6.91 2.04 26.29 3.23 45.868265 12.307012 0
4.81 -6.23 2.55 25.38 3.23 45.868265 12.307012 0
4.83 -4.00 2.84 24.66 3.23 45.868265 12.307012 0
5.49 -10.11 1.21 22.16 3.23 45.868265 12.307012 0
6.68 -10.65 1.69 22.64 3.23 45.868265 12.307012 0
5.90 -7.91 2.33 23.79 3.23 45.868265 12.307012 0
6.46 -5.32 1.91 23.53 3.23 45.868265 12.307012 0
6.92 -6.74 2.17 24.46 3.23 45.868265 12.307012 0
5.69 -6.53 2.24 24.30 3.23 45.868265 12.307012 0
5.33 -6.70 2.39 23.14 3.23 45.868265 12.307012 0
5.56 -10.74 1.27 21.95 3.23 45.868265 12.307012 0
5.75 -10.95 1.87 23.14 3.33 45.868236 12.307021 1
5.01 -7.02 1.17 23.07 3.33 45.868236 12.307021 0
3.93 -6.09 2.23 23.24 3.33 45.868236 12.307021 1
6.43 -7.34 2.38 24.03 3.33 45.868236 12.307021 0
6.49 -5.25 2.34 22.88 3.33 45.868236 12.307021 0
7.49 -8.38 1.26 24.47 3.33 45.868236 12.307021 0
5.48 -7.70 1.77 24.08 3.33 45.868236 12.307021 0
3.93 -6.42 1.34 23.56 3.33 45.868236 12.307021 0
5.89 -7.86 1.93 22.98 3.33 45.868236 12.307021 0
7.97 -7.86 2.46 24.15 3.33 45.868236 12.307021 0
7.07 -9.07 2.11 23.98 3.33 45.868236 12.307021 0
4.83 -7.11 1.24 24.22 3.33 45.868236 12.307021 0
4.39 -6.49 1.63 24.64 3.33 45.868236 12.307021 0
5.88 -8.07 1.83 24.20 3.33 45.868236 12.307021 0
6.70 -10.17 1.22 23.74 3.33 45.868236 12.307021 0
6.95 -8.01 3.37 23.34 3.33 45.868236 12.307021 0
4.64 -8.18 3.42 22.81 3.18 45.868207 12.307030 1
6.89 -7.79 2.21 23.24 3.18 45.868207 12.307030 0
6.44 -8.72 2.66 22.66 3.18 45.868207 12.307030 1
7.14 -8.60 2.29 24.10 3.18 45.868207 12.307030 0
4.85 -6.85 2.54 23.27 3.18 45.868207 12.307030 0
4.61 -8.92 1.99 44.59 3.18 45.868207 12.307030 0
8.25 -4.92 1.12 22.76 3.18 45.868207 12.307030 0
6.34 -11.26 1.23 23.68 3.18 45.868207 12.307030 0
5.98 -9.99 1.05 23.22 3.18 45.868207 12.307030 0
5.74 -6.04 0.51 22.74 3.18 45.868207 12.307030 0
6.81 -6.84 2.08 24.11 3.18 45.868207 12.307030 0
3.79 -10.69 2.21 23.48 3.18 45.868207 12.307030 0
5.26 -5.97 2.12 24.03 3.18 45.868207 12.307030 0
8.18 -7.48 2.45 22.96 3.18 45.868207 12.307030 0
6.09 -7.66 2.16 22.26 3.18 45.868207 12.307030 0
7.89 -10.96 2.27 23.19 3.18 45.868207 12.307030 0
4.63 -6.54 1.63 27.71 3.18 45.868207 12.307030 0
4.78 -6.18 1.63 23.20 3.27 45.868178 12.307039 1
8.30 -8.44 1.77 23.43 3.27 45.868178 12.307039 0
6.35 -5.94 3.12 23.03 3.27 45.868178 12.307039 1
6.05 -8.65 2.41 23.31 3.27 45.868178 12.307039 0
6.12 -6.30 1.34 25.07 3.27 45.868178 12.307039 0
6.93 -6.87 1.48 22.81 3.27 45.868178 12.307039 0
8.88 -11.55 1.93 25.45 3.27 45.868178 12.307039 0
6.06 -6.50 2.35 23.94 3.27 45.868178 12.307039 0
7.30 -7.04 1.43 23.68 3.27 45.868178 12.307039 0
4.90 -9.79 1.49 24.37 3.27 45.868178 12.307039 0
5.71 -6.82 2.14 22.52 3.27 45.868178 12.307039 0
5.65 -10.55 1.93 23.68 3.27 45.868178 12.307039 0
4.47 -7.72 2.01 24.15 3.27 45.868178 12.307039 0
6.15 -9.40 2.40 24.76 3.27 45.868178 12.307039 0
6.06 -6.07 2.09 23.98 3.27 45.868178 12.307039 0
5.20 -8.09 2.04 23.07 3.27 45.868178 12.307039 0
5.83 -5.63 0.60 22.98 3.27 45.868178 12.307039 0
6.73 -7.38 1.32 22.45 3.32 45.868148 12.307046 1
7.28 -8.67 1.25 23.91 3.32 45.868148 12.307046 0
5.19 -8.38 1.69 23.12 3.32 45.868148 12.307046 1
5.69 -6.52 2.04 24.54 3.32 45.868148 12.307046 0
5.10 -7.79 2.22 23.72 3.32 45.868148 12.307046 0
5.56 -7.59 1.60 22.29 3.32 45.868148 12.307046 0
5.82 -10.23 2.96 22.71 3.32 45.868148 12.307046 0
5.64 -8.02 1.56 23.53 3.32 45.868148 12.307046 0
4.64 -7.99 3.16 26.72 3.32 45.868148 12.307046 0
5.20 -7.99 2.62 23.14 3.32 45.868148 12.307046 0
5.83 -6.27 2.26 24.75 3.32 45.868148 12.307046 0
5.90 -6.82 3.73 22.78 3.32 45.868148 12.307046 0
5.43 -9.48 1.00 22.84 3.32 45.868148 12.307046 0
6.88 -6.51 3.46 23.15 3.32 45.868148 12.307046 0
5.09 -5.11 1.69 22.78 3.32 45.868148 12.307046 0
4.58 -8.46 2.59 24.68 3.32 45.868148 12.307046 0
5.83 -8.27 2.38 22.14 3.32 45.868148 12.307046 0
5.54 -9.97 0.62 23.32 3.32 45.868119 12.307052 1
5.15 -6.15 1.15 24.04 3.32 45.868119 12.307052 0
3.81 -7.89 2.49 23.74 3.32 45.868119 12.307052 1
6.48 -7.07 1.31 25.04 3.32 45.868119 12.307052 0
5.93 -7.41 1.13 22.14 3.32 45.868119 12.307052 0
7.83 -7.40 0.93 24.49 3.32 45.868119 12.307052 0
5.20 -6.43 -0.07 23.26 3.32 45.868119 12.307052 0
6.61 -7.71 1.87 23.51 3.32 45.868119 12.307052 0
4.28 -8.25 2.90 23.38 3.32 45.868119 12.307052 0
6.72 -7.38 1.45 23.22 3.32 45.868119 12.307052 0
7.23 -9.47 2.24 23.74 3.32 45.868119 12.307052 0
5.72 -8.34 1.08 23.65 3.32 45.868119 12.307052 0
6.38 -7.28 1.29 23.63 3.32 45.868119 12.307052 0
4.75 -5.80 1.92 22.83 3.32 45.868119 12.307052 0
5.94 -10.63 1.21 23.02 3.32 45.868119 12.307052 0
5.82 -7.79 1.33 23.03 3.32 45.868119 12.307052 0
6.14 -8.42 1.81 23.53 3.32 45.868119 12.307052 0
6.09 -8.30 2.14 22.93 3.31 45.868089 12.307058 1
6.21 -7.90 1.94 22.40 3.31 45.868089 12.307058 0
6.46 -7.80 2.61 21.93 3.31 45.868089 12.307058 1
6.48 -8.19 1.90 22.76 3.31 45.868089 12.307058 0
6.98 -7.32 1.14 23.32 3.31 45.868089 12.307058 0
4.97 -7.82 2.26 22.23 3.31 45.868089 12.307058 0
5.65 -7.65 2.73 22.71 3.31 45.868089 12.307058 0
5.42 -7.41 2.18 22.67 3.31 45.868089 12.307058 0
5.60 -7.86 1.70 22.33 3.31 45.868089 12.307058 0
5.25 -7.38 2.05 22.81 3.31 45.868089 12.307058 0
5.58 -7.03 1.75 23.63 3.31 45.868089 12.307058 0
6.39 -8.23 1.84 23.43 3.31 45.868089 12.307058 0
5.33 -7.43 1.27 23.19 3.31 45.868089 12.307058 0
6.28 -8.36 1.89 33.03 3.31 45.868089 12.307058 0
6.68 -8.35 1.93 24.37 3.31 45.868089 12.307058 0
6.40 -8.72 1.91 22.88 3.31 45.868089 12.307058 0
4.83 -7.05 1.81 22.76 3.32 45.868059 12.307064 1
6.19 -7.73 2.13 23.02 3.32 45.868059 12.307064 0
6.03 -7.47 1.17 22.96 3.32 45.868059 12.307064 1
5.77 -8.93 1.24 22.96 3.32 45.868059 12.307064 0
5.44 -8.82 2.06 22.76 3.32 45.868059 12.307064 0
5.74 -8.38 2.10 26.93 3.32 45.868059 12.307064 0
6.09 -9.65 0.84 23.60 3.32 45.868059 12.307064 0
4.79 -6.49 2.41 26.26 3.32 45.868059 12.307064 0
5.85 -7.65 1.99 23.46 3.32 45.868059 12.307064 0
5.14 -7.32 1.98 23.08 3.32 45.868059 12.307064 0
5.59 -8.23 2.40 23.87 3.32 45.868059 12.307064 0
7.64 -7.31 1.73 47.97 3.32 45.868059 12.307064 0
5.57 -8.77 3.04 22.98 3.32 45.868059 12.307064 0
5.74 -7.55 1.75 23.63 3.32 45.868059 12.307064 0
5.91 -9.09 2.77 24.75 3.32 45.868059 12.307064 0
4.09 -7.86 3.39 23.89 3.32 45.868059 12.307064 0
5.21 -7.05 1.32 23.08 3.32 45.868059 12.307064 0
5.38 -8.14 2.63 24.49 3.32 45.868029 12.307071 1
5.80 -6.77 2.26 22.76 3.32 45.868029 12.307071 0
6.62 -10.23 2.37 22.78 3.32 45.868029 12.307071 1
5.16 -7.58 1.06 22.96 3.32 45.868029 12.307071 0
5.80 -6.54 1.11 23.62 3.32 45.868029 12.307071 0
5.23 -6.26 1.40 22.74 3.32 45.868029 12.307071 0
6.19 -8.46 2.49 23.51 3.32 45.868029 12.307071 0
6.03 -8.24 1.67 23.55 3.32 45.868029 12.307071 0
5.64 -7.95 1.65 23.17 3.32 45.868029 12.307071 0
5.17 -8.14 2.24 23.29 3.32 45.868029 12.307071 0
5.68 -8.99 1.99 23.65 3.32 45.868029 12.307071 0
7.16 -8.81 0.57 22.96 3.32 45.868029 12.307071 0
5.29 -7.60 2.05 23.58 3.32 45.868029 12.307071 0
5.93 -7.09 1.48 24.47 3.32 45.868029 12.307071 0
6.38 -7.18 2.72 24.01 3.32 45.868029 12.307071 0
5.20 -8.36 2.13 23.58 3.32 45.868029 12.307071 0
7.52 -7.92 1.17 24.03 3.32 45.868029 12.307071 0
6.08 -7.28 3.04 292.75 3.14 45.868000 12.307078 1
4.63 -8.58 2.93 5.69 3.14 45.868000 12.307078 1
5.19 -7.78 1.50 23.27 3.14 45.868000 12.307078 0
5.32 -6.19 1.76 24.03 3.14 45.868000 12.307078 0
5.71 -8.76 2.65 23.14 3.14 45.868000 12.307078 0
5.75 -8.03 2.19 23.12 3.14 45.868000 12.307078 0
4.63 -6.14 0.94 23.63 3.14 45.868000 12.307078 0
6.34 -8.01 1.74 23.44 3.14 45.868000 12.307078 0
6.22 -9.37 2.10 24.16 3.14 45.868000 12.307078 0
6.24 -8.16 1.50 23.79 3.14 45.868000 12.307078 0
5.89 -7.59 2.78 23.07 3.14 45.868000 12.307078 0
