3.95 -10.7 0.74 22.47 3.08 45.877557 12.306936 0 1
5.35 -14.0 0.43 22.24 3.08 45.877557 12.306936 0 1
7.1 -7.9 3.05 22.76 3.08 45.877557 12.306936 0 1
3.36 -4.61 0.82 24.25 3.53 45.877544 12.306894 1 1
5.59 -8.78 -0.48 27.66 3.53 45.877544 12.306894 0 1
7.73 -10.55 1.95 20.48 3.53 45.877544 12.306894 1 1
7.21 -14.14 1.29 21.66 3.53 45.877544 12.306894 0 1
6.15 -9.06 2.77 22.29 3.53 45.877544 12.306894 0 1
4.58 -2.77 0.9 22.36 3.53 45.877544 12.306894 0 1
7.96 -7.69 1.49 22.28 3.53 45.877544 12.306894 0 1
6.05 -8.37 2.25 23.63 3.53 45.877544 12.306894 0 1
6.98 -8.57 3.0 23.77 3.53 45.877544 12.306894 0 1
6.17 -9.35 2.53 22.72 3.53 45.877544 12.306894 0 1
4.97 -5.95 1.36 22.42 3.53 45.877544 12.306894 0 1
5.02 -10.7 1.62 22.12 3.53 45.877544 12.306894 0 1
5.23 -7.99 1.48 22.19 3.53 45.877544 12.306894 0 1
5.27 -7.95 2.01 21.93 3.53 45.877544 12.306894 0 1
5.7 -7.32 1.88 22.28 3.53 45.877544 12.306894 0 1
6.12 -8.63 1.5 22.59 3.53 45.877544 12.306894 0 1
6.64 -6.03 2.0 24.94 3.53 45.877544 12.306894 0 1
5.0 -5.77 1.57 23.56 3.65 45.877519 12.306860 1 1
5.18 -16.63 0.82 21.11 3.65 45.877519 12.306860 0 1
6.16 -6.81 2.36 23.44 3.65 45.877519 12.306860 1 1
6.55 -9.83 2.79 25.81 3.65 45.877519 12.306860 0 1
3.15 -5.0 0.38 27.39 3.65 45.877519 12.306860 0 1
5.16 -2.95 1.69 22.84 3.65 45.877519 12.306860 0 1
10.56 -14.13 0.26 20.39 3.65 45.877519 12.306860 0 1
5.81 -11.75 1.9 22.19 3.65 45.877519 12.306860 0 1
5.99 -3.96 2.09 23.55 3.65 45.877519 12.306860 0 1
5.58 -5.85 2.8 22.78 3.65 45.877519 12.306860 0 1
7.45 -8.54 2.11 23.96 3.65 45.877519 12.306860 0 1
6.34 -7.29 2.42 23.8 3.65 45.877519 12.306860 0 1
6.97 -8.81 1.44 23.14 3.65 45.877519 12.306860 0 1
5.6 -9.26 2.66 22.59 3.65 45.877519 12.306860 0 1
4.57 -5.47 1.12 23.63 3.65 45.877519 12.306860 0 1
