6.1 -7.47 2.06 22.72 2.87 45.877593 12.307165 0 0
5.99 -8.7 2.7 22.78 2.87 45.877593 12.307165 0 0
6.08 -7.44 2.41 22.79 2.87 45.877593 12.307165 0 0
6.14 -7.42 2.37 22.74 2.87 45.877593 12.307165 0 0
5.91 -7.92 1.84 23.53 2.87 45.877593 12.307165 0 0
5.53 -8.37 1.9 23.53 2.87 45.877593 12.307165 0 0
5.77 -8.22 1.93 23.34 2.87 45.877593 12.307165 0 0
5.7 -7.61 2.01 23.07 3.25 45.877586 12.307127 1 0
5.78 -7.62 2.02 22.64 3.25 45.877586 12.307127 0 0
5.99 -7.68 2.04 22.52 3.25 45.877586 12.307127 1 0
6.14 -7.83 1.69 24.3 3.25 45.877586 12.307127 0 0
6.1 -7.52 1.35 22.69 3.25 45.877586 12.307127 0 0
6.51 -7.75 1.52 23.41 3.25 45.877586 12.307127 0 0
6.17 -7.91 1.58 24.04 3.25 45.877586 12.307127 0 0
6.19 -7.68 1.9 24.4 3.25 45.877586 12.307127 0 0
5.83 -7.35 1.7 24.46 3.25 45.877586 12.307127 0 0
6.46 -7.95 1.7 24.27 3.25 45.877586 12.307127 0 0
5.88 -7.77 1.78 23.56 3.25 45.877586 12.307127 0 0
6.21 -8.28 1.01 22.86 3.25 45.877586 12.307127 0 0
5.72 -8.16 1.86 23.19 3.25 45.877586 12.307127 0 0
6.08 -7.69 1.42 24.52 3.25 45.877586 12.307127 0 0
5.8 -7.74 1.99 23.2 3.25 45.877586 12.307127 0 0
6.01 -7.56 1.91 23.63 3.25 45.877586 12.307127 0 0
5.87 -7.8 2.26 23.12 3.25 45.877586 12.307127 0 0
5.73 -7.22 2.03 24.13 3.44 45.877577 12.307085 1 0
5.81 -7.23 2.42 24.25 3.44 45.877577 12.307085 0 0
5.85 -7.55 2.12 23.5 3.44 45.877577 12.307085 1 0
5.7 -7.68 1.88 23.41 3.44 45.877577 12.307085 0 0
5.95 -7.86 1.75 24.37 3.44 45.877577 12.307085 0 0
5.87 -8.07 1.88 23.58 3.44 45.877577 12.307085 0 0
5.87 -7.91 1.82 24.49 3.44 45.877577 12.307085 0 0
6.35 -7.69 1.84 23.65 3.44 45.877577 12.307085 0 0
6.36 -8.3 2.16 23.24 3.44 45.877577 12.307085 0 0
5.69 -7.48 1.89 22.84 3.44 45.877577 12.307085 0 0
5.82 -7.79 1.57 22.74 3.44 45.877577 12.307085 0 0
