6.4 -8.05 1.37 25.28 3.1 45.877609 12.307244 0 0
6.06 -7.54 2.0 25.67 3.1 45.877609 12.307244 0 0
6.17 -8.0 1.77 22.88 3.1 45.877609 12.307244 0 0
6.09 -7.87 2.24 24.27 3.1 45.877609 12.307244 0 0
6.34 -8.21 2.24 23.51 3.1 45.877609 12.307244 0 0
6.0 -7.6 1.79 23.63 3.1 45.877609 12.307244 0 0
6.16 -7.59 1.95 22.72 3.1 45.877609 12.307244 0 0
5.71 -7.38 1.72 23.43 3.1 45.877609 12.307244 0 0
6.1 -8.05 1.79 22.69 3.1 45.877609 12.307244 0 0
5.77 -7.68 2.14 22.78 3.54 45.877599 12.307203 1 0
5.79 -7.58 2.21 22.74 3.54 45.877599 12.307203 0 0
5.55 -7.69 1.82 22.93 3.54 45.877599 12.307203 1 0
6.04 -7.71 2.2 22.93 3.54 45.877599 12.307203 0 0
5.79 -7.56 2.19 23.39 3.54 45.877599 12.307203 0 0
5.59 -7.68 1.99 24.4 3.54 45.877599 12.307203 0 0
5.75 -7.66 2.03 22.5 3.54 45.877599 12.307203 0 0
6.17 -8.01 1.86 23.1 3.54 45.877599 12.307203 0 0
5.83 -7.37 2.28 23.08 3.54 45.877599 12.307203 0 0
6.53 -7.62 2.2 22.72 3.54 45.877599 12.307203 0 0
5.69 -7.7 2.23 24.15 3.54 45.877599 12.307203 0 0
5.66 -7.97 1.76 23.1 3.54 45.877599 12.307203 0 0
5.49 -8.04 1.89 22.69 3.54 45.877599 12.307203 0 0
5.8 -7.76 1.95 22.81 3.54 45.877599 12.307203 0 0
6.08 -7.66 1.64 23.19 3.54 45.877599 12.307203 0 0
6.18 -7.59 1.68 23.0 3.54 45.877599 12.307203 0 0
5.95 -7.8 1.68 23.12 2.87 45.877593 12.307165 1 0
6.14 -8.14 1.61 23.84 2.87 45.877593 12.307165 0 0
5.63 -7.3 1.7 23.53 2.87 45.877593 12.307165 1 0
6.02 -7.66 1.89 22.62 2.87 45.877593 12.307165 0 0
6.03 -7.79 1.55 22.88 2.87 45.877593 12.307165 0 0
5.74 -7.54 1.77 23.91 2.87 45.877593 12.307165 0 0
6.71 -7.91 1.89 23.38 2.87 45.877593 12.307165 0 0
5.81 -8.12 1.51 28.04 2.87 45.877593 12.307165 0 0
5.74 -8.04 1.98 23.75 2.87 45.877593 12.307165 0 0
5.65 -7.35 1.8 23.24 2.87 45.877593 12.307165 0 0
