6.05 -7.92 1.81 21.99 2.69 45.408335 11.889981 1
6.0 -7.79 1.91 22.09 2.69 45.408335 11.889981 1
5.96 -7.62 1.93 22.52 2.69 45.408335 11.889981 1
6.08 -7.54 1.84 22.0 2.69 45.408335 11.889981 1
6.2 -7.74 1.73 22.04 2.69 45.408335 11.889981 1
6.1 -7.99 1.79 22.19 2.69 45.408335 11.889981 1
5.88 -7.89 1.98 22.02 2.69 45.408335 11.889981 1
5.71 -7.64 2.03 22.57 2.69 45.408335 11.889981 1
5.62 -7.77 1.95 23.2 3.0 45.408325 11.889945 0
5.72 -8.2 1.93 21.83 3.0 45.408325 11.889945 1
5.96 -8.29 1.9 21.87 3.0 45.408325 11.889945 0
6.12 -7.85 1.76 21.99 3.0 45.408325 11.889945 1
6.09 -7.42 1.66 21.97 3.0 45.408325 11.889945 1
6.07 -7.46 1.67 21.97 3.0 45.408325 11.889945 1
6.13 -7.79 1.63 22.4 3.0 45.408325 11.889945 1
6.11 -7.89 1.56 21.57 3.0 45.408325 11.889945 1
5.97 -7.74 1.65 22.02 3.0 45.408325 11.889945 1
5.96 -7.76 1.77 21.87 3.0 45.408325 11.889945 1
6.16 -7.98 1.68 22.04 3.0 45.408325 11.889945 1
6.2 -7.97 1.48 22.24 3.0 45.408325 11.889945 1
5.83 -7.65 1.45 22.81 3.0 45.408325 11.889945 1
5.5 -7.55 1.59 22.28 3.0 45.408325 11.889945 1
5.71 -7.88 1.68 22.04 3.0 45.408325 11.889945 1
6.03 -8.22 1.7 21.47 3.0 45.408325 11.889945 1
5.86 -8.18 1.81 21.83 3.0 45.408325 11.889945 1
5.64 -7.82 1.97 21.93 1.95 45.408326 11.889922 0
5.97 -7.49 1.97 21.57 1.95 45.408326 11.889922 1
6.32 -7.49 1.8 22.05 1.95 45.408326 11.889922 0
6.07 -7.69 1.69 21.73 1.95 45.408326 11.889922 1
5.76 -7.76 1.79 22.04 1.95 45.408326 11.889922 1
5.89 -7.87 1.96 21.15 1.95 45.408326 11.889922 1
6.03 -8.25 2.05 21.66 1.95 45.408326 11.889922 1
5.83 -8.34 2.04 21.99 1.95 45.408326 11.889922 1
5.66 -7.79 1.94 22.24 1.95 45.408326 11.889922 1
5.69 -7.42 1.88 22.24 1.95 45.408326 11.889922 1
