5.95 -7.87 1.86 22.14 3.02 45.408265 11.889712 1
5.88 -7.89 1.77 22.14 3.02 45.408265 11.889712 1
5.78 -7.94 1.63 22.24 3.02 45.408265 11.889712 1
5.67 -7.89 1.69 22.31 3.02 45.408265 11.889712 1
5.77 -7.8 1.84 22.24 3.02 45.408265 11.889712 1
6.03 -8.0 1.81 22.19 3.02 45.408265 11.889712 1
6.1 -8.29 1.64 21.99 3.02 45.408265 11.889712 1
5.95 -8.21 1.61 22.0 3.02 45.408265 11.889712 1
5.95 -7.89 1.79 21.97 2.97 45.408262 11.889675 0
6.13 -7.76 2.01 21.59 2.97 45.408262 11.889675 1
6.14 -7.75 2.06 22.14 2.97 45.408262 11.889675 0
5.94 -7.67 1.9 22.57 2.97 45.408262 11.889675 1
5.87 -7.77 1.76 21.99 2.97 45.408262 11.889675 1
5.97 -8.1 1.8 21.93 2.97 45.408262 11.889675 1
5.86 -8.28 1.85 22.28 2.97 45.408262 11.889675 1
5.5 -8.14 1.73 21.61 2.97 45.408262 11.889675 1
5.37 -7.88 1.62 22.19 2.97 45.408262 11.889675 1
5.66 -7.8 1.73 22.04 2.97 45.408262 11.889675 1
5.96 -7.99 1.86 21.51 2.97 45.408262 11.889675 1
5.99 -8.15 1.81 21.52 2.97 45.408262 11.889675 1
5.91 -7.91 1.74 22.14 2.97 45.408262 11.889675 1
5.86 -7.54 1.78 22.09 2.97 45.408262 11.889675 1
5.83 -7.63 1.8 22.47 2.97 45.408262 11.889675 1
5.88 -8.0 1.75 22.04 2.97 45.408262 11.889675 1
5.94 -8.11 1.71 21.93 2.97 45.408262 11.889675 1
5.78 -7.97 1.66 21.99 3.08 45.408243 11.889640 0
5.57 -7.9 1.58 22.45 3.08 45.408243 11.889640 1
5.64 -7.89 1.54 21.95 3.08 45.408243 11.889640 0
5.8 -7.97 1.62 21.99 3.08 45.408243 11.889640 1
5.75 -8.05 1.81 21.93 3.08 45.408243 11.889640 1
5.73 -7.86 1.98 21.99 3.08 45.408243 11.889640 1
5.95 -7.58 2.0 21.57 3.08 45.408243 11.889640 1
6.1 -7.71 1.83 21.87 3.08 45.408243 11.889640 1
6.01 -7.92 1.62 22.45 3.08 45.408243 11.889640 1
5.91 -7.72 1.58 22.14 3.08 45.408243 11.889640 1
