5.76 -7.79 1.91 21.73 1.95 45.408326 11.889922 1
5.85 -8.15 1.88 22.0 1.95 45.408326 11.889922 1
5.98 -8.03 1.74 21.47 1.95 45.408326 11.889922 1
5.99 -7.93 1.65 21.54 1.95 45.408326 11.889922 1
5.93 -7.89 1.7 22.14 1.95 45.408326 11.889922 1
6.0 -7.62 1.76 22.62 1.95 45.408326 11.889922 1
6.11 -7.5 1.78 22.12 1.95 45.408326 11.889922 1
6.09 -7.78 1.77 21.68 1.95 45.408326 11.889922 1
6.02 -7.9 1.7 22.04 2.49 45.408318 11.889890 0
5.88 -7.81 1.65 21.9 2.49 45.408318 11.889890 1
5.66 -8.05 1.74 21.83 2.49 45.408318 11.889890 0
5.64 -8.36 1.81 21.88 2.49 45.408318 11.889890 1
5.84 -8.15 1.72 21.95 2.49 45.408318 11.889890 1
5.89 -7.7 1.65 22.21 2.49 45.408318 11.889890 1
5.76 -7.54 1.75 22.14 2.49 45.408318 11.889890 1
5.86 -7.64 1.84 21.59 2.49 45.408318 11.889890 1
6.22 -7.9 1.76 21.54 2.49 45.408318 11.889890 1
6.36 -8.16 1.66 21.9 2.49 45.408318 11.889890 1
6.08 -8.05 1.67 22.19 2.49 45.408318 11.889890 1
5.66 -7.62 1.74 21.85 2.49 45.408318 11.889890 1
5.52 -7.58 1.85 22.55 2.49 45.408318 11.889890 1
5.72 -8.05 1.98 21.9 2.49 45.408318 11.889890 1
5.9 -8.32 1.93 21.93 2.49 45.408318 11.889890 1
5.74 -8.06 1.69 22.14 2.49 45.408318 11.889890 1
5.49 -7.73 1.6 22.09 2.49 45.408318 11.889890 1
5.64 -7.66 1.78 22.45 2.91 45.408306 11.889853 0
6.03 -7.75 1.87 21.88 2.91 45.408306 11.889853 1
6.13 -7.83 1.74 21.52 2.91 45.408306 11.889853 0
5.89 -7.8 1.67 22.04 2.91 45.408306 11.889853 1
5.76 -7.68 1.74 21.99 2.91 45.408306 11.889853 1
5.95 -7.71 1.79 21.92 2.91 45.408306 11.889853 1
6.17 -7.91 1.85 21.78 2.91 45.408306 11.889853 1
6.09 -8.02 1.92 22.04 2.91 45.408306 11.889853 1
5.75 -7.92 1.83 22.14 2.91 45.408306 11.889853 1
5.51 -7.89 1.68 22.19 2.91 45.408306 11.889853 1
