5.83 -6.8 1.79 22.14 1.9 45.407789 11.899509 1 0
6.16 -7.4 1.87 22.24 1.9 45.407789 11.899509 1 0
6.43 -8.04 1.92 22.0 1.9 45.407789 11.899509 1 0
6.17 -8.01 1.84 21.95 1.9 45.407789 11.899509 1 0
5.75 -7.45 1.75 22.0 1.9 45.407789 11.899509 1 0
5.99 -7.13 1.67 21.78 1.9 45.407789 11.899509 1 0
6.56 -7.68 1.69 21.75 1.9 45.407789 11.899509 1 0
6.38 -8.41 1.93 23.22 1.9 45.407789 11.899509 1 0
5.65 -8.15 2.12 22.52 1.9 45.407789 11.899509 1 0
5.47 -7.31 1.9 22.69 1.9 45.407789 11.899509 1 0
5.89 -7.3 1.52 22.36 1.9 45.407789 11.899509 1 0
6.17 -8.17 1.49 21.8 1.9 45.407789 11.899509 1 0
6.27 -8.71 1.71 21.69 1.9 45.407789 11.899509 1 0
6.48 -8.3 1.77 21.81 1.9 45.407789 11.899509 1 0
6.45 -7.42 1.75 22.23 1.9 45.407789 11.899509 1 0
6.0 -6.89 1.79 22.35 2.84 45.407795 11.899539 0 0
5.76 -7.16 1.79 22.05 2.84 45.407795 11.899539 1 0
6.05 -8.0 1.8 21.59 2.84 45.407795 11.899539 0 0
6.29 -8.51 1.94 21.56 2.84 45.407795 11.899539 1 0
5.97 -8.15 2.0 21.85 2.84 45.407795 11.899539 1 0
5.44 -7.49 1.8 22.11 2.84 45.407795 11.899539 1 0
5.29 -7.42 1.65 22.0 2.84 45.407795 11.899539 1 0
5.61 -7.86 1.78 21.85 2.84 45.407795 11.899539 1 0
6.01 -8.07 1.97 22.26 2.84 45.407795 11.899539 1 0
6.17 -7.74 1.99 21.9 2.84 45.407795 11.899539 1 0
6.2 -7.25 1.99 22.43 2.84 45.407795 11.899539 1 0
6.26 -7.08 2.0 22.05 2.84 45.407795 11.899539 1 0
6.3 -7.42 1.86 21.61 2.84 45.407795 11.899539 1 0
6.28 -7.93 1.65 22.47 2.84 45.407795 11.899539 1 0
6.28 -7.96 1.68 22.04 2.84 45.407795 11.899539 1 0
6.21 -7.49 1.85 22.05 2.84 45.407795 11.899539 1 0
6.01 -7.33 1.81 21.9 2.84 45.407795 11.899539 1 0
5.87 -7.88 1.59 21.64 3.16 45.407805 11.899579 0 0
5.78 -8.43 1.67 21.68 3.16 45.407805 11.899579 1 0
5.59 -8.31 2.07 21.76 3.16 45.407805 11.899579 0 0
