5.74 -7.96 1.57 22.0 2.92 45.406376 11.895344 1 0
5.68 -7.77 1.7 26.45 2.92 45.406376 11.895344 1 0
5.41 -7.79 1.67 22.52 2.92 45.406376 11.895344 1 0
5.36 -7.87 1.49 22.11 2.92 45.406376 11.895344 1 0
5.71 -8.02 1.33 22.04 2.92 45.406376 11.895344 1 0
5.98 -8.15 1.41 22.42 2.92 45.406376 11.895344 1 0
5.79 -8.14 1.68 22.43 2.92 45.406376 11.895344 1 0
5.5 -8.03 1.83 21.51 2.92 45.406376 11.895344 1 0
5.55 -7.83 1.78 22.45 2.92 45.406376 11.895344 1 0
5.79 -7.65 1.86 22.26 2.74 45.406374 11.895384 0 0
5.94 -7.78 2.01 21.69 2.74 45.406374 11.895384 1 0
5.89 -8.16 1.93 21.88 2.74 45.406374 11.895384 0 0
5.67 -8.2 1.81 21.88 2.74 45.406374 11.895384 1 0
5.5 -7.84 1.95 22.38 2.74 45.406374 11.895384 1 0
5.65 -7.71 2.02 22.84 2.74 45.406374 11.895384 1 0
5.94 -7.88 1.77 23.1 2.74 45.406374 11.895384 1 0
5.95 -7.9 1.58 22.5 2.74 45.406374 11.895384 1 0
5.75 -7.85 1.67 22.05 2.74 45.406374 11.895384 1 0
5.73 -8.02 1.79 22.52 2.74 45.406374 11.895384 1 0
5.87 -8.08 1.85 23.79 2.74 45.406374 11.895384 1 0
5.89 -7.83 1.92 22.11 2.74 45.406374 11.895384 1 0
5.85 -7.74 1.83 22.52 2.74 45.406374 11.895384 1 0
5.85 -7.99 1.6 22.09 2.74 45.406374 11.895384 1 0
5.79 -8.09 1.57 22.02 2.74 45.406374 11.895384 1 0
5.7 -7.91 1.69 22.16 2.74 45.406374 11.895384 1 0
5.75 -7.86 1.72 22.5 2.74 45.406374 11.895384 1 0
5.86 -7.95 1.73 22.29 3.0 45.406373 11.895425 0 0
5.79 -7.83 1.84 22.81 3.0 45.406373 11.895425 1 0
5.71 -7.7 1.79 22.35 3.0 45.406373 11.895425 0 0
5.88 -7.81 1.55 22.4 3.0 45.406373 11.895425 1 0
5.99 -7.9 1.4 21.97 3.0 45.406373 11.895425 1 0
5.74 -7.87 1.59 21.92 3.0 45.406373 11.895425 1 0
5.58 -7.98 1.92 21.76 3.0 45.406373 11.895425 1 0
5.86 -8.06 1.99 21.64 3.0 45.406373 11.895425 1 0
6.0 -7.82 1.74 22.54 3.0 45.406373 11.895425 1 0
