6.18 -8.65 1.79 21.64 2.73 45.406376 11.895216 1 1
6.09 -8.63 1.64 22.09 2.73 45.406376 11.895216 1 1
5.59 -8.41 1.57 22.0 2.73 45.406376 11.895216 1 1
5.43 -7.37 1.6 22.11 2.73 45.406376 11.895216 1 1
5.66 -7.5 1.64 22.02 2.73 45.406376 11.895216 1 1
5.83 -7.73 2.02 22.35 2.73 45.406376 11.895216 1 1
6.04 -8.1 1.71 21.95 2.73 45.406376 11.895216 1 1
5.74 -7.96 1.82 22.47 2.73 45.406376 11.895216 1 1
5.62 -7.83 1.76 22.07 2.73 45.406376 11.895216 1 1
5.56 -7.64 1.69 22.11 2.73 45.406376 11.895216 1 1
5.92 -7.79 1.81 21.95 2.73 45.406376 11.895216 1 1
6.13 -7.95 1.68 21.99 2.73 45.406376 11.895216 1 1
7.11 -7.96 2.05 22.91 3.14 45.406375 11.895255 0 1
4.77 -7.65 1.52 22.64 3.14 45.406375 11.895255 1 1
5.2 -7.47 1.8 23.2 3.14 45.406375 11.895255 0 1
6.06 -7.87 1.74 21.64 3.14 45.406375 11.895255 1 1
5.49 -7.97 1.79 21.61 3.14 45.406375 11.895255 1 1
5.82 -10.46 1.72 20.73 3.14 45.406375 11.895255 1 1
6.37 -7.7 2.02 22.42 3.14 45.406375 11.895255 1 1
4.84 -6.75 1.94 22.47 3.14 45.406375 11.895255 1 1
5.26 -7.14 1.96 24.71 3.14 45.406375 11.895255 1 1
5.87 -7.07 1.62 22.98 3.14 45.406375 11.895255 1 1
6.01 -6.96 1.65 22.16 3.14 45.406375 11.895255 1 1
6.16 -9.82 1.82 22.26 3.14 45.406375 11.895255 1 1
5.99 -8.51 1.7 22.86 3.14 45.406375 11.895255 1 1
5.63 -8.21 1.61 22.26 3.14 45.406375 11.895255 1 1
5.5 -7.41 1.68 22.33 3.14 45.406375 11.895255 1 1
5.74 -7.34 1.68 22.71 3.14 45.406375 11.895255 1 1
6.08 -8.09 1.78 22.04 3.14 45.406375 11.895255 1 1
6.09 -8.0 1.71 22.29 3.03 45.406376 11.895293 0 1
5.55 -8.57 1.84 21.92 3.03 45.406376 11.895293 1 1
5.55 -8.26 1.72 21.97 3.03 45.406376 11.895293 0 1
5.77 -7.61 1.73 22.04 3.03 45.406376 11.895293 1 1
5.91 -7.68 1.74 21.99 3.03 45.406376 11.895293 1 1
5.86 -7.95 1.64 22.0 3.03 45.406376 11.895293 1 1
