5.57 -8.45 2.38 22.95 1.92 45.406374 11.895634 1 0
5.58 -8.43 2.38 22.94 1.92 45.406374 11.895634 1 0
5.57 -8.44 2.37 22.96 1.92 45.406374 11.895634 1 0
5.57 -8.44 2.37 22.96 1.92 45.406374 11.895634 1 0
5.57 -8.44 2.37 22.95 1.92 45.406374 11.895634 1 0
5.58 -8.44 2.37 22.96 1.92 45.406374 11.895634 1 0
5.56 -8.44 2.39 22.94 1.92 45.406374 11.895634 1 0
5.57 -8.44 2.38 22.95 1.92 45.406374 11.895634 1 0
5.57 -8.43 2.37 22.95 1.92 45.406374 11.895634 1 0
5.58 -8.44 2.37 22.96 1.92 45.406374 11.895634 1 0
5.58 -8.43 2.39 22.94 1.92 45.406374 11.895634 1 0
5.58 -8.45 2.38 22.95 1.92 45.406374 11.895634 1 0
5.57 -8.44 2.39 22.96 1.92 45.406374 11.895634 1 0
5.56 -8.43 2.39 22.95 1.92 45.406374 11.895634 1 0
5.57 -8.45 2.39 22.94 1.92 45.406374 11.895634 1 0
5.56 -8.45 2.38 22.95 1.92 45.406374 11.895634 1 0
5.56 -8.45 2.39 22.94 1.92 45.406374 11.895634 1 0
5.57 -8.45 2.38 22.95 1.92 45.406374 11.895634 1 0
5.57 -8.45 2.39 22.95 1.92 45.406374 11.895634 1 0
5.56 -8.44 2.38 22.94 1.92 45.406374 11.895634 1 0
5.57 -8.45 2.38 22.95 1.92 45.406374 11.895634 1 0
5.57 -8.44 2.38 22.94 1.92 45.406374 11.895634 1 0
5.58 -8.44 2.39 22.96 1.92 45.406374 11.895634 1 0
5.56 -8.44 2.37 22.95 1.92 45.406374 11.895634 1 0
5.57 -8.45 2.38 22.96 1.92 45.406374 11.895634 1 0
5.58 -8.45 2.38 22.94 1.92 45.406374 11.895634 1 0
5.58 -8.45 2.37 22.94 1.92 45.406374 11.895634 1 0
5.56 -8.44 2.37 22.95 1.92 45.406374 11.895634 1 0
5.58 -8.43 2.39 22.96 1.92 45.406374 11.895634 1 0
5.56 -8.44 2.37 22.96 1.92 45.406374 11.895634 1 0
5.57 -8.44 2.37 22.95 1.92 45.406374 11.895634 1 0
5.57 -8.44 2.37 22.95 1.92 45.406374 11.895634 1 0
5.58 -8.43 2.38 22.96 1.92 45.406374 11.895634 1 0
5.57 -8.44 2.39 22.95 1.92 45.406374 11.895634 1 0
5.58 -8.45 2.38 22.94 1.92 45.406374 11.895634 1 0
