6.23 -7.69 1.95 21.57 2.96 45.408014 11.888670 1 0
6.29 -7.68 1.83 22.05 2.96 45.408014 11.888670 1 0
6.32 -7.46 1.55 22.07 2.96 45.408014 11.888670 1 0
6.33 -7.53 1.57 22.07 2.96 45.408014 11.888670 1 0
6.18 -7.72 1.78 22.48 2.96 45.408014 11.888670 1 0
6.08 -7.64 1.84 22.02 2.96 45.408014 11.888670 1 0
6.12 -7.63 1.69 21.97 2.96 45.408014 11.888670 1 0
5.94 -7.93 1.46 21.85 2.69 45.408017 11.888637 0 0
5.63 -8.06 1.33 21.88 2.69 45.408017 11.888637 1 0
5.71 -7.89 1.47 22.02 2.69 45.408017 11.888637 0 0
6.06 -7.89 1.75 22.0 2.69 45.408017 11.888637 1 0
6.13 -7.97 1.87 22.05 2.69 45.408017 11.888637 1 0
5.97 -7.78 1.81 22.42 2.69 45.408017 11.888637 1 0
5.96 -7.64 1.81 21.81 2.69 45.408017 11.888637 1 0
6.11 -7.78 1.93 22.28 2.69 45.408017 11.888637 1 0
6.26 -7.77 2.04 22.33 2.69 45.408017 11.888637 1 0
6.34 -7.47 2.08 22.04 2.69 45.408017 11.888637 1 0
6.22 -7.42 2.06 22.02 2.69 45.408017 11.888637 1 0
5.96 -7.74 2.04 22.0 2.69 45.408017 11.888637 1 0
5.9 -7.89 2.06 21.97 2.69 45.408017 11.888637 1 0
5.97 -7.78 1.97 21.52 2.69 45.408017 11.888637 1 0
5.83 -7.78 1.8 22.12 2.69 45.408017 11.888637 1 0
5.71 -7.94 1.79 22.47 2.69 45.408017 11.888637 1 0
5.9 -7.94 1.94 21.92 2.69 45.408017 11.888637 1 0
6.08 -7.78 1.9 21.87 2.69 45.408017 11.888637 1 0
5.99 -7.66 1.64 22.33 2.23 45.408015 11.888609 0 0
5.97 -7.61 1.56 22.42 2.23 45.408015 11.888609 1 0
6.19 -7.56 1.76 21.95 2.23 45.408015 11.888609 0 0
6.28 -7.65 1.92 21.87 2.23 45.408015 11.888609 1 0
6.18 -7.83 1.86 21.9 2.23 45.408015 11.888609 1 0
6.13 -7.85 1.71 21.75 2.23 45.408015 11.888609 1 0
6.04 -7.75 1.66 21.92 2.23 45.408015 11.888609 1 0
5.85 -7.8 1.69 21.95 2.23 45.408015 11.888609 1 0
5.82 -7.9 1.6 22.12 2.23 45.408015 11.888609 1 0
5.9 -7.89 1.44 22.07 2.23 45.408015 11.888609 1 0
