5.56 -8.37 1.7 21.75 1.86 45.407941 11.888147 1 0
5.78 -8.34 1.95 21.76 1.86 45.407941 11.888147 1 0
5.84 -8.17 1.62 21.35 1.86 45.407941 11.888147 1 0
5.56 -8.35 1.4 21.69 1.86 45.407941 11.888147 1 0
5.26 -8.47 1.72 22.62 1.86 45.407941 11.888147 1 0
5.5 -8.63 1.98 21.52 1.86 45.407941 11.888147 1 0
5.63 -8.64 2.33 22.21 1.86 45.407941 11.888147 1 0
5.14 -8.88 2.28 21.75 1.75 45.407946 11.888122 0 0
5.14 -8.89 2.28 21.76 1.75 45.407946 11.888122 1 0
5.14 -8.88 2.27 21.76 1.75 45.407946 11.888122 1 0
5.13 -8.88 2.28 21.75 1.75 45.407946 11.888122 1 0
5.15 -8.88 2.28 21.75 1.75 45.407946 11.888122 1 0
5.14 -8.88 2.28 21.76 1.75 45.407946 11.888122 1 0
5.13 -8.88 2.28 21.75 1.75 45.407946 11.888122 1 0
5.13 -8.87 2.28 21.74 1.75 45.407946 11.888122 1 0
5.15 -8.89 2.28 21.76 1.75 45.407946 11.888122 1 0
5.14 -8.88 2.27 21.75 1.75 45.407946 11.888122 1 0
5.15 -8.87 2.28 21.75 1.75 45.407946 11.888122 1 0
5.15 -8.88 2.28 21.75 1.75 45.407946 11.888122 1 0
5.15 -8.88 2.29 21.76 1.75 45.407946 11.888122 1 0
5.13 -8.88 2.28 21.75 1.75 45.407946 11.888122 1 0
5.14 -8.87 2.28 21.75 1.75 45.407946 11.888122 1 0
5.14 -8.89 2.28 21.74 1.75 45.407946 11.888122 1 0
5.15 -8.87 2.28 21.76 1.75 45.407946 11.888122 1 0
5.13 -8.88 2.29 21.76 1.75 45.407946 11.888122 1 0
5.14 -8.88 2.28 21.74 1.75 45.407946 11.888122 1 0
5.14 -8.87 2.27 21.75 1.75 45.407946 11.888122 1 0
5.14 -8.87 2.28 21.76 1.75 45.407946 11.888122 1 0
5.14 -8.87 2.28 21.75 1.75 45.407946 11.888122 1 0
5.14 -8.87 2.27 21.76 1.75 45.407946 11.888122 1 0
5.14 -8.87 2.28 21.76 1.75 45.407946 11.888122 1 0
5.14 -8.89 2.27 21.76 1.75 45.407946 11.888122 1 0
5.13 -8.88 2.28 21.74 1.75 45.407946 11.888122 1 0
5.13 -8.87 2.29 21.75 1.75 45.407946 11.888122 1 0
5.15 -8.88 2.27 21.74 1.75 45.407946 11.888122 1 0
