5.8 -7.73 2.16 22.0 2.97 45.407857 11.899805 1 0
5.51 -8.0 1.81 21.49 2.97 45.407857 11.899805 1 0
5.56 -8.18 1.85 21.85 2.97 45.407857 11.899805 1 0
5.8 -8.11 1.93 21.75 2.97 45.407857 11.899805 1 0
5.86 -7.93 1.89 21.49 2.97 45.407857 11.899805 1 0
5.77 -7.83 1.85 21.61 2.97 45.407857 11.899805 1 0
5.76 -7.81 1.84 21.61 2.97 45.407857 11.899805 1 0
5.78 -7.81 1.82 21.61 2.97 45.407857 11.899805 1 0
5.78 -7.81 1.82 21.61 2.97 45.407857 11.899805 1 0
5.78 -7.82 1.83 21.61 2.97 45.407857 11.899805 1 0
5.79 -7.81 1.83 21.61 2.97 45.407857 11.899805 1 0
5.77 -7.8 1.82 21.61 2.97 45.407857 11.899805 1 0
5.77 -7.81 1.83 21.61 2.97 45.407857 11.899805 1 0
5.78 -7.81 1.83 21.62 2.97 45.407857 11.899805 1 0
5.78 -7.8 1.82 21.62 2.97 45.407857 11.899805 1 0
5.77 -7.8 1.82 21.62 2.97 45.407857 11.899805 1 0
5.78 -7.8 1.83 21.6 2.97 45.407857 11.899805 1 0
5.78 -7.81 1.83 21.61 2.97 45.407857 11.899805 1 0
5.78 -7.81 1.83 21.62 2.97 45.407857 11.899805 1 0
5.78 -7.81 1.83 21.61 2.97 45.407857 11.899805 1 0
5.78 -7.82 1.83 21.62 2.97 45.407857 11.899805 1 0
5.77 -7.82 1.83 21.61 2.97 45.407857 11.899805 1 0
5.77 -7.81 1.83 21.6 2.97 45.407857 11.899805 1 0
5.77 -7.81 1.82 21.61 2.97 45.407857 11.899805 1 0
5.78 -7.82 1.83 21.6 2.97 45.407857 11.899805 1 0
5.78 -7.81 1.83 21.61 2.97 45.407857 11.899805 1 0
5.78 -7.81 1.83 21.61 2.97 45.407857 11.899805 1 0
5.77 -7.81 1.83 21.61 2.97 45.407857 11.899805 1 0
5.77 -7.81 1.83 21.61 2.97 45.407857 11.899805 1 0
5.79 -7.81 1.83 21.61 2.97 45.407857 11.899805 1 0
5.78 -7.81 1.83 21.6 2.97 45.407857 11.899805 1 0
5.77 -7.81 1.84 21.62 2.97 45.407857 11.899805 1 0
5.78 -7.81 1.83 21.61 2.97 45.407857 11.899805 1 0
5.79 -7.8 1.83 21.61 2.97 45.407857 11.899805 1 0
5.77 -7.81 1.83 21.62 2.97 45.407857 11.899805 1 0
