5.63 -7.81 2.05 22.29 2.58 45.407745 11.899325 1 0
5.65 -7.85 1.8 21.8 2.58 45.407745 11.899325 1 0
5.78 -8.04 1.8 23.44 2.58 45.407745 11.899325 1 0
5.95 -8.08 1.95 22.64 2.58 45.407745 11.899325 1 0
6.0 -7.86 1.98 21.95 2.58 45.407745 11.899325 1 0
5.94 -7.66 1.91 22.42 2.58 45.407745 11.899325 1 0
5.97 -7.71 1.87 22.38 2.58 45.407745 11.899325 1 0
6.1 -7.79 1.82 22.0 2.58 45.407745 11.899325 1 0
6.16 -7.67 1.7 21.95 2.58 45.407745 11.899325 1 0
6.16 -7.6 1.62 21.95 2.58 45.407745 11.899325 1 0
6.21 -7.72 1.68 21.92 2.58 45.407745 11.899325 1 0
6.16 -7.77 1.76 27.41 2.58 45.407745 11.899325 1 0
5.9 -7.72 1.71 22.11 2.58 45.407745 11.899325 1 0
5.65 -7.82 1.56 22.0 2.58 45.407745 11.899325 1 0
5.65 -8.0 1.6 22.29 2.21 45.407758 11.899344 0 0
5.79 -7.99 1.93 21.81 2.21 45.407758 11.899344 1 0
5.87 -7.86 2.19 21.78 2.21 45.407758 11.899344 1 0
5.91 -7.77 2.07 21.9 2.21 45.407758 11.899344 0 0
5.98 -7.6 1.87 22.31 2.21 45.407758 11.899344 1 0
6.11 -7.49 1.96 22.35 2.21 45.407758 11.899344 1 0
6.26 -7.62 2.13 21.81 2.21 45.407758 11.899344 1 0
6.34 -7.79 2.09 22.23 2.21 45.407758 11.899344 1 0
6.19 -7.78 2.05 22.36 2.21 45.407758 11.899344 1 0
5.9 -7.72 2.12 22.43 2.21 45.407758 11.899344 1 0
5.74 -7.77 2.02 22.52 2.21 45.407758 11.899344 1 0
5.75 -7.88 1.79 22.0 2.21 45.407758 11.899344 1 0
5.77 -8.0 1.83 22.42 2.21 45.407758 11.899344 1 0
5.75 -8.01 1.97 22.05 2.21 45.407758 11.899344 1 0
5.73 -7.89 1.81 22.02 2.21 45.407758 11.899344 1 0
5.65 -7.85 1.64 22.48 2.21 45.407758 11.899344 1 0
5.72 -7.97 1.86 22.0 2.21 45.407758 11.899344 1 0
6.21 -7.93 2.02 22.96 2.21 45.407758 11.899344 1 0
6.75 -7.63 1.79 22.5 2.84 45.407767 11.899376 0 0
6.65 -7.46 1.63 21.71 2.84 45.407767 11.899376 1 0
6.08 -7.61 1.84 22.26 2.84 45.407767 11.899376 0 0
