6.44 -7.77 2.19 22.38 2.4 45.407747 11.899277 1 0
6.3 -7.22 2.24 22.43 2.4 45.407747 11.899277 1 0
6.46 -7.33 2.29 22.05 2.4 45.407747 11.899277 1 0
6.03 -7.6 2.01 21.97 2.4 45.407747 11.899277 1 0
5.67 -7.86 1.9 21.33 2.45 45.407752 11.899303 0 0
5.76 -8.1 1.59 22.69 2.45 45.407752 11.899303 1 0
5.5 -7.84 1.37 21.9 2.45 45.407752 11.899303 0 0
5.95 -7.84 1.67 21.9 2.45 45.407752 11.899303 1 0
6.01 -7.49 1.67 22.81 2.45 45.407752 11.899303 1 0
6.24 -7.85 1.71 21.8 2.45 45.407752 11.899303 1 0
5.99 -7.86 1.93 22.17 2.45 45.407752 11.899303 1 0
6.17 -7.72 1.71 21.81 2.45 45.407752 11.899303 1 0
6.27 -7.74 1.89 22.35 2.45 45.407752 11.899303 1 0
5.81 -7.78 1.74 21.87 2.45 45.407752 11.899303 1 0
5.95 -7.56 1.99 22.31 2.45 45.407752 11.899303 1 0
6.09 -7.7 1.48 22.31 2.45 45.407752 11.899303 1 0
6.02 -7.59 1.77 22.36 2.45 45.407752 11.899303 1 0
6.15 -7.59 1.29 21.88 2.45 45.407752 11.899303 1 0
5.86 -7.75 1.21 22.72 2.45 45.407752 11.899303 1 0
6.02 -7.85 1.82 22.26 2.45 45.407752 11.899303 1 0
5.68 -7.84 1.85 22.21 2.45 45.407752 11.899303 1 0
6.31 -8.31 1.84 22.0 2.45 45.407752 11.899303 1 0
6.08 -7.64 1.94 22.91 2.11 45.407760 11.899323 0 0
6.35 -7.68 1.95 21.9 2.11 45.407760 11.899323 1 0
6.12 -7.77 2.07 21.64 2.11 45.407760 11.899323 0 0
6.23 -7.56 2.2 21.75 2.11 45.407760 11.899323 1 0
6.21 -7.13 2.15 22.24 2.11 45.407760 11.899323 1 0
6.22 -7.96 2.46 21.71 2.11 45.407760 11.899323 1 0
5.87 -7.51 2.35 21.71 2.11 45.407760 11.899323 1 0
5.85 -7.9 1.87 21.81 2.11 45.407760 11.899323 1 0
5.91 -8.06 1.97 21.88 2.11 45.407760 11.899323 1 0
5.42 -8.11 1.77 22.42 2.11 45.407760 11.899323 1 0
5.87 -8.02 1.76 22.07 2.11 45.407760 11.899323 1 0
5.79 -7.79 1.83 22.05 2.11 45.407760 11.899323 1 0
5.9 -7.58 1.85 22.88 2.11 45.407760 11.899323 1 0
