6.44 -6.85 1.75 23.05 2.54 45.877655 12.307453 0
6.33 -6.68 2.36 24.01 2.54 45.877655 12.307453 0
6.08 -6.7 2.8 23.27 2.54 45.877655 12.307453 0
6.02 -6.6 2.54 23.65 2.54 45.877655 12.307453 0
5.98 -7.91 2.33 23.63 2.54 45.877655 12.307453 0
5.75 -7.65 2.04 22.36 2.54 45.877655 12.307453 0
6.05 -8.06 2.34 27.27 2.54 45.877655 12.307453 0
5.49 -8.02 1.3 23.75 2.54 45.877655 12.307453 0
5.49 -7.35 1.41 22.28 2.54 45.877655 12.307453 0
5.61 -7.58 1.59 23.27 2.54 45.877655 12.307453 0
5.66 -8.06 2.03 22.69 2.54 45.877651 12.307426 1
5.84 -8.09 1.52 22.67 2.54 45.877651 12.307426 0
6.03 -6.99 1.24 25.6 2.54 45.877651 12.307426 1
6.45 -6.34 1.99 24.8 2.54 45.877651 12.307426 0
6.37 -7.0 1.61 24.15 2.54 45.877651 12.307426 0
6.95 -6.69 2.16 22.45 2.54 45.877651 12.307426 0
5.83 -7.76 1.45 23.48 2.54 45.877651 12.307426 0
6.09 -7.55 2.07 23.51 2.54 45.877651 12.307426 0
6.29 -6.92 1.49 22.64 2.54 45.877651 12.307426 0
6.53 -8.1 1.22 23.39 2.54 45.877651 12.307426 0
5.81 -7.1 1.78 23.26 2.54 45.877651 12.307426 0
5.55 -7.84 2.11 23.72 2.54 45.877651 12.307426 0
5.55 -8.13 1.24 22.76 2.54 45.877651 12.307426 0
6.26 -8.15 1.65 23.0 2.54 45.877651 12.307426 0
5.43 -7.5 1.85 23.63 2.54 45.877651 12.307426 0
6.33 -8.09 1.77 23.7 2.54 45.877651 12.307426 0
5.74 -6.99 2.21 23.22 2.54 45.877651 12.307426 0
5.91 -7.26 2.1 24.25 2.69 45.877647 12.307396 1
6.59 -8.43 1.85 22.62 2.69 45.877647 12.307396 0
6.5 -8.14 2.79 24.82 2.69 45.877647 12.307396 1
6.01 -7.0 1.97 23.91 2.69 45.877647 12.307396 0
6.11 -7.33 2.0 22.91 2.69 45.877647 12.307396 0
6.64 -6.81 1.42 22.72 2.69 45.877647 12.307396 0
6.33 -7.54 1.48 23.34 2.69 45.877647 12.307396 0
5.21 -8.39 1.84 23.44 2.69 45.877647 12.307396 0
5.94 -7.74 1.64 22.84 2.69 45.877647 12.307396 0
6.26 -8.16 1.42 23.82 2.69 45.877647 12.307396 0
6.76 -8.22 1.55 23.46 2.69 45.877647 12.307396 0
5.91 -7.94 1.9 22.67 2.69 45.877647 12.307396 0
6.29 -6.9 1.69 23.55 2.69 45.877647 12.307396 0
6.92 -7.52 2.29 22.98 2.69 45.877647 12.307396 0
6.64 -7.2 1.61 23.46 2.69 45.877647 12.307396 0
6.22 -7.18 2.06 23.84 2.69 45.877647 12.307396 0
6.5 -7.7 2.58 24.44 2.57 45.877643 12.307366 1
6.07 -7.69 1.93 22.78 2.57 45.877643 12.307366 0
4.41 -6.65 2.09 23.14 2.57 45.877643 12.307366 1
5.22 -8.52 1.78 25.28 2.57 45.877643 12.307366 0
5.57 -8.55 1.13 21.87 2.57 45.877643 12.307366 0
5.48 -7.77 3.02 22.74 2.57 45.877643 12.307366 0
5.34 -8.34 1.3 23.36 2.57 45.877643 12.307366 0
4.89 -7.08 1.99 24.9 2.57 45.877643 12.307366 0
7.19 -5.44 2.07 23.31 2.57 45.877643 12.307366 0
7.02 -9.76 2.4 23.29 2.57 45.877643 12.307366 0
5.57 -8.71 2.74 23.46 2.57 45.877643 12.307366 0
6.53 -6.52 2.06 23.6 2.57 45.877643 12.307366 0
5.92 -7.15 2.62 23.62 2.57 45.877643 12.307366 0
6.0 -7.78 2.74 24.06 2.57 45.877643 12.307366 0
5.08 -7.21 1.7 23.19 2.57 45.877643 12.307366 0
5.98 -8.43 1.38 23.74 2.57 45.877643 12.307366 0
5.4 -8.24 2.41 24.63 2.57 45.877643 12.307366 0
5.38 -7.72 1.68 22.72 2.86 45.877636 12.307334 1
6.12 -7.79 1.21 22.59 2.86 45.877636 12.307334 0
5.68 -7.61 1.56 23.55 2.86 45.877636 12.307334 1
6.07 -7.71 1.65 23.39 2.86 45.877636 12.307334 0
6.39 -7.35 1.87 23.03 2.86 45.877636 12.307334 0
7.06 -7.45 1.92 23.44 2.86 45.877636 12.307334 0
6.14 -7.27 1.68 23.87 2.86 45.877636 12.307334 0
6.2 -8.27 1.46 23.15 2.86 45.877636 12.307334 0
6.34 -7.75 1.11 23.68 2.86 45.877636 12.307334 0
6.08 -7.68 1.74 22.6 2.86 45.877636 12.307334 0
5.51 -8.31 2.27 23.82 2.86 45.877636 12.307334 0
5.21 -7.9 2.06 22.74 2.86 45.877636 12.307334 0
5.64 -8.08 1.7 22.31 2.86 45.877636 12.307334 0
5.98 -7.81 1.62 22.83 2.86 45.877636 12.307334 0
5.77 -7.36 2.31 22.74 2.86 45.877636 12.307334 0
6.24 -8.17 1.33 22.66 2.86 45.877636 12.307334 0
6.16 -7.53 1.86 22.95 2.86 45.877636 12.307334 0
6.51 -7.98 1.41 22.23 3.14 45.877631 12.307298 1
5.98 -7.46 1.32 23.48 3.14 45.877631 12.307298 0
5.67 -7.58 1.67 22.74 3.14 45.877631 12.307298 1
5.92 -7.89 1.74 27.25 3.14 45.877631 12.307298 0
5.72 -7.84 1.85 23.14 3.14 45.877631 12.307298 0
5.57 -8.1 1.66 22.62 3.14 45.877631 12.307298 0
5.25 -8.11 1.48 23.51 3.14 45.877631 12.307298 0
6.31 -8.04 1.92 23.65 3.14 45.877631 12.307298 0
5.98 -8.05 2.21 23.22 3.14 45.877631 12.307298 0
6.22 -7.39 2.2 23.24 3.14 45.877631 12.307298 0
6.42 -7.49 2.16 23.14 3.14 45.877631 12.307298 0
6.1 -7.64 2.46 23.24 3.14 45.877631 12.307298 0
6.11 -7.28 2.42 23.72 3.14 45.877631 12.307298 0
6.46 -7.22 2.04 22.76 3.14 45.877631 12.307298 0
6.54 -7.41 2.36 23.03 3.14 45.877631 12.307298 0
6.02 -7.89 1.59 22.69 3.14 45.877631 12.307298 0
5.87 -8.13 1.58 22.62 3.14 45.877631 12.307298 0
5.19 -7.88 1.9 22.79 3.44 45.877624 12.307256 1
5.79 -8.05 2.41 23.07 3.44 45.877624 12.307256 0
6.14 -7.59 1.96 22.36 3.44 45.877624 12.307256 1
6.05 -7.66 2.04 22.95 3.44 45.877624 12.307256 0
6.0 -7.52 1.95 23.08 3.44 45.877624 12.307256 0
5.86 -7.58 2.07 22.64 3.44 45.877624 12.307256 0
6.37 -7.78 2.31 23.03 3.44 45.877624 12.307256 0
6.29 -7.8 2.04 24.01 3.44 45.877624 12.307256 0
6.11 -8.02 2.34 22.83 3.44 45.877624 12.307256 0
5.68 -7.26 1.61 23.56 3.44 45.877624 12.307256 0
5.88 -8.11 1.83 22.69 3.44 45.877624 12.307256 0
5.47 -8.21 1.36 23.6 3.44 45.877624 12.307256 0
5.79 -7.92 1.88 23.03 3.44 45.877624 12.307256 0
5.86 -7.76 1.47 22.69 3.44 45.877624 12.307256 0
5.79 -8.0 2.09 22.66 3.44 45.877624 12.307256 0
5.72 -7.66 1.91 22.9 3.44 45.877624 12.307256 0
6.2 -7.62 1.47 23.84 3.44 45.877624 12.307256 0
5.89 -7.29 1.71 22.72 3.15 45.877614 12.307219 1
5.59 -7.77 1.84 23.08 3.15 45.877614 12.307219 0
6.2 -7.85 1.73 22.86 3.15 45.877614 12.307219 1
5.91 -7.85 1.61 22.64 3.15 45.877614 12.307219 0
5.77 -7.84 1.55 23.19 3.15 45.877614 12.307219 0
5.37 -7.67 2.16 22.71 3.15 45.877614 12.307219 0
5.85 -8.0 1.82 22.59 3.15 45.877614 12.307219 0
6.16 -8.29 2.18 23.2 3.15 45.877614 12.307219 0
5.89 -7.52 1.45 22.84 3.15 45.877614 12.307219 0
5.81 -7.45 1.99 23.65 3.15 45.877614 12.307219 0
5.9 -7.54 2.03 23.2 3.15 45.877614 12.307219 0
5.98 -7.52 1.92 22.71 3.15 45.877614 12.307219 0
6.46 -8.03 1.79 24.68 3.15 45.877614 12.307219 0
6.2 -7.75 1.94 23.96 3.15 45.877614 12.307219 0
5.71 -7.56 1.75 22.84 3.15 45.877614 12.307219 0
5.72 -7.54 1.83 23.02 3.15 45.877614 12.307219 0
5.79 -7.74 2.05 23.02 2.66 45.877605 12.307187 1
5.93 -8.12 1.72 22.54 2.66 45.877605 12.307187 0
5.96 -7.32 1.98 22.64 2.66 45.877605 12.307187 1
6.02 -7.46 2.18 24.71 2.66 45.877605 12.307187 0
6.03 -7.63 1.87 26.24 2.66 45.877605 12.307187 0
6.16 -7.35 1.55 23.0 2.66 45.877605 12.307187 0
6.28 -8.25 1.62 22.98 2.66 45.877605 12.307187 0
6.38 -7.14 1.42 23.03 2.66 45.877605 12.307187 0
6.02 -7.6 1.59 23.5 2.66 45.877605 12.307187 0
5.91 -7.75 1.72 23.12 2.66 45.877605 12.307187 0
6.04 -7.9 2.02 23.65 2.66 45.877605 12.307187 0
5.62 -7.74 1.8 24.11 2.66 45.877605 12.307187 0
5.86 -7.84 1.85 24.06 2.66 45.877605 12.307187 0
5.64 -7.92 1.97 22.55 2.66 45.877605 12.307187 0
6.2 -7.68 1.97 23.2 2.66 45.877605 12.307187 0
5.89 -7.68 2.15 24.15 2.66 45.877605 12.307187 0
6.03 -7.78 1.72 22.79 2.66 45.877605 12.307187 0
5.89 -7.42 1.98 22.52 3.46 45.877601 12.307146 1
6.3 -7.9 2.1 22.57 3.46 45.877601 12.307146 0
6.0 -7.63 1.86 23.6 3.46 45.877601 12.307146 1
5.9 -7.67 2.21 22.71 3.46 45.877601 12.307146 0
5.82 -7.79 2.32 23.19 3.46 45.877601 12.307146 0
5.75 -7.7 2.29 23.43 3.46 45.877601 12.307146 0
5.79 -8.18 1.95 22.66 3.46 45.877601 12.307146 0
5.95 -7.84 1.83 23.08 3.46 45.877601 12.307146 0
6.04 -8.14 1.91 23.24 3.46 45.877601 12.307146 0
5.86 -8.05 1.77 23.65 3.46 45.877601 12.307146 0
6.05 -7.89 1.73 23.65 3.46 45.877601 12.307146 0
5.78 -7.75 0.86 23.26 3.46 45.877601 12.307146 0
5.91 -7.82 1.67 22.71 3.46 45.877601 12.307146 0
6.0 -7.28 1.92 23.08 3.46 45.877601 12.307146 0
6.31 -7.33 2.36 22.72 3.46 45.877601 12.307146 0
6.04 -7.91 1.9 27.32 3.46 45.877601 12.307146 0
5.25 -7.37 0.67 23.87 3.46 45.877601 12.307146 0
5.43 -7.81 1.52 23.96 3.5 45.877591 12.307103 1
5.92 -8.25 1.86 22.69 3.5 45.877591 12.307103 0
5.86 -7.74 1.88 22.98 3.5 45.877591 12.307103 1
6.13 -7.78 2.47 22.67 3.5 45.877591 12.307103 0
5.98 -7.71 2.13 23.43 3.5 45.877591 12.307103 0
5.78 -7.53 2.3 23.08 3.5 45.877591 12.307103 0
6.22 -8.09 1.75 24.01 3.5 45.877591 12.307103 0
5.9 -7.33 1.99 23.63 3.5 45.877591 12.307103 0
5.65 -7.96 2.04 23.62 3.5 45.877591 12.307103 0
6.06 -7.81 1.88 22.72 3.5 45.877591 12.307103 0
5.41 -7.71 2.09 23.55 3.5 45.877591 12.307103 0
5.79 -8.1 1.88 24.47 3.5 45.877591 12.307103 0
5.97 -8.02 2.27 23.62 3.5 45.877591 12.307103 0
6.34 -8.2 1.73 24.88 3.5 45.877591 12.307103 0
6.16 -7.92 1.83 23.36 3.5 45.877591 12.307103 0
6.57 -7.47 1.74 23.03 3.5 45.877591 12.307103 0
6.49 -8.19 2.46 22.95 3.5 45.877591 12.307103 0
6.07 -8.0 2.6 32.22 3.3 45.877582 12.307063 1
6.07 -8.04 2.1 23.02 3.3 45.877582 12.307063 0
5.89 -8.13 1.86 23.79 3.3 45.877582 12.307063 1
5.49 -7.77 2.27 23.48 3.3 45.877582 12.307063 0
5.2 -7.89 2.09 23.05 3.3 45.877582 12.307063 0
5.41 -7.98 1.29 26.33 3.3 45.877582 12.307063 0
5.65 -7.88 1.95 24.08 3.3 45.877582 12.307063 0
6.11 -7.1 2.17 22.33 3.3 45.877582 12.307063 0
6.36 -7.47 1.7 23.6 3.3 45.877582 12.307063 0
5.74 -7.84 2.45 23.34 3.3 45.877582 12.307063 0
5.91 -7.52 2.33 24.06 3.3 45.877582 12.307063 0
6.68 -8.48 1.76 23.34 3.3 45.877582 12.307063 0
5.9 -7.57 1.58 23.2 3.3 45.877582 12.307063 0
6.24 -8.1 1.98 24.87 3.3 45.877582 12.307063 0
5.78 -7.88 2.2 23.14 3.3 45.877582 12.307063 0
5.38 -8.13 2.15 24.37 3.3 45.877582 12.307063 0
5.59 -8.28 1.95 22.17 3.3 45.877582 12.307063 0
5.72 -7.74 1.77 23.15 3.38 45.877572 12.307022 1
5.7 -7.91 1.83 23.94 3.38 45.877572 12.307022 0
5.99 -8.11 1.85 23.48 3.38 45.877572 12.307022 1
6.31 -7.71 0.85 22.98 3.38 45.877572 12.307022 0
5.83 -8.05 1.93 23.53 3.38 45.877572 12.307022 0
6.17 -7.99 1.79 22.52 3.38 45.877572 12.307022 0
5.53 -7.98 2.37 23.87 3.38 45.877572 12.307022 0
5.95 -7.9 1.78 23.14 3.38 45.877572 12.307022 0
5.99 -8.27 1.45 23.32 3.38 45.877572 12.307022 0
5.12 -7.49 1.52 23.2 3.38 45.877572 12.307022 0
5.88 -8.33 1.94 22.69 3.38 45.877572 12.307022 0
5.82 -8.26 2.15 23.53 3.38 45.877572 12.307022 0
5.9 -7.83 2.03 23.14 3.38 45.877572 12.307022 0
6.36 -7.86 2.17 23.72 3.38 45.877572 12.307022 0
5.79 -7.31 2.25 24.97 3.38 45.877572 12.307022 0
5.92 -7.89 2.43 111.58 3.38 45.877572 12.307022 0
6.14 -7.61 1.81 24.2 3.39 45.877561 12.306979 1
6.18 -8.11 2.04 24.63 3.39 45.877561 12.306979 0
6.09 -8.55 1.96 24.25 3.39 45.877561 12.306979 1
5.62 -7.66 2.04 23.19 3.39 45.877561 12.306979 0
5.83 -8.03 2.16 22.69 3.39 45.877561 12.306979 0
5.47 -7.91 1.73 22.48 3.39 45.877561 12.306979 0
5.74 -8.54 1.79 25.81 3.39 45.877561 12.306979 0
5.9 -7.9 1.79 23.48 3.39 45.877561 12.306979 0
5.9 -7.29 2.67 23.24 3.39 45.877561 12.306979 0
6.08 -7.64 2.12 22.81 3.39 45.877561 12.306979 0
5.78 -7.13 1.71 23.2 3.39 45.877561 12.306979 0
6.31 -7.81 1.68 23.96 3.39 45.877561 12.306979 0
6.22 -7.32 1.79 23.14 3.39 45.877561 12.306979 0
5.57 -7.99 1.71 23.67 3.39 45.877561 12.306979 0
5.7 -8.14 1.67 24.08 3.39 45.877561 12.306979 0
6.25 -8.29 1.63 23.19 3.39 45.877561 12.306979 0
5.27 -7.82 2.33 23.19 3.39 45.877561 12.306979 0
6.07 -8.15 2.09 25.0 3.22 45.877553 12.306938 1
5.82 -7.26 1.81 23.24 3.22 45.877553 12.306938 0
6.18 -7.51 2.07 23.5 3.22 45.877553 12.306938 1
6.28 -8.61 1.72 22.96 3.22 45.877553 12.306938 0
6.12 -7.58 1.76 25.07 3.22 45.877553 12.306938 0
5.93 -7.54 1.57 22.59 3.22 45.877553 12.306938 0
6.02 -7.98 1.59 29.7 3.22 45.877553 12.306938 0
5.95 -7.67 1.53 23.5 3.22 45.877553 12.306938 0
5.18 -8.05 1.91 23.02 3.22 45.877553 12.306938 0
5.25 -7.97 2.16 22.88 3.22 45.877553 12.306938 0
5.65 -7.87 2.1 22.43 3.22 45.877553 12.306938 0
5.63 -8.91 1.84 22.93 3.22 45.877553 12.306938 0
6.28 -7.43 1.82 22.48 3.22 45.877553 12.306938 0
5.38 -6.17 1.88 22.96 3.22 45.877553 12.306938 0
3.08 -7.2 1.46 20.8 3.22 45.877553 12.306938 0
5.72 -7.18 2.81 20.7 3.22 45.877553 12.306938 0
8.21 -7.39 1.71 22.83 3.22 45.877553 12.306938 0
4.31 -6.32 2.24 24.78 3.34 45.877546 12.306896 1
5.7 -5.4 0.95 32.48 3.34 45.877546 12.306896 0
4.96 -7.9 -0.44 22.38 3.34 45.877546 12.306896 1
5.09 -14.05 0.77 21.78 3.34 45.877546 12.306896 0
5.45 -8.66 2.06 22.62 3.34 45.877546 12.306896 0
8.39 -4.27 1.36 24.99 3.34 45.877546 12.306896 0
5.44 -12.19 1.5 25.78 3.34 45.877546 12.306896 0
7.07 -8.04 0.66 21.21 3.34 45.877546 12.306896 0
5.18 -7.55 2.36 28.19 3.34 45.877546 12.306896 0
4.56 -13.63 2.21 22.24 3.34 45.877546 12.306896 0
4.02 -1.62 1.36 22.9 3.34 45.877546 12.306896 0
8.39 -8.19 1.95 22.43 3.34 45.877546 12.306896 0
3.71 -7.45 2.6 22.43 3.34 45.877546 12.306896 0
7.29 -10.81 2.23 22.71 3.34 45.877546 12.306896 0
5.49 -8.99 3.08 23.62 3.34 45.877546 12.306896 0
5.18 -5.21 1.81 22.26 3.34 45.877546 12.306896 0
6.24 -9.39 2.34 22.12 3.34 45.877546 12.306896 0
4.5 -8.16 3.05 21.97 3.45 45.877525 12.306862 1
5.33 -7.67 1.59 22.07 3.45 45.877525 12.306862 0
5.87 -7.2 2.69 22.31 3.45 45.877525 12.306862 1
6.35 -7.28 2.08 22.67 3.45 45.877525 12.306862 0
7.46 -6.61 2.07 23.03 3.45 45.877525 12.306862 0
2.23 -4.82 1.82 22.14 3.45 45.877525 12.306862 0
8.03 -17.65 2.66 22.05 3.45 45.877525 12.306862 0
1.96 -7.49 2.68 24.18 3.45 45.877525 12.306862 0
5.57 -9.78 1.27 24.71 3.45 45.877525 12.306862 0
5.25 -6.76 3.25 26.05 3.45 45.877525 12.306862 0
7.87 -5.0 0.35 21.75 3.45 45.877525 12.306862 0
4.22 -12.86 2.03 21.27 3.45 45.877525 12.306862 0
6.17 -8.01 1.24 22.04 3.45 45.877525 12.306862 0
6.47 -5.62 1.92 22.88 3.45 45.877525 12.306862 0
6.64 -7.35 1.82 23.03 3.45 45.877525 12.306862 0
5.12 -6.26 2.38 22.54 3.45 45.877525 12.306862 0
6.29 -7.94 1.18 21.45 3.69 45.877496 12.306839 1
5.8 -9.04 1.85 22.47 3.69 45.877496 12.306839 0
2.95 -8.47 1.27 22.69 3.69 45.877496 12.306839 1
6.53 -8.28 1.73 22.79 3.69 45.877496 12.306839 0
5.19 -6.77 1.33 22.09 3.69 45.877496 12.306839 0
6.67 -8.95 2.3 23.75 3.69 45.877496 12.306839 0
6.09 -9.15 1.92 22.48 3.69 45.877496 12.306839 0
5.56 -8.04 1.72 22.76 3.69 45.877496 12.306839 0
5.82 -7.1 1.12 23.0 3.69 45.877496 12.306839 0
6.96 -6.86 1.98 22.84 3.69 45.877496 12.306839 0
7.23 -7.85 2.42 23.91 3.69 45.877496 12.306839 0
5.95 -8.46 2.1 22.81 3.69 45.877496 12.306839 0
5.64 -9.22 1.75 22.35 3.69 45.877496 12.306839 0
4.49 -7.44 1.66 23.29 3.69 45.877496 12.306839 0
7.64 -7.91 1.62 22.64 3.69 45.877496 12.306839 0
6.21 -8.51 1.58 22.04 3.69 45.877496 12.306839 0
5.98 -8.03 1.52 22.31 3.69 45.877496 12.306839 0
6.74 -8.28 1.64 22.38 3.5 45.877463 12.306838 1
6.71 -8.23 1.26 22.24 3.5 45.877463 12.306838 0
5.85 -8.47 1.84 22.31 3.5 45.877463 12.306838 1
6.29 -7.97 1.76 21.66 3.5 45.877463 12.306838 0
6.55 -8.3 1.98 21.32 3.5 45.877463 12.306838 0
5.81 -8.92 1.84 23.27 3.5 45.877463 12.306838 0
5.27 -8.69 1.71 21.09 3.5 45.877463 12.306838 0
6.29 -7.53 1.82 21.3 3.5 45.877463 12.306838 0
6.57 -9.35 2.29 22.31 3.5 45.877463 12.306838 0
6.55 -8.93 1.83 22.55 3.5 45.877463 12.306838 0
7.68 -9.71 2.67 22.48 3.5 45.877463 12.306838 0
4.69 -8.09 3.14 25.62 3.5 45.877463 12.306838 0
5.63 -8.17 1.84 21.06 3.5 45.877463 12.306838 0
6.1 -12.51 1.38 20.31 3.5 45.877463 12.306838 0
6.61 -9.48 2.43 27.83 3.5 45.877463 12.306838 0
5.75 -7.68 2.68 22.17 3.5 45.877463 12.306838 0
5.5 -7.19 3.26 22.78 3.5 45.877463 12.306838 0
5.32 -9.39 1.65 22.62 3.71 45.877435 12.306862 1
6.49 -9.91 1.61 21.73 3.71 45.877435 12.306862 0
6.36 -8.87 2.9 21.35 3.71 45.877435 12.306862 1
5.89 -7.92 1.61 21.69 3.71 45.877435 12.306862 0
5.25 -8.53 1.64 23.03 3.71 45.877435 12.306862 0
5.65 -8.74 1.64 22.88 3.71 45.877435 12.306862 0
6.08 -9.85 2.12 30.61 3.71 45.877435 12.306862 0
5.7 -8.02 2.5 27.17 3.71 45.877435 12.306862 0
5.54 -8.13 1.74 22.9 3.71 45.877435 12.306862 0
5.39 -8.8 2.03 23.02 3.71 45.877435 12.306862 0
6.37 -8.61 1.8 24.88 3.71 45.877435 12.306862 0
6.01 -8.58 2.17 25.12 3.71 45.877435 12.306862 0
5.47 -7.49 2.26 22.43 3.71 45.877435 12.306862 0
6.31 -8.16 1.74 22.76 3.71 45.877435 12.306862 0
6.09 -7.8 1.81 22.86 3.71 45.877435 12.306862 0
5.7 -7.52 2.03 23.24 3.71 45.877435 12.306862 0
5.33 -7.87 1.48 23.39 3.71 45.877435 12.306862 0
5.73 -7.34 1.65 23.74 3.36 45.877429 12.306901 1
5.81 -7.83 1.84 23.48 3.36 45.877429 12.306901 0
5.57 -8.42 1.84 22.54 3.36 45.877429 12.306901 1
5.99 -7.04 1.6 22.79 3.36 45.877429 12.306901 0
6.3 -8.34 1.32 23.02 3.36 45.877429 12.306901 0
6.4 -8.13 1.27 23.5 3.36 45.877429 12.306901 0
6.0 -8.03 1.72 22.24 3.36 45.877429 12.306901 0
6.14 -7.16 1.64 24.7 3.36 45.877429 12.306901 0
5.75 -7.07 1.4 22.98 3.36 45.877429 12.306901 0
7.64 -8.91 2.34 23.55 3.36 45.877429 12.306901 0
5.35 -8.31 2.84 23.53 3.36 45.877429 12.306901 0
5.54 -8.01 1.88 23.0 3.36 45.877429 12.306901 0
6.12 -7.93 1.9 22.23 3.36 45.877429 12.306901 0
5.79 -7.36 1.78 22.74 3.36 45.877429 12.306901 0
5.31 -9.75 1.66 36.51 3.36 45.877429 12.306901 0
5.8 -6.7 1.2 25.83 3.36 45.877429 12.306901 0
6.23 -7.88 2.11 23.14 3.31 45.877434 12.306942 1
5.42 -7.81 2.51 22.31 3.31 45.877434 12.306942 0
6.43 -7.33 1.86 24.63 3.31 45.877434 12.306942 1
6.64 -6.61 1.76 22.59 3.31 45.877434 12.306942 0
5.91 -6.83 2.77 26.98 3.31 45.877434 12.306942 0
