5.89 -7.21 1.74 24.08 2.79 45.877633 12.307474 0
5.1 -7.61 1.85 23.87 2.79 45.877633 12.307474 0
6.19 -8.34 1.8 23.24 2.79 45.877633 12.307474 0
5.07 -7.6 2.45 22.66 2.79 45.877633 12.307474 0
5.06 -7.66 1.57 23.62 2.79 45.877633 12.307474 0
6.08 -8.8 1.48 25.52 2.79 45.877633 12.307474 0
6.19 -6.89 1.76 23.58 2.79 45.877633 12.307474 0
7.44 -8.05 0.69 22.72 2.79 45.877633 12.307474 0
6.63 -7.31 1.73 23.31 2.79 45.877633 12.307474 0
6.42 -7.66 1.15 22.78 2.79 45.877633 12.307474 0
6.51 -6.71 0.89 23.12 2.79 45.877633 12.307474 0
6.76 -7.07 1.92 22.74 2.65 45.877628 12.307443 1
6.28 -8.48 1.31 22.84 2.65 45.877628 12.307443 0
6.16 -6.99 1.43 24.63 2.65 45.877628 12.307443 1
6.03 -7.67 1.67 23.31 2.65 45.877628 12.307443 0
5.96 -7.76 1.65 23.41 2.65 45.877628 12.307443 0
5.96 -7.33 1.65 22.57 2.65 45.877628 12.307443 0
5.51 -7.14 1.83 34.66 2.65 45.877628 12.307443 0
5.37 -8.98 1.4 23.68 2.65 45.877628 12.307443 0
6.31 -7.76 1.24 24.63 2.65 45.877628 12.307443 0
5.66 -7.46 1.3 23.32 2.65 45.877628 12.307443 0
6.31 -7.48 1.81 23.38 2.65 45.877628 12.307443 0
6.0 -7.68 1.83 24.49 2.65 45.877628 12.307443 0
5.91 -8.03 2.13 23.53 2.65 45.877628 12.307443 0
6.82 -8.54 1.97 22.71 2.65 45.877628 12.307443 0
6.44 -7.79 1.95 24.28 2.65 45.877628 12.307443 0
6.14 -7.69 1.02 25.97 2.65 45.877628 12.307443 0
5.44 -7.02 1.99 22.79 3.0 45.877622 12.307409 1
6.0 -7.74 1.64 22.64 3.0 45.877622 12.307409 0
6.23 -8.01 1.65 22.93 3.0 45.877622 12.307409 1
5.73 -8.93 2.02 23.58 3.0 45.877622 12.307409 0
5.71 -7.29 1.93 23.41 3.0 45.877622 12.307409 0
5.77 -8.23 1.82 24.27 3.0 45.877622 12.307409 0
5.46 -6.49 2.03 22.4 3.0 45.877622 12.307409 0
6.7 -8.27 1.72 23.15 3.0 45.877622 12.307409 0
5.94 -8.49 1.74 22.24 3.0 45.877622 12.307409 0
5.73 -7.04 1.3 25.16 3.0 45.877622 12.307409 0
6.11 -7.45 1.65 24.18 3.0 45.877622 12.307409 0
6.57 -7.44 1.06 22.81 3.0 45.877622 12.307409 0
5.89 -8.35 1.97 24.04 3.0 45.877622 12.307409 0
4.57 -7.53 2.79 25.86 3.0 45.877622 12.307409 0
5.49 -7.66 2.48 23.32 3.0 45.877622 12.307409 0
5.79 -8.0 1.82 24.3 3.0 45.877622 12.307409 0
6.03 -7.73 1.71 24.03 3.0 45.877622 12.307409 0
6.82 -7.52 1.9 22.95 2.73 45.877618 12.307375 1
5.59 -8.95 2.38 23.51 2.73 45.877618 12.307375 0
5.69 -7.63 2.05 23.74 2.73 45.877618 12.307375 1
6.41 -7.5 1.81 24.01 2.73 45.877618 12.307375 0
6.37 -7.22 1.58 22.66 2.73 45.877618 12.307375 0
6.08 -8.19 1.39 23.32 2.73 45.877618 12.307375 0
5.91 -7.57 1.62 27.03 2.73 45.877618 12.307375 0
6.35 -8.33 1.24 23.41 2.73 45.877618 12.307375 0
6.64 -8.37 1.47 27.8 2.73 45.877618 12.307375 0
5.01 -7.21 1.48 24.54 2.73 45.877618 12.307375 0
5.46 -7.45 0.31 23.65 2.73 45.877618 12.307375 0
6.03 -7.83 1.95 24.04 2.73 45.877618 12.307375 0
5.57 -7.76 1.52 25.74 2.73 45.877618 12.307375 0
5.76 -7.57 2.36 23.03 2.73 45.877618 12.307375 0
5.94 -9.22 2.27 22.83 2.73 45.877618 12.307375 0
5.95 -7.35 2.06 23.2 2.73 45.877618 12.307375 0
5.89 -7.67 1.76 24.27 2.73 45.877618 12.307375 0
6.12 -7.97 1.78 22.84 2.72 45.877615 12.307341 1
6.2 -8.01 2.03 22.54 2.72 45.877615 12.307341 0
6.15 -7.64 1.94 23.24 2.72 45.877615 12.307341 1
5.65 -7.71 1.97 23.98 2.72 45.877615 12.307341 0
5.71 -7.77 2.35 23.02 2.72 45.877615 12.307341 0
6.17 -7.81 2.22 23.92 2.72 45.877615 12.307341 0
5.82 -7.76 1.95 22.98 2.72 45.877615 12.307341 0
5.61 -8.11 1.69 23.56 2.72 45.877615 12.307341 0
5.78 -7.89 1.91 23.24 2.72 45.877615 12.307341 0
5.92 -7.93 1.98 22.86 2.72 45.877615 12.307341 0
5.7 -7.74 1.77 24.44 2.72 45.877615 12.307341 0
5.72 -7.76 1.39 23.63 2.72 45.877615 12.307341 0
6.2 -7.89 1.55 23.03 2.72 45.877615 12.307341 0
5.98 -7.53 1.63 23.07 2.72 45.877615 12.307341 0
6.14 -7.99 1.72 24.28 2.72 45.877615 12.307341 0
5.94 -7.49 1.69 24.35 2.72 45.877615 12.307341 0
5.86 -7.68 1.95 23.07 2.72 45.877615 12.307341 0
5.74 -7.78 1.56 23.53 2.69 45.877607 12.307309 1
5.8 -7.72 1.92 23.15 2.69 45.877607 12.307309 0
6.02 -7.87 1.93 23.05 2.69 45.877607 12.307309 1
5.65 -8.0 1.75 23.0 2.69 45.877607 12.307309 0
6.03 -8.06 1.77 22.64 2.69 45.877607 12.307309 0
6.1 -7.52 1.2 23.08 2.69 45.877607 12.307309 0
6.06 -8.32 1.51 23.07 2.69 45.877607 12.307309 0
5.73 -7.85 2.28 24.44 2.69 45.877607 12.307309 0
6.16 -7.86 2.09 23.82 2.69 45.877607 12.307309 0
5.84 -7.49 1.76 23.22 2.69 45.877607 12.307309 0
6.1 -8.11 1.91 23.31 2.69 45.877607 12.307309 0
6.1 -7.37 1.62 23.36 2.69 45.877607 12.307309 0
5.76 -7.74 1.87 23.17 2.69 45.877607 12.307309 0
5.87 -7.79 2.06 22.81 2.69 45.877607 12.307309 0
5.83 -7.84 2.12 24.1 2.69 45.877607 12.307309 0
5.43 -7.52 1.82 22.66 2.69 45.877607 12.307309 0
5.6 -7.69 1.8 23.41 2.8 45.877602 12.307275 1
5.66 -7.91 1.7 22.48 2.8 45.877602 12.307275 0
5.97 -7.73 1.92 22.79 2.8 45.877602 12.307275 1
5.88 -7.75 2.03 22.47 2.8 45.877602 12.307275 0
6.03 -7.47 1.84 23.51 2.8 45.877602 12.307275 0
6.05 -7.98 1.79 22.6 2.8 45.877602 12.307275 0
5.83 -7.23 1.6 27.65 2.8 45.877602 12.307275 0
6.08 -7.68 1.94 23.15 2.8 45.877602 12.307275 0
6.2 -7.81 1.94 22.78 2.8 45.877602 12.307275 0
5.99 -7.84 2.23 22.91 2.8 45.877602 12.307275 0
5.86 -7.54 1.84 24.58 2.8 45.877602 12.307275 0
5.83 -7.92 1.7 23.19 2.8 45.877602 12.307275 0
5.87 -8.41 1.44 23.65 2.8 45.877602 12.307275 0
5.94 -7.77 1.04 23.07 2.8 45.877602 12.307275 0
6.29 -8.12 1.34 22.66 2.8 45.877602 12.307275 0
5.97 -7.9 2.26 23.03 2.8 45.877602 12.307275 0
6.18 -7.86 2.02 23.02 2.8 45.877602 12.307275 0
6.12 -7.93 2.18 22.69 2.86 45.877597 12.307241 1
5.88 -8.01 2.07 23.12 2.86 45.877597 12.307241 0
5.86 -7.54 2.02 52.48 2.86 45.877597 12.307241 1
6.01 -7.71 2.09 23.46 2.86 45.877597 12.307241 0
6.2 -7.86 1.94 22.47 2.86 45.877597 12.307241 0
5.97 -8.21 2.22 23.51 2.86 45.877597 12.307241 0
5.94 -7.98 2.17 23.84 2.86 45.877597 12.307241 0
5.68 -7.66 2.13 23.55 2.86 45.877597 12.307241 0
5.93 -8.03 1.95 23.19 2.86 45.877597 12.307241 0
5.82 -7.97 2.12 23.15 2.86 45.877597 12.307241 0
6.17 -8.06 1.69 22.86 2.86 45.877597 12.307241 0
6.23 -7.82 1.71 22.91 2.86 45.877597 12.307241 0
6.18 -7.73 1.46 22.83 2.86 45.877597 12.307241 0
5.78 -7.61 1.81 23.63 2.86 45.877597 12.307241 0
5.97 -7.28 1.76 23.05 2.86 45.877597 12.307241 0
5.97 -7.89 2.06 23.07 2.86 45.877597 12.307241 0
6.02 -7.89 2.18 22.93 2.86 45.877597 12.307241 0
5.84 -7.48 1.95 22.64 3.15 45.877590 12.307204 1
5.96 -7.58 1.92 23.07 3.15 45.877590 12.307204 0
5.83 -7.51 1.5 23.29 3.15 45.877590 12.307204 1
5.77 -7.92 1.54 23.05 3.15 45.877590 12.307204 0
5.8 -7.96 1.8 22.66 3.15 45.877590 12.307204 0
5.78 -7.7 1.83 22.6 3.15 45.877590 12.307204 0
5.81 -8.09 2.03 23.02 3.15 45.877590 12.307204 0
5.88 -7.93 1.88 22.81 3.15 45.877590 12.307204 0
5.94 -7.46 2.18 23.27 3.15 45.877590 12.307204 0
6.02 -7.61 2.03 22.86 3.15 45.877590 12.307204 0
6.01 -7.78 2.08 23.26 3.15 45.877590 12.307204 0
5.82 -7.73 1.93 22.76 3.15 45.877590 12.307204 0
5.91 -7.64 1.91 22.38 3.15 45.877590 12.307204 0
5.86 -7.6 1.8 23.68 3.15 45.877590 12.307204 0
6.04 -7.97 2.05 24.52 3.15 45.877590 12.307204 0
6.17 -8.04 2.05 23.19 3.15 45.877590 12.307204 0
5.68 -7.47 1.82 22.55 3.15 45.877590 12.307204 0
5.71 -8.13 1.85 23.0 3.07 45.877582 12.307165 1
5.45 -7.62 1.71 23.51 3.07 45.877582 12.307165 0
6.37 -7.82 1.58 22.67 3.07 45.877582 12.307165 1
5.81 -7.47 1.72 23.1 3.07 45.877582 12.307165 0
6.12 -7.71 1.48 25.02 3.07 45.877582 12.307165 0
5.95 -7.63 1.57 23.17 3.07 45.877582 12.307165 0
6.16 -7.53 1.66 22.64 3.07 45.877582 12.307165 0
6.69 -8.19 2.02 23.07 3.07 45.877582 12.307165 0
6.19 -7.73 1.99 23.22 3.07 45.877582 12.307165 0
6.07 -7.5 1.72 22.83 3.07 45.877582 12.307165 0
5.72 -7.51 2.14 22.78 3.07 45.877582 12.307165 0
5.79 -7.97 2.44 24.47 3.07 45.877582 12.307165 0
5.86 -8.11 2.1 24.63 3.07 45.877582 12.307165 0
5.73 -8.28 1.51 22.83 3.07 45.877582 12.307165 0
5.7 -7.7 1.67 23.53 3.07 45.877582 12.307165 0
5.87 -7.69 1.55 23.92 3.07 45.877582 12.307165 0
5.97 -7.61 1.99 22.76 3.07 45.877582 12.307165 0
6.05 -7.53 1.79 22.71 2.94 45.877575 12.307128 1
6.18 -7.56 1.59 23.08 2.94 45.877575 12.307128 0
6.08 -8.08 2.06 23.98 2.94 45.877575 12.307128 1
5.83 -7.51 2.24 23.56 2.94 45.877575 12.307128 0
5.72 -7.42 1.7 22.6 2.94 45.877575 12.307128 0
5.89 -7.81 2.53 23.17 2.94 45.877575 12.307128 0
6.12 -7.38 1.71 32.16 2.94 45.877575 12.307128 0
6.03 -7.98 1.58 23.2 2.94 45.877575 12.307128 0
5.64 -7.84 1.68 23.56 2.94 45.877575 12.307128 0
5.61 -7.77 1.97 23.7 2.94 45.877575 12.307128 0
5.69 -8.31 1.94 23.38 2.94 45.877575 12.307128 0
6.03 -8.08 1.29 25.55 2.94 45.877575 12.307128 0
5.85 -7.44 1.98 22.74 2.94 45.877575 12.307128 0
6.15 -7.78 1.06 23.14 2.94 45.877575 12.307128 0
6.03 -7.19 1.67 24.03 2.94 45.877575 12.307128 0
5.6 -7.74 1.61 23.02 2.94 45.877575 12.307128 0
5.66 -7.4 1.59 22.67 2.99 45.877570 12.307090 1
6.09 -7.33 1.64 24.03 2.99 45.877570 12.307090 0
5.97 -7.93 1.91 23.15 2.99 45.877570 12.307090 1
5.9 -7.98 1.78 22.71 2.99 45.877570 12.307090 0
5.6 -7.61 1.35 23.58 2.99 45.877570 12.307090 0
5.87 -8.25 1.27 23.96 2.99 45.877570 12.307090 0
5.92 -8.15 1.32 23.74 2.99 45.877570 12.307090 0
6.6 -8.18 2.01 23.05 2.99 45.877570 12.307090 0
6.02 -8.06 2.14 25.31 2.99 45.877570 12.307090 0
6.41 -7.54 2.18 24.58 2.99 45.877570 12.307090 0
5.81 -8.05 1.94 24.4 2.99 45.877570 12.307090 0
6.03 -7.1 2.11 23.7 2.99 45.877570 12.307090 0
6.75 -7.77 1.77 22.91 2.99 45.877570 12.307090 0
6.22 -7.02 1.59 23.26 2.99 45.877570 12.307090 0
6.42 -7.98 2.15 24.03 2.99 45.877570 12.307090 0
6.06 -8.49 1.96 24.15 2.99 45.877570 12.307090 0
5.34 -8.04 2.05 22.98 2.99 45.877570 12.307090 0
5.1 -6.99 1.53 25.47 3.1 45.877564 12.307052 1
5.77 -7.65 1.78 23.02 3.1 45.877564 12.307052 0
6.03 -8.08 1.83 22.95 3.1 45.877564 12.307052 1
6.04 -7.88 1.73 296.71 3.1 45.877564 12.307052 0
6.08 -8.23 2.39 6.14 3.1 45.877564 12.307052 0
5.97 -7.85 1.76 25.47 3.1 45.877564 12.307052 0
5.47 -7.67 2.03 23.22 3.1 45.877564 12.307052 0
6.05 -8.31 0.88 24.88 3.1 45.877564 12.307052 0
5.35 -7.74 2.74 23.51 3.1 45.877564 12.307052 0
5.87 -7.31 1.12 22.9 3.1 45.877564 12.307052 0
5.74 -8.34 1.67 24.13 3.1 45.877564 12.307052 0
5.56 -7.71 2.15 23.26 3.1 45.877564 12.307052 0
6.45 -7.89 1.68 29.84 3.1 45.877564 12.307052 0
6.03 -7.22 1.77 23.46 3.1 45.877564 12.307052 0
5.85 -8.0 1.99 22.67 3.02 45.877559 12.307012 1
6.15 -7.56 2.51 22.24 3.02 45.877559 12.307012 0
5.66 -8.08 2.06 25.64 3.02 45.877559 12.307012 1
6.15 -8.02 2.3 22.76 3.02 45.877559 12.307012 0
6.04 -8.4 2.12 23.56 3.02 45.877559 12.307012 0
5.87 -7.63 1.78 24.87 3.02 45.877559 12.307012 0
5.58 -7.38 1.81 23.12 3.02 45.877559 12.307012 0
5.58 -7.81 1.48 27.59 3.02 45.877559 12.307012 0
5.81 -8.39 1.67 22.54 3.02 45.877559 12.307012 0
6.2 -8.38 1.11 23.92 3.02 45.877559 12.307012 0
5.76 -7.98 1.91 23.67 3.02 45.877559 12.307012 0
5.58 -6.99 1.44 22.86 3.02 45.877559 12.307012 0
6.09 -7.4 1.71 23.32 3.02 45.877559 12.307012 0
5.9 -7.72 1.99 24.68 3.02 45.877559 12.307012 0
6.32 -7.18 1.62 22.67 3.02 45.877559 12.307012 0
7.3 -8.11 1.54 24.71 3.02 45.877559 12.307012 0
6.17 -8.38 1.9 23.87 2.69 45.877553 12.306978 1
6.89 -7.33 2.55 22.64 2.69 45.877553 12.306978 0
5.75 -7.85 1.41 24.82 2.69 45.877553 12.306978 1
5.47 -8.06 2.06 22.91 2.69 45.877553 12.306978 0
5.48 -8.06 2.64 25.33 2.69 45.877553 12.306978 0
5.79 -8.1 1.67 22.55 2.69 45.877553 12.306978 0
5.83 -8.04 2.27 23.87 2.69 45.877553 12.306978 0
5.6 -7.84 1.8 23.0 2.69 45.877553 12.306978 0
6.13 -7.64 1.65 23.14 2.69 45.877553 12.306978 0
5.24 -8.09 3.67 23.14 2.69 45.877553 12.306978 0
6.36 -7.96 2.42 24.52 2.69 45.877553 12.306978 0
5.89 -8.27 2.05 54.02 2.69 45.877553 12.306978 0
5.71 -7.58 1.94 22.35 2.69 45.877553 12.306978 0
6.22 -7.55 1.59 23.55 2.69 45.877553 12.306978 0
6.29 -7.74 2.24 23.22 2.69 45.877553 12.306978 0
6.31 -8.28 1.69 23.26 2.69 45.877553 12.306978 0
5.34 -7.2 1.99 22.64 2.69 45.877553 12.306978 0
5.78 -8.01 1.58 24.18 2.82 45.877547 12.306941 1
5.4 -8.51 1.46 23.08 2.82 45.877547 12.306941 0
4.88 -8.57 1.34 25.09 2.82 45.877547 12.306941 1
6.26 -8.08 1.11 22.64 2.82 45.877547 12.306941 0
5.4 -7.36 2.15 23.92 2.82 45.877547 12.306941 0
6.69 -7.46 2.73 26.51 2.82 45.877547 12.306941 0
6.72 -7.25 1.41 22.54 2.82 45.877547 12.306941 0
6.45 -7.58 2.32 22.05 2.82 45.877547 12.306941 0
7.22 -6.79 2.92 23.12 2.82 45.877547 12.306941 0
5.45 -8.38 1.93 24.08 2.82 45.877547 12.306941 0
5.63 -7.66 2.01 23.74 2.82 45.877547 12.306941 0
5.67 -8.06 2.06 22.28 2.82 45.877547 12.306941 0
5.4 -8.43 2.61 22.96 2.82 45.877547 12.306941 0
6.1 -9.01 2.22 23.15 2.82 45.877547 12.306941 0
5.61 -7.08 1.84 22.81 2.82 45.877547 12.306941 0
6.07 -7.79 1.67 22.88 2.82 45.877547 12.306941 0
3.73 -7.97 1.76 21.68 2.82 45.877547 12.306941 0
6.83 -6.7 2.09 20.61 3.2 45.877538 12.306902 1
5.9 -10.35 1.28 21.51 3.2 45.877538 12.306902 0
5.69 -7.26 3.36 23.56 3.2 45.877538 12.306902 1
4.39 -6.16 2.39 24.08 3.2 45.877538 12.306902 0
5.87 -6.73 1.99 23.67 3.2 45.877538 12.306902 0
5.51 -7.24 2.44 22.72 3.2 45.877538 12.306902 0
9.0 -12.22 2.07 21.63 3.2 45.877538 12.306902 0
5.09 -9.97 2.08 23.63 3.2 45.877538 12.306902 0
5.03 -4.98 1.95 23.02 3.2 45.877538 12.306902 0
7.02 -7.43 2.07 26.69 3.2 45.877538 12.306902 0
4.78 -6.5 -0.22 23.31 3.2 45.877538 12.306902 0
8.37 -8.94 0.89 22.19 3.2 45.877538 12.306902 0
6.57 -10.24 1.53 21.78 3.2 45.877538 12.306902 0
6.27 -6.44 1.57 23.74 3.2 45.877538 12.306902 0
5.72 -6.73 2.51 28.02 3.2 45.877538 12.306902 0
5.47 -6.79 1.91 309.15 3.32 45.877520 12.306866 1
7.16 -5.55 1.61 6.11 3.32 45.877520 12.306866 1
6.48 -9.34 2.58 22.31 3.32 45.877520 12.306866 0
6.0 -8.59 2.01 21.75 3.32 45.877520 12.306866 0
5.82 -11.8 1.69 21.47 3.32 45.877520 12.306866 0
4.74 -6.1 2.79 21.97 3.32 45.877520 12.306866 0
5.51 -5.36 2.22 22.04 3.32 45.877520 12.306866 0
6.17 -8.72 2.69 22.0 3.32 45.877520 12.306866 0
7.58 -8.57 1.75 22.55 3.32 45.877520 12.306866 0
6.25 -7.22 1.23 23.63 3.32 45.877520 12.306866 0
2.29 -11.14 1.11 21.63 3.32 45.877520 12.306866 0
5.44 -3.71 2.5 23.14 3.32 45.877520 12.306866 0
6.72 -7.78 0.54 25.98 3.32 45.877520 12.306866 0
5.52 -7.67 1.21 27.68 3.32 45.877520 12.306866 0
3.83 -6.42 1.81 22.84 3.32 45.877520 12.306866 0
4.3 -0.28 -0.13 20.61 3.13 45.877497 12.306842 1
3.7 -10.03 0.82 21.56 3.13 45.877497 12.306842 0
7.51 -5.92 -1.14 22.91 3.13 45.877497 12.306842 1
6.05 -5.49 2.79 23.15 3.13 45.877497 12.306842 0
7.49 -8.21 1.89 22.38 3.13 45.877497 12.306842 0
5.34 -6.22 0.86 23.65 3.13 45.877497 12.306842 0
5.91 -8.88 2.02 25.18 3.13 45.877497 12.306842 0
5.3 -7.97 1.99 22.54 3.13 45.877497 12.306842 0
4.9 -8.34 1.33 22.59 3.13 45.877497 12.306842 0
6.05 -8.0 2.15 22.66 3.13 45.877497 12.306842 0
5.52 -6.77 1.26 23.79 3.13 45.877497 12.306842 0
5.69 -7.95 1.6 23.36 3.13 45.877497 12.306842 0
6.24 -7.91 1.79 23.96 3.13 45.877497 12.306842 0
6.15 -7.58 1.44 23.38 3.13 45.877497 12.306842 0
5.75 -8.01 1.67 22.76 3.13 45.877497 12.306842 0
6.44 -8.25 2.2 22.55 3.13 45.877497 12.306842 0
6.43 -8.05 2.38 22.54 3.13 45.877497 12.306842 0
6.96 -8.16 1.97 21.95 3.15 45.877468 12.306831 1
5.47 -8.88 2.15 22.47 3.15 45.877468 12.306831 0
5.72 -8.13 2.39 23.15 3.15 45.877468 12.306831 1
5.5 -8.38 2.33 22.71 3.15 45.877468 12.306831 0
6.06 -7.59 1.84 21.78 3.15 45.877468 12.306831 0
5.77 -7.93 2.66 22.59 3.15 45.877468 12.306831 0
6.82 -8.07 1.55 21.37 3.15 45.877468 12.306831 0
6.21 -8.36 2.44 21.83 3.15 45.877468 12.306831 0
6.01 -7.95 2.62 21.87 3.15 45.877468 12.306831 0
5.37 -8.36 1.97 21.49 3.15 45.877468 12.306831 0
5.97 -9.14 1.76 21.37 3.15 45.877468 12.306831 0
5.0 -8.39 1.87 22.29 3.15 45.877468 12.306831 0
4.55 -8.48 1.26 22.09 3.15 45.877468 12.306831 0
6.56 -9.45 1.31 21.47 3.15 45.877468 12.306831 0
6.79 -8.6 2.35 21.47 3.15 45.877468 12.306831 0
6.02 -8.11 1.96 22.54 3.15 45.877468 12.306831 0
6.85 -7.56 2.32 21.81 3.15 45.877468 12.306831 0
5.14 -8.52 3.5 22.24 3.55 45.877444 12.306850 1
6.28 -8.36 1.92 22.47 3.55 45.877444 12.306850 0
5.51 -9.69 2.03 23.56 3.55 45.877444 12.306850 1
5.35 -8.61 2.69 21.92 3.55 45.877444 12.306850 0
7.69 -10.01 2.41 21.73 3.55 45.877444 12.306850 0
3.46 -8.04 2.76 22.6 3.55 45.877444 12.306850 0
4.93 -8.41 1.32 22.29 3.55 45.877444 12.306850 0
5.54 -7.2 2.26 24.46 3.55 45.877444 12.306850 0
6.33 -8.73 2.15 22.24 3.55 45.877444 12.306850 0
5.37 -7.68 2.44 22.35 3.55 45.877444 12.306850 0
5.92 -6.56 2.33 23.03 3.55 45.877444 12.306850 0
5.74 -6.43 2.89 23.02 3.55 45.877444 12.306850 0
4.92 -7.94 2.05 22.48 3.55 45.877444 12.306850 0
5.46 -8.3 0.45 22.86 3.55 45.877444 12.306850 0
6.31 -7.56 0.68 22.91 3.55 45.877444 12.306850 0
6.59 -8.9 1.8 23.19 3.55 45.877444 12.306850 0
5.23 -7.21 1.23 24.52 3.55 45.877444 12.306850 0
5.95 -8.95 1.71 22.6 3.09 45.877436 12.306886 1
6.02 -7.68 2.22 22.9 3.09 45.877436 12.306886 0
5.48 -7.43 1.75 23.51 3.09 45.877436 12.306886 1
5.99 -7.87 1.14 23.0 3.09 45.877436 12.306886 0
6.35 -7.18 1.74 22.64 3.09 45.877436 12.306886 0
5.72 -8.01 2.43 22.78 3.09 45.877436 12.306886 0
6.09 -7.53 1.69 23.1 3.09 45.877436 12.306886 0
5.97 -7.83 2.06 23.2 3.09 45.877436 12.306886 0
5.66 -7.82 2.15 25.04 3.09 45.877436 12.306886 0
6.33 -7.94 2.02 22.98 3.09 45.877436 12.306886 0
