5.47 -7.49 1.52 22.67 3.17 45.406359 11.895436 1
5.74 -7.9 1.82 21.87 3.05 45.406356 11.895478 0
5.66 -7.17 2.04 22.19 3.05 45.406356 11.895478 1
4.24 -6.61 2.12 22.14 3.05 45.406356 11.895478 0
9.08 -8.3 1.45 20.99 3.05 45.406356 11.895478 1
5.48 -7.92 2.35 21.95 3.05 45.406356 11.895478 1
4.99 -7.42 1.86 24.27 3.05 45.406356 11.895478 1
6.04 -8.31 1.74 23.56 3.05 45.406356 11.895478 1
4.85 -4.96 1.75 23.03 3.05 45.406356 11.895478 1
7.14 -13.99 1.54 23.8 3.05 45.406356 11.895478 1
8.12 -7.76 2.97 23.29 3.05 45.406356 11.895478 1
4.0 -8.4 2.54 24.97 3.05 45.406356 11.895478 1
5.97 -9.1 2.63 22.96 3.05 45.406356 11.895478 1
5.66 -9.28 2.06 21.59 3.05 45.406356 11.895478 1
8.37 -5.56 0.91 20.82 3.05 45.406356 11.895478 1
5.61 -13.52 2.02 22.23 3.05 45.406356 11.895478 1
5.02 -5.57 1.2 23.89 3.05 45.406356 11.895478 1
3.31 -6.4 1.26 22.64 3.05 45.406356 11.895478 1
3.07 -5.27 1.92 21.04 2.97 45.406355 11.895517 0
6.1 -10.54 -0.69 20.49 2.97 45.406355 11.895517 1
9.06 -9.51 2.47 21.66 2.97 45.406355 11.895517 0
4.06 -7.56 1.76 23.48 2.97 45.406355 11.895517 1
3.54 -6.07 2.29 23.05 2.97 45.406355 11.895517 1
5.36 -6.04 1.52 22.91 2.97 45.406355 11.895517 1
7.21 -5.66 1.86 21.57 2.97 45.406355 11.895517 1
7.13 -9.76 1.58 21.37 2.97 45.406355 11.895517 1
5.85 -8.98 2.13 22.33 2.97 45.406355 11.895517 1
4.47 -8.12 2.07 22.54 2.97 45.406355 11.895517 1
5.25 -7.14 2.06 21.59 2.97 45.406355 11.895517 1
6.14 -7.48 2.13 22.62 2.97 45.406355 11.895517 1
6.49 -8.59 1.7 21.81 2.97 45.406355 11.895517 1
5.0 -8.7 1.63 22.05 2.97 45.406355 11.895517 1
4.79 -7.9 1.49 22.55 2.97 45.406355 11.895517 1
5.65 -7.49 1.24 22.05 2.97 45.406355 11.895517 1
6.39 -7.77 1.83 22.78 2.97 45.406355 11.895517 1
