5.86 -7.88 1.77 21.44 2.71 45.406377 11.895123 1
5.72 -8.08 1.86 21.88 3.3 45.406379 11.895162 0
5.89 -7.74 1.89 22.04 3.3 45.406379 11.895162 1
5.67 -7.84 1.68 22.12 3.3 45.406379 11.895162 0
5.74 -7.71 1.72 21.8 3.3 45.406379 11.895162 1
5.76 -8.04 1.84 22.0 3.3 45.406379 11.895162 1
6.26 -7.96 1.75 21.95 3.3 45.406379 11.895162 1
5.81 -8.24 1.62 22.4 3.3 45.406379 11.895162 1
5.84 -7.92 1.73 22.57 3.3 45.406379 11.895162 1
5.55 -7.81 1.69 23.86 3.3 45.406379 11.895162 1
5.73 -7.56 1.69 22.55 3.3 45.406379 11.895162 1
5.99 -8.19 1.56 22.0 3.3 45.406379 11.895162 1
5.94 -8.13 1.77 21.54 3.3 45.406379 11.895162 1
5.92 -8.07 1.94 22.02 3.3 45.406379 11.895162 1
5.5 -8.14 1.81 22.09 3.3 45.406379 11.895162 1
5.76 -7.61 1.71 22.16 3.3 45.406379 11.895162 1
5.73 -7.83 1.52 22.52 3.3 45.406379 11.895162 1
6.17 -7.96 1.91 23.12 3.3 45.406379 11.895162 1
5.75 -8.29 1.86 21.69 3.3 45.406379 11.895162 1
5.74 -8.12 2.14 21.78 2.48 45.406378 11.895191 0
5.66 -8.01 2.13 21.54 2.48 45.406378 11.895191 1
5.67 -7.64 1.88 22.69 2.48 45.406378 11.895191 0
5.57 -7.67 1.74 24.04 2.48 45.406378 11.895191 1
5.6 -7.99 1.62 22.14 2.48 45.406378 11.895191 1
6.11 -7.99 2.0 22.09 2.48 45.406378 11.895191 1
5.82 -8.41 1.94 22.96 2.48 45.406378 11.895191 1
6.16 -7.57 2.1 22.67 2.48 45.406378 11.895191 1
5.29 -7.75 1.82 23.17 2.48 45.406378 11.895191 1
5.56 -6.99 1.86 22.96 2.48 45.406378 11.895191 1
6.09 -8.26 1.45 21.95 2.48 45.406378 11.895191 1
6.3 -8.48 1.68 22.17 2.48 45.406378 11.895191 1
5.66 -8.94 1.69 21.95 2.48 45.406378 11.895191 1
5.3 -7.71 1.6 22.55 2.48 45.406378 11.895191 1
5.57 -7.51 1.68 22.16 2.48 45.406378 11.895191 1
6.04 -7.6 1.82 21.95 2.48 45.406378 11.895191 1
