6.13 -7.63 1.84 22.33 2.25 45.406359 11.894932 0
6.12 -7.89 1.68 21.93 2.25 45.406359 11.894932 0
6.04 -7.72 1.36 21.88 2.25 45.406359 11.894932 1
6.25 -7.61 1.45 21.83 2.25 45.406359 11.894932 0
5.85 -8.2 1.95 21.85 2.25 45.406359 11.894932 1
5.77 -8.1 2.03 22.71 2.25 45.406359 11.894932 1
5.89 -7.95 2.06 21.9 2.25 45.406359 11.894932 1
5.69 -7.77 2.05 21.88 2.25 45.406359 11.894932 1
5.71 -8.13 1.87 22.0 2.25 45.406359 11.894932 1
5.71 -8.03 1.89 21.61 2.25 45.406359 11.894932 1
6.06 -7.54 1.9 21.59 2.25 45.406359 11.894932 1
6.75 -7.75 1.93 22.0 2.25 45.406359 11.894932 1
6.29 -7.43 1.94 22.05 2.25 45.406359 11.894932 1
5.86 -7.94 1.72 22.07 2.25 45.406359 11.894932 1
6.13 -7.6 1.66 22.11 2.25 45.406359 11.894932 1
6.38 -7.38 1.72 22.52 2.25 45.406359 11.894932 1
6.27 -7.6 1.71 21.95 2.25 45.406359 11.894932 1
6.04 -7.51 1.71 21.87 2.25 45.406359 11.894932 1
5.84 -8.13 2.18 21.75 2.26 45.406364 11.894951 0
5.66 -7.99 2.33 22.45 2.26 45.406364 11.894951 1
5.85 -7.72 2.26 22.5 2.26 45.406364 11.894951 0
5.84 -7.75 1.79 22.04 2.26 45.406364 11.894951 1
5.57 -7.52 1.64 22.42 2.26 45.406364 11.894951 1
6.21 -8.85 1.73 21.9 2.26 45.406364 11.894951 1
5.94 -7.61 1.95 22.35 2.26 45.406364 11.894951 1
5.82 -7.91 1.7 21.42 2.26 45.406364 11.894951 1
5.94 -7.66 1.69 22.52 2.26 45.406364 11.894951 1
5.99 -7.67 1.92 22.0 2.26 45.406364 11.894951 1
6.17 -7.72 1.79 21.97 2.26 45.406364 11.894951 1
6.05 -7.78 2.15 22.36 2.26 45.406364 11.894951 1
5.92 -7.75 1.74 21.69 2.26 45.406364 11.894951 1
5.9 -7.98 1.64 22.52 2.26 45.406364 11.894951 1
6.0 -7.46 2.01 22.12 2.26 45.406364 11.894951 1
6.17 -7.69 2.06 22.54 2.26 45.406364 11.894951 1
5.6 -7.76 1.84 22.04 2.26 45.406364 11.894951 1
