5.62 -7.75 1.75 21.87 2.89 45.406375 11.895257 1
5.81 -7.9 1.49 21.39 3.97 45.406366 11.895302 0
5.88 -8.17 1.49 21.44 3.97 45.406366 11.895302 1
5.83 -7.72 1.65 22.31 3.97 45.406366 11.895302 0
5.74 -8.0 1.9 22.29 3.97 45.406366 11.895302 1
5.82 -7.6 2.02 21.88 3.97 45.406366 11.895302 1
5.76 -7.9 1.76 22.86 3.97 45.406366 11.895302 1
5.73 -7.85 1.76 22.79 3.97 45.406366 11.895302 1
5.62 -8.04 1.9 21.52 3.97 45.406366 11.895302 1
5.5 -8.16 1.69 23.79 3.97 45.406366 11.895302 1
5.71 -8.06 1.65 22.05 3.97 45.406366 11.895302 1
5.57 -7.78 1.8 23.38 3.97 45.406366 11.895302 1
5.73 -8.02 2.02 22.0 3.97 45.406366 11.895302 1
5.73 -7.89 2.01 22.28 3.97 45.406366 11.895302 1
5.68 -8.11 1.8 21.81 3.97 45.406366 11.895302 1
6.15 -7.95 1.88 22.91 3.97 45.406366 11.895302 1
5.87 -7.91 1.96 22.4 3.97 45.406366 11.895302 1
5.89 -7.5 1.93 23.1 3.97 45.406366 11.895302 1
5.29 -7.61 1.79 22.29 3.42 45.406362 11.895350 0
6.66 -7.93 1.33 22.26 3.42 45.406362 11.895350 1
5.71 -9.11 1.94 22.86 3.42 45.406362 11.895350 0
6.48 -8.08 1.33 23.27 3.42 45.406362 11.895350 1
5.26 -7.93 1.92 23.63 3.42 45.406362 11.895350 1
5.13 -7.27 1.16 22.6 3.42 45.406362 11.895350 1
6.28 -8.59 1.88 21.9 3.42 45.406362 11.895350 1
6.55 -7.61 1.75 23.62 3.42 45.406362 11.895350 1
5.66 -9.61 1.39 22.71 3.42 45.406362 11.895350 1
5.31 -7.44 2.03 22.11 3.42 45.406362 11.895350 1
5.79 -7.82 1.28 21.97 3.42 45.406362 11.895350 1
6.01 -7.89 2.01 21.54 3.42 45.406362 11.895350 1
5.94 -8.37 1.75 24.03 3.42 45.406362 11.895350 1
5.39 -7.98 1.86 22.14 3.42 45.406362 11.895350 1
5.15 -7.9 1.38 22.96 3.42 45.406362 11.895350 1
5.52 -8.03 1.66 21.61 3.42 45.406362 11.895350 1
5.84 -8.06 1.81 22.0 3.42 45.406362 11.895350 1
