5.74 -7.7 1.65 22.54 3.34 45.406346 11.895290 1
5.72 -7.52 1.54 22.62 3.34 45.406346 11.895290 1
5.61 -7.79 1.79 22.05 3.34 45.406346 11.895290 1
6.01 -8.09 1.51 22.47 3.34 45.406346 11.895290 1
5.72 -8.21 1.97 22.42 3.34 45.406346 11.895290 1
5.84 -7.95 1.93 22.57 3.34 45.406346 11.895290 1
5.61 -7.76 1.91 22.81 3.34 45.406346 11.895290 1
5.77 -7.96 1.67 22.0 3.02 45.406348 11.895331 0
5.77 -8.04 1.9 22.29 3.02 45.406348 11.895331 1
5.89 -7.68 1.39 22.19 3.02 45.406348 11.895331 0
5.49 -8.15 1.72 21.85 3.02 45.406348 11.895331 1
6.62 -8.09 1.71 21.81 3.02 45.406348 11.895331 1
5.78 -7.82 1.69 23.75 3.02 45.406348 11.895331 1
6.21 -7.8 1.72 22.76 3.02 45.406348 11.895331 1
5.77 -7.32 1.98 27.47 3.02 45.406348 11.895331 1
5.72 -7.79 1.74 25.98 3.02 45.406348 11.895331 1
5.9 -8.16 1.86 23.58 3.02 45.406348 11.895331 1
5.92 -8.69 1.82 24.04 3.02 45.406348 11.895331 1
6.12 -8.7 1.99 22.81 3.02 45.406348 11.895331 1
5.49 -8.14 1.74 22.67 3.02 45.406348 11.895331 1
5.32 -7.72 1.38 25.23 3.02 45.406348 11.895331 1
5.66 -8.06 2.51 22.48 3.02 45.406348 11.895331 1
5.86 -7.79 1.51 22.83 3.02 45.406348 11.895331 1
5.34 -8.22 1.72 23.1 3.02 45.406348 11.895331 1
5.75 -8.25 1.82 21.9 3.05 45.406347 11.895370 0
5.47 -7.94 1.8 22.05 3.05 45.406347 11.895370 1
5.93 -7.45 1.75 21.78 3.05 45.406347 11.895370 0
5.83 -8.52 1.6 22.35 3.05 45.406347 11.895370 1
5.87 -7.29 1.86 22.76 3.05 45.406347 11.895370 1
5.35 -8.12 1.94 27.15 3.05 45.406347 11.895370 1
6.01 -7.97 1.51 21.85 3.05 45.406347 11.895370 1
5.88 -7.63 1.95 24.8 3.05 45.406347 11.895370 1
5.7 -8.07 2.02 22.05 3.05 45.406347 11.895370 1
5.85 -7.98 1.81 22.11 3.05 45.406347 11.895370 1
5.57 -8.05 1.53 22.16 3.05 45.406347 11.895370 1
