5.65 -7.72 1.88 21.69 3.08 45.406342 11.895134 1
5.56 -8.11 2.05 22.57 3.08 45.406342 11.895134 1
5.84 -7.99 1.8 23.44 3.08 45.406342 11.895134 1
5.78 -7.57 1.79 22.93 3.08 45.406342 11.895134 1
5.87 -8.08 1.91 22.11 3.08 45.406342 11.895134 1
5.71 -7.92 1.58 22.05 3.08 45.406342 11.895134 1
5.6 -7.98 1.67 21.93 3.08 45.406342 11.895134 1
5.76 -8.03 1.86 21.95 2.71 45.406344 11.895169 0
5.4 -8.1 2.41 22.0 2.71 45.406344 11.895169 1
5.38 -7.95 2.07 22.02 2.71 45.406344 11.895169 0
5.56 -7.85 1.29 22.0 2.71 45.406344 11.895169 1
5.33 -8.2 2.18 23.62 2.71 45.406344 11.895169 1
6.26 -7.81 0.83 21.95 2.71 45.406344 11.895169 1
6.03 -8.03 1.06 22.91 2.71 45.406344 11.895169 1
5.76 -7.71 1.42 22.11 2.71 45.406344 11.895169 1
5.87 -7.65 0.55 22.57 2.71 45.406344 11.895169 1
6.08 -7.78 1.23 21.95 2.71 45.406344 11.895169 1
5.25 -8.47 1.83 21.8 2.71 45.406344 11.895169 1
5.98 -7.93 1.81 21.78 2.71 45.406344 11.895169 1
5.66 -8.17 1.94 21.56 2.71 45.406344 11.895169 1
6.01 -7.78 1.92 22.47 2.71 45.406344 11.895169 1
5.22 -7.29 1.93 22.83 2.71 45.406344 11.895169 1
5.4 -7.17 2.04 23.48 2.71 45.406344 11.895169 1
5.77 -7.72 2.24 21.85 2.71 45.406344 11.895169 1
6.33 -8.39 2.0 21.66 2.87 45.406345 11.895205 0
5.9 -8.58 2.19 22.45 2.87 45.406345 11.895205 1
5.26 -8.27 1.82 21.85 2.87 45.406345 11.895205 0
5.45 -7.28 1.9 22.45 2.87 45.406345 11.895205 1
5.35 -7.76 1.66 21.95 2.87 45.406345 11.895205 1
6.18 -7.6 1.56 21.8 2.87 45.406345 11.895205 1
5.81 -8.02 1.87 21.4 2.87 45.406345 11.895205 1
5.59 -7.95 1.79 21.95 2.87 45.406345 11.895205 1
5.51 -7.6 1.71 22.11 2.87 45.406345 11.895205 1
5.74 -7.91 1.69 22.05 2.87 45.406345 11.895205 1
6.05 -7.92 2.05 22.47 2.87 45.406345 11.895205 1
