5.95 -8.24 1.59 22.86 2.83 45.406347 11.895521 1
5.6 -8.03 1.64 22.47 2.83 45.406347 11.895521 1
5.51 -7.64 1.68 22.02 2.83 45.406347 11.895521 1
5.88 -8.0 1.37 21.97 2.83 45.406347 11.895521 1
5.94 -7.75 1.36 21.87 2.83 45.406347 11.895521 1
5.95 -8.06 1.52 21.69 2.83 45.406347 11.895521 1
5.58 -7.94 1.99 22.26 2.83 45.406347 11.895521 1
5.83 -8.03 2.09 22.29 2.19 45.406351 11.895551 0
5.83 -7.91 1.66 21.9 2.19 45.406351 11.895551 1
5.72 -7.87 1.53 22.47 2.19 45.406351 11.895551 0
5.81 -7.82 1.59 21.95 2.19 45.406351 11.895551 1
6.07 -7.9 1.47 21.64 2.19 45.406351 11.895551 1
5.83 -8.31 1.7 22.16 2.19 45.406351 11.895551 1
5.63 -8.13 2.17 22.17 2.19 45.406351 11.895551 1
6.04 -8.17 1.88 21.92 2.19 45.406351 11.895551 1
5.68 -7.73 1.95 22.43 2.19 45.406351 11.895551 1
5.71 -7.7 1.9 22.11 2.19 45.406351 11.895551 1
6.15 -7.92 1.45 22.24 2.19 45.406351 11.895551 1
5.9 -8.08 1.75 21.9 2.19 45.406351 11.895551 1
5.86 -8.17 1.64 21.85 2.19 45.406351 11.895551 1
5.68 -8.19 1.69 22.33 2.19 45.406351 11.895551 1
5.58 -7.85 1.74 21.9 2.19 45.406351 11.895551 1
5.99 -8.02 1.62 21.95 2.19 45.406351 11.895551 1
5.71 -7.89 1.65 21.66 2.19 45.406351 11.895551 1
5.76 -7.84 1.66 21.76 2.23 45.406363 11.895574 0
6.04 -7.88 1.73 21.8 2.23 45.406363 11.895574 1
5.86 -7.72 1.35 22.4 2.23 45.406363 11.895574 0
5.68 -7.66 1.55 23.02 2.23 45.406363 11.895574 1
5.76 -7.74 1.82 22.4 2.23 45.406363 11.895574 1
5.96 -8.03 1.96 21.28 2.23 45.406363 11.895574 1
6.07 -8.4 1.58 21.8 2.23 45.406363 11.895574 1
5.98 -8.18 1.51 21.95 2.23 45.406363 11.895574 1
5.8 -7.67 1.7 23.02 2.23 45.406363 11.895574 1
5.52 -7.41 1.65 27.35 2.23 45.406363 11.895574 1
5.94 -7.96 1.97 22.0 2.23 45.406363 11.895574 1
