5.64 -7.82 1.91 21.57 1.8 45.406373 11.895594 1
5.63 -7.81 1.89 21.57 1.8 45.406373 11.895594 1
5.64 -7.82 1.91 21.57 1.8 45.406373 11.895594 1
5.63 -7.81 1.91 21.58 1.8 45.406373 11.895594 1
5.64 -7.82 1.89 21.57 1.8 45.406373 11.895594 1
5.64 -7.81 1.91 21.56 1.8 45.406373 11.895594 1
5.64 -7.82 1.91 21.56 1.8 45.406373 11.895594 1
5.65 -7.82 1.9 21.56 1.8 45.406373 11.895594 1
5.63 -7.82 1.89 21.57 1.8 45.406373 11.895594 1
5.65 -7.81 1.9 21.57 1.8 45.406373 11.895594 1
5.65 -7.83 1.91 21.57 1.8 45.406373 11.895594 1
5.65 -7.81 1.91 21.57 1.8 45.406373 11.895594 1
5.64 -7.81 1.9 21.58 1.8 45.406373 11.895594 1
5.65 -7.82 1.9 21.56 1.8 45.406373 11.895594 1
5.64 -7.82 1.9 21.57 1.8 45.406373 11.895594 1
5.63 -7.81 1.9 21.57 1.8 45.406373 11.895594 1
5.65 -7.83 1.89 21.57 1.8 45.406373 11.895594 1
5.64 -7.81 1.9 21.58 1.8 45.406373 11.895594 1
5.64 -7.82 1.89 21.57 1.8 45.406373 11.895594 1
5.65 -7.82 1.9 21.58 1.8 45.406373 11.895594 1
5.63 -7.81 1.9 21.58 1.8 45.406373 11.895594 1
5.64 -7.82 1.9 21.57 1.8 45.406373 11.895594 1
5.65 -7.81 1.9 21.56 1.8 45.406373 11.895594 1
5.65 -7.82 1.9 21.56 1.8 45.406373 11.895594 1
5.65 -7.82 1.9 21.57 1.8 45.406373 11.895594 1
5.63 -7.82 1.9 21.58 1.8 45.406373 11.895594 1
5.64 -7.82 1.89 21.57 1.8 45.406373 11.895594 1
5.65 -7.83 1.9 21.57 1.8 45.406373 11.895594 1
5.65 -7.81 1.91 21.58 1.8 45.406373 11.895594 1
5.65 -7.83 1.91 21.57 1.8 45.406373 11.895594 1
5.64 -7.83 1.9 21.56 1.8 45.406373 11.895594 1
5.63 -7.82 1.9 21.58 1.8 45.406373 11.895594 1
5.64 -7.83 1.91 21.57 1.8 45.406373 11.895594 1
5.63 -7.81 1.9 21.57 1.8 45.406373 11.895594 1
5.63 -7.83 1.89 21.57 1.8 45.406373 11.895594 1
