5.86 -7.86 1.94 21.9 2.47 45.407987 11.888585 1
5.92 -7.82 1.95 22.47 2.47 45.407987 11.888585 1
5.69 -8.02 1.75 22.0 2.47 45.407987 11.888585 1
6.1 -7.72 1.46 22.0 2.47 45.407987 11.888585 1
6.08 -7.85 1.66 21.97 2.47 45.407987 11.888585 1
5.73 -7.61 1.61 22.11 2.47 45.407987 11.888585 1
5.92 -7.8 1.77 22.11 2.47 45.407987 11.888585 1
6.0 -7.4 1.95 22.07 2.47 45.407987 11.888585 1
6.18 -7.89 1.71 21.93 2.47 45.407987 11.888585 1
5.92 -7.76 1.52 21.85 2.47 45.407987 11.888585 1
6.13 -7.85 1.61 22.74 1.89 45.407989 11.888562 0
6.01 -7.9 1.82 21.8 1.89 45.407989 11.888562 1
5.98 -7.99 1.88 21.9 1.89 45.407989 11.888562 0
5.73 -7.89 1.58 21.95 1.89 45.407989 11.888562 1
5.76 -7.91 1.87 21.97 1.89 45.407989 11.888562 1
5.73 -8.14 1.66 21.4 1.89 45.407989 11.888562 1
5.8 -7.85 1.88 21.85 1.89 45.407989 11.888562 1
5.82 -7.76 1.97 21.92 1.89 45.407989 11.888562 1
6.07 -7.87 1.96 21.97 1.89 45.407989 11.888562 1
6.04 -7.82 1.98 21.57 1.89 45.407989 11.888562 1
6.05 -7.62 1.95 22.05 1.89 45.407989 11.888562 1
6.22 -7.81 1.9 22.11 1.89 45.407989 11.888562 1
5.99 -7.81 1.57 22.57 1.89 45.407989 11.888562 1
5.82 -7.8 2.03 22.23 1.89 45.407989 11.888562 1
5.92 -7.8 1.86 22.52 1.89 45.407989 11.888562 1
5.9 -8.22 1.65 22.11 1.89 45.407989 11.888562 1
5.71 -7.69 1.73 22.0 1.89 45.407989 11.888562 1
5.87 -8.06 1.86 21.9 2.21 45.407996 11.888536 0
5.84 -7.71 1.99 21.9 2.21 45.407996 11.888536 1
5.8 -7.9 2.01 21.88 2.21 45.407996 11.888536 0
5.88 -7.69 1.85 21.93 2.21 45.407996 11.888536 1
5.87 -7.7 1.99 22.36 2.21 45.407996 11.888536 1
5.97 -7.71 1.93 21.8 2.21 45.407996 11.888536 1
6.01 -7.99 1.88 22.28 2.21 45.407996 11.888536 1
5.97 -7.43 1.65 21.95 2.21 45.407996 11.888536 1
