6.02 -7.54 1.89 21.92 3.03 45.407930 11.888189 1
6.39 -7.52 1.71 22.0 3.03 45.407930 11.888189 1
6.05 -7.62 1.99 21.56 3.03 45.407930 11.888189 1
6.14 -8.02 1.78 21.92 3.03 45.407930 11.888189 1
6.15 -7.71 1.52 21.64 3.03 45.407930 11.888189 1
5.74 -7.99 1.3 22.16 3.03 45.407930 11.888189 1
5.34 -7.88 1.49 21.64 3.03 45.407930 11.888189 1
5.52 -8.03 1.7 21.92 3.03 45.407930 11.888189 1
5.53 -8.03 1.71 21.92 3.03 45.407930 11.888189 1
5.51 -8.03 1.7 21.93 3.03 45.407930 11.888189 1
5.53 -8.03 1.69 21.91 3.03 45.407930 11.888189 1
5.52 -8.03 1.71 21.93 3.03 45.407930 11.888189 1
5.52 -8.02 1.69 21.92 3.03 45.407930 11.888189 1
5.52 -8.03 1.71 21.93 3.03 45.407930 11.888189 1
5.52 -8.04 1.7 21.92 3.03 45.407930 11.888189 1
5.52 -8.04 1.7 21.93 3.03 45.407930 11.888189 1
5.52 -8.03 1.7 21.91 3.03 45.407930 11.888189 1
5.52 -8.02 1.69 21.92 3.03 45.407930 11.888189 1
5.52 -8.03 1.71 21.91 3.03 45.407930 11.888189 1
5.52 -8.03 1.7 21.93 3.03 45.407930 11.888189 1
5.51 -8.03 1.7 21.92 3.03 45.407930 11.888189 1
5.52 -8.04 1.7 21.92 3.03 45.407930 11.888189 1
5.52 -8.03 1.69 21.93 3.03 45.407930 11.888189 1
5.53 -8.02 1.71 21.92 3.03 45.407930 11.888189 1
5.53 -8.03 1.7 21.92 3.03 45.407930 11.888189 1
5.52 -8.03 1.69 21.93 3.03 45.407930 11.888189 1
5.52 -8.02 1.71 21.92 3.03 45.407930 11.888189 1
5.53 -8.03 1.7 21.92 3.03 45.407930 11.888189 1
5.51 -8.02 1.71 21.92 3.03 45.407930 11.888189 1
5.51 -8.03 1.69 21.91 3.03 45.407930 11.888189 1
5.52 -8.03 1.7 21.91 3.03 45.407930 11.888189 1
5.52 -8.04 1.69 21.91 3.03 45.407930 11.888189 1
5.53 -8.02 1.7 21.92 3.03 45.407930 11.888189 1
5.51 -8.02 1.7 21.91 3.03 45.407930 11.888189 1
5.52 -8.03 1.69 21.92 3.03 45.407930 11.888189 1
