6.17 -8.02 1.52 22.11 2.21 45.407996 11.888536 1
5.84 -7.69 1.6 22.52 2.21 45.407996 11.888536 1
5.95 -7.64 1.82 22.11 2.21 45.407996 11.888536 1
5.42 -7.88 1.86 22.47 2.21 45.407996 11.888536 1
5.43 -8.16 1.61 21.57 2.21 45.407996 11.888536 1
5.99 -7.98 1.43 22.42 2.21 45.407996 11.888536 1
5.98 -7.95 1.62 22.52 2.21 45.407996 11.888536 1
5.85 -7.75 1.85 22.21 2.21 45.407996 11.888536 1
5.96 -7.87 1.94 22.42 2.21 45.407996 11.888536 1
5.91 -7.61 1.88 22.47 2.21 45.407996 11.888536 1
6.12 -7.93 1.94 22.36 1.88 45.408005 11.888513 0
5.99 -7.81 2.11 21.95 1.88 45.408005 11.888513 1
5.8 -7.89 1.89 21.95 1.88 45.408005 11.888513 0
5.68 -7.85 1.74 21.88 1.88 45.408005 11.888513 1
5.52 -7.76 1.87 21.73 1.88 45.408005 11.888513 1
5.92 -7.98 1.92 22.26 1.88 45.408005 11.888513 1
5.79 -7.95 1.75 21.95 1.88 45.408005 11.888513 1
6.08 -7.3 1.95 22.45 1.88 45.408005 11.888513 1
6.01 -7.92 1.73 22.11 1.88 45.408005 11.888513 1
5.67 -7.69 1.85 22.05 1.88 45.408005 11.888513 1
5.84 -7.98 1.8 21.97 1.88 45.408005 11.888513 1
6.22 -8.09 1.89 22.05 1.88 45.408005 11.888513 1
5.79 -7.53 1.86 22.52 1.88 45.408005 11.888513 1
6.03 -7.78 1.72 22.16 1.88 45.408005 11.888513 1
5.84 -7.45 1.85 22.84 1.88 45.408005 11.888513 1
5.91 -7.69 1.65 22.14 1.88 45.408005 11.888513 1
5.67 -8.42 1.64 21.95 1.88 45.408005 11.888513 1
5.53 -7.93 1.68 21.49 2.56 45.408008 11.888481 0
6.18 -8.07 1.73 22.07 2.56 45.408008 11.888481 1
6.12 -7.55 2.0 21.99 2.56 45.408008 11.888481 0
5.67 -7.52 1.72 22.36 2.56 45.408008 11.888481 1
6.54 -8.2 1.79 22.31 2.56 45.408008 11.888481 1
6.29 -7.29 1.89 22.62 2.56 45.408008 11.888481 1
6.47 -8.38 1.96 22.17 2.56 45.408008 11.888481 1
6.01 -8.03 1.77 22.0 2.56 45.408008 11.888481 1
