6.11 -7.84 1.74 22.0 3.0 45.408053 11.888506 1 0
5.78 -7.87 1.69 22.0 3.0 45.408053 11.888506 1 0
5.62 -8.03 1.59 22.45 3.0 45.408053 11.888506 1 0
5.82 -7.99 1.52 21.97 3.0 45.408053 11.888506 1 0
6.03 -7.67 1.54 22.52 3.0 45.408053 11.888506 1 0
5.95 -7.61 1.72 22.04 3.0 45.408053 11.888506 1 0
5.85 -7.87 2.04 22.05 3.0 45.408053 11.888506 1 0
5.99 -7.98 2.19 25.97 3.0 45.408053 11.888506 1 0
6.13 -7.87 1.99 22.16 3.0 45.408053 11.888506 1 0
6.07 -7.73 1.79 22.05 3.0 45.408053 11.888506 1 0
6.04 -7.59 1.89 22.48 3.0 45.408053 11.888506 1 0
6.1 -7.63 2.08 22.02 3.0 45.408053 11.888506 1 0
6.07 -7.92 2.08 22.47 3.0 45.408053 11.888506 1 0
5.9 -8.05 1.97 22.05 2.16 45.408052 11.888475 0 0
5.68 -7.88 1.88 22.12 2.16 45.408052 11.888475 1 0
5.55 -7.84 1.85 22.5 2.16 45.408052 11.888475 0 0
5.69 -7.99 1.85 22.31 2.16 45.408052 11.888475 1 0
6.0 -7.99 1.78 22.12 2.16 45.408052 11.888475 1 0
6.08 -7.89 1.59 22.23 2.16 45.408052 11.888475 1 0
5.95 -7.77 1.51 22.42 2.16 45.408052 11.888475 1 0
5.89 -7.49 1.69 22.52 2.16 45.408052 11.888475 1 0
5.85 -7.38 1.87 22.95 2.16 45.408052 11.888475 1 0
5.88 -7.82 1.83 24.04 2.16 45.408052 11.888475 1 0
6.2 -8.22 1.77 21.87 2.16 45.408052 11.888475 1 0
6.34 -8.03 1.82 22.47 2.16 45.408052 11.888475 1 0
5.73 -7.78 1.86 22.72 2.16 45.408052 11.888475 1 0
5.13 -7.84 1.77 22.72 2.16 45.408052 11.888475 1 0
5.5 -7.96 1.71 22.23 2.16 45.408052 11.888475 1 0
6.16 -8.21 1.76 21.8 2.16 45.408052 11.888475 1 0
6.17 -8.4 1.89 22.71 2.16 45.408052 11.888475 1 0
5.91 -7.78 1.96 23.07 2.44 45.408041 11.888442 0 0
5.99 -6.9 1.86 22.57 2.44 45.408041 11.888442 1 0
6.17 -7.22 1.65 21.85 2.44 45.408041 11.888442 1 0
6.19 -8.25 1.6 21.85 2.44 45.408041 11.888442 0 0
6.07 -8.27 1.78 21.85 2.44 45.408041 11.888442 1 0
