5.93 -7.87 1.62 22.66 1.5 45.406302 11.894120 1
5.83 -7.87 1.76 22.05 1.31 45.406305 11.894139 0
5.66 -8.15 1.29 22.24 1.31 45.406305 11.894139 1
6.04 -7.77 1.5 22.35 1.31 45.406305 11.894139 0
5.9 -8.16 1.4 21.87 1.31 45.406305 11.894139 1
5.75 -7.72 1.71 29.38 1.31 45.406305 11.894139 1
5.4 -8.04 1.64 22.45 1.31 45.406305 11.894139 1
5.9 -8.07 1.62 22.35 1.31 45.406305 11.894139 1
5.88 -7.89 2.36 21.81 1.31 45.406305 11.894139 1
6.1 -8.07 1.41 21.8 1.31 45.406305 11.894139 1
6.05 -8.0 1.81 22.42 1.31 45.406305 11.894139 1
5.64 -7.9 1.9 22.07 1.31 45.406305 11.894139 1
5.68 -7.71 1.82 22.45 1.31 45.406305 11.894139 1
5.83 -7.67 2.01 22.0 1.31 45.406305 11.894139 1
6.14 -8.06 1.81 22.0 1.31 45.406305 11.894139 1
5.81 -7.76 1.9 22.11 1.31 45.406305 11.894139 1
5.64 -7.81 1.57 22.14 1.31 45.406305 11.894139 1
5.43 -7.91 1.6 21.99 1.31 45.406305 11.894139 1
6.02 -8.23 1.7 23.2 1.31 45.406305 11.894139 1
5.83 -7.96 1.92 22.0 1.3 45.406303 11.894156 0
5.84 -7.55 1.8 23.15 1.3 45.406303 11.894156 1
5.61 -8.08 1.58 21.87 1.3 45.406303 11.894156 0
5.93 -7.77 1.69 22.23 1.3 45.406303 11.894156 1
5.91 -7.71 1.89 23.94 1.3 45.406303 11.894156 1
6.05 -7.87 1.78 22.4 1.3 45.406303 11.894156 1
5.92 -7.81 1.78 22.02 1.3 45.406303 11.894156 1
5.73 -7.99 1.61 21.92 1.3 45.406303 11.894156 1
5.64 -7.62 1.65 22.14 1.3 45.406303 11.894156 1
5.88 -7.99 1.31 22.09 1.3 45.406303 11.894156 1
6.04 -8.0 1.29 23.38 1.3 45.406303 11.894156 1
5.67 -7.87 1.63 22.57 1.3 45.406303 11.894156 1
5.74 -7.75 1.75 22.55 1.3 45.406303 11.894156 1
5.84 -8.15 1.63 22.45 1.3 45.406303 11.894156 1
5.92 -8.04 1.88 21.99 1.3 45.406303 11.894156 1
5.78 -7.63 2.04 22.02 1.3 45.406303 11.894156 1
