5.64 -7.92 1.55 22.93 2.48 45.406287 11.894028 1
5.65 -7.77 1.73 22.45 2.53 45.406296 11.894054 0
5.46 -8.2 1.89 21.75 2.53 45.406296 11.894054 1
6.02 -7.76 2.01 21.88 2.53 45.406296 11.894054 0
5.96 -8.01 1.9 22.28 2.53 45.406296 11.894054 1
5.96 -7.89 1.81 22.45 2.53 45.406296 11.894054 1
5.98 -7.49 1.98 23.22 2.53 45.406296 11.894054 1
5.52 -7.66 2.05 21.9 2.53 45.406296 11.894054 1
6.07 -7.97 2.03 21.85 2.53 45.406296 11.894054 1
6.12 -7.98 1.8 21.9 2.53 45.406296 11.894054 1
6.28 -7.49 1.74 22.05 2.53 45.406296 11.894054 1
5.23 -7.99 1.79 22.93 2.53 45.406296 11.894054 1
5.76 -7.89 1.74 22.0 2.53 45.406296 11.894054 1
5.59 -7.55 1.61 22.45 2.53 45.406296 11.894054 1
5.91 -8.09 1.66 23.31 2.53 45.406296 11.894054 1
5.68 -8.05 1.43 22.09 2.53 45.406296 11.894054 1
5.76 -7.66 1.54 26.03 2.53 45.406296 11.894054 1
5.81 -7.77 1.4 24.59 2.53 45.406296 11.894054 1
5.73 -7.95 1.68 23.12 2.53 45.406296 11.894054 1
6.05 -7.46 1.82 22.79 1.84 45.406301 11.894075 0
5.81 -8.25 1.42 22.69 1.84 45.406301 11.894075 1
6.28 -8.63 2.12 27.08 1.84 45.406301 11.894075 0
5.56 -7.75 2.12 21.78 1.84 45.406301 11.894075 1
5.58 -7.63 1.86 22.28 1.84 45.406301 11.894075 1
5.83 -8.25 1.75 22.17 1.84 45.406301 11.894075 1
5.68 -7.55 1.92 22.54 1.84 45.406301 11.894075 1
5.63 -8.11 1.95 23.22 1.84 45.406301 11.894075 1
5.58 -7.4 2.06 22.05 1.84 45.406301 11.894075 1
5.78 -8.1 1.98 22.91 1.84 45.406301 11.894075 1
6.07 -7.63 1.76 22.09 1.84 45.406301 11.894075 1
6.08 -7.98 1.47 22.5 1.84 45.406301 11.894075 1
6.18 -7.7 2.04 22.48 1.84 45.406301 11.894075 1
5.93 -7.96 1.89 22.09 1.84 45.406301 11.894075 1
5.56 -7.62 1.8 22.42 1.84 45.406301 11.894075 1
5.72 -8.8 1.89 21.54 1.84 45.406301 11.894075 1
