5.87 -7.85 1.75 22.4 2.66 45.406374 11.895057 1 0
5.91 -7.82 1.85 22.35 2.87 45.406376 11.895088 0 0
5.97 -7.75 1.79 21.93 2.87 45.406376 11.895088 1 0
5.91 -7.8 1.62 21.93 2.87 45.406376 11.895088 0 0
5.81 -7.95 1.63 21.88 2.87 45.406376 11.895088 1 0
5.88 -7.97 1.8 21.85 2.87 45.406376 11.895088 1 0
5.97 -7.81 1.85 21.95 2.87 45.406376 11.895088 1 0
5.82 -7.66 1.8 22.4 2.87 45.406376 11.895088 1 0
5.68 -7.7 1.84 22.29 2.87 45.406376 11.895088 1 0
5.84 -7.93 1.88 21.68 2.87 45.406376 11.895088 1 0
6.01 -8.22 1.78 22.09 2.87 45.406376 11.895088 1 0
5.91 -8.31 1.63 21.8 2.87 45.406376 11.895088 1 0
5.73 -8.0 1.59 22.76 2.87 45.406376 11.895088 1 0
5.72 -7.63 1.64 22.17 2.87 45.406376 11.895088 1 0
5.82 -7.75 1.72 22.11 2.87 45.406376 11.895088 1 0
5.85 -8.16 1.81 22.05 2.87 45.406376 11.895088 1 0
5.81 -8.2 1.81 21.95 2.87 45.406376 11.895088 1 0
5.74 -7.97 1.73 21.75 2.87 45.406376 11.895088 1 0
5.69 -7.94 1.72 21.87 2.71 45.406377 11.895123 0 0
5.74 -7.94 1.77 22.29 2.71 45.406377 11.895123 1 0
5.83 -7.76 1.8 21.83 2.71 45.406377 11.895123 0 0
5.86 -7.79 1.78 21.51 2.71 45.406377 11.895123 1 0
5.83 -8.05 1.73 22.81 2.71 45.406377 11.895123 1 0
5.78 -8.01 1.73 22.35 2.71 45.406377 11.895123 1 0
5.72 -7.75 1.81 22.04 2.71 45.406377 11.895123 1 0
5.76 -7.78 1.85 21.95 2.71 45.406377 11.895123 1 0
5.88 -7.99 1.72 22.47 2.71 45.406377 11.895123 1 0
5.89 -8.0 1.61 22.04 2.71 45.406377 11.895123 1 0
5.76 -7.9 1.7 22.5 2.71 45.406377 11.895123 1 0
5.71 -7.89 1.77 22.07 2.71 45.406377 11.895123 1 0
5.79 -7.9 1.72 22.09 2.71 45.406377 11.895123 1 0
5.83 -7.86 1.77 22.11 2.71 45.406377 11.895123 1 0
5.77 -7.87 1.91 22.05 2.71 45.406377 11.895123 1 0
5.72 -7.91 1.83 22.43 2.71 45.406377 11.895123 1 0
5.71 -7.96 1.65 21.95 2.71 45.406377 11.895123 1 0
