5.83 -8.25 2.02 21.85 2.79 45.398345 11.877932 0
6.19 -8.02 1.66 21.85 2.79 45.398345 11.877932 0
6.02 -7.33 1.95 21.85 2.79 45.398345 11.877932 0
6.09 -7.73 1.84 22.07 2.79 45.398345 11.877932 0
5.89 -7.84 1.88 22.21 2.79 45.398345 11.877932 0
5.91 -7.50 1.86 22.23 2.79 45.398345 11.877932 0
6.40 -7.69 2.05 22.16 2.79 45.398345 11.877932 0
6.24 -7.55 1.83 21.64 2.79 45.398345 11.877932 0
6.19 -7.91 2.02 21.92 2.79 45.398345 11.877932 0
6.25 -7.90 2.28 22.42 2.79 45.398345 11.877932 0
6.13 -7.48 2.26 22.00 2.79 45.398345 11.877932 0
6.04 -7.59 2.16 21.95 2.79 45.398345 11.877932 0
5.68 -7.81 2.09 21.90 3.06 45.398370 11.877930 1
5.58 -8.15 1.84 22.29 3.06 45.398370 11.877930 0
6.08 -7.60 1.48 22.31 3.06 45.398370 11.877930 0
6.14 -7.75 1.60 22.00 3.06 45.398370 11.877930 1
6.09 -7.79 1.74 22.35 3.06 45.398370 11.877930 0
5.79 -7.90 1.82 21.73 3.06 45.398370 11.877930 0
6.04 -7.46 1.67 22.16 3.06 45.398370 11.877930 0
6.26 -7.75 1.83 21.90 3.06 45.398370 11.877930 0
6.51 -7.68 1.94 21.95 3.06 45.398370 11.877930 0
6.44 -7.59 1.86 22.52 3.06 45.398370 11.877930 0
6.18 -7.76 1.95 22.14 3.06 45.398370 11.877930 0
6.02 -7.67 2.06 22.12 3.06 45.398370 11.877930 0
5.81 -7.80 1.64 22.21 3.06 45.398370 11.877930 0
6.12 -8.10 1.55 22.16 3.06 45.398370 11.877930 0
5.95 -7.75 1.50 22.21 3.06 45.398370 11.877930 0
5.90 -7.87 1.61 22.16 3.06 45.398370 11.877930 0
5.93 -7.94 1.66 22.07 3.06 45.398370 11.877930 0
5.99 -7.48 1.94 21.95 3.06 45.398370 11.877930 0
5.95 -8.11 1.49 22.11 3.23 45.398399 11.877925 1
5.74 -7.78 2.02 22.02 3.23 45.398399 11.877925 0
6.02 -7.95 1.75 21.90 3.23 45.398399 11.877925 1
6.01 -7.74 1.73 22.05 3.23 45.398399 11.877925 0
6.25 -7.79 1.88 22.05 3.23 45.398399 11.877925 0
6.15 -7.56 1.89 22.50 3.23 45.398399 11.877925 0
5.91 -7.69 1.99 22.47 3.23 45.398399 11.877925 0
5.94 -8.04 1.99 21.95 3.23 45.398399 11.877925 0
5.64 -7.88 1.84 22.11 3.23 45.398399 11.877925 0
5.81 -8.05 1.92 21.63 3.23 45.398399 11.877925 0
5.97 -7.88 2.01 22.16 3.23 45.398399 11.877925 0
5.65 -7.81 2.05 22.17 3.23 45.398399 11.877925 0
5.69 -7.86 1.88 22.05 3.23 45.398399 11.877925 0
5.92 -8.08 1.92 22.52 3.23 45.398399 11.877925 0
5.92 -7.83 2.07 22.52 3.23 45.398399 11.877925 0
5.90 -7.39 2.06 22.07 3.23 45.398399 11.877925 0
5.97 -7.66 2.06 21.85 3.23 45.398399 11.877925 0
5.73 -7.94 1.68 21.95 3.36 45.398430 11.877920 1
5.98 -7.91 2.00 22.02 3.36 45.398430 11.877920 0
6.01 -7.85 1.88 22.52 3.36 45.398430 11.877920 1
5.83 -7.44 1.90 21.51 3.36 45.398430 11.877920 0
6.31 -8.01 1.51 22.29 3.36 45.398430 11.877920 0
6.22 -7.90 1.44 23.38 3.36 45.398430 11.877920 0
5.93 -7.88 1.77 21.88 3.36 45.398430 11.877920 0
5.89 -8.04 1.60 22.50 3.36 45.398430 11.877920 0
5.48 -7.94 1.79 22.21 3.36 45.398430 11.877920 0
5.76 -7.93 1.66 22.28 3.36 45.398430 11.877920 0
5.80 -7.85 1.59 22.57 3.36 45.398430 11.877920 0
6.02 -8.09 2.02 21.92 3.36 45.398430 11.877920 0
6.24 -8.17 1.88 21.97 3.36 45.398430 11.877920 0
2.48 -7.03 1.76 21.23 3.36 45.398430 11.877920 0
6.66 -6.55 0.76 23.62 3.36 45.398430 11.877920 0
6.72 -8.00 2.44 22.43 3.36 45.398430 11.877920 0
5.50 -7.12 1.54 23.84 3.36 45.398430 11.877920 0
5.37 -7.83 2.06 22.76 3.36 45.398430 11.877920 0
4.87 -7.07 1.61 21.78 3.14 45.398458 11.877910 1
6.45 -8.33 4.66 21.37 3.14 45.398458 11.877910 0
7.68 -11.30 1.38 21.80 3.14 45.398458 11.877910 1
5.06 -7.93 1.40 22.05 3.14 45.398458 11.877910 0
5.60 -6.40 2.16 22.14 3.14 45.398458 11.877910 0
5.90 -7.11 2.34 22.47 3.14 45.398458 11.877910 0
5.57 -8.29 1.85 21.90 3.14 45.398458 11.877910 0
5.84 -8.26 1.83 22.07 3.14 45.398458 11.877910 0
6.43 -7.80 2.10 22.42 3.14 45.398458 11.877910 0
5.38 -7.89 2.17 22.11 3.14 45.398458 11.877910 0
5.60 -7.97 1.77 22.33 3.14 45.398458 11.877910 0
5.86 -7.69 2.25 22.28 3.14 45.398458 11.877910 0
6.13 -7.70 1.90 22.47 3.14 45.398458 11.877910 0
5.78 -6.99 2.18 21.95 3.14 45.398458 11.877910 0
6.11 -9.14 1.79 21.95 3.14 45.398458 11.877910 0
5.44 -7.70 2.33 22.55 3.14 45.398458 11.877910 0
5.62 -7.58 2.14 22.91 3.14 45.398458 11.877910 0
5.41 -7.88 1.75 22.04 3.13 45.398480 11.877897 1
5.96 -8.07 1.81 21.85 3.13 45.398480 11.877897 0
6.70 -7.92 0.74 21.95 3.13 45.398480 11.877897 1
6.14 -8.33 1.51 21.99 3.13 45.398480 11.877897 0
3.37 -6.07 1.35 22.14 3.13 45.398480 11.877897 0
11.22 -16.78 -0.93 20.97 3.13 45.398480 11.877897 0
7.20 -6.83 0.58 21.52 3.13 45.398480 11.877897 0
7.72 -6.22 2.08 25.88 3.13 45.398480 11.877897 0
4.97 -9.50 2.17 25.40 3.13 45.398480 11.877897 0
5.58 -8.89 1.56 22.40 3.13 45.398480 11.877897 0
4.81 -1.94 2.45 21.73 3.13 45.398480 11.877897 0
19.61 -14.90 2.35 21.35 3.13 45.398480 11.877897 0
3.55 -6.77 9.10 22.91 3.13 45.398480 11.877897 0
5.07 -6.18 1.95 21.87 3.13 45.398480 11.877897 0
5.60 -7.48 2.52 22.16 3.13 45.398480 11.877897 0
5.26 -8.55 1.81 22.31 3.13 45.398480 11.877897 0
5.69 -8.46 1.38 22.14 3.13 45.398480 11.877897 0
5.49 -7.21 2.09 21.66 3.02 45.398506 11.877883 1
6.13 -8.23 2.15 21.85 3.02 45.398506 11.877883 0
5.73 -7.89 1.94 21.90 3.02 45.398506 11.877883 1
5.96 -8.01 2.53 22.02 3.02 45.398506 11.877883 0
6.15 -7.57 1.53 22.04 3.02 45.398506 11.877883 0
5.73 -7.40 1.94 22.02 3.02 45.398506 11.877883 0
6.19 -7.83 1.88 22.00 3.02 45.398506 11.877883 0
6.31 -7.98 1.67 21.64 3.02 45.398506 11.877883 0
5.77 -8.05 1.85 22.09 3.02 45.398506 11.877883 0
5.36 -7.50 1.57 22.31 3.02 45.398506 11.877883 0
5.87 -8.01 2.03 21.59 3.02 45.398506 11.877883 0
5.97 -8.16 1.62 21.57 3.02 45.398506 11.877883 0
5.61 -7.83 1.83 22.05 3.02 45.398506 11.877883 0
6.04 -7.90 1.99 22.62 3.02 45.398506 11.877883 0
5.95 -7.75 1.88 22.16 3.02 45.398506 11.877883 0
5.87 -7.39 2.12 22.11 3.02 45.398506 11.877883 0
6.17 -7.65 1.87 22.00 3.02 45.398506 11.877883 0
6.28 -7.70 1.60 21.78 3.02 45.398506 11.877883 0
6.12 -7.69 2.01 21.95 3.08 45.398533 11.877873 1
6.39 -7.88 1.72 21.95 3.08 45.398533 11.877873 0
5.72 -7.86 1.77 22.52 3.08 45.398533 11.877873 1
5.90 -7.86 2.08 22.47 3.08 45.398533 11.877873 0
5.89 -8.03 2.02 22.16 3.08 45.398533 11.877873 0
5.76 -7.71 2.02 21.15 3.08 45.398533 11.877873 0
5.99 -7.79 1.70 22.47 3.08 45.398533 11.877873 0
5.84 -8.03 1.60 21.52 3.08 45.398533 11.877873 0
5.90 -8.16 2.11 22.47 3.08 45.398533 11.877873 0
5.87 -7.64 2.03 22.16 3.08 45.398533 11.877873 0
5.96 -7.87 1.94 22.23 3.08 45.398533 11.877873 0
6.19 -7.37 1.73 22.17 3.08 45.398533 11.877873 0
5.66 -7.92 1.83 22.04 3.08 45.398533 11.877873 0
6.23 -7.89 1.70 22.00 3.08 45.398533 11.877873 0
6.03 -8.20 1.86 21.87 3.08 45.398533 11.877873 0
5.94 -7.81 1.84 22.21 3.08 45.398533 11.877873 0
6.04 -7.72 1.91 21.73 3.08 45.398533 11.877873 0
5.33 -7.46 1.42 22.12 3.04 45.398559 11.877867 1
5.88 -8.31 1.43 22.16 3.04 45.398559 11.877867 0
6.00 -8.10 1.67 22.00 3.04 45.398559 11.877867 1
5.92 -8.00 1.81 21.95 3.04 45.398559 11.877867 0
