6.29 -8.23 1.96 21.54 3.08 45.398357 11.877915 1
6.04 -8.37 2.09 21.16 3.08 45.398357 11.877915 0
6.11 -8.47 2.14 21.35 3.08 45.398357 11.877915 0
5.78 -8.36 2.23 21.47 3.08 45.398357 11.877915 0
5.75 -8.42 2.19 21.57 3.08 45.398357 11.877915 0
5.26 -8.88 1.54 21.21 3.08 45.398357 11.877915 0
5.36 -8.45 1.40 21.47 3.08 45.398357 11.877915 0
5.32 -8.29 1.91 21.57 3.08 45.398357 11.877915 0
5.65 -7.78 2.57 21.92 3.08 45.398357 11.877915 0
5.76 -7.37 2.80 22.02 3.08 45.398357 11.877915 0
6.06 -7.49 1.92 22.05 3.08 45.398357 11.877915 0
6.12 -7.18 1.98 22.00 3.08 45.398357 11.877915 0
6.36 -7.65 1.31 22.11 3.08 45.398357 11.877915 0
6.27 -7.57 1.59 22.17 3.08 45.398357 11.877915 0
6.49 -7.66 1.40 21.97 3.08 45.398357 11.877915 0
6.45 -7.38 1.55 22.04 2.74 45.398381 11.877922 1
6.32 -7.66 1.61 21.61 2.74 45.398381 11.877922 0
5.84 -7.81 1.56 21.83 2.74 45.398381 11.877922 1
5.75 -8.15 1.77 21.97 2.74 45.398381 11.877922 0
5.96 -7.95 1.91 21.95 2.74 45.398381 11.877922 0
6.24 -7.82 1.67 22.59 2.74 45.398381 11.877922 0
6.03 -7.84 1.33 21.97 2.74 45.398381 11.877922 0
5.78 -7.80 1.84 22.02 2.74 45.398381 11.877922 0
5.83 -8.10 2.27 22.17 2.74 45.398381 11.877922 0
5.86 -7.89 1.89 22.04 2.74 45.398381 11.877922 0
5.99 -7.82 1.93 22.23 2.74 45.398381 11.877922 0
6.09 -7.74 1.81 22.12 2.74 45.398381 11.877922 0
6.15 -7.65 1.73 22.17 2.74 45.398381 11.877922 0
5.93 -7.59 1.96 22.12 2.74 45.398381 11.877922 0
6.10 -7.73 1.79 22.11 2.74 45.398381 11.877922 0
6.03 -8.09 1.77 21.75 2.74 45.398381 11.877922 0
5.95 -7.87 1.67 22.09 2.74 45.398381 11.877922 0
5.52 -7.85 1.37 22.05 3.06 45.398406 11.877921 1
6.02 -8.00 1.47 22.02 3.06 45.398406 11.877921 0
5.88 -7.94 1.65 21.52 3.06 45.398406 11.877921 1
6.26 -7.70 1.31 21.87 3.06 45.398406 11.877921 0
5.90 -7.71 1.56 21.97 3.06 45.398406 11.877921 0
5.87 -7.60 1.42 21.92 3.06 45.398406 11.877921 0
6.24 -7.76 1.69 21.47 3.06 45.398406 11.877921 0
6.09 -7.58 2.18 21.83 3.06 45.398406 11.877921 0
5.89 -7.66 1.59 21.80 3.06 45.398406 11.877921 0
5.88 -7.92 1.80 22.00 3.06 45.398406 11.877921 0
6.13 -7.63 2.23 22.04 3.06 45.398406 11.877921 0
6.20 -7.39 1.98 22.07 3.06 45.398406 11.877921 0
5.91 -7.92 2.46 22.12 3.06 45.398406 11.877921 0
5.91 -7.85 1.96 22.12 3.06 45.398406 11.877921 0
6.09 -7.94 1.86 22.52 3.06 45.398406 11.877921 0
5.70 -8.04 1.59 22.17 3.06 45.398406 11.877921 0
5.90 -8.15 1.68 21.78 3.06 45.398406 11.877921 0
5.95 -7.58 1.73 22.14 3.06 45.398406 11.877921 0
6.14 -7.54 1.71 22.47 3.48 45.398432 11.877916 1
6.14 -7.93 1.83 21.93 3.48 45.398432 11.877916 0
5.94 -7.89 1.90 22.17 3.48 45.398432 11.877916 1
4.35 -6.86 2.64 21.20 3.48 45.398432 11.877916 0
7.77 -9.85 1.65 22.50 3.48 45.398432 11.877916 0
5.34 -6.80 -0.01 21.97 3.48 45.398432 11.877916 0
6.04 -6.49 1.84 23.75 3.48 45.398432 11.877916 0
5.28 -7.94 0.99 23.39 3.48 45.398432 11.877916 0
4.20 -3.38 1.97 22.21 3.48 45.398432 11.877916 0
7.99 -11.10 -0.87 23.55 3.48 45.398432 11.877916 0
5.97 -9.47 1.86 22.02 3.48 45.398432 11.877916 0
5.45 -6.67 2.52 22.23 3.48 45.398432 11.877916 0
5.42 -6.25 3.42 22.17 3.48 45.398432 11.877916 0
5.66 -7.41 2.21 22.38 3.48 45.398432 11.877916 0
5.84 -7.73 1.82 21.68 3.48 45.398432 11.877916 0
6.92 -8.26 3.11 23.19 3.48 45.398432 11.877916 0
5.69 -7.96 1.51 22.31 3.48 45.398432 11.877916 0
5.72 -7.51 2.03 22.35 3.37 45.398457 11.877910 1
5.45 -7.89 2.40 21.97 3.37 45.398457 11.877910 0
6.13 -7.37 1.61 22.24 3.37 45.398457 11.877910 1
6.54 -9.11 1.90 22.17 3.37 45.398457 11.877910 0
5.77 -7.67 1.39 22.04 3.37 45.398457 11.877910 0
5.43 -8.02 2.35 22.45 3.37 45.398457 11.877910 0
6.05 -7.49 1.68 21.92 3.37 45.398457 11.877910 0
6.11 -7.84 1.41 21.87 3.37 45.398457 11.877910 0
6.37 -7.92 1.61 21.88 3.37 45.398457 11.877910 0
6.07 -7.04 1.23 22.17 3.37 45.398457 11.877910 0
2.39 -10.45 0.98 20.96 3.37 45.398457 11.877910 0
7.99 -4.80 5.04 22.07 3.37 45.398457 11.877910 0
6.03 -8.20 2.16 23.92 3.37 45.398457 11.877910 0
4.11 -8.49 -0.08 25.79 3.37 45.398457 11.877910 0
4.20 -8.99 1.53 21.78 3.37 45.398457 11.877910 0
2.64 -3.04 2.15 20.92 3.37 45.398457 11.877910 0
1.49 -8.02 3.72 21.37 3.37 45.398457 11.877910 0
7.28 -7.66 3.43 21.88 3.37 45.398457 11.877910 0
6.14 -6.51 -0.79 21.95 3.40 45.398485 11.877895 1
6.06 -6.90 1.42 22.11 3.40 45.398485 11.877895 0
5.09 -7.82 2.03 22.07 3.40 45.398485 11.877895 1
5.37 -7.15 1.83 21.93 3.40 45.398485 11.877895 0
6.33 -8.31 2.11 21.87 3.40 45.398485 11.877895 0
6.19 -7.93 1.74 22.40 3.40 45.398485 11.877895 0
6.03 -7.55 2.01 22.54 3.40 45.398485 11.877895 0
5.73 -7.59 2.42 21.87 3.40 45.398485 11.877895 0
5.75 -8.13 2.05 22.12 3.40 45.398485 11.877895 0
5.74 -8.04 1.64 22.57 3.40 45.398485 11.877895 0
6.12 -7.47 1.67 22.19 3.40 45.398485 11.877895 0
6.09 -7.18 1.43 22.07 3.40 45.398485 11.877895 0
6.67 -7.42 1.73 21.97 3.40 45.398485 11.877895 0
6.76 -8.09 1.75 22.07 3.40 45.398485 11.877895 0
5.52 -7.85 1.59 22.23 3.40 45.398485 11.877895 0
5.68 -8.05 1.32 22.23 3.40 45.398485 11.877895 0
6.14 -7.32 1.31 21.81 3.40 45.398485 11.877895 0
6.62 -7.65 1.69 21.73 3.57 45.398514 11.877880 1
6.10 -8.09 1.66 21.97 3.57 45.398514 11.877880 0
5.61 -8.02 1.94 22.02 3.57 45.398514 11.877880 0
5.69 -8.15 2.10 22.02 3.57 45.398514 11.877880 1
5.87 -7.87 1.67 22.90 3.57 45.398514 11.877880 0
6.26 -7.89 1.40 22.14 3.57 45.398514 11.877880 0
5.62 -7.62 1.27 21.95 3.57 45.398514 11.877880 0
6.14 -8.09 1.50 22.00 3.57 45.398514 11.877880 0
6.20 -7.77 1.72 21.92 3.57 45.398514 11.877880 0
6.07 -7.72 1.78 22.17 3.57 45.398514 11.877880 0
5.89 -7.95 2.05 21.80 3.57 45.398514 11.877880 0
5.91 -7.18 2.80 22.19 3.57 45.398514 11.877880 0
5.91 -8.00 2.03 22.40 3.57 45.398514 11.877880 0
5.46 -8.63 1.76 22.38 3.57 45.398514 11.877880 0
5.97 -8.04 1.67 22.59 3.57 45.398514 11.877880 0
