5.62 -7.6 1.73 22.38 1.66 45.406317 11.894193 1
6.07 -7.89 1.81 21.52 1.66 45.406317 11.894193 1
5.99 -7.89 1.68 21.73 1.66 45.406317 11.894193 1
6.12 -8.09 1.61 21.83 1.66 45.406317 11.894193 1
5.94 -7.88 1.96 22.35 1.66 45.406317 11.894193 1
5.6 -7.6 2.07 22.04 1.66 45.406317 11.894193 1
5.8 -7.66 2.13 22.09 1.66 45.406317 11.894193 1
5.76 -7.79 1.69 22.9 1.66 45.406317 11.894193 1
5.78 -7.84 1.91 22.55 1.66 45.406317 11.894193 1
5.55 -8.05 1.92 22.21 1.66 45.406317 11.894193 1
5.53 -7.6 1.84 22.12 1.66 45.406317 11.894193 1
5.66 -7.89 1.83 22.0 1.66 45.406317 11.894193 1
6.0 -8.01 1.76 22.74 1.66 45.406317 11.894193 1
5.64 -8.23 1.98 22.35 1.66 45.406317 11.894193 1
5.69 -7.71 1.42 22.04 1.63 45.406313 11.894215 0
5.84 -7.93 1.43 22.04 1.63 45.406313 11.894215 1
5.87 -7.62 1.97 22.0 1.63 45.406313 11.894215 0
5.71 -8.04 1.92 22.04 1.63 45.406313 11.894215 1
6.16 -7.72 1.95 21.99 1.63 45.406313 11.894215 1
5.81 -7.68 1.9 22.4 1.63 45.406313 11.894215 1
5.62 -8.15 1.69 21.97 1.63 45.406313 11.894215 1
5.74 -8.06 1.66 22.28 1.63 45.406313 11.894215 1
6.02 -8.1 1.77 22.45 1.63 45.406313 11.894215 1
5.85 -8.0 1.87 22.55 1.63 45.406313 11.894215 1
5.57 -7.9 1.81 22.14 1.63 45.406313 11.894215 1
5.65 -8.21 1.96 22.14 1.63 45.406313 11.894215 1
5.84 -7.97 1.71 22.07 1.63 45.406313 11.894215 1
5.65 -8.11 1.71 22.09 1.63 45.406313 11.894215 1
5.73 -8.22 1.98 22.04 1.63 45.406313 11.894215 1
5.49 -7.85 2.12 22.09 1.63 45.406313 11.894215 1
5.36 -7.99 2.18 21.44 1.63 45.406313 11.894215 1
5.55 -8.01 1.96 21.85 2.36 45.406312 11.894249 0
6.12 -7.81 1.58 21.93 2.36 45.406312 11.894249 1
5.7 -7.86 1.79 21.99 2.36 45.406312 11.894249 0
5.42 -8.16 2.15 22.0 2.36 45.406312 11.894249 1
