5.8 -8.1 1.87 21.93 1.52 45.406341 11.894151 1
5.81 -7.56 1.8 21.93 1.52 45.406341 11.894151 1
5.9 -7.44 1.57 22.04 1.52 45.406341 11.894151 1
6.08 -7.9 1.49 22.04 1.52 45.406341 11.894151 1
5.93 -7.79 1.87 22.04 1.52 45.406341 11.894151 1
5.69 -7.88 1.85 21.88 1.52 45.406341 11.894151 1
6.05 -7.79 1.92 21.54 1.52 45.406341 11.894151 1
5.91 -8.15 1.56 21.61 1.52 45.406341 11.894151 1
5.84 -7.64 1.62 22.14 1.52 45.406341 11.894151 1
5.47 -7.81 1.67 22.09 1.52 45.406341 11.894151 1
5.72 -7.98 1.65 21.59 1.52 45.406341 11.894151 1
6.08 -7.76 1.84 22.05 1.52 45.406341 11.894151 1
5.8 -7.88 1.46 21.57 1.52 45.406341 11.894151 1
5.99 -7.73 1.9 21.57 1.52 45.406341 11.894151 1
5.83 -7.74 1.88 21.88 1.37 45.406327 11.894168 0
6.22 -7.6 1.73 21.83 1.37 45.406327 11.894168 1
5.71 -8.22 1.98 21.37 1.37 45.406327 11.894168 0
5.79 -7.91 2.04 21.42 1.37 45.406327 11.894168 1
5.71 -7.99 1.73 21.52 1.37 45.406327 11.894168 1
5.44 -7.47 1.82 21.88 1.37 45.406327 11.894168 1
5.77 -8.05 2.07 21.27 1.37 45.406327 11.894168 1
5.85 -7.93 1.89 21.71 1.37 45.406327 11.894168 1
6.1 -7.82 1.97 22.29 1.37 45.406327 11.894168 1
5.81 -7.76 2.02 22.72 1.37 45.406327 11.894168 1
5.48 -6.88 1.97 23.12 1.37 45.406327 11.894168 1
6.08 -8.05 1.68 22.5 1.37 45.406327 11.894168 1
6.25 -7.89 1.86 22.04 1.37 45.406327 11.894168 1
5.99 -8.11 1.81 22.12 1.37 45.406327 11.894168 1
6.07 -7.95 1.91 22.6 1.37 45.406327 11.894168 1
5.67 -7.7 2.15 22.14 1.37 45.406327 11.894168 1
5.94 -8.24 1.66 22.04 1.37 45.406327 11.894168 1
5.69 -7.88 1.7 22.9 1.66 45.406317 11.894193 0
5.16 -7.82 1.67 22.04 1.66 45.406317 11.894193 1
6.05 -7.93 1.69 22.45 1.66 45.406317 11.894193 0
5.74 -7.73 1.82 22.33 1.66 45.406317 11.894193 1
