6.09 -8.14 1.67 22.91 2.08 45.406323 11.894021 1
5.9 -7.73 1.58 22.54 2.08 45.406323 11.894021 1
5.98 -7.68 1.75 21.75 2.08 45.406323 11.894021 1
5.86 -7.77 1.62 21.99 2.08 45.406323 11.894021 1
6.18 -7.89 2.18 22.14 2.08 45.406323 11.894021 1
5.74 -8.05 2.04 22.09 2.08 45.406323 11.894021 1
5.65 -7.88 1.64 26.15 2.08 45.406323 11.894021 1
5.41 -7.79 1.56 22.55 2.08 45.406323 11.894021 1
5.78 -7.7 2.03 22.91 2.08 45.406323 11.894021 1
5.95 -8.01 2.16 22.42 2.08 45.406323 11.894021 1
6.02 -8.05 1.83 22.83 2.08 45.406323 11.894021 1
5.76 -7.5 2.07 22.93 2.08 45.406323 11.894021 1
6.15 -7.96 1.91 22.45 2.08 45.406323 11.894021 1
5.88 -7.63 1.53 23.31 2.35 45.406336 11.894039 0
5.71 -7.54 1.36 22.76 2.35 45.406336 11.894039 1
5.98 -7.62 1.57 23.08 2.35 45.406336 11.894039 1
5.8 -8.23 1.82 21.81 2.35 45.406336 11.894039 0
5.96 -7.43 1.95 22.79 2.35 45.406336 11.894039 1
5.45 -7.81 1.62 21.95 2.35 45.406336 11.894039 1
5.55 -7.37 1.7 21.95 2.35 45.406336 11.894039 1
5.83 -7.62 1.7 21.95 2.35 45.406336 11.894039 1
6.1 -8.34 1.57 22.42 2.35 45.406336 11.894039 1
5.9 -7.5 1.63 22.6 2.35 45.406336 11.894039 1
5.92 -7.51 2.29 24.64 2.35 45.406336 11.894039 1
5.78 -8.07 1.67 22.88 2.35 45.406336 11.894039 1
6.1 -7.55 1.97 26.93 2.35 45.406336 11.894039 1
6.23 -7.77 1.58 23.07 2.35 45.406336 11.894039 1
5.7 -7.8 1.87 23.0 2.35 45.406336 11.894039 1
5.81 -7.96 2.0 22.48 2.35 45.406336 11.894039 1
5.78 -7.98 1.61 21.99 2.35 45.406336 11.894039 1
5.77 -8.17 2.03 22.71 2.35 45.406336 11.894039 1
5.56 -7.89 1.95 22.9 2.27 45.406346 11.894061 0
5.87 -8.03 1.81 22.43 2.27 45.406346 11.894061 1
5.74 -7.86 1.7 21.95 2.27 45.406346 11.894061 0
6.15 -8.19 1.86 22.38 2.27 45.406346 11.894061 1
