5.62 -6.97 2.1 21.9 1.57 45.406346 11.894108 1
6.2 -7.81 1.98 21.8 1.57 45.406346 11.894108 1
6.43 -8.14 1.91 21.8 1.57 45.406346 11.894108 1
6.16 -7.91 1.96 21.95 1.57 45.406346 11.894108 1
5.78 -7.9 1.96 22.05 1.57 45.406346 11.894108 1
5.59 -7.81 1.91 22.6 1.57 45.406346 11.894108 1
5.63 -7.52 1.88 22.88 1.57 45.406346 11.894108 1
5.85 -7.77 1.83 22.36 1.57 45.406346 11.894108 1
6.0 -8.37 1.82 22.19 1.57 45.406346 11.894108 1
5.87 -8.36 1.95 22.19 1.57 45.406346 11.894108 1
5.66 -7.74 2.05 22.78 1.57 45.406346 11.894108 1
5.74 -7.42 1.9 24.75 1.57 45.406346 11.894108 1
6.08 -7.73 1.74 22.29 1.57 45.406346 11.894108 1
6.27 -8.13 1.8 22.95 1.57 45.406346 11.894108 1
6.07 -8.08 1.88 21.73 1.88 45.406345 11.894129 0
5.72 -7.69 1.84 21.9 1.88 45.406345 11.894129 1
5.64 -7.6 1.8 22.29 1.88 45.406345 11.894129 0
5.82 -7.93 1.8 21.76 1.88 45.406345 11.894129 1
5.9 -8.01 1.79 22.71 1.88 45.406345 11.894129 1
5.75 -7.73 1.85 21.93 1.88 45.406345 11.894129 1
5.65 -7.76 1.96 22.23 1.88 45.406345 11.894129 1
5.83 -8.02 1.85 21.99 1.88 45.406345 11.894129 1
6.07 -7.87 1.63 22.55 1.88 45.406345 11.894129 1
6.09 -7.59 1.7 22.14 1.88 45.406345 11.894129 1
5.95 -7.71 1.97 22.09 1.88 45.406345 11.894129 1
5.89 -7.88 2.05 22.11 1.88 45.406345 11.894129 1
5.91 -7.8 1.99 22.07 1.88 45.406345 11.894129 1
5.89 -7.85 2.09 22.09 1.88 45.406345 11.894129 1
5.83 -8.01 2.2 23.31 1.88 45.406345 11.894129 1
5.81 -7.9 2.11 22.04 1.88 45.406345 11.894129 1
5.79 -7.78 1.98 21.95 1.88 45.406345 11.894129 1
5.75 -7.88 1.93 22.36 1.52 45.406341 11.894151 0
5.76 -7.83 1.85 21.97 1.52 45.406341 11.894151 1
5.8 -7.69 1.76 21.99 1.52 45.406341 11.894151 0
5.78 -7.83 1.82 22.71 1.52 45.406341 11.894151 1
