5.76 -7.61 1.71 22.04 2.7 45.407862 11.899673 1
5.5 -7.9 1.76 22.09 2.7 45.407862 11.899673 1
5.66 -8.23 1.96 21.61 2.7 45.407862 11.899673 1
5.76 -8.09 2.22 22.04 2.7 45.407862 11.899673 1
5.72 -7.9 2.21 22.04 2.7 45.407862 11.899673 1
5.93 -7.91 1.93 22.05 2.7 45.407862 11.899673 1
6.28 -7.67 1.68 21.95 2.7 45.407862 11.899673 1
6.28 -7.43 1.7 22.04 2.7 45.407862 11.899673 1
5.95 -7.72 2.01 22.35 2.7 45.407862 11.899673 1
5.86 -8.04 2.38 21.88 2.7 45.407862 11.899673 1
6.12 -7.72 2.4 21.83 2.3 45.407867 11.899705 0
6.25 -7.33 2.12 21.88 2.3 45.407867 11.899705 1
6.04 -7.55 2.11 21.47 2.3 45.407867 11.899705 0
5.82 -7.96 2.41 21.85 2.3 45.407867 11.899705 1
5.74 -7.95 2.35 21.92 2.3 45.407867 11.899705 1
5.61 -7.8 1.82 21.99 2.3 45.407867 11.899705 1
5.52 -7.92 1.58 21.95 2.3 45.407867 11.899705 1
5.76 -8.09 1.82 21.63 2.3 45.407867 11.899705 1
6.12 -7.94 1.96 22.05 2.3 45.407867 11.899705 1
6.2 -7.7 1.82 22.04 2.3 45.407867 11.899705 1
6.13 -7.71 1.67 22.02 2.3 45.407867 11.899705 1
6.23 -7.81 1.61 21.99 2.3 45.407867 11.899705 1
6.38 -7.73 1.63 22.04 2.3 45.407867 11.899705 1
6.3 -7.61 1.75 22.09 2.3 45.407867 11.899705 1
6.18 -7.54 1.81 22.02 2.3 45.407867 11.899705 1
6.29 -7.4 1.73 22.04 2.3 45.407867 11.899705 1
6.41 -7.39 1.72 21.83 2.3 45.407867 11.899705 1
6.14 -7.84 1.85 21.73 2.8 45.407867 11.899742 0
5.51 -8.43 1.89 21.83 2.8 45.407867 11.899742 1
5.0 -8.58 1.77 21.47 2.8 45.407867 11.899742 1
4.9 -8.44 1.72 21.47 2.8 45.407867 11.899742 1
4.97 -8.44 1.75 21.46 2.8 45.407867 11.899742 1
4.96 -8.52 1.75 21.48 2.8 45.407867 11.899742 1
4.92 -8.48 1.72 21.47 2.8 45.407867 11.899742 1
4.95 -8.45 1.74 21.46 2.8 45.407867 11.899742 1
