6.31 -7.82 2.08 22.24 2.4 45.407789 11.899452 1
6.31 -7.88 2.23 22.11 2.4 45.407789 11.899452 1
5.85 -7.43 1.96 22.24 2.4 45.407789 11.899452 1
5.8 -7.18 1.53 21.4 2.4 45.407789 11.899452 1
6.44 -7.81 1.39 22.04 2.4 45.407789 11.899452 1
6.85 -8.43 1.59 21.68 2.4 45.407789 11.899452 1
6.43 -8.07 1.89 22.29 2.4 45.407789 11.899452 1
5.78 -7.31 2.07 22.62 2.4 45.407789 11.899452 1
5.58 -7.23 1.92 22.31 2.4 45.407789 11.899452 1
5.67 -8.04 1.66 21.68 2.4 45.407789 11.899452 1
5.79 -8.97 1.82 21.39 3.36 45.407801 11.899491 0
6.0 -8.92 2.19 21.69 3.36 45.407801 11.899491 1
6.14 -7.74 2.16 22.02 3.36 45.407801 11.899491 0
6.03 -6.61 1.93 22.17 3.36 45.407801 11.899491 1
6.01 -6.66 1.89 22.0 3.36 45.407801 11.899491 1
6.33 -7.65 1.86 21.61 3.36 45.407801 11.899491 1
6.5 -8.47 1.88 21.08 3.36 45.407801 11.899491 1
6.12 -8.32 2.21 21.45 3.36 45.407801 11.899491 1
5.65 -7.42 2.4 22.11 3.36 45.407801 11.899491 1
5.53 -6.99 1.94 22.14 3.36 45.407801 11.899491 1
5.56 -7.73 1.47 21.93 3.36 45.407801 11.899491 1
5.57 -8.62 1.55 21.8 3.36 45.407801 11.899491 1
5.77 -8.39 1.73 21.52 3.36 45.407801 11.899491 1
6.1 -7.52 1.72 22.04 3.36 45.407801 11.899491 1
6.18 -7.23 1.87 22.09 3.36 45.407801 11.899491 1
6.09 -7.55 2.02 22.14 3.36 45.407801 11.899491 1
6.2 -7.8 1.78 21.95 3.36 45.407801 11.899491 1
6.43 -7.77 1.56 21.95 3.35 45.407810 11.899535 0
6.38 -7.68 1.8 21.52 3.35 45.407810 11.899535 1
6.08 -7.61 2.06 21.88 3.35 45.407810 11.899535 0
5.8 -7.74 1.88 21.8 3.35 45.407810 11.899535 1
5.61 -8.1 1.63 21.75 3.35 45.407810 11.899535 1
5.52 -8.3 1.67 21.8 3.35 45.407810 11.899535 1
5.67 -8.02 1.8 21.85 3.35 45.407810 11.899535 1
6.02 -7.62 1.8 21.85 3.35 45.407810 11.899535 1
