4.9 -12.45 2.02 16.76 3.06 45.407837 11.899605 1
6.29 -11.28 1.85 17.82 3.06 45.407837 11.899605 1
6.65 -6.26 2.07 21.13 3.06 45.407837 11.899605 1
5.13 -3.76 1.84 24.78 3.06 45.407837 11.899605 1
4.52 -4.73 1.34 25.04 3.06 45.407837 11.899605 1
6.23 -6.19 2.25 23.31 3.06 45.407837 11.899605 1
7.65 -8.11 3.92 21.2 3.06 45.407837 11.899605 1
7.04 -10.42 3.58 21.52 3.06 45.407837 11.899605 1
5.7 -10.38 1.55 22.04 3.06 45.407837 11.899605 1
4.91 -7.95 0.76 22.28 3.06 45.407837 11.899605 1
4.84 -6.69 1.46 22.09 2.87 45.407851 11.899640 0
5.48 -7.73 1.64 21.42 2.87 45.407851 11.899640 1
6.13 -8.77 1.35 21.44 2.87 45.407851 11.899640 0
5.98 -8.47 1.72 21.61 2.87 45.407851 11.899640 1
5.66 -7.59 2.13 21.87 2.87 45.407851 11.899640 1
5.97 -7.13 1.81 21.78 2.87 45.407851 11.899640 1
6.32 -7.33 1.58 21.78 2.87 45.407851 11.899640 1
6.21 -7.78 1.88 21.8 2.87 45.407851 11.899640 1
6.18 -7.88 2.02 21.88 2.87 45.407851 11.899640 1
6.34 -7.6 1.86 21.59 2.87 45.407851 11.899640 1
6.19 -7.41 2.01 21.64 2.87 45.407851 11.899640 1
5.87 -7.6 2.42 22.09 2.87 45.407851 11.899640 1
5.83 -7.95 2.49 21.69 2.87 45.407851 11.899640 1
5.87 -7.99 2.23 21.8 2.87 45.407851 11.899640 1
5.81 -7.71 2.19 21.71 2.87 45.407851 11.899640 1
5.86 -7.74 2.47 22.04 2.87 45.407851 11.899640 1
5.98 -8.2 2.52 21.87 2.87 45.407851 11.899640 1
5.87 -8.28 2.03 21.47 2.7 45.407862 11.899673 0
5.8 -7.79 1.54 21.97 2.7 45.407862 11.899673 1
6.1 -7.48 1.6 21.42 2.7 45.407862 11.899673 0
6.41 -7.53 1.88 21.42 2.7 45.407862 11.899673 1
6.34 -7.56 1.75 21.78 2.7 45.407862 11.899673 1
6.24 -7.67 1.39 21.66 2.7 45.407862 11.899673 1
6.35 -7.88 1.33 21.78 2.7 45.407862 11.899673 1
6.24 -7.78 1.57 21.88 2.7 45.407862 11.899673 1
