5.99 -7.91 1.89 21.92 2.19 45.406318 11.894227 0 1
5.55 -7.56 1.73 21.97 2.19 45.406318 11.894227 1 1
5.6 -7.38 1.57 21.97 2.19 45.406318 11.894227 1 1
6.45 -7.98 1.73 22.95 2.19 45.406318 11.894227 1 1
6.56 -8.66 2.07 22.64 2.19 45.406318 11.894227 1 1
5.39 -7.97 2.07 22.81 2.19 45.406318 11.894227 1 1
4.71 -6.76 1.85 22.29 2.19 45.406318 11.894227 1 1
5.38 -7.57 1.95 21.75 2.19 45.406318 11.894227 1 1
6.08 -9.69 2.17 21.51 2.19 45.406318 11.894227 1 1
5.99 -9.71 1.97 21.8 2.19 45.406318 11.894227 1 1
5.71 -7.64 1.6 22.14 2.19 45.406318 11.894227 1 1
5.61 -6.71 1.61 22.29 2.19 45.406318 11.894227 1 1
5.63 -7.47 1.82 21.9 2.19 45.406318 11.894227 1 1
5.87 -7.88 1.87 22.23 2.19 45.406318 11.894227 1 1
6.05 -7.72 1.86 21.88 2.19 45.406318 11.894227 1 1
5.9 -8.02 1.88 21.63 2.19 45.406318 11.894227 1 1
5.8 -8.38 1.85 21.73 3.0 45.406319 11.894273 0 1
5.97 -8.1 1.85 21.37 3.0 45.406319 11.894273 1 1
5.89 -7.62 1.91 21.64 3.0 45.406319 11.894273 0 1
5.53 -7.47 1.85 22.28 3.0 45.406319 11.894273 1 1
5.57 -7.77 1.71 22.07 3.0 45.406319 11.894273 1 1
5.9 -8.38 1.77 21.47 3.0 45.406319 11.894273 1 1
5.76 -8.59 1.97 22.04 3.0 45.406319 11.894273 1 1
5.38 -8.02 1.98 22.09 3.0 45.406319 11.894273 1 1
5.61 -7.57 1.78 21.92 3.0 45.406319 11.894273 1 1
6.17 -7.85 1.64 21.8 3.0 45.406319 11.894273 1 1
6.13 -8.23 1.7 22.24 3.0 45.406319 11.894273 1 1
5.7 -8.15 1.93 22.14 3.0 45.406319 11.894273 1 1
5.71 -7.9 2.08 21.81 3.0 45.406319 11.894273 1 1
5.93 -7.7 1.9 22.42 3.0 45.406319 11.894273 1 1
5.8 -7.61 1.6 22.9 3.0 45.406319 11.894273 1 1
5.64 -7.88 1.59 22.09 3.0 45.406319 11.894273 1 1
5.57 -8.47 1.64 21.63 3.0 45.406319 11.894273 1 1
5.26 -8.73 1.46 20.89 1.73 45.406322 11.894303 0 1
5.3 -8.16 1.55 22.14 1.73 45.406322 11.894303 1 1
