5.6 -8.38 2.32 22.12 3.24 45.406359 11.895383 0 0
5.5 -8.12 1.45 21.78 3.24 45.406359 11.895383 1 0
5.53 -7.1 1.78 21.8 3.24 45.406359 11.895383 0 0
5.86 -8.05 1.31 21.8 3.24 45.406359 11.895383 1 0
6.03 -7.75 1.7 25.79 3.24 45.406359 11.895383 1 0
5.7 -7.61 2.23 22.86 3.24 45.406359 11.895383 1 0
5.96 -8.1 1.54 22.86 3.24 45.406359 11.895383 1 0
5.67 -7.75 1.72 22.0 3.24 45.406359 11.895383 1 0
5.58 -7.79 1.96 22.11 3.24 45.406359 11.895383 1 0
5.88 -8.23 1.64 22.11 3.24 45.406359 11.895383 1 0
5.68 -7.78 1.95 22.48 3.24 45.406359 11.895383 1 0
6.12 -8.36 1.34 21.99 3.24 45.406359 11.895383 1 0
5.78 -7.6 1.97 22.11 3.24 45.406359 11.895383 1 0
5.59 -8.06 1.61 22.05 3.24 45.406359 11.895383 1 0
5.75 -7.89 1.76 22.05 3.24 45.406359 11.895383 1 0
5.86 -8.08 1.72 22.07 3.24 45.406359 11.895383 1 0
5.77 -7.93 2.1 22.81 3.24 45.406359 11.895383 1 0
5.43 -7.81 1.77 22.36 3.24 45.406359 11.895424 0 0
6.14 -7.95 1.34 22.36 3.24 45.406359 11.895424 1 0
5.51 -8.01 1.83 21.9 3.24 45.406359 11.895424 0 0
6.0 -7.77 1.67 21.93 3.24 45.406359 11.895424 1 0
5.6 -8.43 1.97 22.83 3.24 45.406359 11.895424 1 0
5.4 -7.96 1.67 22.17 3.24 45.406359 11.895424 1 0
5.94 -7.96 1.66 23.29 3.24 45.406359 11.895424 1 0
5.56 -7.49 1.56 21.44 3.24 45.406359 11.895424 1 0
5.99 -8.5 1.58 21.95 3.24 45.406359 11.895424 1 0
5.96 -8.26 1.95 22.38 3.24 45.406359 11.895424 1 0
4.85 -7.52 1.7 21.9 3.24 45.406359 11.895424 1 0
6.43 -8.14 2.16 22.31 3.24 45.406359 11.895424 1 0
6.22 -7.81 1.25 22.55 3.24 45.406359 11.895424 1 0
5.53 -7.93 1.66 22.76 3.24 45.406359 11.895424 1 0
5.8 -7.63 1.97 22.74 3.24 45.406359 11.895424 1 0
5.63 -7.59 1.53 22.14 3.24 45.406359 11.895424 1 0
5.86 -8.92 1.97 21.93 3.24 45.406359 11.895424 1 0
5.56 -8.64 1.68 22.09 3.24 45.406359 11.895424 1 0
