5.78 -7.86 1.83 22.81 0.42 45.405687 11.882898 0
5.96 -7.81 1.79 23.22 0.42 45.405687 11.882898 0
6.21 -7.68 1.65 23.19 0.42 45.405687 11.882898 0
6.3 -7.59 1.65 22.79 0.42 45.405687 11.882898 0
6.21 -7.51 1.82 23.27 0.42 45.405687 11.882898 0
6.33 -7.46 1.81 47.97 0.42 45.405687 11.882898 0
6.5 -7.5 1.97 22.71 0.47 45.405685 11.882897 1
6.71 -7.27 1.92 22.16 0.47 45.405685 11.882897 0
6.75 -7.05 1.9 23.07 0.47 45.405685 11.882897 1
6.73 -6.92 1.81 22.48 0.47 45.405685 11.882897 0
6.92 -6.88 1.91 22.36 0.47 45.405685 11.882897 0
6.89 -6.66 1.89 22.29 0.47 45.405685 11.882897 0
6.75 -6.93 1.96 21.69 0.47 45.405685 11.882897 0
7.06 -7.29 1.35 22.05 0.47 45.405685 11.882897 0
6.79 -7.67 1.77 22.36 0.47 45.405685 11.882897 0
6.86 -7.26 1.91 21.8 0.47 45.405685 11.882897 0
6.73 -6.92 1.52 21.2 0.47 45.405685 11.882897 0
6.76 -7.62 2.05 21.23 0.47 45.405685 11.882897 0
6.37 -7.87 1.41 21.92 0.47 45.405685 11.882897 0
6.57 -7.56 2.12 23.03 0.47 45.405685 11.882897 0
6.59 -7.33 2.15 22.88 0.47 45.405685 11.882897 0
5.55 -7.74 1.75 22.62 0.47 45.405685 11.882897 0
5.75 -8.19 1.64 22.36 0.47 45.405685 11.882897 0
5.94 -7.64 2.17 24.1 0.39 45.405685 11.882896 1
6.49 -7.33 2.02 22.4 0.39 45.405685 11.882896 0
5.86 -7.33 2.49 22.57 0.39 45.405685 11.882896 1
5.62 -7.43 2.54 21.57 0.39 45.405685 11.882896 0
5.94 -8.11 1.89 21.81 0.39 45.405685 11.882896 0
5.74 -8.51 2.21 22.62 0.39 45.405685 11.882896 0
5.69 -8.64 2.16 22.19 0.39 45.405685 11.882896 0
5.9 -7.95 2.0 22.57 0.39 45.405685 11.882896 0
6.04 -7.32 2.65 24.25 0.39 45.405685 11.882896 0
6.19 -7.56 2.34 28.11 0.39 45.405685 11.882896 0
6.09 -7.81 2.24 22.42 0.39 45.405685 11.882896 0
6.0 -7.75 2.04 22.42 0.39 45.405685 11.882896 0
