6.08 -8.24 2.13 21.37 1.63 45.405624 11.882865 0
5.92 -8.14 1.54 21.57 1.63 45.405624 11.882865 0
6.41 -8.18 1.67 22.02 1.63 45.405624 11.882865 0
5.16 -8.23 1.56 22.36 1.63 45.405624 11.882865 0
4.92 -4.83 0.63 22.24 1.63 45.405624 11.882865 0
7.15 -8.23 2.82 21.39 1.3 45.405616 11.882864 1
6.28 -8.65 1.54 21.68 1.3 45.405616 11.882864 0
6.93 -9.4 1.03 21.75 1.3 45.405616 11.882864 0
5.86 -6.67 4.93 22.14 1.3 45.405616 11.882864 1
5.24 -8.27 1.18 21.9 1.3 45.405616 11.882864 0
5.39 -6.68 1.39 21.93 1.3 45.405616 11.882864 0
6.6 -7.38 1.67 20.94 1.3 45.405616 11.882864 0
6.46 -7.92 1.75 21.78 1.3 45.405616 11.882864 0
6.93 -7.82 1.73 21.54 1.3 45.405616 11.882864 0
4.84 -8.61 2.57 22.07 1.3 45.405616 11.882864 0
5.99 -6.95 0.91 23.19 1.3 45.405616 11.882864 0
6.39 -6.13 1.21 23.38 1.3 45.405616 11.882864 0
4.79 -6.26 1.83 22.71 1.3 45.405616 11.882864 0
6.23 -8.57 2.03 22.11 1.3 45.405616 11.882864 0
5.32 -8.02 2.55 21.23 1.3 45.405616 11.882864 0
5.45 -8.38 1.98 21.87 1.3 45.405616 11.882864 0
5.56 -8.15 1.6 21.4 1.3 45.405616 11.882864 0
6.08 -8.24 2.19 22.29 1.3 45.405616 11.882864 0
4.49 -6.28 1.42 22.0 0.99 45.405622 11.882855 1
6.65 -6.73 1.43 21.93 0.99 45.405622 11.882855 0
6.92 -8.78 0.89 21.85 0.99 45.405622 11.882855 1
5.22 -7.83 1.58 21.18 0.99 45.405622 11.882855 0
6.4 -7.83 1.61 21.33 0.99 45.405622 11.882855 0
6.31 -7.6 1.71 21.44 0.99 45.405622 11.882855 0
6.51 -9.26 1.4 23.43 0.99 45.405622 11.882855 0
5.56 -4.89 2.01 23.43 0.99 45.405622 11.882855 0
4.93 -8.3 1.76 23.48 0.99 45.405622 11.882855 0
6.25 -7.66 1.86 21.75 0.99 45.405622 11.882855 0
5.42 -7.31 1.73 22.54 0.99 45.405622 11.882855 0
6.72 -8.5 1.71 21.44 0.99 45.405622 11.882855 0
