5.91 -7.59 2.03 22.5 3.02 45.876300 12.305869 0 0
6.14 -7.87 1.85 22.42 3.02 45.876300 12.305869 0 0
5.84 -7.4 1.8 22.96 3.02 45.876300 12.305869 0 0
5.95 -7.69 1.71 22.62 3.02 45.876300 12.305869 0 0
6.17 -7.39 1.72 22.66 3.02 45.876300 12.305869 0 0
6.19 -7.92 1.82 22.16 3.02 45.876300 12.305869 0 0
5.77 -7.57 1.82 22.66 3.02 45.876300 12.305869 0 0
5.94 -7.91 1.63 22.6 3.02 45.876300 12.305869 0 0
5.45 -7.68 1.73 22.23 3.02 45.876300 12.305869 0 0
5.82 -8.0 1.86 22.6 3.02 45.876300 12.305869 0 0
5.74 -7.64 2.31 23.03 3.02 45.876300 12.305869 0 0
5.93 -7.77 1.85 22.96 3.02 45.876300 12.305869 0 0
6.02 -7.53 1.87 22.35 3.54 45.876277 12.305844 1 0
6.36 -7.85 1.76 23.0 3.54 45.876277 12.305844 0 0
6.28 -7.63 1.69 22.6 3.54 45.876277 12.305844 1 0
6.22 -7.78 1.72 22.48 3.54 45.876277 12.305844 0 0
6.14 -7.54 1.84 22.54 3.54 45.876277 12.305844 0 0
6.12 -7.84 2.14 22.5 3.54 45.876277 12.305844 0 0
6.16 -7.73 2.12 22.62 3.54 45.876277 12.305844 0 0
5.78 -7.68 2.02 22.62 3.54 45.876277 12.305844 0 0
5.82 -7.86 1.87 22.76 3.54 45.876277 12.305844 0 0
5.91 -7.9 1.82 23.07 3.54 45.876277 12.305844 0 0
5.89 -7.78 1.65 22.62 3.54 45.876277 12.305844 0 0
5.66 -8.22 1.91 22.62 3.54 45.876277 12.305844 0 0
5.86 -7.34 1.77 22.71 3.54 45.876277 12.305844 0 0
6.09 -7.84 1.82 22.71 3.54 45.876277 12.305844 0 0
6.01 -7.32 1.98 22.29 3.54 45.876277 12.305844 0 0
5.89 -7.65 2.01 22.54 3.54 45.876277 12.305844 0 0
5.9 -7.27 2.09 22.52 3.54 45.876277 12.305844 0 0
5.84 -7.57 1.88 22.38 3.24 45.876261 12.305812 1 0
6.09 -8.29 2.0 22.38 3.24 45.876261 12.305812 0 0
5.31 -8.02 1.95 22.55 3.24 45.876261 12.305812 1 0
5.55 -8.1 1.88 22.98 3.24 45.876261 12.305812 0 0
5.53 -7.86 1.87 22.19 3.24 45.876261 12.305812 0 0
6.28 -7.75 1.98 22.66 3.24 45.876261 12.305812 0 0
