6.09 -7.76 1.99 21.99 2.57 45.876335 12.305918 0 0
6.63 -7.52 1.87 22.47 2.57 45.876335 12.305918 0 0
6.13 -7.84 1.86 22.95 2.57 45.876335 12.305918 0 0
5.93 -7.7 2.03 23.02 2.57 45.876335 12.305918 0 0
6.01 -7.44 2.09 22.76 2.57 45.876335 12.305918 0 0
5.56 -7.56 1.95 22.78 2.57 45.876335 12.305918 0 0
6.08 -7.89 2.07 22.67 2.57 45.876335 12.305918 0 0
5.7 -7.52 1.53 22.66 2.57 45.876335 12.305918 0 0
5.84 -7.85 1.69 22.71 2.57 45.876335 12.305918 0 0
5.81 -8.01 2.01 22.71 2.57 45.876335 12.305918 0 0
6.05 -7.55 1.94 22.29 2.57 45.876335 12.305918 0 0
6.28 -7.78 1.99 22.78 2.57 45.876335 12.305918 0 0
6.05 -7.93 1.85 22.54 2.57 45.876335 12.305918 0 0
6.11 -7.73 1.73 22.14 2.94 45.876318 12.305895 1 0
6.07 -7.83 2.01 22.55 2.94 45.876318 12.305895 0 0
6.14 -7.74 1.9 22.93 2.94 45.876318 12.305895 1 0
6.17 -7.7 2.19 22.38 2.94 45.876318 12.305895 0 0
6.21 -7.6 1.95 22.6 2.94 45.876318 12.305895 0 0
5.64 -7.66 1.61 22.62 2.94 45.876318 12.305895 0 0
5.64 -7.81 1.8 22.57 2.94 45.876318 12.305895 0 0
5.75 -7.84 1.75 22.45 2.94 45.876318 12.305895 0 0
6.07 -7.7 2.23 22.74 2.94 45.876318 12.305895 0 0
5.86 -7.87 2.03 22.66 2.94 45.876318 12.305895 0 0
6.06 -7.98 1.83 22.66 2.94 45.876318 12.305895 0 0
6.26 -7.92 1.85 22.66 2.94 45.876318 12.305895 0 0
6.05 -7.38 1.97 22.23 2.94 45.876318 12.305895 0 0
6.11 -7.61 1.86 23.48 2.94 45.876318 12.305895 0 0
6.18 -7.69 1.82 23.12 2.94 45.876318 12.305895 0 0
6.16 -7.9 1.95 22.76 2.94 45.876318 12.305895 0 0
5.85 -7.73 2.11 23.36 2.94 45.876318 12.305895 0 0
5.79 -8.04 2.21 22.24 3.02 45.876300 12.305869 1 0
5.92 -7.81 2.1 22.91 3.02 45.876300 12.305869 0 0
5.91 -7.98 2.04 22.79 3.02 45.876300 12.305869 1 0
6.19 -7.93 1.95 22.6 3.02 45.876300 12.305869 0 0
5.91 -7.74 1.97 22.6 3.02 45.876300 12.305869 0 0
