6.46 -8.29 2.01 24.18 3.1 45.876232 12.305755 0 0
5.77 -7.35 1.64 23.58 3.1 45.876232 12.305755 0 0
6.7 -8.09 2.35 23.15 3.1 45.876232 12.305755 0 0
6.53 -7.4 1.77 23.29 3.1 45.876232 12.305755 0 0
5.57 -7.36 1.62 46.97 3.1 45.876232 12.305755 0 0
5.92 -8.19 1.77 23.53 3.1 45.876232 12.305755 0 0
5.59 -7.59 1.63 23.2 3.1 45.876232 12.305755 0 0
6.2 -9.73 1.77 22.12 3.1 45.876232 12.305755 0 0
5.64 -7.0 2.03 22.72 3.1 45.876232 12.305755 0 0
5.35 -7.02 1.89 23.2 3.5 45.876208 12.305728 1 0
5.8 -8.2 1.69 22.36 3.5 45.876208 12.305728 0 0
5.57 -7.48 2.01 22.5 3.5 45.876208 12.305728 1 0
7.08 -9.3 1.54 22.4 3.5 45.876208 12.305728 0 0
6.46 -8.19 2.32 22.12 3.5 45.876208 12.305728 0 0
6.43 -7.28 1.96 22.96 3.5 45.876208 12.305728 0 0
5.59 -7.76 2.19 24.59 3.5 45.876208 12.305728 0 0
6.16 -7.19 2.06 23.19 3.5 45.876208 12.305728 0 0
7.32 -9.25 0.27 23.74 3.5 45.876208 12.305728 0 0
6.69 -9.2 2.29 24.08 3.5 45.876208 12.305728 0 0
6.01 -8.64 1.69 22.4 3.5 45.876208 12.305728 0 0
6.6 -8.39 1.81 22.54 3.5 45.876208 12.305728 0 0
6.32 -8.41 1.74 22.62 3.5 45.876208 12.305728 0 0
5.64 -7.59 1.83 22.5 3.5 45.876208 12.305728 0 0
6.87 -6.85 1.99 23.43 3.5 45.876208 12.305728 0 0
6.01 -7.12 2.65 22.76 3.5 45.876208 12.305728 0 0
5.8 -8.02 2.15 22.29 3.5 45.876208 12.305728 0 0
5.63 -7.99 1.69 23.65 3.25 45.876185 12.305703 1 0
5.96 -7.72 2.06 22.31 3.25 45.876185 12.305703 0 0
5.9 -7.76 1.66 22.81 3.25 45.876185 12.305703 1 0
5.76 -7.87 1.7 21.92 3.25 45.876185 12.305703 0 0
5.75 -8.22 1.85 22.21 3.25 45.876185 12.305703 0 0
6.06 -7.74 2.45 23.2 3.25 45.876185 12.305703 0 0
5.92 -7.32 1.81 22.64 3.25 45.876185 12.305703 0 0
6.19 -7.55 2.34 22.74 3.25 45.876185 12.305703 0 0
6.2 -7.31 2.02 22.86 3.25 45.876185 12.305703 0 0
