6.28 -7.87 1.23 21.83 2.62 45.406358 11.894070 1 1
5.96 -7.84 2.06 21.83 2.62 45.406358 11.894070 0 1
5.64 -7.92 2.02 22.31 2.62 45.406358 11.894070 1 1
5.61 -7.69 2.42 23.99 2.62 45.406358 11.894070 1 1
5.67 -7.83 2.06 22.72 2.62 45.406358 11.894070 1 1
5.74 -7.91 1.7 21.78 2.62 45.406358 11.894070 1 1
6.09 -8.13 1.7 23.51 2.62 45.406358 11.894070 1 1
5.8 -8.06 1.65 21.93 2.62 45.406358 11.894070 1 1
5.57 -7.66 2.02 22.09 2.62 45.406358 11.894070 1 1
5.98 -8.18 1.8 23.87 2.62 45.406358 11.894070 1 1
5.69 -7.43 2.0 22.11 2.62 45.406358 11.894070 1 1
6.05 -7.89 1.71 22.88 2.62 45.406358 11.894070 1 1
6.07 -7.81 1.82 22.98 2.62 45.406358 11.894070 1 1
6.04 -7.96 1.66 22.04 2.62 45.406358 11.894070 1 1
5.47 -7.66 1.69 22.45 2.62 45.406358 11.894070 1 1
6.02 -9.21 0.99 21.9 2.62 45.406358 11.894070 1 1
6.25 -7.37 1.92 21.81 2.62 45.406358 11.894070 1 1
5.51 -7.74 1.52 23.1 2.76 45.406351 11.894104 0 1
4.95 -7.85 1.25 22.02 2.76 45.406351 11.894104 1 1
6.25 -8.17 1.9 21.73 2.76 45.406351 11.894104 0 1
6.69 -7.84 0.84 22.14 2.76 45.406351 11.894104 1 1
6.45 -8.7 2.02 23.12 2.76 45.406351 11.894104 1 1
4.99 -6.98 2.03 22.84 2.76 45.406351 11.894104 1 1
4.65 -6.01 2.3 23.08 2.76 45.406351 11.894104 1 1
6.23 -7.7 1.94 21.27 2.76 45.406351 11.894104 1 1
6.22 -8.86 1.7 21.9 2.76 45.406351 11.894104 1 1
6.44 -9.79 1.61 22.96 2.76 45.406351 11.894104 1 1
4.92 -7.46 1.98 22.66 2.76 45.406351 11.894104 1 1
5.07 -5.62 1.83 22.14 2.76 45.406351 11.894104 1 1
5.55 -9.13 1.79 22.36 2.76 45.406351 11.894104 1 1
6.37 -8.18 1.97 26.77 2.76 45.406351 11.894104 1 1
6.06 -8.2 1.69 22.93 2.76 45.406351 11.894104 1 1
5.33 -7.84 1.75 22.71 2.76 45.406351 11.894104 1 1
5.37 -7.49 1.85 22.45 2.76 45.406351 11.894104 1 1
6.16 -7.52 2.32 21.88 1.35 45.406346 11.894123 0 1
