5.91 -7.73 1.79 23.72 3.02 45.877625 12.307320 0
5.98 -7.36 2.27 23.1 3.02 45.877625 12.307320 0
6.11 -7.96 2.24 23.2 3.02 45.877625 12.307320 0
5.64 -7.72 1.77 23.24 3.02 45.877625 12.307320 0
6.06 -7.91 2.14 23.63 3.02 45.877625 12.307320 0
6.27 -7.54 1.92 22.81 3.02 45.877625 12.307320 0
6.19 -7.85 1.91 25.38 3.02 45.877625 12.307320 0
5.79 -7.69 1.98 23.19 3.02 45.877625 12.307320 0
5.91 -7.81 2.17 23.14 3.02 45.877625 12.307320 0
5.78 -8.01 2.11 22.69 3.02 45.877625 12.307320 0
5.41 -8.09 1.82 23.86 3.26 45.877618 12.307281 1
5.97 -7.45 1.67 23.1 3.26 45.877618 12.307281 0
6.43 -7.64 1.98 23.07 3.26 45.877618 12.307281 1
6.06 -7.8 1.78 23.02 3.26 45.877618 12.307281 0
6.33 -7.99 1.8 22.79 3.26 45.877618 12.307281 0
5.79 -7.19 1.94 22.78 3.26 45.877618 12.307281 0
6.03 -7.94 1.57 23.44 3.26 45.877618 12.307281 0
6.09 -7.95 1.65 23.08 3.26 45.877618 12.307281 0
6.0 -7.98 1.72 23.24 3.26 45.877618 12.307281 0
6.15 -7.67 1.92 22.72 3.26 45.877618 12.307281 0
5.86 -7.91 2.02 22.67 3.26 45.877618 12.307281 0
5.52 -8.17 1.65 23.05 3.26 45.877618 12.307281 0
5.85 -8.19 1.85 22.59 3.26 45.877618 12.307281 0
6.24 -7.67 1.98 39.12 3.26 45.877618 12.307281 0
5.96 -8.21 1.78 24.2 3.26 45.877618 12.307281 0
6.25 -7.42 2.08 24.16 3.26 45.877618 12.307281 0
5.97 -7.86 2.07 22.29 3.26 45.877618 12.307281 0
6.05 -7.83 1.8 22.72 3.1 45.877609 12.307244 1
6.12 -7.83 2.21 23.17 3.1 45.877609 12.307244 0
5.92 -7.29 2.15 22.64 3.1 45.877609 12.307244 1
5.8 -8.12 2.44 23.03 3.1 45.877609 12.307244 0
5.66 -7.61 2.04 22.45 3.1 45.877609 12.307244 0
5.84 -7.67 1.87 23.91 3.1 45.877609 12.307244 0
5.81 -7.57 1.7 23.36 3.1 45.877609 12.307244 0
6.14 -7.52 2.04 22.72 3.1 45.877609 12.307244 0
