6.08 -7.55 1.66 24.46 3.44 45.877577 12.307085 0
5.89 -7.52 1.55 25.11 3.44 45.877577 12.307085 0
6.03 -7.65 1.8 23.6 3.44 45.877577 12.307085 0
5.56 -7.46 1.68 23.6 3.44 45.877577 12.307085 0
5.69 -7.69 1.92 24.49 3.44 45.877577 12.307085 0
5.68 -7.6 1.71 25.3 3.44 45.877577 12.307085 0
5.71 -7.52 1.65 23.08 3.37 45.877569 12.307043 1
5.74 -8.31 2.13 23.07 3.37 45.877569 12.307043 0
5.85 -8.06 2.46 23.62 3.37 45.877569 12.307043 1
6.11 -7.99 1.85 25.24 3.37 45.877569 12.307043 0
6.87 -7.95 1.68 22.95 3.37 45.877569 12.307043 0
5.62 -7.91 1.84 22.67 3.37 45.877569 12.307043 0
5.8 -7.38 2.44 23.43 3.37 45.877569 12.307043 0
5.83 -7.66 2.2 23.14 3.37 45.877569 12.307043 0
5.69 -7.78 2.06 23.14 3.37 45.877569 12.307043 0
5.91 -8.49 1.91 23.14 3.37 45.877569 12.307043 0
5.78 -8.22 1.92 27.92 3.37 45.877569 12.307043 0
5.51 -7.68 1.77 24.1 3.37 45.877569 12.307043 0
5.75 -8.05 2.01 24.15 3.37 45.877569 12.307043 0
5.64 -7.69 1.82 22.83 3.37 45.877569 12.307043 0
6.31 -7.85 1.61 22.79 3.37 45.877569 12.307043 0
6.07 -7.67 1.81 23.91 3.37 45.877569 12.307043 0
6.27 -8.09 1.92 22.9 3.37 45.877569 12.307043 0
5.99 -7.73 1.6 23.92 2.98 45.877563 12.307004 1
5.88 -7.53 1.77 23.65 2.98 45.877563 12.307004 0
5.63 -7.64 1.56 24.46 2.98 45.877563 12.307004 1
5.76 -7.79 2.05 24.04 2.98 45.877563 12.307004 0
5.5 -7.46 2.0 22.14 2.98 45.877563 12.307004 0
5.89 -7.77 1.87 23.24 2.98 45.877563 12.307004 0
5.71 -8.2 1.81 22.72 2.98 45.877563 12.307004 0
5.7 -7.24 2.17 28.67 2.98 45.877563 12.307004 0
5.92 -7.16 2.33 22.9 2.98 45.877563 12.307004 0
6.13 -7.77 2.03 23.26 2.98 45.877563 12.307004 0
6.4 -7.87 2.21 22.72 2.98 45.877563 12.307004 0
5.98 -7.65 1.35 23.53 2.98 45.877563 12.307004 0
