5.85 -7.89 1.87 23.29 2.98 45.877563 12.307004 0
5.87 -7.74 2.09 24.97 2.98 45.877563 12.307004 0
6.05 -7.36 1.77 23.19 2.98 45.877563 12.307004 0
6.18 -8.11 2.26 24.44 2.98 45.877563 12.307004 0
5.79 -7.96 1.71 25.23 2.1 45.877561 12.306976 1
6.11 -8.21 1.4 23.55 2.1 45.877561 12.306976 0
6.03 -7.84 1.54 23.53 2.1 45.877561 12.306976 1
6.06 -7.63 1.71 23.17 2.1 45.877561 12.306976 0
6.42 -7.92 2.31 25.52 2.1 45.877561 12.306976 0
6.45 -7.41 1.91 23.12 2.1 45.877561 12.306976 0
6.29 -8.26 1.69 22.47 2.1 45.877561 12.306976 0
5.9 -8.07 1.62 22.57 2.1 45.877561 12.306976 0
6.0 -8.01 1.37 23.05 2.1 45.877561 12.306976 0
5.91 -7.75 2.18 23.6 2.1 45.877561 12.306976 0
5.37 -7.75 1.7 23.94 2.1 45.877561 12.306976 0
5.65 -8.01 1.64 23.46 2.1 45.877561 12.306976 0
5.64 -8.08 2.02 23.99 2.1 45.877561 12.306976 0
6.55 -7.85 2.05 23.75 2.1 45.877561 12.306976 0
5.54 -7.63 1.87 22.74 2.1 45.877561 12.306976 0
5.98 -7.99 1.69 24.52 2.1 45.877561 12.306976 0
5.77 -7.63 1.87 22.62 2.1 45.877561 12.306976 0
5.8 -7.05 1.86 23.07 3.08 45.877557 12.306936 1
6.31 -7.83 2.07 23.43 3.08 45.877557 12.306936 0
6.34 -7.88 1.95 22.83 3.08 45.877557 12.306936 1
5.93 -7.64 1.61 22.47 3.08 45.877557 12.306936 0
6.23 -8.17 1.75 22.9 3.08 45.877557 12.306936 0
5.51 -8.14 1.19 22.93 3.08 45.877557 12.306936 0
5.63 -8.09 1.83 22.96 3.08 45.877557 12.306936 0
5.16 -7.45 2.36 23.29 3.08 45.877557 12.306936 0
4.96 -6.8 2.48 23.43 3.08 45.877557 12.306936 0
10.51 -9.29 1.0 20.79 3.08 45.877557 12.306936 0
7.61 -11.67 2.88 20.65 3.08 45.877557 12.306936 0
6.02 -8.95 3.15 24.37 3.08 45.877557 12.306936 0
4.9 -4.38 2.7 24.51 3.08 45.877557 12.306936 0
5.99 -4.41 2.19 23.68 3.08 45.877557 12.306936 0
