4.01 -9.66 1.45 21.32 3.59 45.877429 12.306859 1
6.31 -9.09 1.7 20.84 3.59 45.877429 12.306859 0
6.12 -9.66 2.31 21.13 3.59 45.877429 12.306859 1
6.37 -8.72 1.62 22.79 3.59 45.877429 12.306859 0
6.31 -7.98 2.22 21.8 3.59 45.877429 12.306859 0
6.57 -7.72 2.51 21.75 3.59 45.877429 12.306859 0
6.33 -8.22 3.48 23.07 3.59 45.877429 12.306859 0
6.95 -9.53 2.75 22.29 3.59 45.877429 12.306859 0
5.78 -8.85 1.57 23.58 3.59 45.877429 12.306859 0
4.9 -8.59 1.12 25.54 3.59 45.877429 12.306859 0
5.34 -5.62 2.4 23.65 3.59 45.877429 12.306859 0
5.29 -7.34 2.07 21.47 3.59 45.877429 12.306859 0
4.9 -13.28 1.58 21.97 3.59 45.877429 12.306859 0
5.93 -6.54 1.24 22.86 3.59 45.877429 12.306859 0
5.62 -7.18 2.41 22.74 3.59 45.877429 12.306859 0
5.61 -7.55 2.23 22.69 3.59 45.877429 12.306859 0
6.68 -8.42 1.29 22.86 3.59 45.877429 12.306859 0
7.07 -8.74 1.16 21.81 3.36 45.877418 12.306898 1
4.9 -7.7 2.11 22.59 3.36 45.877418 12.306898 0
4.59 -7.94 1.74 22.98 3.36 45.877418 12.306898 1
5.52 -7.9 1.97 22.71 3.36 45.877418 12.306898 0
5.59 -7.92 1.74 22.57 3.36 45.877418 12.306898 0
6.09 -7.53 1.47 23.48 3.36 45.877418 12.306898 0
5.95 -7.76 2.01 23.7 3.36 45.877418 12.306898 0
5.78 -6.62 1.37 23.14 3.36 45.877418 12.306898 0
7.11 -8.2 1.96 23.51 3.36 45.877418 12.306898 0
5.58 -7.4 2.36 22.98 3.36 45.877418 12.306898 0
6.42 -8.3 2.25 22.54 3.36 45.877418 12.306898 0
4.76 -7.26 2.16 22.9 3.36 45.877418 12.306898 0
5.2 -7.23 1.6 23.05 3.36 45.877418 12.306898 0
5.39 -7.22 2.0 22.74 3.36 45.877418 12.306898 0
4.56 -7.64 2.01 22.38 3.36 45.877418 12.306898 0
4.39 -7.61 1.81 22.21 3.36 45.877418 12.306898 0
6.22 -7.81 2.33 23.15 3.36 45.877418 12.306898 0
5.04 -8.61 1.84 24.15 3.32 45.877421 12.306940 1
