5.4 -5.76 0.57 24.59 3.49 45.877512 12.306866 0
6.28 -8.7 1.43 22.04 3.49 45.877512 12.306866 0
5.77 -9.62 1.88 22.55 3.49 45.877512 12.306866 0
3.65 -5.81 1.28 22.83 3.56 45.877484 12.306842 1
5.86 -8.43 1.29 22.35 3.56 45.877484 12.306842 0
6.08 -7.33 1.46 22.38 3.56 45.877484 12.306842 1
6.21 -9.0 1.7 22.12 3.56 45.877484 12.306842 0
7.0 -8.33 3.48 22.29 3.56 45.877484 12.306842 0
7.05 -7.13 2.11 22.4 3.56 45.877484 12.306842 0
6.36 -8.86 1.9 23.15 3.56 45.877484 12.306842 0
5.52 -6.71 1.74 23.53 3.56 45.877484 12.306842 0
6.18 -8.23 1.75 21.93 3.56 45.877484 12.306842 0
6.82 -8.72 2.19 22.29 3.56 45.877484 12.306842 0
6.01 -8.6 1.62 22.42 3.56 45.877484 12.306842 0
5.7 -9.4 2.56 22.05 3.56 45.877484 12.306842 0
5.26 -9.72 2.44 21.63 3.56 45.877484 12.306842 0
5.8 -8.28 1.66 24.63 3.56 45.877484 12.306842 0
5.82 -8.24 1.82 22.95 3.56 45.877484 12.306842 0
6.37 -7.75 1.89 22.95 3.56 45.877484 12.306842 0
6.55 -8.46 2.53 21.93 3.74 45.877451 12.306838 1
7.04 -8.49 2.34 21.3 3.74 45.877451 12.306838 0
5.05 -6.64 1.08 21.47 3.74 45.877451 12.306838 1
5.81 -8.77 1.6 21.13 3.74 45.877451 12.306838 0
6.49 -7.04 3.83 21.47 3.74 45.877451 12.306838 0
6.84 -8.59 3.68 21.69 3.74 45.877451 12.306838 0
4.86 -8.08 1.97 24.06 3.74 45.877451 12.306838 0
4.85 -8.83 0.91 21.08 3.74 45.877451 12.306838 0
6.66 -8.78 1.63 21.33 3.74 45.877451 12.306838 0
6.12 -8.52 2.07 21.8 3.74 45.877451 12.306838 0
5.91 -8.27 3.61 22.31 3.74 45.877451 12.306838 0
6.13 -7.3 2.11 21.69 3.74 45.877451 12.306838 0
5.09 -8.01 2.05 20.92 3.74 45.877451 12.306838 0
6.63 -11.15 2.26 29.26 3.74 45.877451 12.306838 0
5.98 -8.64 2.31 21.54 3.74 45.877451 12.306838 0
5.68 -7.97 1.68 22.0 3.74 45.877451 12.306838 0
