6.17 -7.77 2.47 21.85 1.93 45.408022 11.888610 0
5.76 -7.72 2.08 21.92 1.93 45.408022 11.888610 1
5.71 -7.86 1.84 21.95 1.93 45.408022 11.888610 1
5.76 -8.04 1.66 22.52 1.93 45.408022 11.888610 1
5.75 -8.0 1.54 22.23 1.93 45.408022 11.888610 1
5.86 -7.77 1.58 22.28 1.93 45.408022 11.888610 1
6.01 -7.64 1.77 22.33 1.93 45.408022 11.888610 1
5.96 -7.76 1.88 22.17 1.93 45.408022 11.888610 1
5.92 -7.94 1.84 22.14 1.93 45.408022 11.888610 1
6.2 -7.84 1.78 22.09 1.93 45.408022 11.888610 1
6.5 -7.46 1.8 21.95 1.93 45.408022 11.888610 1
6.42 -7.28 1.77 21.69 1.93 45.408022 11.888610 1
6.14 -7.61 1.63 21.64 1.93 45.408022 11.888610 0
6.05 -7.94 1.54 21.76 1.93 45.408022 11.888610 1
6.1 -7.78 1.61 21.8 1.93 45.408022 11.888610 0
5.91 -7.59 1.61 21.8 1.93 45.408022 11.888610 1
5.47 -7.93 1.49 21.85 1.93 45.408022 11.888610 1
5.32 -8.31 1.54 22.36 1.93 45.408022 11.888610 1
5.73 -8.11 1.8 21.9 1.93 45.408022 11.888610 1
6.19 -7.73 1.9 21.92 1.93 45.408022 11.888610 1
6.2 -7.65 1.83 22.12 1.93 45.408022 11.888610 1
6.02 -7.59 1.89 22.23 1.93 45.408022 11.888610 1
6.1 -7.44 1.98 22.57 1.93 45.408022 11.888610 1
6.33 -7.56 1.86 21.99 1.93 45.408022 11.888610 1
6.33 -7.83 1.78 22.09 1.93 45.408022 11.888610 1
6.1 -7.74 1.97 22.16 1.93 45.408022 11.888610 1
5.99 -7.48 2.18 22.23 1.93 45.408022 11.888610 1
6.18 -7.56 2.19 21.61 1.93 45.408022 11.888610 1
6.37 -7.88 2.16 21.78 1.93 45.408022 11.888610 1
6.15 -8.03 2.12 21.68 2.62 45.408019 11.888593 0
5.7 -7.98 1.95 21.8 2.62 45.408019 11.888593 1
5.6 -7.75 1.79 21.54 2.62 45.408019 11.888593 0
5.83 -7.46 1.92 21.97 2.62 45.408019 11.888593 1
5.9 -7.47 2.18 21.87 2.62 45.408019 11.888593 1
5.83 -7.82 2.15 21.71 2.62 45.408019 11.888593 1
