5.84 -7.52 2.1 22.31 3.01 45.407992 11.888370 1
5.67 -7.21 1.89 22.0 3.01 45.407992 11.888370 1
5.74 -7.79 1.75 21.9 3.01 45.407992 11.888370 1
6.06 -8.26 1.85 21.92 3.01 45.407992 11.888370 1
6.34 -7.98 1.9 22.04 3.01 45.407992 11.888370 1
6.22 -7.62 1.79 21.59 3.01 45.407992 11.888370 1
5.9 -7.65 1.67 22.05 3.01 45.407992 11.888370 1
5.87 -7.74 1.58 21.61 3.01 45.407992 11.888370 1
6.07 -7.76 1.53 22.04 3.01 45.407992 11.888370 1
6.05 -7.84 1.69 22.05 3.01 45.407992 11.888370 1
5.82 -7.87 1.9 22.07 3.01 45.407992 11.888370 1
5.7 -7.83 1.75 21.54 3.01 45.407992 11.888370 1
5.74 -7.92 1.48 21.97 3.12 45.407986 11.888328 0
5.84 -7.94 1.57 21.95 3.12 45.407986 11.888328 1
6.02 -7.75 1.81 21.92 3.12 45.407986 11.888328 0
6.16 -7.72 1.76 21.87 3.12 45.407986 11.888328 1
6.12 -7.91 1.67 21.51 3.12 45.407986 11.888328 1
6.02 -7.87 1.81 21.87 3.12 45.407986 11.888328 1
6.09 -7.63 1.85 21.9 3.12 45.407986 11.888328 1
6.17 -7.59 1.67 21.8 3.12 45.407986 11.888328 1
6.05 -7.77 1.67 21.61 3.12 45.407986 11.888328 1
5.82 -7.92 1.93 22.02 3.12 45.407986 11.888328 1
5.7 -8.01 2.09 22.12 3.12 45.407986 11.888328 1
5.71 -7.99 2.1 22.12 3.12 45.407986 11.888328 1
5.74 -7.86 2.08 22.21 3.12 45.407986 11.888328 1
5.76 -7.84 1.91 21.76 3.12 45.407986 11.888328 1
5.78 -7.99 1.63 22.12 3.12 45.407986 11.888328 1
5.88 -8.03 1.56 21.99 3.12 45.407986 11.888328 1
6.04 -7.89 1.72 21.33 3.12 45.407986 11.888328 1
6.12 -7.76 1.79 21.9 3.46 45.407978 11.888284 0
6.06 -7.68 1.69 22.0 3.46 45.407978 11.888284 1
6.0 -7.66 1.64 22.0 3.46 45.407978 11.888284 0
5.95 -7.83 1.68 21.92 3.46 45.407978 11.888284 1
5.83 -8.1 1.66 21.51 3.46 45.407978 11.888284 1
5.68 -8.09 1.53 22.0 3.46 45.407978 11.888284 1
