5.41 -7.69 1.64 21.95 2.57 45.407941 11.888140 1
5.45 -7.73 1.61 21.96 2.57 45.407941 11.888140 1
5.45 -7.77 1.61 21.95 2.57 45.407941 11.888140 1
5.43 -7.73 1.64 21.94 2.57 45.407941 11.888140 1
5.44 -7.72 1.62 21.96 2.57 45.407941 11.888140 1
5.45 -7.75 1.61 21.96 2.57 45.407941 11.888140 1
5.44 -7.75 1.62 21.96 2.57 45.407941 11.888140 1
5.44 -7.73 1.63 21.94 2.57 45.407941 11.888140 1
5.44 -7.75 1.62 21.95 2.57 45.407941 11.888140 1
5.43 -7.75 1.63 21.94 2.57 45.407941 11.888140 1
5.44 -7.74 1.63 21.94 2.57 45.407941 11.888140 1
5.45 -7.74 1.62 21.95 2.57 45.407941 11.888140 1
5.44 -7.74 1.62 21.94 2.57 45.407941 11.888140 1
5.44 -7.74 1.63 21.94 2.57 45.407941 11.888140 1
5.45 -7.75 1.63 21.96 2.57 45.407941 11.888140 1
5.45 -7.75 1.62 21.95 2.57 45.407941 11.888140 1
5.43 -7.74 1.62 21.94 2.57 45.407941 11.888140 1
5.43 -7.73 1.62 21.95 2.57 45.407941 11.888140 1
5.44 -7.74 1.62 21.96 2.57 45.407941 11.888140 1
5.45 -7.74 1.62 21.95 2.57 45.407941 11.888140 1
5.44 -7.74 1.61 21.94 2.57 45.407941 11.888140 1
5.45 -7.74 1.62 21.96 2.57 45.407941 11.888140 1
5.45 -7.74 1.63 21.96 2.57 45.407941 11.888140 1
5.45 -7.74 1.63 21.94 2.57 45.407941 11.888140 1
5.44 -7.74 1.63 21.96 2.57 45.407941 11.888140 1
5.44 -7.74 1.61 21.96 2.57 45.407941 11.888140 1
5.44 -7.73 1.61 21.96 2.57 45.407941 11.888140 1
5.43 -7.74 1.62 21.94 2.57 45.407941 11.888140 1
5.43 -7.75 1.62 21.94 2.57 45.407941 11.888140 1
5.44 -7.75 1.62 21.96 2.57 45.407941 11.888140 1
5.45 -7.74 1.61 21.94 2.57 45.407941 11.888140 1
5.45 -7.74 1.62 21.96 2.57 45.407941 11.888140 1
5.44 -7.74 1.62 21.94 2.57 45.407941 11.888140 1
5.44 -7.75 1.61 21.96 2.57 45.407941 11.888140 1
5.43 -7.75 1.61 21.95 2.57 45.407941 11.888140 1
