5.83 -8.07 1.74 21.8 3.15 45.408015 11.888431 1
5.63 -7.87 2.01 22.26 3.15 45.408015 11.888431 1
5.61 -7.76 2.04 21.9 3.15 45.408015 11.888431 1
5.72 -7.8 1.83 21.99 3.15 45.408015 11.888431 1
5.95 -7.73 1.69 22.07 3.15 45.408015 11.888431 1
6.22 -7.58 1.71 22.17 3.15 45.408015 11.888431 1
6.23 -7.61 1.84 22.09 3.15 45.408015 11.888431 1
5.96 -7.73 2.09 22.12 3.15 45.408015 11.888431 1
5.9 -7.8 2.16 22.72 3.15 45.408015 11.888431 1
6.14 -7.89 1.85 21.92 3.15 45.408015 11.888431 1
6.11 -7.92 1.59 22.48 3.15 45.408015 11.888431 1
5.67 -7.75 1.77 21.64 3.15 45.408015 11.888431 1
5.46 -7.66 2.04 21.57 2.33 45.408000 11.888406 0
5.71 -7.9 1.95 21.45 2.33 45.408000 11.888406 1
5.94 -8.14 1.7 21.83 2.33 45.408000 11.888406 0
5.96 -7.96 1.57 21.88 2.33 45.408000 11.888406 1
5.98 -7.62 1.6 21.92 2.33 45.408000 11.888406 1
6.0 -7.57 1.76 22.69 2.33 45.408000 11.888406 1
5.96 -7.66 1.9 21.97 2.33 45.408000 11.888406 1
6.03 -7.7 1.82 22.0 2.33 45.408000 11.888406 1
6.2 -7.77 1.59 22.07 2.33 45.408000 11.888406 1
6.14 -7.88 1.44 22.57 2.33 45.408000 11.888406 1
5.83 -7.85 1.49 22.48 2.33 45.408000 11.888406 1
5.71 -7.8 1.73 22.05 2.33 45.408000 11.888406 1
5.88 -7.89 2.01 22.02 2.33 45.408000 11.888406 1
5.99 -7.93 2.0 22.47 2.33 45.408000 11.888406 1
5.88 -7.74 1.76 22.17 2.33 45.408000 11.888406 1
5.85 -7.61 1.7 22.04 2.33 45.408000 11.888406 1
5.99 -7.8 1.82 21.9 2.33 45.408000 11.888406 1
6.0 -7.98 1.81 22.0 3.01 45.407992 11.888370 0
5.81 -7.77 1.71 22.84 3.01 45.407992 11.888370 1
5.72 -7.49 1.71 22.42 3.01 45.407992 11.888370 0
5.92 -7.73 1.77 21.64 3.01 45.407992 11.888370 1
6.14 -8.31 1.88 22.64 3.01 45.407992 11.888370 1
6.08 -8.27 2.06 21.9 3.01 45.407992 11.888370 1
