5.84 -8.01 1.66 22.36 2.43 45.408032 11.888503 1
5.8 -7.92 1.61 22.35 2.43 45.408032 11.888503 1
5.9 -7.83 1.81 22.0 2.43 45.408032 11.888503 1
6.05 -7.8 1.93 22.12 2.43 45.408032 11.888503 1
6.05 -7.77 1.86 22.47 2.43 45.408032 11.888503 1
5.95 -7.74 1.8 21.99 2.43 45.408032 11.888503 1
5.96 -7.75 1.77 22.0 2.43 45.408032 11.888503 1
5.99 -7.77 1.68 22.07 2.43 45.408032 11.888503 1
5.94 -7.76 1.63 22.12 2.43 45.408032 11.888503 1
5.93 -7.8 1.79 22.52 2.43 45.408032 11.888503 1
5.99 -7.89 1.88 22.38 2.43 45.408032 11.888503 1
5.93 -7.93 1.69 21.85 2.43 45.408032 11.888503 1
5.77 -7.91 1.55 21.75 2.74 45.408025 11.888470 0
5.78 -7.94 1.67 21.71 2.74 45.408025 11.888470 1
5.9 -7.85 1.8 21.85 2.74 45.408025 11.888470 0
5.92 -7.56 1.8 22.31 2.74 45.408025 11.888470 1
5.94 -7.44 1.87 21.87 2.74 45.408025 11.888470 1
6.1 -7.72 1.91 21.81 2.74 45.408025 11.888470 1
6.23 -7.98 1.76 22.33 2.74 45.408025 11.888470 1
6.21 -7.9 1.69 21.97 2.74 45.408025 11.888470 1
6.15 -7.7 1.88 22.55 2.74 45.408025 11.888470 1
6.03 -7.65 2.02 22.59 2.74 45.408025 11.888470 1
5.76 -7.75 1.95 22.62 2.74 45.408025 11.888470 1
5.6 -7.94 1.86 22.88 2.74 45.408025 11.888470 1
5.75 -8.07 1.85 22.9 2.74 45.408025 11.888470 1
5.94 -8.02 1.85 22.29 2.74 45.408025 11.888470 1
5.9 -7.93 1.85 22.36 2.74 45.408025 11.888470 1
5.79 -7.85 1.84 22.88 2.74 45.408025 11.888470 1
5.86 -7.67 1.77 21.85 2.74 45.408025 11.888470 1
6.04 -7.54 1.72 22.76 3.15 45.408015 11.888431 0
6.17 -7.66 1.74 21.8 3.15 45.408015 11.888431 1
6.15 -7.74 1.8 21.92 3.15 45.408015 11.888431 0
6.07 -7.61 1.78 22.29 3.15 45.408015 11.888431 1
6.05 -7.63 1.67 22.66 3.15 45.408015 11.888431 1
6.01 -7.94 1.58 22.31 3.15 45.408015 11.888431 1
