5.67 -7.75 1.49 22.0 3.46 45.407978 11.888284 1
5.85 -7.57 1.68 22.0 3.46 45.407978 11.888284 1
6.04 -7.88 1.87 21.9 3.46 45.407978 11.888284 1
6.0 -8.21 1.81 22.07 3.46 45.407978 11.888284 1
5.92 -7.94 1.74 21.66 3.46 45.407978 11.888284 1
6.1 -7.4 1.81 22.09 3.46 45.407978 11.888284 1
6.24 -7.42 1.81 21.92 3.46 45.407978 11.888284 1
6.04 -7.84 1.82 21.85 3.46 45.407978 11.888284 1
5.89 -7.9 2.06 21.71 3.46 45.407978 11.888284 1
5.97 -7.81 2.16 21.83 3.46 45.407978 11.888284 1
5.84 -7.99 1.95 22.43 3.46 45.407978 11.888284 1
5.61 -7.86 1.9 21.69 3.46 45.407978 11.888284 1
5.66 -7.45 1.98 22.21 2.52 45.407975 11.888249 0
5.66 -7.72 1.75 21.93 2.52 45.407975 11.888249 1
5.55 -8.33 1.69 21.95 2.52 45.407975 11.888249 0
5.84 -8.12 2.02 21.45 2.52 45.407975 11.888249 1
5.9 -7.53 1.91 21.33 2.52 45.407975 11.888249 1
5.24 -7.0 1.59 21.33 2.52 45.407975 11.888249 1
5.82 -6.39 1.98 20.79 2.52 45.407975 11.888249 1
8.23 -7.33 2.17 21.3 2.52 45.407975 11.888249 1
8.48 -9.88 1.63 21.9 2.52 45.407975 11.888249 1
4.68 -8.89 1.97 25.54 2.52 45.407975 11.888249 1
2.12 -3.59 2.41 25.79 2.52 45.407975 11.888249 1
4.69 -3.14 0.08 21.59 2.52 45.407975 11.888249 1
7.78 -10.4 -2.67 20.32 2.52 45.407975 11.888249 1
6.65 -14.05 -0.88 20.84 2.52 45.407975 11.888249 1
4.2 -8.66 3.29 22.14 2.52 45.407975 11.888249 1
4.53 -4.09 4.0 22.21 2.52 45.407975 11.888249 1
6.31 -5.88 2.03 21.95 2.52 45.407975 11.888249 1
7.06 -7.62 1.57 21.8 3.05 45.407964 11.888211 0
7.15 -6.72 2.32 21.75 3.05 45.407964 11.888211 1
6.99 -7.31 2.19 21.23 3.05 45.407964 11.888211 0
6.14 -8.76 1.78 21.49 3.05 45.407964 11.888211 1
5.31 -7.97 1.79 21.71 3.05 45.407964 11.888211 1
5.47 -6.96 1.7 21.54 3.05 45.407964 11.888211 1
