5.96 -7.94 1.68 22.12 2.72 45.406307 11.895257 1
5.54 -8.18 2.0 22.26 2.72 45.406307 11.895257 1
5.57 -7.63 2.14 22.31 2.72 45.406307 11.895257 1
5.6 -8.05 1.92 22.57 2.72 45.406307 11.895257 1
5.94 -8.26 1.83 21.92 2.72 45.406307 11.895257 1
5.87 -7.79 1.7 21.71 2.71 45.406312 11.895292 0
5.85 -7.95 1.68 22.6 2.71 45.406312 11.895292 1
6.03 -8.29 1.88 22.0 2.71 45.406312 11.895292 0
5.95 -7.24 1.97 21.95 2.71 45.406312 11.895292 1
5.54 -7.56 1.72 22.04 2.71 45.406312 11.895292 1
5.99 -8.06 1.83 22.29 2.71 45.406312 11.895292 1
6.07 -7.71 1.53 21.95 2.71 45.406312 11.895292 1
6.08 -7.99 1.41 23.2 2.71 45.406312 11.895292 1
5.6 -7.77 1.47 22.86 2.71 45.406312 11.895292 1
5.66 -8.07 1.79 21.95 2.71 45.406312 11.895292 1
5.48 -8.0 1.84 22.05 2.71 45.406312 11.895292 1
5.84 -7.88 1.62 22.07 2.71 45.406312 11.895292 1
5.41 -7.37 1.97 22.52 2.71 45.406312 11.895292 1
5.89 -7.88 1.51 21.9 2.71 45.406312 11.895292 1
5.75 -8.3 2.58 21.95 2.71 45.406312 11.895292 1
5.54 -7.93 2.29 22.43 2.71 45.406312 11.895292 1
6.08 -7.52 1.79 49.03 2.71 45.406312 11.895292 1
5.6 -7.76 1.36 22.35 2.71 45.406312 11.895292 1
5.71 -7.93 1.9 21.88 2.44 45.406317 11.895325 0
5.84 -7.78 1.55 21.88 2.44 45.406317 11.895325 1
6.07 -7.93 1.52 21.8 2.44 45.406317 11.895325 0
5.53 -8.01 1.84 22.29 2.44 45.406317 11.895325 1
5.66 -8.02 1.79 22.0 2.44 45.406317 11.895325 1
5.34 -8.03 2.21 22.35 2.44 45.406317 11.895325 1
5.69 -7.8 1.95 22.47 2.44 45.406317 11.895325 1
5.73 -8.12 1.8 23.84 2.44 45.406317 11.895325 1
5.49 -8.06 1.84 23.44 2.44 45.406317 11.895325 1
5.84 -8.11 1.95 22.57 2.44 45.406317 11.895325 1
5.75 -8.03 1.8 22.74 2.44 45.406317 11.895325 1
5.82 -7.58 1.95 22.33 2.44 45.406317 11.895325 1
