5.68 -7.73 1.77 22.24 2.44 45.406317 11.895325 1
5.85 -8.16 1.88 22.62 2.44 45.406317 11.895325 1
5.6 -7.86 1.82 22.93 2.44 45.406317 11.895325 1
6.16 -8.59 1.35 22.64 2.44 45.406317 11.895325 1
5.61 -7.89 1.55 22.09 2.44 45.406317 11.895325 1
5.81 -7.68 1.32 21.95 2.98 45.406321 11.895361 0
5.95 -7.99 1.2 22.86 2.98 45.406321 11.895361 1
5.5 -7.89 1.83 21.87 2.98 45.406321 11.895361 0
5.47 -8.37 1.78 21.85 2.98 45.406321 11.895361 1
5.25 -8.03 1.72 23.67 2.98 45.406321 11.895361 1
5.66 -7.86 1.47 22.45 2.98 45.406321 11.895361 1
5.8 -7.7 1.72 22.81 2.98 45.406321 11.895361 1
5.44 -7.98 1.8 25.35 2.98 45.406321 11.895361 1
5.88 -8.23 2.0 22.33 2.98 45.406321 11.895361 1
5.65 -8.09 2.09 28.93 2.98 45.406321 11.895361 1
5.37 -8.03 1.47 22.48 2.98 45.406321 11.895361 1
5.49 -7.72 1.97 24.08 2.98 45.406321 11.895361 1
5.87 -8.1 1.27 22.57 2.98 45.406321 11.895361 1
5.52 -7.7 1.6 23.32 2.98 45.406321 11.895361 1
5.71 -8.03 1.92 21.9 2.98 45.406321 11.895361 1
5.7 -7.91 1.51 22.43 2.98 45.406321 11.895361 1
5.68 -8.35 1.85 22.35 2.98 45.406321 11.895361 1
5.54 -7.35 1.61 21.88 2.98 45.406321 11.895361 1
5.92 -8.02 1.49 21.95 2.75 45.406322 11.895399 0
6.13 -8.01 1.77 21.92 2.75 45.406322 11.895399 1
5.6 -7.86 2.0 22.35 2.75 45.406322 11.895399 0
5.63 -7.87 2.08 21.88 2.75 45.406322 11.895399 1
5.8 -8.03 2.05 21.92 2.75 45.406322 11.895399 1
6.01 -8.05 1.74 22.26 2.75 45.406322 11.895399 1
5.74 -7.99 1.44 22.78 2.75 45.406322 11.895399 1
5.77 -7.84 1.29 21.61 2.75 45.406322 11.895399 1
5.91 -8.04 1.67 22.02 2.75 45.406322 11.895399 1
5.52 -8.21 1.73 22.09 2.75 45.406322 11.895399 1
5.74 -7.74 1.64 22.05 2.75 45.406322 11.895399 1
5.78 -8.05 1.72 22.05 2.75 45.406322 11.895399 1
