7.73 -5.37 1.74 22.11 2.8 45.406326 11.895475 1
6.25 -11.99 1.99 21.92 2.8 45.406326 11.895475 1
5.07 -4.9 0.81 23.07 2.8 45.406326 11.895475 1
2.98 -6.62 1.72 22.71 2.8 45.406326 11.895475 1
2.85 -5.31 1.76 21.08 2.8 45.406326 11.895475 1
5.77 -11.1 1.28 20.97 2.73 45.406329 11.895511 0
8.52 -8.74 2.3 21.23 2.73 45.406329 11.895511 1
4.1 -8.18 0.92 22.62 2.73 45.406329 11.895511 0
4.27 -7.54 1.54 22.95 2.73 45.406329 11.895511 1
5.28 -6.68 1.83 23.0 2.73 45.406329 11.895511 1
6.24 -5.8 2.35 21.95 2.73 45.406329 11.895511 1
7.22 -10.8 2.28 21.49 2.73 45.406329 11.895511 1
7.22 -8.35 1.86 22.14 2.73 45.406329 11.895511 1
4.65 -8.16 1.25 22.0 2.73 45.406329 11.895511 1
4.33 -7.81 1.59 21.97 2.73 45.406329 11.895511 1
5.59 -7.82 1.61 21.8 2.73 45.406329 11.895511 1
6.8 -8.04 1.61 21.75 2.73 45.406329 11.895511 1
5.97 -8.13 1.38 21.87 2.73 45.406329 11.895511 1
5.11 -8.21 1.77 22.0 2.73 45.406329 11.895511 1
5.64 -8.15 1.27 21.95 2.73 45.406329 11.895511 1
5.94 -7.8 1.63 22.4 2.73 45.406329 11.895511 1
5.97 -8.02 1.52 21.95 2.73 45.406329 11.895511 1
6.05 -7.95 1.69 21.85 2.73 45.406329 11.895511 1
5.63 -8.06 1.89 22.21 2.56 45.406335 11.895545 0
5.78 -7.81 1.94 22.31 2.56 45.406335 11.895545 1
5.59 -7.86 1.99 22.76 2.56 45.406335 11.895545 0
5.91 -7.98 1.64 22.26 2.56 45.406335 11.895545 1
5.74 -8.02 1.76 22.57 2.56 45.406335 11.895545 1
5.53 -8.08 1.7 22.26 2.56 45.406335 11.895545 1
5.98 -7.97 1.62 21.9 2.56 45.406335 11.895545 1
5.94 -7.9 1.67 21.93 2.56 45.406335 11.895545 1
5.83 -7.93 1.61 22.26 2.56 45.406335 11.895545 1
5.8 -7.85 2.03 24.8 2.56 45.406335 11.895545 1
5.69 -7.97 1.81 22.96 2.56 45.406335 11.895545 1
5.91 -7.86 1.83 22.36 2.56 45.406335 11.895545 1
