5.69 -7.98 1.68 21.93 3.09 45.407989 11.888407 1 0
5.71 -8.27 1.53 21.83 3.09 45.407989 11.888407 1 0
5.56 -8.42 1.47 22.52 3.09 45.407989 11.888407 1 0
5.7 -7.89 1.68 22.93 3.09 45.407989 11.888407 1 0
6.08 -7.39 1.89 22.07 3.09 45.407989 11.888407 1 0
6.13 -7.57 1.9 21.97 3.09 45.407989 11.888407 1 0
6.02 -7.68 1.93 22.16 3.09 45.407989 11.888407 1 0
6.12 -7.45 2.03 22.83 3.09 45.407989 11.888407 1 0
6.15 -7.74 1.89 22.71 3.05 45.407988 11.888372 0 0
6.01 -8.31 1.56 21.69 3.05 45.407988 11.888372 1 0
5.99 -8.12 1.52 23.14 3.05 45.407988 11.888372 0 0
5.92 -7.59 1.81 22.91 3.05 45.407988 11.888372 1 0
5.6 -7.7 1.92 22.11 3.05 45.407988 11.888372 1 0
5.56 -8.07 1.71 22.42 3.05 45.407988 11.888372 1 0
5.94 -8.1 1.59 21.85 3.05 45.407988 11.888372 1 0
6.05 -8.04 1.78 21.87 3.05 45.407988 11.888372 1 0
5.8 -7.92 2.02 21.99 3.05 45.407988 11.888372 1 0
5.8 -7.57 2.09 22.45 3.05 45.407988 11.888372 1 0
6.11 -7.43 2.04 22.47 3.05 45.407988 11.888372 1 0
6.27 -7.67 1.99 22.52 3.05 45.407988 11.888372 1 0
6.25 -7.7 1.94 26.43 3.05 45.407988 11.888372 1 0
6.17 -7.58 1.9 22.02 3.05 45.407988 11.888372 1 0
5.97 -7.83 1.85 21.57 3.05 45.407988 11.888372 1 0
5.72 -8.02 1.78 22.11 3.05 45.407988 11.888372 1 0
5.69 -7.68 1.75 21.9 3.05 45.407988 11.888372 1 0
5.91 -7.5 1.8 22.26 3.05 45.407988 11.888372 1 0
6.02 -7.83 1.83 22.29 2.86 45.407984 11.888337 0 0
5.81 -7.88 1.73 22.16 2.86 45.407984 11.888337 1 0
5.72 -7.54 1.65 21.92 2.86 45.407984 11.888337 0 0
6.15 -7.65 1.69 21.83 2.86 45.407984 11.888337 1 0
6.53 -8.11 1.65 22.0 2.86 45.407984 11.888337 1 0
6.15 -8.0 1.53 21.9 2.86 45.407984 11.888337 1 0
5.64 -7.52 1.55 22.11 2.86 45.407984 11.888337 1 0
5.87 -7.6 1.66 21.69 2.86 45.407984 11.888337 1 0
6.23 -8.08 1.6 22.07 2.86 45.407984 11.888337 1 0
