5.44 -7.96 1.87 22.02 2.36 45.406327 11.894237 1 0
5.38 -7.84 1.68 22.29 2.36 45.406327 11.894237 1 0
5.95 -7.94 1.7 21.88 2.36 45.406327 11.894237 1 0
6.18 -7.91 1.82 21.37 2.36 45.406327 11.894237 1 0
5.57 -7.69 1.82 22.93 2.36 45.406327 11.894237 1 0
5.25 -7.73 1.71 22.04 2.36 45.406327 11.894237 1 0
5.87 -8.02 1.59 21.78 2.36 45.406327 11.894237 1 0
6.3 -8.0 1.52 21.93 2.36 45.406327 11.894237 1 0
5.96 -7.66 1.69 22.02 2.36 45.406327 11.894237 1 0
5.72 -7.49 2.01 23.14 2.36 45.406327 11.894237 1 0
5.81 -7.47 2.01 22.5 2.36 45.406327 11.894237 1 0
5.64 -7.39 1.66 24.58 2.36 45.406327 11.894237 1 0
5.47 -7.71 1.49 21.83 2.36 45.406327 11.894237 1 0
5.79 -8.58 1.66 21.69 2.17 45.406324 11.894267 0 0
6.04 -9.01 1.76 21.63 2.17 45.406324 11.894267 1 0
5.79 -8.34 1.72 21.37 2.17 45.406324 11.894267 0 0
5.56 -7.54 1.74 21.95 2.17 45.406324 11.894267 1 0
5.69 -7.46 1.77 22.69 2.17 45.406324 11.894267 1 0
5.88 -7.61 1.73 21.76 2.17 45.406324 11.894267 1 0
6.02 -7.65 1.67 22.04 2.17 45.406324 11.894267 1 0
6.11 -7.99 1.53 21.88 2.17 45.406324 11.894267 1 0
5.9 -8.41 1.46 21.57 2.17 45.406324 11.894267 1 0
5.47 -8.18 1.8 21.73 2.17 45.406324 11.894267 1 0
5.4 -7.68 2.21 22.09 2.17 45.406324 11.894267 1 0
5.83 -7.75 2.06 21.51 2.17 45.406324 11.894267 1 0
6.1 -8.11 1.64 21.44 2.17 45.406324 11.894267 1 0
5.9 -8.11 1.6 21.63 2.17 45.406324 11.894267 1 0
5.79 -7.99 1.68 22.57 2.17 45.406324 11.894267 1 0
5.89 -8.09 1.47 22.72 2.17 45.406324 11.894267 1 0
5.75 -8.05 1.39 21.93 2.17 45.406324 11.894267 1 0
5.6 -7.83 1.73 21.54 2.17 45.406324 11.894267 1 0
5.9 -8.04 1.94 22.19 2.18 45.406325 11.894298 0 0
6.02 -8.44 1.82 22.0 2.18 45.406325 11.894298 1 0
5.68 -8.1 1.81 22.33 2.18 45.406325 11.894298 0 0
5.8 -7.44 1.84 22.04 2.18 45.406325 11.894298 1 0
