5.78 -7.86 1.83 22.81 0.42 45.405687 11.882898 0
5.96 -7.81 1.79 23.22 0.42 45.405687 11.882898 0
6.21 -7.68 1.65 23.19 0.42 45.405687 11.882898 0
6.30 -7.59 1.65 22.79 0.42 45.405687 11.882898 0
6.21 -7.51 1.82 23.27 0.42 45.405687 11.882898 0
6.33 -7.46 1.81 47.97 0.42 45.405687 11.882898 0
6.50 -7.50 1.97 22.71 0.47 45.405685 11.882897 1
6.71 -7.27 1.92 22.16 0.47 45.405685 11.882897 0
6.75 -7.05 1.90 23.07 0.47 45.405685 11.882897 1
6.73 -6.92 1.81 22.48 0.47 45.405685 11.882897 0
6.92 -6.88 1.91 22.36 0.47 45.405685 11.882897 0
6.89 -6.66 1.89 22.29 0.47 45.405685 11.882897 0
6.75 -6.93 1.96 21.69 0.47 45.405685 11.882897 0
7.06 -7.29 1.35 22.05 0.47 45.405685 11.882897 0
6.79 -7.67 1.77 22.36 0.47 45.405685 11.882897 0
6.86 -7.26 1.91 21.80 0.47 45.405685 11.882897 0
6.73 -6.92 1.52 21.20 0.47 45.405685 11.882897 0
6.76 -7.62 2.05 21.23 0.47 45.405685 11.882897 0
6.37 -7.87 1.41 21.92 0.47 45.405685 11.882897 0
6.57 -7.56 2.12 23.03 0.47 45.405685 11.882897 0
6.59 -7.33 2.15 22.88 0.47 45.405685 11.882897 0
5.55 -7.74 1.75 22.62 0.47 45.405685 11.882897 0
5.75 -8.19 1.64 22.36 0.47 45.405685 11.882897 0
5.94 -7.64 2.17 24.10 0.39 45.405685 11.882896 1
6.49 -7.33 2.02 22.40 0.39 45.405685 11.882896 0
5.86 -7.33 2.49 22.57 0.39 45.405685 11.882896 1
5.62 -7.43 2.54 21.57 0.39 45.405685 11.882896 0
5.94 -8.11 1.89 21.81 0.39 45.405685 11.882896 0
5.74 -8.51 2.21 22.62 0.39 45.405685 11.882896 0
5.69 -8.64 2.16 22.19 0.39 45.405685 11.882896 0
5.90 -7.95 2.00 22.57 0.39 45.405685 11.882896 0
6.04 -7.32 2.65 24.25 0.39 45.405685 11.882896 0
6.19 -7.56 2.34 28.11 0.39 45.405685 11.882896 0
6.09 -7.81 2.24 22.42 0.39 45.405685 11.882896 0
6.00 -7.75 2.04 22.42 0.39 45.405685 11.882896 0
5.95 -7.65 2.09 21.92 0.39 45.405685 11.882896 0
5.90 -5.37 2.23 23.08 0.39 45.405685 11.882896 0
6.79 -9.09 2.90 21.69 0.39 45.405685 11.882896 0
4.87 -10.20 1.36 23.12 0.39 45.405685 11.882896 0
5.98 -7.49 2.04 22.38 0.39 45.405685 11.882896 0
6.68 -6.29 2.11 23.43 0.39 45.405685 11.882896 0
5.78 -6.24 2.07 22.55 0.36 45.405676 11.882894 1
6.19 -8.29 2.23 21.92 0.36 45.405676 11.882894 0
6.00 -8.92 1.56 21.69 0.36 45.405676 11.882894 1
6.15 -7.74 1.89 22.93 0.36 45.405676 11.882894 0
6.11 -6.91 2.24 22.66 0.36 45.405676 11.882894 0
6.02 -6.97 1.99 22.38 0.36 45.405676 11.882894 0
6.00 -7.66 1.43 21.66 0.36 45.405676 11.882894 0
6.00 -8.04 1.33 21.69 0.36 45.405676 11.882894 0
5.99 -8.02 1.62 22.36 0.36 45.405676 11.882894 0
6.06 -8.14 1.14 21.54 0.36 45.405676 11.882894 0
5.87 -7.66 1.45 22.00 0.36 45.405676 11.882894 0
5.92 -7.25 2.00 21.49 0.36 45.405676 11.882894 0
5.94 -7.92 1.53 21.45 0.36 45.405676 11.882894 0
5.58 -8.02 1.70 21.92 0.36 45.405676 11.882894 0
5.86 -8.08 1.87 21.68 0.36 45.405676 11.882894 0
5.90 -8.40 1.98 21.92 0.36 45.405676 11.882894 0
6.14 -7.37 1.69 21.93 0.36 45.405676 11.882894 0
6.31 -6.83 1.61 22.05 0.83 45.405660 11.882883 1
6.12 -7.16 1.68 22.57 0.83 45.405660 11.882883 0
6.31 -8.10 2.13 22.26 0.83 45.405660 11.882883 1
6.25 -7.94 2.05 22.50 0.83 45.405660 11.882883 0
6.21 -7.18 2.21 22.98 0.83 45.405660 11.882883 0
5.96 -6.35 2.63 23.36 0.83 45.405660 11.882883 0
6.40 -6.96 2.60 22.45 0.83 45.405660 11.882883 0
6.45 -8.47 2.72 22.57 0.83 45.405660 11.882883 0
5.73 -8.74 2.27 23.05 0.83 45.405660 11.882883 0
5.05 -6.12 2.08 23.12 0.83 45.405660 11.882883 0
6.57 -7.75 2.82 21.90 0.83 45.405660 11.882883 0
6.12 -6.91 2.04 21.56 0.83 45.405660 11.882883 0
6.42 -9.83 2.80 21.85 0.83 45.405660 11.882883 0
5.60 -8.90 1.06 21.69 0.83 45.405660 11.882883 0
6.07 -7.35 2.25 22.02 0.83 45.405660 11.882883 0
5.35 -7.52 2.41 23.43 0.83 45.405660 11.882883 0
5.80 -6.53 1.81 23.72 0.83 45.405660 11.882883 0
5.68 -8.46 1.64 24.61 0.83 45.405660 11.882883 0
5.68 -8.24 1.24 22.35 1.38 45.405634 11.882876 1
5.14 -4.37 1.84 22.36 1.38 45.405634 11.882876 0
8.37 -9.91 0.72 21.03 1.38 45.405634 11.882876 1
5.51 -9.05 0.51 21.59 1.38 45.405634 11.882876 0
5.53 -8.45 2.15 22.50 1.38 45.405634 11.882876 0
5.16 -6.68 2.65 22.40 1.38 45.405634 11.882876 0
6.62 -8.08 1.45 22.09 1.38 45.405634 11.882876 0
5.64 -8.22 1.36 21.40 1.38 45.405634 11.882876 0
6.44 -8.48 1.72 22.47 1.38 45.405634 11.882876 0
7.07 -6.35 1.91 24.35 1.38 45.405634 11.882876 0
5.92 -8.33 1.92 23.27 1.38 45.405634 11.882876 0
5.91 -8.37 1.43 22.47 1.38 45.405634 11.882876 0
6.25 -7.85 2.17 22.96 1.38 45.405634 11.882876 0
6.02 -6.41 1.52 22.12 1.38 45.405634 11.882876 0
7.19 -9.62 1.72 23.20 1.38 45.405634 11.882876 0
5.32 -8.06 2.55 22.26 1.38 45.405634 11.882876 0
5.86 -8.10 1.16 24.68 1.38 45.405634 11.882876 0
5.91 -8.93 1.52 22.36 1.63 45.405624 11.882865 1
5.98 -5.51 2.61 22.05 1.63 45.405624 11.882865 0
5.86 -9.01 1.90 21.64 1.63 45.405624 11.882865 1
5.72 -7.24 2.16 21.66 1.63 45.405624 11.882865 0
5.28 -8.15 0.75 21.08 1.63 45.405624 11.882865 0
5.49 -7.35 2.34 22.33 1.63 45.405624 11.882865 0
6.07 -5.75 1.94 22.00 1.63 45.405624 11.882865 0
6.52 -7.91 1.03 21.97 1.63 45.405624 11.882865 0
6.15 -8.08 2.26 22.91 1.63 45.405624 11.882865 0
5.76 -8.34 1.64 22.71 1.63 45.405624 11.882865 0
5.53 -6.50 1.81 22.00 1.63 45.405624 11.882865 0
6.27 -8.11 1.37 21.56 1.63 45.405624 11.882865 0
6.08 -8.24 2.13 21.37 1.63 45.405624 11.882865 0
5.92 -8.14 1.54 21.57 1.63 45.405624 11.882865 0
6.41 -8.18 1.67 22.02 1.63 45.405624 11.882865 0
5.16 -8.23 1.56 22.36 1.63 45.405624 11.882865 0
4.92 -4.83 0.63 22.24 1.63 45.405624 11.882865 0
7.15 -8.23 2.82 21.39 1.30 45.405616 11.882864 1
6.28 -8.65 1.54 21.68 1.30 45.405616 11.882864 0
6.93 -9.40 1.03 21.75 1.30 45.405616 11.882864 0
5.86 -6.67 4.93 22.14 1.30 45.405616 11.882864 1
5.24 -8.27 1.18 21.90 1.30 45.405616 11.882864 0
5.39 -6.68 1.39 21.93 1.30 45.405616 11.882864 0
6.60 -7.38 1.67 20.94 1.30 45.405616 11.882864 0
6.46 -7.92 1.75 21.78 1.30 45.405616 11.882864 0
6.93 -7.82 1.73 21.54 1.30 45.405616 11.882864 0
4.84 -8.61 2.57 22.07 1.30 45.405616 11.882864 0
5.99 -6.95 0.91 23.19 1.30 45.405616 11.882864 0
6.39 -6.13 1.21 23.38 1.30 45.405616 11.882864 0
4.79 -6.26 1.83 22.71 1.30 45.405616 11.882864 0
6.23 -8.57 2.03 22.11 1.30 45.405616 11.882864 0
5.32 -8.02 2.55 21.23 1.30 45.405616 11.882864 0
5.45 -8.38 1.98 21.87 1.30 45.405616 11.882864 0
5.56 -8.15 1.60 21.40 1.30 45.405616 11.882864 0
6.08 -8.24 2.19 22.29 1.30 45.405616 11.882864 0
4.49 -6.28 1.42 22.00 0.99 45.405622 11.882855 1
6.65 -6.73 1.43 21.93 0.99 45.405622 11.882855 0
6.92 -8.78 0.89 21.85 0.99 45.405622 11.882855 1
5.22 -7.83 1.58 21.18 0.99 45.405622 11.882855 0
6.40 -7.83 1.61 21.33 0.99 45.405622 11.882855 0
6.31 -7.60 1.71 21.44 0.99 45.405622 11.882855 0
6.51 -9.26 1.40 23.43 0.99 45.405622 11.882855 0
5.56 -4.89 2.01 23.43 0.99 45.405622 11.882855 0
4.93 -8.30 1.76 23.48 0.99 45.405622 11.882855 0
6.25 -7.66 1.86 21.75 0.99 45.405622 11.882855 0
5.42 -7.31 1.73 22.54 0.99 45.405622 11.882855 0
6.72 -8.50 1.71 21.44 0.99 45.405622 11.882855 0
5.36 -7.75 0.73 22.45 0.99 45.405622 11.882855 0
6.04 -7.94 1.39 21.80 0.99 45.405622 11.882855 0
4.74 -7.09 2.27 23.17 0.99 45.405622 11.882855 0
7.04 -7.55 2.13 21.33 0.99 45.405622 11.882855 0
5.41 -7.87 2.54 22.78 0.99 45.405622 11.882855 0
6.29 -7.40 3.06 21.49 1.46 45.405610 11.882839 1
5.73 -9.33 1.74 22.86 1.46 45.405610 11.882839 0
5.86 -5.93 2.40 23.38 1.46 45.405610 11.882839 1
5.04 -6.90 0.99 22.21 1.46 45.405610 11.882839 0
7.06 -7.25 2.11 22.48 1.46 45.405610 11.882839 0
6.96 -8.86 2.14 21.93 1.46 45.405610 11.882839 0
5.76 -8.25 2.90 22.24 1.46 45.405610 11.882839 0
6.05 -8.07 0.76 22.91 1.46 45.405610 11.882839 0
4.93 -6.87 1.43 23.12 1.46 45.405610 11.882839 0
5.19 -7.22 0.98 23.70 1.46 45.405610 11.882839 0
6.65 -9.17 1.17 21.30 1.46 45.405610 11.882839 0
5.87 -9.13 1.87 22.96 1.46 45.405610 11.882839 0
5.50 -8.38 1.64 21.76 1.46 45.405610 11.882839 0
5.55 -7.36 1.87 22.11 1.46 45.405610 11.882839 0
5.39 -8.20 2.07 21.75 1.46 45.405610 11.882839 0
5.95 -6.87 1.42 22.26 1.46 45.405610 11.882839 0
6.34 -8.10 2.60 21.66 1.46 45.405610 11.882839 0
5.85 -8.45 1.98 21.37 1.46 45.405610 11.882839 0
5.63 -6.88 1.90 22.09 2.06 45.405588 11.882825 1
6.16 -6.98 1.82 22.00 2.06 45.405588 11.882825 0
5.65 -8.73 1.84 22.12 2.06 45.405588 11.882825 1
5.97 -7.46 2.29 22.31 2.06 45.405588 11.882825 0
6.23 -7.74 2.50 21.64 2.06 45.405588 11.882825 0
5.95 -8.44 2.01 22.24 2.06 45.405588 11.882825 0
5.70 -8.28 1.45 22.09 2.06 45.405588 11.882825 0
5.74 -7.32 1.76 22.91 2.06 45.405588 11.882825 0
