5.58 -7.97 1.98 22.24 0.13 45.405729 11.882959 0
5.87 -7.94 2.08 22.16 0.13 45.405729 11.882959 0
5.71 -7.97 1.69 22.02 0.04 45.405727 11.882959 1
5.69 -7.92 1.73 22.16 0.04 45.405727 11.882959 0
6.08 -7.68 1.60 22.05 0.04 45.405727 11.882959 1
6.81 -7.33 1.46 21.64 0.04 45.405727 11.882959 0
7.33 -6.72 1.67 21.97 0.04 45.405727 11.882959 0
7.58 -6.61 1.73 22.04 0.04 45.405727 11.882959 0
7.78 -6.59 1.64 21.97 0.04 45.405727 11.882959 0
7.28 -6.69 2.00 21.56 0.04 45.405727 11.882959 0
7.34 -7.08 1.78 22.00 0.04 45.405727 11.882959 0
7.20 -7.08 1.83 21.87 0.04 45.405727 11.882959 0
6.79 -6.46 2.44 24.46 0.04 45.405727 11.882959 0
7.47 -6.73 2.26 22.91 0.04 45.405727 11.882959 0
6.67 -7.08 1.78 21.95 0.04 45.405727 11.882959 0
5.90 -8.13 1.89 22.16 0.04 45.405727 11.882959 0
5.90 -7.86 0.98 22.86 0.04 45.405727 11.882959 0
6.37 -7.37 1.42 24.87 0.04 45.405727 11.882959 0
6.87 -7.17 2.00 22.24 0.04 45.405727 11.882959 0
7.08 -7.17 2.06 22.50 0.04 45.405727 11.882959 0
6.44 -6.89 2.00 22.78 0.09 45.405727 11.882962 1
6.24 -7.36 2.46 23.12 0.09 45.405727 11.882962 1
5.99 -7.62 1.72 22.55 0.09 45.405727 11.882962 0
5.75 -7.36 1.96 21.85 0.09 45.405727 11.882962 0
5.90 -7.73 1.75 21.68 0.09 45.405727 11.882962 0
6.14 -8.25 1.16 21.85 0.09 45.405727 11.882962 0
6.31 -7.80 2.48 22.55 0.09 45.405727 11.882962 0
5.92 -7.90 1.75 23.19 0.09 45.405727 11.882962 0
5.67 -8.28 1.55 22.26 0.09 45.405727 11.882962 0
5.99 -7.59 1.66 22.36 0.09 45.405727 11.882962 0
6.29 -6.93 2.02 22.00 0.09 45.405727 11.882962 0
6.03 -6.90 1.87 22.26 0.09 45.405727 11.882962 0
6.05 -7.93 1.46 22.14 0.09 45.405727 11.882962 0
5.58 -9.05 1.39 21.47 0.09 45.405727 11.882962 0
5.90 -8.17 1.82 21.87 0.09 45.405727 11.882962 0
6.46 -6.62 2.40 23.58 0.09 45.405727 11.882962 0
6.42 -6.66 2.16 23.84 0.09 45.405727 11.882962 0
5.87 -7.08 2.02 22.26 0.26 45.405725 11.882957 1
6.00 -7.62 2.13 22.59 0.26 45.405725 11.882957 0
6.20 -8.44 1.65 22.28 0.26 45.405725 11.882957 1
6.41 -7.76 2.06 22.23 0.26 45.405725 11.882957 0
5.82 -6.81 1.91 22.11 0.26 45.405725 11.882957 0
6.44 -7.23 1.58 21.20 0.26 45.405725 11.882957 0
5.99 -8.26 1.98 22.04 0.26 45.405725 11.882957 0
6.14 -8.27 1.95 23.24 0.26 45.405725 11.882957 0
6.12 -8.34 1.25 21.59 0.26 45.405725 11.882957 0
6.02 -7.59 1.36 22.09 0.26 45.405725 11.882957 0
5.92 -6.95 1.27 21.75 0.26 45.405725 11.882957 0
6.02 -7.84 1.38 21.25 0.26 45.405725 11.882957 0
5.75 -8.53 1.75 22.05 0.26 45.405725 11.882957 0
5.89 -7.97 1.89 21.87 0.26 45.405725 11.882957 0
5.86 -7.02 1.78 22.33 0.26 45.405725 11.882957 0
6.09 -7.88 1.70 22.57 0.26 45.405725 11.882957 0
5.72 -8.06 1.78 22.52 0.26 45.405725 11.882957 0
5.99 -7.59 1.85 22.29 0.91 45.405718 11.882940 1
6.18 -7.54 1.92 22.19 0.91 45.405718 11.882940 0
6.28 -6.85 1.84 22.47 0.91 45.405718 11.882940 1
6.48 -7.39 1.62 22.19 0.91 45.405718 11.882940 0
6.54 -8.39 2.00 21.95 0.91 45.405718 11.882940 0
5.99 -8.60 1.73 22.21 0.91 45.405718 11.882940 0
5.46 -7.68 1.73 22.07 0.91 45.405718 11.882940 0
5.82 -7.53 1.66 22.86 0.91 45.405718 11.882940 0
5.55 -6.69 1.99 23.29 0.91 45.405718 11.882940 0
6.54 -8.95 1.84 22.26 0.91 45.405718 11.882940 0
6.36 -8.37 2.15 21.51 0.91 45.405718 11.882940 0
6.62 -8.10 1.40 21.69 0.91 45.405718 11.882940 0
6.23 -7.58 2.18 22.26 0.91 45.405718 11.882940 0
6.22 -7.68 1.96 23.44 0.91 45.405718 11.882940 0
5.63 -8.01 1.86 24.15 0.91 45.405718 11.882940 0
5.35 -5.77 2.13 23.58 0.91 45.405718 11.882940 0
5.87 -7.32 1.41 23.15 0.91 45.405718 11.882940 0
7.52 -7.48 0.80 21.75 0.91 45.405718 11.882940 0
5.58 -10.74 0.58 20.51 1.31 45.405704 11.882922 1
5.86 -8.98 1.64 20.68 1.31 45.405704 11.882922 0
6.81 -9.35 1.55 21.69 1.31 45.405704 11.882922 1
5.51 -7.37 1.47 30.60 1.31 45.405704 11.882922 0
5.69 -6.61 1.48 45.14 1.31 45.405704 11.882922 0
6.65 -5.28 1.41 21.33 1.31 45.405704 11.882922 0
6.43 -7.44 2.17 21.66 1.31 45.405704 11.882922 0
5.11 -8.54 1.59 22.14 1.31 45.405704 11.882922 0
6.36 -8.84 0.96 22.05 1.31 45.405704 11.882922 0
5.18 -7.13 1.47 23.07 1.31 45.405704 11.882922 0
7.14 -6.24 2.00 22.05 1.31 45.405704 11.882922 0
6.90 -8.22 3.37 22.00 1.31 45.405704 11.882922 0
5.00 -10.53 2.01 22.52 1.31 45.405704 11.882922 0
5.51 -7.49 2.53 22.43 1.31 45.405704 11.882922 0
4.69 -8.09 2.15 21.95 1.31 45.405704 11.882922 0
6.18 -6.25 1.62 22.11 1.31 45.405704 11.882922 0
5.14 -6.49 1.92 22.76 1.31 45.405704 11.882922 0
6.98 -9.50 0.91 22.31 1.45 45.405696 11.882908 1
5.69 -7.23 2.95 21.85 1.45 45.405696 11.882908 0
6.26 -7.87 2.05 22.47 1.45 45.405696 11.882908 1
5.72 -6.68 1.79 22.19 1.45 45.405696 11.882908 0
5.73 -7.49 1.76 21.64 1.45 45.405696 11.882908 0
5.66 -8.35 1.40 22.40 1.45 45.405696 11.882908 0
5.37 -8.62 1.35 22.23 1.45 45.405696 11.882908 0
6.43 -5.96 2.36 22.21 1.45 45.405696 11.882908 0
6.40 -7.04 2.30 22.47 1.45 45.405696 11.882908 0
6.76 -7.98 1.92 21.85 1.45 45.405696 11.882908 0
5.37 -9.42 1.74 22.42 1.45 45.405696 11.882908 0
4.84 -6.42 1.41 21.95 1.45 45.405696 11.882908 0
6.29 -8.22 1.75 26.86 1.45 45.405696 11.882908 0
5.67 -7.74 1.56 21.92 1.45 45.405696 11.882908 0
6.03 -7.56 1.36 21.37 1.45 45.405696 11.882908 0
5.48 -7.93 1.23 24.03 1.45 45.405696 11.882908 0
5.63 -7.69 1.93 22.50 1.45 45.405696 11.882908 0
5.84 -8.26 1.78 21.39 1.45 45.405696 11.882908 0
5.89 -7.08 1.69 22.81 1.83 45.405684 11.882891 1
6.39 -8.71 1.51 22.29 1.83 45.405684 11.882891 0
5.51 -7.59 1.57 22.14 1.83 45.405684 11.882891 1
5.40 -7.27 1.57 22.14 1.83 45.405684 11.882891 0
6.14 -6.70 1.60 21.80 1.83 45.405684 11.882891 0
6.93 -6.94 1.70 21.44 1.83 45.405684 11.882891 0
6.65 -8.22 1.96 21.45 1.83 45.405684 11.882891 0
5.56 -8.11 2.03 21.69 1.83 45.405684 11.882891 0
5.71 -8.23 1.07 22.26 1.83 45.405684 11.882891 0
5.42 -6.55 1.60 21.64 1.83 45.405684 11.882891 0
5.66 -8.41 2.09 23.75 1.83 45.405684 11.882891 0
5.85 -8.51 2.02 22.04 1.83 45.405684 11.882891 0
5.33 -6.96 1.74 23.63 1.83 45.405684 11.882891 0
6.86 -7.77 1.78 22.62 1.83 45.405684 11.882891 0
6.84 -8.22 1.87 22.78 1.83 45.405684 11.882891 0
6.68 -7.01 1.35 22.78 1.83 45.405684 11.882891 0
5.91 -7.34 1.55 23.07 1.83 45.405684 11.882891 0
6.82 -8.88 2.50 21.51 2.18 45.405671 11.882871 1
6.70 -8.49 1.56 21.88 2.18 45.405671 11.882871 0
5.92 -6.43 2.10 23.08 2.18 45.405671 11.882871 1
5.44 -8.27 1.93 22.55 2.18 45.405671 11.882871 0
5.68 -7.78 2.15 21.40 2.18 45.405671 11.882871 0
6.20 -7.30 2.21 22.00 2.18 45.405671 11.882871 0
6.05 -8.01 2.11 21.51 2.18 45.405671 11.882871 0
4.74 -8.66 1.53 22.05 2.18 45.405671 11.882871 0
4.70 -7.21 1.16 22.00 2.18 45.405671 11.882871 0
6.65 -7.75 1.52 21.09 2.18 45.405671 11.882871 0
6.19 -8.64 1.52 21.16 2.18 45.405671 11.882871 0
6.02 -7.22 1.67 22.17 2.18 45.405671 11.882871 0
5.09 -8.14 2.11 22.54 2.18 45.405671 11.882871 0
5.56 -7.12 1.25 24.75 2.18 45.405671 11.882871 0
5.87 -6.61 1.43 22.00 2.18 45.405671 11.882871 0
6.97 -7.85 3.38 22.76 2.18 45.405671 11.882871 0
4.30 -10.31 3.53 22.62 2.18 45.405671 11.882871 0
5.80 -8.34 1.27 22.48 2.24 45.405662 11.882851 1
5.06 -8.83 1.43 23.17 2.24 45.405662 11.882851 0
6.56 -5.12 1.05 21.90 2.24 45.405662 11.882851 1
7.14 -7.75 2.26 21.49 2.24 45.405662 11.882851 0
5.99 -10.16 1.03 21.92 2.24 45.405662 11.882851 0
5.07 -8.43 1.44 21.42 2.24 45.405662 11.882851 0
5.71 -7.01 1.11 22.02 2.24 45.405662 11.882851 0
5.50 -6.89 1.51 21.44 2.24 45.405662 11.882851 0
5.53 -7.94 1.25 21.66 2.24 45.405662 11.882851 0
6.91 -9.45 1.93 21.73 2.24 45.405662 11.882851 0
5.01 -7.95 2.03 22.31 2.24 45.405662 11.882851 0
6.91 -8.44 0.88 22.81 2.24 45.405662 11.882851 0
4.78 -5.10 1.77 22.47 2.24 45.405662 11.882851 0
5.15 -7.96 1.28 22.60 2.24 45.405662 11.882851 0
5.83 -9.26 3.09 21.80 2.24 45.405662 11.882851 0
6.38 -6.75 1.71 21.85 2.24 45.405662 11.882851 0
5.23 -7.08 2.13 21.92 2.24 45.405662 11.882851 0
5.99 -8.63 1.99 21.33 2.24 45.405662 11.882851 0
5.70 -7.13 1.62 21.95 1.89 45.405653 11.882840 1
5.22 -8.67 1.96 21.25 1.89 45.405653 11.882840 0
4.89 -7.64 1.67 23.19 1.89 45.405653 11.882840 1
6.73 -8.93 1.57 22.35 1.89 45.405653 11.882840 0
5.91 -9.05 3.07 22.33 1.89 45.405653 11.882840 0
