5.87 -7.81 2.03 22.09 0.04 45.405718 11.882910 0
6.36 -7.45 2.16 22.02 0.04 45.405718 11.882910 0
6.84 -7.10 2.21 22.02 0.04 45.405718 11.882910 0
7.21 -6.98 2.06 22.31 0.04 45.405718 11.882910 0
7.30 -6.94 1.81 22.40 0.04 45.405718 11.882910 0
7.04 -7.01 1.71 22.76 0.08 45.405718 11.882909 1
6.96 -7.27 1.91 22.60 0.08 45.405718 11.882909 0
6.95 -7.05 2.07 22.74 0.08 45.405718 11.882909 1
6.94 -6.59 2.00 22.74 0.08 45.405718 11.882909 0
7.02 -6.58 2.40 23.12 0.08 45.405718 11.882909 0
6.87 -6.55 2.08 22.36 0.08 45.405718 11.882909 0
7.12 -6.72 1.99 22.31 0.08 45.405718 11.882909 0
7.22 -6.96 1.64 21.61 0.08 45.405718 11.882909 0
6.85 -7.39 1.47 22.00 0.08 45.405718 11.882909 0
6.41 -7.52 1.44 21.83 0.08 45.405718 11.882909 0
6.33 -7.93 2.07 22.42 0.08 45.405718 11.882909 0
6.18 -8.06 1.90 21.87 0.08 45.405718 11.882909 0
6.73 -7.70 1.17 22.62 0.08 45.405718 11.882909 0
7.23 -6.83 1.13 22.45 0.08 45.405718 11.882909 0
7.06 -6.80 1.82 22.19 0.08 45.405718 11.882909 0
7.10 -7.43 1.89 22.60 0.08 45.405718 11.882909 0
6.89 -7.31 1.75 22.90 0.08 45.405718 11.882909 0
6.38 -6.62 2.10 22.23 0.06 45.405720 11.882910 1
5.76 -7.46 1.87 22.04 0.06 45.405720 11.882910 0
5.52 -8.78 2.33 21.25 0.06 45.405720 11.882910 1
5.38 -8.60 1.44 21.59 0.06 45.405720 11.882910 0
6.79 -7.64 1.42 22.11 0.06 45.405720 11.882910 0
6.11 -7.34 2.54 22.24 0.06 45.405720 11.882910 0
5.75 -8.06 1.43 21.39 0.06 45.405720 11.882910 0
6.59 -6.89 1.94 21.49 0.06 45.405720 11.882910 0
6.54 -6.53 2.08 22.31 0.06 45.405720 11.882910 0
6.12 -7.96 2.18 22.16 0.06 45.405720 11.882910 0
5.68 -9.12 1.80 22.35 0.06 45.405720 11.882910 0
5.65 -8.32 2.00 22.31 0.06 45.405720 11.882910 0
6.67 -6.41 2.16 22.40 0.06 45.405720 11.882910 0
6.94 -6.42 2.74 23.55 0.06 45.405720 11.882910 0
7.02 -7.16 1.18 22.42 0.06 45.405720 11.882910 0
6.17 -8.32 1.67 22.31 0.06 45.405720 11.882910 0
6.16 -8.15 2.09 22.55 0.06 45.405720 11.882910 0
6.08 -6.53 1.91 21.93 1.03 45.405709 11.882901 1
6.81 -7.26 2.09 22.14 1.03 45.405709 11.882901 0
5.85 -7.41 1.33 21.87 1.03 45.405709 11.882901 1
6.21 -8.85 1.70 21.27 1.03 45.405709 11.882901 0
6.72 -7.64 1.11 21.75 1.03 45.405709 11.882901 0
6.20 -6.45 1.52 22.00 1.03 45.405709 11.882901 0
6.23 -7.47 2.07 21.18 1.03 45.405709 11.882901 0
5.73 -9.27 1.19 21.78 1.03 45.405709 11.882901 0
5.50 -7.31 1.44 21.99 1.03 45.405709 11.882901 0
6.36 -7.48 1.64 22.24 1.03 45.405709 11.882901 0
6.38 -7.56 1.95 22.45 1.03 45.405709 11.882901 0
5.59 -8.31 2.01 23.17 1.03 45.405709 11.882901 0
6.01 -7.49 2.13 22.60 1.03 45.405709 11.882901 0
6.34 -6.81 2.24 22.83 1.03 45.405709 11.882901 0
6.86 -7.60 1.76 22.38 1.03 45.405709 11.882901 0
5.59 -8.54 2.07 22.40 1.03 45.405709 11.882901 0
5.37 -6.31 2.09 22.55 1.03 45.405709 11.882901 0
7.34 -6.05 2.34 21.49 1.03 45.405709 11.882901 0
6.58 -9.50 2.55 20.97 0.76 45.405710 11.882889 1
5.94 -8.23 2.55 22.00 0.76 45.405710 11.882889 0
6.88 -8.49 1.46 23.60 0.76 45.405710 11.882889 1
5.63 -7.05 1.98 23.53 0.76 45.405710 11.882889 0
4.63 -6.77 2.05 23.22 0.76 45.405710 11.882889 0
8.88 -9.71 4.59 23.26 0.76 45.405710 11.882889 0
4.81 -3.65 3.00 21.20 0.76 45.405710 11.882889 0
6.37 -12.39 3.12 20.87 0.76 45.405710 11.882889 0
5.23 -9.95 1.86 22.23 0.76 45.405710 11.882889 0
6.20 -7.62 1.33 21.97 0.76 45.405710 11.882889 0
5.06 -4.96 1.65 22.76 0.76 45.405710 11.882889 0
7.68 -5.67 1.85 22.50 0.76 45.405710 11.882889 0
6.44 -7.57 2.05 21.59 0.76 45.405710 11.882889 0
5.80 -8.44 0.17 22.62 0.76 45.405710 11.882889 0
5.40 -9.66 1.92 22.02 0.76 45.405710 11.882889 0
6.20 -6.98 1.47 22.36 0.76 45.405710 11.882889 0
6.58 -6.16 1.13 24.63 0.76 45.405710 11.882889 0
5.67 -8.18 2.25 21.80 2.12 45.405713 11.882879 1
5.44 -7.07 2.27 21.52 2.12 45.405713 11.882879 0
8.35 -9.33 0.44 21.92 2.12 45.405713 11.882879 1
4.26 -7.65 2.51 23.29 2.12 45.405713 11.882879 0
4.97 -8.14 0.63 21.95 2.12 45.405713 11.882879 0
6.61 -8.07 2.47 21.78 2.12 45.405713 11.882879 0
5.99 -7.12 2.65 22.66 2.12 45.405713 11.882879 0
6.42 -5.66 1.41 24.04 2.12 45.405713 11.882879 0
7.18 -8.79 1.36 22.71 2.12 45.405713 11.882879 0
5.47 -7.59 1.91 21.56 2.12 45.405713 11.882879 0
6.51 -8.17 1.89 21.44 2.12 45.405713 11.882879 0
5.79 -7.44 1.72 21.28 2.12 45.405713 11.882879 0
6.40 -7.40 1.92 21.75 2.12 45.405713 11.882879 0
6.27 -7.16 1.59 22.45 2.12 45.405713 11.882879 0
4.88 -7.49 1.39 22.26 2.12 45.405713 11.882879 0
5.34 -6.58 1.87 23.43 2.12 45.405713 11.882879 0
6.46 -8.66 1.49 22.98 2.12 45.405713 11.882879 0
5.58 -8.57 1.58 21.85 2.12 45.405713 11.882879 0
6.00 -8.65 1.28 21.59 3.01 45.405703 11.882884 1
5.89 -8.13 1.74 21.54 3.01 45.405703 11.882884 0
6.35 -6.58 1.36 21.99 3.01 45.405703 11.882884 1
6.67 -7.23 1.44 21.75 3.01 45.405703 11.882884 0
5.74 -9.41 1.75 21.75 3.01 45.405703 11.882884 0
5.94 -7.38 2.46 21.80 3.01 45.405703 11.882884 0
6.81 -7.40 1.74 21.64 3.01 45.405703 11.882884 0
7.69 -7.54 0.14 21.57 3.01 45.405703 11.882884 0
5.64 -8.95 1.92 21.81 3.01 45.405703 11.882884 0
3.28 -8.27 2.47 24.49 3.01 45.405703 11.882884 0
6.05 -7.02 0.10 21.90 3.01 45.405703 11.882884 0
6.38 -9.28 2.13 21.90 3.01 45.405703 11.882884 0
5.79 -7.48 1.71 21.28 3.01 45.405703 11.882884 0
5.00 -7.42 1.62 28.26 3.01 45.405703 11.882884 0
6.90 -8.37 2.92 22.16 3.01 45.405703 11.882884 0
6.21 -7.29 1.57 22.00 3.01 45.405703 11.882884 0
7.26 -8.55 1.15 23.22 3.01 45.405703 11.882884 0
5.54 -6.73 1.89 22.35 2.95 45.405687 11.882884 1
6.73 -8.38 1.71 22.83 2.95 45.405687 11.882884 0
5.46 -7.21 2.36 21.85 2.95 45.405687 11.882884 1
6.77 -8.66 2.08 21.69 2.95 45.405687 11.882884 0
6.48 -8.11 1.29 21.73 2.95 45.405687 11.882884 0
5.06 -8.09 1.78 21.33 2.95 45.405687 11.882884 0
4.60 -6.78 2.03 21.13 2.95 45.405687 11.882884 0
6.09 -8.28 1.47 23.80 2.95 45.405687 11.882884 0
6.40 -7.89 2.08 21.75 2.95 45.405687 11.882884 0
5.64 -9.02 1.79 22.07 2.95 45.405687 11.882884 0
5.61 -7.09 1.34 27.61 2.95 45.405687 11.882884 0
5.51 -6.94 1.35 26.19 2.95 45.405687 11.882884 0
7.73 -9.00 1.75 22.62 2.95 45.405687 11.882884 0
6.08 -9.10 0.77 22.66 2.95 45.405687 11.882884 0
7.66 -8.28 1.23 23.17 2.95 45.405687 11.882884 0
6.05 -7.29 1.03 22.48 2.95 45.405687 11.882884 0
6.75 -9.52 1.55 21.69 2.95 45.405687 11.882884 0
6.10 -7.46 1.55 21.39 1.23 45.405682 11.882877 1
6.30 -10.04 1.69 25.62 1.23 45.405682 11.882877 0
6.25 -8.97 0.34 21.90 1.23 45.405682 11.882877 1
4.73 -6.86 1.39 21.47 1.23 45.405682 11.882877 0
5.35 -6.77 1.53 21.28 1.23 45.405682 11.882877 0
5.10 -8.09 1.88 22.04 1.23 45.405682 11.882877 0
6.25 -7.87 2.32 22.42 1.23 45.405682 11.882877 0
5.73 -7.56 1.07 23.07 1.23 45.405682 11.882877 0
5.63 -8.06 1.52 24.04 1.23 45.405682 11.882877 0
5.63 -6.80 2.00 22.40 1.23 45.405682 11.882877 0
6.58 -7.44 2.39 22.04 1.23 45.405682 11.882877 0
7.18 -7.57 2.52 21.23 1.23 45.405682 11.882877 0
