5.31 -8.23 2.00 22.42 0.12 45.405723 11.882971 0
5.20 -8.20 2.19 22.42 0.12 45.405723 11.882971 0
5.73 -8.14 1.97 22.42 0.12 45.405723 11.882971 0
5.99 -7.69 2.44 22.36 0.12 45.405723 11.882971 0
6.44 -7.48 2.29 22.36 0.12 45.405723 11.882971 0
6.20 -7.65 2.26 22.67 0.12 45.405723 11.882971 0
6.20 -7.56 2.20 22.71 0.24 45.405724 11.882969 1
6.59 -7.31 2.02 22.26 0.24 45.405724 11.882969 0
6.78 -7.23 2.29 21.90 0.24 45.405724 11.882969 1
6.99 -7.00 2.04 22.35 0.24 45.405724 11.882969 0
7.22 -6.93 1.76 21.88 0.24 45.405724 11.882969 0
7.18 -7.10 1.88 22.35 0.24 45.405724 11.882969 0
7.02 -7.14 2.04 23.07 0.24 45.405724 11.882969 0
6.84 -6.35 1.76 22.86 0.24 45.405724 11.882969 0
7.51 -6.69 1.67 22.76 0.24 45.405724 11.882969 0
6.38 -6.99 2.40 22.07 0.24 45.405724 11.882969 0
6.62 -7.83 1.87 22.26 0.24 45.405724 11.882969 0
6.42 -7.62 1.68 22.05 0.24 45.405724 11.882969 0
6.34 -7.64 1.64 21.95 0.24 45.405724 11.882969 0
6.65 -7.44 1.54 22.76 0.24 45.405724 11.882969 0
6.51 -7.03 1.97 21.87 0.24 45.405724 11.882969 0
6.77 -7.25 2.30 23.17 0.24 45.405724 11.882969 0
6.35 -7.69 2.11 21.37 0.24 45.405724 11.882969 0
6.08 -7.52 2.25 22.14 0.16 45.405724 11.882967 1
6.30 -7.23 2.14 22.36 0.16 45.405724 11.882967 0
6.59 -7.21 2.17 22.47 0.16 45.405724 11.882967 1
6.22 -7.81 2.53 24.58 0.16 45.405724 11.882967 0
6.11 -7.76 2.12 22.42 0.16 45.405724 11.882967 0
5.80 -7.60 2.06 22.60 0.16 45.405724 11.882967 0
6.08 -7.15 2.37 22.24 0.16 45.405724 11.882967 0
6.00 -7.31 1.91 22.42 0.16 45.405724 11.882967 0
6.67 -8.58 2.91 21.64 0.16 45.405724 11.882967 0
6.23 -8.98 1.56 22.42 0.16 45.405724 11.882967 0
5.38 -8.00 1.50 21.95 0.16 45.405724 11.882967 0
6.04 -7.30 2.24 22.50 0.16 45.405724 11.882967 0
5.90 -7.48 2.05 22.05 0.16 45.405724 11.882967 0
5.50 -8.03 1.82 22.28 0.16 45.405724 11.882967 0
6.18 -7.17 1.85 22.28 0.16 45.405724 11.882967 0
6.79 -7.45 1.57 21.76 0.16 45.405724 11.882967 0
6.69 -8.52 1.74 21.85 0.16 45.405724 11.882967 0
5.93 -8.31 0.77 21.93 0.16 45.405724 11.882967 0
6.30 -7.07 1.17 22.12 0.54 45.405714 11.882968 1
6.63 -6.80 2.43 21.80 0.54 45.405714 11.882968 0
6.34 -7.06 1.67 22.11 0.54 45.405714 11.882968 1
6.13 -7.33 2.48 22.26 0.54 45.405714 11.882968 0
6.34 -8.15 2.22 22.24 0.54 45.405714 11.882968 0
6.31 -7.80 2.51 22.35 0.54 45.405714 11.882968 0
6.19 -6.95 1.89 22.52 0.54 45.405714 11.882968 0
6.70 -7.34 2.17 22.31 0.54 45.405714 11.882968 0
6.00 -7.59 2.06 22.54 0.54 45.405714 11.882968 0
5.68 -8.67 2.41 21.57 0.54 45.405714 11.882968 0
5.54 -8.68 1.81 21.61 0.54 45.405714 11.882968 0
5.52 -7.34 0.98 27.49 0.54 45.405714 11.882968 0
6.13 -7.02 1.99 21.75 0.54 45.405714 11.882968 0
5.86 -8.23 1.95 22.12 0.54 45.405714 11.882968 0
5.70 -9.36 2.11 21.95 0.54 45.405714 11.882968 0
6.00 -7.10 2.19 22.52 0.54 45.405714 11.882968 0
6.38 -7.02 2.08 22.19 0.54 45.405714 11.882968 0
5.57 -6.68 1.88 22.35 1.53 45.405702 11.882952 1
6.32 -9.06 1.68 22.55 1.53 45.405702 11.882952 0
6.01 -8.22 1.47 22.42 1.53 45.405702 11.882952 1
6.42 -6.52 1.61 22.76 1.53 45.405702 11.882952 0
6.21 -6.93 1.74 24.06 1.53 45.405702 11.882952 0
6.46 -7.84 1.57 22.29 1.53 45.405702 11.882952 0
5.65 -9.14 1.78 23.43 1.53 45.405702 11.882952 0
5.86 -6.87 1.94 23.03 1.53 45.405702 11.882952 0
5.58 -5.37 2.69 22.05 1.53 45.405702 11.882952 0
5.89 -7.48 2.66 21.25 1.53 45.405702 11.882952 0
6.63 -8.08 2.26 21.23 1.53 45.405702 11.882952 0
5.95 -9.55 1.29 20.99 1.53 45.405702 11.882952 0
6.34 -7.76 1.86 22.79 1.53 45.405702 11.882952 0
6.45 -8.40 2.14 23.03 1.53 45.405702 11.882952 0
5.37 -6.86 2.21 24.04 1.53 45.405702 11.882952 0
6.28 -4.81 2.01 23.99 1.53 45.405702 11.882952 0
6.55 -7.10 1.52 23.00 1.53 45.405702 11.882952 0
7.86 -9.33 2.67 21.71 1.53 45.405702 11.882952 0
4.99 -9.17 1.48 21.44 2.31 45.405693 11.882930 1
5.34 -8.47 1.36 21.59 2.31 45.405693 11.882930 0
5.88 -7.75 1.97 21.63 2.31 45.405693 11.882930 1
6.70 -7.46 1.21 22.29 2.31 45.405693 11.882930 0
6.60 -6.84 1.49 22.11 2.31 45.405693 11.882930 0
5.86 -7.05 2.75 21.40 2.31 45.405693 11.882930 0
6.32 -7.43 2.70 21.69 2.31 45.405693 11.882930 0
7.30 -8.86 -0.41 22.52 2.31 45.405693 11.882930 0
6.70 -7.90 1.38 23.50 2.31 45.405693 11.882930 0
6.76 -8.37 0.06 23.07 2.31 45.405693 11.882930 0
5.82 -6.38 2.48 22.14 2.31 45.405693 11.882930 0
2.98 -8.24 5.78 22.57 2.31 45.405693 11.882930 0
6.74 -9.19 1.40 21.75 2.31 45.405693 11.882930 0
7.64 -9.01 1.92 22.23 2.31 45.405693 11.882930 0
9.22 -8.96 0.23 21.76 2.31 45.405693 11.882930 0
8.22 -5.86 3.13 21.69 2.31 45.405693 11.882930 0
7.12 -8.61 0.66 22.00 2.31 45.405693 11.882930 0
5.69 -8.09 1.58 24.23 2.72 45.405685 11.882930 1
5.89 -6.67 2.27 24.54 2.72 45.405685 11.882930 0
6.62 -7.85 0.91 22.69 2.72 45.405685 11.882930 1
6.99 -7.30 2.84 21.90 2.72 45.405685 11.882930 0
6.02 -8.17 1.90 21.75 2.72 45.405685 11.882930 0
6.54 -7.89 3.07 21.57 2.72 45.405685 11.882930 0
4.28 -9.40 1.56 21.49 2.72 45.405685 11.882930 0
6.05 -7.22 1.77 22.47 2.72 45.405685 11.882930 0
5.74 -7.76 1.40 22.67 2.72 45.405685 11.882930 0
5.83 -6.85 1.21 21.90 2.72 45.405685 11.882930 0
5.74 -7.79 3.00 22.26 2.72 45.405685 11.882930 0
6.32 -6.95 0.22 25.64 2.72 45.405685 11.882930 0
6.30 -6.84 2.14 21.57 2.72 45.405685 11.882930 0
8.03 -8.65 1.09 21.54 2.72 45.405685 11.882930 0
5.45 -7.04 0.78 21.44 2.72 45.405685 11.882930 0
4.82 -7.58 0.82 21.75 2.72 45.405685 11.882930 0
6.35 -7.87 1.75 22.81 2.72 45.405685 11.882930 0
5.54 -7.55 1.57 22.00 1.98 45.405675 11.882911 1
6.50 -7.16 1.64 21.90 1.98 45.405675 11.882911 0
6.32 -7.51 1.64 22.60 1.98 45.405675 11.882911 0
5.77 -7.72 1.17 21.44 1.98 45.405675 11.882911 1
6.24 -7.85 1.97 23.79 1.98 45.405675 11.882911 0
5.57 -8.22 1.90 22.14 1.98 45.405675 11.882911 0
5.33 -7.59 2.29 22.04 1.98 45.405675 11.882911 0
6.17 -7.75 1.66 21.69 1.98 45.405675 11.882911 0
6.17 -7.77 1.26 23.17 1.98 45.405675 11.882911 0
5.74 -6.49 1.20 23.43 1.98 45.405675 11.882911 0
7.55 -10.25 2.13 21.66 1.98 45.405675 11.882911 0
4.30 -7.12 3.26 21.71 1.98 45.405675 11.882911 0
6.34 -8.04 1.84 22.33 1.98 45.405675 11.882911 0
6.28 -7.90 2.06 22.16 1.98 45.405675 11.882911 0
6.20 -7.18 2.03 22.05 1.98 45.405675 11.882911 0
5.69 -6.98 2.35 23.46 1.98 45.405675 11.882911 0
6.31 -8.18 2.73 22.78 1.98 45.405675 11.882911 0
5.52 -7.27 2.24 22.60 1.98 45.405675 11.882911 0
6.21 -8.99 2.07 21.56 2.37 45.405666 11.882896 1
6.38 -8.25 1.16 22.47 2.37 45.405666 11.882896 0
5.17 -8.21 1.67 21.80 2.37 45.405666 11.882896 1
4.38 -7.29 1.42 22.50 2.37 45.405666 11.882896 0
6.39 -8.20 1.58 21.09 2.37 45.405666 11.882896 0
6.10 -8.17 1.32 20.97 2.37 45.405666 11.882896 0
6.09 -6.25 2.17 22.00 2.37 45.405666 11.882896 0
5.51 -7.76 1.27 23.68 2.37 45.405666 11.882896 0
6.46 -7.82 1.57 22.57 2.37 45.405666 11.882896 0
5.82 -6.74 1.85 22.35 2.37 45.405666 11.882896 0
7.41 -9.02 1.16 21.92 2.37 45.405666 11.882896 0
6.53 -8.64 1.03 22.88 2.37 45.405666 11.882896 0
5.62 -8.24 2.34 23.56 2.37 45.405666 11.882896 0
5.53 -8.21 1.07 22.71 2.37 45.405666 11.882896 0
5.32 -5.98 1.61 22.36 2.37 45.405666 11.882896 0
6.60 -10.22 2.32 20.91 2.37 45.405666 11.882896 0
5.40 -8.88 1.12 22.23 2.37 45.405666 11.882896 0
5.84 -9.35 1.79 21.64 2.57 45.405653 11.882870 1
5.20 -6.60 2.14 23.79 2.57 45.405653 11.882870 0
7.18 -7.49 1.48 21.49 2.57 45.405653 11.882870 1
4.20 -7.08 2.23 22.24 2.57 45.405653 11.882870 0
6.62 -9.07 1.13 21.85 2.57 45.405653 11.882870 0
5.25 -7.30 2.48 21.69 2.57 45.405653 11.882870 0
5.91 -7.41 1.82 22.71 2.57 45.405653 11.882870 0
5.59 -7.86 1.65 24.34 2.57 45.405653 11.882870 0
6.01 -9.52 2.17 22.47 2.57 45.405653 11.882870 0
6.24 -6.61 1.82 21.87 2.57 45.405653 11.882870 0
5.33 -8.47 1.50 22.17 2.57 45.405653 11.882870 0
6.29 -8.37 1.37 21.45 2.57 45.405653 11.882870 0
5.68 -7.33 2.45 22.60 2.57 45.405653 11.882870 0
5.60 -8.48 1.97 22.42 2.57 45.405653 11.882870 0
5.12 -6.69 2.15 22.36 2.57 45.405653 11.882870 0
6.02 -8.75 1.68 21.45 2.57 45.405653 11.882870 0
6.40 -8.27 1.80 22.26 2.57 45.405653 11.882870 0
