5.70 -7.95 2.19 22.55 0.27 45.405727 11.882999 0
5.61 -7.95 2.03 22.52 0.27 45.405727 11.882999 0
5.88 -7.87 2.01 22.67 0.27 45.405727 11.882999 0
5.64 -8.00 2.22 22.64 0.27 45.405727 11.882999 0
5.61 -7.97 2.37 22.69 0.27 45.405727 11.882999 0
5.56 -7.99 2.12 22.71 0.27 45.405727 11.882999 0
5.64 -7.99 2.21 22.71 0.27 45.405727 11.882999 0
5.60 -7.98 2.14 22.71 0.27 45.405727 11.882999 0
5.35 -8.14 2.05 22.71 0.27 45.405727 11.882999 0
5.52 -8.10 2.05 22.71 0.27 45.405727 11.882999 0
5.29 -8.14 2.08 22.67 0.27 45.405727 11.882999 0
5.42 -8.15 2.06 22.54 0.27 45.405727 11.882999 0
5.70 -8.08 1.90 22.50 0.11 45.405723 11.883004 1
5.94 -7.82 2.10 22.52 0.11 45.405723 11.883004 0
6.21 -7.51 2.08 22.88 0.11 45.405723 11.883004 1
5.68 -7.77 2.29 22.35 0.11 45.405723 11.883004 0
6.38 -7.45 2.16 22.31 0.11 45.405723 11.883004 0
7.74 -6.40 2.19 22.29 0.11 45.405723 11.883004 0
9.38 -6.00 2.71 21.85 0.11 45.405723 11.883004 0
8.80 -5.33 2.39 23.22 0.11 45.405723 11.883004 0
7.52 -5.43 1.89 22.42 0.11 45.405723 11.883004 0
6.25 -7.21 1.68 22.60 0.11 45.405723 11.883004 0
4.88 -8.76 1.40 22.35 0.11 45.405723 11.883004 0
5.09 -8.64 2.06 22.24 0.11 45.405723 11.883004 0
6.44 -7.39 2.11 22.17 0.11 45.405723 11.883004 0
7.31 -7.00 2.03 21.97 0.11 45.405723 11.883004 0
7.95 -6.61 1.85 21.95 0.11 45.405723 11.883004 0
7.50 -6.69 1.59 21.80 0.11 45.405723 11.883004 0
6.62 -8.00 2.21 22.04 0.11 45.405723 11.883004 0
5.28 -8.55 2.10 21.68 0.11 45.405723 11.883004 0
5.42 -7.92 1.80 22.09 0.11 45.405722 11.883000 1
6.50 -7.15 1.50 22.76 0.11 45.405722 11.883000 0
6.74 -6.91 1.74 22.55 0.11 45.405722 11.883000 1
6.72 -7.46 1.80 23.84 0.11 45.405722 11.883000 0
6.62 -7.59 1.68 22.36 0.11 45.405722 11.883000 0
6.80 -6.98 2.01 22.71 0.11 45.405722 11.883000 0
6.74 -6.41 2.60 21.92 0.11 45.405722 11.883000 0
6.99 -6.52 2.43 21.59 0.11 45.405722 11.883000 0
6.42 -8.11 2.45 22.31 0.11 45.405722 11.883000 0
5.24 -9.49 1.48 22.05 0.11 45.405722 11.883000 0
5.82 -8.40 1.41 21.81 0.11 45.405722 11.883000 0
6.07 -7.87 1.98 22.33 0.11 45.405722 11.883000 0
5.63 -7.46 1.94 22.81 0.11 45.405722 11.883000 0
6.00 -7.52 2.32 21.95 0.11 45.405722 11.883000 0
6.45 -7.30 1.53 21.75 0.11 45.405722 11.883000 0
5.91 -8.25 1.45 21.69 0.11 45.405722 11.883000 0
5.39 -8.92 1.22 21.95 0.11 45.405722 11.883000 0
5.90 -7.60 1.93 22.23 0.23 45.405722 11.882994 1
6.25 -6.95 2.07 21.80 0.23 45.405722 11.882994 0
6.17 -7.46 1.51 21.80 0.23 45.405722 11.882994 1
5.82 -7.35 1.68 23.17 0.23 45.405722 11.882994 0
6.24 -7.78 1.98 23.12 0.23 45.405722 11.882994 0
6.06 -8.40 1.63 22.67 0.23 45.405722 11.882994 0
5.95 -7.47 1.98 22.29 0.23 45.405722 11.882994 0
5.84 -7.04 1.98 22.05 0.23 45.405722 11.882994 0
6.41 -7.68 1.54 21.69 0.23 45.405722 11.882994 0
6.04 -8.30 2.03 21.69 0.23 45.405722 11.882994 0
6.22 -8.42 1.65 22.96 0.23 45.405722 11.882994 0
6.05 -8.17 1.69 22.07 0.23 45.405722 11.882994 0
5.57 -7.28 2.31 22.52 0.23 45.405722 11.882994 0
5.79 -7.01 1.68 21.39 0.23 45.405722 11.882994 0
5.68 -7.97 1.67 21.64 0.23 45.405722 11.882994 0
5.63 -8.86 2.14 22.11 0.23 45.405722 11.882994 0
6.12 -8.09 1.09 21.85 0.23 45.405722 11.882994 0
6.01 -6.59 1.37 21.90 1.04 45.405712 11.882973 1
6.04 -7.26 1.75 21.99 1.04 45.405712 11.882973 0
5.39 -8.36 1.65 22.35 1.04 45.405712 11.882973 0
5.70 -8.64 2.15 22.62 1.04 45.405712 11.882973 1
6.01 -7.89 1.73 23.58 1.04 45.405712 11.882973 0
6.19 -6.62 1.44 22.47 1.04 45.405712 11.882973 0
6.02 -7.46 1.37 21.80 1.04 45.405712 11.882973 0
6.39 -8.53 1.90 22.71 1.04 45.405712 11.882973 0
5.89 -9.01 1.44 21.90 1.04 45.405712 11.882973 0
6.10 -7.66 1.90 23.63 1.04 45.405712 11.882973 0
5.83 -6.58 1.49 22.07 1.04 45.405712 11.882973 0
6.61 -7.03 1.74 22.17 1.04 45.405712 11.882973 0
5.34 -7.88 1.87 21.09 1.04 45.405712 11.882973 0
6.75 -8.43 2.02 21.30 1.04 45.405712 11.882973 0
6.77 -7.78 1.76 20.63 1.04 45.405712 11.882973 0
6.82 -7.07 1.80 22.91 1.04 45.405712 11.882973 0
6.38 -8.16 2.02 22.91 1.04 45.405712 11.882973 0
5.67 -7.38 2.17 26.87 1.04 45.405712 11.882973 0
5.42 -5.85 2.24 23.62 1.33 45.405699 11.882957 1
5.44 -8.46 1.62 22.95 1.33 45.405699 11.882957 0
7.47 -7.85 1.90 22.28 1.33 45.405699 11.882957 1
5.76 -9.88 1.42 22.66 1.33 45.405699 11.882957 0
5.55 -9.43 1.62 21.99 1.33 45.405699 11.882957 0
5.03 -6.00 1.89 22.14 1.33 45.405699 11.882957 0
6.05 -9.77 2.52 21.44 1.33 45.405699 11.882957 0
5.05 -6.54 1.17 21.80 1.33 45.405699 11.882957 0
6.47 -7.86 2.25 21.61 1.33 45.405699 11.882957 0
5.92 -6.64 1.79 22.31 1.33 45.405699 11.882957 0
6.43 -7.89 1.44 21.80 1.33 45.405699 11.882957 0
5.80 -9.62 1.67 22.16 1.33 45.405699 11.882957 0
6.31 -5.65 0.82 22.57 1.33 45.405699 11.882957 0
7.92 -7.52 1.59 22.05 1.33 45.405699 11.882957 0
8.98 -7.91 2.83 21.54 1.33 45.405699 11.882957 0
6.70 -5.98 1.30 21.71 1.33 45.405699 11.882957 0
4.83 -9.02 2.63 21.76 1.33 45.405699 11.882957 0
5.45 -8.35 1.09 21.80 1.33 45.405693 11.882944 1
7.13 -7.31 0.64 22.67 1.33 45.405693 11.882944 0
7.75 -7.90 1.27 22.00 1.33 45.405693 11.882944 1
5.20 -7.94 1.49 21.78 1.33 45.405693 11.882944 0
3.73 -7.84 2.26 23.58 1.33 45.405693 11.882944 0
5.18 -7.84 2.64 22.09 1.33 45.405693 11.882944 0
6.67 -8.12 1.73 22.11 1.33 45.405693 11.882944 0
9.50 -6.80 1.21 22.81 1.33 45.405693 11.882944 0
6.22 -8.15 1.50 21.54 1.33 45.405693 11.882944 0
5.82 -7.81 1.43 21.97 1.33 45.405693 11.882944 0
5.51 -7.45 2.67 21.92 1.33 45.405693 11.882944 0
5.60 -8.29 2.56 22.00 1.33 45.405693 11.882944 0
6.89 -7.03 2.01 21.44 1.33 45.405693 11.882944 0
6.98 -8.66 3.68 22.93 1.33 45.405693 11.882944 0
5.95 -7.85 1.37 22.31 1.33 45.405693 11.882944 0
5.67 -7.96 1.68 22.62 1.33 45.405693 11.882944 0
5.13 -7.44 2.08 22.66 1.33 45.405693 11.882944 0
6.07 -7.39 0.73 24.18 1.33 45.405693 11.882944 0
6.48 -7.82 1.88 21.88 1.74 45.405679 11.882930 1
5.98 -8.01 1.40 20.94 1.74 45.405679 11.882930 0
5.53 -8.98 0.73 21.64 1.74 45.405679 11.882930 1
6.43 -7.37 1.40 22.26 1.74 45.405679 11.882930 0
6.09 -7.91 2.37 22.12 1.74 45.405679 11.882930 0
6.47 -7.90 1.55 21.99 1.74 45.405679 11.882930 0
6.32 -6.99 1.74 21.75 1.74 45.405679 11.882930 0
5.95 -9.97 1.55 22.40 1.74 45.405679 11.882930 0
5.74 -7.36 1.22 21.95 1.74 45.405679 11.882930 0
6.41 -7.20 2.11 21.56 1.74 45.405679 11.882930 0
6.20 -6.65 1.76 22.96 1.74 45.405679 11.882930 0
5.81 -7.45 1.52 21.69 1.74 45.405679 11.882930 0
6.25 -8.28 1.52 22.16 1.74 45.405679 11.882930 0
5.50 -7.95 1.40 21.75 1.74 45.405679 11.882930 0
5.86 -7.16 0.88 21.40 1.74 45.405679 11.882930 0
6.70 -8.56 1.18 22.76 1.74 45.405679 11.882930 0
5.20 -8.75 1.88 22.36 1.74 45.405679 11.882930 0
5.79 -8.08 1.59 21.25 1.44 45.405679 11.882913 1
5.38 -6.73 1.97 21.57 1.44 45.405679 11.882913 0
5.51 -7.33 1.21 21.99 1.44 45.405679 11.882913 1
7.05 -8.29 0.45 22.26 1.44 45.405679 11.882913 0
6.52 -7.61 1.66 23.02 1.44 45.405679 11.882913 0
6.05 -8.24 1.84 22.52 1.44 45.405679 11.882913 0
6.54 -7.09 1.83 22.05 1.44 45.405679 11.882913 0
4.88 -7.16 2.42 22.33 1.44 45.405679 11.882913 0
6.48 -8.49 1.73 22.00 1.44 45.405679 11.882913 0
5.45 -7.71 2.34 21.99 1.44 45.405679 11.882913 0
6.73 -9.26 2.13 21.80 1.44 45.405679 11.882913 0
5.92 -7.32 1.15 23.91 1.44 45.405679 11.882913 0
4.30 -6.84 2.22 22.54 1.44 45.405679 11.882913 0
5.62 -5.84 1.59 22.59 1.44 45.405679 11.882913 0
6.31 -8.35 1.40 22.91 1.44 45.405679 11.882913 0
6.51 -7.72 1.23 21.54 1.44 45.405679 11.882913 0
5.14 -8.73 0.95 21.63 1.44 45.405679 11.882913 0
5.19 -9.53 1.52 21.45 1.44 45.405679 11.882913 0
5.66 -6.38 1.58 22.00 1.90 45.405671 11.882889 1
7.35 -7.91 1.11 22.16 1.90 45.405671 11.882889 0
5.82 -6.39 1.94 22.14 1.90 45.405671 11.882889 1
6.94 -10.44 2.13 22.47 1.90 45.405671 11.882889 0
3.99 -6.08 1.50 22.81 1.90 45.405671 11.882889 0
6.12 -7.74 1.83 22.38 1.90 45.405671 11.882889 0
7.23 -6.87 1.87 21.20 1.90 45.405671 11.882889 0
6.15 -8.11 2.19 21.28 1.90 45.405671 11.882889 0
5.95 -9.07 2.19 21.80 1.90 45.405671 11.882889 0
6.12 -8.38 1.18 21.75 1.90 45.405671 11.882889 0
4.51 -6.75 2.00 23.68 1.90 45.405671 11.882889 0
5.87 -6.85 1.57 22.02 1.90 45.405671 11.882889 0
6.32 -8.70 1.90 22.02 1.90 45.405671 11.882889 0
6.39 -9.22 1.88 22.76 1.90 45.405671 11.882889 0
5.81 -6.61 1.77 22.11 1.90 45.405671 11.882889 0
6.93 -8.06 1.10 22.57 1.90 45.405671 11.882889 0
6.08 -6.07 2.24 24.71 1.90 45.405671 11.882889 0
5.43 -7.90 1.68 21.64 2.49 45.405658 11.882859 1
6.56 -8.44 1.83 21.92 2.49 45.405658 11.882859 0
6.51 -8.13 2.01 20.92 2.49 45.405658 11.882859 1
5.48 -7.82 1.44 21.37 2.49 45.405658 11.882859 0
6.17 -8.20 1.39 21.75 2.49 45.405658 11.882859 0
5.96 -7.46 1.78 21.75 2.49 45.405658 11.882859 0
6.32 -8.28 1.76 23.07 2.49 45.405658 11.882859 0
5.02 -7.65 2.12 21.75 2.49 45.405658 11.882859 0
6.16 -7.94 2.43 21.51 2.49 45.405658 11.882859 0
5.73 -7.81 1.47 22.91 2.49 45.405658 11.882859 0
5.63 -8.09 2.00 22.05 2.49 45.405658 11.882859 0
6.43 -7.53 1.01 21.52 2.49 45.405658 11.882859 0
6.51 -7.69 1.77 21.97 2.49 45.405658 11.882859 0
5.77 -8.49 2.40 21.87 2.49 45.405658 11.882859 0
5.74 -9.03 1.61 22.42 2.49 45.405658 11.882859 0
4.98 -7.35 1.99 24.03 2.49 45.405658 11.882859 0
6.34 -6.93 2.32 21.75 2.49 45.405658 11.882859 0
6.31 -7.80 1.59 21.85 1.90 45.405649 11.882843 1
5.90 -8.34 1.66 22.81 1.90 45.405649 11.882843 0
4.87 -7.07 0.98 21.71 1.90 45.405649 11.882843 1
