5.94 -7.81 1.81 21.59 2.68 45.408366 11.890091 1 0
5.9 -7.3 1.97 21.59 2.68 45.408366 11.890091 1 0
6.11 -7.95 1.59 21.56 2.68 45.408366 11.890091 1 0
6.09 -7.88 1.68 22.29 2.68 45.408366 11.890091 1 0
5.95 -7.72 1.69 21.95 2.68 45.408366 11.890091 1 0
5.74 -7.5 1.54 22.71 2.68 45.408366 11.890091 1 0
5.63 -8.03 1.64 21.73 2.68 45.408366 11.890091 1 0
5.96 -8.27 1.55 21.54 1.62 45.408363 11.890067 0 0
5.96 -8.52 1.9 21.73 1.62 45.408363 11.890067 1 0
5.6 -7.55 1.97 21.9 1.62 45.408363 11.890067 0 0
5.73 -7.13 2.1 21.99 1.62 45.408363 11.890067 1 0
5.93 -7.54 1.86 21.87 1.62 45.408363 11.890067 1 0
6.0 -8.09 1.67 21.68 1.62 45.408363 11.890067 1 0
6.02 -8.02 1.91 21.8 1.62 45.408363 11.890067 1 0
5.96 -7.92 1.87 21.88 1.62 45.408363 11.890067 1 0
5.9 -7.6 1.64 22.04 1.62 45.408363 11.890067 1 0
5.56 -7.63 1.7 21.63 1.62 45.408363 11.890067 1 0
6.01 -7.95 1.94 22.09 1.62 45.408363 11.890067 1 0
5.77 -7.93 1.83 22.45 1.62 45.408363 11.890067 1 0
5.71 -7.92 1.89 22.47 1.62 45.408363 11.890067 1 0
5.71 -7.93 1.99 22.09 1.62 45.408363 11.890067 1 0
6.12 -7.95 1.72 21.59 1.62 45.408363 11.890067 1 0
6.19 -7.42 1.8 21.57 1.62 45.408363 11.890067 1 0
6.06 -7.62 1.83 21.56 1.62 45.408363 11.890067 1 0
5.93 -7.77 1.82 22.0 1.62 45.408363 11.890067 1 0
5.74 -8.09 1.69 21.45 3.32 45.408353 11.890030 0 0
5.91 -7.63 2.03 21.83 3.32 45.408353 11.890030 1 0
6.01 -8.14 1.66 21.95 3.32 45.408353 11.890030 0 0
5.86 -7.78 1.98 21.68 3.32 45.408353 11.890030 1 0
5.36 -7.82 1.64 21.95 3.32 45.408353 11.890030 1 0
5.83 -7.79 1.66 21.88 3.32 45.408353 11.890030 1 0
6.01 -8.47 1.81 21.88 3.32 45.408353 11.890030 1 0
5.83 -7.47 2.04 22.74 3.32 45.408353 11.890030 1 0
5.77 -7.72 1.59 22.04 3.32 45.408353 11.890030 1 0
5.87 -7.87 1.69 21.85 3.32 45.408353 11.890030 1 0
