5.91 -7.8 1.51 22.0 2.72 45.408298 11.889866 1 0
5.74 -7.38 1.7 21.49 2.72 45.408298 11.889866 1 0
5.75 -8.29 1.71 21.75 2.72 45.408298 11.889866 1 0
6.51 -7.76 1.74 21.92 2.72 45.408298 11.889866 1 0
5.93 -7.86 1.7 22.86 2.72 45.408298 11.889866 1 0
5.62 -7.56 1.78 22.6 2.72 45.408298 11.889866 1 0
5.25 -7.34 1.58 22.19 2.72 45.408298 11.889866 1 0
6.03 -8.32 1.78 21.52 3.16 45.408285 11.889828 0 0
5.89 -8.76 1.67 21.28 3.16 45.408285 11.889828 1 0
6.11 -8.16 2.02 21.99 3.16 45.408285 11.889828 0 0
5.61 -7.27 1.92 21.78 3.16 45.408285 11.889828 1 0
5.7 -7.39 1.87 22.04 3.16 45.408285 11.889828 1 0
6.11 -7.62 1.82 21.47 3.16 45.408285 11.889828 1 0
6.46 -8.17 1.83 21.78 3.16 45.408285 11.889828 1 0
5.94 -8.11 1.85 22.09 3.16 45.408285 11.889828 1 0
5.82 -7.89 1.98 22.17 3.16 45.408285 11.889828 1 0
5.72 -7.35 1.74 22.35 3.16 45.408285 11.889828 1 0
6.28 -8.35 1.97 21.9 3.16 45.408285 11.889828 1 0
5.47 -7.84 2.09 21.78 3.16 45.408285 11.889828 1 0
6.05 -8.19 1.67 22.52 3.16 45.408285 11.889828 1 0
5.78 -8.36 1.36 22.0 3.16 45.408285 11.889828 1 0
5.95 -7.92 1.74 22.66 3.16 45.408285 11.889828 1 0
5.78 -7.88 1.49 22.24 3.16 45.408285 11.889828 1 0
6.22 -7.39 1.77 22.09 3.16 45.408285 11.889828 1 0
6.03 -8.05 1.85 21.87 3.16 45.408285 11.889828 1 0
6.21 -7.91 1.8 22.35 2.43 45.408274 11.889795 0 0
5.72 -7.93 1.67 22.43 2.43 45.408274 11.889795 1 0
5.95 -7.7 1.78 22.09 2.43 45.408274 11.889795 0 0
5.91 -7.5 1.63 21.9 2.43 45.408274 11.889795 1 0
5.85 -8.54 1.5 21.88 2.43 45.408274 11.889795 1 0
5.34 -7.91 1.55 21.81 2.43 45.408274 11.889795 1 0
5.7 -7.87 1.99 21.93 2.43 45.408274 11.889795 1 0
5.94 -7.75 1.78 21.93 2.43 45.408274 11.889795 1 0
6.0 -7.69 1.89 22.04 2.43 45.408274 11.889795 1 0
6.03 -7.72 1.85 21.99 2.43 45.408274 11.889795 1 0
