5.73 -7.9 1.74 22.26 2.6 45.406368 11.895098 1 0
5.89 -7.72 1.66 22.12 2.6 45.406368 11.895098 1 0
5.89 -7.82 1.68 22.16 2.6 45.406368 11.895098 1 0
5.73 -8.14 1.8 22.0 2.6 45.406368 11.895098 1 0
5.59 -8.17 1.9 22.24 2.29 45.406362 11.895124 0 0
5.56 -7.94 1.92 21.28 2.29 45.406362 11.895124 1 0
5.68 -7.94 1.93 21.83 2.29 45.406362 11.895124 0 0
5.82 -8.05 1.91 21.85 2.29 45.406362 11.895124 1 0
5.79 -7.88 1.83 21.45 2.29 45.406362 11.895124 1 0
5.7 -7.66 1.76 22.21 2.29 45.406362 11.895124 1 0
5.86 -7.8 1.72 21.9 2.29 45.406362 11.895124 1 0
6.04 -8.06 1.67 22.76 2.29 45.406362 11.895124 1 0
5.83 -8.04 1.68 22.16 2.29 45.406362 11.895124 1 0
5.5 -7.89 1.87 22.07 2.29 45.406362 11.895124 1 0
5.62 -7.93 2.0 22.48 2.29 45.406362 11.895124 1 0
5.96 -8.03 1.9 22.0 2.29 45.406362 11.895124 1 0
5.91 -7.99 1.78 22.0 2.29 45.406362 11.895124 1 0
5.61 -7.9 1.79 22.02 2.29 45.406362 11.895124 1 0
5.63 -7.89 1.78 22.07 2.29 45.406362 11.895124 1 0
5.88 -7.88 1.7 22.05 2.29 45.406362 11.895124 1 0
5.89 -7.81 1.76 22.0 2.29 45.406362 11.895124 1 0
5.71 -7.79 1.95 22.0 2.29 45.406362 11.895124 1 0
5.68 -7.93 1.93 21.95 2.66 45.406356 11.895154 0 0
5.79 -8.06 1.69 21.9 2.66 45.406356 11.895154 1 0
5.85 -8.02 1.57 21.8 2.66 45.406356 11.895154 0 0
5.85 -7.89 1.67 22.14 2.66 45.406356 11.895154 1 0
5.87 -7.85 1.79 22.19 2.66 45.406356 11.895154 1 0
5.85 -7.85 1.79 22.52 2.66 45.406356 11.895154 1 0
5.79 -7.74 1.72 22.09 2.66 45.406356 11.895154 1 0
5.8 -7.66 1.65 23.07 2.66 45.406356 11.895154 1 0
5.91 -7.79 1.63 22.52 2.66 45.406356 11.895154 1 0
5.95 -8.0 1.67 22.52 2.66 45.406356 11.895154 1 0
5.82 -8.04 1.72 50.42 2.66 45.406356 11.895154 1 0
5.72 -7.99 1.74 22.16 2.66 45.406356 11.895154 1 0
5.81 -7.99 1.72 22.62 2.66 45.406356 11.895154 1 0
