5.54 -9.55 0.69 23.32 1.12 45.406355 11.894994 0 0
5.54 -9.38 0.67 22.05 1.12 45.406355 11.894994 1 0
5.51 -9.63 0.89 22.52 1.12 45.406355 11.894994 1 0
5.43 -9.88 1.04 22.35 1.12 45.406355 11.894994 1 0
5.3 -9.75 0.93 24.54 1.12 45.406355 11.894994 0 0
5.24 -9.69 0.9 22.93 1.12 45.406355 11.894994 1 0
5.29 -9.9 1.05 21.66 1.12 45.406355 11.894994 0 0
5.25 -9.84 0.97 21.47 1.12 45.406355 11.894994 1 0
5.06 -9.3 0.73 22.4 1.12 45.406355 11.894994 1 0
5.14 -8.88 0.82 21.99 1.12 45.406355 11.894994 1 0
5.51 -8.88 1.06 22.05 1.12 45.406355 11.894994 1 0
5.54 -8.92 1.01 22.21 1.12 45.406355 11.894994 1 0
5.13 -8.78 0.95 21.54 1.12 45.406355 11.894994 1 0
4.98 -8.65 1.2 21.59 1.12 45.406355 11.894994 1 0
5.29 -8.56 1.37 23.17 1.12 45.406355 11.894994 1 0
5.51 -8.42 1.38 21.59 1.12 45.406355 11.894994 1 0
5.5 -8.23 1.68 22.02 1.12 45.406355 11.894994 1 0
5.66 -7.99 1.98 21.75 1.12 45.406355 11.894994 1 0
5.97 -7.66 1.76 21.9 1.12 45.406355 11.894994 1 0
6.19 -7.42 1.53 22.02 1.12 45.406355 11.894994 1 0
6.3 -7.34 1.79 21.87 1.12 45.406355 11.894994 1 0
6.41 -7.29 2.02 22.35 0.87 45.406357 11.894995 0 0
6.52 -7.23 1.87 21.88 0.87 45.406357 11.894995 1 0
6.67 -7.23 1.91 22.19 0.87 45.406357 11.894995 0 0
6.84 -7.16 2.4 22.14 0.87 45.406357 11.894995 1 0
6.9 -7.02 2.8 22.11 0.87 45.406357 11.894995 1 0
6.77 -7.07 2.84 22.91 0.87 45.406357 11.894995 1 0
6.5 -7.38 2.72 22.52 0.87 45.406357 11.894995 1 0
6.04 -7.74 2.55 22.09 0.87 45.406357 11.894995 1 0
5.5 -8.09 2.41 21.8 0.87 45.406357 11.894995 1 0
5.21 -8.34 2.33 21.3 0.87 45.406357 11.894995 1 0
5.38 -8.26 2.16 21.57 0.87 45.406357 11.894995 1 0
5.7 -8.04 1.89 21.95 0.87 45.406357 11.894995 1 0
5.69 -8.09 1.9 21.9 0.87 45.406357 11.894995 1 0
5.48 -8.25 2.19 21.45 0.87 45.406357 11.894995 1 0
