5.37 -8.06 1.93 21.56 2.45 45.406361 11.895039 1 0
6.39 -7.57 1.75 22.02 2.45 45.406361 11.895039 1 0
5.81 -7.9 1.7 22.11 2.45 45.406361 11.895039 1 0
5.89 -7.84 1.59 22.0 2.45 45.406361 11.895039 1 0
5.53 -7.64 1.64 21.95 2.95 45.406365 11.895069 0 0
5.43 -8.08 1.71 21.9 2.95 45.406365 11.895069 1 0
5.75 -8.13 1.98 21.87 2.95 45.406365 11.895069 0 0
5.92 -7.6 2.18 21.85 2.95 45.406365 11.895069 1 0
6.0 -7.54 2.05 22.24 2.95 45.406365 11.895069 1 0
5.98 -7.77 2.12 21.9 2.95 45.406365 11.895069 1 0
6.34 -7.69 1.68 21.85 2.95 45.406365 11.895069 1 0
5.97 -7.62 1.94 21.95 2.95 45.406365 11.895069 1 0
6.01 -7.83 1.9 22.11 2.95 45.406365 11.895069 1 0
5.88 -7.74 1.93 22.11 2.95 45.406365 11.895069 1 0
5.97 -7.76 1.9 22.16 2.95 45.406365 11.895069 1 0
5.82 -8.02 1.8 22.17 2.95 45.406365 11.895069 1 0
5.55 -7.92 2.01 22.57 2.95 45.406365 11.895069 1 0
5.89 -8.1 1.67 22.48 2.95 45.406365 11.895069 1 0
5.7 -7.95 1.96 22.55 2.95 45.406365 11.895069 1 0
5.74 -8.16 1.93 22.21 2.95 45.406365 11.895069 1 0
5.88 -7.84 1.95 22.0 2.95 45.406365 11.895069 1 0
5.84 -7.88 1.7 21.95 2.95 45.406365 11.895069 1 0
5.8 -7.92 1.86 21.51 2.6 45.406368 11.895098 0 0
5.99 -8.08 1.69 21.99 2.6 45.406368 11.895098 1 0
5.83 -7.67 1.67 22.5 2.6 45.406368 11.895098 0 0
5.67 -7.8 1.73 21.92 2.6 45.406368 11.895098 1 0
5.57 -7.7 1.89 21.85 2.6 45.406368 11.895098 1 0
5.78 -8.31 1.96 21.85 2.6 45.406368 11.895098 1 0
5.83 -8.17 1.9 21.9 2.6 45.406368 11.895098 1 0
5.93 -7.69 1.79 22.52 2.6 45.406368 11.895098 1 0
5.92 -7.64 1.65 22.52 2.6 45.406368 11.895098 1 0
5.93 -7.68 1.51 22.0 2.6 45.406368 11.895098 1 0
5.86 -8.15 1.83 21.97 2.6 45.406368 11.895098 1 0
5.85 -7.95 1.85 22.16 2.6 45.406368 11.895098 1 0
5.64 -8.0 1.82 22.26 2.6 45.406368 11.895098 1 0
