5.94 -7.77 1.79 22.05 2.0 45.406367 11.895055 0 0
6.16 -7.73 1.8 22.4 2.0 45.406367 11.895055 1 0
6.05 -7.55 2.04 22.0 2.0 45.406367 11.895055 0 0
5.98 -7.63 2.02 22.09 2.0 45.406367 11.895055 1 0
6.24 -7.9 1.59 22.04 2.0 45.406367 11.895055 1 0
6.28 -7.97 1.43 21.93 2.0 45.406367 11.895055 1 0
5.7 -8.1 1.75 22.07 2.0 45.406367 11.895055 1 0
5.24 -8.38 1.91 22.33 2.0 45.406367 11.895055 1 0
5.55 -8.19 1.77 22.17 2.0 45.406367 11.895055 1 0
6.01 -7.73 1.83 22.11 2.0 45.406367 11.895055 1 0
5.93 -7.81 2.02 22.09 2.0 45.406367 11.895055 1 0
5.75 -8.15 1.88 22.05 2.0 45.406367 11.895055 1 0
5.89 -8.09 1.62 21.92 2.0 45.406367 11.895055 1 0
5.97 -7.86 1.64 22.0 2.0 45.406367 11.895055 1 0
5.74 -7.82 1.72 22.11 2.0 45.406367 11.895055 1 0
5.65 -7.8 1.74 22.07 2.0 45.406367 11.895055 1 0
5.9 -7.84 1.86 21.92 2.0 45.406367 11.895055 1 0
6.1 -7.98 1.96 21.92 2.26 45.406367 11.895075 0 0
5.97 -7.91 1.74 21.99 2.26 45.406367 11.895075 1 0
5.76 -7.71 1.55 21.52 2.26 45.406367 11.895075 0 0
5.78 -7.78 1.7 21.45 2.26 45.406367 11.895075 1 0
5.92 -7.94 1.9 21.8 2.26 45.406367 11.895075 1 0
5.82 -7.92 1.88 21.81 2.26 45.406367 11.895075 1 0
5.55 -7.89 1.86 21.92 2.26 45.406367 11.895075 1 0
5.58 -7.86 1.94 21.52 2.26 45.406367 11.895075 1 0
5.91 -7.64 1.93 22.02 2.26 45.406367 11.895075 1 0
6.11 -7.5 1.88 22.0 2.26 45.406367 11.895075 1 0
6.05 -7.68 1.94 22.48 2.26 45.406367 11.895075 1 0
5.93 -7.84 1.96 22.19 2.26 45.406367 11.895075 1 0
5.82 -7.73 1.86 22.26 2.26 45.406367 11.895075 1 0
5.8 -7.63 1.84 22.57 2.26 45.406367 11.895075 1 0
5.92 -7.74 1.9 22.02 2.26 45.406367 11.895075 1 0
6.03 -7.87 1.87 22.04 2.26 45.406367 11.895075 1 0
5.92 -7.9 1.83 21.95 2.26 45.406367 11.895075 1 0
5.69 -7.86 1.93 22.45 2.26 45.406367 11.895075 1 0
