6.25 -7.82 1.73 21.95 2.11 45.406373 11.895001 1 1
6.87 -7.68 1.81 21.88 2.45 45.406375 11.895027 0 1
6.68 -7.78 1.94 22.45 2.45 45.406375 11.895027 1 1
5.9 -7.87 1.98 22.96 2.45 45.406375 11.895027 0 1
5.47 -7.85 1.87 22.14 2.45 45.406375 11.895027 1 1
5.52 -8.11 1.63 22.45 2.45 45.406375 11.895027 1 1
5.61 -8.39 1.42 22.4 2.45 45.406375 11.895027 1 1
5.73 -8.15 1.41 23.2 2.45 45.406375 11.895027 1 1
5.98 -7.74 1.62 22.5 2.45 45.406375 11.895027 1 1
6.07 -7.75 1.99 22.96 2.45 45.406375 11.895027 1 1
6.01 -7.85 2.28 22.05 2.45 45.406375 11.895027 1 1
6.12 -7.63 2.25 22.11 2.45 45.406375 11.895027 1 1
6.27 -7.49 2.08 22.47 2.45 45.406375 11.895027 1 1
6.16 -7.77 2.09 22.04 2.45 45.406375 11.895027 1 1
6.01 -7.96 2.19 22.42 2.45 45.406375 11.895027 1 1
6.07 -7.79 2.24 21.59 2.45 45.406375 11.895027 1 1
5.94 -7.77 2.25 21.97 2.45 45.406375 11.895027 1 1
5.46 -8.08 2.21 22.29 2.45 45.406375 11.895027 1 1
5.12 -8.21 1.98 21.99 2.66 45.406374 11.895057 0 1
5.25 -8.03 1.7 21.92 2.66 45.406374 11.895057 1 1
5.61 -7.92 1.6 21.93 2.66 45.406374 11.895057 0 1
5.95 -7.85 1.64 21.73 2.66 45.406374 11.895057 1 1
6.18 -7.71 1.73 22.24 2.66 45.406374 11.895057 1 1
6.13 -7.7 1.87 21.93 2.66 45.406374 11.895057 1 1
5.98 -7.74 1.83 21.92 2.66 45.406374 11.895057 1 1
6.13 -7.56 1.5 22.36 2.66 45.406374 11.895057 1 1
6.42 -7.46 1.3 21.97 2.66 45.406374 11.895057 1 1
6.19 -7.77 1.57 22.07 2.66 45.406374 11.895057 1 1
5.64 -7.98 1.95 22.67 2.66 45.406374 11.895057 1 1
5.61 -7.74 1.98 22.16 2.66 45.406374 11.895057 1 1
6.0 -7.68 1.85 22.09 2.66 45.406374 11.895057 1 1
6.0 -8.06 1.88 22.0 2.66 45.406374 11.895057 1 1
5.64 -8.25 1.95 21.97 2.66 45.406374 11.895057 1 1
5.56 -8.03 1.85 22.11 2.66 45.406374 11.895057 1 1
5.77 -7.84 1.71 22.16 2.66 45.406374 11.895057 1 1
