4.07 -7.56 3.57 23.63 3.84 45.395981 11.876004 1
6.35 -8.43 0.68 23.19 3.84 45.395981 11.876004 0
7.31 -8.31 4.67 23.56 3.84 45.395981 11.876004 0
6.17 -5.17 3.91 23.03 3.84 45.395981 11.876004 0
7.02 -6.72 -0.79 23.86 3.84 45.395981 11.876004 0
8.8 -8.23 2.63 26.79 3.84 45.395981 11.876004 0
5.07 -5.6 3.8 25.69 3.84 45.395981 11.876004 0
4.6 -8.89 1.07 24.35 3.84 45.395981 11.876004 0
4.18 -9.83 2.09 24.44 3.84 45.395981 11.876004 0
6.17 -9.42 2.26 23.6 3.84 45.395981 11.876004 0
5.86 -8.79 4.08 23.05 3.84 45.395981 11.876004 0
6.43 -5.39 1.63 23.2 3.84 45.395981 11.876004 0
5.9 -7.57 0.34 26.96 3.84 45.395981 11.876004 0
5.07 -8.57 1.93 23.65 3.84 45.395981 11.876004 0
6.99 -8.92 0.6 23.8 3.84 45.395981 11.876004 0
5.8 -9.52 1.28 29.03 3.84 45.395981 11.876004 0
7.74 -7.89 -0.99 22.66 3.66 45.396014 11.876022 1
8.53 -9.63 2.22 28.54 3.66 45.396014 11.876022 0
6.9 -5.71 1.51 25.18 3.66 45.396014 11.876022 1
8.04 -6.37 1.3 27.3 3.66 45.396014 11.876022 0
4.84 -10.04 3.45 22.55 3.66 45.396014 11.876022 0
3.46 -10.38 5.27 24.01 3.66 45.396014 11.876022 0
5.03 -10.47 3.72 24.87 3.66 45.396014 11.876022 0
2.22 -3.79 4.46 27.08 3.66 45.396014 11.876022 0
3.77 -3.98 0.39 28.02 3.66 45.396014 11.876022 0
10.09 -9.88 4.84 23.53 3.66 45.396014 11.876022 0
8.13 -9.33 0.67 23.41 3.66 45.396014 11.876022 0
5.48 -10.98 2.47 21.88 3.66 45.396014 11.876022 0
5.72 -6.67 2.46 26.24 3.66 45.396014 11.876022 0
5.53 -5.36 0.14 24.8 3.66 45.396014 11.876022 0
6.23 -6.13 2.0 24.37 3.66 45.396014 11.876022 0
9.52 -8.37 2.18 28.01 3.66 45.396014 11.876022 0
5.13 -8.2 0.8 24.97 3.66 45.396014 11.876022 0
4.29 -6.81 0.71 22.71 2.98 45.396037 11.876045 1
9.61 -12.42 1.42 20.2 2.98 45.396037 11.876045 0
