6.06 -8.0 1.45 22.54 2.75 45.406322 11.895399 1 1
5.75 -7.58 1.45 22.11 2.75 45.406322 11.895399 1 1
5.47 -7.55 1.57 22.42 2.75 45.406322 11.895399 1 1
5.88 -8.13 1.62 22.36 2.75 45.406322 11.895399 1 1
6.31 -8.27 1.57 22.11 2.75 45.406322 11.895399 1 1
5.99 -7.86 1.61 22.31 3.08 45.406322 11.895438 0 1
5.55 -7.84 1.78 23.41 3.08 45.406322 11.895438 1 1
5.71 -7.99 1.87 22.29 3.08 45.406322 11.895438 0 1
5.91 -7.78 1.83 23.2 3.08 45.406322 11.895438 1 1
5.84 -7.78 1.82 21.93 3.08 45.406322 11.895438 1 1
5.98 -8.16 1.86 21.9 3.08 45.406322 11.895438 1 1
6.07 -8.19 1.84 22.19 3.08 45.406322 11.895438 1 1
5.68 -7.93 1.78 22.29 3.08 45.406322 11.895438 1 1
5.54 -7.93 1.75 29.24 3.08 45.406322 11.895438 1 1
5.9 -8.01 1.7 22.98 3.08 45.406322 11.895438 1 1
5.77 -7.96 1.63 22.02 3.08 45.406322 11.895438 1 1
5.39 -7.92 1.63 22.42 3.08 45.406322 11.895438 1 1
5.74 -7.89 1.72 21.85 3.08 45.406322 11.895438 1 1
5.95 -8.0 1.8 21.87 3.08 45.406322 11.895438 1 1
5.43 -8.12 1.77 21.87 3.08 45.406322 11.895438 1 1
5.56 -7.76 1.72 24.03 3.08 45.406322 11.895438 1 1
6.28 -7.63 1.75 21.95 3.08 45.406322 11.895438 1 1
5.71 -8.23 1.77 21.88 3.08 45.406322 11.895438 1 1
4.72 -7.96 1.76 21.69 2.8 45.406326 11.895475 0 1
5.57 -6.95 1.81 20.87 2.8 45.406326 11.895475 1 1
6.9 -7.89 1.87 21.64 2.8 45.406326 11.895475 0 1
6.19 -9.13 1.64 22.16 2.8 45.406326 11.895475 1 1
4.62 -6.99 1.22 24.23 2.8 45.406326 11.895475 1 1
4.72 -5.36 1.03 23.31 2.8 45.406326 11.895475 1 1
6.15 -8.97 1.23 21.49 2.8 45.406326 11.895475 1 1
6.8 -12.4 1.57 24.32 2.8 45.406326 11.895475 1 1
6.02 -10.28 1.79 23.38 2.8 45.406326 11.895475 1 1
5.2 -7.36 1.77 25.43 2.8 45.406326 11.895475 1 1
5.62 -7.52 1.67 23.2 2.8 45.406326 11.895475 1 1
6.68 -7.94 1.7 21.18 2.8 45.406326 11.895475 1 1
