6.08 -8.09 2.12 21.61 3.21 45.407847 11.899753 1
6.09 -7.57 2.08 22.02 3.21 45.407847 11.899753 1
6.29 -7.52 2.59 22.05 3.21 45.407847 11.899753 1
6.07 -7.71 2.42 21.4 3.21 45.407847 11.899753 1
6.01 -7.54 2.13 21.87 3.21 45.407847 11.899753 1
5.9 -8.01 1.79 21.45 2.73 45.407852 11.899789 0
5.63 -7.8 1.87 21.9 2.73 45.407852 11.899789 1
5.79 -7.99 2.25 21.85 2.73 45.407852 11.899789 0
5.88 -7.86 2.19 21.85 2.73 45.407852 11.899789 1
5.96 -7.72 1.99 21.81 2.73 45.407852 11.899789 1
5.97 -7.72 1.99 21.82 2.73 45.407852 11.899789 1
5.96 -7.72 1.99 21.8 2.73 45.407852 11.899789 1
5.96 -7.71 2.0 21.82 2.73 45.407852 11.899789 1
5.96 -7.72 1.98 21.8 2.73 45.407852 11.899789 1
5.95 -7.72 2.0 21.81 2.73 45.407852 11.899789 1
5.97 -7.73 1.99 21.8 2.73 45.407852 11.899789 1
5.97 -7.71 1.98 21.82 2.73 45.407852 11.899789 1
5.96 -7.72 2.0 21.82 2.73 45.407852 11.899789 1
5.97 -7.71 1.99 21.8 2.73 45.407852 11.899789 1
5.97 -7.72 1.98 21.8 2.73 45.407852 11.899789 1
5.96 -7.72 2.0 21.82 2.73 45.407852 11.899789 1
5.96 -7.72 1.98 21.8 2.73 45.407852 11.899789 1
5.97 -7.73 1.99 21.81 2.73 45.407852 11.899789 1
5.95 -7.73 2.0 21.81 2.73 45.407852 11.899789 1
5.96 -7.71 1.99 21.82 2.73 45.407852 11.899789 1
5.96 -7.71 1.99 21.81 2.73 45.407852 11.899789 1
5.97 -7.72 2.0 21.81 2.73 45.407852 11.899789 1
5.97 -7.72 2.0 21.81 2.73 45.407852 11.899789 1
5.95 -7.73 1.98 21.8 2.73 45.407852 11.899789 1
5.96 -7.71 1.99 21.8 2.73 45.407852 11.899789 1
5.95 -7.73 1.98 21.81 2.73 45.407852 11.899789 1
5.95 -7.72 2.0 21.81 2.73 45.407852 11.899789 1
5.96 -7.72 1.98 21.82 2.73 45.407852 11.899789 1
5.96 -7.71 1.99 21.81 2.73 45.407852 11.899789 1
5.95 -7.73 2.0 21.82 2.73 45.407852 11.899789 1
