5.71 -8.06 1.67 21.85 2.53 45.407738 11.899252 0
5.21 -7.97 1.88 22.69 2.53 45.407738 11.899252 1
5.53 -8.44 1.94 21.9 2.53 45.407738 11.899252 1
5.73 -8.23 2.17 22.76 2.53 45.407738 11.899252 1
5.7 -7.7 2.29 22.36 2.53 45.407738 11.899252 0
5.92 -7.52 2.14 21.81 2.53 45.407738 11.899252 1
5.88 -8.05 1.91 21.78 2.53 45.407738 11.899252 0
5.83 -7.8 2.29 23.07 2.53 45.407738 11.899252 1
6.19 -7.85 1.96 22.26 2.53 45.407738 11.899252 1
5.68 -7.7 2.21 21.78 2.53 45.407738 11.899252 1
6.0 -7.94 2.25 22.28 2.53 45.407738 11.899252 1
5.74 -7.8 2.02 21.87 2.53 45.407738 11.899252 1
5.89 -7.9 1.97 22.04 2.53 45.407738 11.899252 1
5.99 -7.65 2.24 22.14 2.53 45.407738 11.899252 1
5.27 -7.73 2.33 22.67 2.53 45.407738 11.899252 1
5.65 -7.79 1.79 22.05 2.53 45.407738 11.899252 1
5.67 -7.95 1.29 21.92 2.53 45.407738 11.899252 1
6.17 -8.12 1.67 21.99 2.53 45.407738 11.899252 1
5.97 -7.66 1.76 22.52 2.53 45.407738 11.899252 1
6.18 -7.44 1.69 22.12 2.53 45.407738 11.899252 1
5.9 -7.28 1.76 22.07 2.53 45.407738 11.899252 1
6.24 -7.72 1.52 21.78 2.53 45.407738 11.899252 1
6.26 -7.69 1.89 22.36 2.4 45.407747 11.899277 0
5.98 -7.92 1.84 21.9 2.4 45.407747 11.899277 1
6.07 -7.4 2.01 21.76 2.4 45.407747 11.899277 0
5.9 -8.03 1.97 21.75 2.4 45.407747 11.899277 1
5.88 -7.87 1.74 21.8 2.4 45.407747 11.899277 1
5.76 -7.98 1.56 21.44 2.4 45.407747 11.899277 1
5.6 -8.02 1.94 21.8 2.4 45.407747 11.899277 1
5.98 -8.14 1.76 46.79 2.4 45.407747 11.899277 1
6.31 -7.49 2.1 22.48 2.4 45.407747 11.899277 1
6.36 -7.32 1.62 21.99 2.4 45.407747 11.899277 1
5.85 -7.9 1.61 22.42 2.4 45.407747 11.899277 1
6.42 -7.88 2.08 22.72 2.4 45.407747 11.899277 1
6.15 -7.68 2.42 21.95 2.4 45.407747 11.899277 1
