5.84 -7.82 1.77 22.0 2.22 45.407778 11.899375 1
5.92 -7.76 1.92 23.29 2.22 45.407778 11.899375 1
6.1 -7.66 1.73 21.95 2.22 45.407778 11.899375 1
6.32 -7.5 1.88 21.64 2.22 45.407778 11.899375 1
6.15 -7.91 1.98 22.12 2.71 45.407786 11.899408 0
6.08 -7.61 1.87 21.69 2.71 45.407786 11.899408 1
6.19 -7.6 2.11 21.85 2.71 45.407786 11.899408 1
5.97 -7.79 2.25 22.76 2.71 45.407786 11.899408 0
6.08 -7.66 2.11 21.95 2.71 45.407786 11.899408 1
5.9 -7.58 2.17 22.72 2.71 45.407786 11.899408 1
5.9 -8.08 2.02 22.36 2.71 45.407786 11.899408 1
5.42 -7.89 1.87 22.31 2.71 45.407786 11.899408 1
5.89 -8.12 1.41 22.36 2.71 45.407786 11.899408 1
6.02 -7.84 1.72 22.23 2.71 45.407786 11.899408 1
6.06 -7.49 2.04 22.28 2.71 45.407786 11.899408 1
6.42 -7.63 1.92 22.24 2.71 45.407786 11.899408 1
6.08 -7.66 1.94 23.22 2.71 45.407786 11.899408 1
5.87 -7.72 2.06 22.36 2.71 45.407786 11.899408 1
5.74 -7.77 1.98 22.78 2.71 45.407786 11.899408 1
6.05 -7.64 1.49 22.29 2.71 45.407786 11.899408 1
6.21 -7.86 1.7 21.85 2.71 45.407786 11.899408 1
5.84 -7.57 1.7 22.16 2.71 45.407786 11.899408 1
5.87 -7.9 1.24 22.12 3.17 45.407795 11.899448 0
5.93 -7.74 1.82 22.23 3.17 45.407795 11.899448 1
5.57 -8.45 1.65 21.8 3.17 45.407795 11.899448 0
5.6 -7.43 2.79 21.8 3.17 45.407795 11.899448 1
6.31 -7.45 1.89 21.71 3.17 45.407795 11.899448 1
6.38 -7.53 1.65 22.17 3.17 45.407795 11.899448 1
5.85 -9.01 1.97 21.92 3.17 45.407795 11.899448 1
7.05 -7.27 1.82 22.38 3.17 45.407795 11.899448 1
4.72 -7.49 1.8 22.21 3.17 45.407795 11.899448 1
5.8 -7.74 1.93 23.14 3.17 45.407795 11.899448 1
6.79 -7.76 2.12 21.73 3.17 45.407795 11.899448 1
5.91 -7.1 2.27 21.97 3.17 45.407795 11.899448 1
5.26 -9.69 1.88 22.17 3.17 45.407795 11.899448 1
