5.84 -7.71 2.0 21.66 3.1 45.407823 11.899580 1
5.81 -7.85 1.85 21.71 3.1 45.407823 11.899580 1
5.62 -7.79 2.1 22.17 3.1 45.407823 11.899580 1
6.21 -7.98 2.24 21.97 3.1 45.407823 11.899580 1
6.18 -7.68 1.75 21.97 3.1 45.407823 11.899580 1
6.05 -7.78 1.85 21.9 3.41 45.407830 11.899625 0
6.08 -7.72 1.82 21.39 3.41 45.407830 11.899625 1
6.15 -7.41 1.82 21.28 3.41 45.407830 11.899625 0
6.32 -8.04 1.74 21.21 3.41 45.407830 11.899625 1
6.23 -7.58 1.48 21.4 3.41 45.407830 11.899625 1
6.36 -7.56 1.63 21.8 3.41 45.407830 11.899625 1
6.21 -7.34 1.74 21.54 3.41 45.407830 11.899625 1
6.48 -7.38 1.78 22.17 3.41 45.407830 11.899625 1
6.47 -7.38 1.91 21.66 3.41 45.407830 11.899625 1
6.36 -8.14 2.12 22.19 3.41 45.407830 11.899625 1
7.94 -8.15 2.05 23.2 3.41 45.407830 11.899625 1
3.67 -8.35 2.24 24.52 3.41 45.407830 11.899625 1
3.6 -7.22 1.37 24.03 3.41 45.407830 11.899625 1
4.86 -7.4 2.17 20.34 3.41 45.407830 11.899625 1
5.15 -6.3 2.3 17.9 3.41 45.407830 11.899625 1
7.29 -14.59 2.49 16.57 3.41 45.407830 11.899625 1
8.25 -10.31 2.71 18.04 3.41 45.407830 11.899625 1
5.46 -4.63 1.79 21.54 3.31 45.407838 11.899667 0
4.71 -3.49 2.31 24.63 3.31 45.407838 11.899667 1
4.46 -5.77 1.89 24.61 3.31 45.407838 11.899667 0
4.94 -2.75 1.6 22.93 3.31 45.407838 11.899667 1
14.6 -12.93 -2.4 21.59 3.31 45.407838 11.899667 1
8.09 -10.1 -0.38 21.39 3.31 45.407838 11.899667 1
4.83 -10.23 0.56 22.11 3.31 45.407838 11.899667 1
4.4 -7.24 1.22 21.95 3.31 45.407838 11.899667 1
5.59 -7.1 1.5 22.26 3.31 45.407838 11.899667 1
6.3 -7.25 2.55 21.51 3.31 45.407838 11.899667 1
6.35 -7.53 1.61 21.68 3.31 45.407838 11.899667 1
6.46 -9.06 1.69 21.75 3.31 45.407838 11.899667 1
5.8 -7.88 1.5 22.0 3.31 45.407838 11.899667 1
