6.4 -7.47 2.16 22.57 2.47 45.876361 12.305904 0
6.6 -7.56 2.04 22.72 2.47 45.876361 12.305904 0
6.45 -7.27 1.99 22.76 2.47 45.876361 12.305904 0
6.45 -7.68 2.1 23.14 2.47 45.876361 12.305904 0
6.21 -7.48 2.23 23.1 2.47 45.876361 12.305904 0
6.22 -7.45 2.25 22.71 2.47 45.876361 12.305904 0
6.11 -7.63 2.31 23.19 2.47 45.876361 12.305904 0
6.32 -8.03 2.51 22.72 2.47 45.876361 12.305904 0
5.66 -7.69 2.1 22.64 2.47 45.876361 12.305904 0
5.72 -7.99 1.72 22.54 2.47 45.876361 12.305904 0
5.39 -8.06 1.84 22.62 2.69 45.876344 12.305886 1
6.05 -7.96 1.64 22.93 2.69 45.876344 12.305886 0
6.23 -7.6 1.71 22.57 2.69 45.876344 12.305886 1
5.9 -7.81 2.05 22.66 2.69 45.876344 12.305886 0
5.99 -7.4 1.79 23.17 2.69 45.876344 12.305886 0
6.5 -7.59 1.95 22.91 2.69 45.876344 12.305886 0
6.23 -7.32 2.02 22.5 2.69 45.876344 12.305886 0
6.39 -7.47 1.74 23.02 2.69 45.876344 12.305886 0
6.18 -7.75 1.7 22.84 2.69 45.876344 12.305886 0
6.16 -7.2 2.02 23.68 2.69 45.876344 12.305886 0
5.93 -7.6 1.92 22.42 2.69 45.876344 12.305886 0
5.84 -8.06 2.11 23.27 2.69 45.876344 12.305886 0
5.35 -8.01 2.27 23.2 2.69 45.876344 12.305886 0
5.24 -8.26 1.91 22.74 2.69 45.876344 12.305886 0
5.73 -8.21 1.39 22.31 2.69 45.876344 12.305886 0
5.96 -7.78 1.76 22.57 2.69 45.876344 12.305886 0
6.1 -7.84 1.46 22.98 2.69 45.876344 12.305886 0
6.24 -8.01 1.33 22.64 2.74 45.876328 12.305862 1
6.32 -7.23 1.88 23.39 2.74 45.876328 12.305862 1
6.78 -7.02 1.51 22.66 2.74 45.876328 12.305862 0
6.53 -7.55 1.41 22.09 2.74 45.876328 12.305862 0
6.32 -8.12 1.29 22.62 2.74 45.876328 12.305862 0
6.1 -7.59 1.22 22.96 2.74 45.876328 12.305862 0
6.26 -7.74 1.94 22.5 2.74 45.876328 12.305862 0
6.05 -7.75 1.46 22.47 2.74 45.876328 12.305862 0
