5.99 -7.71 1.58 23.14 2.74 45.876328 12.305862 0
5.9 -7.81 1.81 22.64 2.74 45.876328 12.305862 0
5.88 -7.89 2.08 23.5 2.74 45.876328 12.305862 0
6.07 -8.16 1.77 22.26 2.74 45.876328 12.305862 0
5.91 -7.46 2.04 23.24 2.74 45.876328 12.305862 0
5.94 -7.39 2.09 22.78 2.74 45.876328 12.305862 0
5.95 -7.71 1.9 22.74 2.74 45.876328 12.305862 0
6.28 -8.0 1.67 22.48 2.74 45.876328 12.305862 0
6.11 -7.75 1.68 24.34 2.71 45.876312 12.305838 1
6.04 -7.76 1.93 22.66 2.71 45.876312 12.305838 0
5.7 -7.59 1.69 23.29 2.71 45.876312 12.305838 1
6.42 -7.82 1.61 22.54 2.71 45.876312 12.305838 0
6.11 -7.94 1.83 22.91 2.71 45.876312 12.305838 0
6.15 -8.09 1.94 22.55 2.71 45.876312 12.305838 0
5.58 -8.25 1.79 22.62 2.71 45.876312 12.305838 0
5.5 -7.49 1.97 23.58 2.71 45.876312 12.305838 0
6.0 -7.62 1.97 23.12 2.71 45.876312 12.305838 0
5.81 -7.94 1.71 22.59 2.71 45.876312 12.305838 0
5.91 -7.84 2.01 22.69 2.71 45.876312 12.305838 0
5.91 -7.81 2.07 24.47 2.71 45.876312 12.305838 0
5.93 -7.35 2.01 23.05 2.71 45.876312 12.305838 0
6.01 -7.49 1.72 22.59 2.71 45.876312 12.305838 0
6.33 -8.06 1.78 23.03 2.71 45.876312 12.305838 0
6.03 -7.58 1.92 23.08 2.71 45.876312 12.305838 0
5.84 -7.82 1.98 22.91 2.71 45.876312 12.305838 0
5.83 -7.75 1.99 22.76 3.14 45.876291 12.305813 1
5.84 -7.63 1.65 23.5 3.14 45.876291 12.305813 0
5.62 -7.47 1.73 22.91 3.14 45.876291 12.305813 1
5.91 -8.08 1.73 22.62 3.14 45.876291 12.305813 0
5.93 -7.67 1.76 22.62 3.14 45.876291 12.305813 0
5.72 -8.08 2.27 22.52 3.14 45.876291 12.305813 0
5.77 -7.77 2.12 23.29 3.14 45.876291 12.305813 0
6.23 -7.75 1.56 22.55 3.14 45.876291 12.305813 0
6.48 -7.7 1.85 22.72 3.14 45.876291 12.305813 0
5.87 -7.76 1.58 22.67 3.14 45.876291 12.305813 0
