5.93 -7.69 2.24 22.59 3.62 45.876029 12.305595 1
5.99 -7.85 2.1 22.16 3.62 45.876029 12.305595 0
5.82 -7.83 1.99 22.0 3.62 45.876029 12.305595 1
6.0 -8.02 1.98 22.12 3.62 45.876029 12.305595 0
5.53 -7.86 1.87 22.21 3.62 45.876029 12.305595 0
5.49 -8.15 1.89 22.66 3.62 45.876029 12.305595 0
5.67 -7.71 1.84 22.57 3.62 45.876029 12.305595 0
5.86 -7.76 2.05 22.19 3.62 45.876029 12.305595 0
5.8 -7.84 1.97 22.31 3.62 45.876029 12.305595 0
5.87 -7.91 1.95 22.69 3.62 45.876029 12.305595 0
5.91 -7.69 1.78 22.62 3.62 45.876029 12.305595 0
6.13 -7.41 2.09 22.69 3.62 45.876029 12.305595 0
6.24 -7.85 1.98 22.26 3.62 45.876029 12.305595 0
5.68 -7.93 2.03 23.19 3.62 45.876029 12.305595 0
5.82 -7.93 1.76 22.79 3.62 45.876029 12.305595 0
5.73 -8.2 1.87 23.14 3.62 45.876029 12.305595 0
5.68 -7.72 1.67 22.59 3.62 45.876029 12.305595 0
5.85 -7.86 2.07 22.54 3.46 45.876002 12.305571 1
6.33 -7.88 1.82 23.41 3.46 45.876002 12.305571 0
6.73 -7.49 1.81 22.69 3.46 45.876002 12.305571 1
6.62 -7.49 1.89 22.36 3.46 45.876002 12.305571 0
6.38 -7.75 2.23 23.24 3.46 45.876002 12.305571 0
6.22 -7.75 2.3 22.67 3.46 45.876002 12.305571 0
5.81 -7.29 2.26 22.05 3.46 45.876002 12.305571 0
6.27 -8.31 2.43 22.81 3.46 45.876002 12.305571 0
5.68 -7.43 2.33 22.31 3.46 45.876002 12.305571 0
5.39 -7.9 2.2 23.19 3.46 45.876002 12.305571 0
6.05 -8.2 2.45 22.67 3.46 45.876002 12.305571 0
6.48 -7.56 2.02 22.67 3.46 45.876002 12.305571 0
5.42 -7.99 1.85 23.03 3.46 45.876002 12.305571 0
5.58 -7.7 1.6 22.23 3.46 45.876002 12.305571 0
6.11 -7.29 1.33 22.28 3.46 45.876002 12.305571 0
4.53 -7.86 1.77 21.8 3.46 45.876002 12.305571 0
5.98 -7.75 2.09 21.45 3.62 45.875972 12.305549 1
6.74 -8.23 1.82 21.59 3.62 45.875972 12.305549 0
