4.87 -4.77 1.79 24.08 2.93 45.406301 11.894336 1 1
7.2 -6.67 1.02 22.81 3.15 45.406303 11.894384 0 1
8.53 -9.83 0.19 22.59 3.15 45.406303 11.894384 1 1
6.77 -10.12 0.89 22.66 3.15 45.406303 11.894384 0 1
4.56 -8.04 1.82 22.14 3.15 45.406303 11.894384 1 1
5.85 -7.6 1.07 20.87 3.15 45.406303 11.894384 1 1
8.6 -9.49 0.41 20.25 3.15 45.406303 11.894384 1 1
7.76 -9.92 1.57 21.47 3.15 45.406303 11.894384 1 1
4.48 -7.37 2.62 22.26 3.15 45.406303 11.894384 1 1
3.9 -5.46 2.15 22.42 3.15 45.406303 11.894384 1 1
6.18 -6.74 1.79 23.38 3.15 45.406303 11.894384 1 1
7.37 -8.58 2.16 21.95 3.15 45.406303 11.894384 1 1
6.34 -8.45 2.03 23.12 3.15 45.406303 11.894384 1 1
5.16 -7.74 1.51 22.6 3.15 45.406303 11.894384 1 1
5.14 -7.81 1.62 22.35 3.15 45.406303 11.894384 1 1
5.81 -7.94 2.02 21.4 3.15 45.406303 11.894384 1 1
6.13 -8.1 2.0 21.75 3.15 45.406303 11.894384 1 1
5.89 -8.69 1.75 23.98 3.15 45.406303 11.894384 1 1
5.71 -8.57 1.59 24.2 3.15 45.406303 11.894384 1 1
5.83 -7.43 1.64 22.59 3.08 45.406313 11.894429 0 1
5.75 -6.92 1.95 23.12 3.08 45.406313 11.894429 1 1
5.63 -7.45 2.17 22.54 3.08 45.406313 11.894429 0 1
6.01 -7.98 1.86 22.12 3.08 45.406313 11.894429 1 1
6.37 -8.58 1.41 20.96 3.08 45.406313 11.894429 1 1
5.91 -9.12 1.4 21.3 3.08 45.406313 11.894429 1 1
5.13 -8.34 1.7 22.47 3.08 45.406313 11.894429 1 1
5.14 -6.92 1.85 21.78 3.08 45.406313 11.894429 1 1
5.87 -7.17 1.81 21.69 3.08 45.406313 11.894429 1 1
6.27 -8.56 1.76 21.78 3.08 45.406313 11.894429 1 1
5.84 -8.67 1.71 22.52 3.08 45.406313 11.894429 1 1
5.29 -7.67 1.6 23.29 3.08 45.406313 11.894429 1 1
5.45 -7.37 1.55 22.4 3.08 45.406313 11.894429 1 1
6.04 -7.81 1.68 23.15 3.08 45.406313 11.894429 1 1
6.2 -8.09 1.84 25.09 3.08 45.406313 11.894429 1 1
5.87 -8.18 1.84 22.23 3.08 45.406313 11.894429 1 1
