5.75 -8.07 1.83 21.99 1.84 45.406301 11.894075 1 0
5.45 -7.76 1.55 22.54 2.35 45.406304 11.894101 0 0
5.25 -7.78 1.55 22.16 2.35 45.406304 11.894101 1 0
6.0 -8.04 1.88 21.33 2.35 45.406304 11.894101 0 0
6.84 -8.29 2.0 21.78 2.35 45.406304 11.894101 1 0
6.34 -8.02 1.83 23.31 2.35 45.406304 11.894101 1 0
5.15 -6.93 1.74 22.95 2.35 45.406304 11.894101 1 0
5.01 -6.31 1.75 22.38 2.35 45.406304 11.894101 1 0
5.98 -7.71 1.78 21.64 2.35 45.406304 11.894101 1 0
6.68 -9.56 1.9 21.92 2.35 45.406304 11.894101 1 0
6.36 -8.95 2.07 23.29 2.35 45.406304 11.894101 1 0
5.52 -6.84 2.09 22.76 2.35 45.406304 11.894101 1 0
5.04 -6.7 1.98 23.87 2.35 45.406304 11.894101 1 0
5.42 -8.39 1.82 22.09 2.35 45.406304 11.894101 1 0
6.09 -8.92 1.61 21.63 2.35 45.406304 11.894101 1 0
6.03 -7.94 1.44 22.19 2.35 45.406304 11.894101 1 0
5.51 -7.54 1.4 22.52 2.35 45.406304 11.894101 1 0
5.59 -7.97 1.47 21.95 2.35 45.406304 11.894101 1 0
6.15 -8.0 1.66 21.97 2.35 45.406304 11.894101 1 0
6.2 -7.74 1.86 22.26 1.5 45.406302 11.894120 0 0
5.8 -7.87 1.85 22.0 1.5 45.406302 11.894120 1 0
5.71 -8.03 1.7 22.45 1.5 45.406302 11.894120 0 0
5.94 -7.87 1.66 22.19 1.5 45.406302 11.894120 1 0
6.01 -7.93 1.75 21.18 1.5 45.406302 11.894120 1 0
5.89 -8.29 1.81 22.05 1.5 45.406302 11.894120 1 0
5.76 -8.2 1.81 24.03 1.5 45.406302 11.894120 1 0
5.58 -7.58 1.8 22.5 1.5 45.406302 11.894120 1 0
5.48 -7.29 1.86 23.41 1.5 45.406302 11.894120 1 0
5.7 -7.83 2.1 23.98 1.5 45.406302 11.894120 1 0
6.1 -8.57 2.27 22.76 1.5 45.406302 11.894120 1 0
6.23 -8.66 2.1 22.67 1.5 45.406302 11.894120 1 0
5.95 -8.08 1.83 22.78 1.5 45.406302 11.894120 1 0
5.72 -7.6 1.78 22.04 1.5 45.406302 11.894120 1 0
5.96 -7.74 1.77 24.13 1.5 45.406302 11.894120 1 0
6.27 -8.09 1.68 23.27 1.5 45.406302 11.894120 1 0
