5.73 -7.81 1.85 22.09 2.37 45.408338 11.889816 1 0
5.38 -8.13 1.5 22.0 2.37 45.408338 11.889816 1 0
5.94 -8.12 1.52 21.9 2.37 45.408338 11.889816 1 0
6.05 -8.23 1.83 22.36 2.37 45.408338 11.889816 1 0
5.82 -7.64 1.64 22.23 2.37 45.408338 11.889816 1 0
5.79 -7.33 1.65 22.12 2.37 45.408338 11.889816 1 0
6.12 -7.84 1.9 21.56 2.37 45.408338 11.889816 1 0
5.76 -7.98 2.26 22.0 2.37 45.408338 11.889816 1 0
6.48 -8.28 1.66 22.59 2.37 45.408338 11.889816 1 0
5.76 -7.34 1.98 22.52 2.37 45.408338 11.889816 1 0
5.84 -7.23 1.79 22.21 2.37 45.408338 11.889816 1 0
5.71 -8.15 1.78 22.11 2.37 45.408338 11.889816 1 0
6.06 -7.89 1.77 21.93 2.37 45.408338 11.889816 1 0
5.39 -8.42 1.81 22.05 2.51 45.408323 11.889784 0 0
5.97 -7.35 1.54 22.11 2.51 45.408323 11.889784 1 0
5.97 -7.9 1.89 22.04 2.51 45.408323 11.889784 0 0
6.0 -7.6 1.53 22.04 2.51 45.408323 11.889784 1 0
5.78 -8.31 1.78 22.09 2.51 45.408323 11.889784 1 0
6.66 -7.28 1.78 21.59 2.51 45.408323 11.889784 1 0
5.97 -7.34 1.97 22.42 2.51 45.408323 11.889784 1 0
6.45 -7.77 1.57 21.95 2.51 45.408323 11.889784 1 0
5.94 -7.51 1.98 21.95 2.51 45.408323 11.889784 1 0
5.96 -7.75 1.8 22.05 2.51 45.408323 11.889784 1 0
5.62 -8.06 1.41 22.57 2.51 45.408323 11.889784 1 0
5.78 -7.82 1.65 22.11 2.51 45.408323 11.889784 1 0
5.88 -8.04 1.76 22.59 2.51 45.408323 11.889784 1 0
5.85 -8.18 2.11 21.8 2.51 45.408323 11.889784 1 0
5.74 -7.54 1.96 22.6 2.51 45.408323 11.889784 1 0
5.71 -7.64 1.86 22.11 2.51 45.408323 11.889784 1 0
6.06 -7.81 1.98 22.26 2.51 45.408323 11.889784 1 0
6.05 -7.89 2.13 21.51 2.51 45.408323 11.889784 1 0
6.01 -8.01 1.73 22.36 1.45 45.408309 11.889754 0 0
5.89 -7.77 1.85 22.35 1.45 45.408309 11.889754 1 0
5.51 -7.99 2.0 21.99 1.45 45.408309 11.889754 0 0
5.69 -8.31 1.87 22.33 1.45 45.408309 11.889754 1 0
