5.54 -8.3 0.76 22.36 3.28 45.407357 11.879821 0
6.65 -8.42 2.09 23.03 3.28 45.407357 11.879821 0
6.03 -8.39 2.14 23.87 3.28 45.407357 11.879821 0
5.0 -8.27 1.31 22.5 3.28 45.407357 11.879821 0
4.83 -6.5 2.91 21.23 2.61 45.407353 11.879856 1
7.33 -12.07 2.5 21.39 2.61 45.407353 11.879856 0
7.11 -8.83 -0.92 23.48 2.61 45.407353 11.879856 1
4.56 -5.94 2.03 23.7 2.61 45.407353 11.879856 0
8.12 -9.0 1.55 23.08 2.61 45.407353 11.879856 0
5.43 -7.9 2.77 23.53 2.61 45.407353 11.879856 0
4.99 -6.28 1.28 23.46 2.61 45.407353 11.879856 0
7.78 -10.03 0.3 21.99 2.61 45.407353 11.879856 0
6.6 -7.32 2.53 23.15 2.61 45.407353 11.879856 0
8.67 -10.42 1.82 24.75 2.61 45.407353 11.879856 0
3.95 -6.87 1.57 23.43 2.61 45.407353 11.879856 0
6.56 -7.53 1.18 22.07 2.61 45.407353 11.879856 0
4.88 -7.83 3.2 23.05 2.61 45.407353 11.879856 0
5.42 -8.64 0.63 23.2 2.61 45.407353 11.879856 0
6.48 -9.67 1.87 22.45 2.61 45.407353 11.879856 0
5.06 -6.82 1.46 24.08 2.61 45.407353 11.879856 0
