6.08 -8.15 2.63 21.85 1.7 45.407392 11.879630 0
6.38 -9.38 2.07 21.25 1.7 45.407392 11.879630 0
5.83 -8.75 2.17 21.69 1.7 45.407392 11.879630 0
6.0 -7.83 1.95 21.87 1.7 45.407392 11.879630 0
6.03 -7.66 2.0 21.61 1.7 45.407392 11.879630 0
6.46 -8.32 2.25 21.9 1.7 45.407392 11.879630 0
5.71 -7.93 2.2 23.67 1.7 45.407392 11.879630 0
6.44 -8.78 1.95 21.73 1.7 45.407392 11.879630 0
5.33 -7.64 2.38 23.05 1.88 45.407392 11.879656 1
6.0 -8.65 1.55 23.43 1.88 45.407392 11.879656 0
4.67 -8.04 2.25 23.2 1.88 45.407392 11.879656 1
5.7 -6.35 1.55 21.23 1.88 45.407392 11.879656 0
7.66 -8.47 1.6 20.68 1.88 45.407392 11.879656 0
5.52 -11.32 2.26 19.95 1.88 45.407392 11.879656 0
5.89 -9.02 1.7 21.25 1.88 45.407392 11.879656 0
5.98 -6.14 2.02 22.16 1.88 45.407392 11.879656 0
6.19 -4.84 2.27 22.17 1.88 45.407392 11.879656 0
6.19 -6.87 1.58 22.12 1.88 45.407392 11.879656 0
5.92 -7.36 1.84 22.05 1.88 45.407392 11.879656 0
5.6 -8.9 1.69 22.07 1.88 45.407392 11.879656 0
5.54 -7.83 1.91 21.56 1.88 45.407392 11.879656 0
5.77 -7.37 1.18 21.81 1.88 45.407392 11.879656 0
6.12 -7.66 1.34 21.59 1.88 45.407392 11.879656 0
5.72 -8.57 1.7 21.27 1.88 45.407392 11.879656 0
5.93 -8.14 1.64 21.87 1.88 45.407392 11.879656 0
5.57 -7.34 1.73 22.11 2.24 45.407381 11.879681 1
6.03 -7.68 1.47 22.07 2.24 45.407381 11.879681 0
6.38 -7.41 1.08 22.11 2.24 45.407381 11.879681 1
5.32 -6.55 1.99 21.09 2.24 45.407381 11.879681 0
5.78 -5.92 2.1 20.92 2.24 45.407381 11.879681 0
9.75 -12.23 1.66 20.24 2.24 45.407381 11.879681 0
4.64 -7.35 3.25 21.09 2.24 45.407381 11.879681 0
7.73 -9.22 1.05 28.67 2.24 45.407381 11.879681 0
3.8 -5.24 1.68 23.44 2.24 45.407381 11.879681 0
5.71 -6.6 0.33 24.3 2.24 45.407381 11.879681 0
