5.26 -6.14 2.64 22.9 2.17 45.407387 11.879746 0
4.6 -5.83 2.18 22.52 2.17 45.407387 11.879746 0
6.66 -9.8 1.36 22.4 2.17 45.407387 11.879746 0
6.28 -5.94 1.39 23.7 2.17 45.407387 11.879746 0
7.77 -9.65 3.21 26.81 3.23 45.407379 11.879783 1
4.78 -7.55 2.72 23.05 3.23 45.407379 11.879783 0
6.55 -3.58 0.87 22.33 3.23 45.407379 11.879783 1
4.51 -6.76 3.45 22.42 3.23 45.407379 11.879783 0
6.58 -11.66 -1.21 21.8 3.23 45.407379 11.879783 0
5.17 -8.52 1.23 21.42 3.23 45.407379 11.879783 0
6.61 -8.04 2.18 23.2 3.23 45.407379 11.879783 0
6.51 -7.21 0.24 23.17 3.23 45.407379 11.879783 0
5.3 -7.35 1.43 22.38 3.23 45.407379 11.879783 0
6.08 -8.75 0.19 23.05 3.23 45.407379 11.879783 0
4.59 -8.91 2.52 26.24 3.23 45.407379 11.879783 0
4.08 -6.05 2.96 22.36 3.23 45.407379 11.879783 0
4.26 -7.35 1.3 24.47 3.23 45.407379 11.879783 0
9.34 -8.54 -1.5 22.54 3.23 45.407379 11.879783 0
5.62 -5.88 3.09 25.02 3.23 45.407379 11.879783 0
8.98 -9.48 1.16 23.02 3.23 45.407379 11.879783 0
5.38 -10.49 3.79 23.46 3.23 45.407379 11.879783 0
6.79 -5.99 1.16 22.57 3.28 45.407357 11.879821 1
6.28 -6.07 4.6 21.97 3.28 45.407357 11.879821 0
6.61 -7.05 0.96 23.0 3.28 45.407357 11.879821 1
6.12 -9.01 0.24 22.43 3.28 45.407357 11.879821 0
6.78 -7.17 -1.21 21.8 3.28 45.407357 11.879821 0
5.59 -11.71 2.57 21.33 3.28 45.407357 11.879821 0
4.99 -6.75 1.44 21.68 3.28 45.407357 11.879821 0
6.62 -6.89 1.54 21.18 3.28 45.407357 11.879821 0
6.37 -9.84 1.29 22.67 3.28 45.407357 11.879821 0
5.7 -8.06 0.95 22.45 3.28 45.407357 11.879821 0
4.76 -6.69 2.68 22.9 3.28 45.407357 11.879821 0
7.41 -7.99 1.82 22.19 3.28 45.407357 11.879821 0
5.71 -8.94 2.09 21.85 3.28 45.407357 11.879821 0
6.06 -6.31 1.38 22.74 3.28 45.407357 11.879821 0
