6.52 -7.41 1.04 25.57 3.18 45.407345 11.879511 0
7.91 -10.46 1.2 22.35 3.18 45.407345 11.879511 0
4.63 -5.46 1.57 22.35 3.18 45.407345 11.879511 0
6.99 -8.46 0.92 23.46 3.18 45.407345 11.879511 0
6.68 -6.34 0.74 25.66 3.18 45.407345 11.879511 0
5.86 -7.96 1.55 22.28 3.18 45.407345 11.879511 0
7.1 -8.9 0.23 21.64 3.18 45.407345 11.879511 0
5.1 -9.9 3.26 24.99 3.18 45.407345 11.879511 0
5.92 -7.55 2.05 23.15 3.24 45.407357 11.879473 1
5.32 -8.33 0.51 23.84 3.24 45.407357 11.879473 0
6.44 -11.23 2.25 21.54 3.24 45.407357 11.879473 1
5.09 -5.58 1.13 23.17 3.24 45.407357 11.879473 0
6.01 -7.42 1.01 22.43 3.24 45.407357 11.879473 0
3.35 -5.2 2.35 22.76 3.24 45.407357 11.879473 0
6.51 -9.46 1.41 22.33 3.24 45.407357 11.879473 0
6.0 -7.95 2.49 21.56 3.24 45.407357 11.879473 0
6.71 -9.64 1.21 25.97 3.24 45.407357 11.879473 0
7.01 -8.86 1.78 23.34 3.24 45.407357 11.879473 0
5.24 -7.41 1.54 22.28 3.24 45.407357 11.879473 0
6.58 -7.9 1.41 22.93 3.24 45.407357 11.879473 0
4.67 -6.7 1.84 22.86 3.24 45.407357 11.879473 0
