5.99 -7.86 1.69 21.81 2.01 45.407362 11.879879 0
6.12 -7.31 1.79 22.17 2.01 45.407362 11.879879 0
6.22 -7.44 2.01 22.11 2.01 45.407362 11.879879 0
6.19 -7.98 1.66 22.05 2.01 45.407362 11.879879 0
6.35 -7.79 1.58 21.54 2.01 45.407362 11.879879 0
6.22 -7.76 1.78 22.0 2.01 45.407362 11.879879 0
6.04 -7.35 1.94 21.68 2.01 45.407362 11.879879 0
5.98 -7.61 1.86 22.17 2.01 45.407362 11.879879 0
5.83 -8.03 1.66 21.75 2.01 45.407362 11.879879 0
5.74 -7.92 1.36 21.54 2.54 45.407357 11.879853 1
5.87 -7.67 1.7 21.76 2.54 45.407357 11.879853 0
6.04 -7.83 1.79 21.75 2.54 45.407357 11.879853 1
6.06 -8.46 1.53 21.45 2.54 45.407357 11.879853 0
5.76 -8.12 1.65 21.87 2.54 45.407357 11.879853 0
5.92 -7.58 1.53 21.59 2.54 45.407357 11.879853 0
5.82 -7.62 2.03 21.95 2.54 45.407357 11.879853 0
5.89 -7.81 2.1 21.9 2.54 45.407357 11.879853 0
6.2 -8.31 1.86 21.8 2.54 45.407357 11.879853 0
5.97 -7.84 2.14 21.9 2.54 45.407357 11.879853 0
5.74 -7.91 2.05 21.95 2.54 45.407357 11.879853 0
5.44 -7.8 1.88 21.57 2.54 45.407357 11.879853 0
5.92 -7.77 1.57 21.92 2.54 45.407357 11.879853 0
6.13 -7.84 1.5 21.51 2.54 45.407357 11.879853 0
6.17 -7.5 1.48 21.69 2.54 45.407357 11.879853 0
6.61 -7.86 1.5 22.47 2.54 45.407357 11.879853 0
5.89 -7.62 1.21 22.6 2.54 45.407357 11.879853 0
5.59 -7.15 1.25 22.35 2.44 45.407352 11.879823 1
6.13 -7.78 1.57 22.35 2.44 45.407352 11.879823 0
6.19 -8.5 1.73 21.71 2.44 45.407352 11.879823 0
5.7 -8.6 1.9 21.85 2.44 45.407352 11.879823 1
5.74 -7.85 1.69 22.0 2.44 45.407352 11.879823 0
5.91 -7.54 1.67 22.04 2.44 45.407352 11.879823 0
6.11 -7.44 1.64 21.95 2.44 45.407352 11.879823 0
6.35 -8.27 1.96 21.97 2.44 45.407352 11.879823 0
6.19 -7.82 1.87 22.26 2.44 45.407352 11.879823 0
