8.27 -8.28 1.56 21.8 2.95 45.407340 11.879597 0
5.07 -9.28 2.63 23.36 2.95 45.407340 11.879597 0
4.87 -7.7 3.28 22.14 2.95 45.407340 11.879597 0
5.59 -7.52 1.84 23.39 2.95 45.407340 11.879597 0
4.81 -12.23 1.51 21.85 2.95 45.407340 11.879597 0
6.9 -6.71 2.4 31.85 2.95 45.407340 11.879597 0
5.08 -7.26 2.85 22.98 2.95 45.407340 11.879597 0
4.16 -6.95 3.1 23.91 2.95 45.407340 11.879597 0
6.13 -12.23 3.92 23.07 3.35 45.407341 11.879551 1
4.52 -6.33 4.38 22.76 3.35 45.407341 11.879551 0
3.99 -9.16 3.2 23.48 3.35 45.407341 11.879551 1
5.42 -7.51 1.98 23.8 3.35 45.407341 11.879551 0
6.85 -8.96 2.01 22.45 3.35 45.407341 11.879551 0
6.19 -7.21 0.57 22.4 3.35 45.407341 11.879551 0
7.16 -8.98 2.17 22.79 3.35 45.407341 11.879551 0
3.44 -6.83 0.54 22.81 3.35 45.407341 11.879551 0
3.88 -9.91 4.87 22.38 3.35 45.407341 11.879551 0
5.01 -7.47 1.13 22.6 3.35 45.407341 11.879551 0
5.93 -7.33 1.64 22.91 3.35 45.407341 11.879551 0
5.18 -9.03 1.62 22.93 3.35 45.407341 11.879551 0
4.85 -6.96 0.2 23.48 3.35 45.407341 11.879551 0
6.24 -7.37 3.08 21.4 3.35 45.407341 11.879551 0
7.15 -10.21 3.52 22.14 3.35 45.407341 11.879551 0
5.77 -3.61 1.16 21.16 3.35 45.407341 11.879551 0
4.38 -8.89 0.59 22.55 3.35 45.407341 11.879551 0
6.17 -7.88 3.05 24.08 3.35 45.407341 11.879551 0
5.23 -6.04 0.51 25.67 3.18 45.407345 11.879511 1
6.33 -9.68 3.08 22.19 3.18 45.407345 11.879511 0
3.9 -7.16 2.59 22.81 3.18 45.407345 11.879511 1
5.54 -6.63 2.71 22.12 3.18 45.407345 11.879511 0
6.3 -9.85 3.79 22.43 3.18 45.407345 11.879511 0
2.81 -10.6 0.96 22.05 3.18 45.407345 11.879511 0
5.42 -6.61 1.76 22.96 3.18 45.407345 11.879511 0
7.05 -9.19 0.78 22.11 3.18 45.407345 11.879511 0
4.9 -10.16 2.57 30.18 3.18 45.407345 11.879511 0
