9.05 -10.93 1.23 22.36 3.41 45.407342 11.879673 0
4.44 -5.85 1.75 22.43 3.41 45.407342 11.879673 0
7.26 -9.12 -0.15 24.3 3.41 45.407342 11.879673 0
4.66 -6.24 0.01 22.5 3.41 45.407342 11.879673 0
8.83 -9.4 0.87 22.07 3.41 45.407342 11.879673 0
4.32 -8.24 1.22 22.28 3.41 45.407342 11.879673 0
4.97 -5.61 1.95 23.77 3.41 45.407342 11.879673 0
6.99 -8.58 2.11 51.81 3.41 45.407342 11.879673 0
4.62 -8.9 2.03 22.91 3.24 45.407335 11.879632 1
7.08 -8.42 2.89 22.19 3.24 45.407335 11.879632 0
5.89 -9.54 1.27 22.17 3.24 45.407335 11.879632 0
8.99 -7.69 -1.14 23.03 3.24 45.407335 11.879632 1
7.15 -5.75 2.13 23.19 3.24 45.407335 11.879632 0
6.62 -8.04 -1.64 21.9 3.24 45.407335 11.879632 0
5.92 -8.1 1.43 22.45 3.24 45.407335 11.879632 0
5.88 -7.91 -1.8 21.03 3.24 45.407335 11.879632 0
6.15 -7.5 2.54 21.47 3.24 45.407335 11.879632 0
4.86 -7.5 1.0 24.27 3.24 45.407335 11.879632 0
6.04 -7.03 0.09 23.24 3.24 45.407335 11.879632 0
3.32 -8.02 1.42 22.62 3.24 45.407335 11.879632 0
8.44 -8.48 0.06 21.81 3.24 45.407335 11.879632 0
5.01 -8.0 1.72 23.19 3.24 45.407335 11.879632 0
6.56 -8.19 0.49 23.15 3.24 45.407335 11.879632 0
6.92 -5.09 2.29 22.29 3.24 45.407335 11.879632 0
5.3 -9.52 1.18 23.56 3.24 45.407335 11.879632 0
7.16 -10.59 0.98 22.48 3.24 45.407335 11.879632 0
6.2 -6.47 0.87 21.21 2.95 45.407340 11.879597 1
3.82 -10.04 3.88 21.51 2.95 45.407340 11.879597 0
6.68 -9.0 0.9 24.01 2.95 45.407340 11.879597 1
5.72 -6.8 1.14 23.1 2.95 45.407340 11.879597 0
7.46 -7.81 1.83 23.0 2.95 45.407340 11.879597 0
6.23 -7.05 1.73 22.72 2.95 45.407340 11.879597 0
6.36 -7.66 1.82 23.84 2.95 45.407340 11.879597 0
6.49 -7.83 1.5 23.68 2.95 45.407340 11.879597 0
7.51 -9.55 0.69 24.71 2.95 45.407340 11.879597 0
