6.29 -7.85 1.96 21.57 2.96 45.408014 11.888670 1
6.35 -7.62 1.87 22.05 2.96 45.408014 11.888670 1
6.17 -7.45 1.49 22.07 2.96 45.408014 11.888670 1
6.47 -7.54 1.61 22.07 2.96 45.408014 11.888670 1
6.15 -7.74 1.78 22.48 2.96 45.408014 11.888670 1
6.0 -7.62 1.84 22.02 2.96 45.408014 11.888670 1
6.21 -7.65 1.65 21.97 2.96 45.408014 11.888670 1
5.92 -7.9 1.54 21.85 2.69 45.408017 11.888637 0
5.61 -8.12 1.25 21.88 2.69 45.408017 11.888637 1
5.69 -7.81 1.55 22.02 2.69 45.408017 11.888637 0
6.17 -7.99 1.64 22.0 2.69 45.408017 11.888637 1
5.94 -7.83 2.03 22.05 2.69 45.408017 11.888637 1
6.19 -7.98 1.61 22.42 2.69 45.408017 11.888637 1
5.74 -7.42 1.99 21.81 2.69 45.408017 11.888637 1
6.3 -7.92 1.83 22.28 2.69 45.408017 11.888637 1
6.12 -7.78 2.08 22.33 2.69 45.408017 11.888637 1
6.42 -7.36 2.07 22.04 2.69 45.408017 11.888637 1
6.15 -7.51 2.08 22.02 2.69 45.408017 11.888637 1
6.07 -7.77 2.03 22.0 2.69 45.408017 11.888637 1
5.76 -7.77 2.04 21.97 2.69 45.408017 11.888637 1
6.06 -7.87 2.03 21.52 2.69 45.408017 11.888637 1
5.89 -7.78 1.72 22.12 2.69 45.408017 11.888637 1
5.51 -7.89 1.85 22.47 2.69 45.408017 11.888637 1
6.14 -7.94 1.92 21.92 2.69 45.408017 11.888637 1
5.91 -7.87 1.85 21.87 2.69 45.408017 11.888637 1
6.05 -7.55 1.76 22.33 2.23 45.408015 11.888609 0
5.96 -7.64 1.44 22.42 2.23 45.408015 11.888609 1
6.21 -7.63 1.81 21.95 2.23 45.408015 11.888609 0
6.23 -7.56 1.98 21.87 2.23 45.408015 11.888609 1
6.22 -7.84 1.75 21.9 2.23 45.408015 11.888609 1
6.12 -7.9 1.76 21.75 2.23 45.408015 11.888609 1
6.03 -7.7 1.72 21.92 2.23 45.408015 11.888609 1
5.83 -7.8 1.6 21.95 2.23 45.408015 11.888609 1
5.88 -7.9 1.62 22.12 2.23 45.408015 11.888609 1
5.84 -7.97 1.51 22.07 2.23 45.408015 11.888609 1
