6.02 -7.24 2.09 22.36 2.17 45.408016 11.888411 1
5.71 -8.73 1.76 21.93 2.17 45.408016 11.888411 1
6.01 -7.8 2.14 22.12 2.17 45.408016 11.888411 1
5.77 -8.02 1.74 21.66 2.17 45.408016 11.888411 1
5.93 -7.2 1.49 21.66 2.17 45.408016 11.888411 1
6.13 -7.99 1.86 21.99 2.17 45.408016 11.888411 1
6.27 -7.56 1.69 21.95 2.17 45.408016 11.888411 1
5.9 -8.05 1.51 21.95 2.64 45.408012 11.888376 0
5.99 -7.62 1.71 21.88 2.64 45.408012 11.888376 1
6.03 -7.9 1.63 21.9 2.64 45.408012 11.888376 0
6.12 -7.92 1.6 22.0 2.64 45.408012 11.888376 1
5.64 -8.1 1.63 22.47 2.64 45.408012 11.888376 1
5.58 -7.97 1.4 22.84 2.64 45.408012 11.888376 1
5.63 -7.89 1.61 22.38 2.64 45.408012 11.888376 1
5.93 -7.97 1.72 21.81 2.64 45.408012 11.888376 1
5.88 -8.17 2.09 21.81 2.64 45.408012 11.888376 1
5.96 -7.71 2.01 21.99 2.64 45.408012 11.888376 1
6.02 -7.82 1.98 21.61 2.64 45.408012 11.888376 1
5.95 -7.55 1.97 22.05 2.64 45.408012 11.888376 1
5.97 -7.84 1.73 22.07 2.64 45.408012 11.888376 1
6.16 -7.67 1.91 21.99 2.64 45.408012 11.888376 1
5.95 -7.88 2.02 22.17 2.64 45.408012 11.888376 1
5.77 -7.93 1.99 22.26 2.64 45.408012 11.888376 1
5.71 -7.68 2.08 21.75 2.64 45.408012 11.888376 1
5.76 -7.95 1.84 22.02 2.64 45.408012 11.888376 1
5.86 -8.08 1.58 21.95 2.91 45.408005 11.888337 0
6.15 -7.92 1.62 21.95 2.91 45.408005 11.888337 1
6.01 -7.77 1.84 22.0 2.91 45.408005 11.888337 0
5.93 -7.54 1.68 22.02 2.91 45.408005 11.888337 1
6.01 -7.63 1.73 22.0 2.91 45.408005 11.888337 1
6.09 -7.84 1.75 21.49 2.91 45.408005 11.888337 1
6.1 -7.85 1.7 21.9 2.91 45.408005 11.888337 1
6.19 -7.79 1.84 21.85 2.91 45.408005 11.888337 1
5.92 -7.77 1.69 22.16 2.91 45.408005 11.888337 1
5.84 -7.59 1.56 22.21 2.91 45.408005 11.888337 1
