6.31 -8.07 1.58 22.0 1.93 45.407984 11.888271 1
5.99 -8.28 1.52 22.05 1.93 45.407984 11.888271 1
5.61 -7.9 1.9 22.14 1.93 45.407984 11.888271 1
5.82 -7.8 1.71 22.14 1.93 45.407984 11.888271 1
6.0 -7.47 1.77 22.11 1.93 45.407984 11.888271 1
6.36 -7.8 1.7 22.11 1.93 45.407984 11.888271 1
5.99 -7.91 1.36 21.85 1.93 45.407984 11.888271 1
6.14 -7.68 1.56 21.92 2.63 45.407967 11.888242 0
5.93 -7.59 2.13 21.9 2.63 45.407967 11.888242 1
6.36 -7.66 1.92 21.85 2.63 45.407967 11.888242 0
5.94 -7.92 1.63 21.76 2.63 45.407967 11.888242 1
5.97 -7.92 1.48 21.92 2.63 45.407967 11.888242 1
5.56 -8.12 1.7 21.45 2.63 45.407967 11.888242 1
5.52 -8.02 1.61 21.92 2.63 45.407967 11.888242 1
5.92 -8.04 1.89 21.56 2.63 45.407967 11.888242 1
6.24 -7.72 1.95 21.9 2.63 45.407967 11.888242 1
5.91 -7.7 1.81 21.61 2.63 45.407967 11.888242 1
5.92 -7.72 1.94 21.93 2.63 45.407967 11.888242 1
5.92 -7.91 1.68 21.51 2.63 45.407967 11.888242 1
6.12 -7.61 1.96 21.92 2.63 45.407967 11.888242 1
6.02 -7.62 2.05 21.45 2.63 45.407967 11.888242 1
6.29 -7.69 2.27 21.9 2.63 45.407967 11.888242 1
6.23 -7.63 2.15 21.61 2.63 45.407967 11.888242 1
6.04 -7.49 2.08 22.16 2.63 45.407967 11.888242 1
5.74 -7.73 1.9 21.66 2.63 45.407967 11.888242 1
5.44 -7.83 1.95 22.05 3.19 45.407949 11.888210 0
6.03 -8.14 1.52 22.0 3.19 45.407949 11.888210 1
5.96 -8.06 1.66 21.85 3.19 45.407949 11.888210 0
6.13 -8.02 1.7 21.52 3.19 45.407949 11.888210 1
5.88 -7.45 1.42 22.0 3.19 45.407949 11.888210 1
6.33 -7.74 1.46 22.5 3.19 45.407949 11.888210 1
6.32 -7.51 1.67 21.78 3.19 45.407949 11.888210 1
5.86 -7.79 1.39 21.28 3.19 45.407949 11.888210 1
6.0 -8.2 1.56 21.9 3.19 45.407949 11.888210 1
5.79 -7.88 2.07 22.0 3.19 45.407949 11.888210 1
