5.96 -7.57 2.16 22.02 3.19 45.407949 11.888210 1
5.82 -7.86 2.06 22.05 3.19 45.407949 11.888210 1
5.4 -7.93 1.59 22.0 3.19 45.407949 11.888210 1
5.84 -8.23 1.75 21.56 3.19 45.407949 11.888210 1
5.97 -8.15 1.56 22.04 3.19 45.407949 11.888210 1
5.54 -7.61 2.08 22.16 3.19 45.407949 11.888210 1
5.88 -7.8 1.94 21.95 3.19 45.407949 11.888210 1
5.98 -7.78 2.09 21.83 2.73 45.407942 11.888174 0
6.18 -7.83 2.12 21.92 2.73 45.407942 11.888174 1
5.72 -8.02 2.05 21.97 2.73 45.407942 11.888174 0
5.17 -7.75 2.05 21.54 2.73 45.407942 11.888174 1
5.56 -8.05 1.72 21.85 2.73 45.407942 11.888174 1
5.65 -8.26 1.37 21.76 2.73 45.407942 11.888174 1
5.19 -8.3 1.23 21.45 2.73 45.407942 11.888174 1
5.71 -8.29 1.19 21.54 2.73 45.407942 11.888174 1
5.96 -8.71 1.05 21.33 2.73 45.407942 11.888174 1
5.84 -7.69 0.78 22.29 2.73 45.407942 11.888174 1
5.56 -8.28 1.14 22.62 2.73 45.407942 11.888174 1
5.06 -7.98 1.35 22.78 2.73 45.407942 11.888174 1
5.42 -7.86 1.47 22.11 2.73 45.407942 11.888174 1
5.94 -8.36 1.33 21.78 2.73 45.407942 11.888174 1
5.84 -9.45 1.23 21.15 2.73 45.407942 11.888174 1
5.54 -8.93 0.99 21.69 2.73 45.407942 11.888174 1
5.46 -7.72 1.14 21.92 2.73 45.407942 11.888174 1
5.23 -8.56 1.33 21.87 2.73 45.407942 11.888174 1
4.97 -7.86 1.39 21.87 1.86 45.407941 11.888147 0
5.43 -8.22 1.23 21.8 1.86 45.407941 11.888147 1
5.19 -8.86 0.94 21.85 1.86 45.407941 11.888147 0
4.9 -8.25 1.4 21.85 1.86 45.407941 11.888147 1
5.89 -7.63 1.68 21.9 1.86 45.407941 11.888147 1
5.7 -7.8 1.2 21.85 1.86 45.407941 11.888147 1
5.85 -7.53 1.6 22.26 1.86 45.407941 11.888147 1
5.61 -8.09 1.59 21.64 1.86 45.407941 11.888147 1
5.62 -7.99 1.96 22.0 1.86 45.407941 11.888147 1
5.65 -8.26 2.02 21.4 1.86 45.407941 11.888147 1
