6.38 -7.71 1.78 21.97 3.03 45.408000 11.888394 1
6.02 -7.92 1.59 22.42 3.03 45.408000 11.888394 1
5.65 -7.87 1.66 23.38 3.03 45.408000 11.888394 1
5.72 -7.77 1.85 22.16 3.03 45.408000 11.888394 1
5.91 -8.03 1.8 22.45 3.03 45.408000 11.888394 1
5.9 -8.2 1.67 22.57 3.03 45.408000 11.888394 1
5.81 -7.82 1.77 22.31 3.03 45.408000 11.888394 1
5.87 -7.47 1.89 22.02 3.03 45.408000 11.888394 1
6.02 -7.74 1.79 21.93 3.03 45.408000 11.888394 1
6.15 -8.12 1.73 21.95 3.03 45.408000 11.888394 1
6.13 -7.96 1.89 22.11 3.03 45.408000 11.888394 1
5.95 -7.6 2.02 21.61 3.03 45.408000 11.888394 1
5.86 -7.6 2.0 22.02 3.03 45.408000 11.888394 1
6.04 -7.81 1.98 22.31 3.03 45.408000 11.888394 1
6.19 -7.81 1.95 21.88 3.01 45.407994 11.888355 0
5.98 -7.73 1.88 21.87 3.01 45.407994 11.888355 1
5.68 -7.81 1.93 21.95 3.01 45.407994 11.888355 0
5.69 -7.95 2.02 21.95 3.01 45.407994 11.888355 1
5.89 -7.94 1.9 21.95 3.01 45.407994 11.888355 1
5.9 -7.86 1.69 22.43 3.01 45.407994 11.888355 1
5.82 -7.77 1.77 22.31 3.01 45.407994 11.888355 1
5.96 -7.69 2.03 21.92 3.01 45.407994 11.888355 1
6.23 -7.66 2.1 21.57 3.01 45.407994 11.888355 1
6.22 -7.68 1.93 21.63 3.01 45.407994 11.888355 1
6.01 -7.67 1.72 22.0 3.01 45.407994 11.888355 1
6.0 -7.65 1.55 22.0 3.01 45.407994 11.888355 1
6.22 -7.68 1.52 21.57 3.01 45.407994 11.888355 1
6.21 -7.78 1.64 21.97 3.01 45.407994 11.888355 1
5.84 -7.93 1.7 22.11 3.01 45.407994 11.888355 1
5.55 -8.02 1.63 22.16 3.01 45.407994 11.888355 1
5.74 -7.85 1.65 21.75 3.01 45.407994 11.888355 1
6.1 -7.64 1.79 22.07 3.07 45.407988 11.888316 0
6.12 -7.79 1.81 22.05 3.07 45.407988 11.888316 1
5.9 -8.06 1.69 22.0 3.07 45.407988 11.888316 1
5.91 -7.94 1.73 21.92 3.07 45.407988 11.888316 0
