5.59 -3.63 1.62 22.11 2.18 45.407981 11.888255 1
5.96 -6.27 2.47 21.39 2.18 45.407981 11.888255 1
6.88 -7.87 2.07 21.85 2.18 45.407981 11.888255 1
7.41 -6.95 1.38 21.64 2.18 45.407981 11.888255 1
6.6 -7.88 1.55 21.75 2.18 45.407981 11.888255 1
5.36 -8.89 1.76 22.16 2.18 45.407981 11.888255 1
5.0 -7.44 1.6 22.31 2.18 45.407981 11.888255 1
5.37 -6.92 1.74 22.16 2.18 45.407981 11.888255 1
5.74 -8.59 2.04 21.95 2.18 45.407981 11.888255 1
5.88 -8.94 1.94 21.56 2.18 45.407981 11.888255 1
5.94 -7.57 1.85 21.75 2.18 45.407981 11.888255 1
6.05 -7.09 2.1 22.21 2.18 45.407981 11.888255 1
6.23 -7.49 2.26 22.11 2.18 45.407981 11.888255 1
6.34 -7.64 2.05 21.45 2.18 45.407981 11.888255 1
6.23 -7.76 1.74 21.95 2.46 45.407969 11.888225 0
6.04 -7.87 1.67 22.05 2.46 45.407969 11.888225 1
5.94 -7.71 1.9 21.59 2.46 45.407969 11.888225 0
5.89 -7.8 2.11 21.45 2.46 45.407969 11.888225 1
5.81 -8.16 1.86 21.95 2.46 45.407969 11.888225 1
5.77 -8.1 1.38 22.45 2.46 45.407969 11.888225 1
5.84 -7.81 1.31 22.0 2.46 45.407969 11.888225 1
5.97 -7.83 1.67 22.0 2.46 45.407969 11.888225 1
6.13 -7.83 1.91 21.64 2.46 45.407969 11.888225 1
6.31 -7.55 1.75 22.11 2.46 45.407969 11.888225 1
6.4 -7.41 1.58 22.02 2.46 45.407969 11.888225 1
6.29 -7.55 1.71 21.97 2.46 45.407969 11.888225 1
6.14 -7.66 1.94 21.95 2.46 45.407969 11.888225 1
6.06 -7.69 1.88 21.9 2.46 45.407969 11.888225 1
6.01 -7.82 1.64 21.85 2.46 45.407969 11.888225 1
5.87 -7.96 1.64 21.83 2.46 45.407969 11.888225 1
5.72 -7.99 1.8 21.44 2.46 45.407969 11.888225 1
5.71 -7.95 1.73 22.0 2.46 45.407969 11.888225 1
5.82 -7.83 1.61 22.04 3.27 45.407950 11.888194 0
5.95 -7.63 1.81 22.0 3.27 45.407950 11.888194 1
6.02 -7.56 2.06 22.04 3.27 45.407950 11.888194 0
