5.71 -7.94 1.73 21.97 2.94 45.408033 11.888537 1
5.62 -8.07 1.68 21.97 2.94 45.408033 11.888537 1
5.41 -8.2 1.79 22.02 2.94 45.408033 11.888537 1
5.58 -8.01 1.66 22.0 2.94 45.408033 11.888537 1
6.18 -7.72 1.46 21.83 2.94 45.408033 11.888537 1
6.38 -7.69 1.62 22.52 2.94 45.408033 11.888537 1
5.98 -7.73 1.95 22.62 2.94 45.408033 11.888537 1
5.85 -7.59 1.93 22.48 2.94 45.408033 11.888537 1
6.19 -7.53 1.72 22.05 2.94 45.408033 11.888537 1
6.32 -7.76 1.71 21.61 2.94 45.408033 11.888537 1
6.11 -7.9 1.79 22.05 2.94 45.408033 11.888537 1
5.98 -7.74 1.79 22.54 2.94 45.408033 11.888537 1
5.9 -7.68 1.9 22.52 2.94 45.408033 11.888537 1
5.67 -7.98 2.12 22.83 2.94 45.408033 11.888537 1
5.56 -8.18 2.08 21.9 2.81 45.408029 11.888499 0
5.71 -8.02 1.78 21.81 2.81 45.408029 11.888499 1
5.9 -7.91 1.62 21.85 2.81 45.408029 11.888499 0
6.0 -7.94 1.75 21.95 2.81 45.408029 11.888499 1
6.04 -7.77 1.91 21.97 2.81 45.408029 11.888499 1
6.05 -7.53 1.93 21.92 2.81 45.408029 11.888499 1
6.13 -7.66 1.86 22.28 2.81 45.408029 11.888499 1
6.23 -7.92 1.8 21.81 2.81 45.408029 11.888499 1
6.12 -7.87 1.85 22.43 2.81 45.408029 11.888499 1
5.94 -7.74 1.93 22.9 2.81 45.408029 11.888499 1
5.94 -7.82 1.85 22.57 2.81 45.408029 11.888499 1
5.85 -7.95 1.61 23.58 2.81 45.408029 11.888499 1
5.56 -8.03 1.48 24.25 2.81 45.408029 11.888499 1
5.61 -8.03 1.53 22.47 2.81 45.408029 11.888499 1
6.08 -7.9 1.6 22.28 2.81 45.408029 11.888499 1
6.21 -7.79 1.64 22.71 2.81 45.408029 11.888499 1
5.92 -7.84 1.77 21.95 2.81 45.408029 11.888499 1
5.89 -7.71 1.9 22.42 2.43 45.408026 11.888463 0
6.08 -7.48 1.9 22.74 2.43 45.408026 11.888463 1
6.07 -7.7 1.83 22.33 2.43 45.408026 11.888463 0
6.07 -8.04 1.9 21.85 2.43 45.408026 11.888463 1
