5.74 -7.78 1.59 21.81 2.28 45.408352 11.890018 1
6.27 -8.13 1.66 21.59 2.28 45.408352 11.890018 0
6.23 -8.18 1.79 21.54 2.28 45.408352 11.890018 1
5.7 -7.78 1.98 22.09 2.28 45.408352 11.890018 1
5.49 -7.49 2.1 22.09 2.28 45.408352 11.890018 1
5.9 -7.49 2.14 21.68 2.28 45.408352 11.890018 1
6.33 -7.74 2.11 22.21 2.28 45.408352 11.890018 1
6.25 -8.2 1.96 21.76 2.28 45.408352 11.890018 1
5.89 -8.33 1.8 21.97 2.28 45.408352 11.890018 1
5.68 -7.89 1.83 22.14 2.28 45.408352 11.890018 1
5.61 -7.67 1.93 21.8 2.28 45.408352 11.890018 1
5.61 -7.91 1.82 22.23 2.28 45.408352 11.890018 1
5.78 -7.88 1.7 22.57 2.28 45.408352 11.890018 1
6.0 -7.69 1.78 21.54 2.28 45.408352 11.890018 1
6.07 -8.04 1.87 21.49 2.28 45.408352 11.890018 1
6.02 -8.26 1.75 21.78 2.28 45.408352 11.890018 1
5.98 -7.68 1.64 21.75 2.28 45.408352 11.890018 1
5.88 -7.28 1.68 21.64 2.04 45.408349 11.889988 0
5.85 -7.7 1.73 21.69 2.04 45.408349 11.889988 1
6.02 -8.03 1.71 21.49 2.04 45.408349 11.889988 0
6.07 -7.99 1.69 21.76 2.04 45.408349 11.889988 1
5.83 -8.15 1.62 21.83 2.04 45.408349 11.889988 1
5.7 -8.19 1.5 21.99 2.04 45.408349 11.889988 1
5.88 -7.73 1.55 22.09 2.04 45.408349 11.889988 1
5.99 -7.51 1.85 22.19 2.04 45.408349 11.889988 1
5.83 -7.74 2.07 22.35 2.04 45.408349 11.889988 1
5.68 -7.81 1.93 21.75 2.04 45.408349 11.889988 1
5.84 -7.8 1.76 21.9 2.04 45.408349 11.889988 1
6.15 -8.06 1.88 21.76 2.04 45.408349 11.889988 1
6.23 -8.05 1.97 21.54 2.04 45.408349 11.889988 1
5.97 -7.6 1.75 22.19 2.04 45.408349 11.889988 1
5.72 -7.4 1.66 21.9 2.04 45.408349 11.889988 1
5.74 -7.63 2.0 22.12 2.04 45.408349 11.889988 1
5.9 -7.94 2.25 21.83 2.04 45.408349 11.889988 1
5.95 -8.27 2.0 21.9 1.7 45.408350 11.889965 0
