5.79 -8.25 1.69 21.73 3.13 45.408367 11.890072 1
5.94 -8.03 1.69 21.8 3.13 45.408367 11.890072 0
5.81 -7.61 1.66 22.04 3.13 45.408367 11.890072 1
5.93 -7.45 1.66 21.44 3.13 45.408367 11.890072 1
6.27 -7.72 1.68 21.42 3.13 45.408367 11.890072 1
6.32 -8.07 1.63 21.99 3.13 45.408367 11.890072 1
6.07 -7.91 1.58 22.19 3.13 45.408367 11.890072 1
5.89 -7.44 1.68 22.24 3.13 45.408367 11.890072 1
5.83 -7.54 1.78 22.14 3.13 45.408367 11.890072 1
5.79 -8.21 1.66 21.85 3.13 45.408367 11.890072 1
5.77 -8.5 1.49 21.87 3.13 45.408367 11.890072 1
5.75 -8.09 1.53 21.64 3.13 45.408367 11.890072 1
5.67 -7.61 1.71 22.19 3.13 45.408367 11.890072 1
5.59 -7.52 1.89 22.55 3.13 45.408367 11.890072 1
5.73 -7.75 1.97 21.59 3.13 45.408367 11.890072 1
6.09 -8.02 1.92 21.87 3.13 45.408367 11.890072 1
6.34 -7.93 1.85 21.93 3.13 45.408367 11.890072 1
6.18 -7.55 1.85 22.11 2.01 45.408360 11.890047 0
5.84 -7.49 1.86 22.02 2.01 45.408360 11.890047 1
5.74 -7.91 1.82 21.9 2.01 45.408360 11.890047 0
5.83 -8.2 1.81 21.42 2.01 45.408360 11.890047 1
5.72 -8.1 1.83 22.0 2.01 45.408360 11.890047 1
5.49 -7.97 1.81 22.0 2.01 45.408360 11.890047 1
5.57 -7.98 1.84 21.56 2.01 45.408360 11.890047 1
5.87 -8.0 1.9 21.88 2.01 45.408360 11.890047 1
5.96 -7.96 1.79 22.26 2.01 45.408360 11.890047 1
5.83 -7.82 1.53 22.17 2.01 45.408360 11.890047 1
5.82 -7.78 1.47 22.04 2.01 45.408360 11.890047 1
5.94 -8.0 1.65 22.0 2.01 45.408360 11.890047 1
5.96 -8.09 1.79 22.0 2.01 45.408360 11.890047 1
5.92 -7.76 1.78 22.07 2.01 45.408360 11.890047 1
5.95 -7.6 1.73 22.05 2.01 45.408360 11.890047 1
5.89 -8.01 1.65 21.63 2.01 45.408360 11.890047 1
5.56 -8.24 1.54 21.59 2.01 45.408360 11.890047 1
5.37 -7.9 1.52 21.57 2.28 45.408352 11.890018 0
