5.38 -8.26 1.87 21.85 3.19 45.408387 11.890127 0
5.89 -8.04 2.05 21.49 3.19 45.408387 11.890127 0
6.18 -7.71 2.07 22.35 3.19 45.408387 11.890127 1
6.29 -7.48 1.93 21.63 3.19 45.408387 11.890127 1
6.31 -7.45 1.79 22.04 3.19 45.408387 11.890127 1
6.18 -7.57 1.8 21.54 3.19 45.408387 11.890127 1
5.97 -7.87 1.87 21.81 3.19 45.408387 11.890127 1
5.9 -8.11 1.9 21.45 3.19 45.408387 11.890127 1
5.9 -7.99 1.9 22.07 3.19 45.408387 11.890127 1
5.68 -7.86 1.97 22.14 3.19 45.408387 11.890127 1
5.39 -8.14 1.97 22.5 3.19 45.408387 11.890127 1
5.44 -8.32 1.71 22.04 3.19 45.408387 11.890127 1
5.86 -7.97 1.33 21.61 3.19 45.408387 11.890127 1
6.21 -7.61 1.31 22.5 3.19 45.408387 11.890127 1
6.26 -7.59 1.69 21.64 3.19 45.408387 11.890127 1
6.22 -7.56 1.95 21.54 3.19 45.408387 11.890127 1
6.34 -7.39 1.8 22.0 3.19 45.408387 11.890127 1
6.47 -7.44 1.48 21.97 1.97 45.408378 11.890105 0
6.24 -7.69 1.32 21.56 1.97 45.408378 11.890105 1
5.82 -7.85 1.4 21.59 1.97 45.408378 11.890105 0
5.81 -7.88 1.64 21.95 1.97 45.408378 11.890105 1
6.08 -7.9 1.82 21.44 1.97 45.408378 11.890105 1
5.89 -8.04 1.8 21.45 1.97 45.408378 11.890105 1
5.41 -8.17 1.8 21.95 1.97 45.408378 11.890105 1
5.55 -8.01 2.04 21.51 1.97 45.408378 11.890105 1
6.16 -7.65 2.23 21.97 1.97 45.408378 11.890105 1
6.36 -7.53 2.07 22.07 1.97 45.408378 11.890105 1
6.15 -7.59 1.9 22.14 1.97 45.408378 11.890105 1
6.1 -7.46 2.0 22.14 1.97 45.408378 11.890105 1
6.17 -7.42 2.04 21.59 1.97 45.408378 11.890105 1
6.13 -7.81 1.8 21.97 1.97 45.408378 11.890105 1
6.11 -8.09 1.59 22.05 1.97 45.408378 11.890105 1
5.98 -7.83 1.65 22.19 1.97 45.408378 11.890105 1
5.63 -7.66 1.75 21.69 1.97 45.408378 11.890105 1
5.51 -7.98 1.72 21.83 3.13 45.408367 11.890072 0
