6.22 -7.19 1.52 22.11 2.91 45.408315 11.889941 1 0
5.83 -7.75 1.73 22.28 2.91 45.408315 11.889941 1 0
6.18 -7.47 1.57 22.26 2.91 45.408315 11.889941 1 0
5.89 -7.62 1.64 22.04 2.91 45.408315 11.889941 1 0
6.45 -8.1 1.7 21.8 2.91 45.408315 11.889941 1 0
5.94 -8.21 1.89 21.83 2.88 45.408306 11.889906 0 0
5.73 -7.98 1.68 21.99 2.88 45.408306 11.889906 1 0
5.23 -7.51 1.63 22.0 2.88 45.408306 11.889906 0 0
5.92 -7.86 1.55 21.75 2.88 45.408306 11.889906 1 0
5.76 -8.01 1.8 21.63 2.88 45.408306 11.889906 1 0
6.2 -8.05 1.82 21.47 2.88 45.408306 11.889906 1 0
5.79 -7.87 1.99 21.99 2.88 45.408306 11.889906 1 0
5.73 -7.27 2.04 22.0 2.88 45.408306 11.889906 1 0
5.85 -7.5 2.22 21.54 2.88 45.408306 11.889906 1 0
6.25 -7.98 1.82 22.0 2.88 45.408306 11.889906 1 0
5.91 -7.86 2.09 22.48 2.88 45.408306 11.889906 1 0
5.88 -7.6 1.82 22.16 2.88 45.408306 11.889906 1 0
5.91 -7.75 2.05 21.59 2.88 45.408306 11.889906 1 0
5.83 -8.0 2.01 22.42 2.88 45.408306 11.889906 1 0
6.04 -8.2 1.83 22.21 2.88 45.408306 11.889906 1 0
5.75 -7.69 1.89 22.17 2.88 45.408306 11.889906 1 0
5.69 -7.76 1.51 22.09 2.88 45.408306 11.889906 1 0
5.89 -7.92 1.58 22.4 3.58 45.408287 11.889867 0 0
6.11 -7.8 1.32 21.45 3.58 45.408287 11.889867 1 0
6.06 -7.86 1.41 21.45 3.58 45.408287 11.889867 0 0
5.82 -7.76 1.87 21.8 3.58 45.408287 11.889867 1 0
6.06 -7.7 1.75 21.9 3.58 45.408287 11.889867 1 0
5.96 -7.84 1.73 22.0 3.58 45.408287 11.889867 1 0
5.52 -7.86 1.74 21.88 3.58 45.408287 11.889867 1 0
5.79 -7.92 2.01 21.9 3.58 45.408287 11.889867 1 0
5.89 -7.82 1.81 21.85 3.58 45.408287 11.889867 1 0
5.76 -8.27 1.83 22.09 3.58 45.408287 11.889867 1 0
5.61 -7.84 1.82 22.19 3.58 45.408287 11.889867 1 0
5.77 -7.63 1.94 22.62 3.58 45.408287 11.889867 1 0
6.01 -7.68 2.0 21.57 3.58 45.408287 11.889867 1 0
