6.72 -8.69 1.0 25.79 2.76 45.408187 11.889664 1 1
4.19 -2.89 0.2 24.32 2.76 45.408187 11.889664 1 1
13.08 -14.42 3.2 22.96 2.76 45.408187 11.889664 1 1
6.66 -8.22 -0.34 21.99 2.76 45.408187 11.889664 1 1
5.04 -5.52 3.2 21.63 2.76 45.408187 11.889664 1 1
4.09 -10.01 1.09 21.28 3.6 45.408184 11.889619 0 1
4.98 -7.14 1.4 21.47 3.6 45.408184 11.889619 1 1
6.06 -7.9 1.39 21.75 3.6 45.408184 11.889619 0 1
5.85 -6.88 1.77 21.9 3.6 45.408184 11.889619 1 1
5.56 -7.04 2.51 21.95 3.6 45.408184 11.889619 1 1
5.44 -7.34 2.54 21.78 3.6 45.408184 11.889619 1 1
6.3 -7.89 2.19 21.71 3.6 45.408184 11.889619 1 1
6.38 -7.8 2.31 22.57 3.6 45.408184 11.889619 1 1
6.2 -7.82 1.99 21.47 3.6 45.408184 11.889619 1 1
5.8 -7.74 2.08 22.07 3.6 45.408184 11.889619 1 1
5.69 -7.9 2.02 22.17 3.6 45.408184 11.889619 1 1
5.63 -7.83 1.75 21.76 3.6 45.408184 11.889619 1 1
5.58 -7.98 1.62 21.66 3.6 45.408184 11.889619 1 1
5.83 -8.23 1.73 21.56 3.6 45.408184 11.889619 1 1
5.72 -8.03 1.39 22.04 3.6 45.408184 11.889619 1 1
5.9 -7.84 1.54 22.11 3.6 45.408184 11.889619 1 1
6.04 -7.61 1.81 21.9 3.6 45.408184 11.889619 1 1
6.03 -7.83 1.87 21.85 2.91 45.408185 11.889578 0 1
6.16 -7.82 1.81 21.95 2.91 45.408185 11.889578 1 1
5.77 -7.66 1.99 21.99 2.91 45.408185 11.889578 1 1
5.76 -7.72 1.89 21.9 2.91 45.408185 11.889578 0 1
5.79 -7.98 1.99 21.81 2.91 45.408185 11.889578 1 1
5.77 -8.11 1.75 21.45 2.91 45.408185 11.889578 1 1
5.56 -7.96 1.41 22.05 2.91 45.408185 11.889578 1 1
5.56 -7.72 1.8 22.05 2.91 45.408185 11.889578 1 1
5.75 -7.93 1.84 22.0 2.91 45.408185 11.889578 1 1
5.86 -8.11 1.65 21.69 2.91 45.408185 11.889578 1 1
6.19 -7.79 1.74 22.07 2.91 45.408185 11.889578 1 1
5.7 -7.96 1.77 22.12 2.91 45.408185 11.889578 1 1
5.76 -8.19 1.59 21.73 2.91 45.408185 11.889578 1 1
