5.77 -7.86 1.73 22.16 2.91 45.408185 11.889578 1 0
6.14 -7.92 1.56 22.11 2.91 45.408185 11.889578 1 0
6.03 -7.92 1.74 22.57 2.91 45.408185 11.889578 1 0
5.67 -7.9 1.64 22.62 2.91 45.408185 11.889578 1 0
5.49 -7.92 2.24 21.9 2.91 45.408185 11.889578 1 0
5.82 -7.92 2.07 21.97 2.58 45.408190 11.889539 0 0
5.78 -8.06 1.76 21.56 2.58 45.408190 11.889539 1 0
5.99 -7.99 1.6 22.0 2.58 45.408190 11.889539 0 0
5.74 -7.96 1.73 21.4 2.58 45.408190 11.889539 1 0
6.03 -7.83 1.69 21.87 2.58 45.408190 11.889539 1 0
5.54 -8.12 1.9 21.97 2.58 45.408190 11.889539 1 0
6.05 -7.85 1.86 22.05 2.58 45.408190 11.889539 1 0
5.69 -8.04 1.84 22.11 2.58 45.408190 11.889539 1 0
5.86 -7.7 1.72 22.09 2.58 45.408190 11.889539 1 0
5.65 -8.12 1.81 21.66 2.58 45.408190 11.889539 1 0
5.87 -7.97 1.72 21.93 2.58 45.408190 11.889539 1 0
6.05 -8.31 1.75 21.56 2.58 45.408190 11.889539 1 0
5.69 -7.95 1.71 22.05 2.58 45.408190 11.889539 1 0
5.82 -7.89 1.68 22.21 2.58 45.408190 11.889539 1 0
5.97 -7.72 1.64 22.14 2.58 45.408190 11.889539 1 0
5.94 -7.74 1.61 22.16 2.58 45.408190 11.889539 1 0
5.86 -8.13 1.83 22.0 2.58 45.408190 11.889539 1 0
5.96 -7.78 1.71 22.04 2.58 45.408190 11.889539 1 0
5.71 -7.92 1.81 22.42 3.41 45.408174 11.889496 0 0
5.58 -7.8 1.61 21.49 3.41 45.408174 11.889496 1 0
6.1 -8.13 1.83 21.39 3.41 45.408174 11.889496 0 0
5.86 -8.04 1.79 21.85 3.41 45.408174 11.889496 1 0
5.56 -8.01 1.66 22.04 3.41 45.408174 11.889496 1 0
5.68 -7.79 1.71 22.02 3.41 45.408174 11.889496 1 0
5.67 -7.79 1.71 22.03 3.41 45.408174 11.889496 1 0
5.68 -7.79 1.71 22.03 3.41 45.408174 11.889496 1 0
5.68 -7.8 1.71 22.02 3.41 45.408174 11.889496 1 0
5.69 -7.79 1.7 22.02 3.41 45.408174 11.889496 1 0
5.67 -7.79 1.71 22.02 3.41 45.408174 11.889496 1 0
5.68 -7.79 1.72 22.02 3.41 45.408174 11.889496 1 0
