6.07 -7.87 2.22 21.54 3.58 45.408287 11.889867 1 0
6.04 -7.89 1.96 22.05 3.58 45.408287 11.889867 1 0
6.2 -7.75 1.61 22.21 3.58 45.408287 11.889867 1 0
5.6 -7.62 1.46 22.12 3.58 45.408287 11.889867 1 0
5.86 -7.91 2.01 21.64 3.58 45.408287 11.889867 1 0
5.92 -8.01 1.84 22.0 2.69 45.408276 11.889838 0 0
6.04 -7.94 1.84 22.36 2.69 45.408276 11.889838 1 0
5.51 -7.91 1.74 21.95 2.69 45.408276 11.889838 0 0
5.74 -7.92 1.68 21.49 2.69 45.408276 11.889838 1 0
6.06 -8.15 1.63 21.9 2.69 45.408276 11.889838 1 0
5.84 -7.64 2.06 22.02 2.69 45.408276 11.889838 1 0
5.95 -7.72 1.74 22.07 2.69 45.408276 11.889838 1 0
6.21 -7.85 1.66 21.9 2.69 45.408276 11.889838 1 0
6.0 -7.75 1.56 22.07 2.69 45.408276 11.889838 1 0
6.13 -8.02 1.68 22.07 2.69 45.408276 11.889838 1 0
6.02 -7.56 1.51 22.52 2.69 45.408276 11.889838 1 0
6.0 -8.04 1.42 22.09 2.69 45.408276 11.889838 1 0
5.7 -7.89 1.69 22.11 2.69 45.408276 11.889838 1 0
5.67 -8.16 1.91 22.07 2.69 45.408276 11.889838 1 0
5.62 -7.87 1.59 22.05 2.69 45.408276 11.889838 1 0
5.59 -8.06 1.66 22.11 2.69 45.408276 11.889838 1 0
5.9 -7.89 1.82 21.52 2.69 45.408276 11.889838 1 0
5.92 -7.88 2.01 21.92 3.71 45.408253 11.889803 0 0
5.78 -7.65 2.18 21.54 3.71 45.408253 11.889803 1 0
6.11 -7.75 1.95 22.0 3.71 45.408253 11.889803 1 0
5.98 -7.49 1.93 21.99 3.71 45.408253 11.889803 0 0
5.75 -7.81 1.97 21.9 3.71 45.408253 11.889803 1 0
5.8 -7.64 1.91 21.45 3.71 45.408253 11.889803 1 0
6.09 -8.17 1.9 21.3 3.71 45.408253 11.889803 1 0
5.77 -7.93 1.84 22.36 3.71 45.408253 11.889803 1 0
5.68 -7.81 1.63 22.09 3.71 45.408253 11.889803 1 0
5.59 -7.7 1.52 22.21 3.71 45.408253 11.889803 1 0
5.93 -8.14 1.74 22.07 3.71 45.408253 11.889803 1 0
5.73 -7.83 1.6 21.97 3.71 45.408253 11.889803 1 0
5.89 -8.09 1.7 22.11 3.71 45.408253 11.889803 1 0
