5.76 -7.27 1.88 22.07 3.46 45.408210 11.889736 1 1
6.36 -8.13 1.79 21.95 3.46 45.408210 11.889736 1 1
6.0 -7.39 2.23 21.95 3.46 45.408210 11.889736 1 1
6.03 -8.24 2.0 22.52 3.46 45.408210 11.889736 1 1
5.91 -7.8 1.71 21.92 3.46 45.408210 11.889736 1 1
5.49 -7.56 1.56 21.97 3.08 45.408200 11.889697 0 1
5.82 -8.22 1.71 21.93 3.08 45.408200 11.889697 1 1
5.74 -7.79 1.75 21.9 3.08 45.408200 11.889697 0 1
6.15 -7.9 1.87 21.99 3.08 45.408200 11.889697 1 1
5.86 -7.56 1.88 22.0 3.08 45.408200 11.889697 1 1
5.84 -7.65 1.7 22.0 3.08 45.408200 11.889697 1 1
6.09 -7.77 1.69 21.88 3.08 45.408200 11.889697 1 1
6.17 -7.82 1.7 21.93 3.08 45.408200 11.889697 1 1
6.25 -8.11 1.87 21.59 3.08 45.408200 11.889697 1 1
5.86 -7.26 1.86 22.05 3.08 45.408200 11.889697 1 1
5.69 -8.23 1.86 22.07 3.08 45.408200 11.889697 1 1
5.88 -7.72 1.83 22.11 3.08 45.408200 11.889697 1 1
5.64 -7.82 1.79 21.64 3.08 45.408200 11.889697 1 1
5.94 -7.9 1.6 22.05 3.08 45.408200 11.889697 1 1
5.88 -8.02 1.84 22.02 3.08 45.408200 11.889697 1 1
5.9 -7.73 1.79 22.09 3.08 45.408200 11.889697 1 1
5.95 -7.7 1.92 21.99 3.08 45.408200 11.889697 1 1
6.14 -7.36 1.96 21.83 3.08 45.408200 11.889697 1 1
5.84 -7.69 1.92 21.51 2.76 45.408187 11.889664 0 1
6.22 -7.73 1.97 21.95 2.76 45.408187 11.889664 1 1
6.09 -8.09 1.33 21.8 2.76 45.408187 11.889664 0 1
5.79 -7.63 1.82 21.83 2.76 45.408187 11.889664 1 1
5.76 -8.1 2.12 21.88 2.76 45.408187 11.889664 1 1
5.68 -8.02 1.85 21.85 2.76 45.408187 11.889664 1 1
5.7 -8.08 1.83 22.0 2.76 45.408187 11.889664 1 1
5.42 -7.96 1.83 21.95 2.76 45.408187 11.889664 1 1
4.03 -6.46 1.68 22.0 2.76 45.408187 11.889664 1 1
6.62 -10.8 2.02 20.58 2.76 45.408187 11.889664 1 1
9.05 -6.65 2.21 21.8 2.76 45.408187 11.889664 1 1
4.69 -8.22 1.41 23.72 2.76 45.408187 11.889664 1 1
