5.89 -8.0 1.72 22.59 2.66 45.406356 11.895154 1 0
5.82 -7.77 1.64 22.54 2.66 45.406356 11.895154 1 0
5.86 -7.9 1.89 22.0 2.66 45.406356 11.895154 1 0
5.89 -7.96 2.06 22.29 2.66 45.406356 11.895154 1 0
5.97 -8.05 1.97 21.95 2.35 45.406356 11.895182 0 0
5.69 -7.93 1.57 21.92 2.35 45.406356 11.895182 1 0
5.83 -7.79 1.46 22.9 2.35 45.406356 11.895182 0 0
5.74 -7.79 1.32 22.35 2.35 45.406356 11.895182 1 0
6.41 -7.93 1.72 21.85 2.35 45.406356 11.895182 1 0
5.78 -7.86 1.9 21.71 2.35 45.406356 11.895182 1 0
6.15 -8.16 1.84 22.33 2.35 45.406356 11.895182 1 0
6.29 -7.61 1.29 22.36 2.35 45.406356 11.895182 1 0
5.85 -7.72 1.64 22.07 2.35 45.406356 11.895182 1 0
5.89 -7.5 1.74 22.07 2.35 45.406356 11.895182 1 0
5.65 -7.79 2.05 22.0 2.35 45.406356 11.895182 1 0
5.88 -7.98 1.84 22.57 2.35 45.406356 11.895182 1 0
6.36 -8.26 2.41 22.21 2.35 45.406356 11.895182 1 0
6.04 -8.01 2.32 22.88 2.35 45.406356 11.895182 1 0
5.91 -7.39 2.4 22.69 2.35 45.406356 11.895182 1 0
5.38 -7.37 1.96 22.71 2.35 45.406356 11.895182 1 0
5.66 -6.96 1.77 22.42 2.35 45.406356 11.895182 1 0
5.61 -8.55 1.44 21.69 2.35 45.406356 11.895182 1 0
6.04 -8.6 1.82 22.09 2.52 45.406359 11.895210 0 0
6.1 -8.81 1.38 21.85 2.52 45.406359 11.895210 1 0
5.48 -7.62 2.22 21.97 2.52 45.406359 11.895210 0 0
5.71 -7.4 1.62 21.97 2.52 45.406359 11.895210 1 0
5.86 -7.41 1.91 22.24 2.52 45.406359 11.895210 1 0
6.12 -7.93 1.93 22.24 2.52 45.406359 11.895210 1 0
5.69 -7.89 1.81 21.83 2.52 45.406359 11.895210 1 0
5.5 -8.0 1.9 22.5 2.52 45.406359 11.895210 1 0
5.73 -7.84 1.84 22.09 2.52 45.406359 11.895210 1 0
6.21 -7.83 1.66 22.55 2.52 45.406359 11.895210 1 0
5.92 -7.67 1.56 22.21 2.52 45.406359 11.895210 1 0
6.98 -8.7 1.72 22.42 2.52 45.406359 11.895210 1 0
5.03 -7.5 1.69 22.81 2.52 45.406359 11.895210 1 0
