5.06 -7.73 1.42 23.02 2.52 45.406359 11.895210 1 1
5.93 -7.73 1.72 22.5 2.52 45.406359 11.895210 1 1
5.84 -7.88 1.85 21.45 2.52 45.406359 11.895210 1 1
5.8 -8.03 1.82 21.23 2.52 45.406359 11.895210 1 1
6.43 -9.46 2.18 21.44 2.45 45.406368 11.895238 0 1
5.41 -6.5 1.72 22.47 2.45 45.406368 11.895238 1 1
5.2 -7.18 1.72 22.6 2.45 45.406368 11.895238 0 1
5.65 -7.41 1.57 23.32 2.45 45.406368 11.895238 1 1
6.21 -7.13 1.66 22.47 2.45 45.406368 11.895238 1 1
6.5 -8.8 2.29 22.07 2.45 45.406368 11.895238 1 1
5.93 -8.79 1.66 22.71 2.45 45.406368 11.895238 1 1
5.53 -7.69 1.98 22.0 2.45 45.406368 11.895238 1 1
5.43 -7.53 1.77 22.33 2.45 45.406368 11.895238 1 1
6.2 -7.67 1.64 22.17 2.45 45.406368 11.895238 1 1
5.93 -7.86 2.12 22.5 2.45 45.406368 11.895238 1 1
5.89 -8.46 1.95 22.35 2.45 45.406368 11.895238 1 1
5.88 -7.96 2.01 22.0 2.45 45.406368 11.895238 1 1
5.8 -8.31 1.82 22.07 2.45 45.406368 11.895238 1 1
5.52 -7.88 1.96 22.96 2.45 45.406368 11.895238 1 1
5.84 -7.58 1.9 23.27 2.45 45.406368 11.895238 1 1
5.92 -8.09 1.82 22.74 2.45 45.406368 11.895238 1 1
5.54 -7.96 2.01 22.35 2.45 45.406368 11.895238 1 1
5.64 -8.08 1.81 22.29 2.97 45.406371 11.895274 0 1
5.82 -7.87 1.88 22.0 2.97 45.406371 11.895274 1 1
5.81 -7.98 1.72 21.92 2.97 45.406371 11.895274 0 1
5.69 -7.84 1.89 21.88 2.97 45.406371 11.895274 1 1
5.58 -7.79 1.78 21.93 2.97 45.406371 11.895274 1 1
5.67 -8.07 1.61 22.4 2.97 45.406371 11.895274 1 1
5.55 -8.09 1.87 22.35 2.97 45.406371 11.895274 1 1
5.9 -8.08 1.46 21.95 2.97 45.406371 11.895274 1 1
5.75 -8.1 1.58 22.35 2.97 45.406371 11.895274 1 1
6.04 -8.01 1.64 22.05 2.97 45.406371 11.895274 1 1
5.84 -7.88 1.79 22.16 2.97 45.406371 11.895274 1 1
5.66 -7.76 1.67 22.12 2.97 45.406371 11.895274 1 1
5.89 -7.58 1.55 22.5 2.97 45.406371 11.895274 1 1
