5.54 -9.55 0.69 23.32 1.12 45.406355 11.894994 0 0
5.55 -9.48 0.74 22.05 1.12 45.406355 11.894994 1 0
5.51 -9.48 0.84 22.52 1.12 45.406355 11.894994 1 0
5.42 -10.02 1.0 22.35 1.12 45.406355 11.894994 1 0
5.3 -9.66 1.02 24.54 1.12 45.406355 11.894994 0 0
5.25 -9.73 0.85 22.93 1.12 45.406355 11.894994 1 0
5.29 -9.87 1.04 21.66 1.12 45.406355 11.894994 0 0
5.2 -9.89 0.97 21.47 1.12 45.406355 11.894994 1 0
5.14 -9.21 0.82 22.4 1.12 45.406355 11.894994 1 0
5.1 -9.0 0.71 21.99 1.12 45.406355 11.894994 1 0
5.47 -8.76 1.05 22.05 1.12 45.406355 11.894994 1 0
5.62 -9.0 1.22 22.21 1.12 45.406355 11.894994 1 0
5.11 -8.77 0.63 21.54 1.12 45.406355 11.894994 1 0
4.87 -8.61 1.45 21.59 1.12 45.406355 11.894994 1 0
5.49 -8.59 1.27 23.17 1.12 45.406355 11.894994 1 0
5.33 -8.45 1.41 21.59 1.12 45.406355 11.894994 1 0
5.59 -8.16 1.61 22.02 1.12 45.406355 11.894994 1 0
5.66 -8.03 2.09 21.75 1.12 45.406355 11.894994 1 0
5.92 -7.71 1.7 21.9 1.12 45.406355 11.894994 1 0
6.26 -7.33 1.48 22.02 1.12 45.406355 11.894994 1 0
6.23 -7.38 1.89 21.87 1.12 45.406355 11.894994 1 0
6.46 -7.35 1.97 22.35 0.87 45.406357 11.894995 0 0
6.51 -7.11 1.84 21.88 0.87 45.406357 11.894995 1 0
6.65 -7.32 1.96 22.19 0.87 45.406357 11.894995 0 0
6.83 -7.14 2.4 22.14 0.87 45.406357 11.894995 1 0
6.96 -6.98 2.76 22.11 0.87 45.406357 11.894995 1 0
6.71 -7.13 2.86 22.91 0.87 45.406357 11.894995 1 0
6.47 -7.32 2.75 22.52 0.87 45.406357 11.894995 1 0
6.18 -7.79 2.5 22.09 0.87 45.406357 11.894995 1 0
5.35 -8.07 2.41 21.8 0.87 45.406357 11.894995 1 0
5.25 -8.29 2.4 21.3 0.87 45.406357 11.894995 1 0
5.5 -8.35 2.04 21.57 0.87 45.406357 11.894995 1 0
5.54 -7.97 2.0 21.95 0.87 45.406357 11.894995 1 0
5.73 -8.08 1.83 21.9 0.87 45.406357 11.894995 1 0
5.6 -8.32 2.23 21.45 0.87 45.406357 11.894995 1 0
