5.92 -7.85 2.14 22.29 1.2 45.406320 11.894132 1 0
5.93 -7.89 1.99 21.92 1.2 45.406320 11.894132 1 0
6.01 -7.79 1.9 21.59 1.2 45.406320 11.894132 1 0
5.9 -7.71 1.99 21.95 1.2 45.406320 11.894132 1 0
5.7 -7.85 2.13 22.12 1.2 45.406320 11.894132 1 0
5.72 -8.01 2.1 22.47 1.2 45.406320 11.894132 1 0
5.85 -7.98 1.8 21.75 1.2 45.406320 11.894132 1 0
5.77 -7.91 1.49 22.19 1.2 45.406320 11.894132 1 0
5.63 -7.93 1.53 22.55 1.2 45.406320 11.894132 1 0
5.72 -7.99 1.76 22.09 1.2 45.406320 11.894132 1 0
5.91 -7.98 1.76 22.0 1.2 45.406320 11.894132 1 0
6.01 -7.85 1.67 22.96 1.2 45.406320 11.894132 1 0
6.06 -7.69 1.81 21.97 1.2 45.406320 11.894132 1 0
6.05 -7.7 1.92 22.04 0.99 45.406324 11.894146 0 0
5.91 -7.77 1.72 22.0 0.99 45.406324 11.894146 1 0
5.83 -7.79 1.48 21.93 0.99 45.406324 11.894146 0 0
5.88 -7.85 1.47 21.52 0.99 45.406324 11.894146 1 0
5.79 -7.96 1.56 22.28 0.99 45.406324 11.894146 1 0
5.5 -7.93 1.63 21.93 0.99 45.406324 11.894146 1 0
5.38 -7.84 1.71 21.4 0.99 45.406324 11.894146 1 0
5.63 -7.93 1.83 21.66 0.99 45.406324 11.894146 1 0
5.95 -8.07 1.94 21.64 0.99 45.406324 11.894146 1 0
5.96 -7.85 2.02 22.62 0.99 45.406324 11.894146 1 0
5.75 -7.44 1.98 22.62 0.99 45.406324 11.894146 1 0
5.75 -7.41 1.92 23.07 0.99 45.406324 11.894146 1 0
6.04 -7.88 2.05 21.99 0.99 45.406324 11.894146 1 0
6.18 -8.31 2.19 21.99 0.99 45.406324 11.894146 1 0
5.94 -8.25 2.0 22.47 0.99 45.406324 11.894146 1 0
5.69 -7.87 1.7 22.55 0.99 45.406324 11.894146 1 0
5.75 -7.67 1.71 22.33 0.99 45.406324 11.894146 1 0
5.9 -7.86 1.93 22.43 0.99 45.406324 11.894146 1 0
5.84 -8.11 1.98 22.04 1.52 45.406326 11.894170 0 0
5.64 -8.12 1.96 22.04 1.52 45.406326 11.894170 1 0
5.55 -8.06 2.06 21.95 1.52 45.406326 11.894170 0 0
5.69 -8.12 2.05 22.4 1.52 45.406326 11.894170 1 0
