5.36 -7.6 2.1 22.17 2.78 45.876030 12.305551 0
5.27 -7.83 1.84 22.36 2.78 45.876030 12.305551 0
5.62 -8.49 2.1 22.71 2.78 45.876030 12.305551 0
5.88 -8.15 1.55 22.86 2.78 45.876030 12.305551 0
5.15 -6.92 1.5 22.71 2.78 45.876030 12.305551 0
5.82 -7.31 1.75 24.27 2.78 45.876030 12.305551 0
5.76 -6.57 2.27 22.12 2.78 45.876030 12.305551 0
6.02 -7.6 2.04 21.69 2.78 45.876030 12.305551 0
6.28 -7.59 1.18 21.13 2.83 45.876006 12.305533 1
7.16 -9.64 2.07 21.93 2.83 45.876006 12.305533 0
7.72 -6.58 2.24 21.93 2.83 45.876006 12.305533 1
7.81 -6.15 2.23 22.67 2.83 45.876006 12.305533 0
7.24 -6.87 2.02 23.65 2.83 45.876006 12.305533 0
6.58 -11.18 1.18 25.16 2.83 45.876006 12.305533 0
3.25 -6.54 2.45 25.85 2.83 45.876006 12.305533 0
3.75 -8.11 0.95 23.89 2.83 45.876006 12.305533 0
5.42 -10.03 1.96 22.79 2.83 45.876006 12.305533 0
5.22 -8.71 1.66 21.06 2.83 45.876006 12.305533 0
3.63 -6.09 1.04 19.88 2.83 45.876006 12.305533 0
11.45 -11.2 1.78 19.52 2.83 45.876006 12.305533 0
8.67 -6.64 2.12 21.21 2.83 45.876006 12.305533 0
6.32 -4.48 2.45 22.5 2.83 45.876006 12.305533 0
5.44 -9.09 1.9 29.36 2.83 45.876006 12.305533 0
5.08 -6.7 3.37 27.42 2.83 45.876006 12.305533 0
1.56 2.76 2.13 24.75 2.83 45.876006 12.305533 0
5.91 -12.7 2.78 23.29 2.99 45.875980 12.305518 1
6.68 -13.89 1.06 22.95 2.99 45.875980 12.305518 0
4.85 -8.5 1.49 22.86 2.99 45.875980 12.305518 1
5.97 -6.47 2.43 23.8 2.99 45.875980 12.305518 0
6.03 -7.04 2.22 22.45 2.99 45.875980 12.305518 0
5.33 -8.93 1.63 21.97 2.99 45.875980 12.305518 0
6.73 -8.99 1.67 22.76 2.99 45.875980 12.305518 0
6.54 -6.53 1.67 22.88 2.99 45.875980 12.305518 0
5.94 -6.77 2.01 23.38 2.99 45.875980 12.305518 0
6.17 -7.2 2.03 22.57 2.99 45.875980 12.305518 0
