5.57 -9.64 2.14 22.78 3.16 45.876197 12.305704 0
6.69 -7.65 2.13 23.1 3.16 45.876197 12.305704 0
5.44 -7.3 2.3 22.67 3.16 45.876197 12.305704 0
5.92 -7.84 1.81 22.26 3.16 45.876197 12.305704 0
5.69 -7.56 2.09 22.5 3.16 45.876197 12.305704 0
6.08 -7.34 1.9 24.25 3.16 45.876197 12.305704 0
6.13 -7.68 2.0 23.8 3.16 45.876197 12.305704 0
6.38 -7.69 1.95 22.5 3.16 45.876197 12.305704 0
5.95 -8.2 1.87 29.22 3.16 45.876197 12.305704 0
6.2 -7.86 1.85 22.48 3.16 45.876197 12.305704 0
6.45 -7.96 1.83 22.48 3.16 45.876197 12.305704 0
6.03 -7.62 1.9 22.98 3.16 45.876197 12.305704 0
5.97 -8.0 1.62 23.03 3.16 45.876197 12.305704 0
6.04 -7.44 1.65 22.62 3.16 45.876197 12.305704 0
5.64 -8.22 1.73 22.48 3.01 45.876173 12.305691 1
5.82 -8.06 1.86 22.14 3.01 45.876173 12.305691 0
5.73 -8.31 1.97 22.71 3.01 45.876173 12.305691 1
6.27 -8.3 1.78 23.31 3.01 45.876173 12.305691 0
5.64 -7.78 1.46 22.31 3.01 45.876173 12.305691 0
5.55 -6.97 1.92 22.96 3.01 45.876173 12.305691 0
6.32 -7.98 1.75 22.31 3.01 45.876173 12.305691 0
5.96 -8.15 2.32 22.71 3.01 45.876173 12.305691 0
5.84 -7.59 1.98 22.07 3.01 45.876173 12.305691 0
5.92 -7.23 2.33 22.59 3.01 45.876173 12.305691 0
6.03 -7.34 2.3 22.11 3.01 45.876173 12.305691 0
5.87 -7.55 1.77 26.57 3.01 45.876173 12.305691 0
5.47 -8.28 1.54 23.08 3.01 45.876173 12.305691 0
5.4 -7.96 1.89 25.83 3.01 45.876173 12.305691 0
5.79 -8.21 1.65 23.02 3.01 45.876173 12.305691 0
5.48 -8.21 1.17 23.05 3.01 45.876173 12.305691 0
6.02 -7.43 1.58 22.04 2.88 45.876148 12.305680 1
6.43 -7.94 1.64 23.77 2.88 45.876148 12.305680 0
5.99 -8.07 2.01 23.32 2.88 45.876148 12.305680 1
5.91 -7.38 2.08 22.57 2.88 45.876148 12.305680 0
5.98 -7.38 2.28 23.41 2.88 45.876148 12.305680 0
