5.6 -8.23 1.55 21.97 2.64 45.876236 12.305753 1
5.61 -8.09 1.87 22.52 2.64 45.876236 12.305753 0
6.11 -8.66 2.0 22.52 2.64 45.876236 12.305753 0
6.32 -7.26 1.57 23.65 2.64 45.876236 12.305753 0
6.21 -7.27 1.65 23.14 2.64 45.876236 12.305753 0
6.13 -7.9 1.92 23.07 2.64 45.876236 12.305753 0
6.43 -8.12 1.77 22.98 2.64 45.876236 12.305753 0
6.19 -7.51 2.39 22.66 2.64 45.876236 12.305753 0
5.89 -8.06 2.23 22.71 2.64 45.876236 12.305753 0
5.8 -7.42 2.31 22.57 2.64 45.876236 12.305753 0
5.79 -7.37 2.12 22.54 2.64 45.876236 12.305753 0
6.12 -8.06 2.31 23.08 2.64 45.876236 12.305753 0
5.64 -8.07 2.01 22.71 2.64 45.876236 12.305753 0
5.79 -7.79 1.54 22.81 2.64 45.876236 12.305753 0
5.99 -8.01 1.81 22.71 2.64 45.876236 12.305753 0
6.19 -7.7 1.58 22.69 2.87 45.876218 12.305729 1
5.76 -8.11 2.14 22.76 2.87 45.876218 12.305729 0
5.9 -7.34 1.9 22.96 2.87 45.876218 12.305729 1
6.8 -7.83 1.67 22.42 2.87 45.876218 12.305729 0
6.62 -8.95 1.54 21.92 2.87 45.876218 12.305729 0
5.77 -8.02 1.9 23.92 2.87 45.876218 12.305729 0
6.09 -7.45 1.96 22.72 2.87 45.876218 12.305729 0
6.08 -7.44 2.11 24.04 2.87 45.876218 12.305729 0
5.46 -7.59 1.73 22.47 2.87 45.876218 12.305729 0
5.27 -6.98 2.18 22.12 2.87 45.876218 12.305729 0
6.74 -7.18 1.72 22.67 2.87 45.876218 12.305729 0
6.62 -7.74 1.9 22.05 2.87 45.876218 12.305729 0
6.22 -7.78 1.64 23.98 2.87 45.876218 12.305729 0
5.68 -7.91 1.64 24.23 2.87 45.876218 12.305729 0
6.11 -6.88 1.86 24.08 2.87 45.876218 12.305729 0
7.21 -8.24 2.46 23.17 2.87 45.876218 12.305729 0
8.24 -9.57 1.45 23.0 2.87 45.876218 12.305729 0
6.7 -9.34 2.14 23.34 3.16 45.876197 12.305704 1
6.26 -7.47 1.6 23.43 3.16 45.876197 12.305704 0
5.84 -7.87 2.0 23.15 3.16 45.876197 12.305704 1
