5.74 -7.63 1.9 22.09 1.65 45.408347 11.889979 1 0
5.52 -7.54 2.0 22.07 1.65 45.408347 11.889979 1 0
5.9 -7.91 2.06 21.56 1.65 45.408347 11.889979 1 0
6.06 -8.15 1.9 22.07 1.65 45.408347 11.889979 1 0
5.75 -7.87 1.74 21.68 1.65 45.408347 11.889979 1 0
5.6 -7.59 1.85 22.04 1.89 45.408341 11.889954 0 0
5.8 -7.85 1.93 21.97 1.89 45.408341 11.889954 1 0
5.94 -8.19 1.67 22.83 1.89 45.408341 11.889954 0 0
5.91 -8.05 1.37 22.05 1.89 45.408341 11.889954 1 0
5.89 -7.72 1.41 22.05 1.89 45.408341 11.889954 1 0
5.94 -7.69 1.6 22.02 1.89 45.408341 11.889954 1 0
6.06 -7.8 1.67 21.97 1.89 45.408341 11.889954 1 0
6.18 -7.88 1.69 21.45 1.89 45.408341 11.889954 1 0
6.04 -7.99 1.77 21.8 1.89 45.408341 11.889954 1 0
5.71 -8.04 1.79 22.07 1.89 45.408341 11.889954 1 0
5.57 -7.96 1.72 22.07 1.89 45.408341 11.889954 1 0
5.64 -7.93 1.65 22.59 1.89 45.408341 11.889954 1 0
5.69 -7.89 1.63 22.09 1.89 45.408341 11.889954 1 0
5.77 -7.8 1.67 21.63 1.89 45.408341 11.889954 1 0
5.95 -7.88 1.73 21.57 1.89 45.408341 11.889954 1 0
6.04 -8.03 1.69 22.12 1.89 45.408341 11.889954 1 0
5.96 -7.84 1.63 22.19 1.89 45.408341 11.889954 1 0
5.89 -7.54 1.73 22.05 1.89 45.408341 11.889954 1 0
5.92 -7.72 1.92 21.75 2.75 45.408325 11.889921 0 0
5.93 -8.1 2.03 21.78 2.75 45.408325 11.889921 1 0
5.86 -8.03 2.12 21.97 2.75 45.408325 11.889921 0 0
5.76 -7.77 2.2 21.66 2.75 45.408325 11.889921 1 0
5.71 -7.84 2.08 22.05 2.75 45.408325 11.889921 1 0
5.78 -8.04 1.86 21.92 2.75 45.408325 11.889921 1 0
5.85 -8.0 1.76 22.28 2.75 45.408325 11.889921 1 0
5.72 -7.86 1.7 21.99 2.75 45.408325 11.889921 1 0
5.61 -7.87 1.58 21.99 2.75 45.408325 11.889921 1 0
5.86 -7.92 1.5 21.52 2.75 45.408325 11.889921 1 0
6.21 -7.86 1.57 22.02 2.75 45.408325 11.889921 1 0
6.16 -7.69 1.66 22.12 2.75 45.408325 11.889921 1 0
