5.76 -7.48 1.73 21.9 3.16 45.408372 11.890087 0
5.82 -7.91 1.83 21.4 3.16 45.408372 11.890087 1
6.04 -8.16 1.96 21.32 3.16 45.408372 11.890087 1
6.1 -7.89 1.89 21.37 3.16 45.408372 11.890087 0
5.89 -7.51 1.68 21.51 3.16 45.408372 11.890087 1
5.77 -7.45 1.62 21.39 3.16 45.408372 11.890087 1
5.99 -7.79 1.86 21.35 3.16 45.408372 11.890087 1
6.15 -8.11 2.17 22.04 3.16 45.408372 11.890087 1
5.83 -7.92 2.2 22.26 3.16 45.408372 11.890087 1
5.44 -7.5 2.02 22.31 3.16 45.408372 11.890087 1
5.6 -7.69 1.96 21.56 3.16 45.408372 11.890087 1
6.11 -8.36 1.96 21.75 3.16 45.408372 11.890087 1
6.27 -8.44 1.76 21.88 3.16 45.408372 11.890087 1
5.96 -7.72 1.51 22.14 3.16 45.408372 11.890087 1
5.78 -7.26 1.4 22.16 3.16 45.408372 11.890087 1
6.01 -7.59 1.38 22.52 3.16 45.408372 11.890087 1
6.31 -7.99 1.53 21.47 3.16 45.408372 11.890087 1
6.32 -7.89 1.97 21.42 3.16 45.408372 11.890087 1
5.97 -7.64 2.25 22.31 1.56 45.408364 11.890068 0
5.52 -7.71 2.0 21.95 1.56 45.408364 11.890068 1
5.43 -7.98 1.66 22.42 1.56 45.408364 11.890068 0
5.8 -8.11 1.64 21.42 1.56 45.408364 11.890068 1
6.1 -8.04 1.7 21.87 1.56 45.408364 11.890068 1
5.9 -7.86 1.68 22.0 1.56 45.408364 11.890068 1
5.61 -7.73 1.76 21.85 1.56 45.408364 11.890068 1
5.79 -7.76 1.93 21.95 1.56 45.408364 11.890068 1
6.19 -7.73 2.02 22.31 1.56 45.408364 11.890068 1
6.26 -7.43 2.0 23.08 1.56 45.408364 11.890068 1
6.04 -7.4 1.91 22.07 1.56 45.408364 11.890068 1
5.92 -7.98 1.82 21.47 1.56 45.408364 11.890068 1
5.92 -8.43 1.86 21.9 1.56 45.408364 11.890068 1
5.78 -8.13 1.92 22.07 1.56 45.408364 11.890068 1
5.58 -7.71 1.8 22.17 1.56 45.408364 11.890068 1
5.61 -7.77 1.66 21.68 1.56 45.408364 11.890068 1
5.83 -7.81 1.75 21.93 1.56 45.408364 11.890068 1
