5.97 -8.0 2.07 21.92 3.01 45.408253 11.889706 1
6.19 -7.83 1.83 21.97 2.32 45.408239 11.889676 0
6.04 -7.62 1.43 22.02 2.32 45.408239 11.889676 1
6.11 -7.51 1.4 22.36 2.32 45.408239 11.889676 0
6.12 -7.71 1.74 21.9 2.32 45.408239 11.889676 1
5.88 -7.94 2.04 22.74 2.32 45.408239 11.889676 1
5.8 -7.86 1.92 21.92 2.32 45.408239 11.889676 1
5.83 -7.83 1.5 21.8 2.32 45.408239 11.889676 1
5.6 -8.12 1.34 22.26 2.32 45.408239 11.889676 1
5.46 -8.24 1.64 22.02 2.32 45.408239 11.889676 1
5.73 -7.85 1.92 22.54 2.32 45.408239 11.889676 1
5.92 -7.47 1.93 22.04 2.32 45.408239 11.889676 1
5.76 -7.56 1.9 22.02 2.32 45.408239 11.889676 1
5.74 -7.89 1.91 22.07 2.32 45.408239 11.889676 1
5.89 -8.01 1.89 22.43 2.32 45.408239 11.889676 1
5.78 -7.89 1.98 22.02 2.32 45.408239 11.889676 1
5.63 -7.8 2.16 21.54 2.32 45.408239 11.889676 1
5.82 -7.91 2.11 21.81 2.32 45.408239 11.889676 1
6.0 -8.0 1.78 21.66 1.27 45.408226 11.889656 0
5.76 -7.92 1.55 22.24 1.27 45.408226 11.889656 1
5.48 -7.84 1.6 22.23 1.27 45.408226 11.889656 0
5.54 -8.0 1.75 21.93 1.27 45.408226 11.889656 1
5.79 -8.19 1.86 21.93 1.27 45.408226 11.889656 1
5.96 -8.12 1.85 21.81 1.27 45.408226 11.889656 1
5.95 -7.9 1.76 22.17 1.27 45.408226 11.889656 1
5.83 -7.78 1.77 22.23 1.27 45.408226 11.889656 1
5.79 -7.79 1.86 22.21 1.27 45.408226 11.889656 1
5.91 -7.91 1.77 22.07 1.27 45.408226 11.889656 1
5.99 -8.12 1.57 22.02 1.27 45.408226 11.889656 1
5.81 -8.18 1.67 22.02 1.27 45.408226 11.889656 1
5.57 -7.98 1.94 22.09 1.27 45.408226 11.889656 1
5.63 -7.8 1.94 22.55 1.27 45.408226 11.889656 1
5.9 -7.85 1.75 22.07 1.27 45.408226 11.889656 1
5.95 -7.97 1.78 22.12 1.27 45.408226 11.889656 1
5.72 -7.97 1.97 21.52 1.27 45.408226 11.889656 1
