6.0 -8.24 2.29 21.81 2.97 45.406355 11.895517 1 0
5.6 -8.24 1.88 21.9 2.86 45.406352 11.895554 0 0
5.7 -8.04 1.51 21.95 2.86 45.406352 11.895554 1 0
5.61 -7.87 1.58 22.42 2.86 45.406352 11.895554 0 0
5.81 -7.79 1.64 21.95 2.86 45.406352 11.895554 1 0
5.7 -7.9 1.73 21.85 2.86 45.406352 11.895554 1 0
6.19 -7.89 1.16 22.29 2.86 45.406352 11.895554 1 0
5.85 -7.99 1.53 21.9 2.86 45.406352 11.895554 1 0
5.75 -7.93 1.72 22.4 2.86 45.406352 11.895554 1 0
5.76 -7.68 1.81 22.57 2.86 45.406352 11.895554 1 0
5.75 -7.92 2.31 22.57 2.86 45.406352 11.895554 1 0
5.69 -7.83 2.28 22.11 2.86 45.406352 11.895554 1 0
5.74 -8.12 1.67 22.42 2.86 45.406352 11.895554 1 0
5.55 -8.37 1.71 21.92 2.86 45.406352 11.895554 1 0
5.94 -8.26 1.43 21.95 2.86 45.406352 11.895554 1 0
5.96 -7.63 1.86 22.52 2.86 45.406352 11.895554 1 0
5.43 -7.8 1.84 22.11 2.86 45.406352 11.895554 1 0
5.87 -7.58 1.9 22.35 2.86 45.406352 11.895554 1 0
5.87 -8.26 1.57 22.31 2.69 45.406355 11.895587 0 0
5.63 -7.82 1.66 22.96 2.69 45.406355 11.895587 1 0
5.8 -8.01 1.74 22.17 2.69 45.406355 11.895587 0 0
5.89 -8.12 1.85 22.09 2.69 45.406355 11.895587 1 0
5.59 -7.83 1.96 22.6 2.69 45.406355 11.895587 1 0
5.64 -7.83 1.92 22.76 2.69 45.406355 11.895587 1 0
5.68 -8.04 1.94 22.36 2.69 45.406355 11.895587 1 0
6.0 -7.84 1.9 22.29 2.69 45.406355 11.895587 1 0
5.8 -7.61 1.86 22.02 2.69 45.406355 11.895587 1 0
5.43 -8.07 1.87 22.02 2.69 45.406355 11.895587 1 0
5.96 -7.92 1.7 22.11 2.69 45.406355 11.895587 1 0
5.53 -7.77 1.71 21.95 2.69 45.406355 11.895587 1 0
5.76 -8.12 1.92 21.81 2.69 45.406355 11.895587 1 0
5.97 -8.13 1.95 22.33 2.69 45.406355 11.895587 1 0
5.88 -7.99 1.48 22.05 2.69 45.406355 11.895587 1 0
5.63 -7.76 1.56 22.31 2.69 45.406355 11.895587 1 0
5.53 -7.85 1.67 22.23 2.69 45.406355 11.895587 1 0
