6.25 -7.71 1.84 21.54 3.31 45.407974 11.888326 1 1
6.0 -7.9 1.62 22.11 3.31 45.407974 11.888326 1 1
6.2 -7.87 1.78 22.11 3.31 45.407974 11.888326 1 1
5.71 -7.68 2.29 22.11 3.31 45.407974 11.888326 1 1
5.79 -7.86 2.38 22.16 3.31 45.407974 11.888326 1 1
5.98 -7.92 1.95 22.07 3.31 45.407974 11.888326 1 1
5.7 -7.82 1.73 22.47 3.31 45.407974 11.888326 1 1
6.12 -8.14 2.05 21.71 3.31 45.407974 11.888326 1 1
5.81 -7.91 1.92 22.19 3.31 45.407974 11.888326 1 1
5.63 -7.17 1.85 22.07 3.31 45.407974 11.888326 1 1
6.09 -7.37 1.51 21.47 2.83 45.407971 11.888287 0 1
6.13 -7.79 1.62 22.04 2.83 45.407971 11.888287 1 1
6.26 -8.25 1.69 21.23 2.83 45.407971 11.888287 0 1
5.71 -7.31 1.59 22.19 2.83 45.407971 11.888287 1 1
6.67 -7.95 1.99 21.97 2.83 45.407971 11.888287 1 1
5.95 -7.61 2.0 21.81 2.83 45.407971 11.888287 1 1
5.96 -7.6 1.62 22.24 2.83 45.407971 11.888287 1 1
5.62 -8.26 1.63 21.88 2.83 45.407971 11.888287 1 1
5.34 -7.69 1.81 22.16 2.83 45.407971 11.888287 1 1
5.22 -8.54 1.66 21.97 2.83 45.407971 11.888287 1 1
5.82 -7.73 1.77 21.78 2.83 45.407971 11.888287 1 1
6.37 -7.46 1.78 21.51 2.83 45.407971 11.888287 1 1
4.87 -4.92 1.99 21.04 2.83 45.407971 11.888287 1 1
9.34 -9.0 1.95 21.13 2.83 45.407971 11.888287 1 1
7.56 -9.56 2.98 21.8 2.83 45.407971 11.888287 1 1
4.8 -6.94 2.21 24.95 2.83 45.407971 11.888287 1 1
3.87 -6.96 2.25 25.04 2.83 45.407971 11.888287 1 1
2.51 -2.04 1.48 22.11 2.52 45.407963 11.888255 0 1
6.95 -12.19 0.98 20.37 2.52 45.407963 11.888255 1 1
5.81 -14.68 1.86 20.77 2.52 45.407963 11.888255 0 1
5.65 -6.64 1.37 22.14 2.52 45.407963 11.888255 1 1
4.95 -5.45 1.43 22.45 2.52 45.407963 11.888255 1 1
6.16 -6.69 0.99 21.85 2.52 45.407963 11.888255 1 1
6.81 -7.66 2.27 21.75 2.52 45.407963 11.888255 1 1
6.48 -7.35 2.2 21.49 2.52 45.407963 11.888255 1 1
