5.81 -7.7 1.85 22.11 2.38 45.406290 11.895189 1
5.87 -7.74 1.95 21.97 2.38 45.406290 11.895189 1
6.1 -7.69 1.85 21.9 2.38 45.406290 11.895189 1
6.25 -7.77 1.59 22.72 2.38 45.406290 11.895189 1
6.19 -7.94 1.63 21.88 2.38 45.406290 11.895189 1
6.04 -7.79 1.85 22.66 2.45 45.406301 11.895222 0
5.94 -7.37 1.89 22.31 2.45 45.406301 11.895222 1
5.98 -7.23 1.9 22.19 2.45 45.406301 11.895222 0
6.07 -7.64 1.98 22.47 2.45 45.406301 11.895222 1
6.02 -8.18 1.92 21.87 2.45 45.406301 11.895222 1
5.85 -8.34 1.77 22.57 2.45 45.406301 11.895222 1
5.75 -8.06 1.8 21.8 2.45 45.406301 11.895222 1
5.73 -7.74 1.86 21.95 2.45 45.406301 11.895222 1
5.71 -7.69 1.76 21.54 2.45 45.406301 11.895222 1
5.77 -7.8 1.7 21.9 2.45 45.406301 11.895222 1
5.86 -7.93 1.77 21.87 2.45 45.406301 11.895222 1
5.84 -7.92 1.84 21.95 2.45 45.406301 11.895222 1
5.84 -7.63 1.87 22.05 2.45 45.406301 11.895222 1
5.96 -7.36 1.83 22.02 2.45 45.406301 11.895222 1
6.08 -7.6 1.74 22.05 2.45 45.406301 11.895222 1
6.21 -8.01 1.75 21.64 2.45 45.406301 11.895222 1
6.31 -7.97 1.81 22.55 2.45 45.406301 11.895222 1
5.98 -7.77 1.76 22.47 2.45 45.406301 11.895222 1
5.28 -7.75 1.69 23.07 2.72 45.406307 11.895257 0
5.01 -7.64 1.73 23.58 2.72 45.406307 11.895257 1
5.41 -7.91 1.72 21.49 2.72 45.406307 11.895257 0
5.82 -9.01 1.7 21.25 2.72 45.406307 11.895257 1
5.95 -9.51 1.9 22.45 2.72 45.406307 11.895257 1
5.92 -8.19 2.1 22.42 2.72 45.406307 11.895257 1
5.68 -6.67 1.89 22.16 2.72 45.406307 11.895257 1
5.51 -6.66 1.56 23.24 2.72 45.406307 11.895257 1
5.95 -7.34 1.62 22.91 2.72 45.406307 11.895257 1
6.63 -7.75 1.93 22.12 2.72 45.406307 11.895257 1
6.65 -8.27 2.06 21.85 2.72 45.406307 11.895257 1
6.13 -8.66 1.94 48.65 2.72 45.406307 11.895257 1
