5.7 -7.89 1.95 22.05 2.7 45.406280 11.895123 1
5.89 -7.91 1.81 22.04 2.7 45.406280 11.895123 1
5.81 -7.96 1.75 22.07 2.7 45.406280 11.895123 1
5.64 -7.88 1.82 22.12 2.7 45.406280 11.895123 1
5.66 -7.81 1.84 21.99 2.7 45.406280 11.895123 1
5.81 -7.9 1.78 22.35 2.4 45.406283 11.895156 0
5.87 -8.0 1.72 21.85 2.4 45.406283 11.895156 1
5.82 -7.98 1.7 21.85 2.4 45.406283 11.895156 0
5.75 -7.94 1.73 21.83 2.4 45.406283 11.895156 1
5.74 -7.92 1.77 21.87 2.4 45.406283 11.895156 1
5.78 -7.89 1.74 21.9 2.4 45.406283 11.895156 1
5.81 -7.85 1.67 21.85 2.4 45.406283 11.895156 1
5.76 -7.85 1.67 22.78 2.4 45.406283 11.895156 1
5.75 -7.88 1.75 22.59 2.4 45.406283 11.895156 1
5.82 -7.92 1.82 22.12 2.4 45.406283 11.895156 1
5.87 -7.93 1.81 22.19 2.4 45.406283 11.895156 1
5.81 -7.91 1.75 22.57 2.4 45.406283 11.895156 1
5.79 -7.9 1.75 22.11 2.4 45.406283 11.895156 1
5.89 -7.98 1.82 22.57 2.4 45.406283 11.895156 1
5.92 -8.04 1.78 22.16 2.4 45.406283 11.895156 1
5.8 -7.92 1.61 22.59 2.4 45.406283 11.895156 1
5.74 -7.81 1.53 22.07 2.4 45.406283 11.895156 1
5.85 -7.96 1.62 21.9 2.4 45.406283 11.895156 1
5.89 -8.14 1.7 21.93 2.38 45.406290 11.895189 0
5.76 -8.04 1.75 21.87 2.38 45.406290 11.895189 1
5.71 -7.85 1.84 21.95 2.38 45.406290 11.895189 0
5.8 -7.93 1.77 22.0 2.38 45.406290 11.895189 1
5.8 -8.05 1.5 21.97 2.38 45.406290 11.895189 1
5.72 -7.86 1.48 22.88 2.38 45.406290 11.895189 1
5.83 -7.56 1.79 21.95 2.38 45.406290 11.895189 1
5.99 -7.6 1.81 21.93 2.38 45.406290 11.895189 1
5.89 -7.94 1.47 21.56 2.38 45.406290 11.895189 1
5.69 -8.08 1.39 21.97 2.38 45.406290 11.895189 1
5.71 -7.87 1.66 22.05 2.38 45.406290 11.895189 1
5.82 -7.67 1.8 22.11 2.38 45.406290 11.895189 1
