6.31 -7.68 2.08 22.55 2.34 45.406274 11.895089 0
6.16 -7.83 2.01 22.21 2.34 45.406274 11.895089 1
6.01 -7.61 2.2 22.12 2.34 45.406274 11.895089 1
6.07 -7.49 2.33 22.05 2.34 45.406274 11.895089 1
6.17 -7.78 2.15 22.35 2.34 45.406274 11.895089 1
5.91 -8.05 1.87 21.85 2.34 45.406274 11.895089 0
5.53 -8.03 1.63 21.87 2.34 45.406274 11.895089 1
5.58 -8.01 1.41 21.9 2.34 45.406274 11.895089 0
5.81 -8.03 1.36 22.35 2.34 45.406274 11.895089 1
5.76 -7.96 1.48 22.36 2.34 45.406274 11.895089 1
5.63 -7.98 1.57 22.42 2.34 45.406274 11.895089 1
5.74 -8.07 1.76 21.97 2.34 45.406274 11.895089 1
5.89 -7.86 2.14 22.31 2.34 45.406274 11.895089 1
5.9 -7.49 2.26 22.54 2.34 45.406274 11.895089 1
5.96 -7.57 1.92 21.66 2.34 45.406274 11.895089 1
5.97 -8.05 1.67 22.11 2.34 45.406274 11.895089 1
5.73 -8.28 1.7 23.02 2.34 45.406274 11.895089 1
5.5 -8.12 1.54 22.21 2.34 45.406274 11.895089 1
5.62 -7.96 1.35 23.03 2.34 45.406274 11.895089 1
5.85 -8.0 1.61 22.12 2.34 45.406274 11.895089 1
5.9 -8.03 1.91 22.11 2.34 45.406274 11.895089 1
5.86 -7.95 1.72 21.39 2.34 45.406274 11.895089 1
5.81 -7.98 1.55 22.76 2.34 45.406274 11.895089 1
5.67 -8.11 1.85 22.0 2.7 45.406280 11.895123 0
5.53 -8.08 2.03 22.0 2.7 45.406280 11.895123 1
5.56 -7.88 1.82 21.95 2.7 45.406280 11.895123 0
5.75 -7.8 1.74 22.76 2.7 45.406280 11.895123 1
5.9 -7.93 1.89 21.9 2.7 45.406280 11.895123 1
5.86 -8.01 1.83 21.88 2.7 45.406280 11.895123 1
5.69 -7.94 1.65 22.4 2.7 45.406280 11.895123 1
5.63 -7.84 1.64 22.11 2.7 45.406280 11.895123 1
5.81 -7.84 1.59 22.11 2.7 45.406280 11.895123 1
5.91 -7.93 1.45 22.09 2.7 45.406280 11.895123 1
5.72 -8.02 1.54 22.07 2.7 45.406280 11.895123 1
5.55 -7.99 1.85 22.11 2.7 45.406280 11.895123 1
