5.72 -7.72 1.87 22.24 2.44 45.406317 11.895325 1
5.7 -7.95 1.87 22.62 2.44 45.406317 11.895325 1
5.85 -8.22 1.71 22.93 2.44 45.406317 11.895325 1
5.9 -8.27 1.53 22.64 2.44 45.406317 11.895325 1
5.77 -8.02 1.42 22.09 2.44 45.406317 11.895325 1
5.78 -7.75 1.3 21.95 2.98 45.406321 11.895361 0
5.88 -7.8 1.35 22.86 2.98 45.406321 11.895361 1
5.64 -8.08 1.66 21.87 2.98 45.406321 11.895361 0
5.3 -8.24 1.87 21.85 2.98 45.406321 11.895361 1
5.38 -8.1 1.7 23.67 2.98 45.406321 11.895361 1
5.66 -7.82 1.5 22.45 2.98 45.406321 11.895361 1
5.66 -7.72 1.64 22.81 2.98 45.406321 11.895361 1
5.64 -7.96 1.9 25.35 2.98 45.406321 11.895361 1
5.76 -8.23 1.99 22.33 2.98 45.406321 11.895361 1
5.64 -8.14 1.93 28.93 2.98 45.406321 11.895361 1
5.41 -7.91 1.79 22.48 2.98 45.406321 11.895361 1
5.53 -7.9 1.6 24.08 2.98 45.406321 11.895361 1
5.73 -7.93 1.51 22.57 2.98 45.406321 11.895361 1
5.66 -7.83 1.6 23.32 2.98 45.406321 11.895361 1
5.63 -7.9 1.72 21.9 2.98 45.406321 11.895361 1
5.73 -8.13 1.76 22.43 2.98 45.406321 11.895361 1
5.64 -8.02 1.71 22.35 2.98 45.406321 11.895361 1
5.6 -7.7 1.6 21.88 2.98 45.406321 11.895361 1
5.91 -7.78 1.57 21.95 2.75 45.406322 11.895399 0
6.05 -8.06 1.72 21.92 2.75 45.406322 11.895399 1
5.71 -7.95 1.98 22.35 2.75 45.406322 11.895399 0
5.55 -7.78 2.13 21.88 2.75 45.406322 11.895399 1
5.84 -8.02 2.04 21.92 2.75 45.406322 11.895399 1
5.97 -8.16 1.73 22.26 2.75 45.406322 11.895399 1
5.8 -7.89 1.42 22.78 2.75 45.406322 11.895399 1
5.75 -7.84 1.37 21.61 2.75 45.406322 11.895399 1
5.83 -8.13 1.58 22.02 2.75 45.406322 11.895399 1
5.69 -8.09 1.75 22.09 2.75 45.406322 11.895399 1
5.58 -7.84 1.73 22.05 2.75 45.406322 11.895399 1
5.85 -7.95 1.57 22.05 2.75 45.406322 11.895399 1
