5.79 -8.25 1.85 22.12 2.72 45.406307 11.895257 1
5.63 -7.71 1.93 22.26 2.72 45.406307 11.895257 1
5.52 -7.88 2.08 22.31 2.72 45.406307 11.895257 1
5.65 -8.15 2.03 22.57 2.72 45.406307 11.895257 1
5.88 -7.99 1.78 21.92 2.72 45.406307 11.895257 1
5.89 -7.93 1.66 21.71 2.71 45.406312 11.895292 0
5.88 -8.1 1.75 22.6 2.71 45.406312 11.895292 1
6.01 -7.95 1.86 22.0 2.71 45.406312 11.895292 0
5.9 -7.53 1.89 21.95 2.71 45.406312 11.895292 1
5.67 -7.51 1.86 22.04 2.71 45.406312 11.895292 1
5.85 -7.86 1.74 22.29 2.71 45.406312 11.895292 1
6.17 -7.99 1.54 21.95 2.71 45.406312 11.895292 1
6.02 -7.82 1.43 23.2 2.71 45.406312 11.895292 1
5.65 -7.8 1.5 22.86 2.71 45.406312 11.895292 1
5.58 -8.06 1.7 21.95 2.71 45.406312 11.895292 1
5.63 -8.1 1.87 22.05 2.71 45.406312 11.895292 1
5.61 -7.71 1.78 22.07 2.71 45.406312 11.895292 1
5.66 -7.49 1.63 22.52 2.71 45.406312 11.895292 1
5.74 -7.88 1.87 21.9 2.71 45.406312 11.895292 1
5.71 -8.23 2.37 21.95 2.71 45.406312 11.895292 1
5.74 -7.95 2.34 22.43 2.71 45.406312 11.895292 1
5.84 -7.58 1.77 49.03 2.71 45.406312 11.895292 1
5.75 -7.7 1.5 22.35 2.71 45.406312 11.895292 1
5.67 -7.92 1.68 21.88 2.44 45.406317 11.895325 0
5.86 -7.87 1.71 21.88 2.44 45.406317 11.895325 1
5.98 -7.85 1.55 21.8 2.44 45.406317 11.895325 0
5.72 -8.02 1.66 22.29 2.44 45.406317 11.895325 1
5.44 -8.08 1.99 22.0 2.44 45.406317 11.895325 1
5.5 -7.95 2.11 22.35 2.44 45.406317 11.895325 1
5.65 -7.9 1.96 22.47 2.44 45.406317 11.895325 1
5.65 -8.01 1.82 23.84 2.44 45.406317 11.895325 1
5.63 -8.14 1.84 23.44 2.44 45.406317 11.895325 1
5.71 -8.12 1.91 22.57 2.44 45.406317 11.895325 1
5.81 -7.91 1.88 22.74 2.44 45.406317 11.895325 1
5.81 -7.72 1.83 22.33 2.44 45.406317 11.895325 1
