5.7 -8.12 1.59 21.93 3.09 45.407989 11.888407 1
5.72 -7.92 1.67 21.83 3.09 45.407989 11.888407 1
5.64 -8.67 1.34 22.52 3.09 45.407989 11.888407 1
5.56 -8.04 1.74 22.93 3.09 45.407989 11.888407 1
6.11 -6.85 1.94 22.07 3.09 45.407989 11.888407 1
6.33 -8.18 1.79 21.97 3.09 45.407989 11.888407 1
5.71 -7.33 2.02 22.16 3.09 45.407989 11.888407 1
6.3 -7.48 2.01 22.83 3.09 45.407989 11.888407 1
6.22 -7.84 1.87 22.71 3.05 45.407988 11.888372 0
5.83 -8.29 1.55 21.69 3.05 45.407988 11.888372 1
6.04 -7.99 1.61 23.14 3.05 45.407988 11.888372 0
6.09 -7.83 1.66 22.91 3.05 45.407988 11.888372 1
5.36 -7.46 2.07 22.11 3.05 45.407988 11.888372 1
5.71 -8.23 1.63 22.42 3.05 45.407988 11.888372 1
5.92 -8.07 1.61 21.85 3.05 45.407988 11.888372 1
6.05 -7.98 1.78 21.87 3.05 45.407988 11.888372 1
5.75 -7.96 2.04 21.99 3.05 45.407988 11.888372 1
5.89 -7.62 2.05 22.45 3.05 45.407988 11.888372 1
6.06 -7.32 2.06 22.47 3.05 45.407988 11.888372 1
6.27 -7.75 2.01 22.52 3.05 45.407988 11.888372 1
6.26 -7.71 1.91 26.43 3.05 45.407988 11.888372 1
6.17 -7.53 1.85 22.02 3.05 45.407988 11.888372 1
5.99 -7.86 2.0 21.57 3.05 45.407988 11.888372 1
5.69 -8.03 1.58 22.11 3.05 45.407988 11.888372 1
5.67 -7.68 1.87 21.9 3.05 45.407988 11.888372 1
6.07 -7.49 1.84 22.26 3.05 45.407988 11.888372 1
5.75 -7.8 1.66 22.29 2.86 45.407984 11.888337 0
6.04 -7.98 1.9 22.16 2.86 45.407984 11.888337 1
5.72 -7.47 1.58 21.92 2.86 45.407984 11.888337 0
5.87 -7.5 1.68 21.83 2.86 45.407984 11.888337 1
7.01 -8.55 1.64 22.0 2.86 45.407984 11.888337 1
5.63 -7.44 1.63 21.9 2.86 45.407984 11.888337 1
6.06 -7.9 1.43 22.11 2.86 45.407984 11.888337 1
5.63 -7.64 1.7 21.69 2.86 45.407984 11.888337 1
6.24 -7.59 1.7 22.07 2.86 45.407984 11.888337 1
