5.59 -7.86 1.36 22.17 2.37 45.407964 11.888207 1
5.88 -7.37 1.83 22.17 2.37 45.407964 11.888207 1
5.96 -7.82 1.85 22.04 2.37 45.407964 11.888207 1
5.97 -8.07 1.97 22.05 2.37 45.407964 11.888207 1
5.9 -8.38 1.64 22.05 2.37 45.407964 11.888207 1
5.72 -7.72 1.87 22.23 2.37 45.407964 11.888207 1
5.73 -7.39 1.95 21.73 2.37 45.407964 11.888207 1
6.16 -7.47 1.81 21.95 2.37 45.407964 11.888207 1
6.33 -7.87 1.83 21.56 1.32 45.407960 11.888189 0
6.15 -7.99 1.85 21.97 1.32 45.407960 11.888189 1
5.97 -7.59 1.89 22.05 1.32 45.407960 11.888189 0
5.82 -7.75 1.9 21.92 1.32 45.407960 11.888189 1
5.99 -7.99 1.79 21.51 1.32 45.407960 11.888189 1
5.83 -8.08 1.79 21.97 1.32 45.407960 11.888189 1
5.59 -7.72 1.7 22.4 1.32 45.407960 11.888189 1
5.86 -7.97 1.77 21.42 1.32 45.407960 11.888189 1
5.9 -7.65 1.55 21.57 1.32 45.407960 11.888189 1
6.44 -7.89 1.81 22.09 1.32 45.407960 11.888189 1
6.08 -7.43 1.95 22.07 1.32 45.407960 11.888189 1
6.06 -7.55 1.85 22.0 1.32 45.407960 11.888189 1
5.89 -7.9 1.93 21.92 1.32 45.407960 11.888189 1
6.15 -7.67 1.95 21.83 1.32 45.407960 11.888189 1
6.1 -7.77 1.98 21.8 1.32 45.407960 11.888189 1
5.99 -7.86 1.76 22.26 1.32 45.407960 11.888189 1
5.93 -7.75 1.54 21.8 1.32 45.407960 11.888189 1
5.89 -7.99 1.65 21.95 1.32 45.407960 11.888189 1
5.54 -7.78 1.7 22.5 2.87 45.407950 11.888158 0
5.91 -7.59 1.77 22.16 2.87 45.407950 11.888158 1
5.97 -7.61 2.07 22.05 2.87 45.407950 11.888158 0
6.23 -8.05 1.78 21.97 2.87 45.407950 11.888158 1
5.92 -7.93 1.81 21.51 2.87 45.407950 11.888158 1
5.94 -7.66 2.0 21.95 2.87 45.407950 11.888158 1
6.19 -7.64 1.83 21.99 2.87 45.407950 11.888158 1
6.13 -7.64 1.66 21.93 2.87 45.407950 11.888158 1
6.01 -7.48 1.82 22.07 2.87 45.407950 11.888158 1
