5.88 -7.85 1.79 22.09 3.26 45.407970 11.888261 1
5.82 -7.77 1.82 22.21 3.26 45.407970 11.888261 1
5.62 -7.63 1.81 22.23 3.26 45.407970 11.888261 1
6.08 -7.95 1.85 22.11 3.26 45.407970 11.888261 1
6.13 -7.86 1.75 22.02 3.26 45.407970 11.888261 1
5.87 -7.4 1.89 22.16 3.26 45.407970 11.888261 1
6.09 -7.71 1.76 21.76 3.26 45.407970 11.888261 1
5.86 -7.49 1.78 22.05 3.26 45.407970 11.888261 1
5.76 -7.68 1.78 21.44 1.98 45.407971 11.888234 0
6.05 -7.67 2.07 22.11 1.98 45.407971 11.888234 1
6.23 -8.47 1.59 21.61 1.98 45.407971 11.888234 0
5.84 -7.43 1.93 21.44 1.98 45.407971 11.888234 1
6.73 -7.8 1.61 22.05 1.98 45.407971 11.888234 1
5.48 -7.66 1.35 22.04 1.98 45.407971 11.888234 1
5.77 -7.71 1.94 22.17 1.98 45.407971 11.888234 1
5.84 -7.92 1.71 22.0 1.98 45.407971 11.888234 1
5.57 -8.06 1.83 21.95 1.98 45.407971 11.888234 1
6.02 -8.12 1.38 22.07 1.98 45.407971 11.888234 1
5.62 -7.41 1.66 21.51 1.98 45.407971 11.888234 1
5.83 -7.54 1.59 21.56 1.98 45.407971 11.888234 1
5.74 -6.48 1.57 21.25 1.98 45.407971 11.888234 1
9.27 -9.98 1.95 20.44 1.98 45.407971 11.888234 1
7.03 -10.14 3.76 22.21 1.98 45.407971 11.888234 1
6.57 -5.95 1.89 24.58 1.98 45.407971 11.888234 1
3.98 -6.64 1.98 24.42 1.98 45.407971 11.888234 1
4.3 -5.87 1.93 22.59 1.98 45.407971 11.888234 1
12.56 -9.46 2.15 20.53 2.37 45.407964 11.888207 0
8.86 -12.95 -2.27 20.43 2.37 45.407964 11.888207 1
6.15 -9.99 2.21 21.69 2.37 45.407964 11.888207 0
4.86 -5.2 2.11 22.14 2.37 45.407964 11.888207 1
5.7 -6.14 1.42 21.95 2.37 45.407964 11.888207 1
6.91 -7.74 2.38 21.85 2.37 45.407964 11.888207 1
6.45 -7.08 1.65 21.69 2.37 45.407964 11.888207 1
7.0 -7.99 1.55 21.75 2.37 45.407964 11.888207 1
6.06 -8.17 1.97 22.07 2.37 45.407964 11.888207 1
