5.71 -7.74 1.75 22.62 3.7 45.407985 11.888487 1
5.68 -7.75 1.83 22.11 3.7 45.407985 11.888487 1
5.63 -8.1 1.87 22.45 3.7 45.407985 11.888487 1
5.98 -7.94 1.87 22.09 3.7 45.407985 11.888487 1
5.88 -7.84 1.6 22.12 3.7 45.407985 11.888487 1
5.93 -7.62 1.98 22.16 3.7 45.407985 11.888487 1
5.98 -8.0 1.7 22.02 3.7 45.407985 11.888487 1
6.11 -7.65 1.74 21.49 3.7 45.407985 11.888487 1
5.92 -8.01 2.16 21.92 3.3 45.407991 11.888448 0
6.39 -7.9 2.1 22.04 3.3 45.407991 11.888448 1
5.98 -7.4 2.01 22.16 3.3 45.407991 11.888448 0
5.68 -7.83 1.91 22.43 3.3 45.407991 11.888448 1
5.56 -8.2 1.75 21.81 3.3 45.407991 11.888448 1
5.7 -7.82 1.88 21.8 3.3 45.407991 11.888448 1
5.97 -8.4 1.83 21.9 3.3 45.407991 11.888448 1
5.69 -7.73 2.0 22.57 3.3 45.407991 11.888448 1
5.58 -7.62 1.65 22.67 3.3 45.407991 11.888448 1
5.87 -7.51 1.61 22.52 3.3 45.407991 11.888448 1
6.27 -7.88 1.54 22.16 3.3 45.407991 11.888448 1
6.08 -7.95 1.75 22.12 3.3 45.407991 11.888448 1
6.12 -7.65 1.77 22.62 3.3 45.407991 11.888448 1
6.06 -7.72 1.81 22.57 3.3 45.407991 11.888448 1
6.09 -7.97 1.69 23.43 3.3 45.407991 11.888448 1
5.57 -7.73 1.7 22.54 3.3 45.407991 11.888448 1
5.55 -8.1 1.69 22.28 3.3 45.407991 11.888448 1
5.81 -8.14 1.36 21.8 3.3 45.407991 11.888448 1
5.84 -7.77 1.68 21.75 3.09 45.407989 11.888407 0
5.99 -8.14 1.57 22.35 3.09 45.407989 11.888407 1
5.66 -7.37 1.94 22.91 3.09 45.407989 11.888407 0
6.15 -7.2 1.8 21.95 3.09 45.407989 11.888407 1
6.36 -7.84 1.88 22.36 3.09 45.407989 11.888407 1
6.01 -7.57 2.09 22.33 3.09 45.407989 11.888407 1
6.22 -7.68 2.04 21.97 3.09 45.407989 11.888407 1
6.01 -7.47 1.84 22.48 3.09 45.407989 11.888407 1
5.59 -8.03 1.78 22.19 3.09 45.407989 11.888407 1
