7.22 -8.75 1.05 23.82 3.29 45.868234 12.307043 0 1
5.54 -7.5 1.24 23.7 3.29 45.868234 12.307043 0 1
5.19 -7.1 0.79 23.02 3.34 45.868204 12.307050 1 1
5.67 -9.3 2.19 22.91 3.34 45.868204 12.307050 0 1
6.33 -9.19 2.1 23.03 3.34 45.868204 12.307050 1 1
9.36 -7.98 3.39 23.12 3.34 45.868204 12.307050 0 1
9.06 -9.13 2.34 25.09 3.34 45.868204 12.307050 0 1
4.76 -6.47 1.13 24.25 3.34 45.868204 12.307050 0 1
6.24 -6.86 0.76 22.57 3.34 45.868204 12.307050 0 1
4.78 -9.37 2.89 22.43 3.34 45.868204 12.307050 0 1
5.2 -9.28 2.79 23.53 3.34 45.868204 12.307050 0 1
5.71 -7.99 1.91 24.27 3.34 45.868204 12.307050 0 1
4.55 -4.49 1.65 24.13 3.34 45.868204 12.307050 0 1
9.84 -10.03 0.65 24.35 3.34 45.868204 12.307050 0 1
5.21 -4.71 2.0 22.86 3.34 45.868204 12.307050 0 1
6.62 -9.14 1.48 23.08 3.34 45.868204 12.307050 0 1
6.61 -7.06 2.15 22.69 3.34 45.868204 12.307050 0 1
6.83 -9.8 1.81 22.76 3.34 45.868204 12.307050 0 1
8.37 -9.13 1.77 23.36 3.29 45.868174 12.307057 1 1
6.34 -7.76 3.62 23.51 3.29 45.868174 12.307057 0 1
4.35 -6.82 3.51 23.29 3.29 45.868174 12.307057 0 1
4.7 -8.88 1.64 24.13 3.29 45.868174 12.307057 1 1
5.91 -9.65 1.92 27.59 3.29 45.868174 12.307057 0 1
5.9 -9.09 0.57 22.21 3.29 45.868174 12.307057 0 1
5.2 -8.63 2.12 23.17 3.29 45.868174 12.307057 0 1
5.73 -5.94 3.33 24.49 3.29 45.868174 12.307057 0 1
5.67 -6.13 1.31 24.68 3.29 45.868174 12.307057 0 1
5.72 -9.12 1.1 23.82 3.29 45.868174 12.307057 0 1
6.76 -8.17 0.91 24.7 3.29 45.868174 12.307057 0 1
5.48 -8.07 1.89 24.52 3.29 45.868174 12.307057 0 1
5.83 -8.64 3.2 23.79 3.29 45.868174 12.307057 0 1
5.06 -6.93 3.74 23.14 3.29 45.868174 12.307057 0 1
7.12 -7.63 3.11 23.27 3.29 45.868174 12.307057 0 1
4.89 -7.64 1.75 23.15 3.29 45.868174 12.307057 0 1
5.88 -7.04 1.88 23.07 3.29 45.868174 12.307057 0 1
