5.85 -7.05 1.54 22.38 3.08 45.868462 12.306976 0 0
5.89 -7.81 1.6 22.78 3.08 45.868462 12.306976 0 0
5.95 -7.92 1.86 22.76 3.08 45.868462 12.306976 0 0
6.32 -8.03 1.81 22.88 3.08 45.868462 12.306976 0 0
6.25 -7.32 1.87 23.41 3.08 45.868462 12.306976 0 0
6.06 -7.82 1.63 22.9 3.08 45.868462 12.306976 0 0
5.73 -7.85 1.2 23.24 3.08 45.868462 12.306976 0 0
5.96 -7.9 2.26 22.81 3.08 45.868462 12.306976 0 0
5.84 -8.25 2.48 23.19 3.21 45.868434 12.306985 1 0
5.73 -8.12 1.53 22.69 3.21 45.868434 12.306985 0 0
5.93 -7.48 1.01 23.03 3.21 45.868434 12.306985 1 0
5.88 -7.9 1.84 22.54 3.21 45.868434 12.306985 0 0
5.6 -7.73 2.65 22.6 3.21 45.868434 12.306985 0 0
6.06 -7.77 2.67 22.76 3.21 45.868434 12.306985 0 0
5.88 -7.16 1.92 23.12 3.21 45.868434 12.306985 0 0
6.19 -7.58 2.37 23.94 3.21 45.868434 12.306985 0 0
6.14 -8.42 1.82 22.29 3.21 45.868434 12.306985 0 0
5.85 -7.53 2.16 22.88 3.21 45.868434 12.306985 0 0
5.58 -7.74 2.15 22.93 3.21 45.868434 12.306985 0 0
5.63 -7.78 2.22 23.74 3.21 45.868434 12.306985 0 0
5.83 -7.65 2.17 22.47 3.21 45.868434 12.306985 0 0
5.75 -7.97 2.06 22.79 3.21 45.868434 12.306985 0 0
5.83 -7.71 2.07 22.67 3.21 45.868434 12.306985 0 0
5.89 -7.87 1.93 23.92 3.21 45.868434 12.306985 0 0
5.99 -7.87 1.76 22.69 3.31 45.868405 12.306995 1 0
5.89 -7.59 1.54 22.4 3.31 45.868405 12.306995 0 0
5.97 -7.85 1.47 22.62 3.31 45.868405 12.306995 1 0
5.95 -7.76 1.51 22.67 3.31 45.868405 12.306995 0 0
6.43 -7.9 1.57 22.72 3.31 45.868405 12.306995 0 0
5.99 -8.02 1.61 22.74 3.31 45.868405 12.306995 0 0
5.82 -7.85 1.72 22.71 3.31 45.868405 12.306995 0 0
5.8 -7.88 1.66 22.81 3.31 45.868405 12.306995 0 0
5.65 -7.83 1.67 22.57 3.31 45.868405 12.306995 0 0
5.81 -8.21 1.97 22.88 3.31 45.868405 12.306995 0 0
5.99 -7.9 2.12 23.19 3.31 45.868405 12.306995 0 0
