3.83 -6.6 1.44 22.57 3.2 45.868291 12.307029 0 1
4.21 -9.87 1.34 24.3 3.2 45.868291 12.307029 0 1
6.81 -8.78 2.76 22.71 3.2 45.868291 12.307029 0 1
7.23 -8.37 2.56 22.84 3.24 45.868263 12.307036 1 1
4.76 -7.32 2.7 25.16 3.24 45.868263 12.307036 0 1
4.04 -5.09 1.97 54.85 3.24 45.868263 12.307036 1 1
4.17 -1.44 2.38 23.41 3.24 45.868263 12.307036 0 1
8.54 -10.45 2.4 21.51 3.24 45.868263 12.307036 0 1
7.05 -11.97 2.86 23.03 3.24 45.868263 12.307036 0 1
5.0 -6.86 0.87 23.07 3.24 45.868263 12.307036 0 1
5.35 -7.17 1.51 24.4 3.24 45.868263 12.307036 0 1
4.88 -6.76 1.81 23.63 3.24 45.868263 12.307036 0 1
5.94 -7.51 1.97 23.89 3.24 45.868263 12.307036 0 1
6.5 -9.46 0.95 22.74 3.24 45.868263 12.307036 0 1
6.32 -9.45 1.94 22.42 3.24 45.868263 12.307036 0 1
5.31 -9.22 2.4 22.76 3.24 45.868263 12.307036 0 1
4.92 -7.42 1.08 23.38 3.24 45.868263 12.307036 0 1
5.86 -5.86 2.19 23.86 3.24 45.868263 12.307036 0 1
5.51 -6.87 1.83 23.2 3.24 45.868263 12.307036 0 1
6.22 -7.35 1.15 25.24 3.24 45.868263 12.307036 0 1
7.35 -8.63 2.23 25.31 3.29 45.868234 12.307043 1 1
5.63 -6.91 2.05 24.35 3.29 45.868234 12.307043 0 1
4.82 -7.38 1.08 23.62 3.29 45.868234 12.307043 1 1
4.6 -8.24 1.74 23.22 3.29 45.868234 12.307043 0 1
6.85 -9.85 2.14 23.53 3.29 45.868234 12.307043 0 1
5.04 -9.81 1.63 23.87 3.29 45.868234 12.307043 0 1
4.79 -6.32 2.4 23.86 3.29 45.868234 12.307043 0 1
6.91 -7.51 2.0 24.15 3.29 45.868234 12.307043 0 1
7.63 -6.53 2.71 22.81 3.29 45.868234 12.307043 0 1
8.11 -10.9 1.86 23.02 3.29 45.868234 12.307043 0 1
5.2 -9.01 2.67 23.12 3.29 45.868234 12.307043 0 1
3.23 -3.89 1.12 23.77 3.29 45.868234 12.307043 0 1
6.07 -7.84 2.11 23.34 3.29 45.868234 12.307043 0 1
5.68 -9.96 2.28 22.76 3.29 45.868234 12.307043 0 1
5.44 -8.58 2.88 23.74 3.29 45.868234 12.307043 0 1
