7.51 -6.73 2.51 22.17 0.01 45.405711 11.882999 1
8.02 -5.7 1.86 22.29 0.01 45.405711 11.882999 0
8.18 -6.09 2.19 21.47 0.01 45.405711 11.882999 1
8.01 -7.49 1.91 21.59 0.01 45.405711 11.882999 0
6.64 -7.64 1.73 21.95 0.01 45.405711 11.882999 0
5.7 -8.01 1.35 22.31 0.01 45.405711 11.882999 0
5.64 -7.74 1.72 23.26 0.01 45.405711 11.882999 0
6.6 -7.0 2.12 26.17 0.01 45.405711 11.882999 0
7.52 -6.14 2.42 22.74 0.01 45.405711 11.882999 0
7.8 -5.89 2.69 22.02 0.01 45.405711 11.882999 0
7.5 -6.27 2.08 21.64 0.01 45.405711 11.882999 0
6.36 -8.94 1.87 22.36 0.01 45.405711 11.882999 0
4.83 -9.61 2.83 22.31 0.01 45.405711 11.882999 0
6.3 -8.01 2.61 22.91 0.01 45.405711 11.882999 0
5.74 -7.21 1.84 22.09 0.01 45.405711 11.882999 0
7.13 -7.25 0.51 21.51 0.01 45.405711 11.882999 0
6.7 -6.62 2.67 22.26 0.01 45.405711 11.882999 0
6.26 -9.54 1.64 21.75 0.01 45.405711 11.882999 0
5.78 -8.4 1.87 22.52 0.42 45.405712 11.882997 1
6.56 -6.31 1.8 21.88 0.42 45.405712 11.882997 0
7.0 -6.91 2.78 22.36 0.42 45.405712 11.882997 1
5.56 -7.88 2.01 23.72 0.42 45.405712 11.882997 0
5.16 -8.79 1.4 22.66 0.42 45.405712 11.882997 0
6.28 -6.65 1.77 21.71 0.42 45.405712 11.882997 0
7.14 -6.98 1.97 21.64 0.42 45.405712 11.882997 0
6.55 -7.36 1.9 21.68 0.42 45.405712 11.882997 0
6.56 -7.87 0.53 21.59 0.42 45.405712 11.882997 0
5.81 -7.36 1.07 21.49 0.42 45.405712 11.882997 0
5.87 -7.17 1.88 21.75 0.42 45.405712 11.882997 0
6.37 -7.19 2.21 22.64 0.42 45.405712 11.882997 0
6.59 -8.23 1.55 21.92 0.42 45.405712 11.882997 0
5.57 -7.25 1.75 22.52 0.42 45.405712 11.882997 0
5.89 -7.74 2.48 22.81 0.42 45.405712 11.882997 0
5.66 -8.4 2.09 22.71 0.42 45.405712 11.882997 0
5.16 -7.96 1.48 22.66 0.42 45.405712 11.882997 0
