6.22 -7.0 1.42 22.4 0.34 45.405710 11.882991 1
6.96 -7.15 1.89 22.26 0.34 45.405710 11.882991 0
6.57 -8.88 2.42 22.67 0.34 45.405710 11.882991 1
5.45 -8.42 1.76 21.81 0.34 45.405710 11.882991 0
5.06 -7.18 2.45 21.44 0.34 45.405710 11.882991 0
5.6 -7.13 1.66 22.36 0.34 45.405710 11.882991 0
8.21 -9.2 1.9 20.79 0.34 45.405710 11.882991 0
7.41 -7.16 2.06 22.26 0.34 45.405710 11.882991 0
7.76 -7.63 2.4 22.09 0.34 45.405710 11.882991 0
6.16 -7.0 3.1 28.01 0.34 45.405710 11.882991 0
4.67 -4.85 2.35 24.03 0.34 45.405710 11.882991 0
5.08 -5.69 1.46 23.05 0.34 45.405710 11.882991 0
5.22 -9.65 2.42 21.15 0.34 45.405710 11.882991 0
6.79 -10.77 0.79 20.92 0.34 45.405710 11.882991 0
5.01 -8.65 -0.79 22.96 0.34 45.405710 11.882991 0
6.16 -6.8 1.61 22.45 0.34 45.405710 11.882991 0
5.36 -4.78 2.05 22.29 0.34 45.405710 11.882991 0
9.67 -8.99 1.73 21.64 0.34 45.405710 11.882991 0
5.07 -5.95 2.34 21.85 1.08 45.405710 11.882982 1
6.28 -10.41 2.45 22.66 1.08 45.405710 11.882982 0
5.94 -8.58 1.32 21.68 1.08 45.405710 11.882982 1
6.42 -7.94 -0.28 21.93 1.08 45.405710 11.882982 0
5.23 -8.27 1.68 21.51 1.08 45.405710 11.882982 0
6.18 -5.2 0.63 24.73 1.08 45.405710 11.882982 0
5.34 -9.5 3.45 21.3 1.08 45.405710 11.882982 0
5.97 -7.08 2.23 22.19 1.08 45.405710 11.882982 0
4.81 -7.82 1.0 24.59 1.08 45.405710 11.882982 0
3.36 -6.25 1.04 53.61 1.08 45.405710 11.882982 0
7.2 -8.75 1.9 22.0 1.08 45.405710 11.882982 0
6.66 -6.19 0.75 22.24 1.08 45.405710 11.882982 0
5.29 -7.97 2.04 22.71 1.08 45.405710 11.882982 0
5.52 -7.66 1.9 21.87 1.08 45.405710 11.882982 0
7.76 -7.17 1.97 21.25 1.08 45.405710 11.882982 0
7.06 -7.6 2.55 22.29 1.08 45.405710 11.882982 0
7.19 -7.09 1.6 21.99 1.08 45.405710 11.882982 0
