5.75 -7.0 1.65 22.12 2.33 45.405691 11.882960 1
5.5 -6.98 1.76 22.29 2.33 45.405691 11.882960 0
6.74 -7.57 2.47 22.09 2.33 45.405691 11.882960 1
5.72 -6.74 1.8 22.07 2.33 45.405691 11.882960 0
5.73 -8.97 1.18 21.52 2.33 45.405691 11.882960 0
5.52 -9.16 1.43 21.09 2.33 45.405691 11.882960 0
5.59 -7.19 1.87 21.8 2.33 45.405691 11.882960 0
6.5 -8.06 2.2 22.5 2.33 45.405691 11.882960 0
6.0 -7.79 1.99 22.76 2.33 45.405691 11.882960 0
5.88 -7.75 1.94 21.13 2.33 45.405691 11.882960 0
5.4 -7.26 1.61 21.45 2.33 45.405691 11.882960 0
6.05 -8.55 2.39 21.2 2.33 45.405691 11.882960 0
5.48 -7.52 3.47 22.12 2.33 45.405691 11.882960 0
5.59 -6.34 2.1 22.76 2.33 45.405691 11.882960 0
6.82 -8.04 1.52 21.95 2.33 45.405691 11.882960 0
3.51 -5.86 0.94 22.0 2.33 45.405691 11.882960 0
5.97 -7.97 2.28 22.04 2.33 45.405691 11.882960 0
6.1 -8.06 2.34 20.99 2.33 45.405691 11.882960 0
5.82 -8.74 1.09 22.5 2.57 45.405678 11.882933 1
7.09 -10.51 1.56 21.56 2.57 45.405678 11.882933 0
4.38 -3.52 1.38 22.36 2.57 45.405678 11.882933 1
6.94 -8.82 1.4 22.64 2.57 45.405678 11.882933 0
7.05 -7.16 3.32 22.0 2.57 45.405678 11.882933 0
6.73 -8.27 1.96 21.27 2.57 45.405678 11.882933 0
6.18 -9.08 2.44 21.51 2.57 45.405678 11.882933 0
4.42 -7.45 0.97 21.69 2.57 45.405678 11.882933 0
6.59 -7.22 1.66 21.39 2.57 45.405678 11.882933 0
6.06 -9.54 1.14 21.87 2.57 45.405678 11.882933 0
5.5 -9.13 1.24 22.98 2.57 45.405678 11.882933 0
5.77 -8.36 1.56 22.71 2.57 45.405678 11.882933 0
5.95 -7.56 1.85 22.0 2.57 45.405678 11.882933 0
7.67 -9.06 2.66 22.5 2.57 45.405678 11.882933 0
8.26 -9.47 0.49 22.6 2.57 45.405678 11.882933 0
6.35 -5.8 2.33 23.19 2.57 45.405678 11.882933 0
6.03 -7.4 -0.11 22.57 2.57 45.405678 11.882933 0
