5.9 -7.92 2.18 21.64 2.77 45.407781 11.899441 1 0
5.52 -8.93 2.34 20.89 3.15 45.407789 11.899479 0 0
5.38 -8.84 2.04 21.2 3.15 45.407789 11.899479 1 0
5.73 -8.06 1.74 21.23 3.15 45.407789 11.899479 0 0
6.04 -7.58 1.83 21.15 3.15 45.407789 11.899479 1 0
6.1 -7.59 1.87 22.71 3.15 45.407789 11.899479 1 0
6.09 -7.07 1.7 22.71 3.15 45.407789 11.899479 1 0
6.05 -6.38 1.63 23.12 3.15 45.407789 11.899479 1 0
6.14 -7.18 1.55 21.9 3.15 45.407789 11.899479 1 0
6.5 -8.75 1.32 21.64 3.15 45.407789 11.899479 1 0
6.52 -8.76 1.31 21.76 3.15 45.407789 11.899479 1 0
5.92 -7.62 1.58 21.93 3.15 45.407789 11.899479 1 0
5.55 -7.29 1.7 21.9 3.15 45.407789 11.899479 1 0
5.91 -7.8 1.69 21.71 3.15 45.407789 11.899479 1 0
6.12 -8.19 1.93 21.69 3.15 45.407789 11.899479 1 0
5.67 -8.23 2.23 21.92 3.15 45.407789 11.899479 1 0
5.37 -7.84 2.14 22.59 3.15 45.407789 11.899479 1 0
5.81 -7.29 1.86 21.85 3.15 45.407789 11.899479 1 0
6.41 -7.45 1.84 22.57 3.15 45.407789 11.899479 1 0
6.56 -8.17 2.01 21.69 3.25 45.407801 11.899518 0 0
6.39 -8.24 2.11 22.02 3.25 45.407801 11.899518 1 0
6.18 -7.5 2.09 21.95 3.25 45.407801 11.899518 0 0
6.04 -7.02 2.06 22.42 3.25 45.407801 11.899518 1 0
6.09 -7.39 2.02 22.05 3.25 45.407801 11.899518 1 0
6.21 -8.23 2.02 21.66 3.25 45.407801 11.899518 1 0
6.07 -8.68 2.06 21.66 3.25 45.407801 11.899518 1 0
5.71 -8.32 2.03 22.07 3.25 45.407801 11.899518 1 0
5.56 -7.72 1.91 21.93 3.25 45.407801 11.899518 1 0
5.74 -7.53 1.77 21.9 3.25 45.407801 11.899518 1 0
6.0 -7.62 1.64 22.05 3.25 45.407801 11.899518 1 0
6.18 -7.83 1.55 21.69 3.25 45.407801 11.899518 1 0
6.23 -8.11 1.64 21.68 3.25 45.407801 11.899518 1 0
6.03 -8.04 1.86 21.85 3.25 45.407801 11.899518 1 0
5.75 -7.49 1.89 22.0 3.25 45.407801 11.899518 1 0
5.85 -7.21 1.64 22.02 3.25 45.407801 11.899518 1 0
