6.19 -7.55 1.49 21.59 3.25 45.407801 11.899518 1 0
6.18 -7.91 1.66 22.0 3.04 45.407810 11.899557 0 0
5.84 -7.98 1.83 21.69 3.04 45.407810 11.899557 1 0
5.69 -7.97 1.8 21.8 3.04 45.407810 11.899557 0 0
5.82 -7.96 1.78 21.76 3.04 45.407810 11.899557 1 0
5.92 -7.95 1.95 21.39 3.04 45.407810 11.899557 1 0
5.96 -7.99 2.09 21.83 3.04 45.407810 11.899557 1 0
6.05 -7.86 1.99 22.0 3.04 45.407810 11.899557 1 0
6.15 -7.53 1.8 22.07 3.04 45.407810 11.899557 1 0
6.24 -7.46 1.83 21.97 3.04 45.407810 11.899557 1 0
6.31 -7.78 2.01 21.87 3.04 45.407810 11.899557 1 0
6.26 -7.95 1.95 21.85 3.04 45.407810 11.899557 1 0
6.15 -7.76 1.75 21.85 3.04 45.407810 11.899557 1 0
6.13 -7.54 1.94 21.95 3.04 45.407810 11.899557 1 0
6.14 -7.52 2.4 21.97 3.04 45.407810 11.899557 1 0
5.94 -7.74 2.33 22.05 3.04 45.407810 11.899557 1 0
5.66 -8.02 1.78 22.05 3.04 45.407810 11.899557 1 0
5.63 -8.05 1.73 22.0 3.04 45.407810 11.899557 1 0
5.83 -7.88 2.22 21.75 3.04 45.407810 11.899557 1 0
5.96 -7.89 2.25 21.73 3.39 45.407817 11.899599 0 0
6.05 -8.0 1.67 21.63 3.39 45.407817 11.899599 1 0
6.27 -7.8 1.38 21.81 3.39 45.407817 11.899599 0 0
6.52 -7.44 1.61 21.69 3.39 45.407817 11.899599 1 0
6.55 -7.3 1.8 21.78 3.39 45.407817 11.899599 1 0
6.39 -7.38 1.76 21.69 3.39 45.407817 11.899599 1 0
6.26 -7.64 1.73 21.75 3.39 45.407817 11.899599 1 0
6.17 -7.97 1.72 22.21 3.39 45.407817 11.899599 1 0
5.99 -7.93 1.68 21.87 3.39 45.407817 11.899599 1 0
5.85 -7.46 1.75 21.81 3.39 45.407817 11.899599 1 0
5.9 -7.44 1.9 21.75 3.39 45.407817 11.899599 1 0
5.93 -8.08 1.94 21.69 3.39 45.407817 11.899599 1 0
5.82 -8.28 1.91 21.92 3.39 45.407817 11.899599 1 0
5.83 -7.62 1.99 21.57 3.39 45.407817 11.899599 1 0
6.14 -7.13 2.14 22.11 3.39 45.407817 11.899599 1 0
6.52 -7.27 2.14 22.11 3.39 45.407817 11.899599 1 0
