6.17 -7.92 1.88 23.08 3.26 45.877611 12.307286 0 0
6.29 -7.58 1.99 23.24 3.26 45.877611 12.307286 0 0
5.71 -7.49 2.23 23.75 3.26 45.877611 12.307286 0 0
5.76 -7.11 2.12 94.22 3.26 45.877611 12.307286 0 0
6.28 -7.73 1.99 23.29 3.26 45.877611 12.307286 0 0
5.96 -8.2 1.47 23.1 3.26 45.877611 12.307286 0 0
5.84 -8.16 1.64 22.71 3.26 45.877601 12.307246 1 0
5.45 -7.94 1.41 24.4 3.26 45.877601 12.307246 0 0
5.95 -7.75 1.88 25.59 3.26 45.877601 12.307246 1 0
6.11 -8.05 1.91 22.62 3.26 45.877601 12.307246 0 0
6.06 -7.76 2.18 22.54 3.26 45.877601 12.307246 0 0
5.77 -7.82 2.48 22.48 3.26 45.877601 12.307246 0 0
5.87 -7.65 2.09 23.38 3.26 45.877601 12.307246 0 0
6.35 -7.53 2.09 22.71 3.26 45.877601 12.307246 0 0
6.19 -7.56 1.73 23.24 3.26 45.877601 12.307246 0 0
5.94 -7.68 1.84 23.24 3.26 45.877601 12.307246 0 0
6.0 -8.11 2.05 22.79 3.26 45.877601 12.307246 0 0
5.73 -7.83 1.67 22.76 3.26 45.877601 12.307246 0 0
5.85 -8.25 1.98 23.29 3.26 45.877601 12.307246 0 0
5.95 -7.73 1.73 24.56 3.26 45.877601 12.307246 0 0
5.87 -7.63 2.0 23.27 3.26 45.877601 12.307246 0 0
6.09 -8.07 1.89 24.32 3.26 45.877601 12.307246 0 0
6.02 -7.83 2.09 23.53 3.26 45.877601 12.307246 0 0
6.28 -7.61 2.01 23.14 3.42 45.877586 12.307210 1 0
5.91 -7.53 2.17 22.83 3.42 45.877586 12.307210 0 0
6.19 -7.86 1.85 22.57 3.42 45.877586 12.307210 1 0
5.92 -7.84 1.62 22.59 3.42 45.877586 12.307210 0 0
5.89 -7.73 1.92 23.84 3.42 45.877586 12.307210 0 0
5.94 -8.04 1.98 22.96 3.42 45.877586 12.307210 0 0
5.95 -8.06 1.6 22.55 3.42 45.877586 12.307210 0 0
5.82 -7.71 1.47 22.67 3.42 45.877586 12.307210 0 0
5.87 -7.82 2.01 23.1 3.42 45.877586 12.307210 0 0
5.94 -7.66 1.77 23.15 3.42 45.877586 12.307210 0 0
5.86 -7.98 2.28 23.58 3.42 45.877586 12.307210 0 0
6.03 -7.96 2.24 22.76 3.42 45.877586 12.307210 0 0
