6.39 -7.81 2.23 23.19 3.42 45.877586 12.307210 0 0
6.04 -7.48 2.37 23.24 3.42 45.877586 12.307210 0 0
5.94 -7.84 2.48 22.78 3.42 45.877586 12.307210 0 0
6.06 -7.72 2.06 22.74 3.42 45.877586 12.307210 0 0
5.78 -7.68 2.34 22.54 3.42 45.877586 12.307210 0 0
6.17 -7.76 1.79 22.62 3.02 45.877580 12.307171 1 0
5.96 -7.98 2.07 22.67 3.02 45.877580 12.307171 0 0
5.56 -7.65 1.96 23.07 3.02 45.877580 12.307171 1 0
5.74 -7.84 1.95 22.96 3.02 45.877580 12.307171 0 0
6.07 -7.9 1.84 22.57 3.02 45.877580 12.307171 0 0
5.79 -7.73 2.14 22.54 3.02 45.877580 12.307171 0 0
6.32 -7.84 1.79 23.82 3.02 45.877580 12.307171 0 0
6.06 -7.67 1.78 23.62 3.02 45.877580 12.307171 0 0
6.03 -7.86 1.65 23.75 3.02 45.877580 12.307171 0 0
5.74 -7.54 1.65 23.26 3.02 45.877580 12.307171 0 0
5.96 -7.81 1.93 23.14 3.02 45.877580 12.307171 0 0
6.3 -8.14 2.1 22.74 3.02 45.877580 12.307171 0 0
6.09 -7.65 1.86 22.83 3.02 45.877580 12.307171 0 0
5.66 -7.9 1.95 23.68 3.02 45.877580 12.307171 0 0
5.55 -8.12 1.76 23.15 3.02 45.877580 12.307171 0 0
6.11 -8.08 1.53 23.1 3.02 45.877580 12.307171 0 0
6.14 -7.93 1.85 33.08 3.02 45.877580 12.307171 0 0
5.83 -7.31 2.11 22.72 2.98 45.877581 12.307133 1 0
6.02 -7.87 2.09 23.44 2.98 45.877581 12.307133 0 0
6.13 -7.63 1.99 23.36 2.98 45.877581 12.307133 1 0
5.95 -7.12 1.62 22.55 2.98 45.877581 12.307133 0 0
6.03 -7.27 1.98 24.2 2.98 45.877581 12.307133 0 0
5.9 -7.92 2.04 22.69 2.98 45.877581 12.307133 0 0
5.6 -7.52 1.84 25.31 2.98 45.877581 12.307133 0 0
5.95 -7.67 1.95 23.65 2.98 45.877581 12.307133 0 0
5.99 -8.03 1.97 23.29 2.98 45.877581 12.307133 0 0
5.64 -7.65 1.76 23.26 2.98 45.877581 12.307133 0 0
6.07 -7.7 1.97 25.38 2.98 45.877581 12.307133 0 0
5.69 -7.74 1.93 23.75 2.98 45.877581 12.307133 0 0
5.91 -7.6 1.86 23.34 2.98 45.877581 12.307133 0 0
