6.21 -7.47 1.83 23.24 3.1 45.877434 12.306892 0 0
6.56 -7.63 1.94 22.72 3.1 45.877434 12.306892 0 0
5.79 -7.18 1.9 23.02 3.1 45.877434 12.306892 0 0
6.19 -7.76 1.58 22.69 3.1 45.877434 12.306892 0 0
6.12 -9.43 1.56 24.94 3.1 45.877434 12.306892 0 0
6.41 -8.52 1.82 23.8 3.1 45.877434 12.306892 0 0
4.6 -7.97 1.86 23.15 3.1 45.877434 12.306892 0 0
4.8 -7.0 2.12 22.74 3.1 45.877434 12.306892 0 0
5.48 -7.73 2.34 22.4 3.1 45.877434 12.306892 0 0
6.0 -7.41 2.11 22.23 3.1 45.877434 12.306892 0 0
6.44 -8.13 2.16 23.56 3.1 45.877434 12.306892 0 0
5.56 -6.73 1.83 24.87 3.1 45.877434 12.306892 0 0
6.04 -6.56 1.89 22.9 3.1 45.877434 12.306892 0 0
6.11 -7.85 1.25 24.7 3.18 45.877440 12.306930 1 0
6.61 -8.47 2.34 23.03 3.18 45.877440 12.306930 0 0
5.88 -7.92 2.47 23.44 3.18 45.877440 12.306930 1 0
5.54 -8.17 1.76 22.64 3.18 45.877440 12.306930 0 0
5.53 -8.11 1.62 23.5 3.18 45.877440 12.306930 0 0
5.58 -7.95 1.98 22.64 3.18 45.877440 12.306930 0 0
6.34 -7.55 1.99 22.88 3.18 45.877440 12.306930 0 0
5.79 -7.79 2.42 23.67 3.18 45.877440 12.306930 0 0
5.75 -8.07 1.72 24.1 3.18 45.877440 12.306930 0 0
5.56 -7.62 2.07 23.51 3.18 45.877440 12.306930 0 0
5.77 -7.07 1.96 22.69 3.18 45.877440 12.306930 0 0
5.94 -8.32 2.22 38.45 3.18 45.877440 12.306930 0 0
5.66 -7.09 1.97 23.65 3.18 45.877440 12.306930 0 0
5.84 -7.87 1.85 24.51 3.18 45.877440 12.306930 0 0
5.82 -7.46 1.84 23.51 3.18 45.877440 12.306930 0 0
5.56 -8.12 1.67 22.69 3.18 45.877440 12.306930 0 0
5.38 -8.02 2.16 23.24 3.18 45.877440 12.306930 0 0
5.83 -8.16 2.16 23.15 3.44 45.877446 12.306973 1 0
5.41 -8.43 2.06 23.48 3.44 45.877446 12.306973 0 0
6.23 -8.28 2.41 23.19 3.44 45.877446 12.306973 1 0
6.02 -7.78 2.56 23.0 3.44 45.877446 12.306973 0 0
5.43 -7.1 2.11 23.19 3.44 45.877446 12.306973 0 0
