5.27 -5.85 1.9 22.69 2.7 45.877625 12.307362 0 0
5.96 -7.37 2.27 22.66 2.7 45.877625 12.307362 0 0
6.26 -7.13 1.77 22.64 2.7 45.877625 12.307362 0 0
6.11 -7.84 2.36 23.08 2.7 45.877625 12.307362 0 0
6.05 -7.9 2.17 23.19 2.7 45.877625 12.307362 0 0
5.58 -8.07 2.42 24.04 2.7 45.877625 12.307362 0 0
5.49 -7.95 1.92 23.05 2.7 45.877625 12.307362 0 0
5.9 -7.75 1.56 25.14 2.7 45.877625 12.307362 0 0
6.45 -7.8 2.29 23.98 3.13 45.877620 12.307324 1 0
5.99 -7.85 1.8 23.0 3.13 45.877620 12.307324 0 0
5.81 -8.32 2.05 22.88 3.13 45.877620 12.307324 1 0
5.76 -7.74 1.97 23.39 3.13 45.877620 12.307324 0 0
6.33 -7.25 1.71 22.6 3.13 45.877620 12.307324 0 0
5.77 -7.59 2.2 22.86 3.13 45.877620 12.307324 0 0
6.85 -7.76 2.21 22.47 3.13 45.877620 12.307324 0 0
5.73 -7.53 2.46 23.19 3.13 45.877620 12.307324 0 0
5.93 -7.74 1.98 22.79 3.13 45.877620 12.307324 0 0
5.5 -7.52 1.85 23.29 3.13 45.877620 12.307324 0 0
5.7 -7.82 1.85 26.07 3.13 45.877620 12.307324 0 0
5.47 -7.86 1.79 24.37 3.13 45.877620 12.307324 0 0
6.04 -8.36 1.81 22.67 3.13 45.877620 12.307324 0 0
6.34 -8.51 1.28 24.15 3.13 45.877620 12.307324 0 0
6.35 -7.6 2.25 24.16 3.13 45.877620 12.307324 0 0
6.4 -7.92 1.49 23.38 3.13 45.877620 12.307324 0 0
6.19 -7.67 1.6 26.12 3.13 45.877620 12.307324 0 0
5.88 -7.9 1.96 22.42 3.26 45.877611 12.307286 1 0
6.26 -8.59 1.93 23.02 3.26 45.877611 12.307286 0 0
5.8 -7.83 2.31 22.72 3.26 45.877611 12.307286 1 0
6.27 -7.15 2.09 26.75 3.26 45.877611 12.307286 0 0
5.84 -7.97 2.37 22.93 3.26 45.877611 12.307286 0 0
6.03 -8.13 1.29 22.67 3.26 45.877611 12.307286 0 0
5.58 -8.2 2.05 22.74 3.26 45.877611 12.307286 0 0
5.95 -7.66 2.07 22.78 3.26 45.877611 12.307286 0 0
6.03 -7.53 1.78 22.72 3.26 45.877611 12.307286 0 0
6.24 -8.1 1.81 22.59 3.26 45.877611 12.307286 0 0
