6.52 -7.17 0.66 22.79 2.86 45.877633 12.307442 0
6.62 -7.27 2.74 23.36 3.02 45.877627 12.307407 1
6.19 -8.05 2.81 23.24 3.02 45.877627 12.307407 0
5.94 -8.09 1.56 23.89 3.02 45.877627 12.307407 1
5.13 -7.22 1.36 23.0 3.02 45.877627 12.307407 0
6.55 -8.63 1.41 23.91 3.02 45.877627 12.307407 0
6.43 -8.12 2.12 23.43 3.02 45.877627 12.307407 0
5.7 -7.51 1.62 22.59 3.02 45.877627 12.307407 0
6.29 -7.11 2.43 23.58 3.02 45.877627 12.307407 0
6.2 -8.27 2.25 24.58 3.02 45.877627 12.307407 0
6.34 -9.05 2.29 23.26 3.02 45.877627 12.307407 0
6.29 -7.37 1.55 23.34 3.02 45.877627 12.307407 0
4.96 -6.99 2.15 23.08 3.02 45.877627 12.307407 0
6.25 -7.16 2.43 23.75 3.02 45.877627 12.307407 0
6.58 -8.77 2.2 22.23 3.02 45.877627 12.307407 0
6.59 -6.85 2.44 23.2 3.02 45.877627 12.307407 0
4.93 -7.76 1.44 23.2 3.02 45.877627 12.307407 0
5.32 -7.13 1.87 25.31 2.92 45.877622 12.307371 1
6.7 -8.35 2.41 23.29 2.92 45.877622 12.307371 0
6.82 -8.38 1.32 22.57 2.92 45.877622 12.307371 1
6.44 -8.44 2.06 23.24 2.92 45.877622 12.307371 0
6.48 -7.83 2.37 22.67 2.92 45.877622 12.307371 0
6.36 -8.41 1.73 23.02 2.92 45.877622 12.307371 0
6.39 -8.18 2.53 22.96 2.92 45.877622 12.307371 0
5.97 -7.47 1.81 23.07 2.92 45.877622 12.307371 0
5.84 -7.99 0.96 24.06 2.92 45.877622 12.307371 0
6.29 -7.68 2.22 23.08 2.92 45.877622 12.307371 0
5.76 -7.47 1.73 22.72 2.92 45.877622 12.307371 0
5.51 -7.95 1.73 24.39 2.92 45.877622 12.307371 0
5.59 -7.83 1.86 24.06 2.92 45.877622 12.307371 0
6.05 -7.8 1.86 22.72 2.92 45.877622 12.307371 0
5.86 -7.9 2.02 23.53 2.92 45.877622 12.307371 0
6.18 -7.93 1.92 23.91 2.92 45.877622 12.307371 0
5.94 -7.47 2.33 23.03 2.92 45.877622 12.307371 0
6.14 -7.85 1.9 23.51 3.16 45.877617 12.307333 1
