5.87 -7.81 2.03 22.09 0.04 45.405718 11.882910 0
6.36 -7.45 2.16 22.02 0.04 45.405718 11.882910 0
6.84 -7.1 2.21 22.02 0.04 45.405718 11.882910 0
7.21 -6.98 2.06 22.31 0.04 45.405718 11.882910 0
7.3 -6.94 1.81 22.4 0.04 45.405718 11.882910 0
7.04 -7.01 1.71 22.76 0.08 45.405718 11.882909 1
6.96 -7.27 1.91 22.6 0.08 45.405718 11.882909 0
6.95 -7.05 2.07 22.74 0.08 45.405718 11.882909 1
6.94 -6.59 2.0 22.74 0.08 45.405718 11.882909 0
7.02 -6.58 2.4 23.12 0.08 45.405718 11.882909 0
6.87 -6.55 2.08 22.36 0.08 45.405718 11.882909 0
7.12 -6.72 1.99 22.31 0.08 45.405718 11.882909 0
7.22 -6.96 1.64 21.61 0.08 45.405718 11.882909 0
6.85 -7.39 1.47 22.0 0.08 45.405718 11.882909 0
6.41 -7.52 1.44 21.83 0.08 45.405718 11.882909 0
6.33 -7.93 2.07 22.42 0.08 45.405718 11.882909 0
6.18 -8.06 1.9 21.87 0.08 45.405718 11.882909 0
6.73 -7.7 1.17 22.62 0.08 45.405718 11.882909 0
7.23 -6.83 1.13 22.45 0.08 45.405718 11.882909 0
7.06 -6.8 1.82 22.19 0.08 45.405718 11.882909 0
7.1 -7.43 1.89 22.6 0.08 45.405718 11.882909 0
6.89 -7.31 1.75 22.9 0.08 45.405718 11.882909 0
6.38 -6.62 2.1 22.23 0.06 45.405720 11.882910 1
5.76 -7.46 1.87 22.04 0.06 45.405720 11.882910 0
5.52 -8.78 2.33 21.25 0.06 45.405720 11.882910 1
5.38 -8.6 1.44 21.59 0.06 45.405720 11.882910 0
6.79 -7.64 1.42 22.11 0.06 45.405720 11.882910 0
6.11 -7.34 2.54 22.24 0.06 45.405720 11.882910 0
5.75 -8.06 1.43 21.39 0.06 45.405720 11.882910 0
6.59 -6.89 1.94 21.49 0.06 45.405720 11.882910 0
6.54 -6.53 2.08 22.31 0.06 45.405720 11.882910 0
6.12 -7.96 2.18 22.16 0.06 45.405720 11.882910 0
5.68 -9.12 1.8 22.35 0.06 45.405720 11.882910 0
5.65 -8.32 2.0 22.31 0.06 45.405720 11.882910 0
6.67 -6.41 2.16 22.4 0.06 45.405720 11.882910 0
