6.94 -6.42 2.74 23.55 0.06 45.405720 11.882910 0
7.02 -7.16 1.18 22.42 0.06 45.405720 11.882910 0
6.17 -8.32 1.67 22.31 0.06 45.405720 11.882910 0
6.16 -8.15 2.09 22.55 0.06 45.405720 11.882910 0
6.08 -6.53 1.91 21.93 1.03 45.405709 11.882901 1
6.81 -7.26 2.09 22.14 1.03 45.405709 11.882901 0
5.85 -7.41 1.33 21.87 1.03 45.405709 11.882901 1
6.21 -8.85 1.7 21.27 1.03 45.405709 11.882901 0
6.72 -7.64 1.11 21.75 1.03 45.405709 11.882901 0
6.2 -6.45 1.52 22.0 1.03 45.405709 11.882901 0
6.23 -7.47 2.07 21.18 1.03 45.405709 11.882901 0
5.73 -9.27 1.19 21.78 1.03 45.405709 11.882901 0
5.5 -7.31 1.44 21.99 1.03 45.405709 11.882901 0
6.36 -7.48 1.64 22.24 1.03 45.405709 11.882901 0
6.38 -7.56 1.95 22.45 1.03 45.405709 11.882901 0
5.59 -8.31 2.01 23.17 1.03 45.405709 11.882901 0
6.01 -7.49 2.13 22.6 1.03 45.405709 11.882901 0
6.34 -6.81 2.24 22.83 1.03 45.405709 11.882901 0
6.86 -7.6 1.76 22.38 1.03 45.405709 11.882901 0
5.59 -8.54 2.07 22.4 1.03 45.405709 11.882901 0
5.37 -6.31 2.09 22.55 1.03 45.405709 11.882901 0
7.34 -6.05 2.34 21.49 1.03 45.405709 11.882901 0
6.58 -9.5 2.55 20.97 0.76 45.405710 11.882889 1
5.94 -8.23 2.55 22.0 0.76 45.405710 11.882889 0
6.88 -8.49 1.46 23.6 0.76 45.405710 11.882889 1
5.63 -7.05 1.98 23.53 0.76 45.405710 11.882889 0
4.63 -6.77 2.05 23.22 0.76 45.405710 11.882889 0
8.88 -9.71 4.59 23.26 0.76 45.405710 11.882889 0
4.81 -3.65 3.0 21.2 0.76 45.405710 11.882889 0
6.37 -12.39 3.12 20.87 0.76 45.405710 11.882889 0
5.23 -9.95 1.86 22.23 0.76 45.405710 11.882889 0
6.2 -7.62 1.33 21.97 0.76 45.405710 11.882889 0
5.06 -4.96 1.65 22.76 0.76 45.405710 11.882889 0
7.68 -5.67 1.85 22.5 0.76 45.405710 11.882889 0
6.44 -7.57 2.05 21.59 0.76 45.405710 11.882889 0
