6.04 -7.94 1.3 22.02 2.24 45.398311 11.877950 0
5.62 -7.89 1.81 21.59 2.24 45.398311 11.877950 0
5.77 -8.09 1.97 22.0 2.24 45.398311 11.877950 0
5.79 -7.9 1.74 22.05 2.24 45.398311 11.877950 0
6.08 -7.65 1.57 22.66 2.24 45.398311 11.877950 0
6.16 -7.54 1.75 22.55 2.24 45.398311 11.877950 0
6.15 -7.61 1.94 22.14 2.54 45.398336 11.877954 1
6.27 -7.51 1.79 22.0 2.54 45.398336 11.877954 0
6.31 -7.58 1.84 21.9 2.54 45.398336 11.877954 1
6.22 -7.56 2.13 21.35 2.54 45.398336 11.877954 0
6.05 -7.82 1.66 21.73 2.54 45.398336 11.877954 0
5.93 -7.98 2.04 21.92 2.54 45.398336 11.877954 0
5.61 -7.74 2.18 21.56 2.54 45.398336 11.877954 0
5.63 -7.84 2.19 21.51 2.54 45.398336 11.877954 0
5.77 -7.91 1.86 22.11 2.54 45.398336 11.877954 0
5.99 -7.67 1.93 22.16 2.54 45.398336 11.877954 0
5.85 -7.8 1.64 22.11 2.54 45.398336 11.877954 0
6.07 -7.91 1.61 22.62 2.54 45.398336 11.877954 0
5.93 -7.65 1.75 21.8 2.54 45.398336 11.877954 0
5.95 -7.44 1.88 21.68 2.54 45.398336 11.877954 0
6.2 -7.61 1.59 21.64 2.54 45.398336 11.877954 0
6.25 -7.82 1.95 21.66 2.54 45.398336 11.877954 0
5.98 -7.92 2.06 22.0 2.54 45.398336 11.877954 0
6.23 -7.57 1.65 22.11 2.81 45.398364 11.877947 1
5.84 -7.65 1.8 22.05 2.81 45.398364 11.877947 0
5.78 -7.86 1.39 21.64 2.81 45.398364 11.877947 1
5.77 -8.01 1.53 22.42 2.81 45.398364 11.877947 0
5.87 -8.01 1.53 21.4 2.81 45.398364 11.877947 0
6.0 -7.83 1.94 22.04 2.81 45.398364 11.877947 0
5.84 -7.95 1.72 22.0 2.81 45.398364 11.877947 0
6.12 -7.46 1.74 22.09 2.81 45.398364 11.877947 0
6.01 -7.77 1.89 22.11 2.81 45.398364 11.877947 0
5.99 -7.5 1.82 22.12 2.81 45.398364 11.877947 0
6.18 -8.11 1.75 21.73 2.81 45.398364 11.877947 0
6.21 -7.25 1.51 22.16 2.81 45.398364 11.877947 0
