6.41 -7.92 1.75 22.11 2.81 45.398364 11.877947 0
5.8 -7.84 1.6 22.14 2.81 45.398364 11.877947 0
5.63 -7.74 2.05 22.05 2.81 45.398364 11.877947 0
5.74 -8.03 1.76 22.9 2.81 45.398364 11.877947 0
5.94 -8.08 1.67 22.31 2.81 45.398364 11.877947 0
5.95 -7.61 1.6 21.59 2.81 45.398364 11.877947 0
5.86 -7.82 1.82 21.88 3.25 45.398395 11.877939 1
5.69 -7.81 1.68 21.81 3.25 45.398395 11.877939 0
6.1 -7.8 1.79 21.9 3.25 45.398395 11.877939 1
6.16 -7.84 1.9 21.95 3.25 45.398395 11.877939 0
6.03 -7.69 1.75 22.05 3.25 45.398395 11.877939 0
5.91 -7.85 1.78 21.97 3.25 45.398395 11.877939 0
5.84 -7.44 2.05 22.86 3.25 45.398395 11.877939 0
6.33 -7.88 1.5 21.97 3.25 45.398395 11.877939 0
6.39 -8.02 1.28 22.05 3.25 45.398395 11.877939 0
5.65 -8.01 1.66 22.19 3.25 45.398395 11.877939 0
5.71 -8.02 1.87 22.26 3.25 45.398395 11.877939 0
5.35 -7.67 2.11 22.21 3.25 45.398395 11.877939 0
5.85 -7.92 1.68 22.07 3.25 45.398395 11.877939 0
5.96 -8.02 1.87 22.23 3.25 45.398395 11.877939 0
6.18 -7.75 1.71 22.26 3.25 45.398395 11.877939 0
5.09 -10.69 1.54 21.64 3.25 45.398395 11.877939 0
7.69 -5.71 0.37 21.99 3.25 45.398395 11.877939 0
5.94 -8.09 1.7 24.97 3.4 45.398425 11.877928 1
5.52 -6.76 2.44 23.2 3.4 45.398425 11.877928 0
4.8 -6.34 1.2 21.73 3.4 45.398425 11.877928 1
9.7 -8.84 -2.05 21.85 3.4 45.398425 11.877928 0
5.03 -11.92 1.62 22.5 3.4 45.398425 11.877928 0
5.94 -7.08 1.88 21.95 3.4 45.398425 11.877928 0
5.24 -6.21 2.75 22.35 3.4 45.398425 11.877928 0
6.21 -6.81 2.44 22.17 3.4 45.398425 11.877928 0
5.61 -7.62 1.84 22.16 3.4 45.398425 11.877928 0
5.75 -9.4 1.89 21.51 3.4 45.398425 11.877928 0
6.32 -7.7 1.16 22.57 3.4 45.398425 11.877928 0
5.72 -7.72 1.46 22.26 3.4 45.398425 11.877928 0
