5.96 -8.1 1.57 22.31 2.59 45.406368 11.895518 1
5.89 -8.14 1.68 22.0 2.59 45.406368 11.895518 1
5.66 -7.78 1.85 22.02 2.59 45.406368 11.895518 1
5.84 -7.61 1.81 22.04 2.59 45.406368 11.895518 1
6.02 -7.85 1.87 22.84 2.65 45.406367 11.895553 0
5.8 -7.81 1.85 22.31 2.65 45.406367 11.895553 1
5.95 -8.07 1.47 21.8 2.65 45.406367 11.895553 0
6.07 -8.24 1.68 22.17 2.65 45.406367 11.895553 1
6.08 -8.25 1.69 21.85 2.65 45.406367 11.895553 1
5.54 -7.74 1.91 22.31 2.65 45.406367 11.895553 1
5.66 -7.66 1.69 21.92 2.65 45.406367 11.895553 1
5.99 -8.16 1.65 21.69 2.65 45.406367 11.895553 1
5.71 -7.95 1.71 22.67 2.65 45.406367 11.895553 1
5.62 -7.93 1.63 21.81 2.65 45.406367 11.895553 1
5.77 -8.23 1.71 22.67 2.65 45.406367 11.895553 1
5.78 -7.86 1.57 21.9 2.65 45.406367 11.895553 1
5.69 -7.68 1.65 22.81 2.65 45.406367 11.895553 1
5.84 -8.04 2.0 22.79 2.65 45.406367 11.895553 1
5.76 -7.99 2.25 21.92 2.65 45.406367 11.895553 1
6.2 -7.97 1.66 22.36 2.65 45.406367 11.895553 1
5.47 -8.24 1.79 22.05 2.65 45.406367 11.895553 1
5.7 -7.52 1.7 21.49 2.65 45.406367 11.895553 1
5.93 -7.62 2.0 22.09 2.28 45.406370 11.895583 0
6.0 -8.01 1.59 22.09 2.28 45.406370 11.895583 1
5.93 -8.52 2.27 22.21 2.28 45.406370 11.895583 0
5.6 -7.91 2.19 21.97 2.28 45.406370 11.895583 1
6.3 -7.68 0.53 22.54 2.28 45.406370 11.895583 1
6.31 -7.45 0.69 22.09 2.28 45.406370 11.895583 1
5.45 -7.81 2.28 22.29 2.28 45.406370 11.895583 1
5.52 -8.74 2.03 21.8 2.28 45.406370 11.895583 1
5.62 -8.49 2.1 22.0 2.28 45.406370 11.895583 1
5.82 -7.46 1.25 22.05 2.28 45.406370 11.895583 1
5.37 -7.91 2.03 22.55 2.28 45.406370 11.895583 1
5.36 -7.91 2.02 22.56 2.28 45.406370 11.895583 1
5.38 -7.9 2.04 22.55 2.28 45.406370 11.895583 1
