5.75 -8.01 1.74 22.11 3.23 45.406374 11.895359 1
6.02 -7.95 1.76 22.12 3.23 45.406374 11.895359 1
5.67 -7.93 1.84 22.09 3.23 45.406374 11.895359 1
5.76 -8.18 1.85 22.29 3.23 45.406374 11.895359 1
5.78 -7.82 1.95 22.45 3.02 45.406371 11.895401 0
5.73 -7.98 1.64 21.45 3.02 45.406371 11.895401 1
6.0 -7.85 1.71 21.85 3.02 45.406371 11.895401 0
5.58 -8.07 1.81 21.9 3.02 45.406371 11.895401 1
5.89 -7.7 1.5 21.95 3.02 45.406371 11.895401 1
5.86 -7.86 1.69 21.8 3.02 45.406371 11.895401 1
5.73 -7.44 1.84 22.45 3.02 45.406371 11.895401 1
5.5 -8.3 1.9 22.07 3.02 45.406371 11.895401 1
5.38 -7.02 1.88 22.07 3.02 45.406371 11.895401 1
6.26 -8.49 1.42 21.54 3.02 45.406371 11.895401 1
5.92 -8.22 1.72 22.05 3.02 45.406371 11.895401 1
5.77 -7.98 1.62 23.17 3.02 45.406371 11.895401 1
5.74 -7.68 1.75 22.62 3.02 45.406371 11.895401 1
5.57 -7.52 1.89 22.07 3.02 45.406371 11.895401 1
6.08 -8.11 1.9 22.0 3.02 45.406371 11.895401 1
5.83 -8.02 1.99 22.11 3.02 45.406371 11.895401 1
5.44 -8.04 1.6 22.42 3.02 45.406371 11.895401 1
5.5 -7.66 1.87 22.31 3.02 45.406371 11.895401 1
5.78 -8.01 1.55 22.17 2.76 45.406368 11.895440 0
6.09 -8.32 1.88 22.67 2.76 45.406368 11.895440 1
5.91 -8.26 1.83 22.47 2.76 45.406368 11.895440 0
5.51 -7.48 1.83 23.02 2.76 45.406368 11.895440 1
5.3 -7.9 1.52 23.07 2.76 45.406368 11.895440 1
5.81 -7.71 1.76 21.99 2.76 45.406368 11.895440 1
5.64 -8.54 2.26 21.8 2.76 45.406368 11.895440 1
5.75 -7.94 1.2 22.26 2.76 45.406368 11.895440 1
5.74 -7.62 1.53 22.0 2.76 45.406368 11.895440 1
5.47 -7.69 1.53 21.95 2.76 45.406368 11.895440 1
4.14 -7.21 1.74 21.27 2.76 45.406368 11.895440 1
8.92 -7.33 1.68 21.69 2.76 45.406368 11.895440 1
5.09 -8.53 1.99 22.21 2.76 45.406368 11.895440 1
