5.73 -7.84 2.39 23.44 3.16 45.877626 12.307434 0 0
5.68 -7.68 1.87 23.43 3.16 45.877626 12.307434 0 0
5.79 -7.94 1.73 22.91 3.16 45.877626 12.307434 0 0
5.31 -7.6 1.95 22.72 2.91 45.877626 12.307397 1 0
4.56 -8.28 1.32 22.4 2.91 45.877626 12.307397 0 0
6.57 -7.33 1.1 22.93 2.91 45.877626 12.307397 1 0
5.16 -7.67 0.41 54.54 2.91 45.877626 12.307397 0 0
6.42 -7.97 1.21 23.17 2.91 45.877626 12.307397 0 0
6.44 -8.25 2.38 22.64 2.91 45.877626 12.307397 0 0
5.88 -6.94 1.97 22.74 2.91 45.877626 12.307397 0 0
6.29 -8.38 1.62 22.35 2.91 45.877626 12.307397 0 0
5.66 -8.05 1.33 23.67 2.91 45.877626 12.307397 0 0
6.96 -7.79 0.58 23.39 2.91 45.877626 12.307397 0 0
5.65 -7.11 1.01 24.71 2.91 45.877626 12.307397 0 0
6.0 -7.51 2.47 25.57 2.91 45.877626 12.307397 0 0
6.37 -7.41 1.5 23.6 2.91 45.877626 12.307397 0 0
6.64 -9.13 1.39 23.19 2.91 45.877626 12.307397 0 0
6.38 -8.75 1.99 23.08 2.91 45.877626 12.307397 0 0
6.05 -7.59 2.36 23.2 2.91 45.877626 12.307397 0 0
6.14 -7.76 2.0 24.35 2.91 45.877626 12.307397 0 0
4.94 -6.69 1.73 23.48 3.53 45.877619 12.307357 1 0
5.86 -7.81 1.46 23.63 3.53 45.877619 12.307357 0 0
5.87 -8.34 1.7 23.55 3.53 45.877619 12.307357 1 0
5.69 -7.52 2.0 24.42 3.53 45.877619 12.307357 0 0
6.09 -9.35 1.59 22.6 3.53 45.877619 12.307357 0 0
5.98 -6.71 1.66 22.67 3.53 45.877619 12.307357 0 0
6.24 -7.89 1.65 22.67 3.53 45.877619 12.307357 0 0
5.89 -8.44 1.6 23.53 3.53 45.877619 12.307357 0 0
5.76 -7.89 1.85 23.14 3.53 45.877619 12.307357 0 0
5.63 -7.65 1.86 22.71 3.53 45.877619 12.307357 0 0
5.94 -7.78 1.85 23.62 3.53 45.877619 12.307357 0 0
6.43 -7.54 1.61 23.6 3.53 45.877619 12.307357 0 0
6.08 -8.14 1.51 23.19 3.53 45.877619 12.307357 0 0
5.97 -8.55 1.13 23.05 3.53 45.877619 12.307357 0 0
5.59 -8.25 1.93 24.08 3.53 45.877619 12.307357 0 0
