5.71 -7.39 1.73 22.72 3.78 45.877559 12.307054 1 0
6.85 -7.29 1.46 22.67 3.78 45.877559 12.307054 0 0
5.64 -8.45 2.85 23.5 3.78 45.877559 12.307054 0 0
5.88 -7.87 2.23 23.02 3.78 45.877559 12.307054 0 0
5.56 -7.6 2.09 23.41 3.78 45.877559 12.307054 0 0
5.6 -8.03 1.87 23.63 3.78 45.877559 12.307054 0 0
6.02 -7.89 1.47 23.65 3.78 45.877559 12.307054 0 0
5.97 -7.67 1.17 24.2 3.78 45.877559 12.307054 0 0
5.52 -7.58 1.79 22.88 3.78 45.877559 12.307054 0 0
6.06 -7.54 2.07 23.15 3.78 45.877559 12.307054 0 0
6.54 -7.76 1.55 23.19 3.78 45.877559 12.307054 0 0
5.95 -7.01 1.91 23.6 3.78 45.877559 12.307054 0 0
5.8 -7.86 1.24 23.08 3.78 45.877559 12.307054 0 0
5.8 -8.05 2.31 22.6 3.78 45.877559 12.307054 0 0
5.04 -7.86 2.31 24.25 3.32 45.877551 12.307011 1 0
5.44 -7.75 1.95 23.15 3.32 45.877551 12.307011 0 0
5.23 -8.41 1.53 24.39 3.32 45.877551 12.307011 1 0
5.24 -7.76 1.36 22.54 3.32 45.877551 12.307011 0 0
5.86 -7.6 1.53 25.79 3.32 45.877551 12.307011 0 0
5.62 -7.67 2.54 23.53 3.32 45.877551 12.307011 0 0
6.03 -7.45 1.75 23.72 3.32 45.877551 12.307011 0 0
5.91 -8.04 1.8 23.07 3.32 45.877551 12.307011 0 0
6.59 -7.96 2.08 24.3 3.32 45.877551 12.307011 0 0
6.6 -7.64 1.5 26.46 3.32 45.877551 12.307011 0 0
5.83 -7.91 1.84 23.31 3.32 45.877551 12.307011 0 0
5.4 -7.24 2.19 23.39 3.32 45.877551 12.307011 0 0
5.44 -7.67 1.84 25.97 3.32 45.877551 12.307011 0 0
6.04 -8.25 2.42 23.46 3.32 45.877551 12.307011 0 0
6.09 -7.59 1.62 23.15 3.32 45.877551 12.307011 0 0
5.6 -7.49 1.9 23.34 3.32 45.877551 12.307011 0 0
6.32 -7.64 2.03 23.55 3.32 45.877551 12.307011 0 0
5.31 -7.11 1.72 24.1 3.66 45.877540 12.306968 1 0
5.78 -8.01 1.46 22.57 3.66 45.877540 12.306968 0 0
6.63 -7.68 1.04 22.62 3.66 45.877540 12.306968 1 0
6.05 -7.62 1.29 22.71 3.66 45.877540 12.306968 0 0
