5.56 -7.69 1.37 22.23 4.04 45.877510 12.306878 0 1
5.31 -7.06 1.77 22.47 4.04 45.877510 12.306878 0 1
6.57 -6.8 1.72 23.46 4.04 45.877510 12.306878 0 1
9.01 -6.78 2.31 23.6 4.04 45.877510 12.306878 0 1
1.32 -5.74 2.53 22.43 4.04 45.877510 12.306878 0 1
7.49 -4.75 -1.86 23.14 4.04 45.877510 12.306878 0 1
7.05 -7.97 -1.18 25.5 4.04 45.877510 12.306878 0 1
5.96 -6.77 0.82 29.74 4.04 45.877510 12.306878 0 1
2.6 -2.89 1.17 22.62 4.04 45.877510 12.306878 0 1
19.61 -19.61 -1.12 21.81 4.04 45.877510 12.306878 0 1
5.72 -8.64 -0.74 21.63 4.04 45.877510 12.306878 0 1
4.87 -4.82 0.38 22.78 4.04 45.877510 12.306878 0 1
4.51 -7.08 1.81 24.44 3.82 45.877483 12.306843 1 1
5.37 -5.55 1.27 24.04 3.82 45.877483 12.306843 0 1
6.4 -7.28 0.13 24.44 3.82 45.877483 12.306843 1 1
5.7 -9.78 1.39 22.31 3.82 45.877483 12.306843 0 1
5.08 -8.31 0.59 22.14 3.82 45.877483 12.306843 0 1
5.36 -8.12 0.89 23.0 3.82 45.877483 12.306843 0 1
6.15 -8.1 1.5 23.12 3.82 45.877483 12.306843 0 1
5.35 -6.51 2.16 24.01 3.82 45.877483 12.306843 0 1
6.78 -8.05 2.01 23.12 3.82 45.877483 12.306843 0 1
6.62 -9.33 1.2 22.21 3.82 45.877483 12.306843 0 1
6.2 -6.46 1.71 22.38 3.82 45.877483 12.306843 0 1
7.39 -9.23 1.1 22.14 3.82 45.877483 12.306843 0 1
7.25 -8.59 1.34 22.69 3.82 45.877483 12.306843 0 1
8.39 -7.29 2.21 22.28 3.82 45.877483 12.306843 0 1
5.87 -8.6 3.74 28.38 3.82 45.877483 12.306843 0 1
5.34 -7.68 2.28 26.12 3.82 45.877483 12.306843 0 1
7.32 -9.79 1.42 23.36 3.84 45.877451 12.306830 1 1
5.94 -10.14 2.58 21.09 3.84 45.877451 12.306830 0 1
6.36 -9.52 2.14 21.27 3.84 45.877451 12.306830 1 1
5.96 -8.12 1.52 21.42 3.84 45.877451 12.306830 0 1
6.37 -7.38 2.5 21.56 3.84 45.877451 12.306830 0 1
6.07 -8.58 1.88 23.17 3.84 45.877451 12.306830 0 1
5.55 -6.96 2.28 21.83 3.84 45.877451 12.306830 0 1
