6.49 -7.52 1.38 23.19 3.72 45.877589 12.307234 1 0
6.05 -8.06 1.6 22.95 3.72 45.877589 12.307234 0 0
6.28 -8.13 2.06 22.47 3.72 45.877589 12.307234 1 0
6.22 -7.93 1.83 22.26 3.72 45.877589 12.307234 0 0
5.76 -7.68 1.37 29.81 3.72 45.877589 12.307234 0 0
5.29 -7.77 1.45 22.64 3.72 45.877589 12.307234 0 0
6.01 -8.05 2.06 22.26 3.72 45.877589 12.307234 0 0
5.97 -7.4 1.7 23.05 3.72 45.877589 12.307234 0 0
6.19 -8.02 2.1 23.29 3.72 45.877589 12.307234 0 0
6.1 -7.52 2.11 23.6 3.72 45.877589 12.307234 0 0
6.08 -8.18 2.2 23.1 3.72 45.877589 12.307234 0 0
6.31 -8.11 1.94 23.5 3.72 45.877589 12.307234 0 0
6.16 -7.63 2.31 23.14 3.72 45.877589 12.307234 0 0
5.99 -7.81 2.57 24.1 3.72 45.877589 12.307234 0 0
5.6 -8.22 2.12 23.15 3.72 45.877589 12.307234 0 0
5.77 -7.68 1.47 22.78 3.72 45.877589 12.307234 0 0
5.88 -7.47 1.31 22.67 3.72 45.877589 12.307234 0 0
5.73 -7.57 1.66 23.08 3.54 45.877582 12.307189 1 0
6.11 -7.15 1.5 23.02 3.54 45.877582 12.307189 0 0
6.23 -7.68 1.62 22.67 3.54 45.877582 12.307189 1 0
6.32 -7.32 1.8 23.0 3.54 45.877582 12.307189 0 0
6.04 -7.93 1.59 22.52 3.54 45.877582 12.307189 0 0
6.42 -7.75 1.74 23.03 3.54 45.877582 12.307189 0 0
6.12 -7.68 1.85 23.08 3.54 45.877582 12.307189 0 0
5.93 -7.73 2.24 22.64 3.54 45.877582 12.307189 0 0
5.66 -7.95 1.54 22.69 3.54 45.877582 12.307189 0 0
5.24 -7.5 1.85 32.24 3.54 45.877582 12.307189 0 0
6.34 -8.03 1.87 23.19 3.54 45.877582 12.307189 0 0
6.21 -7.51 1.89 23.2 3.54 45.877582 12.307189 0 0
6.13 -8.25 2.11 23.2 3.54 45.877582 12.307189 0 0
5.51 -7.39 1.79 23.19 3.54 45.877582 12.307189 0 0
6.26 -8.31 1.93 23.65 3.54 45.877582 12.307189 0 0
6.04 -8.02 1.64 23.65 3.54 45.877582 12.307189 0 0
5.77 -6.87 1.57 22.69 3.54 45.877582 12.307189 0 0
6.1 -8.21 2.3 23.53 3.3 45.877575 12.307147 1 0
