6.03 -7.86 0.96 22.98 3.66 45.877540 12.306968 0 1
5.08 -7.78 1.9 22.67 3.66 45.877540 12.306968 0 1
5.93 -8.17 1.8 23.03 3.66 45.877540 12.306968 0 1
6.31 -8.16 1.76 22.62 3.66 45.877540 12.306968 0 1
6.36 -8.01 1.82 23.2 3.66 45.877540 12.306968 0 1
5.59 -7.35 1.74 27.18 3.66 45.877540 12.306968 0 1
6.38 -7.88 2.12 22.78 3.66 45.877540 12.306968 0 1
6.19 -7.03 1.47 22.67 3.66 45.877540 12.306968 0 1
5.73 -8.26 1.79 23.05 3.66 45.877540 12.306968 0 1
5.46 -7.95 2.03 23.08 3.66 45.877540 12.306968 0 1
5.85 -7.66 1.69 25.28 3.66 45.877540 12.306968 0 1
5.53 -8.14 2.05 22.47 3.66 45.877540 12.306968 0 1
5.24 -7.84 1.94 23.96 3.66 45.877540 12.306968 0 1
5.55 -8.45 2.38 22.4 3.73 45.877529 12.306921 1 1
6.15 -7.15 1.47 22.31 3.73 45.877529 12.306921 0 1
4.46 -6.27 1.73 22.48 3.73 45.877529 12.306921 1 1
9.18 -7.6 1.35 21.35 3.73 45.877529 12.306921 0 1
11.36 -8.16 3.06 22.31 3.73 45.877529 12.306921 0 1
4.98 -6.63 1.83 24.94 3.73 45.877529 12.306921 0 1
5.03 -6.55 3.34 23.19 3.73 45.877529 12.306921 0 1
9.79 -10.04 -4.49 22.09 3.73 45.877529 12.306921 0 1
5.93 -13.71 -1.81 22.38 3.73 45.877529 12.306921 0 1
7.97 -10.06 2.22 23.08 3.73 45.877529 12.306921 0 1
2.96 -4.74 1.9 25.28 3.73 45.877529 12.306921 0 1
6.18 -8.83 1.02 22.09 3.73 45.877529 12.306921 0 1
7.42 -9.02 2.72 20.7 3.73 45.877529 12.306921 0 1
5.04 -12.36 1.77 21.78 3.73 45.877529 12.306921 0 1
5.78 -4.84 2.15 22.54 3.73 45.877529 12.306921 0 1
7.19 -7.15 1.57 21.92 3.73 45.877529 12.306921 0 1
6.39 -8.05 1.91 22.45 3.73 45.877529 12.306921 0 1
6.44 -8.62 2.21 26.99 4.04 45.877510 12.306878 1 1
6.41 -9.92 1.54 22.43 4.04 45.877510 12.306878 0 1
4.44 -6.06 1.3 23.0 4.04 45.877510 12.306878 1 1
4.81 -9.56 0.72 21.92 4.04 45.877510 12.306878 0 1
6.25 -8.54 1.09 22.07 4.04 45.877510 12.306878 0 1
