5.6 -7.68 2.16 22.72 3.53 45.877619 12.307357 0 0
6.3 -7.51 1.67 22.57 3.53 45.877619 12.307357 0 0
5.92 -7.79 2.09 23.38 3.26 45.877609 12.307319 1 0
6.45 -7.58 1.94 28.67 3.26 45.877609 12.307319 0 0
6.17 -7.56 2.02 22.98 3.26 45.877609 12.307319 1 0
6.23 -7.65 1.85 22.96 3.26 45.877609 12.307319 0 0
5.87 -7.94 1.84 22.67 3.26 45.877609 12.307319 0 0
5.43 -8.23 1.85 23.14 3.26 45.877609 12.307319 0 0
5.46 -7.74 1.52 24.3 3.26 45.877609 12.307319 0 0
5.73 -8.01 2.32 22.76 3.26 45.877609 12.307319 0 0
6.05 -7.84 1.75 23.24 3.26 45.877609 12.307319 0 0
6.04 -7.86 2.35 22.88 3.26 45.877609 12.307319 0 0
6.38 -7.73 2.07 23.51 3.26 45.877609 12.307319 0 0
6.28 -7.75 1.85 24.66 3.26 45.877609 12.307319 0 0
6.02 -7.41 2.5 23.94 3.26 45.877609 12.307319 0 0
6.3 -7.71 2.12 22.98 3.26 45.877609 12.307319 0 0
6.44 -7.53 1.42 23.72 3.26 45.877609 12.307319 0 0
5.86 -8.09 1.36 23.24 3.26 45.877609 12.307319 0 0
5.49 -8.45 1.77 23.14 3.26 45.877609 12.307319 0 0
5.13 -7.71 1.25 22.69 3.5 45.877600 12.307278 1 0
5.44 -8.04 2.27 22.42 3.5 45.877600 12.307278 0 0
6.25 -8.13 2.05 22.86 3.5 45.877600 12.307278 1 0
6.37 -7.38 1.97 22.36 3.5 45.877600 12.307278 0 0
6.23 -7.74 2.14 22.64 3.5 45.877600 12.307278 0 0
6.38 -7.38 1.97 23.58 3.5 45.877600 12.307278 0 0
6.22 -7.34 2.15 23.05 3.5 45.877600 12.307278 0 0
6.03 -7.83 2.67 23.29 3.5 45.877600 12.307278 0 0
6.65 -8.01 1.92 23.63 3.5 45.877600 12.307278 0 0
5.88 -7.6 2.21 22.83 3.5 45.877600 12.307278 0 0
5.91 -8.26 2.11 22.9 3.5 45.877600 12.307278 0 0
5.43 -7.45 1.62 22.84 3.5 45.877600 12.307278 0 0
5.32 -7.78 1.87 22.69 3.5 45.877600 12.307278 0 0
5.92 -8.4 1.76 23.14 3.5 45.877600 12.307278 0 0
5.7 -7.47 1.68 23.24 3.5 45.877600 12.307278 0 0
6.37 -7.53 2.01 23.22 3.5 45.877600 12.307278 0 0
