6.16 -9.41 0.65 22.84 2.67 45.406307 11.894359 1 1
6.28 -8.73 1.36 22.26 2.67 45.406307 11.894359 1 1
5.31 -7.75 2.03 22.11 2.57 45.406315 11.894403 0 1
5.52 -7.55 1.91 21.71 2.57 45.406315 11.894403 1 1
6.69 -7.76 1.66 21.97 2.57 45.406315 11.894403 0 1
6.9 -8.21 2.08 20.97 2.57 45.406315 11.894403 1 1
6.23 -8.35 2.45 21.4 2.57 45.406315 11.894403 1 1
5.77 -7.41 1.88 22.36 2.57 45.406315 11.894403 1 1
5.36 -6.34 1.25 22.79 2.57 45.406315 11.894403 1 1
5.05 -6.7 1.6 22.79 2.57 45.406315 11.894403 1 1
5.52 -8.19 2.16 21.63 2.57 45.406315 11.894403 1 1
6.17 -9.28 1.87 21.68 2.57 45.406315 11.894403 1 1
5.84 -9.03 1.26 21.88 2.57 45.406315 11.894403 1 1
5.17 -7.72 1.27 21.95 2.57 45.406315 11.894403 1 1
5.37 -6.82 1.72 21.9 2.57 45.406315 11.894403 1 1
6.01 -7.54 1.93 21.18 2.57 45.406315 11.894403 1 1
6.07 -8.86 1.75 21.59 2.57 45.406315 11.894403 1 1
5.64 -8.84 1.5 22.26 2.57 45.406315 11.894403 1 1
5.41 -7.65 1.48 22.42 2.57 45.406315 11.894403 1 1
5.72 -7.04 1.66 22.28 2.57 45.406315 11.894403 1 1
6.3 -7.49 1.74 22.21 2.37 45.406320 11.894440 0 1
6.39 -8.06 1.68 23.17 2.37 45.406320 11.894440 1 1
5.71 -8.2 1.73 22.29 2.37 45.406320 11.894440 0 1
5.24 -8.17 1.85 22.86 2.37 45.406320 11.894440 1 1
5.69 -8.15 1.84 21.95 2.37 45.406320 11.894440 1 1
6.24 -8.1 1.86 22.26 2.37 45.406320 11.894440 1 1
6.05 -8.0 2.02 21.88 2.37 45.406320 11.894440 1 1
5.7 -7.87 2.02 22.76 2.37 45.406320 11.894440 1 1
5.79 -7.8 1.8 22.66 2.37 45.406320 11.894440 1 1
5.91 -7.85 1.78 22.74 2.37 45.406320 11.894440 1 1
5.73 -7.85 1.93 22.86 2.37 45.406320 11.894440 1 1
5.7 -7.84 1.9 22.11 2.37 45.406320 11.894440 1 1
6.01 -8.11 1.79 22.45 2.37 45.406320 11.894440 1 1
6.04 -8.4 1.9 22.04 2.37 45.406320 11.894440 1 1
5.58 -8.12 1.98 22.14 2.37 45.406320 11.894440 1 1
