5.94 -7.51 2.0 22.43 2.55 45.407731 11.899281 1 0
6.14 -7.52 1.89 21.92 2.55 45.407731 11.899281 1 0
6.12 -7.53 1.78 21.88 2.55 45.407731 11.899281 1 0
5.94 -7.71 1.65 21.83 2.55 45.407731 11.899281 1 0
5.85 -7.98 1.69 21.95 2.55 45.407731 11.899281 1 0
5.88 -7.96 1.96 21.87 2.55 45.407731 11.899281 1 0
6.02 -7.68 2.12 22.28 2.55 45.407731 11.899281 1 0
6.2 -7.61 2.11 21.83 2.55 45.407731 11.899281 1 0
6.05 -7.84 2.22 22.31 2.55 45.407731 11.899281 1 0
5.5 -8.07 2.32 22.83 2.55 45.407731 11.899281 1 0
5.17 -8.1 2.14 22.81 2.55 45.407731 11.899281 1 0
5.52 -8.0 1.93 22.33 2.55 45.407731 11.899281 1 0
6.01 -7.94 1.92 22.31 2.55 45.407731 11.899281 1 0
6.03 -7.95 1.88 21.85 2.55 45.407731 11.899281 1 0
5.84 -7.93 1.69 21.73 1.59 45.407736 11.899297 0 0
5.95 -7.82 1.58 22.31 1.59 45.407736 11.899297 1 0
6.14 -7.72 1.64 22.26 1.59 45.407736 11.899297 1 0
6.08 -7.78 1.73 21.85 1.59 45.407736 11.899297 0 0
5.97 -7.85 1.73 22.26 1.59 45.407736 11.899297 1 0
6.04 -7.75 1.6 21.87 1.59 45.407736 11.899297 1 0
6.02 -7.63 1.41 23.17 1.59 45.407736 11.899297 1 0
5.75 -7.79 1.44 21.9 1.59 45.407736 11.899297 1 0
5.59 -8.05 1.72 22.83 1.59 45.407736 11.899297 1 0
5.73 -8.06 1.93 22.0 1.59 45.407736 11.899297 1 0
5.85 -7.87 1.87 22.84 1.59 45.407736 11.899297 1 0
5.79 -7.74 1.74 22.0 1.59 45.407736 11.899297 1 0
5.85 -7.68 1.78 22.42 1.59 45.407736 11.899297 1 0
6.09 -7.68 1.83 21.85 1.59 45.407736 11.899297 1 0
6.19 -7.8 1.73 22.28 1.59 45.407736 11.899297 1 0
6.04 -7.86 1.66 22.0 1.59 45.407736 11.899297 1 0
5.98 -7.66 1.75 22.57 1.59 45.407736 11.899297 1 0
6.1 -7.52 1.85 22.4 1.59 45.407736 11.899297 1 0
6.12 -7.7 1.92 22.29 2.58 45.407745 11.899325 0 0
5.93 -7.95 2.07 22.31 2.58 45.407745 11.899325 1 0
5.72 -7.94 2.2 22.26 2.58 45.407745 11.899325 0 0
