5.63 -7.8 2.23 21.9 3.16 45.407805 11.899579 1 0
6.18 -7.5 2.01 21.95 3.16 45.407805 11.899579 1 0
6.65 -7.47 1.85 22.0 3.16 45.407805 11.899579 1 0
6.45 -7.49 2.01 21.87 3.16 45.407805 11.899579 1 0
6.12 -7.54 2.26 21.37 3.16 45.407805 11.899579 1 0
6.23 -7.67 2.31 21.97 3.16 45.407805 11.899579 1 0
6.36 -7.79 2.16 22.02 3.16 45.407805 11.899579 1 0
6.07 -7.76 2.02 22.57 3.16 45.407805 11.899579 1 0
5.75 -7.67 2.08 22.11 3.16 45.407805 11.899579 1 0
5.79 -7.68 2.21 22.09 3.16 45.407805 11.899579 1 0
5.99 -7.76 2.11 22.11 3.16 45.407805 11.899579 1 0
5.99 -7.85 1.88 21.61 3.16 45.407805 11.899579 1 0
5.86 -7.96 1.83 21.59 3.16 45.407805 11.899579 1 0
5.92 -7.91 1.91 21.81 3.16 45.407805 11.899579 1 0
6.17 -7.67 1.86 21.75 3.16 45.407805 11.899579 1 0
6.24 -7.61 1.74 21.37 2.58 45.407817 11.899611 0 0
6.05 -7.83 1.73 21.81 2.58 45.407817 11.899611 1 0
6.04 -7.76 1.81 21.88 2.58 45.407817 11.899611 0 0
6.33 -7.34 1.88 21.54 2.58 45.407817 11.899611 1 0
6.48 -7.34 1.86 21.97 2.58 45.407817 11.899611 1 0
6.3 -7.77 1.72 22.42 2.58 45.407817 11.899611 1 0
6.04 -7.8 1.6 21.97 2.58 45.407817 11.899611 1 0
5.75 -7.59 1.72 22.54 2.58 45.407817 11.899611 1 0
5.58 -7.91 1.96 21.97 2.58 45.407817 11.899611 1 0
5.82 -8.31 1.95 21.51 2.58 45.407817 11.899611 1 0
6.19 -8.02 1.73 21.85 2.58 45.407817 11.899611 1 0
6.18 -7.57 1.65 21.95 2.58 45.407817 11.899611 1 0
6.12 -7.57 1.81 21.52 2.58 45.407817 11.899611 1 0
6.44 -7.6 2.08 21.95 2.58 45.407817 11.899611 1 0
6.61 -7.31 2.31 22.05 2.58 45.407817 11.899611 1 0
6.48 -7.25 2.26 22.11 2.58 45.407817 11.899611 1 0
6.96 -8.05 1.98 21.63 2.58 45.407817 11.899611 1 0
7.53 -9.25 2.02 22.52 3.27 45.407825 11.899651 0 0
6.22 -8.98 2.41 23.92 3.27 45.407825 11.899651 1 0
3.57 -6.65 2.42 24.35 3.27 45.407825 11.899651 0 0
