5.27 -8.15 1.73 22.45 1.99 45.408344 11.889909 1 0
5.46 -7.96 1.87 21.88 1.99 45.408344 11.889909 0 0
6.56 -7.6 1.68 21.4 1.99 45.408344 11.889909 1 0
6.44 -7.68 2.04 21.93 1.99 45.408344 11.889909 1 0
5.73 -7.43 2.61 22.45 1.99 45.408344 11.889909 1 0
6.03 -7.9 1.99 21.99 1.99 45.408344 11.889909 1 0
6.17 -7.45 1.92 22.33 1.99 45.408344 11.889909 1 0
5.92 -7.76 1.47 22.04 1.99 45.408344 11.889909 1 0
6.13 -8.07 1.39 22.5 1.99 45.408344 11.889909 1 0
6.15 -7.76 1.53 22.19 1.99 45.408344 11.889909 1 0
5.73 -7.94 1.62 21.71 1.99 45.408344 11.889909 1 0
5.56 -7.95 1.85 22.07 1.99 45.408344 11.889909 1 0
5.63 -8.23 1.77 22.04 1.99 45.408344 11.889909 1 0
5.88 -7.72 1.5 22.05 1.99 45.408344 11.889909 1 0
5.79 -7.97 1.64 22.45 1.99 45.408344 11.889909 1 0
6.1 -7.8 1.74 21.56 1.99 45.408344 11.889909 1 0
6.03 -7.66 1.61 21.83 1.99 45.408344 11.889909 1 0
6.1 -7.6 1.67 21.47 2.02 45.408334 11.889884 0 0
5.95 -8.04 1.6 21.45 2.02 45.408334 11.889884 1 0
6.18 -7.69 1.79 21.87 2.02 45.408334 11.889884 0 0
5.73 -7.64 1.95 21.93 2.02 45.408334 11.889884 1 0
5.62 -7.82 2.03 21.88 2.02 45.408334 11.889884 1 0
5.62 -8.31 1.78 21.44 2.02 45.408334 11.889884 1 0
5.79 -8.1 1.8 21.9 2.02 45.408334 11.889884 1 0
5.75 -8.06 1.98 22.05 2.02 45.408334 11.889884 1 0
5.67 -7.74 1.69 22.17 2.02 45.408334 11.889884 1 0
5.86 -7.44 1.89 22.02 2.02 45.408334 11.889884 1 0
6.2 -7.64 1.68 21.59 2.02 45.408334 11.889884 1 0
6.09 -8.27 1.62 21.99 2.02 45.408334 11.889884 1 0
6.11 -7.82 2.06 22.11 2.02 45.408334 11.889884 1 0
5.77 -7.71 1.92 22.07 2.02 45.408334 11.889884 1 0
5.91 -7.53 1.97 22.09 2.02 45.408334 11.889884 1 0
5.76 -8.06 1.91 21.69 2.02 45.408334 11.889884 1 0
5.84 -7.85 2.01 21.93 2.02 45.408334 11.889884 1 0
5.58 -8.08 2.08 22.31 3.26 45.408319 11.889848 0 0
