6.03 -7.75 1.52 22.96 4.02 45.876152 12.305683 0 0
6.02 -8.07 1.81 22.47 3.13 45.876126 12.305660 1 0
6.0 -7.84 1.48 22.66 3.13 45.876126 12.305660 0 0
5.58 -7.77 1.73 22.67 3.13 45.876126 12.305660 1 0
5.72 -8.03 2.19 22.59 3.13 45.876126 12.305660 0 0
6.0 -7.47 1.67 22.86 3.13 45.876126 12.305660 0 0
6.09 -7.68 1.84 22.52 3.13 45.876126 12.305660 0 0
6.08 -7.8 1.78 22.9 3.13 45.876126 12.305660 0 0
6.07 -7.65 2.22 22.52 3.13 45.876126 12.305660 0 0
6.13 -7.48 2.15 23.07 3.13 45.876126 12.305660 0 0
6.03 -7.78 2.39 22.62 3.13 45.876126 12.305660 0 0
5.62 -7.98 2.22 22.62 3.13 45.876126 12.305660 0 0
5.28 -7.95 2.21 23.19 3.13 45.876126 12.305660 0 0
5.42 -8.18 1.84 22.42 3.13 45.876126 12.305660 0 0
5.88 -7.42 1.58 22.79 3.13 45.876126 12.305660 0 0
5.7 -7.75 1.8 22.79 3.13 45.876126 12.305660 0 0
5.78 -7.25 1.97 22.6 3.13 45.876126 12.305660 0 0
5.79 -7.21 1.85 22.57 3.13 45.876126 12.305660 0 0
6.5 -7.64 1.73 22.54 3.49 45.876100 12.305638 1 0
6.27 -7.5 1.74 22.67 3.49 45.876100 12.305638 0 0
5.77 -7.54 1.82 23.02 3.49 45.876100 12.305638 1 0
5.51 -8.2 1.66 22.55 3.49 45.876100 12.305638 0 0
5.28 -8.19 1.82 23.07 3.49 45.876100 12.305638 0 0
5.49 -8.05 1.93 22.67 3.49 45.876100 12.305638 0 0
5.81 -7.72 1.62 22.62 3.49 45.876100 12.305638 0 0
6.64 -7.75 2.14 23.07 3.49 45.876100 12.305638 0 0
6.22 -7.52 2.06 22.71 3.49 45.876100 12.305638 0 0
6.49 -7.86 2.15 22.69 3.49 45.876100 12.305638 0 0
5.92 -7.77 2.13 22.72 3.49 45.876100 12.305638 0 0
5.91 -7.75 2.22 22.26 3.49 45.876100 12.305638 0 0
5.77 -8.04 2.38 22.23 3.49 45.876100 12.305638 0 0
5.76 -8.18 2.15 22.69 3.49 45.876100 12.305638 0 0
5.43 -7.97 2.38 22.71 3.49 45.876100 12.305638 0 0
5.95 -7.81 1.98 22.5 3.49 45.876100 12.305638 0 0
5.82 -7.38 1.74 22.57 4.07 45.876068 12.305614 1 0
