5.91 -7.77 1.94 22.57 3.76 45.876276 12.305782 0 0
5.8 -7.97 1.91 22.78 3.76 45.876276 12.305782 0 0
5.7 -7.38 1.88 22.84 3.76 45.876276 12.305782 0 0
5.57 -7.77 2.04 22.71 3.76 45.876276 12.305782 0 0
5.91 -8.04 1.92 23.44 3.84 45.876245 12.305756 1 0
5.78 -7.93 1.73 28.26 3.84 45.876245 12.305756 0 0
5.79 -8.44 1.89 23.89 3.84 45.876245 12.305756 1 0
5.92 -7.17 1.49 22.62 3.84 45.876245 12.305756 0 0
6.13 -7.99 1.72 22.07 3.84 45.876245 12.305756 0 0
6.36 -7.9 1.84 22.31 3.84 45.876245 12.305756 0 0
6.18 -8.04 1.89 22.45 3.84 45.876245 12.305756 0 0
6.07 -7.95 1.64 23.89 3.84 45.876245 12.305756 0 0
5.51 -7.71 2.04 22.47 3.84 45.876245 12.305756 0 0
5.49 -8.38 1.72 23.27 3.84 45.876245 12.305756 0 0
6.0 -7.5 1.93 23.14 3.84 45.876245 12.305756 0 0
6.0 -7.98 1.86 22.83 3.84 45.876245 12.305756 0 0
5.91 -7.68 1.95 22.74 3.84 45.876245 12.305756 0 0
5.54 -7.33 1.79 22.69 3.84 45.876245 12.305756 0 0
6.37 -7.64 1.92 22.57 3.84 45.876245 12.305756 0 0
6.47 -8.0 2.6 22.17 3.84 45.876245 12.305756 0 0
6.03 -8.39 2.18 22.29 3.79 45.876213 12.305733 1 0
5.6 -8.01 1.59 22.66 3.79 45.876213 12.305733 0 0
5.6 -8.08 2.26 22.38 3.79 45.876213 12.305733 1 0
5.7 -7.45 2.3 23.63 3.79 45.876213 12.305733 0 0
5.82 -7.69 1.78 24.03 3.79 45.876213 12.305733 0 0
5.22 -7.98 1.86 23.08 3.79 45.876213 12.305733 0 0
7.1 -9.9 2.03 22.67 3.79 45.876213 12.305733 0 0
6.86 -8.29 1.6 23.15 3.79 45.876213 12.305733 0 0
7.0 -8.95 1.88 22.88 3.79 45.876213 12.305733 0 0
6.4 -7.8 1.84 22.54 3.79 45.876213 12.305733 0 0
5.49 -4.93 1.65 23.48 3.79 45.876213 12.305733 0 0
5.01 -8.6 1.04 22.83 3.79 45.876213 12.305733 0 0
5.71 -7.65 1.6 22.93 3.79 45.876213 12.305733 0 0
5.57 -7.26 1.67 22.72 3.79 45.876213 12.305733 0 0
6.03 -7.52 1.89 22.28 3.79 45.876213 12.305733 0 0
