5.24 -7.25 1.72 22.72 3.39 45.408021 11.888471 1
5.78 -7.41 1.72 22.11 3.39 45.408021 11.888471 1
5.99 -8.49 1.58 21.93 3.39 45.408021 11.888471 1
5.92 -8.55 1.73 22.36 3.39 45.408021 11.888471 1
5.91 -7.61 2.06 22.88 3.39 45.408021 11.888471 1
6.01 -7.25 2.07 21.97 3.39 45.408021 11.888471 1
6.19 -7.57 1.82 21.81 3.39 45.408021 11.888471 1
6.27 -7.72 1.76 21.92 2.26 45.408019 11.888442 0
6.04 -7.69 1.96 21.9 2.26 45.408019 11.888442 1
5.85 -7.77 2.16 21.95 2.26 45.408019 11.888442 0
6.0 -7.81 2.22 22.36 2.26 45.408019 11.888442 1
6.06 -7.84 2.07 22.0 2.26 45.408019 11.888442 1
5.82 -8.02 1.76 21.95 2.26 45.408019 11.888442 1
5.74 -8.11 1.57 22.81 2.26 45.408019 11.888442 1
5.92 -7.92 1.7 22.42 2.26 45.408019 11.888442 1
6.02 -7.79 1.88 21.85 2.26 45.408019 11.888442 1
6.02 -7.91 1.77 22.02 2.26 45.408019 11.888442 1
6.05 -7.92 1.55 22.02 2.26 45.408019 11.888442 1
6.02 -7.62 1.59 22.02 2.26 45.408019 11.888442 1
6.02 -7.46 1.84 22.42 2.26 45.408019 11.888442 1
6.13 -7.71 1.94 23.24 2.26 45.408019 11.888442 1
6.03 -7.97 1.82 22.05 2.26 45.408019 11.888442 1
5.73 -7.91 1.63 22.57 2.26 45.408019 11.888442 1
5.67 -7.8 1.48 22.07 2.26 45.408019 11.888442 1
5.84 -7.82 1.5 22.35 2.26 45.408019 11.888442 1
5.99 -7.85 1.74 22.29 2.17 45.408016 11.888411 0
6.2 -8.01 1.94 21.97 2.17 45.408016 11.888411 1
6.35 -8.27 1.83 22.47 2.17 45.408016 11.888411 0
6.08 -8.05 1.64 22.0 2.17 45.408016 11.888411 1
5.75 -7.43 1.66 22.54 2.17 45.408016 11.888411 1
5.98 -7.38 1.76 21.51 2.17 45.408016 11.888411 1
6.33 -7.98 1.81 21.47 2.17 45.408016 11.888411 1
6.09 -8.08 1.91 21.57 2.17 45.408016 11.888411 1
5.67 -7.49 1.97 22.36 2.17 45.408016 11.888411 1
5.68 -7.33 1.86 22.07 2.17 45.408016 11.888411 1
