6.89 -7.75 2.34 22.0 2.34 45.408015 11.888701 0
6.39 -7.61 2.15 22.23 2.34 45.408015 11.888701 1
6.09 -7.52 1.97 22.26 2.34 45.408015 11.888701 1
5.78 -7.75 1.77 22.28 2.34 45.408015 11.888701 1
5.42 -8.22 1.59 21.81 2.34 45.408015 11.888701 1
5.43 -8.39 1.54 22.57 2.34 45.408015 11.888701 1
5.79 -8.15 1.62 22.07 2.34 45.408015 11.888701 1
5.95 -7.84 1.65 22.07 2.34 45.408015 11.888701 0
5.87 -7.64 1.54 21.95 2.34 45.408015 11.888701 1
6.1 -7.52 1.57 21.8 2.34 45.408015 11.888701 0
6.62 -7.43 1.82 22.14 2.34 45.408015 11.888701 1
6.77 -7.38 1.93 21.75 2.34 45.408015 11.888701 1
6.49 -7.34 1.69 21.75 2.34 45.408015 11.888701 1
6.32 -7.33 1.39 21.85 2.34 45.408015 11.888701 1
6.32 -7.44 1.25 21.9 2.34 45.408015 11.888701 1
5.99 -7.8 1.16 21.85 2.34 45.408015 11.888701 1
5.43 -8.28 1.2 21.56 2.34 45.408015 11.888701 1
5.3 -8.34 1.51 22.05 2.34 45.408015 11.888701 1
5.71 -7.88 1.86 22.11 2.34 45.408015 11.888701 1
6.1 -7.64 1.88 22.09 2.34 45.408015 11.888701 1
6.18 -7.97 1.78 21.71 2.34 45.408015 11.888701 1
6.2 -8.11 1.87 22.17 2.34 45.408015 11.888701 1
6.28 -7.59 2.02 22.78 2.34 45.408015 11.888701 1
6.33 -7.19 1.99 22.12 2.34 45.408015 11.888701 1
6.25 -7.53 1.91 21.92 2.34 45.408015 11.888701 1
6.13 -8.01 1.94 21.71 2.96 45.408014 11.888670 0
6.12 -8.02 2.07 21.75 2.96 45.408014 11.888670 1
6.14 -7.87 2.18 21.85 2.96 45.408014 11.888670 0
5.95 -7.81 2.19 22.0 2.96 45.408014 11.888670 1
5.68 -7.69 2.11 22.02 2.96 45.408014 11.888670 1
5.65 -7.69 2.02 21.92 2.96 45.408014 11.888670 1
5.8 -8.01 1.88 21.73 2.96 45.408014 11.888670 1
5.79 -8.16 1.62 21.68 2.96 45.408014 11.888670 1
5.76 -7.82 1.48 22.02 2.96 45.408014 11.888670 1
5.99 -7.58 1.7 21.61 2.96 45.408014 11.888670 1
