5.81 -7.68 1.64 22.09 2.91 45.408005 11.888337 1
5.97 -7.9 1.76 22.05 2.91 45.408005 11.888337 1
5.96 -8.15 1.8 22.17 2.91 45.408005 11.888337 1
5.87 -7.99 1.81 22.23 2.91 45.408005 11.888337 1
5.92 -7.6 1.82 22.14 2.91 45.408005 11.888337 1
5.99 -7.63 1.81 21.95 2.91 45.408005 11.888337 1
6.04 -7.92 1.85 21.69 2.91 45.408005 11.888337 1
6.29 -7.85 1.93 21.59 2.89 45.407994 11.888296 0
6.41 -7.55 1.86 21.78 2.89 45.407994 11.888296 1
6.11 -7.53 1.76 21.92 2.89 45.407994 11.888296 0
5.88 -7.67 1.84 22.05 2.89 45.407994 11.888296 1
5.95 -7.67 1.89 22.21 2.89 45.407994 11.888296 1
5.81 -7.75 1.73 21.95 2.89 45.407994 11.888296 1
5.7 -8.01 1.73 22.02 2.89 45.407994 11.888296 1
5.9 -8.16 1.95 21.78 2.89 45.407994 11.888296 1
5.52 -7.96 1.88 21.63 2.89 45.407994 11.888296 1
4.89 -7.41 1.57 21.47 2.89 45.407994 11.888296 1
6.19 -7.08 1.66 21.11 2.89 45.407994 11.888296 1
8.74 -7.96 2.15 21.06 2.89 45.407994 11.888296 1
8.59 -9.1 2.46 22.31 2.89 45.407994 11.888296 1
5.44 -7.82 2.19 24.58 2.89 45.407994 11.888296 1
3.67 -5.08 1.39 24.46 2.89 45.407994 11.888296 1
4.8 -6.02 0.65 22.84 2.89 45.407994 11.888296 1
5.71 -10.86 0.85 20.24 2.89 45.407994 11.888296 1
5.02 -12.73 1.95 20.13 2.89 45.407994 11.888296 1
4.67 -8.94 2.77 21.44 1.93 45.407984 11.888271 0
5.43 -5.45 2.71 22.09 1.93 45.407984 11.888271 1
6.1 -6.15 2.28 21.85 1.93 45.407984 11.888271 0
6.35 -7.87 1.93 21.87 1.93 45.407984 11.888271 1
6.65 -8.04 1.7 21.64 1.93 45.407984 11.888271 1
6.72 -7.9 1.71 21.64 1.93 45.407984 11.888271 1
6.32 -7.9 1.96 22.35 1.93 45.407984 11.888271 1
5.91 -7.41 2.2 22.5 1.93 45.407984 11.888271 1
5.86 -7.22 2.19 22.16 1.93 45.407984 11.888271 1
6.01 -7.84 1.93 21.59 1.93 45.407984 11.888271 1
