6.13 -8.26 1.65 22.0 1.93 45.407984 11.888271 1
6.0 -8.11 1.58 22.05 1.93 45.407984 11.888271 1
5.71 -7.95 1.72 22.14 1.93 45.407984 11.888271 1
5.71 -7.77 1.84 22.14 1.93 45.407984 11.888271 1
6.09 -7.56 1.8 22.11 1.93 45.407984 11.888271 1
6.28 -7.7 1.57 22.11 1.93 45.407984 11.888271 1
6.1 -7.93 1.42 21.85 1.93 45.407984 11.888271 1
5.99 -7.75 1.63 21.92 2.63 45.407967 11.888242 0
6.1 -7.51 2.0 21.9 2.63 45.407967 11.888242 1
6.18 -7.68 1.99 21.85 2.63 45.407967 11.888242 0
6.1 -7.93 1.64 21.76 2.63 45.407967 11.888242 1
5.87 -7.96 1.48 21.92 2.63 45.407967 11.888242 1
5.57 -8.02 1.61 21.45 2.63 45.407967 11.888242 1
5.55 -8.12 1.74 21.92 2.63 45.407967 11.888242 1
5.92 -7.99 1.82 21.56 2.63 45.407967 11.888242 1
6.17 -7.73 1.91 21.9 2.63 45.407967 11.888242 1
6.01 -7.68 1.93 21.61 2.63 45.407967 11.888242 1
5.84 -7.8 1.83 21.93 2.63 45.407967 11.888242 1
5.96 -7.8 1.76 21.51 2.63 45.407967 11.888242 1
6.09 -7.68 1.89 21.92 2.63 45.407967 11.888242 1
6.09 -7.62 2.12 21.45 2.63 45.407967 11.888242 1
6.19 -7.65 2.23 21.9 2.63 45.407967 11.888242 1
6.3 -7.63 2.15 21.61 2.63 45.407967 11.888242 1
6.06 -7.56 2.07 22.16 2.63 45.407967 11.888242 1
5.64 -7.63 1.98 21.66 2.63 45.407967 11.888242 1
5.58 -7.9 1.8 22.05 3.19 45.407949 11.888210 0
5.9 -8.12 1.65 22.0 3.19 45.407949 11.888210 1
6.08 -8.09 1.65 21.85 3.19 45.407949 11.888210 0
6.0 -7.89 1.61 21.52 3.19 45.407949 11.888210 1
6.01 -7.67 1.49 22.0 3.19 45.407949 11.888210 1
6.24 -7.53 1.5 22.5 3.19 45.407949 11.888210 1
6.3 -7.59 1.55 21.78 3.19 45.407949 11.888210 1
6.01 -7.87 1.48 21.28 3.19 45.407949 11.888210 1
5.8 -8.07 1.57 21.9 3.19 45.407949 11.888210 1
5.92 -7.92 1.99 22.0 3.19 45.407949 11.888210 1
