5.98 -7.64 1.6 22.0 2.72 45.408298 11.889866 1 0
5.66 -7.68 1.68 21.49 2.72 45.408298 11.889866 1 0
5.89 -7.92 1.69 21.75 2.72 45.408298 11.889866 1 0
6.32 -8.04 1.73 21.92 2.72 45.408298 11.889866 1 0
6.09 -7.8 1.75 22.86 2.72 45.408298 11.889866 1 0
5.49 -7.41 1.7 22.6 2.72 45.408298 11.889866 1 0
5.4 -7.53 1.66 22.19 2.72 45.408298 11.889866 1 0
5.82 -8.26 1.69 21.52 3.16 45.408285 11.889828 0 0
6.11 -8.7 1.78 21.28 3.16 45.408285 11.889828 1 0
5.97 -8.2 1.91 21.99 3.16 45.408285 11.889828 0 0
5.65 -7.37 1.99 21.78 3.16 45.408285 11.889828 1 0
5.69 -7.21 1.88 22.04 3.16 45.408285 11.889828 1 0
6.15 -7.73 1.76 21.47 3.16 45.408285 11.889828 1 0
6.38 -8.18 1.85 21.78 3.16 45.408285 11.889828 1 0
6.02 -8.09 1.93 22.09 3.16 45.408285 11.889828 1 0
5.73 -7.75 1.84 22.17 3.16 45.408285 11.889828 1 0
5.89 -7.7 1.83 22.35 3.16 45.408285 11.889828 1 0
5.99 -7.94 2.0 21.9 3.16 45.408285 11.889828 1 0
5.82 -8.11 2.0 21.78 3.16 45.408285 11.889828 1 0
5.77 -8.16 1.69 22.52 3.16 45.408285 11.889828 1 0
5.91 -8.22 1.49 22.0 3.16 45.408285 11.889828 1 0
5.9 -8.1 1.54 22.66 3.16 45.408285 11.889828 1 0
5.86 -7.72 1.64 22.24 3.16 45.408285 11.889828 1 0
6.06 -7.55 1.74 22.09 3.16 45.408285 11.889828 1 0
6.23 -7.85 1.83 21.87 3.16 45.408285 11.889828 1 0
6.05 -8.1 1.79 22.35 2.43 45.408274 11.889795 0 0
5.81 -7.86 1.72 22.43 2.43 45.408274 11.889795 1 0
5.89 -7.58 1.73 22.09 2.43 45.408274 11.889795 0 0
6.0 -7.8 1.64 21.9 2.43 45.408274 11.889795 1 0
5.74 -8.2 1.49 21.88 2.43 45.408274 11.889795 1 0
5.45 -8.15 1.6 21.81 2.43 45.408274 11.889795 1 0
5.62 -7.8 1.88 21.93 2.43 45.408274 11.889795 1 0
5.98 -7.68 1.91 21.93 2.43 45.408274 11.889795 1 0
6.02 -7.77 1.79 22.04 2.43 45.408274 11.889795 1 0
5.92 -7.75 1.89 21.99 2.43 45.408274 11.889795 1 0
