5.48 -7.23 1.91 22.84 2.91 45.406349 11.894322 1
6.02 -7.06 1.85 23.03 2.91 45.406349 11.894322 1
6.76 -8.56 1.88 22.09 2.91 45.406349 11.894322 1
5.83 -8.14 1.42 21.93 2.91 45.406349 11.894322 1
5.89 -8.65 1.07 22.31 2.91 45.406349 11.894322 1
5.01 -7.22 1.78 21.93 2.91 45.406349 11.894322 1
5.63 -7.31 1.73 22.04 2.91 45.406349 11.894322 1
6.13 -8.05 2.0 21.63 2.91 45.406349 11.894322 1
6.03 -7.8 1.87 21.8 2.91 45.406349 11.894322 1
5.51 -8.69 1.58 21.68 2.91 45.406349 11.894322 1
5.8 -8.23 1.64 21.83 2.91 45.406349 11.894322 1
5.69 -7.87 1.98 22.09 1.83 45.406349 11.894344 0
5.61 -7.49 1.71 22.35 1.83 45.406349 11.894344 1
5.9 -7.66 1.74 21.78 1.83 45.406349 11.894344 0
6.19 -7.72 1.74 21.63 1.83 45.406349 11.894344 1
5.57 -8.36 1.87 21.97 1.83 45.406349 11.894344 1
6.03 -7.99 1.75 22.14 1.83 45.406349 11.894344 1
5.4 -8.16 1.81 21.63 1.83 45.406349 11.894344 1
5.31 -7.71 1.73 21.35 1.83 45.406349 11.894344 1
5.71 -8.26 1.95 22.19 1.83 45.406349 11.894344 1
6.19 -8.06 1.76 21.92 1.83 45.406349 11.894344 1
5.76 -8.08 2.09 22.19 1.83 45.406349 11.894344 1
5.77 -7.75 1.94 23.31 1.83 45.406349 11.894344 1
5.85 -6.94 2.28 23.96 1.83 45.406349 11.894344 1
5.57 -7.74 1.75 28.95 1.83 45.406349 11.894344 1
6.19 -8.59 1.56 21.99 1.83 45.406349 11.894344 1
5.56 -7.81 1.89 21.25 1.83 45.406349 11.894344 1
5.37 -8.89 1.79 21.11 1.83 45.406349 11.894344 1
5.82 -7.91 1.94 21.69 2.41 45.406350 11.894379 0
5.44 -7.28 1.81 22.54 2.41 45.406350 11.894379 1
4.92 -7.21 1.43 21.73 2.41 45.406350 11.894379 0
5.67 -6.55 1.27 21.08 2.41 45.406350 11.894379 1
10.36 -8.4 0.73 20.84 2.41 45.406350 11.894379 1
6.66 -12.01 2.57 21.99 2.41 45.406350 11.894379 1
5.96 -7.42 2.08 25.18 2.41 45.406350 11.894379 1
