5.99 -7.91 1.58 23.0 2.4 45.406371 11.894512 1
5.77 -8.0 1.88 22.29 2.4 45.406371 11.894512 1
5.73 -7.59 2.22 22.57 2.4 45.406371 11.894512 1
5.99 -7.41 2.09 22.14 2.4 45.406371 11.894512 1
5.79 -7.77 1.8 22.59 2.4 45.406371 11.894512 1
6.06 -7.94 1.88 23.46 2.4 45.406371 11.894512 1
6.13 -8.08 1.74 22.76 2.4 45.406371 11.894512 1
5.84 -7.84 1.81 22.42 2.4 45.406371 11.894512 1
5.72 -7.89 1.63 22.72 2.4 45.406371 11.894512 1
5.72 -7.75 2.05 22.95 2.4 45.406371 11.894512 1
5.83 -8.09 1.98 21.83 2.4 45.406371 11.894512 1
6.17 -7.85 1.77 22.33 2.6 45.406373 11.894548 0
5.92 -8.24 1.63 21.9 2.6 45.406373 11.894548 1
5.81 -7.76 1.63 23.65 2.6 45.406373 11.894548 0
5.7 -7.7 1.73 22.35 2.6 45.406373 11.894548 1
5.61 -7.9 1.87 22.24 2.6 45.406373 11.894548 1
5.83 -8.11 1.76 22.16 2.6 45.406373 11.894548 1
5.67 -7.89 1.91 22.71 2.6 45.406373 11.894548 1
5.45 -7.99 1.76 22.33 2.6 45.406373 11.894548 1
5.32 -8.25 2.1 22.09 2.6 45.406373 11.894548 1
5.62 -7.96 1.67 22.09 2.6 45.406373 11.894548 1
5.88 -7.82 1.71 22.14 2.6 45.406373 11.894548 1
6.06 -7.92 1.7 21.59 2.6 45.406373 11.894548 1
6.18 -7.65 1.69 22.14 2.6 45.406373 11.894548 1
6.05 -7.81 1.59 23.56 2.6 45.406373 11.894548 1
6.08 -7.84 1.53 23.15 2.6 45.406373 11.894548 1
6.08 -7.84 1.54 23.14 2.6 45.406373 11.894548 1
6.08 -7.85 1.54 23.16 2.6 45.406373 11.894548 1
6.08 -7.85 1.52 23.15 2.6 45.406373 11.894548 1
6.07 -7.84 1.54 23.15 2.6 45.406373 11.894548 1
6.08 -7.84 1.53 23.14 2.6 45.406373 11.894548 1
6.09 -7.84 1.53 23.16 2.6 45.406373 11.894548 1
6.07 -7.83 1.53 23.15 2.6 45.406373 11.894548 1
6.08 -7.83 1.53 23.15 2.6 45.406373 11.894548 1
6.09 -7.85 1.53 23.15 2.6 45.406373 11.894548 1
