6.05 -7.67 1.99 21.73 1.22 45.406351 11.894206 1
5.89 -7.96 2.04 21.42 1.22 45.406351 11.894206 1
5.84 -8.41 1.83 22.14 1.22 45.406351 11.894206 1
5.73 -7.24 1.59 22.21 1.22 45.406351 11.894206 1
5.87 -7.71 1.37 22.0 1.22 45.406351 11.894206 1
5.94 -8.18 1.37 21.47 1.22 45.406351 11.894206 1
6.53 -8.22 1.74 21.52 1.22 45.406351 11.894206 1
6.01 -7.72 1.55 22.07 1.22 45.406351 11.894206 1
5.61 -7.61 1.78 22.62 1.22 45.406351 11.894206 1
5.69 -7.79 1.69 22.0 1.22 45.406351 11.894206 1
5.7 -7.84 1.67 21.47 1.22 45.406351 11.894206 1
5.94 -8.41 1.81 21.4 0.79 45.406346 11.894215 0
5.79 -7.97 1.76 21.44 0.79 45.406346 11.894215 1
5.84 -7.92 1.79 21.57 0.79 45.406346 11.894215 0
5.71 -7.64 1.81 22.02 0.79 45.406346 11.894215 1
5.73 -7.97 1.73 21.88 0.79 45.406346 11.894215 1
6.38 -7.7 1.84 21.37 0.79 45.406346 11.894215 1
6.05 -7.83 1.72 21.42 0.79 45.406346 11.894215 1
5.95 -7.89 1.73 22.07 0.79 45.406346 11.894215 1
5.61 -7.79 1.81 22.6 0.79 45.406346 11.894215 1
5.88 -7.7 2.15 22.45 0.79 45.406346 11.894215 1
5.81 -8.33 2.08 22.45 0.79 45.406346 11.894215 1
5.88 -8.02 1.98 22.14 0.79 45.406346 11.894215 1
5.9 -8.3 1.91 22.62 0.79 45.406346 11.894215 1
5.83 -7.55 1.75 22.11 0.79 45.406346 11.894215 1
5.68 -8.26 2.09 22.09 0.79 45.406346 11.894215 1
6.04 -7.81 1.89 22.12 0.79 45.406346 11.894215 1
6.01 -7.97 1.7 23.1 0.79 45.406346 11.894215 1
5.78 -7.95 1.72 22.24 1.86 45.406346 11.894247 0
5.72 -7.56 1.95 22.0 1.86 45.406346 11.894247 1
5.82 -7.81 2.07 22.0 1.86 45.406346 11.894247 0
5.6 -7.9 1.7 22.4 1.86 45.406346 11.894247 1
5.63 -7.8 1.57 21.88 1.86 45.406346 11.894247 1
5.58 -7.91 1.8 21.87 1.86 45.406346 11.894247 1
5.6 -7.95 1.75 21.81 1.86 45.406346 11.894247 1
