5.83 -7.67 1.66 22.04 3.08 45.408243 11.889640 1
6.05 -8.06 2.0 21.99 3.08 45.408243 11.889640 1
5.73 -7.91 2.1 21.97 3.08 45.408243 11.889640 1
5.9 -7.84 1.99 22.09 3.08 45.408243 11.889640 1
5.39 -7.75 1.84 22.14 3.08 45.408243 11.889640 1
5.92 -7.89 1.81 22.04 3.08 45.408243 11.889640 1
5.91 -7.88 1.64 21.8 3.08 45.408243 11.889640 1
5.93 -7.82 1.62 21.99 3.08 45.408243 11.889640 1
6.17 -8.03 1.57 22.81 3.25 45.408225 11.889606 0
5.74 -7.76 1.87 22.07 3.25 45.408225 11.889606 1
5.88 -7.27 1.84 21.99 3.25 45.408225 11.889606 0
6.03 -8.0 1.53 21.88 3.25 45.408225 11.889606 1
6.02 -8.16 1.61 21.83 3.25 45.408225 11.889606 1
5.83 -7.92 1.83 22.4 3.25 45.408225 11.889606 1
5.77 -7.91 1.57 22.4 3.25 45.408225 11.889606 1
4.9 -7.12 1.65 21.73 3.25 45.408225 11.889606 1
3.93 -9.6 1.02 20.82 3.25 45.408225 11.889606 1
8.54 -6.73 0.75 21.9 3.25 45.408225 11.889606 1
5.28 -9.02 1.02 22.35 3.25 45.408225 11.889606 1
7.0 -8.46 2.02 25.12 3.25 45.408225 11.889606 1
4.66 -6.5 2.42 24.51 3.25 45.408225 11.889606 1
2.76 -2.07 1.89 24.22 3.25 45.408225 11.889606 1
5.67 -10.66 -1.65 22.12 3.25 45.408225 11.889606 1
7.98 -8.19 1.65 22.86 3.25 45.408225 11.889606 1
7.17 -9.43 0.76 21.69 3.25 45.408225 11.889606 1
5.16 -8.11 0.92 21.85 3.31 45.408213 11.889569 0
6.04 -7.44 1.58 22.09 3.31 45.408213 11.889569 1
5.89 -7.41 1.66 22.38 3.31 45.408213 11.889569 0
5.55 -7.26 1.55 22.24 3.31 45.408213 11.889569 1
5.64 -8.08 1.75 22.71 3.31 45.408213 11.889569 1
5.95 -7.96 1.21 21.92 3.31 45.408213 11.889569 1
6.09 -7.76 1.51 22.35 3.31 45.408213 11.889569 1
6.16 -7.67 1.58 21.93 3.31 45.408213 11.889569 1
5.85 -7.3 1.66 21.92 3.31 45.408213 11.889569 1
5.94 -7.71 1.63 22.54 3.31 45.408213 11.889569 1
