5.74 -7.85 1.89 22.24 2.71 45.408201 11.889499 1
5.92 -7.59 2.03 21.78 2.71 45.408201 11.889499 1
6.02 -7.83 1.87 21.61 2.71 45.408201 11.889499 1
5.74 -7.77 1.71 21.93 2.71 45.408201 11.889499 1
5.98 -8.39 1.81 22.33 2.71 45.408201 11.889499 1
5.49 -7.94 1.65 21.93 2.71 45.408201 11.889499 1
5.55 -7.85 1.91 21.52 2.71 45.408201 11.889499 1
5.72 -7.92 1.78 22.07 2.71 45.408201 11.889499 1
5.71 -7.61 1.78 22.11 3.19 45.408186 11.889459 0
5.82 -8.02 1.69 21.68 3.19 45.408186 11.889459 1
5.88 -7.84 1.69 21.97 3.19 45.408186 11.889459 0
6.34 -8.02 1.68 21.97 3.19 45.408186 11.889459 1
5.82 -7.69 1.73 22.02 3.19 45.408186 11.889459 1
5.41 -8.26 1.61 21.47 3.19 45.408186 11.889459 1
6.12 -7.78 1.8 21.37 3.19 45.408186 11.889459 1
5.98 -7.75 1.99 21.68 3.19 45.408186 11.889459 1
5.89 -7.86 2.23 21.99 3.19 45.408186 11.889459 1
5.55 -8.23 1.91 22.02 3.19 45.408186 11.889459 1
5.55 -8.23 1.91 22.02 3.19 45.408186 11.889459 1
5.55 -8.23 1.9 22.02 3.19 45.408186 11.889459 1
5.56 -8.24 1.91 22.02 3.19 45.408186 11.889459 1
5.55 -8.23 1.91 22.01 3.19 45.408186 11.889459 1
5.55 -8.23 1.9 22.03 3.19 45.408186 11.889459 1
5.55 -8.23 1.9 22.02 3.19 45.408186 11.889459 1
5.55 -8.24 1.9 22.03 3.19 45.408186 11.889459 1
5.55 -8.24 1.91 22.02 3.19 45.408186 11.889459 1
5.55 -8.24 1.9 22.03 3.19 45.408186 11.889459 1
5.55 -8.23 1.92 22.02 3.19 45.408186 11.889459 1
5.55 -8.24 1.91 22.02 3.19 45.408186 11.889459 1
5.55 -8.23 1.9 22.02 3.19 45.408186 11.889459 1
5.56 -8.24 1.91 22.01 3.19 45.408186 11.889459 1
5.56 -8.22 1.9 22.02 3.19 45.408186 11.889459 1
5.56 -8.23 1.91 22.03 3.19 45.408186 11.889459 1
5.56 -8.22 1.9 22.02 3.19 45.408186 11.889459 1
5.55 -8.23 1.9 22.02 3.19 45.408186 11.889459 1
