6.09 -7.99 1.74 22.14 3.31 45.408213 11.889569 1
6.1 -7.45 1.78 21.69 3.31 45.408213 11.889569 1
6.05 -7.81 1.66 22.19 3.31 45.408213 11.889569 1
5.92 -7.86 1.59 22.19 3.31 45.408213 11.889569 1
5.73 -8.01 1.77 22.04 3.31 45.408213 11.889569 1
5.58 -8.06 1.64 22.91 3.31 45.408213 11.889569 1
5.34 -8.14 2.05 21.45 3.31 45.408213 11.889569 1
5.61 -8.0 1.8 22.84 3.31 45.408213 11.889569 1
5.44 -8.0 1.79 21.92 3.27 45.408206 11.889530 0
6.25 -7.98 2.03 21.95 3.27 45.408206 11.889530 1
5.95 -7.61 1.87 21.97 3.27 45.408206 11.889530 0
5.87 -7.64 1.78 22.43 3.27 45.408206 11.889530 1
6.2 -7.73 2.13 21.73 3.27 45.408206 11.889530 1
5.79 -7.23 2.36 22.19 3.27 45.408206 11.889530 1
5.73 -8.6 1.8 21.44 3.27 45.408206 11.889530 1
5.88 -7.97 1.95 22.0 3.27 45.408206 11.889530 1
5.73 -7.42 1.97 22.62 3.27 45.408206 11.889530 1
5.54 -7.68 1.97 22.55 3.27 45.408206 11.889530 1
5.84 -8.06 1.83 21.63 3.27 45.408206 11.889530 1
6.0 -7.95 1.92 22.5 3.27 45.408206 11.889530 1
5.99 -7.94 1.53 22.59 3.27 45.408206 11.889530 1
5.73 -7.77 1.41 22.26 3.27 45.408206 11.889530 1
5.99 -8.03 1.78 22.24 3.27 45.408206 11.889530 1
6.27 -7.51 1.67 22.14 3.27 45.408206 11.889530 1
6.06 -7.82 1.67 21.92 3.27 45.408206 11.889530 1
6.05 -8.24 1.84 22.43 2.71 45.408201 11.889499 0
5.94 -7.82 1.72 22.02 2.71 45.408201 11.889499 1
5.75 -7.93 1.66 22.43 2.71 45.408201 11.889499 0
5.86 -7.92 1.42 21.97 2.71 45.408201 11.889499 1
5.57 -8.08 1.58 21.92 2.71 45.408201 11.889499 1
5.43 -8.14 1.76 21.52 2.71 45.408201 11.889499 1
5.87 -7.95 1.63 21.92 2.71 45.408201 11.889499 1
6.15 -7.95 1.84 21.52 2.71 45.408201 11.889499 1
6.0 -7.89 1.9 22.09 2.71 45.408201 11.889499 1
6.05 -7.63 1.7 22.29 2.71 45.408201 11.889499 1
