5.77 -8.2 1.86 22.42 2.54 45.408361 11.890069 0
5.9 -7.97 1.53 22.55 2.54 45.408361 11.890069 1
5.87 -7.63 1.39 22.17 2.54 45.408361 11.890069 1
6.06 -7.73 1.78 21.71 2.54 45.408361 11.890069 1
5.97 -7.69 1.76 22.04 2.54 45.408361 11.890069 1
6.26 -7.88 1.93 22.09 2.54 45.408361 11.890069 1
6.33 -7.43 1.51 21.54 2.54 45.408361 11.890069 1
6.14 -7.69 1.71 21.78 2.54 45.408361 11.890069 1
5.88 -7.92 1.59 21.33 2.54 45.408361 11.890069 0
5.84 -7.78 1.58 21.83 2.54 45.408361 11.890069 1
5.84 -7.95 1.57 21.92 2.54 45.408361 11.890069 0
5.51 -8.06 1.41 21.42 2.54 45.408361 11.890069 1
5.43 -8.09 1.64 21.87 2.54 45.408361 11.890069 1
5.87 -8.1 1.76 21.33 2.54 45.408361 11.890069 1
5.99 -7.41 2.2 21.83 2.54 45.408361 11.890069 1
6.17 -7.99 1.77 21.88 2.54 45.408361 11.890069 1
5.77 -7.77 1.72 22.04 2.54 45.408361 11.890069 1
6.24 -7.58 1.85 22.09 2.54 45.408361 11.890069 1
6.42 -7.41 2.03 22.07 2.54 45.408361 11.890069 1
6.03 -7.49 1.97 22.04 2.54 45.408361 11.890069 1
6.26 -8.0 1.93 22.04 2.54 45.408361 11.890069 1
6.31 -7.56 1.92 22.05 2.54 45.408361 11.890069 1
6.11 -7.55 1.88 22.52 2.54 45.408361 11.890069 1
5.97 -7.58 1.96 22.09 2.54 45.408361 11.890069 1
5.89 -7.98 2.0 21.78 2.54 45.408361 11.890069 1
5.82 -8.06 2.12 21.93 2.66 45.408353 11.890041 0
5.63 -7.71 2.15 21.97 2.66 45.408353 11.890041 1
5.96 -7.77 1.7 21.93 2.66 45.408353 11.890041 0
6.18 -7.76 1.79 21.99 2.66 45.408353 11.890041 1
5.88 -7.82 1.76 21.47 2.66 45.408353 11.890041 1
5.64 -7.78 1.47 21.52 2.66 45.408353 11.890041 1
5.92 -7.97 1.82 21.93 2.66 45.408353 11.890041 1
6.25 -7.94 1.9 21.87 2.66 45.408353 11.890041 1
6.2 -7.57 1.87 22.04 2.66 45.408353 11.890041 1
5.99 -7.6 1.84 22.09 2.66 45.408353 11.890041 1
