5.37 -8.03 1.85 21.9 3.27 45.408249 11.889648 1 1
4.83 -7.1 1.94 21.87 3.27 45.408249 11.889648 1 1
7.08 -5.93 1.61 20.55 2.33 45.408241 11.889617 0 1
8.33 -7.42 1.47 21.08 2.33 45.408241 11.889617 1 1
6.09 -10.32 1.93 22.43 2.33 45.408241 11.889617 0 1
4.26 -9.42 1.99 25.06 2.33 45.408241 11.889617 1 1
4.61 -5.6 1.45 28.07 2.33 45.408241 11.889617 1 1
4.29 -5.48 1.91 29.17 2.33 45.408241 11.889617 1 1
3.74 -9.12 3.28 23.6 2.33 45.408241 11.889617 1 1
5.5 -10.21 3.08 23.38 2.33 45.408241 11.889617 1 1
7.37 -8.06 1.12 22.23 2.33 45.408241 11.889617 1 1
6.75 -7.15 0.2 21.54 2.33 45.408241 11.889617 1 1
5.78 -7.87 1.22 24.15 2.33 45.408241 11.889617 1 1
6.11 -7.74 2.15 21.87 2.33 45.408241 11.889617 1 1
6.14 -7.21 2.01 21.59 2.33 45.408241 11.889617 1 1
5.51 -7.56 1.75 22.45 2.33 45.408241 11.889617 1 1
5.47 -8.03 1.78 22.47 2.33 45.408241 11.889617 1 1
5.78 -7.97 1.7 21.97 2.33 45.408241 11.889617 1 1
5.81 -7.88 1.54 21.95 2.33 45.408241 11.889617 1 1
5.96 -7.86 1.51 21.83 2.28 45.408243 11.889589 0 1
6.18 -7.74 1.59 21.95 2.28 45.408243 11.889589 1 1
6.03 -7.69 1.74 22.02 2.28 45.408243 11.889589 0 1
5.83 -7.73 1.8 22.09 2.28 45.408243 11.889589 1 1
5.94 -7.8 1.67 21.97 2.28 45.408243 11.889589 1 1
6.11 -8.03 1.61 22.21 2.28 45.408243 11.889589 1 1
6.02 -8.19 1.77 21.83 2.28 45.408243 11.889589 1 1
5.67 -8.05 1.76 22.79 2.28 45.408243 11.889589 1 1
5.36 -7.91 1.56 22.11 2.28 45.408243 11.889589 1 1
5.55 -7.98 1.61 23.31 2.28 45.408243 11.889589 1 1
5.99 -8.0 1.91 22.04 2.28 45.408243 11.889589 1 1
5.88 -7.89 2.05 22.52 2.28 45.408243 11.889589 1 1
5.4 -7.78 2.07 22.29 2.28 45.408243 11.889589 1 1
5.43 -7.74 2.08 21.59 2.28 45.408243 11.889589 1 1
5.87 -7.91 1.92 21.9 2.28 45.408243 11.889589 1 1
5.98 -8.18 1.72 21.92 2.28 45.408243 11.889589 1 1
