5.55 -7.72 2.17 22.67 3.09 45.868637 12.306897 0 0
6.25 -7.7 2.26 23.87 3.09 45.868637 12.306897 0 0
5.81 -7.86 2.11 23.36 3.09 45.868637 12.306897 0 0
5.89 -8.05 1.24 22.93 3.09 45.868637 12.306897 0 0
5.39 -8.07 1.18 22.78 3.09 45.868637 12.306897 0 0
5.79 -7.98 1.45 22.62 3.09 45.868637 12.306897 0 0
6.25 -8.03 1.86 22.93 3.09 45.868637 12.306897 0 0
5.88 -7.5 1.6 22.17 3.09 45.868637 12.306897 0 0
6.03 -7.83 1.84 22.78 3.09 45.868637 12.306897 0 0
5.83 -7.29 1.78 23.1 3.25 45.868611 12.306909 1 0
6.17 -7.65 1.93 22.24 3.25 45.868611 12.306909 0 0
6.05 -8.37 1.75 22.78 3.25 45.868611 12.306909 1 0
5.41 -7.61 1.75 22.74 3.25 45.868611 12.306909 0 0
5.44 -8.12 1.58 22.57 3.25 45.868611 12.306909 0 0
5.96 -8.52 1.59 23.08 3.25 45.868611 12.306909 0 0
6.12 -7.87 1.67 22.93 3.25 45.868611 12.306909 0 0
5.69 -7.62 1.88 24.04 3.25 45.868611 12.306909 0 0
5.64 -7.41 2.14 23.5 3.25 45.868611 12.306909 0 0
6.41 -8.09 2.19 23.05 3.25 45.868611 12.306909 0 0
5.66 -8.44 2.25 23.05 3.25 45.868611 12.306909 0 0
5.75 -8.28 2.12 22.72 3.25 45.868611 12.306909 0 0
5.71 -7.53 1.77 22.83 3.25 45.868611 12.306909 0 0
5.53 -7.8 1.63 22.78 3.25 45.868611 12.306909 0 0
5.68 -7.78 1.68 22.81 3.25 45.868611 12.306909 0 0
5.92 -7.79 1.64 23.27 3.25 45.868611 12.306909 0 0
6.05 -7.98 1.9 23.14 3.27 45.868583 12.306921 1 0
5.69 -7.92 1.87 22.76 3.27 45.868583 12.306921 0 0
5.78 -7.44 1.82 22.9 3.27 45.868583 12.306921 1 0
6.13 -7.59 1.97 22.67 3.27 45.868583 12.306921 0 0
6.13 -7.81 1.68 22.47 3.27 45.868583 12.306921 0 0
5.83 -8.37 1.9 23.02 3.27 45.868583 12.306921 0 0
5.55 -8.11 2.03 23.68 3.27 45.868583 12.306921 0 0
5.67 -7.68 1.85 23.31 3.27 45.868583 12.306921 0 0
5.87 -7.84 1.71 22.47 3.27 45.868583 12.306921 0 0
5.99 -7.78 1.71 22.72 3.27 45.868583 12.306921 0 0
