6.51 -7.54 1.13 23.46 3.46 45.868076 12.307056 0 1
6.03 -7.97 1.63 24.88 3.46 45.868076 12.307056 0 1
5.06 -8.35 2.56 22.9 3.46 45.868076 12.307056 0 1
6.68 -8.22 2.55 23.05 3.46 45.868076 12.307056 0 1
6.05 -7.12 1.43 22.66 3.46 45.868076 12.307056 0 1
5.88 -7.66 1.83 25.45 3.46 45.868076 12.307056 0 1
5.13 -9.07 2.61 23.8 3.46 45.868076 12.307056 0 1
6.52 -8.3 0.93 23.91 3.46 45.868076 12.307056 0 1
6.65 -7.62 0.93 23.58 3.46 45.868076 12.307056 0 1
5.88 -8.88 1.72 25.16 3.46 45.868076 12.307056 0 1
6.27 -7.04 1.32 24.56 3.46 45.868076 12.307056 0 1
4.58 -6.98 1.91 23.43 3.46 45.868076 12.307056 0 1
5.3 -7.57 2.36 22.78 3.46 45.868076 12.307056 0 1
6.0 -8.16 1.66 22.95 3.44 45.868044 12.307064 1 1
6.13 -9.84 1.9 23.82 3.44 45.868044 12.307064 0 1
6.44 -6.75 1.81 23.15 3.44 45.868044 12.307064 1 1
5.58 -6.9 1.01 23.31 3.44 45.868044 12.307064 0 1
4.86 -7.89 1.39 22.57 3.44 45.868044 12.307064 0 1
6.11 -7.75 0.71 22.66 3.44 45.868044 12.307064 0 1
6.38 -7.64 1.73 22.9 3.44 45.868044 12.307064 0 1
5.72 -8.02 2.45 22.93 3.44 45.868044 12.307064 0 1
5.41 -7.53 3.14 22.76 3.44 45.868044 12.307064 0 1
6.49 -8.3 1.8 23.12 3.44 45.868044 12.307064 0 1
6.48 -8.23 3.08 24.83 3.44 45.868044 12.307064 0 1
5.41 -8.04 2.01 22.72 3.44 45.868044 12.307064 0 1
5.74 -8.81 1.83 23.94 3.44 45.868044 12.307064 0 1
4.4 -7.41 2.29 23.55 3.44 45.868044 12.307064 0 1
6.2 -8.8 1.87 24.22 3.44 45.868044 12.307064 0 1
6.07 -6.59 2.42 131.21 3.44 45.868044 12.307064 0 1
5.66 -7.5 2.72 23.68 3.31 45.868014 12.307071 1 1
5.87 -7.05 2.31 22.86 3.31 45.868014 12.307071 0 1
6.46 -7.69 1.94 62.72 3.31 45.868014 12.307071 1 1
5.58 -7.41 1.49 23.07 3.31 45.868014 12.307071 0 1
5.24 -6.55 1.61 23.22 3.31 45.868014 12.307071 0 1
3.64 -7.38 2.4 22.91 3.31 45.868014 12.307071 0 1
