4.44 -9.99 1.35 23.38 3.42 45.868261 12.307009 1 1
6.76 -8.69 1.47 24.08 3.42 45.868261 12.307009 0 1
4.43 -7.55 1.53 25.98 3.42 45.868261 12.307009 1 1
4.46 -5.2 2.24 23.99 3.42 45.868261 12.307009 0 1
6.53 -10.82 2.83 23.07 3.42 45.868261 12.307009 0 1
7.15 -8.91 1.56 21.71 3.42 45.868261 12.307009 0 1
5.37 -9.32 0.79 22.21 3.42 45.868261 12.307009 0 1
6.88 -8.24 2.49 22.72 3.42 45.868261 12.307009 0 1
5.48 -8.71 1.64 25.14 3.42 45.868261 12.307009 0 1
5.14 -6.62 1.15 24.42 3.42 45.868261 12.307009 0 1
4.13 -4.15 1.5 23.03 3.42 45.868261 12.307009 0 1
6.85 -12.25 2.63 21.51 3.42 45.868261 12.307009 0 1
6.18 -12.8 1.57 24.4 3.42 45.868261 12.307009 0 1
4.54 -7.31 3.8 24.88 3.42 45.868261 12.307009 0 1
6.49 -5.86 1.91 23.07 3.42 45.868261 12.307009 0 1
6.72 -5.79 1.47 23.14 3.42 45.868261 12.307009 0 1
6.05 -7.85 2.37 27.15 3.42 45.868261 12.307009 0 1
5.34 -9.53 1.9 23.38 3.44 45.868230 12.307017 1 1
4.87 -7.64 1.84 23.44 3.44 45.868230 12.307017 0 1
6.09 -7.1 1.53 23.75 3.44 45.868230 12.307017 1 1
7.37 -8.62 2.74 23.39 3.44 45.868230 12.307017 0 1
7.25 -9.13 1.99 22.91 3.44 45.868230 12.307017 0 1
6.96 -8.23 1.61 24.13 3.44 45.868230 12.307017 0 1
5.12 -6.69 2.35 23.63 3.44 45.868230 12.307017 0 1
5.26 -7.43 1.33 24.63 3.44 45.868230 12.307017 0 1
4.49 -9.34 2.04 23.14 3.44 45.868230 12.307017 0 1
4.48 -8.47 0.81 25.64 3.44 45.868230 12.307017 0 1
5.13 -8.04 2.4 23.86 3.44 45.868230 12.307017 0 1
7.15 -8.5 1.62 23.34 3.44 45.868230 12.307017 0 1
5.71 -8.38 1.8 22.93 3.44 45.868230 12.307017 0 1
7.08 -8.65 1.52 23.1 3.44 45.868230 12.307017 0 1
5.37 -8.57 0.96 23.94 3.44 45.868230 12.307017 0 1
5.91 -8.41 -0.37 24.75 3.44 45.868230 12.307017 0 1
6.79 -8.03 2.18 23.27 3.44 45.868230 12.307017 0 1
4.44 -9.65 1.87 22.98 3.53 45.868198 12.307025 1 1
