6.54 -7.09 1.83 22.05 1.44 45.405679 11.882913 0
4.88 -7.16 2.42 22.33 1.44 45.405679 11.882913 0
6.48 -8.49 1.73 22.0 1.44 45.405679 11.882913 0
5.45 -7.71 2.34 21.99 1.44 45.405679 11.882913 0
6.73 -9.26 2.13 21.8 1.44 45.405679 11.882913 0
5.92 -7.32 1.15 23.91 1.44 45.405679 11.882913 0
4.3 -6.84 2.22 22.54 1.44 45.405679 11.882913 0
5.62 -5.84 1.59 22.59 1.44 45.405679 11.882913 0
6.31 -8.35 1.4 22.91 1.44 45.405679 11.882913 0
6.51 -7.72 1.23 21.54 1.44 45.405679 11.882913 0
5.14 -8.73 0.95 21.63 1.44 45.405679 11.882913 0
5.19 -9.53 1.52 21.45 1.44 45.405679 11.882913 0
5.66 -6.38 1.58 22.0 1.9 45.405671 11.882889 1
7.35 -7.91 1.11 22.16 1.9 45.405671 11.882889 0
5.82 -6.39 1.94 22.14 1.9 45.405671 11.882889 1
6.94 -10.44 2.13 22.47 1.9 45.405671 11.882889 0
3.99 -6.08 1.5 22.81 1.9 45.405671 11.882889 0
6.12 -7.74 1.83 22.38 1.9 45.405671 11.882889 0
7.23 -6.87 1.87 21.2 1.9 45.405671 11.882889 0
6.15 -8.11 2.19 21.28 1.9 45.405671 11.882889 0
5.95 -9.07 2.19 21.8 1.9 45.405671 11.882889 0
6.12 -8.38 1.18 21.75 1.9 45.405671 11.882889 0
4.51 -6.75 2.0 23.68 1.9 45.405671 11.882889 0
5.87 -6.85 1.57 22.02 1.9 45.405671 11.882889 0
6.32 -8.7 1.9 22.02 1.9 45.405671 11.882889 0
6.39 -9.22 1.88 22.76 1.9 45.405671 11.882889 0
5.81 -6.61 1.77 22.11 1.9 45.405671 11.882889 0
6.93 -8.06 1.1 22.57 1.9 45.405671 11.882889 0
6.08 -6.07 2.24 24.71 1.9 45.405671 11.882889 0
5.43 -7.9 1.68 21.64 2.49 45.405658 11.882859 1
6.56 -8.44 1.83 21.92 2.49 45.405658 11.882859 0
6.51 -8.13 2.01 20.92 2.49 45.405658 11.882859 1
5.48 -7.82 1.44 21.37 2.49 45.405658 11.882859 0
6.17 -8.2 1.39 21.75 2.49 45.405658 11.882859 0
5.96 -7.46 1.78 21.75 2.49 45.405658 11.882859 0
