6.67 -8.12 1.73 22.11 1.33 45.405693 11.882944 0
9.5 -6.8 1.21 22.81 1.33 45.405693 11.882944 0
6.22 -8.15 1.5 21.54 1.33 45.405693 11.882944 0
5.82 -7.81 1.43 21.97 1.33 45.405693 11.882944 0
5.51 -7.45 2.67 21.92 1.33 45.405693 11.882944 0
5.6 -8.29 2.56 22.0 1.33 45.405693 11.882944 0
6.89 -7.03 2.01 21.44 1.33 45.405693 11.882944 0
6.98 -8.66 3.68 22.93 1.33 45.405693 11.882944 0
5.95 -7.85 1.37 22.31 1.33 45.405693 11.882944 0
5.67 -7.96 1.68 22.62 1.33 45.405693 11.882944 0
5.13 -7.44 2.08 22.66 1.33 45.405693 11.882944 0
6.07 -7.39 0.73 24.18 1.33 45.405693 11.882944 0
6.48 -7.82 1.88 21.88 1.74 45.405679 11.882930 1
5.98 -8.01 1.4 20.94 1.74 45.405679 11.882930 0
5.53 -8.98 0.73 21.64 1.74 45.405679 11.882930 1
6.43 -7.37 1.4 22.26 1.74 45.405679 11.882930 0
6.09 -7.91 2.37 22.12 1.74 45.405679 11.882930 0
6.47 -7.9 1.55 21.99 1.74 45.405679 11.882930 0
6.32 -6.99 1.74 21.75 1.74 45.405679 11.882930 0
5.95 -9.97 1.55 22.4 1.74 45.405679 11.882930 0
5.74 -7.36 1.22 21.95 1.74 45.405679 11.882930 0
6.41 -7.2 2.11 21.56 1.74 45.405679 11.882930 0
6.2 -6.65 1.76 22.96 1.74 45.405679 11.882930 0
5.81 -7.45 1.52 21.69 1.74 45.405679 11.882930 0
6.25 -8.28 1.52 22.16 1.74 45.405679 11.882930 0
5.5 -7.95 1.4 21.75 1.74 45.405679 11.882930 0
5.86 -7.16 0.88 21.4 1.74 45.405679 11.882930 0
6.7 -8.56 1.18 22.76 1.74 45.405679 11.882930 0
5.2 -8.75 1.88 22.36 1.74 45.405679 11.882930 0
5.79 -8.08 1.59 21.25 1.44 45.405679 11.882913 1
5.38 -6.73 1.97 21.57 1.44 45.405679 11.882913 0
5.51 -7.33 1.21 21.99 1.44 45.405679 11.882913 1
7.05 -8.29 0.45 22.26 1.44 45.405679 11.882913 0
6.52 -7.61 1.66 23.02 1.44 45.405679 11.882913 0
6.05 -8.24 1.84 22.52 1.44 45.405679 11.882913 0
