5.7 -7.95 2.19 22.55 0.27 45.405727 11.882999 0
5.61 -7.95 2.03 22.52 0.27 45.405727 11.882999 0
5.88 -7.87 2.01 22.67 0.27 45.405727 11.882999 0
5.64 -8.0 2.22 22.64 0.27 45.405727 11.882999 0
5.61 -7.97 2.37 22.69 0.27 45.405727 11.882999 0
5.56 -7.99 2.12 22.71 0.27 45.405727 11.882999 0
5.64 -7.99 2.21 22.71 0.27 45.405727 11.882999 0
5.6 -7.98 2.14 22.71 0.27 45.405727 11.882999 0
5.35 -8.14 2.05 22.71 0.27 45.405727 11.882999 0
5.52 -8.1 2.05 22.71 0.27 45.405727 11.882999 0
5.29 -8.14 2.08 22.67 0.27 45.405727 11.882999 0
5.42 -8.15 2.06 22.54 0.27 45.405727 11.882999 0
5.7 -8.08 1.9 22.5 0.11 45.405723 11.883004 1
5.94 -7.82 2.1 22.52 0.11 45.405723 11.883004 0
6.21 -7.51 2.08 22.88 0.11 45.405723 11.883004 1
5.68 -7.77 2.29 22.35 0.11 45.405723 11.883004 0
6.38 -7.45 2.16 22.31 0.11 45.405723 11.883004 0
7.74 -6.4 2.19 22.29 0.11 45.405723 11.883004 0
9.38 -6.0 2.71 21.85 0.11 45.405723 11.883004 0
8.8 -5.33 2.39 23.22 0.11 45.405723 11.883004 0
7.52 -5.43 1.89 22.42 0.11 45.405723 11.883004 0
6.25 -7.21 1.68 22.6 0.11 45.405723 11.883004 0
4.88 -8.76 1.4 22.35 0.11 45.405723 11.883004 0
5.09 -8.64 2.06 22.24 0.11 45.405723 11.883004 0
6.44 -7.39 2.11 22.17 0.11 45.405723 11.883004 0
7.31 -7.0 2.03 21.97 0.11 45.405723 11.883004 0
7.95 -6.61 1.85 21.95 0.11 45.405723 11.883004 0
7.5 -6.69 1.59 21.8 0.11 45.405723 11.883004 0
6.62 -8.0 2.21 22.04 0.11 45.405723 11.883004 0
5.28 -8.55 2.1 21.68 0.11 45.405723 11.883004 0
5.42 -7.92 1.8 22.09 0.11 45.405722 11.883000 1
6.5 -7.15 1.5 22.76 0.11 45.405722 11.883000 0
6.74 -6.91 1.74 22.55 0.11 45.405722 11.883000 1
6.72 -7.46 1.8 23.84 0.11 45.405722 11.883000 0
6.62 -7.59 1.68 22.36 0.11 45.405722 11.883000 0
