6.8 -6.98 2.01 22.71 0.11 45.405722 11.883000 0
6.74 -6.41 2.6 21.92 0.11 45.405722 11.883000 0
6.99 -6.52 2.43 21.59 0.11 45.405722 11.883000 0
6.42 -8.11 2.45 22.31 0.11 45.405722 11.883000 0
5.24 -9.49 1.48 22.05 0.11 45.405722 11.883000 0
5.82 -8.4 1.41 21.81 0.11 45.405722 11.883000 0
6.07 -7.87 1.98 22.33 0.11 45.405722 11.883000 0
5.63 -7.46 1.94 22.81 0.11 45.405722 11.883000 0
6.0 -7.52 2.32 21.95 0.11 45.405722 11.883000 0
6.45 -7.3 1.53 21.75 0.11 45.405722 11.883000 0
5.91 -8.25 1.45 21.69 0.11 45.405722 11.883000 0
5.39 -8.92 1.22 21.95 0.11 45.405722 11.883000 0
5.9 -7.6 1.93 22.23 0.23 45.405722 11.882994 1
6.25 -6.95 2.07 21.8 0.23 45.405722 11.882994 0
6.17 -7.46 1.51 21.8 0.23 45.405722 11.882994 1
5.82 -7.35 1.68 23.17 0.23 45.405722 11.882994 0
6.24 -7.78 1.98 23.12 0.23 45.405722 11.882994 0
6.06 -8.4 1.63 22.67 0.23 45.405722 11.882994 0
5.95 -7.47 1.98 22.29 0.23 45.405722 11.882994 0
5.84 -7.04 1.98 22.05 0.23 45.405722 11.882994 0
6.41 -7.68 1.54 21.69 0.23 45.405722 11.882994 0
6.04 -8.3 2.03 21.69 0.23 45.405722 11.882994 0
6.22 -8.42 1.65 22.96 0.23 45.405722 11.882994 0
6.05 -8.17 1.69 22.07 0.23 45.405722 11.882994 0
5.57 -7.28 2.31 22.52 0.23 45.405722 11.882994 0
5.79 -7.01 1.68 21.39 0.23 45.405722 11.882994 0
5.68 -7.97 1.67 21.64 0.23 45.405722 11.882994 0
5.63 -8.86 2.14 22.11 0.23 45.405722 11.882994 0
6.12 -8.09 1.09 21.85 0.23 45.405722 11.882994 0
6.01 -6.59 1.37 21.9 1.04 45.405712 11.882973 1
6.04 -7.26 1.75 21.99 1.04 45.405712 11.882973 0
5.39 -8.36 1.65 22.35 1.04 45.405712 11.882973 0
5.7 -8.64 2.15 22.62 1.04 45.405712 11.882973 1
6.01 -7.89 1.73 23.58 1.04 45.405712 11.882973 0
6.19 -6.62 1.44 22.47 1.04 45.405712 11.882973 0
