6.11 -7.52 1.98 22.29
5.98 -7.61 2.24 21.90
6.08 -8.08 2.19 22.81
5.76 -8.10 2.08 22.47
5.72 -8.22 1.79 22.96
5.40 -7.95 1.57 22.57
5.55 -8.40 2.02 22.43
5.80 -7.87 2.21 22.50
5.80 -8.19 2.00 22.05
5.74 -8.26 2.01 22.55
6.01 -7.87 2.02 22.64
5.92 -7.67 2.10 21.97
6.11 -7.70 2.10 22.12 3.27  45.406366 11.895060
6.13 -8.13 1.73 21.88
5.34 -7.78 1.25 22.28 3.27  45.406366 11.895060
6.08 -8.27 1.03 22.26
6.27 -8.06 1.63 21.88
5.52 -8.02 1.98 21.42
5.48 -7.64 2.42 21.93
5.91 -7.72 1.97 21.59
5.94 -7.79 1.52 22.05
5.80 -7.91 1.31 22.00
6.15 -7.93 1.34 22.38
5.98 -7.60 1.27 21.49
5.88 -7.67 1.61 21.54
5.94 -8.01 1.55 22.02
5.54 -7.80 1.73 22.02
5.68 -7.73 1.69 22.09
6.03 -7.90 1.48 22.00
5.85 -8.11 1.65 22.91 2.35  45.406369 11.895087
5.52 -7.90 1.76 22.52
5.55 -7.97 1.85 22.50 2.35  45.406369 11.895087
5.89 -7.90 2.00 21.95
5.95 -7.98 1.92 21.92
5.93 -8.06 1.80 21.97
5.82 -7.92 1.47 21.63
5.64 -7.66 1.69 21.95
6.00 -7.67 1.79 22.96
5.86 -8.30 1.76 22.00
6.04 -8.15 1.47 22.11
5.67 -7.61 1.58 22.12
5.78 -7.84 1.69 21.64
5.81 -7.67 1.71 21.95
5.89 -8.13 1.61 21.95
5.81 -7.94 1.74 21.97
5.69 -7.97 1.69 21.95
6.01 -7.77 1.44 21.90
5.96 -7.81 1.81 21.83 2.75  45.406373 11.895118
5.94 -7.61 1.66 21.99
6.05 -7.83 1.67 22.50 2.75  45.406373 11.895118
6.15 -7.95 1.36 22.02
5.88 -7.92 1.31 22.50
5.38 -7.85 1.86 22.40
6.09 -7.98 2.04 21.88
6.18 -7.71 1.98 22.04
6.31 -8.11 1.34 21.95
5.74 -7.34 1.90 22.42
6.07 -7.95 1.79 22.40
5.94 -7.80 1.81 25.16
6.08 -7.48 2.00 21.61
6.01 -7.42 2.30 22.05
6.02 -7.87 1.68 22.05
5.96 -7.89 1.81 22.09
5.70 -7.84 1.63 22.05
5.54 -8.18 1.71 22.00 3.04  45.406375 11.895150
5.85 -7.64 1.75 21.83
5.74 -8.17 1.85 22.24 3.04  45.406375 11.895150
5.70 -8.02 1.81 21.93
5.85 -8.17 1.92 22.35
5.71 -7.76 1.62 21.88
5.99 -7.67 1.76 22.05
6.00 -7.83 1.90 21.95
5.88 -7.74 1.51 22.96
5.37 -8.10 1.89 21.95
5.98 -8.02 1.75 22.71
5.83 -7.77 1.88 21.97
5.88 -7.98 1.57 22.50
5.70 -7.77 1.57 22.19
5.62 -7.84 1.87 22.16
5.66 -7.63 1.60 22.52
5.94 -8.26 2.12 21.93
5.94 -7.62 1.79 21.95
6.00 -8.10 1.69 22.40 2.80  45.406374 11.895184
5.90 -7.91 1.60 22.00
5.64 -8.05 1.77 22.48 2.80  45.406374 11.895184
5.89 -7.85 1.76 24.13
5.74 -8.10 1.91 21.47
5.93 -8.15 1.82 22.26
5.89 -8.05 1.90 21.85
5.77 -7.95 1.61 22.43
5.84 -7.67 1.81 22.07
5.62 -7.81 1.93 22.90
6.01 -7.87 1.91 22.47
5.88 -7.89 1.94 21.90
5.81 -8.07 1.79 22.79
5.85 -8.15 1.79 22.47
5.68 -7.69 1.67 22.09
5.70 -7.55 1.88 22.09
5.23 -7.90 1.88 22.07
6.25 -7.90 1.93 21.64 2.73  45.406376 11.895216
6.01 -8.34 1.81 21.64
6.19 -7.98 1.81 22.54 2.73  45.406376 11.895216
5.66 -7.50 1.77 22.48
5.46 -7.46 1.72 23.31
5.92 -7.36 1.85 21.99
6.18 -8.65 1.79 21.64
6.09 -8.63 1.64 22.09
5.59 -8.41 1.57 22.00
5.43 -7.37 1.60 22.11
5.66 -7.50 1.64 22.02
5.83 -7.73 2.02 22.35
6.04 -8.10 1.71 21.95
5.74 -7.96 1.82 22.47
5.62 -7.83 1.76 22.07
5.56 -7.64 1.69 22.11
5.92 -7.79 1.81 21.95
6.13 -7.95 1.68 21.99
7.11 -7.96 2.05 22.91 3.14  45.406375 11.895255
4.77 -7.65 1.52 22.64
5.20 -7.47 1.80 23.20 3.14  45.406375 11.895255
6.06 -7.87 1.74 21.64
5.49 -7.97 1.79 21.61
5.82 -10.46 1.72 20.73
6.37 -7.70 2.02 22.42
4.84 -6.75 1.94 22.47
5.26 -7.14 1.96 24.71
5.87 -7.07 1.62 22.98
6.01 -6.96 1.65 22.16
6.16 -9.82 1.82 22.26
5.99 -8.51 1.70 22.86
5.63 -8.21 1.61 22.26
5.50 -7.41 1.68 22.33
5.74 -7.34 1.68 22.71
6.08 -8.09 1.78 22.04
6.09 -8.00 1.71 22.29 3.03  45.406376 11.895293
5.55 -8.57 1.84 21.92
5.55 -8.26 1.72 21.97 3.03  45.406376 11.895293
5.77 -7.61 1.73 22.04
5.91 -7.68 1.74 21.99
5.86 -7.95 1.64 22.00
6.03 -7.99 1.71 23.26
5.50 -7.92 1.74 21.99
5.86 -8.17 1.83 22.00
5.61 -7.78 1.82 21.95
5.90 -7.84 1.76 22.81
5.62 -7.98 1.82 22.42
5.82 -7.64 1.76 22.47
5.50 -7.78 1.66 22.81
5.49 -7.85 1.96 22.31
5.95 -8.23 1.65 22.31
5.83 -7.84 1.72 21.85
5.65 -7.99 2.01 22.35
5.58 -7.84 1.68 22.72 3.27  45.406376 11.895333
5.66 -7.64 1.71 22.24
5.96 -8.12 1.49 21.88 3.27  45.406376 11.895333
5.82 -7.95 1.81 21.90
5.68 -8.11 2.10 22.45
5.38 -7.89 2.08 21.88
5.65 -7.96 1.66 21.88
5.34 -8.25 1.99 22.05
5.71 -8.02 1.43 22.00
6.08 -7.70 1.52 21.95
5.88 -8.16 1.87 22.48
5.80 -8.15 1.64 22.36
6.11 -7.74 1.03 22.96
5.14 -7.40 2.09 26.07
6.32 -7.61 1.71 23.32
6.31 -8.74 1.91 23.14
5.98 -8.47 0.63 22.62
6.22 -8.11 0.95 23.07 3.22  45.406376 11.895374
5.45 -7.14 1.75 22.19
4.71 -8.08 2.83 23.38 3.22  45.406376 11.895374
6.45 -7.57 2.28 21.90
5.44 -8.66 1.79 23.92
6.11 -7.65 1.05 21.90
5.29 -8.62 1.67 25.78
5.92 -7.80 1.18 23.03
6.06 -7.92 1.66 22.74
5.77 -8.17 1.76 22.02
5.51 -7.68 1.39 23.36
5.52 -7.76 1.97 22.93
5.91 -8.00 1.54 22.45
5.75 -8.03 1.49 23.32
5.64 -7.95 2.07 22.07
5.69 -8.37 1.79 22.54
5.73 -7.77 1.64 22.91
5.61 -7.82 1.98 22.81
6.13 -7.73 2.05 21.90 2.87  45.406375 11.895413
5.82 -8.07 1.92 21.87
5.79 -8.00 2.03 21.78 2.87  45.406375 11.895413
5.37 -8.04 2.09 21.85
5.86 -7.75 1.84 21.44
5.87 -7.86 1.80 21.54
5.67 -7.90 1.63 22.42
5.71 -7.73 1.68 23.27
5.99 -8.00 1.69 22.45
5.89 -7.97 1.35 22.59
5.37 -7.54 1.73 22.29
5.82 -7.52 1.92 22.26
5.96 -8.15 1.65 22.00
5.95 -7.91 1.60 26.74
5.65 -8.12 1.80 22.36
5.82 -7.66 1.35 21.88
5.49 -7.94 2.20 21.78
5.96 -7.58 1.58 21.85 3.08  45.406372 11.895453
5.99 -7.85 1.82 22.45
5.94 -7.99 1.93 22.36 3.08  45.406372 11.895453
5.70 -7.61 1.55 23.07
5.96 -7.18 1.40 22.00
5.81 -8.56 1.93 23.99
5.60 -8.98 1.70 22.24
5.94 -7.73 2.01 22.66
5.16 -8.43 1.60 22.36
5.88 -7.89 1.84 22.11
5.59 -7.94 1.75 22.05
5.64 -7.59 1.81 22.43
5.75 -8.09 1.87 22.35
6.18 -8.05 1.76 21.85
5.51 -8.01 1.61 22.36
5.52 -7.99 1.62 21.92
5.73 -7.47 1.81 22.66
5.87 -8.26 1.71 21.73
5.18 -7.63 1.81 22.17 2.78  45.406374 11.895489
4.64 -6.86 1.92 21.76
7.29 -9.25 1.86 20.82 2.78  45.406374 11.895489
6.28 -7.65 2.13 21.80
5.31 -7.58 1.79 22.86
5.37 -9.20 1.61 24.23
5.80 -6.26 2.08 22.91
4.07 -6.17 1.19 23.82
9.99 -10.50 1.47 23.58
4.72 -8.56 0.96 24.28
3.28 -3.95 1.67 24.90
4.87 -9.08 2.46 22.42
6.16 -5.69 1.17 21.11
7.30 -13.04 4.78 21.33
6.99 -9.95 2.17 25.00
3.93 -5.27 1.44 25.19
3.93 -7.31 1.02 22.86
4.89 -7.18 1.62 21.20 2.69  45.406375 11.895523
8.47 -9.02 1.40 21.88
7.10 -9.21 2.12 20.94 2.69  45.406375 11.895523
3.71 -8.79 2.13 22.86
4.31 -6.17 2.01 23.10
5.74 -6.10 1.93 22.59
6.32 -5.95 1.72 21.85
7.48 -11.02 1.85 21.42
6.48 -8.82 1.95 22.24
5.06 -7.71 1.83 22.50
5.14 -7.09 1.32 22.11
5.80 -7.47 1.79 21.90
6.03 -8.20 1.65 21.81
5.69 -8.48 1.72 22.00
5.04 -8.36 1.81 22.11
5.33 -7.47 2.06 22.95
5.72 -7.97 2.06 22.16
5.61 -8.28 1.73 22.67
5.62 -8.22 1.58 21.81 2.56  45.406379 11.895556
5.43 -8.21 1.41 23.56
5.81 -7.89 1.39 21.93 2.56  45.406379 11.895556
5.69 -8.17 1.39 22.36
5.49 -8.14 1.90 21.93
5.78 -7.99 1.48 21.87
5.73 -8.01 1.47 23.17
5.66 -7.94 2.01 22.00
5.51 -8.24 1.76 22.04
5.95 -7.81 1.79 22.16
5.68 -7.89 1.85 22.62
5.77 -7.83 1.75 22.21
5.71 -7.81 1.84 22.91
6.02 -8.09 1.68 21.54
5.90 -8.21 1.68 21.92
5.71 -8.17 1.82 22.45
5.62 -7.79 1.51 21.99
5.68 -7.98 1.77 21.88 2.86  45.406377 11.895592
5.75 -7.88 1.82 22.00
5.70 -8.11 1.87 21.88 2.86  45.406377 11.895592
5.51 -7.73 1.73 21.88
6.08 -7.92 1.75 22.69
5.94 -8.11 1.56 22.78
5.70 -7.73 1.70 22.19
5.95 -7.83 1.81 22.26
5.53 -7.90 1.81 21.56
5.76 -7.56 1.86 21.95
5.53 -8.51 1.59 22.00
5.71 -7.85 1.94 22.50
5.87 -7.79 1.58 22.14
5.81 -7.77 1.61 23.08
5.77 -7.44 1.51 22.14
5.98 -8.21 1.41 21.95
6.17 -7.96 1.48 21.66
5.78 -8.32 2.08 22.36
5.49 -8.04 1.75 23.48 1.08  45.406377 11.895610
5.69 -7.65 1.84 22.19
5.93 -7.63 1.54 21.95 1.08  45.406377 11.895610
5.90 -7.98 1.51 21.88
5.56 -8.39 1.92 23.26
5.58 -7.95 1.84 25.16
5.66 -7.95 1.57 22.31
6.02 -8.12 1.84 22.66
5.97 -8.10 1.87 23.98
5.61 -7.96 1.07 22.33
5.39 -7.81 2.00 22.14
6.04 -8.25 1.61 25.93
6.11 -7.50 1.89 22.29
5.54 -8.35 2.07 22.71
5.93 -7.68 1.56 22.42
5.14 -8.07 1.62 22.43
5.99 -7.91 1.18 22.86
5.87 -7.62 1.65 22.40 1.92  45.406374 11.895634
5.31 -7.88 2.03 22.24
5.57 -8.44 2.38 22.95 1.92  45.406374 11.895634
