5.94 -7.77 1.79 22.05 2.00  45.406367 11.895055
6.12 -7.79 1.92 22.40
6.09 -7.57 1.89 22.00 2.00  45.406367 11.895055
5.95 -7.47 2.09 22.09
6.28 -8.09 1.61 22.04
6.20 -7.90 1.38 21.93
5.79 -8.10 1.77 22.07
5.23 -8.24 1.90 22.33
5.42 -8.59 1.81 22.17
6.21 -7.25 1.75 22.11
5.78 -8.09 2.07 22.09
5.78 -8.13 1.94 22.05
5.95 -8.06 1.45 21.92
5.90 -7.71 1.82 22.00
5.77 -8.10 1.62 22.11
5.64 -7.61 1.75 22.07
5.93 -7.79 1.88 21.92
6.06 -8.16 1.96 21.92 2.26  45.406367 11.895075
6.01 -7.84 1.73 21.99
5.70 -7.58 1.54 21.52 2.26  45.406367 11.895075
5.91 -8.00 1.72 21.45
5.75 -7.79 1.91 21.80
5.93 -7.98 1.82 21.81
5.61 -7.83 1.96 21.92
5.36 -7.94 1.85 21.52
6.15 -7.60 1.98 22.02
5.99 -7.40 1.84 22.00
6.03 -7.90 2.04 22.48
6.00 -7.61 1.78 22.19
5.77 -7.88 2.09 22.26
5.85 -7.57 1.65 22.57
5.80 -7.77 1.97 22.02
6.22 -7.84 1.90 22.04
5.75 -7.91 1.78 21.95
5.75 -7.92 1.92 22.45
5.61 -7.75 1.93 22.05 3.13  45.406370 11.895108
5.75 -8.04 1.50 22.02
5.72 -7.97 1.42 21.44 3.13  45.406370 11.895108
6.06 -7.61 1.81 21.95
5.94 -7.97 1.84 21.78
5.81 -7.71 1.67 21.35
6.48 -7.80 1.60 21.80
5.71 -7.88 1.73 22.02
5.88 -7.69 1.78 22.07
5.71 -7.63 1.81 22.96
5.89 -8.01 1.84 22.42
6.09 -6.96 1.91 22.00
5.92 -8.14 2.29 21.71
5.76 -8.08 1.56 23.14
5.21 -7.81 2.02 23.12
5.71 -7.68 1.81 23.58
6.03 -8.14 2.05 21.90
6.05 -7.95 1.92 22.29 3.01  45.406366 11.895140
5.75 -7.98 1.92 21.95
5.64 -7.78 2.01 21.97 3.01  45.406366 11.895140
5.76 -7.79 2.08 22.69
5.94 -7.43 2.01 21.78
6.14 -7.95 2.02 23.00
6.00 -7.87 1.92 21.56
5.83 -7.75 1.92 22.43
5.72 -7.84 2.03 22.54
5.89 -7.78 2.32 22.55
5.89 -7.87 2.05 22.57
5.65 -8.01 1.83 22.11
5.94 -7.82 1.77 22.52
5.75 -7.94 1.75 22.12
5.86 -7.74 1.50 22.16
5.92 -7.86 1.78 22.11
5.88 -7.87 1.50 21.99
5.99 -7.84 1.79 21.88
5.99 -7.63 1.88 21.85 2.50  45.406371 11.895170
5.82 -7.85 1.61 21.85
6.14 -7.77 1.80 22.17 2.50  45.406371 11.895170
5.85 -8.25 1.49 22.67
5.58 -8.12 1.54 22.45
5.64 -7.70 1.64 22.16
5.64 -7.70 1.81 22.21
6.00 -8.30 1.84 22.14
5.94 -7.89 1.97 22.05
5.71 -8.24 1.81 22.11
6.01 -7.87 1.57 22.59
5.71 -7.73 2.07 22.64
5.66 -7.99 1.78 23.02
5.82 -7.89 1.78 22.00
6.11 -8.11 1.70 22.84
5.66 -8.18 1.77 22.43
5.85 -7.90 1.74 22.31
5.57 -7.91 1.91 21.92 2.84  45.406367 11.895201
5.88 -7.93 1.83 21.88
5.76 -7.78 2.21 21.78 2.84  45.406367 11.895201
5.69 -7.85 2.07 22.21
5.90 -7.96 1.72 21.87
5.97 -7.94 1.95 21.87
5.60 -7.79 1.92 22.38
5.63 -7.60 1.81 22.00
5.40 -7.89 1.30 21.90
5.99 -8.22 1.61 21.68
6.06 -8.05 1.64 21.85
6.25 -8.14 1.70 22.36
5.55 -7.34 1.69 23.22
5.39 -7.44 1.69 22.62
5.96 -7.33 1.89 22.59
6.27 -8.69 1.71 21.75
6.19 -8.69 1.91 21.69
5.47 -8.40 1.53 22.40
5.20 -7.28 1.76 22.86 2.85  45.406368 11.895235
5.85 -7.55 1.60 22.35
5.85 -8.03 1.95 21.75 2.85  45.406368 11.895235
6.09 -8.02 1.71 22.83
5.48 -8.20 1.83 22.40
5.66 -7.48 1.64 22.04
5.73 -7.97 1.78 22.00
6.11 -7.94 1.69 22.52
6.00 -8.79 1.86 22.21
6.14 -7.43 2.01 22.78
4.77 -7.53 1.58 22.78
5.38 -7.59 1.89 22.78
6.33 -7.63 1.85 21.47
5.56 -8.09 2.04 21.23
6.81 -11.17 1.85 21.69
5.43 -6.81 1.84 24.80
4.78 -6.74 1.78 23.34
5.59 -7.51 1.99 23.55 3.25  45.406364 11.895274
6.34 -7.28 1.64 22.76
6.73 -8.12 2.43 21.90 3.25  45.406364 11.895274
5.79 -8.95 2.25 21.78
6.04 -8.04 1.77 21.64
5.58 -8.24 1.61 22.60
5.67 -7.23 1.84 22.26
5.82 -7.94 1.56 22.09
6.09 -8.09 1.72 22.11
5.90 -8.05 1.51 22.42
5.51 -8.00 1.77 22.86
5.86 -8.14 1.83 22.54
5.77 -7.51 1.62 22.62
5.95 -7.80 1.52 22.69
5.73 -8.06 1.64 22.12
5.57 -8.01 1.91 22.57
5.83 -8.17 1.64 22.36
5.60 -7.85 1.56 22.19
5.95 -7.99 1.78 21.37 2.81  45.406369 11.895308
5.42 -8.04 1.75 21.83
6.08 -7.51 1.46 21.92 2.81  45.406369 11.895308
5.42 -7.95 1.62 22.23
6.05 -7.84 2.01 21.80
5.96 -7.94 2.22 22.19
5.53 -7.64 2.02 22.24
5.67 -8.03 1.86 22.86
5.88 -7.87 1.43 22.05
5.92 -7.90 1.43 22.42
6.24 -7.51 1.42 22.47
5.62 -8.13 1.53 22.48
5.57 -7.66 1.85 22.57
5.66 -7.85 1.90 22.05
5.58 -7.63 1.87 22.04
5.88 -8.18 1.83 22.36
5.73 -7.68 1.50 22.93
5.60 -8.01 1.63 21.73 3.14  45.406371 11.895345
6.33 -7.78 1.30 23.12
6.24 -8.33 1.76 22.60 3.14  45.406371 11.895345
6.09 -7.50 1.70 23.12
5.47 -7.51 1.91 24.83
5.55 -7.57 2.10 23.50
6.57 -7.88 1.26 22.98
6.25 -9.61 1.57 21.90
6.24 -8.93 1.08 24.87
5.28 -8.01 1.88 22.07
5.09 -7.16 1.58 22.05
6.60 -8.11 1.74 22.71
6.23 -7.94 1.43 22.05
5.66 -8.38 1.53 22.42
5.27 -8.04 1.61 22.79
5.64 -8.17 1.50 22.36
5.45 -7.70 2.54 22.29
5.54 -7.87 1.42 23.12
5.61 -7.86 1.84 21.90 2.95  45.406370 11.895384
5.61 -7.44 1.71 22.81
5.91 -7.72 1.53 22.26 2.95  45.406370 11.895384
5.55 -7.85 2.19 22.26
5.78 -8.10 2.36 23.22
5.17 -8.09 2.90 22.45
5.20 -8.00 2.17 22.36
5.78 -7.77 2.30 21.99
5.98 -7.92 1.53 22.43
5.43 -8.04 2.76 22.00
5.14 -8.26 1.94 22.47
5.81 -7.73 1.43 22.52
5.63 -7.91 1.88 22.59
5.47 -8.14 1.94 22.07
5.63 -7.83 1.52 22.47
5.56 -7.90 2.66 22.52
5.32 -8.57 2.07 22.04
5.34 -8.09 1.17 23.02 3.18  45.406369 11.895423
5.16 -8.05 2.15 21.88
5.31 -7.94 2.22 21.75 3.18  45.406369 11.895423
5.57 -8.19 1.70 23.19
5.54 -8.35 1.97 21.90
5.16 -6.96 1.61 21.80
5.80 -8.40 2.35 22.21
5.86 -7.85 1.83 22.52
5.43 -7.63 1.96 22.81
5.77 -7.64 1.86 22.40
6.02 -7.71 1.68 23.05
5.95 -7.87 2.03 22.48
5.84 -8.53 1.61 22.47
5.99 -8.40 1.81 22.00
5.62 -7.73 1.68 21.93
5.49 -8.03 1.45 22.28
6.32 -7.87 1.54 21.93
5.57 -8.21 1.80 22.45
5.65 -6.98 1.82 21.90 2.57  45.406366 11.895459
5.57 -8.52 1.57 21.66
5.93 -8.14 1.84 21.64 2.57  45.406366 11.895459
5.45 -8.07 1.78 21.69
5.62 -7.80 1.66 21.76
5.85 -8.25 1.64 22.31
5.21 -7.13 1.71 22.62
4.91 -6.96 1.59 21.52
7.00 -9.85 2.11 21.01
6.96 -7.28 2.23 22.00
5.72 -8.03 1.52 22.71
4.21 -9.57 1.78 23.68
6.14 -6.05 1.69 25.11
4.53 -6.26 1.42 21.95
11.25 -10.45 0.87 23.50
4.30 -8.40 1.51 24.76
2.54 -3.42 1.45 25.78
3.80 -8.27 1.72 24.25 2.86  45.406367 11.895497
6.87 -5.68 1.81 21.44
9.42 -13.63 0.87 20.87 2.86  45.406367 11.895497
7.46 -8.64 3.32 23.07
3.60 -5.05 1.05 23.48
3.82 -6.72 2.26 23.12
5.97 -9.43 1.73 22.11
7.44 -8.22 1.06 21.13
7.13 -8.87 1.41 45.34
3.94 -8.40 1.62 23.53
3.96 -6.06 1.62 23.98
5.76 -5.95 1.38 22.57
7.42 -7.27 2.16 21.80
6.48 -9.72 1.98 21.68
6.02 -8.62 2.15 21.97
4.55 -8.06 1.26 22.16
5.30 -7.46 1.33 21.85
6.58 -7.38 1.53 22.09
6.26 -8.12 2.18 21.75 2.34  45.406366 11.895530
5.34 -8.54 2.09 21.85
5.35 -7.79 1.66 22.00 2.34  45.406366 11.895530
5.82 -7.75 1.74 22.40
6.09 -7.69 1.79 21.87
5.92 -7.91 1.83 22.23
5.78 -8.21 1.86 21.71
5.91 -8.10 1.81 22.00
5.53 -7.90 1.80 22.05
5.50 -7.87 1.69 22.05
5.89 -7.89 1.58 22.42
6.15 -7.97 1.39 21.87
5.89 -8.11 1.60 22.00
5.83 -8.03 1.88 23.32
5.56 -8.11 1.83 23.38
5.58 -7.76 1.98 22.64
5.65 -7.83 2.07 22.47
5.75 -7.88 1.96 21.83 2.46  45.406363 11.895563
5.99 -8.21 1.85 21.92
5.82 -8.15 1.84 21.85 2.46  45.406363 11.895563
5.69 -8.01 1.65 26.38
5.50 -7.81 1.92 22.45
5.70 -7.69 1.79 22.42
5.96 -8.17 1.71 22.07
5.74 -7.79 1.44 22.47
5.65 -8.12 1.58 22.11
6.21 -8.37 1.32 22.05
5.64 -7.58 1.76 22.05
5.58 -7.99 1.69 22.12
5.71 -7.87 1.76 22.47
5.79 -7.82 1.94 22.47
5.84 -8.10 1.62 22.11
5.61 -7.88 1.67 23.34
5.93 -7.96 1.44 21.97
5.44 -7.62 2.24 22.35
5.75 -7.58 1.76 23.53 2.79  45.406358 11.895599
5.60 -7.95 1.63 22.21
6.08 -8.78 1.78 22.26 2.79  45.406358 11.895599
5.58 -7.73 1.35 22.12
5.42 -7.80 1.84 22.23
5.32 -7.94 1.86 23.38
5.89 -8.02 1.69 22.42
6.21 -8.25 1.90 22.47
5.68 -8.12 1.60 22.93
5.61 -7.74 1.69 22.16
6.09 -8.19 1.59 30.20
5.96 -7.76 1.97 22.72
5.68 -8.20 1.66 22.64
6.01 -7.73 1.87 22.74
5.95 -7.89 1.60 22.00
5.62 -7.68 1.71 21.85
5.75 -8.32 1.92 22.02
