5.36 -8.40 1.80 21.83 1.71 45.398413 11.877738 0
5.76 -7.64 1.39 21.95 1.71 45.398413 11.877738 0
5.85 -7.67 1.84 22.00 1.71 45.398413 11.877738 0
5.90 -7.81 1.90 22.00 1.71 45.398413 11.877738 0
5.96 -7.77 1.93 22.45 1.71 45.398413 11.877738 0
6.37 -7.63 1.69 21.92 1.71 45.398413 11.877738 0
6.41 -7.48 1.63 21.87 0.65 45.398412 11.877770 1
6.22 -7.65 1.96 21.99 0.65 45.398412 11.877770 0
6.10 -7.63 2.06 21.59 0.65 45.398412 11.877770 1
6.00 -7.55 1.99 21.87 0.65 45.398412 11.877770 0
6.26 -7.53 1.76 21.83 0.65 45.398412 11.877770 0
6.27 -7.75 1.72 21.76 0.65 45.398412 11.877770 0
5.99 -7.72 1.87 21.64 0.65 45.398412 11.877770 0
5.86 -7.96 1.97 21.83 0.65 45.398412 11.877770 0
5.77 -7.98 1.65 21.95 0.65 45.398412 11.877770 0
6.03 -7.68 1.79 21.95 0.65 45.398412 11.877770 0
6.14 -7.80 1.84 22.14 0.65 45.398412 11.877770 0
5.96 -7.73 1.78 22.24 0.65 45.398412 11.877770 0
6.02 -7.64 1.79 22.28 0.65 45.398412 11.877770 0
6.30 -7.31 1.64 22.19 0.65 45.398412 11.877770 0
6.07 -7.49 1.73 21.68 0.65 45.398412 11.877770 0
6.06 -7.83 1.74 21.99 0.65 45.398412 11.877770 0
6.18 -8.06 1.61 21.90 0.65 45.398412 11.877770 0
5.98 -7.64 1.69 21.63 2.03 45.398429 11.877787 1
6.19 -7.38 1.85 21.93 2.03 45.398429 11.877787 0
6.23 -7.69 2.17 22.09 2.03 45.398429 11.877787 1
6.16 -7.73 2.06 21.87 2.03 45.398429 11.877787 0
6.23 -7.32 1.91 21.90 2.03 45.398429 11.877787 0
6.37 -7.61 2.30 21.87 2.03 45.398429 11.877787 0
6.19 -7.99 1.89 21.88 2.03 45.398429 11.877787 0
5.88 -7.75 1.83 21.76 2.03 45.398429 11.877787 0
5.72 -8.17 2.10 21.97 2.03 45.398429 11.877787 0
5.86 -7.73 1.99 22.23 2.03 45.398429 11.877787 0
5.88 -7.66 1.91 21.87 2.03 45.398429 11.877787 0
6.01 -7.38 1.91 22.64 2.03 45.398429 11.877787 0
6.18 -7.85 2.07 22.09 2.03 45.398429 11.877787 0
5.88 -8.08 1.83 21.95 2.03 45.398429 11.877787 0
5.95 -8.08 1.66 22.47 2.03 45.398429 11.877787 0
6.05 -7.57 1.93 22.11 2.03 45.398429 11.877787 0
6.27 -7.44 2.05 21.92 2.03 45.398429 11.877787 0
6.29 -7.69 1.75 22.09 2.03 45.398429 11.877787 0
6.14 -7.78 1.49 22.09 2.40 45.398441 11.877801 1
6.18 -7.59 1.60 22.07 2.40 45.398441 11.877801 0
6.25 -7.47 1.72 22.02 2.40 45.398441 11.877801 1
6.32 -7.72 1.96 21.56 2.40 45.398441 11.877801 0
5.91 -7.81 2.00 22.04 2.40 45.398441 11.877801 0
5.93 -7.94 1.88 21.97 2.40 45.398441 11.877801 0
5.79 -7.60 1.69 22.07 2.40 45.398441 11.877801 0
5.80 -7.90 1.84 22.38 2.40 45.398441 11.877801 0
5.74 -8.02 2.05 22.04 2.40 45.398441 11.877801 0
5.88 -8.39 1.67 22.04 2.40 45.398441 11.877801 0
5.76 -7.47 1.79 22.09 2.40 45.398441 11.877801 0
6.02 -7.50 2.07 22.04 2.40 45.398441 11.877801 0
6.07 -7.83 1.93 21.93 2.40 45.398441 11.877801 0
6.04 -7.76 1.83 22.00 2.40 45.398441 11.877801 0
6.20 -7.53 1.69 21.99 2.40 45.398441 11.877801 0
6.32 -7.61 1.64 22.14 2.40 45.398441 11.877801 0
6.05 -7.61 1.77 22.09 2.40 45.398441 11.877801 0
6.01 -7.76 1.87 22.02 2.50 45.398456 11.877803 1
6.14 -7.71 1.97 21.97 2.50 45.398456 11.877803 0
6.15 -7.79 1.54 21.93 2.50 45.398456 11.877803 1
5.71 -7.93 1.67 21.63 2.50 45.398456 11.877803 0
5.71 -7.99 2.04 21.90 2.50 45.398456 11.877803 0
5.88 -8.27 2.05 21.68 2.50 45.398456 11.877803 0
5.94 -7.50 1.79 22.09 2.50 45.398456 11.877803 0
6.17 -7.82 1.88 22.07 2.50 45.398456 11.877803 0
5.71 -8.21 1.87 22.29 2.50 45.398456 11.877803 0
5.45 -7.84 1.77 22.29 2.50 45.398456 11.877803 0
5.97 -7.81 1.74 22.19 2.50 45.398456 11.877803 0
5.90 -7.70 1.85 22.14 2.50 45.398456 11.877803 0
5.79 -8.05 1.74 21.88 2.50 45.398456 11.877803 0
5.59 -7.19 1.63 24.01 2.50 45.398456 11.877803 0
6.38 -9.20 1.36 21.27 2.50 45.398456 11.877803 0
6.63 -9.19 1.50 21.93 2.50 45.398456 11.877803 0
6.67 -7.10 2.09 22.00 2.50 45.398456 11.877803 0
5.17 -7.21 1.81 24.13 2.44 45.398469 11.877812 1
5.35 -7.69 1.80 27.01 2.44 45.398469 11.877812 0
5.75 -8.12 1.56 22.74 2.44 45.398469 11.877812 0
6.60 -5.17 2.09 21.37 2.44 45.398469 11.877812 1
5.53 -9.45 1.30 21.47 2.44 45.398469 11.877812 0
5.11 -11.59 1.17 21.76 2.44 45.398469 11.877812 0
6.10 -7.14 1.39 22.00 2.44 45.398469 11.877812 0
5.77 -6.28 1.71 22.48 2.44 45.398469 11.877812 0
5.78 -7.30 1.92 21.95 2.44 45.398469 11.877812 0
5.77 -8.15 2.32 22.40 2.44 45.398469 11.877812 0
6.07 -8.19 2.30 21.99 2.44 45.398469 11.877812 0
5.87 -8.27 1.47 22.45 2.44 45.398469 11.877812 0
5.78 -7.34 1.82 21.73 2.44 45.398469 11.877812 0
5.80 -8.01 2.32 22.09 2.44 45.398469 11.877812 0
6.06 -7.97 1.80 21.92 2.44 45.398469 11.877812 0
5.73 -7.86 1.43 22.31 2.44 45.398469 11.877812 0
5.53 -7.93 2.34 22.09 2.44 45.398469 11.877812 0
5.25 -7.33 2.31 21.87 2.44 45.398469 11.877812 0
6.31 -9.13 2.15 21.76 2.90 45.398492 11.877806 1
5.72 -7.71 2.11 22.07 2.90 45.398492 11.877806 0
6.19 -7.33 0.82 22.05 2.90 45.398492 11.877806 1
5.80 -7.71 0.93 22.07 2.90 45.398492 11.877806 0
6.44 -7.91 1.17 22.29 2.90 45.398492 11.877806 0
6.11 -8.04 1.04 22.43 2.90 45.398492 11.877806 0
5.98 -7.35 2.28 22.48 2.90 45.398492 11.877806 0
5.91 -8.50 1.62 22.02 2.90 45.398492 11.877806 0
4.02 -6.04 1.66 22.26 2.90 45.398492 11.877806 0
6.66 -17.08 2.05 21.15 2.90 45.398492 11.877806 0
8.73 -7.88 3.25 22.07 2.90 45.398492 11.877806 0
7.45 -6.65 0.98 22.12 2.90 45.398492 11.877806 0
5.57 -7.99 0.41 24.15 2.90 45.398492 11.877806 0
5.80 -7.88 0.88 23.08 2.90 45.398492 11.877806 0
6.02 -7.64 0.72 22.12 2.90 45.398492 11.877806 0
1.82 1.23 1.09 21.11 2.90 45.398492 11.877806 0
5.88 -14.47 -6.36 21.69 2.90 45.398492 11.877806 0
4.97 -5.80 6.01 21.97 3.00 45.398516 11.877793 1
5.78 -6.51 3.04 22.04 3.00 45.398516 11.877793 0
6.87 -7.38 0.45 21.90 3.00 45.398516 11.877793 1
5.28 -8.11 1.96 22.16 3.00 45.398516 11.877793 0
5.86 -8.25 1.34 22.05 3.00 45.398516 11.877793 0
5.89 -7.02 1.91 21.92 3.00 45.398516 11.877793 0
6.61 -7.76 2.35 21.85 3.00 45.398516 11.877793 0
5.80 -8.21 2.03 21.87 3.00 45.398516 11.877793 0
6.27 -7.94 1.39 22.04 3.00 45.398516 11.877793 0
6.16 -7.50 1.91 22.19 3.00 45.398516 11.877793 0
6.29 -7.46 2.56 22.17 3.00 45.398516 11.877793 0
5.68 -7.71 2.47 22.11 3.00 45.398516 11.877793 0
5.71 -8.44 2.41 22.16 3.00 45.398516 11.877793 0
5.20 -7.88 1.38 22.16 3.00 45.398516 11.877793 0
6.04 -8.02 1.34 22.05 3.00 45.398516 11.877793 0
6.26 -7.81 1.37 22.11 3.00 45.398516 11.877793 0
5.84 -8.13 1.68 21.87 3.00 45.398516 11.877793 0
6.00 -7.38 1.69 21.97 3.00 45.398516 11.877793 0
6.25 -7.61 1.82 22.50 2.89 45.398535 11.877807 1
6.18 -7.79 1.94 21.97 2.89 45.398535 11.877807 0
6.00 -7.72 1.74 21.47 2.89 45.398535 11.877807 1
6.07 -7.81 1.75 21.90 2.89 45.398535 11.877807 0
6.19 -7.57 1.92 21.51 2.89 45.398535 11.877807 0
6.19 -7.96 1.66 22.00 2.89 45.398535 11.877807 0
5.88 -7.65 1.80 21.99 2.89 45.398535 11.877807 0
5.66 -7.83 1.66 21.56 2.89 45.398535 11.877807 0
5.95 -7.93 1.69 21.64 2.89 45.398535 11.877807 0
5.61 -8.00 1.86 22.14 2.89 45.398535 11.877807 0
6.00 -8.34 2.12 22.26 2.89 45.398535 11.877807 0
5.80 -7.36 2.04 22.23 2.89 45.398535 11.877807 0
6.08 -7.60 2.03 22.16 2.89 45.398535 11.877807 0
5.74 -7.93 2.07 22.12 2.89 45.398535 11.877807 0
6.00 -7.84 1.99 22.07 2.89 45.398535 11.877807 0
6.48 -7.64 1.85 21.56 2.89 45.398535 11.877807 0
6.27 -7.60 1.44 21.92 2.89 45.398535 11.877807 0
6.00 -7.75 1.75 22.00 3.16 45.398562 11.877806 1
5.86 -7.69 1.82 21.92 3.16 45.398562 11.877806 0
5.86 -7.79 1.84 21.49 3.16 45.398562 11.877806 1
5.70 -7.88 2.06 21.92 3.16 45.398562 11.877806 0
5.82 -8.08 1.69 22.42 3.16 45.398562 11.877806 0
