6.04 -7.94 1.30 22.02 2.24 45.398311 11.877950 0
5.62 -7.89 1.81 21.59 2.24 45.398311 11.877950 0
5.77 -8.09 1.97 22.00 2.24 45.398311 11.877950 0
5.79 -7.90 1.74 22.05 2.24 45.398311 11.877950 0
6.08 -7.65 1.57 22.66 2.24 45.398311 11.877950 0
6.16 -7.54 1.75 22.55 2.24 45.398311 11.877950 0
6.15 -7.61 1.94 22.14 2.54 45.398336 11.877954 1
6.27 -7.51 1.79 22.00 2.54 45.398336 11.877954 0
6.31 -7.58 1.84 21.90 2.54 45.398336 11.877954 1
6.22 -7.56 2.13 21.35 2.54 45.398336 11.877954 0
6.05 -7.82 1.66 21.73 2.54 45.398336 11.877954 0
5.93 -7.98 2.04 21.92 2.54 45.398336 11.877954 0
5.61 -7.74 2.18 21.56 2.54 45.398336 11.877954 0
5.63 -7.84 2.19 21.51 2.54 45.398336 11.877954 0
5.77 -7.91 1.86 22.11 2.54 45.398336 11.877954 0
5.99 -7.67 1.93 22.16 2.54 45.398336 11.877954 0
5.85 -7.80 1.64 22.11 2.54 45.398336 11.877954 0
6.07 -7.91 1.61 22.62 2.54 45.398336 11.877954 0
5.93 -7.65 1.75 21.80 2.54 45.398336 11.877954 0
5.95 -7.44 1.88 21.68 2.54 45.398336 11.877954 0
6.20 -7.61 1.59 21.64 2.54 45.398336 11.877954 0
6.25 -7.82 1.95 21.66 2.54 45.398336 11.877954 0
5.98 -7.92 2.06 22.00 2.54 45.398336 11.877954 0
6.23 -7.57 1.65 22.11 2.81 45.398364 11.877947 1
5.84 -7.65 1.80 22.05 2.81 45.398364 11.877947 0
5.78 -7.86 1.39 21.64 2.81 45.398364 11.877947 1
5.77 -8.01 1.53 22.42 2.81 45.398364 11.877947 0
5.87 -8.01 1.53 21.40 2.81 45.398364 11.877947 0
6.00 -7.83 1.94 22.04 2.81 45.398364 11.877947 0
5.84 -7.95 1.72 22.00 2.81 45.398364 11.877947 0
6.12 -7.46 1.74 22.09 2.81 45.398364 11.877947 0
6.01 -7.77 1.89 22.11 2.81 45.398364 11.877947 0
5.99 -7.50 1.82 22.12 2.81 45.398364 11.877947 0
6.18 -8.11 1.75 21.73 2.81 45.398364 11.877947 0
6.21 -7.25 1.51 22.16 2.81 45.398364 11.877947 0
6.41 -7.92 1.75 22.11 2.81 45.398364 11.877947 0
5.80 -7.84 1.60 22.14 2.81 45.398364 11.877947 0
5.63 -7.74 2.05 22.05 2.81 45.398364 11.877947 0
5.74 -8.03 1.76 22.90 2.81 45.398364 11.877947 0
5.94 -8.08 1.67 22.31 2.81 45.398364 11.877947 0
5.95 -7.61 1.60 21.59 2.81 45.398364 11.877947 0
5.86 -7.82 1.82 21.88 3.25 45.398395 11.877939 1
5.69 -7.81 1.68 21.81 3.25 45.398395 11.877939 0
6.10 -7.80 1.79 21.90 3.25 45.398395 11.877939 1
6.16 -7.84 1.90 21.95 3.25 45.398395 11.877939 0
6.03 -7.69 1.75 22.05 3.25 45.398395 11.877939 0
5.91 -7.85 1.78 21.97 3.25 45.398395 11.877939 0
5.84 -7.44 2.05 22.86 3.25 45.398395 11.877939 0
6.33 -7.88 1.50 21.97 3.25 45.398395 11.877939 0
6.39 -8.02 1.28 22.05 3.25 45.398395 11.877939 0
5.65 -8.01 1.66 22.19 3.25 45.398395 11.877939 0
5.71 -8.02 1.87 22.26 3.25 45.398395 11.877939 0
5.35 -7.67 2.11 22.21 3.25 45.398395 11.877939 0
5.85 -7.92 1.68 22.07 3.25 45.398395 11.877939 0
5.96 -8.02 1.87 22.23 3.25 45.398395 11.877939 0
6.18 -7.75 1.71 22.26 3.25 45.398395 11.877939 0
5.09 -10.69 1.54 21.64 3.25 45.398395 11.877939 0
7.69 -5.71 0.37 21.99 3.25 45.398395 11.877939 0
5.94 -8.09 1.70 24.97 3.40 45.398425 11.877928 1
5.52 -6.76 2.44 23.20 3.40 45.398425 11.877928 0
4.80 -6.34 1.20 21.73 3.40 45.398425 11.877928 1
9.70 -8.84 -2.05 21.85 3.40 45.398425 11.877928 0
5.03 -11.92 1.62 22.50 3.40 45.398425 11.877928 0
5.94 -7.08 1.88 21.95 3.40 45.398425 11.877928 0
5.24 -6.21 2.75 22.35 3.40 45.398425 11.877928 0
6.21 -6.81 2.44 22.17 3.40 45.398425 11.877928 0
5.61 -7.62 1.84 22.16 3.40 45.398425 11.877928 0
5.75 -9.40 1.89 21.51 3.40 45.398425 11.877928 0
6.32 -7.70 1.16 22.57 3.40 45.398425 11.877928 0
5.72 -7.72 1.46 22.26 3.40 45.398425 11.877928 0
6.40 -7.13 1.78 22.33 3.40 45.398425 11.877928 0
6.07 -7.67 1.66 22.02 3.40 45.398425 11.877928 0
6.13 -7.20 1.56 29.29 3.40 45.398425 11.877928 0
5.68 -9.13 2.32 22.52 3.40 45.398425 11.877928 0
5.66 -7.87 1.56 22.12 3.40 45.398425 11.877928 0
5.75 -7.59 1.37 22.21 3.51 45.398456 11.877914 1
5.50 -7.92 1.53 22.79 3.51 45.398456 11.877914 0
6.08 -8.03 1.91 21.95 3.51 45.398456 11.877914 0
6.22 -8.35 1.49 22.47 3.51 45.398456 11.877914 1
3.17 -5.04 1.49 22.60 3.51 45.398456 11.877914 0
13.28 -13.25 2.62 21.63 3.51 45.398456 11.877914 0
5.49 -5.50 1.29 21.75 3.51 45.398456 11.877914 0
6.41 -5.70 3.01 25.06 3.51 45.398456 11.877914 0
5.37 -9.56 0.84 22.36 3.51 45.398456 11.877914 0
3.12 -5.72 1.84 22.02 3.51 45.398456 11.877914 0
10.43 -19.61 9.70 20.94 3.51 45.398456 11.877914 0
6.27 -5.46 1.82 21.56 3.51 45.398456 11.877914 0
6.20 -5.22 1.89 21.81 3.51 45.398456 11.877914 0
4.84 -7.01 3.34 22.21 3.51 45.398456 11.877914 0
5.33 -8.52 1.78 22.00 3.51 45.398456 11.877914 0
5.52 -8.61 2.18 21.75 3.51 45.398456 11.877914 0
6.67 -7.06 1.64 21.95 3.51 45.398456 11.877914 0
6.08 -8.66 0.73 21.87 3.51 45.398456 11.877914 0
5.77 -7.80 1.75 22.09 3.60 45.398487 11.877897 1
6.02 -7.86 1.17 21.95 3.60 45.398487 11.877897 0
6.21 -7.52 1.31 21.95 3.60 45.398487 11.877897 1
6.51 -7.91 1.41 21.44 3.60 45.398487 11.877897 0
6.38 -7.95 1.65 21.92 3.60 45.398487 11.877897 0
5.54 -7.94 1.52 22.00 3.60 45.398487 11.877897 0
5.79 -7.71 1.43 21.59 3.60 45.398487 11.877897 0
5.56 -8.21 1.50 21.90 3.60 45.398487 11.877897 0
5.90 -8.11 1.87 22.16 3.60 45.398487 11.877897 0
5.51 -7.75 2.13 21.75 3.60 45.398487 11.877897 0
5.75 -7.69 1.86 21.61 3.60 45.398487 11.877897 0
6.00 -7.97 1.70 21.56 3.60 45.398487 11.877897 0
6.27 -7.84 1.68 21.59 3.60 45.398487 11.877897 0
6.10 -7.69 1.76 21.69 3.60 45.398487 11.877897 0
5.90 -7.39 1.61 21.69 3.60 45.398487 11.877897 0
6.18 -7.97 1.90 21.59 3.60 45.398487 11.877897 0
6.00 -7.76 2.19 21.95 3.60 45.398487 11.877897 0
6.08 -8.01 1.60 22.11 3.54 45.398520 11.877890 1
5.78 -7.60 1.56 21.66 3.54 45.398520 11.877890 0
5.52 -7.89 1.57 21.69 3.54 45.398520 11.877890 1
5.60 -8.36 1.63 21.90 3.54 45.398520 11.877890 0
6.01 -7.87 1.74 21.95 3.54 45.398520 11.877890 0
6.09 -7.97 1.96 21.92 3.54 45.398520 11.877890 0
5.91 -7.84 1.98 22.00 3.54 45.398520 11.877890 0
5.84 -7.62 1.80 22.02 3.54 45.398520 11.877890 0
6.05 -8.01 1.80 22.11 3.54 45.398520 11.877890 0
5.99 -7.56 1.87 22.11 3.54 45.398520 11.877890 0
5.92 -7.65 1.71 22.04 3.54 45.398520 11.877890 0
6.32 -7.86 1.66 21.64 3.54 45.398520 11.877890 0
5.92 -8.07 1.89 22.21 3.54 45.398520 11.877890 0
5.69 -7.85 1.57 22.36 3.54 45.398520 11.877890 0
5.48 -7.76 1.31 22.36 3.54 45.398520 11.877890 0
5.71 -7.75 1.51 22.21 3.54 45.398520 11.877890 0
6.02 -8.24 1.90 21.80 3.54 45.398520 11.877890 0
6.21 -8.04 1.63 21.81 3.54 45.398520 11.877890 0
5.83 -8.26 1.66 22.86 3.67 45.398553 11.877879 1
5.75 -7.51 1.61 22.11 3.67 45.398553 11.877879 0
6.31 -7.38 1.58 22.12 3.67 45.398553 11.877879 1
6.30 -7.47 1.62 22.11 3.67 45.398553 11.877879 0
6.01 -8.02 1.65 22.00 3.67 45.398553 11.877879 0
5.80 -8.04 1.75 22.40 3.67 45.398553 11.877879 0
5.50 -7.94 1.61 22.23 3.67 45.398553 11.877879 0
