6.04 -7.55 1.70 22.07 2.76 45.398331 11.877931 0
6.03 -7.55 1.99 21.93 2.76 45.398331 11.877931 0
6.21 -7.83 1.50 21.97 2.76 45.398331 11.877931 0
6.23 -7.59 1.73 21.99 2.29 45.398354 11.877931 1
5.80 -7.86 1.79 21.99 2.29 45.398354 11.877931 0
5.72 -7.99 1.69 22.02 2.29 45.398354 11.877931 1
5.86 -7.89 1.60 22.14 2.29 45.398354 11.877931 0
6.00 -7.62 1.83 21.93 2.29 45.398354 11.877931 0
5.75 -7.65 1.72 21.87 2.29 45.398354 11.877931 0
6.16 -7.76 1.47 22.24 2.29 45.398354 11.877931 0
5.88 -8.20 2.00 21.81 2.29 45.398354 11.877931 0
5.82 -7.84 1.95 21.57 2.29 45.398354 11.877931 0
6.00 -7.62 2.25 21.75 2.29 45.398354 11.877931 0
6.13 -7.83 1.64 21.54 2.29 45.398354 11.877931 0
5.97 -7.55 1.67 21.66 2.29 45.398354 11.877931 0
5.75 -7.00 1.96 22.14 2.29 45.398354 11.877931 0
6.36 -8.35 1.84 21.68 2.29 45.398354 11.877931 0
5.96 -7.78 2.13 22.04 2.29 45.398354 11.877931 0
5.93 -7.85 1.66 22.12 2.29 45.398354 11.877931 0
5.96 -7.83 1.92 21.92 2.29 45.398354 11.877931 0
5.95 -7.89 1.71 21.99 2.45 45.398379 11.877930 1
5.71 -7.70 1.90 22.23 2.45 45.398379 11.877930 0
5.79 -7.77 1.98 21.66 2.45 45.398379 11.877930 1
5.89 -7.75 1.74 21.88 2.45 45.398379 11.877930 0
6.00 -8.16 1.68 21.52 2.45 45.398379 11.877930 0
6.01 -8.15 1.52 21.61 2.45 45.398379 11.877930 0
5.85 -7.69 1.90 21.97 2.45 45.398379 11.877930 0
5.84 -8.05 1.81 22.04 2.45 45.398379 11.877930 0
6.11 -7.55 1.75 22.69 2.45 45.398379 11.877930 0
5.96 -7.73 1.71 22.17 2.45 45.398379 11.877930 0
5.99 -7.82 1.70 22.64 2.45 45.398379 11.877930 0
6.20 -7.86 1.80 22.14 2.45 45.398379 11.877930 0
5.72 -7.90 1.77 22.50 2.45 45.398379 11.877930 0
6.20 -7.81 1.94 21.68 2.45 45.398379 11.877930 0
6.18 -7.54 1.83 22.14 2.45 45.398379 11.877930 0
5.86 -7.71 1.61 22.17 2.45 45.398379 11.877930 0
5.88 -7.84 1.61 22.07 2.45 45.398379 11.877930 0
5.78 -8.00 1.72 22.45 2.55 45.398400 11.877925 1
5.75 -8.08 1.82 21.92 2.55 45.398400 11.877925 0
5.86 -7.74 2.04 22.09 2.55 45.398400 11.877925 1
5.83 -7.86 2.00 22.07 2.55 45.398400 11.877925 0
5.89 -7.82 1.88 21.97 2.55 45.398400 11.877925 0
5.57 -7.71 1.92 22.04 2.55 45.398400 11.877925 0
6.01 -8.05 1.72 21.99 2.55 45.398400 11.877925 0
6.02 -7.75 1.92 22.00 2.55 45.398400 11.877925 0
6.06 -7.70 1.88 21.93 2.55 45.398400 11.877925 0
5.87 -7.73 1.70 22.12 2.55 45.398400 11.877925 0
6.10 -7.89 1.75 21.99 2.55 45.398400 11.877925 0
5.98 -7.74 1.57 22.00 2.55 45.398400 11.877925 0
5.93 -7.68 1.75 22.09 2.55 45.398400 11.877925 0
5.90 -7.98 1.66 22.04 2.55 45.398400 11.877925 0
5.88 -8.03 1.80 22.07 2.55 45.398400 11.877925 0
5.71 -7.65 1.90 22.09 2.55 45.398400 11.877925 0
5.94 -7.84 2.00 22.12 2.55 45.398400 11.877925 0
5.89 -8.03 2.02 22.07 2.55 45.398400 11.877925 0
5.89 -7.83 1.62 22.12 2.48 45.398423 11.877921 1
5.89 -7.61 1.68 22.48 2.48 45.398423 11.877921 0
5.84 -8.08 1.44 22.54 2.48 45.398423 11.877921 1
5.94 -7.80 1.77 22.43 2.48 45.398423 11.877921 0
5.99 -7.78 1.91 21.93 2.48 45.398423 11.877921 0
6.06 -8.03 1.88 22.38 2.48 45.398423 11.877921 0
5.85 -7.98 1.76 21.99 2.48 45.398423 11.877921 0
6.17 -7.68 1.64 21.97 2.48 45.398423 11.877921 0
6.23 -7.73 1.71 22.26 2.48 45.398423 11.877921 0
5.80 -7.64 1.98 21.85 2.48 45.398423 11.877921 0
5.80 -7.84 1.84 21.78 2.48 45.398423 11.877921 0
5.98 -7.87 2.06 22.09 2.48 45.398423 11.877921 0
5.98 -7.94 2.06 21.93 2.48 45.398423 11.877921 0
5.98 -8.29 1.98 21.92 2.48 45.398423 11.877921 0
2.88 -6.51 1.67 21.88 2.48 45.398423 11.877921 0
8.54 -8.52 1.52 21.59 2.48 45.398423 11.877921 0
5.51 -6.70 2.29 21.52 2.48 45.398423 11.877921 0
5.94 -7.08 0.98 23.24 2.42 45.398443 11.877913 1
5.37 -7.39 1.81 23.32 2.42 45.398443 11.877913 0
5.51 -8.06 1.75 26.70 2.42 45.398443 11.877913 1
6.00 -6.73 2.13 21.78 2.42 45.398443 11.877913 0
7.40 -6.93 0.24 21.06 2.42 45.398443 11.877913 0
4.34 -10.80 2.10 21.51 2.42 45.398443 11.877913 0
5.06 -8.03 2.70 21.83 2.42 45.398443 11.877913 0
5.38 -6.72 1.29 22.23 2.42 45.398443 11.877913 0
5.60 -6.68 1.72 22.55 2.42 45.398443 11.877913 0
6.17 -7.74 2.29 22.09 2.42 45.398443 11.877913 0
6.42 -7.83 1.90 21.68 2.42 45.398443 11.877913 0
5.52 -7.75 1.81 22.09 2.42 45.398443 11.877913 0
5.65 -8.39 1.94 22.54 2.42 45.398443 11.877913 0
5.75 -7.75 2.00 22.05 2.42 45.398443 11.877913 0
6.03 -7.46 2.29 22.16 2.42 45.398443 11.877913 0
5.95 -7.94 1.67 21.99 2.42 45.398443 11.877913 0
5.81 -8.25 1.38 22.17 2.42 45.398443 11.877913 0
5.56 -7.75 2.28 22.07 2.42 45.398443 11.877913 0
5.93 -7.03 1.71 21.93 2.75 45.398464 11.877902 1
6.11 -9.05 2.01 21.88 2.75 45.398464 11.877902 0
5.95 -7.86 1.55 22.43 2.75 45.398464 11.877902 1
5.87 -7.74 1.64 22.54 2.75 45.398464 11.877902 0
5.88 -7.31 1.68 22.12 2.75 45.398464 11.877902 0
6.03 -8.00 1.76 22.04 2.75 45.398464 11.877902 0
6.11 -7.88 1.63 21.92 2.75 45.398464 11.877902 0
5.96 -7.92 1.75 21.99 2.75 45.398464 11.877902 0
5.81 -8.40 1.68 22.54 2.75 45.398464 11.877902 0
4.86 -6.87 1.44 22.09 2.75 45.398464 11.877902 0
2.27 -12.13 1.16 20.91 2.75 45.398464 11.877902 0
11.04 -3.93 2.89 21.95 2.75 45.398464 11.877902 0
4.41 -4.95 2.17 22.00 2.75 45.398464 11.877902 0
3.07 -7.46 1.87 23.98 2.75 45.398464 11.877902 0
4.14 -8.32 1.83 24.88 2.75 45.398464 11.877902 0
5.73 -9.27 0.58 21.83 2.75 45.398464 11.877902 0
6.52 -5.51 1.82 21.88 2.75 45.398464 11.877902 0
5.79 -2.83 3.36 20.12 2.71 45.398487 11.877890 1
5.46 -11.02 0.81 21.68 2.71 45.398487 11.877890 0
6.97 -7.98 2.46 21.88 2.71 45.398487 11.877890 1
5.33 -6.56 1.35 21.66 2.71 45.398487 11.877890 0
5.98 -7.61 1.56 22.43 2.71 45.398487 11.877890 0
5.88 -8.06 2.38 22.14 2.71 45.398487 11.877890 0
5.99 -7.80 1.86 22.14 2.71 45.398487 11.877890 0
6.22 -7.90 1.91 22.07 2.71 45.398487 11.877890 0
5.80 -7.25 1.41 22.09 2.71 45.398487 11.877890 0
5.80 -8.61 2.25 22.04 2.71 45.398487 11.877890 0
5.76 -7.87 1.86 22.09 2.71 45.398487 11.877890 0
5.75 -7.76 1.63 22.21 2.71 45.398487 11.877890 0
5.66 -7.97 1.66 21.80 2.71 45.398487 11.877890 0
5.76 -7.99 1.78 21.69 2.71 45.398487 11.877890 0
5.94 -7.71 1.78 22.14 2.71 45.398487 11.877890 0
6.03 -7.95 1.82 22.19 2.71 45.398487 11.877890 0
6.08 -7.82 1.62 22.12 2.71 45.398487 11.877890 0
6.04 -7.73 1.71 22.12 2.70 45.398511 11.877881 1
5.76 -7.72 1.47 21.76 2.70 45.398511 11.877881 0
6.10 -7.66 1.58 22.02 2.70 45.398511 11.877881 1
5.99 -7.72 1.68 21.88 2.70 45.398511 11.877881 0
6.28 -8.03 1.72 21.78 2.70 45.398511 11.877881 0
5.83 -7.99 1.68 21.47 2.70 45.398511 11.877881 0
5.91 -7.84 1.51 22.00 2.70 45.398511 11.877881 0
6.20 -7.62 1.49 21.97 2.70 45.398511 11.877881 0
5.97 -7.44 1.73 21.93 2.70 45.398511 11.877881 0
6.03 -7.97 1.57 21.57 2.70 45.398511 11.877881 0
5.73 -7.95 1.86 22.04 2.70 45.398511 11.877881 0
5.71 -8.19 1.69 22.07 2.70 45.398511 11.877881 0
5.72 -8.02 1.64 22.11 2.70 45.398511 11.877881 0
5.78 -7.79 2.01 22.11 2.70 45.398511 11.877881 0
5.89 -7.84 1.83 22.59 2.70 45.398511 11.877881 0
6.05 -7.84 1.89 22.19 2.70 45.398511 11.877881 0
6.00 -7.83 1.85 22.19 2.70 45.398511 11.877881 0
6.08 -7.84 1.92 22.14 2.70 45.398511 11.877881 0
6.00 -7.65 1.98 21.93 2.71 45.398535 11.877875 1
6.04 -7.59 1.78 21.90 2.71 45.398535 11.877875 0
6.05 -7.85 1.83 21.97 2.71 45.398535 11.877875 1
6.05 -7.99 1.73 21.47 2.71 45.398535 11.877875 0
6.01 -7.92 1.68 22.04 2.71 45.398535 11.877875 0
5.65 -7.86 1.98 22.50 2.71 45.398535 11.877875 0
5.88 -8.11 1.79 22.17 2.71 45.398535 11.877875 0
5.81 -7.57 1.53 21.61 2.71 45.398535 11.877875 0
5.68 -7.89 1.51 22.54 2.71 45.398535 11.877875 0
5.95 -8.09 1.78 21.57 2.71 45.398535 11.877875 0
5.85 -8.31 1.54 21.52 2.71 45.398535 11.877875 0
5.95 -8.00 1.84 22.00 2.71 45.398535 11.877875 0
6.09 -7.87 1.73 22.16 2.71 45.398535 11.877875 0
6.04 -7.85 1.51 21.85 2.71 45.398535 11.877875 0
5.92 -7.28 1.48 21.88 2.71 45.398535 11.877875 0
5.96 -7.81 1.80 22.23 2.71 45.398535 11.877875 0
6.11 -7.95 1.67 21.81 2.71 45.398535 11.877875 0
6.02 -7.97 1.67 22.24 2.74 45.398559 11.877869 1
5.96 -7.95 1.71 21.57 2.74 45.398559 11.877869 0
5.88 -8.04 1.67 22.43 2.74 45.398559 11.877869 1
5.97 -7.66 1.54 21.93 2.74 45.398559 11.877869 0
5.68 -7.92 1.78 21.99 2.74 45.398559 11.877869 0
