5.92 -7.48 2.08 21.87 2.82 45.398340 11.877927 0
6.00 -7.93 1.72 21.95 2.82 45.398340 11.877927 0
5.76 -8.12 2.00 22.00 2.82 45.398340 11.877927 0
5.87 -7.88 1.82 21.95 2.82 45.398340 11.877927 0
6.26 -7.74 1.90 22.05 2.82 45.398340 11.877927 0
6.24 -7.63 2.06 22.07 2.82 45.398340 11.877927 0
6.17 -8.09 1.77 22.12 2.82 45.398340 11.877927 0
6.03 -7.21 2.10 21.71 2.82 45.398340 11.877927 0
6.25 -7.67 1.70 22.02 2.82 45.398340 11.877927 0
6.22 -7.70 2.00 22.26 2.82 45.398340 11.877927 0
6.30 -7.74 1.89 21.80 2.53 45.398362 11.877936 1
6.34 -7.62 2.08 22.21 2.53 45.398362 11.877936 0
6.37 -7.58 1.86 22.02 2.53 45.398362 11.877936 1
5.84 -7.58 2.09 22.00 2.53 45.398362 11.877936 0
5.90 -7.78 2.19 21.95 2.53 45.398362 11.877936 0
5.73 -7.98 1.96 21.87 2.53 45.398362 11.877936 0
6.34 -7.85 1.64 21.92 2.53 45.398362 11.877936 0
6.05 -7.67 2.11 22.00 2.53 45.398362 11.877936 0
6.03 -7.59 1.76 21.80 2.53 45.398362 11.877936 0
5.83 -7.83 2.23 22.16 2.53 45.398362 11.877936 0
6.16 -7.78 1.61 21.71 2.53 45.398362 11.877936 0
6.13 -7.72 1.73 22.12 2.53 45.398362 11.877936 0
6.14 -7.70 1.57 21.61 2.53 45.398362 11.877936 0
6.39 -7.75 1.87 21.52 2.53 45.398362 11.877936 0
6.13 -7.53 1.79 22.02 2.53 45.398362 11.877936 0
6.11 -7.62 1.91 21.69 2.53 45.398362 11.877936 0
6.46 -7.70 1.70 22.45 2.53 45.398362 11.877936 0
5.84 -7.44 1.96 21.97 3.02 45.398389 11.877933 1
6.11 -8.04 1.74 21.95 3.02 45.398389 11.877933 0
5.75 -8.22 1.85 21.33 3.02 45.398389 11.877933 1
5.92 -8.01 1.72 22.02 3.02 45.398389 11.877933 0
5.66 -8.10 2.03 22.00 3.02 45.398389 11.877933 0
5.84 -7.81 1.99 21.51 3.02 45.398389 11.877933 0
6.07 -7.86 1.93 22.05 3.02 45.398389 11.877933 0
5.87 -7.56 1.79 22.04 3.02 45.398389 11.877933 0
6.30 -8.09 1.85 22.57 3.02 45.398389 11.877933 0
5.92 -7.57 1.58 21.76 3.02 45.398389 11.877933 0
5.94 -7.80 2.16 22.12 3.02 45.398389 11.877933 0
6.06 -7.89 1.33 22.04 3.02 45.398389 11.877933 0
6.08 -7.80 1.81 22.02 3.02 45.398389 11.877933 0
5.78 -7.66 1.85 22.07 3.02 45.398389 11.877933 0
5.89 -7.96 1.84 22.11 3.02 45.398389 11.877933 0
5.54 -7.92 1.97 21.95 3.02 45.398389 11.877933 0
6.06 -7.59 1.79 22.36 3.02 45.398389 11.877933 0
6.04 -8.13 1.80 21.95 3.02 45.398389 11.877933 0
5.65 -7.67 1.90 22.02 3.08 45.398415 11.877925 1
5.64 -7.88 2.10 21.85 3.08 45.398415 11.877925 0
6.03 -7.87 1.96 22.00 3.08 45.398415 11.877925 1
5.97 -7.66 1.91 22.02 3.08 45.398415 11.877925 0
6.05 -7.65 1.81 22.16 3.08 45.398415 11.877925 0
5.81 -7.76 1.87 22.42 3.08 45.398415 11.877925 0
5.95 -7.83 1.92 21.54 3.08 45.398415 11.877925 0
6.23 -7.74 1.79 21.81 3.08 45.398415 11.877925 0
6.17 -7.92 1.70 22.17 3.08 45.398415 11.877925 0
5.89 -7.81 1.75 22.31 3.08 45.398415 11.877925 0
5.76 -7.87 1.51 22.29 3.08 45.398415 11.877925 0
5.36 -7.79 1.71 22.23 3.08 45.398415 11.877925 0
5.74 -8.16 1.56 22.16 3.08 45.398415 11.877925 0
5.94 -7.84 1.37 21.92 3.08 45.398415 11.877925 0
5.43 -7.67 1.81 22.21 3.08 45.398415 11.877925 0
4.00 -9.20 1.71 22.05 3.08 45.398415 11.877925 0
7.17 -8.47 1.90 21.69 3.08 45.398415 11.877925 0
5.10 -7.46 3.22 22.52 3.40 45.398446 11.877913 1
5.01 -6.78 1.74 23.74 3.40 45.398446 11.877913 0
5.34 -7.74 2.36 25.60 3.40 45.398446 11.877913 1
5.84 -3.61 1.11 21.71 3.40 45.398446 11.877913 0
6.56 -8.80 1.08 20.89 3.40 45.398446 11.877913 0
5.02 -12.98 1.47 21.95 3.40 45.398446 11.877913 0
3.92 -7.46 2.68 22.62 3.40 45.398446 11.877913 0
5.75 -6.01 1.61 22.74 3.40 45.398446 11.877913 0
5.67 -7.20 2.35 22.26 3.40 45.398446 11.877913 0
6.20 -7.87 2.01 22.48 3.40 45.398446 11.877913 0
6.05 -9.00 1.56 22.42 3.40 45.398446 11.877913 0
6.04 -7.92 1.96 22.23 3.40 45.398446 11.877913 0
5.80 -7.47 1.58 22.57 3.40 45.398446 11.877913 0
6.22 -7.56 1.63 21.97 3.40 45.398446 11.877913 0
6.33 -7.92 1.63 21.97 3.40 45.398446 11.877913 0
5.78 -7.07 1.94 22.07 3.40 45.398446 11.877913 0
6.68 -8.93 1.86 22.26 3.40 45.398446 11.877913 0
5.64 -7.45 1.35 21.95 3.54 45.398477 11.877903 1
5.84 -7.92 1.79 22.12 3.54 45.398477 11.877903 0
5.71 -7.69 1.70 22.16 3.54 45.398477 11.877903 0
5.82 -8.18 1.56 22.23 3.54 45.398477 11.877903 1
5.67 -8.15 1.71 21.85 3.54 45.398477 11.877903 0
6.05 -8.61 1.70 22.07 3.54 45.398477 11.877903 0
2.03 -5.14 1.36 21.40 3.54 45.398477 11.877903 0
11.78 -8.44 -2.29 21.71 3.54 45.398477 11.877903 0
5.51 -5.87 3.54 21.80 3.54 45.398477 11.877903 0
5.83 -6.54 0.82 26.39 3.54 45.398477 11.877903 0
6.14 -9.16 1.32 22.54 3.54 45.398477 11.877903 0
4.90 -8.61 2.76 21.71 3.54 45.398477 11.877903 0
6.81 -8.15 1.01 20.13 3.54 45.398477 11.877903 0
7.42 -5.04 5.13 21.40 3.54 45.398477 11.877903 0
6.10 -7.09 6.62 22.67 3.54 45.398477 11.877903 0
5.98 -6.30 1.50 22.28 3.54 45.398477 11.877903 0
6.01 -8.38 0.56 22.40 3.54 45.398477 11.877903 0
6.37 -7.87 1.84 22.48 3.54 45.398477 11.877903 0
6.13 -7.67 2.22 21.40 3.71 45.398509 11.877887 1
6.07 -8.87 1.34 21.35 3.71 45.398509 11.877887 0
5.25 -7.76 1.83 21.95 3.71 45.398509 11.877887 1
6.14 -7.83 1.93 22.52 3.71 45.398509 11.877887 0
6.06 -7.73 1.72 22.31 3.71 45.398509 11.877887 0
6.14 -7.68 1.56 22.00 3.71 45.398509 11.877887 0
6.16 -7.87 1.79 22.00 3.71 45.398509 11.877887 0
6.21 -7.72 1.96 22.09 3.71 45.398509 11.877887 0
5.97 -7.40 1.69 22.36 3.71 45.398509 11.877887 0
5.78 -7.63 1.63 22.14 3.71 45.398509 11.877887 0
5.76 -8.28 1.35 22.36 3.71 45.398509 11.877887 0
5.69 -8.48 1.67 21.97 3.71 45.398509 11.877887 0
5.46 -8.24 1.90 22.17 3.71 45.398509 11.877887 0
5.52 -7.82 1.98 22.21 3.71 45.398509 11.877887 0
5.81 -7.24 2.08 22.12 3.71 45.398509 11.877887 0
6.35 -7.66 2.08 21.99 3.71 45.398509 11.877887 0
6.37 -7.87 1.86 21.47 3.71 45.398509 11.877887 0
6.06 -7.84 1.82 21.80 3.34 45.398536 11.877872 1
5.66 -7.66 2.03 21.88 3.34 45.398536 11.877872 0
6.15 -7.77 1.90 22.36 3.34 45.398536 11.877872 1
6.00 -7.90 1.85 22.11 3.34 45.398536 11.877872 0
5.92 -8.04 1.80 22.12 3.34 45.398536 11.877872 0
5.59 -8.09 1.92 21.64 3.34 45.398536 11.877872 0
5.73 -7.87 1.93 21.45 3.34 45.398536 11.877872 0
6.36 -8.03 1.71 21.73 3.34 45.398536 11.877872 0
6.06 -8.08 1.82 21.61 3.34 45.398536 11.877872 0
5.83 -7.99 1.58 22.19 3.34 45.398536 11.877872 0
5.84 -7.57 1.72 22.24 3.34 45.398536 11.877872 0
5.65 -7.61 1.63 22.09 3.34 45.398536 11.877872 0
6.24 -7.60 1.77 21.97 3.34 45.398536 11.877872 0
6.02 -8.15 1.83 21.87 3.34 45.398536 11.877872 0
