5.97 -7.91 1.71 22.04 2.95 45.398335 11.877960 0
6.05 -7.94 1.94 22.23 2.95 45.398335 11.877960 0
5.79 -7.61 1.81 22.14 2.95 45.398335 11.877960 0
5.93 -7.84 1.68 22.17 2.95 45.398335 11.877960 0
5.91 -8.11 2.02 22.28 2.95 45.398335 11.877960 0
6.01 -7.67 2.24 21.83 2.94 45.398361 11.877954 1
6.50 -7.63 1.57 21.47 2.94 45.398361 11.877954 0
6.12 -7.57 2.12 21.37 2.94 45.398361 11.877954 1
6.31 -7.54 2.25 21.52 2.94 45.398361 11.877954 0
6.23 -7.41 2.25 22.02 2.94 45.398361 11.877954 0
6.10 -7.37 1.99 22.04 2.94 45.398361 11.877954 0
6.00 -7.58 1.97 21.44 2.94 45.398361 11.877954 0
5.84 -7.92 2.22 21.87 2.94 45.398361 11.877954 0
5.67 -8.28 2.07 21.97 2.94 45.398361 11.877954 0
6.00 -7.73 1.51 22.59 2.94 45.398361 11.877954 0
5.95 -7.57 1.94 22.60 2.94 45.398361 11.877954 0
5.79 -7.86 1.94 22.14 2.94 45.398361 11.877954 0
5.89 -8.09 1.68 22.17 2.94 45.398361 11.877954 0
5.98 -7.87 2.19 22.09 2.94 45.398361 11.877954 0
6.25 -7.24 1.81 22.16 2.94 45.398361 11.877954 0
6.38 -7.51 2.15 22.17 2.94 45.398361 11.877954 0
6.02 -7.90 1.68 22.17 2.94 45.398361 11.877954 0
5.87 -7.81 1.73 22.02 2.94 45.398361 11.877954 0
6.27 -7.70 2.00 21.49 3.26 45.398389 11.877941 1
6.27 -7.64 1.79 21.45 3.26 45.398389 11.877941 0
5.75 -8.23 1.44 22.02 3.26 45.398389 11.877941 1
5.60 -8.23 1.63 22.02 3.26 45.398389 11.877941 0
5.97 -7.69 1.40 22.07 3.26 45.398389 11.877941 0
6.28 -7.60 1.63 22.12 3.26 45.398389 11.877941 0
5.80 -8.14 1.55 22.48 3.26 45.398389 11.877941 0
5.73 -7.58 2.64 21.90 3.26 45.398389 11.877941 0
6.46 -7.82 2.50 22.50 3.26 45.398389 11.877941 0
6.35 -7.43 1.78 22.07 3.26 45.398389 11.877941 0
6.49 -7.38 1.73 22.02 3.26 45.398389 11.877941 0
6.21 -7.93 1.58 21.97 3.26 45.398389 11.877941 0
5.44 -8.17 1.56 21.99 3.26 45.398389 11.877941 0
5.43 -8.51 1.37 22.45 3.26 45.398389 11.877941 0
5.91 -7.81 1.50 23.00 3.26 45.398389 11.877941 0
5.94 -7.19 2.02 22.59 3.26 45.398389 11.877941 0
6.23 -8.18 1.79 21.90 3.26 45.398389 11.877941 0
5.62 -7.84 1.68 22.04 3.37 45.398418 11.877930 1
5.95 -7.74 1.87 22.12 3.37 45.398418 11.877930 0
6.18 -7.64 1.69 21.99 3.37 45.398418 11.877930 1
6.33 -7.68 2.18 22.02 3.37 45.398418 11.877930 0
5.67 -8.05 2.13 22.00 3.37 45.398418 11.877930 0
5.72 -8.25 1.87 22.07 3.37 45.398418 11.877930 0
6.05 -7.78 2.02 22.43 3.37 45.398418 11.877930 0
6.01 -7.47 1.83 22.23 3.37 45.398418 11.877930 0
5.75 -7.75 1.55 22.04 3.37 45.398418 11.877930 0
5.48 -8.39 1.09 22.33 3.37 45.398418 11.877930 0
6.29 -7.35 1.46 21.92 3.37 45.398418 11.877930 0
6.32 -12.86 0.82 21.42 3.37 45.398418 11.877930 0
4.41 -7.50 3.08 21.54 3.37 45.398418 11.877930 0
4.92 -7.41 3.47 23.10 3.37 45.398418 11.877930 0
5.31 -8.19 1.75 23.08 3.37 45.398418 11.877930 0
5.02 -8.39 2.14 22.84 3.37 45.398418 11.877930 0
9.18 -11.91 2.34 20.96 3.37 45.398418 11.877930 0
5.24 -7.04 -0.33 21.45 3.37 45.398418 11.877930 0
5.46 -8.11 2.21 22.90 3.51 45.398448 11.877916 1
5.14 -6.93 2.87 22.00 3.51 45.398448 11.877916 0
5.55 -7.70 1.93 21.93 3.51 45.398448 11.877916 1
5.53 -8.38 1.84 21.78 3.51 45.398448 11.877916 0
6.57 -7.82 1.99 21.92 3.51 45.398448 11.877916 0
5.84 -7.91 2.00 23.20 3.51 45.398448 11.877916 0
5.40 -7.90 2.48 21.93 3.51 45.398448 11.877916 0
5.80 -7.96 1.98 21.95 3.51 45.398448 11.877916 0
5.99 -6.74 1.74 21.88 3.51 45.398448 11.877916 0
6.91 -8.52 1.46 22.54 3.51 45.398448 11.877916 0
5.39 -7.73 1.59 21.78 3.51 45.398448 11.877916 0
5.96 -7.46 1.30 22.29 3.51 45.398448 11.877916 0
6.05 -7.71 1.39 22.45 3.51 45.398448 11.877916 0
6.08 -7.75 1.59 22.07 3.51 45.398448 11.877916 0
6.00 -9.30 1.40 22.64 3.51 45.398448 11.877916 0
1.76 -5.43 1.37 21.68 3.51 45.398448 11.877916 0
12.06 -6.99 -1.64 21.92 3.51 45.398448 11.877916 0
6.32 -6.63 2.12 21.88 3.32 45.398474 11.877901 1
5.64 -6.64 1.58 24.90 3.32 45.398474 11.877901 0
4.71 -9.59 2.20 22.07 3.32 45.398474 11.877901 1
1.27 1.48 1.42 21.13 3.32 45.398474 11.877901 0
2.86 -8.39 -10.52 21.83 3.32 45.398474 11.877901 0
-3.07 -3.03 9.56 21.51 3.32 45.398474 11.877901 0
5.88 -7.38 2.85 22.05 3.32 45.398474 11.877901 0
5.88 -8.21 1.70 22.02 3.32 45.398474 11.877901 0
4.80 -7.73 1.46 21.81 3.32 45.398474 11.877901 0
6.49 -7.60 1.82 22.54 3.32 45.398474 11.877901 0
6.08 -7.51 1.85 22.07 3.32 45.398474 11.877901 0
5.59 -8.67 1.43 22.17 3.32 45.398474 11.877901 0
5.48 -8.03 1.59 22.69 3.32 45.398474 11.877901 0
5.97 -7.32 1.74 22.17 3.32 45.398474 11.877901 0
6.88 -7.68 1.67 22.14 3.32 45.398474 11.877901 0
6.42 -7.88 1.49 22.24 3.32 45.398474 11.877901 0
6.06 -7.59 1.44 22.17 3.32 45.398474 11.877901 0
6.12 -7.72 1.55 22.42 3.57 45.398502 11.877888 1
5.99 -7.96 1.24 22.23 3.57 45.398502 11.877888 0
5.87 -8.35 1.46 21.92 3.57 45.398502 11.877888 0
5.46 -8.28 1.61 22.07 3.57 45.398502 11.877888 1
5.72 -7.73 1.52 22.07 3.57 45.398502 11.877888 0
5.81 -7.51 1.94 22.02 3.57 45.398502 11.877888 0
5.99 -7.94 1.69 22.35 3.57 45.398502 11.877888 0
6.06 -7.97 1.67 21.87 3.57 45.398502 11.877888 0
6.34 -7.52 2.03 21.81 3.57 45.398502 11.877888 0
6.19 -7.87 1.67 22.64 3.57 45.398502 11.877888 0
5.65 -7.66 1.88 22.33 3.57 45.398502 11.877888 0
5.82 -7.60 1.93 22.23 3.57 45.398502 11.877888 0
5.91 -7.78 2.11 22.04 3.57 45.398502 11.877888 0
5.86 -8.31 2.11 21.95 3.57 45.398502 11.877888 0
5.84 -7.95 1.86 22.12 3.57 45.398502 11.877888 0
5.76 -7.92 1.74 22.28 3.57 45.398502 11.877888 0
5.75 -7.30 1.71 22.28 3.57 45.398502 11.877888 0
5.96 -7.95 1.68 22.33 3.57 45.398502 11.877888 0
