7.05 -6.38 1.21 22.35 1.22 45.406303 11.893982 0
8.08 -7.68 0.43 21.52 1.22 45.406303 11.893982 1
7.6 -7.69 0.89 22.09 1.22 45.406303 11.893982 0
6.6 -6.98 2.02 22.24 1.22 45.406303 11.893982 1
6.09 -6.81 2.45 21.97 1.22 45.406303 11.893982 0
5.64 -7.37 1.99 22.04 1.22 45.406303 11.893982 1
5.3 -8.12 1.47 21.85 1.22 45.406303 11.893982 1
5.67 -8.52 1.4 22.19 1.22 45.406303 11.893982 1
6.14 -8.29 1.53 22.24 1.22 45.406303 11.893982 1
5.89 -7.72 1.59 22.4 1.22 45.406303 11.893982 1
5.39 -7.58 1.69 22.57 1.22 45.406303 11.893982 1
5.31 -8.06 1.78 22.43 1.22 45.406303 11.893982 1
5.58 -8.39 1.61 21.49 1.22 45.406303 11.893982 1
5.95 -7.99 1.43 22.45 1.22 45.406303 11.893982 1
6.33 -7.29 1.57 22.45 1.22 45.406303 11.893982 1
6.52 -7.01 1.69 22.14 1.22 45.406303 11.893982 1
6.34 -7.19 1.65 22.16 1.22 45.406303 11.893982 1
5.96 -7.56 1.96 22.04 1.22 45.406303 11.893982 1
5.86 -7.9 2.46 24.15 1.22 45.406303 11.893982 1
6.21 -7.79 2.34 22.38 1.22 45.406303 11.893982 1
6.41 -7.34 1.9 22.84 2.26 45.406306 11.893997 0
6.02 -7.41 1.92 22.57 2.26 45.406306 11.893997 1
5.49 -8.15 2.01 22.48 2.26 45.406306 11.893997 0
5.41 -8.44 1.64 22.84 2.26 45.406306 11.893997 1
5.58 -8.05 1.43 21.8 2.26 45.406306 11.893997 1
5.71 -7.95 1.76 21.9 2.26 45.406306 11.893997 1
5.91 -8.08 1.86 22.86 2.26 45.406306 11.893997 1
6.06 -7.67 1.43 21.99 2.26 45.406306 11.893997 1
6.0 -7.25 1.22 22.14 2.26 45.406306 11.893997 1
6.07 -7.61 1.54 21.99 2.26 45.406306 11.893997 1
6.36 -7.95 1.88 22.81 2.26 45.406306 11.893997 1
6.32 -7.62 1.92 22.14 2.26 45.406306 11.893997 1
5.87 -7.42 1.88 22.71 2.26 45.406306 11.893997 1
5.65 -7.82 1.89 21.78 2.26 45.406306 11.893997 1
5.77 -8.23 1.81 22.47 2.26 45.406306 11.893997 1
