5.82 -8.36 1.57 24.7 2.26 45.406306 11.893997 1
5.72 -8.3 1.45 22.28 2.26 45.406306 11.893997 1
5.68 -8.0 1.65 22.14 1.67 45.406312 11.894011 0
5.7 -7.69 1.89 22.47 1.67 45.406312 11.894011 1
5.79 -7.81 1.9 21.99 1.67 45.406312 11.894011 0
5.96 -8.04 1.89 22.28 1.67 45.406312 11.894011 1
5.99 -7.86 2.01 21.78 1.67 45.406312 11.894011 1
5.79 -7.59 2.04 22.31 1.67 45.406312 11.894011 1
5.69 -7.64 1.89 23.27 1.67 45.406312 11.894011 1
5.89 -7.82 1.79 22.36 1.67 45.406312 11.894011 1
6.07 -7.89 1.87 22.33 1.67 45.406312 11.894011 1
5.98 -8.0 1.9 22.45 1.67 45.406312 11.894011 1
5.79 -8.13 1.78 22.6 1.67 45.406312 11.894011 1
5.71 -8.03 1.61 22.52 1.67 45.406312 11.894011 1
5.66 -7.81 1.55 22.24 1.67 45.406312 11.894011 1
5.64 -7.8 1.66 22.09 1.67 45.406312 11.894011 1
5.75 -7.97 1.88 22.43 1.67 45.406312 11.894011 1
5.86 -8.05 1.97 22.84 1.67 45.406312 11.894011 1
5.86 -8.03 1.77 21.8 1.67 45.406312 11.894011 1
5.86 -8.0 1.58 23.17 1.67 45.406312 11.894011 1
5.93 -7.86 1.77 22.86 2.58 45.406315 11.894038 0
5.91 -7.68 2.02 22.38 2.58 45.406315 11.894038 1
5.78 -7.78 1.82 22.38 2.58 45.406315 11.894038 0
5.75 -8.05 1.44 21.88 2.58 45.406315 11.894038 1
5.77 -8.11 1.44 23.31 2.58 45.406315 11.894038 1
5.71 -7.99 1.6 21.88 2.58 45.406315 11.894038 1
5.71 -7.94 1.57 21.97 2.58 45.406315 11.894038 1
5.89 -7.91 1.65 23.36 2.58 45.406315 11.894038 1
5.96 -7.82 1.9 22.6 2.58 45.406315 11.894038 1
5.82 -7.84 1.84 22.6 2.58 45.406315 11.894038 1
5.8 -7.89 1.62 21.99 2.58 45.406315 11.894038 1
6.04 -7.8 1.77 22.86 2.58 45.406315 11.894038 1
6.11 -7.85 1.93 22.04 2.58 45.406315 11.894038 1
5.8 -8.07 1.68 23.43 2.58 45.406315 11.894038 1
5.53 -7.98 1.66 26.07 2.58 45.406315 11.894038 1
