5.52 -7.59 2.15 23.36 2.58 45.406315 11.894038 1
5.58 -7.66 2.31 22.35 2.58 45.406315 11.894038 1
5.66 -8.22 1.89 22.79 2.28 45.406311 11.894064 0
5.79 -8.36 1.71 23.02 2.28 45.406311 11.894064 1
5.83 -7.92 1.87 22.54 2.28 45.406311 11.894064 0
5.81 -7.74 1.76 22.42 2.28 45.406311 11.894064 1
5.92 -8.06 1.59 23.17 2.28 45.406311 11.894064 1
6.01 -8.32 1.8 21.49 2.28 45.406311 11.894064 1
5.82 -8.27 1.99 23.43 2.28 45.406311 11.894064 1
5.69 -8.06 1.84 22.79 2.28 45.406311 11.894064 1
5.88 -7.77 1.85 22.38 2.28 45.406311 11.894064 1
6.06 -7.72 2.05 22.86 2.28 45.406311 11.894064 1
6.01 -8.05 1.87 22.29 2.28 45.406311 11.894064 1
5.9 -8.2 1.45 22.84 2.28 45.406311 11.894064 1
5.75 -7.87 1.44 22.88 2.28 45.406311 11.894064 1
5.59 -7.71 1.7 22.14 2.28 45.406311 11.894064 1
5.65 -7.92 1.71 23.0 2.28 45.406311 11.894064 1
5.9 -7.96 1.59 22.04 2.28 45.406311 11.894064 1
6.08 -7.95 1.61 21.9 2.28 45.406311 11.894064 1
6.07 -8.19 1.66 23.63 2.28 45.406311 11.894064 1
5.92 -7.96 1.69 21.95 1.0 45.406316 11.894072 0
5.83 -7.29 1.85 21.81 1.0 45.406316 11.894072 1
6.09 -7.55 2.04 21.76 1.0 45.406316 11.894072 0
6.36 -8.54 2.04 23.72 1.0 45.406316 11.894072 1
6.02 -8.51 1.97 21.78 1.0 45.406316 11.894072 1
5.48 -7.67 2.04 22.38 1.0 45.406316 11.894072 1
5.58 -7.45 2.1 22.12 1.0 45.406316 11.894072 1
5.9 -7.63 2.02 21.81 1.0 45.406316 11.894072 1
5.79 -7.65 1.91 22.04 1.0 45.406316 11.894072 1
5.82 -8.03 1.85 21.78 1.0 45.406316 11.894072 1
6.17 -8.47 1.75 21.78 1.0 45.406316 11.894072 1
5.98 -8.09 1.68 22.78 1.0 45.406316 11.894072 1
5.4 -7.55 1.7 23.38 1.0 45.406316 11.894072 1
5.56 -7.55 1.72 22.86 1.0 45.406316 11.894072 1
6.27 -7.57 1.67 22.79 1.0 45.406316 11.894072 1
