5.84 -7.91 1.48 22.11 1.14 45.406295 11.894219 1
5.85 -8.12 1.61 21.95 1.14 45.406295 11.894219 1
5.66 -8.17 1.79 21.87 2.42 45.406293 11.894251 0
5.69 -8.06 1.87 22.4 2.42 45.406293 11.894251 1
5.92 -7.95 1.77 22.35 2.42 45.406293 11.894251 0
5.88 -7.81 1.64 21.9 2.42 45.406293 11.894251 1
5.6 -7.69 1.71 22.38 2.42 45.406293 11.894251 1
5.59 -7.74 1.94 22.02 2.42 45.406293 11.894251 1
5.8 -7.89 2.02 22.74 2.42 45.406293 11.894251 1
5.82 -7.92 1.89 21.93 2.42 45.406293 11.894251 1
5.68 -7.86 1.82 21.88 2.42 45.406293 11.894251 1
5.63 -7.83 1.9 22.48 2.42 45.406293 11.894251 1
5.69 -7.81 1.89 22.09 2.42 45.406293 11.894251 1
5.74 -7.85 1.78 22.48 2.42 45.406293 11.894251 1
5.82 -7.95 1.87 21.95 2.42 45.406293 11.894251 1
5.84 -8.0 2.13 22.09 2.42 45.406293 11.894251 1
5.69 -7.98 2.13 22.5 2.42 45.406293 11.894251 1
5.59 -7.95 1.85 22.55 2.42 45.406293 11.894251 1
5.74 -7.93 1.67 22.11 2.42 45.406293 11.894251 1
5.9 -7.91 1.64 21.83 2.42 45.406293 11.894251 1
5.89 -8.0 1.5 21.9 2.46 45.406291 11.894286 0
5.8 -8.11 1.44 23.7 2.46 45.406291 11.894286 1
5.69 -7.93 1.77 22.64 2.46 45.406291 11.894286 0
5.59 -7.58 2.05 22.67 2.46 45.406291 11.894286 1
5.67 -7.66 1.69 21.52 2.46 45.406291 11.894286 1
5.89 -8.15 1.19 21.52 2.46 45.406291 11.894286 1
6.0 -8.33 1.24 21.87 2.46 45.406291 11.894286 1
5.91 -8.07 1.61 21.92 2.46 45.406291 11.894286 1
5.77 -7.93 1.74 22.14 2.46 45.406291 11.894286 1
5.65 -7.91 1.76 22.14 2.46 45.406291 11.894286 1
5.64 -7.69 1.82 22.19 2.46 45.406291 11.894286 1
5.71 -7.69 1.76 21.95 2.46 45.406291 11.894286 1
5.67 -8.13 1.65 21.95 2.46 45.406291 11.894286 1
5.49 -8.23 1.74 21.83 2.46 45.406291 11.894286 1
5.39 -7.8 1.9 21.73 2.46 45.406291 11.894286 1
