6.04 -8.03 2.1 22.02 3.23 45.408020 11.888360 1 1
6.11 -7.89 2.11 21.87 3.23 45.408020 11.888360 1 1
6.05 -7.55 1.86 21.93 3.09 45.408014 11.888319 0 1
6.06 -7.51 1.72 21.97 3.09 45.408014 11.888319 1 1
6.11 -7.76 1.72 21.56 3.09 45.408014 11.888319 0 1
6.11 -7.84 1.67 21.9 3.09 45.408014 11.888319 1 1
6.13 -7.77 1.63 21.83 3.09 45.408014 11.888319 1 1
6.19 -7.76 1.7 21.93 3.09 45.408014 11.888319 1 1
6.12 -7.67 1.68 21.92 3.09 45.408014 11.888319 1 1
5.83 -7.56 1.55 21.97 3.09 45.408014 11.888319 1 1
5.62 -7.79 1.53 22.09 3.09 45.408014 11.888319 1 1
5.73 -8.14 1.71 22.04 3.09 45.408014 11.888319 1 1
5.94 -8.1 1.9 22.11 3.09 45.408014 11.888319 1 1
5.93 -7.89 1.89 22.17 3.09 45.408014 11.888319 1 1
5.81 -7.82 1.74 22.17 3.09 45.408014 11.888319 1 1
5.83 -7.67 1.71 22.4 3.09 45.408014 11.888319 1 1
5.92 -7.59 1.8 21.87 3.09 45.408014 11.888319 1 1
6.03 -7.94 1.8 21.76 3.09 45.408014 11.888319 1 1
6.12 -8.17 1.72 21.81 3.09 45.408014 11.888319 1 1
5.87 -7.86 1.84 21.47 3.09 45.408014 11.888319 1 1
5.49 -7.61 2.04 22.11 2.95 45.408002 11.888276 0 1
5.79 -7.59 2.06 22.05 2.95 45.408002 11.888276 1 1
6.3 -7.65 2.05 22.11 2.95 45.408002 11.888276 0 1
5.82 -8.02 2.06 21.69 2.95 45.408002 11.888276 1 1
5.2 -8.17 1.8 21.54 2.95 45.408002 11.888276 1 1
5.75 -7.6 1.61 21.9 2.95 45.408002 11.888276 1 1
5.97 -7.67 1.83 21.61 2.95 45.408002 11.888276 1 1
4.86 -8.36 1.69 21.25 2.95 45.408002 11.888276 1 1
5.17 -7.46 0.92 21.06 2.95 45.408002 11.888276 1 1
7.75 -6.45 0.89 21.11 2.95 45.408002 11.888276 1 1
8.31 -8.15 1.8 22.42 2.95 45.408002 11.888276 1 1
5.15 -8.5 1.86 25.35 2.95 45.408002 11.888276 1 1
2.8 -4.43 1.16 26.14 2.95 45.408002 11.888276 1 1
4.03 -3.75 1.7 22.67 2.95 45.408002 11.888276 1 1
5.74 -10.72 2.9 20.34 2.95 45.408002 11.888276 1 1
