1.93 -0.63 10.73 21.20
2.18 -0.61 10.75 21.23
3.12 -0.01 10.71 21.23
3.15 0.98 10.81 21.23
3.11 -0.26 10.68 21.25
2.63 0.11 10.41 21.33
2.10 0.22 10.75 21.42
3.59 -0.49 10.23 21.47
4.74 -0.32 10.59 21.35
3.11 -0.48 10.60 20.89
0.89 -1.23 11.73 20.63
2.33 0.75 11.15 20.68
3.75 -2.28 11.07 21.01
2.27 -1.94 10.79 21.13
3.22 -0.74 9.69 22.02
4.11 -0.76 11.22 22.52
0.30 1.06 10.11 21.88
0.17 -1.03 9.61 20.85
0.11 -0.58 11.51 20.58
1.42 -1.42 9.08 20.89
1.87 -0.23 10.89 21.20
0.95 -1.34 9.41 21.33
2.43 -3.75 10.00 22.05
1.71 -0.16 9.43 21.47
0.92 2.83 9.36 21.39
2.37 -0.92 9.63 21.18
-1.78 0.38 9.09 21.18
0.63 -2.35 10.73 21.23
4.56 -0.12 10.05 21.15
4.35 1.00 9.63 20.79
-1.02 -1.83 10.69 21.23
1.86 -0.69 11.97 21.33
1.91 1.80 11.57 21.27
1.38 -0.38 10.44 21.13
1.46 -2.98 9.58 21.13
2.49 -0.45 11.41 21.20
4.50 -1.66 9.66 21.28
2.13 -1.57 9.44 21.28
1.30 0.29 11.78 20.84
0.65 -0.45 11.37 21.25
1.52 -1.24 10.99 20.85
2.93 -2.43 10.25 21.23
2.03 -0.10 8.96 21.18
1.66 -1.67 12.29 20.41
1.63 -2.42 17.89 19.40
-2.31 -1.52 16.74 20.68
8.05 1.72 -9.41 25.52
10.26 -3.93 16.26 26.41
-4.93 -2.25 4.19 20.08
-0.11 0.83 4.75 19.40
0.48 0.59 3.79 20.48
2.67 -0.31 9.55 21.03
4.16 -0.39 11.93 20.85
2.57 -0.33 11.41 21.18
2.86 1.34 10.02 21.42
0.98 -0.40 10.20 21.28
3.30 -1.81 11.38 21.25
3.22 -0.69 11.34 21.32
2.64 -2.50 10.10 21.23
1.19 -1.99 11.50 21.28
1.36 -0.04 10.33 21.30
4.67 -2.08 9.28 21.28
2.48 -3.37 10.31 21.27
0.39 -1.26 11.23 20.84
1.15 3.03 9.67 21.35
3.23 -1.35 11.03 21.52
1.87 -1.54 11.03 21.32
1.20 -1.58 10.03 21.03
2.39 0.40 10.02 21.09
6.11 3.29 8.27 20.92
8.95 0.93 11.29 21.18
0.79 -3.48 9.03 21.92
-0.03 -0.88 8.43 22.36
-0.36 -0.32 10.94 21.44
4.01 -3.51 11.44 21.33
4.97 -1.91 9.66 21.18
0.74 -2.07 12.69 21.28
0.36 -1.41 8.96 21.49
1.26 0.20 11.77 21.28
2.50 -2.91 10.48 21.42
1.36 -0.58 12.71 21.28
1.26 -1.13 9.11 21.75
1.73 -2.66 11.51 21.52
3.09 0.42 13.15 21.52
15.91 -8.05 19.61 20.84
-1.25 0.21 6.70 21.45
0.10 -1.34 9.23 21.64
10.68 -6.47 19.39 21.57
-0.90 4.60 10.56 21.73
-0.71 -3.05 15.84 21.18
0.79 -0.46 9.38 21.15
1.80 -0.08 6.96 21.52
1.59 -0.84 9.41 21.18
0.97 1.04 12.90 21.30
2.41 -1.38 11.47 21.39
2.34 -2.16 9.86 21.32
1.84 -0.17 11.20 21.33
0.18 -0.98 9.56 21.87
2.63 0.38 10.50 21.18
2.10 -2.01 10.13 21.18
1.72 -2.33 12.25 21.28
2.13 -1.30 10.14 21.28
1.32 -0.94 11.44 21.25
0.85 0.04 10.09 21.32
1.73 -0.65 11.28 21.37
2.37 -1.34 11.39 21.28
2.50 0.25 10.96 21.25
1.30 -0.67 11.11 21.25
1.30 -0.97 11.14 21.37
1.09 -2.55 12.05 21.37
2.54 -0.45 10.58 21.37
0.73 -2.97 8.87 21.39
4.43 0.47 10.64 21.33
3.19 -1.98 10.80 21.28
1.44 -2.45 8.55 21.37
2.52 -1.14 9.59 21.35
1.89 -2.57 8.61 21.37
1.32 -1.44 11.61 21.81
2.36 -0.42 11.10 21.28
1.11 -0.94 11.51 21.25
2.19 0.21 10.89 21.28
1.35 -1.16 10.85 21.63
1.45 0.92 11.64 21.73
3.60 0.45 10.02 21.54
-0.62 1.31 -0.88 22.36
5.27 -0.86 2.56 22.91
5.53 -4.61 9.61 20.79
8.58 -3.90 5.50 20.31
7.67 4.41 6.35 21.57
1.45 -2.02 10.74 20.89
5.26 1.27 9.90 20.48
3.14 -3.24 8.81 23.02
2.51 -0.97 11.31 22.47
4.46 -3.35 11.36 21.03
-0.16 -4.10 7.30 21.32
4.99 -0.35 10.89 21.39
3.87 -1.38 12.82 23.65
1.91 0.11 11.01 21.92
0.72 -4.50 11.35 21.27
1.41 -1.81 11.38 21.13
-1.26 -1.79 12.31 21.33
2.74 -1.27 9.88 21.30
2.36 -2.12 9.23 21.28
2.05 -2.66 9.59 21.28
3.32 -1.83 11.28 21.18
1.76 0.78 7.57 21.30
4.42 0.99 10.79 21.33
2.91 -0.63 10.01 21.66
2.07 4.57 18.92 21.68
-11.71 -2.03 16.86 22.23
6.25 -2.96 15.38 20.92
11.40 -4.64 8.79 21.52
5.72 -4.67 16.99 21.87
7.62 -3.44 9.00 21.33
-3.81 -5.11 7.73 21.15
-1.05 -1.06 13.92 20.79
-0.51 -1.65 9.47 21.13
4.37 -3.24 10.83 21.63
1.89 -1.85 11.61 21.51
1.62 0.85 10.39 21.03
1.26 -0.91 12.67 21.08
3.42 -0.78 10.80 21.18
3.04 -2.27 11.60 20.96
3.73 -0.08 13.63 21.52
1.82 -1.40 10.44 22.90
2.23 0.66 4.60 23.34
2.63 -1.53 8.99 19.45
0.60 -2.42 13.35 17.92
0.98 -1.68 8.72 20.68
2.66 -0.97 9.06 21.69
2.16 -1.38 7.84 21.13
0.31 -1.08 11.67 21.23
3.24 0.47 9.64 21.08
2.74 0.67 7.99 20.01
4.91 -1.19 8.55 21.28
3.58 -2.83 12.34 22.81
2.22 0.11 9.32 22.71
5.44 0.04 9.84 21.49
5.74 -2.16 13.71 20.65
6.30 -2.78 11.63 20.89
0.94 -4.36 7.97 22.21
2.30 -1.82 9.72 21.44
2.80 -0.69 8.37 20.03
4.71 -3.93 11.81 20.97
1.38 -1.30 11.53 21.42
0.95 -0.68 10.72 21.54
2.19 -0.85 9.79 20.97
2.25 -2.02 10.12 20.79
1.79 -2.34 9.00 21.52
2.42 -2.22 9.67 21.25
3.80 0.18 12.65 21.08
0.39 -0.21 8.75 21.71
0.42 -1.58 11.78 21.28
2.35 -0.64 10.04 21.15
1.09 -0.81 10.40 21.42
2.01 -1.91 10.74 21.13
2.24 -1.62 11.82 21.08
2.36 -1.34 10.79 21.23
3.05 -0.91 11.32 21.18
3.11 -1.43 9.24 21.42
0.89 -0.62 10.10 21.32
1.57 0.01 10.60 21.15
1.13 -0.97 9.90 21.52
1.47 -2.92 10.62 21.23
2.09 -1.85 11.85 20.84
10.58 -1.87 9.69 21.20
-4.96 -3.61 17.58 21.42
3.46 1.41 11.24 21.97
3.11 -0.82 9.39 21.42
1.40 -3.43 13.08 20.79
-5.77 -1.43 9.29 20.97
3.28 -0.40 11.45 21.42
2.12 -1.33 10.51 21.42
2.53 -0.79 10.11 21.28
1.20 -0.60 11.93 21.54
1.51 -0.27 9.34 21.57
2.16 -1.28 11.58 21.03
1.30 -1.32 11.52 20.44
0.27 -0.98 12.67 20.89
2.96 -1.56 11.65 21.08
2.15 -1.00 11.11 21.37
2.09 -2.21 10.34 21.37
2.68 -1.08 10.04 21.15
3.03 -0.26 11.78 20.89
1.55 -1.28 10.88 21.37
1.65 -1.18 11.39 21.23
2.89 -1.23 10.54 21.30
3.47 -0.79 10.24 21.03
1.92 -1.65 11.41 21.28
3.00 -1.11 11.05 21.13
1.16 0.08 11.74 20.75
2.47 -0.69 11.18 21.18
3.36 -1.45 10.36 21.73
3.97 -1.21 10.98 21.52
2.51 -2.32 10.70 21.35
1.53 -2.20 9.43 21.33
2.59 -1.51 11.28 21.18
1.93 -2.12 10.89 21.28
1.91 -1.09 9.53 21.30
2.15 -0.38 9.46 21.28
3.93 -0.93 7.40 21.47
3.03 -0.24 10.18 21.57
2.47 -1.92 11.33 20.80
1.58 -2.32 10.09 20.73
6.89 0.69 5.14 21.42
2.99 -2.31 11.01 21.63
2.72 -1.69 10.94 21.09
6.51 0.33 8.89 20.97
3.22 -4.37 9.12 21.47
3.59 -1.95 11.07 21.76
3.36 -0.62 10.64 21.44
3.05 -2.11 9.78 21.03
2.83 -0.86 10.58 21.18
2.87 -0.92 9.27 21.37
1.90 -1.74 10.96 21.39
3.11 -3.25 10.54 21.23
1.04 -1.09 9.60 21.47
1.66 -2.53 9.74 21.63
3.67 -0.74 8.99 21.11
3.22 -2.37 9.73 20.73
2.61 -0.89 10.43 20.89
3.12 0.21 7.91 21.92
2.83 -2.63 11.64 21.88
1.23 0.61 8.60 20.89
1.84 -0.25 9.79 20.73
1.63 -1.02 8.07 20.46
0.12 -1.41 10.53 20.00
2.42 -2.53 11.23 20.84
2.34 0.25 8.88 22.47
3.35 -3.11 10.14 22.36
3.04 -1.03 10.71 21.39
0.52 -3.01 10.92 21.42
3.94 -5.12 13.43 21.37
2.67 0.93 -2.44 21.28
19.61 -8.66 -19.61 20.20
19.61 -19.61 19.61 24.20
4.07 -4.36 11.03 25.24
-19.61 -19.14 19.61 21.32
-13.21 19.61 18.63 21.81
3.69 0.18 13.94 21.42
4.82 -0.28 7.35 21.13
1.54 -1.46 9.54 21.30
1.50 1.09 11.50 21.20
0.74 1.30 14.45 21.18
-0.95 -0.33 11.33 21.42
0.51 -1.90 11.82 21.87
1.99 -1.97 11.39 21.20
0.23 0.75 12.53 21.42
1.20 0.59 10.76 21.37
1.44 -1.83 11.13 21.23
0.34 -2.89 12.71 21.30
1.35 -1.99 11.44 21.23
1.51 -3.81 10.90 21.18
2.31 -2.83 11.80 21.28
0.69 0.19 10.24 21.20
1.37 -0.19 9.26 21.23
2.15 -0.57 10.59 21.47
1.83 -0.42 12.19 21.33
3.24 0.27 11.16 21.25
3.77 0.98 9.44 21.44
2.57 -2.03 11.59 21.33
1.11 -0.57 10.18 21.32
1.02 0.28 9.76 21.54
1.86 0.24 7.55 21.69
1.61 -0.92 9.57 21.87
3.42 -3.52 10.82 21.18
3.86 -0.58 11.86 21.69
