2.03 -0.81 10.78 21.42
2.24 -0.12 10.65 21.04
2.85 -0.79 10.59 21.13
2.11 -1.58 10.57 21.13
2.89 -0.29 10.82 21.13
2.77 -0.97 10.65 21.54
2.56 -1.06 11.26 21.13
3.28 -1.65 10.35 21.23
4.07 -0.73 11.23 21.37
3.34 -0.59 10.87 21.44
3.14 -0.71 10.87 21.68
4.51 -0.60 10.54 21.87
3.31 -0.45 11.01 21.81
3.56 1.75 10.58 21.87
2.26 -0.57 11.08 20.97
1.07 0.97 11.22 20.75
0.99 1.42 11.23 21.49
0.71 -0.84 10.25 20.89
1.79 -1.65 10.93 21.42
3.29 -0.70 10.52 21.78
1.18 -2.93 10.99 21.30
2.23 -1.03 10.54 21.23
3.07 -0.92 10.37 21.23
3.73 -1.54 9.24 21.18
2.36 -2.41 10.98 21.25
4.48 -0.89 10.35 21.28
2.07 -0.84 10.51 21.28
2.00 -3.43 11.31 21.23
2.01 -0.90 10.87 21.23
2.40 -1.86 12.42 20.80
0.19 -1.44 10.76 21.23
1.02 1.41 11.16 20.89
2.45 -2.90 10.11 21.03
2.59 -1.87 11.37 21.04
1.85 -1.33 10.50 21.18
2.97 -1.46 10.05 21.23
3.19 -2.31 9.38 21.13
0.01 -0.96 11.26 21.09
0.87 -0.21 10.02 21.18
3.83 -1.97 11.80 21.13
1.41 -1.78 9.22 21.15
1.88 0.14 12.00 20.75
1.78 -2.28 8.97 20.00
6.25 4.34 5.62 20.00
-8.31 -1.89 7.66 22.57
8.07 -2.24 18.78 25.04
4.32 -1.61 7.45 21.76
3.86 7.04 6.42 19.26
3.43 0.38 9.21 20.20
2.44 -2.15 10.70 20.84
2.31 -3.21 10.92 21.03
4.27 1.28 10.87 20.97
3.52 0.12 10.08 21.35
1.89 -1.48 11.40 21.42
0.79 -0.54 10.37 21.28
0.95 -0.92 11.24 20.92
1.30 -1.83 9.52 21.25
2.04 -1.95 10.62 21.18
2.38 -2.75 11.26 21.28
2.03 -2.38 10.47 21.23
2.46 0.05 11.08 21.20
0.64 -1.35 12.22 21.18
-0.13 0.28 12.30 20.89
2.06 -1.23 11.01 21.33
4.26 -2.41 9.38 21.15
1.65 -1.20 13.79 21.23
1.61 -0.62 11.18 21.18
-2.21 0.36 11.23 20.92
2.25 0.06 5.14 20.84
-0.92 0.43 10.58 21.37
0.62 -1.98 11.10 24.52
1.07 0.67 13.79 21.23
0.52 1.29 11.41 21.08
4.67 -0.55 9.30 21.09
4.77 0.17 8.57 21.13
3.29 -4.25 9.59 21.28
3.01 -0.53 8.85 21.57
1.22 0.98 11.15 21.35
0.87 -0.33 11.84 21.47
-0.24 -0.47 10.98 21.23
3.94 -0.98 10.33 21.37
4.16 0.02 11.51 21.54
0.92 0.51 12.68 21.57
2.30 -2.50 16.44 21.97
13.30 -2.59 10.67 20.97
-2.19 -4.20 13.25 22.14
2.38 -2.05 7.76 22.47
4.21 -0.59 10.92 21.68
-2.78 0.10 7.64 21.18
4.59 -0.83 10.84 21.25
2.94 -0.73 8.83 21.54
-1.50 -1.40 12.69 21.23
2.85 0.49 11.36 21.13
1.91 -1.08 10.36 21.33
2.19 -2.11 10.34 21.33
3.49 -1.24 14.46 21.33
-1.70 -1.03 12.10 21.57
1.23 0.35 12.41 21.28
3.99 -2.84 9.70 21.18
2.83 -1.97 10.75 21.20
0.42 -0.89 9.98 21.28
-0.45 -1.74 11.06 21.33
1.74 0.52 12.15 21.23
2.20 -1.67 9.52 21.33
1.43 -1.90 9.91 21.28
2.27 -0.40 11.27 21.18
2.50 -0.17 9.95 21.28
2.25 -2.99 11.82 21.25
1.63 -1.78 11.55 21.37
-0.56 -3.16 11.50 21.47
0.95 -0.42 11.09 21.42
3.42 -1.67 9.91 21.35
1.73 -1.17 10.40 21.73
2.97 -1.67 10.39 21.32
2.77 -0.34 10.22 21.42
0.62 -0.05 11.24 21.35
2.14 -2.02 11.26 21.42
1.32 -1.78 11.61 21.52
1.31 -0.56 11.77 21.23
2.79 -1.97 11.49 21.23
1.41 -0.80 14.11 21.33
2.60 -0.22 11.89 21.37
1.80 -0.43 13.28 21.73
0.87 -1.74 11.60 21.87
2.85 0.33 10.37 22.28
2.15 5.07 7.49 22.78
3.54 0.15 12.84 22.96
1.39 -1.29 10.51 20.49
1.91 0.17 7.50 20.10
1.25 -1.40 7.65 21.20
3.41 -1.12 11.35 21.28
-1.57 -0.36 16.09 20.44
-0.62 3.67 10.69 21.18
3.29 -0.45 12.27 22.98
-0.16 -0.31 12.43 21.78
-1.20 -1.96 9.27 21.13
4.41 -0.14 9.81 21.81
3.60 -1.69 10.32 21.42
2.49 0.06 10.27 21.64
1.54 -1.87 11.38 21.37
2.85 0.56 10.45 21.68
-0.62 -1.31 10.71 21.18
2.08 -0.52 8.82 21.30
2.26 -0.30 9.95 21.81
-0.51 -0.07 12.22 21.33
3.22 0.94 10.82 21.33
0.65 -0.04 11.48 22.04
1.78 -0.65 11.24 21.64
1.21 -0.26 9.05 21.81
4.43 -1.76 12.17 21.32
2.55 -2.51 9.97 21.39
3.74 -2.98 12.41 21.81
3.70 -2.68 8.49 22.21
6.28 2.91 5.44 22.91
2.26 -1.08 15.78 20.68
2.51 -1.74 5.85 20.80
0.72 -2.74 6.08 21.49
1.18 -3.08 9.49 21.52
6.28 0.16 12.51 21.13
-1.85 -4.49 13.30 20.65
3.01 -1.75 11.87 20.99
2.38 -0.92 11.71 21.63
3.50 -1.29 10.90 21.63
2.08 -0.71 12.79 21.33
2.07 -0.56 12.59 20.99
2.75 0.59 9.69 21.13
1.63 -0.95 10.81 21.18
-0.03 -0.74 12.90 21.49
3.60 -1.56 16.57 21.64
2.77 -1.75 10.86 23.41
4.77 -0.46 6.08 23.55
2.51 -1.50 8.34 20.58
2.81 -1.67 11.54 18.13
0.37 -1.92 11.02 19.45
2.49 -1.01 10.81 21.28
1.13 -1.84 12.14 21.54
1.63 -0.88 9.63 21.15
1.42 -0.85 10.30 21.23
1.20 -0.24 9.69 20.92
2.44 1.71 11.33 20.39
2.58 -3.73 11.93 20.91
-0.21 1.13 11.59 21.23
0.47 -3.66 11.80 22.11
2.34 -1.49 9.64 21.83
2.82 -2.83 10.86 21.35
2.91 -2.02 10.84 20.79
2.22 -2.02 13.54 20.79
-0.12 -0.89 11.10 22.11
5.31 -1.29 11.07 21.54
1.75 -1.34 10.54 20.58
2.91 0.26 12.56 20.68
-0.82 0.61 11.94 21.23
3.54 -0.72 9.82 21.59
2.49 -1.32 9.10 21.52
2.46 -0.43 10.60 20.80
2.84 -2.30 11.43 20.89
1.41 -2.25 10.38 21.57
2.60 -3.05 11.31 21.33
3.28 -1.10 12.65 21.09
3.58 -0.68 9.63 21.57
3.32 1.19 10.16 21.47
2.66 1.30 10.94 21.18
2.22 -1.50 11.75 21.30
1.44 -1.40 10.39 21.33
2.12 -2.26 10.41 21.03
0.85 -0.12 10.43 20.79
1.23 -2.06 10.89 21.25
0.85 0.52 12.14 21.13
2.21 -1.09 10.17 21.42
2.96 -0.35 10.36 21.47
1.55 -0.97 11.51 21.09
2.01 -1.37 9.65 22.16
1.56 -1.54 11.51 21.37
2.08 -0.74 10.30 20.89
2.50 -1.03 12.22 21.15
1.07 -1.29 8.65 21.32
0.14 -1.30 10.66 21.63
3.18 -0.39 10.05 21.37
0.82 0.95 9.20 21.42
1.31 -2.02 12.50 21.08
0.82 1.32 11.59 20.89
3.49 -1.18 11.32 20.84
3.02 -2.57 11.05 21.47
2.84 -2.43 11.66 21.42
1.97 -0.71 10.33 21.52
1.85 0.04 11.12 21.97
1.01 -0.06 10.70 21.25
1.34 -0.53 10.17 20.85
1.48 -1.10 11.55 20.89
0.70 -0.71 12.18 21.03
2.36 -1.03 10.28 21.18
1.69 -0.13 10.60 21.28
1.33 -2.67 11.44 21.42
1.53 -1.96 10.51 21.23
1.48 -1.21 9.87 21.15
1.83 -0.90 12.05 21.25
0.61 -1.13 10.88 21.42
1.63 -0.47 10.71 21.57
2.35 0.32 10.60 20.79
4.89 0.33 11.80 21.03
1.58 -0.92 10.26 21.23
1.76 -0.66 10.38 21.13
2.89 -0.83 10.41 20.84
2.34 -1.64 10.62 20.99
1.37 -0.56 10.75 21.52
2.23 -0.94 12.14 21.63
1.44 -2.24 10.94 21.57
1.58 -1.24 11.37 21.35
0.91 -1.61 13.01 20.85
2.00 -1.75 11.17 20.84
1.69 -0.34 11.33 21.28
2.56 -1.36 9.86 21.25
2.67 -0.99 8.64 21.33
4.51 -0.57 8.23 21.47
1.56 -1.36 11.62 21.42
1.54 -1.64 10.22 21.01
3.35 -1.14 10.56 20.84
2.93 0.06 12.10 21.13
4.39 0.11 9.47 21.97
3.04 -2.04 8.23 21.35
1.93 -1.36 8.75 21.08
3.30 1.50 11.06 21.08
2.47 0.11 9.79 21.42
3.15 -1.68 9.40 21.73
0.75 0.22 11.12 20.96
2.23 -0.79 10.58 20.97
2.46 -0.98 10.75 21.18
1.24 -0.64 12.09 21.28
1.87 -1.58 10.40 21.37
2.72 -0.94 8.79 21.33
2.46 -2.01 12.07 21.23
-0.28 -0.49 10.52 21.52
-0.19 -1.31 11.09 21.49
2.94 -2.82 8.99 21.03
0.33 -0.77 10.01 20.84
0.84 -1.54 10.22 20.94
4.46 -1.96 8.12 22.23
1.93 -2.50 11.56 22.02
2.67 -0.41 9.77 21.08
2.93 -1.00 10.67 20.79
-0.14 -0.35 10.66 20.84
2.27 -1.51 10.78 20.10
0.76 -1.78 11.58 20.13
1.75 0.03 12.35 21.40
1.89 -0.60 11.72 22.71
1.70 -1.55 10.85 21.73
2.55 -1.04 11.41 21.33
0.08 -2.37 12.65 21.39
1.62 -2.72 8.92 21.37
5.90 0.23 -2.31 21.33
-10.48 19.61 2.50 19.74
-6.07 -18.47 19.61 23.32
10.98 -11.50 8.74 24.25
19.61 11.38 0.25 20.31
-19.61 -1.90 -19.61 21.93
11.26 3.29 -4.70 21.68
8.05 -1.94 5.76 21.42
3.45 -0.77 12.80 21.18
2.27 -1.21 8.27 21.35
-0.11 -0.36 11.59 21.08
2.00 -1.26 10.40 21.28
3.27 0.63 9.28 21.52
4.66 -2.21 9.80 21.15
1.65 -1.74 10.21 21.23
2.43 -2.37 10.20 21.87
0.20 -2.18 11.21 21.28
0.75 0.12 10.45 21.23
2.50 -1.01 11.90 21.40
1.90 -0.91 10.00 21.18
0.77 -0.52 10.26 20.89
0.54 -0.45 11.35 21.40
-0.17 -0.52 11.80 21.28
1.42 -1.32 11.29 21.47
1.87 -1.96 10.07 21.47
1.52 0.63 12.30 21.18
0.24 -1.64 11.43 21.25
3.16 -1.85 11.05 21.47
2.06 1.02 11.70 21.37
2.97 -0.71 10.93 21.76
1.86 1.18 10.52 21.42
0.40 1.40 10.62 21.54
2.15 -1.58 11.73 21.68
3.67 -1.12 10.59 21.28
2.87 -1.30 11.82 21.18
3.67 -0.74 9.30 21.51
2.20 0.12 9.29 21.47
1.20 -2.24 11.96 20.73
1.48 3.79 8.42 21.73
1.96 0.65 11.13 22.33
5.46 -1.23 7.44 21.87
2.66 -0.81 9.12 20.73
1.12 -1.60 10.41 21.52
1.30 -1.65 11.12 21.40
0.92 -0.50 11.38 21.68
