5.48 -10.7 2.23 20.17 2.34 45.406368 11.895497 1
6.3 -9.97 1.74 20.99 2.34 45.406368 11.895497 1
5.34 -7.22 1.3 22.36 2.34 45.406368 11.895497 1
4.31 -6.46 1.46 23.84 2.34 45.406368 11.895497 1
5.28 -6.7 1.89 22.93 2.34 45.406368 11.895497 1
6.83 -7.18 2.15 21.8 2.34 45.406368 11.895497 1
6.94 -8.59 2.13 21.95 2.34 45.406368 11.895497 1
5.89 -9.15 1.82 21.63 2.34 45.406368 11.895497 1
5.04 -7.87 1.47 24.8 2.34 45.406368 11.895497 1
5.21 -7.17 1.57 22.59 2.05 45.406372 11.895524 0
6.02 -7.89 1.98 22.16 2.05 45.406372 11.895524 1
6.26 -8.21 2.08 22.12 2.05 45.406372 11.895524 0
5.71 -8.0 1.86 21.8 2.05 45.406372 11.895524 1
5.41 -8.11 1.75 22.29 2.05 45.406372 11.895524 1
5.71 -8.05 1.77 21.95 2.05 45.406372 11.895524 1
5.95 -7.73 1.7 22.19 2.05 45.406372 11.895524 1
5.93 -7.87 1.66 22.4 2.05 45.406372 11.895524 1
5.83 -8.14 1.71 22.0 2.05 45.406372 11.895524 1
5.67 -7.99 1.71 23.27 2.05 45.406372 11.895524 1
5.64 -7.84 1.65 22.05 2.05 45.406372 11.895524 1
5.88 -7.9 1.7 22.0 2.05 45.406372 11.895524 1
5.97 -7.85 1.8 21.97 2.05 45.406372 11.895524 1
5.78 -7.83 1.7 21.9 2.05 45.406372 11.895524 1
5.83 -7.97 1.45 21.9 2.05 45.406372 11.895524 1
6.05 -7.94 1.4 21.97 2.05 45.406372 11.895524 1
5.95 -7.77 1.6 22.31 2.05 45.406372 11.895524 1
5.76 -7.81 1.75 27.75 2.69 45.406374 11.895559 0
5.82 -7.91 1.73 22.45 2.69 45.406374 11.895559 1
5.88 -7.94 1.68 22.31 2.69 45.406374 11.895559 0
5.81 -8.12 1.57 21.85 2.69 45.406374 11.895559 1
5.86 -8.36 1.44 21.39 2.69 45.406374 11.895559 1
5.9 -8.24 1.54 21.9 2.69 45.406374 11.895559 1
5.7 -7.89 1.82 22.29 2.69 45.406374 11.895559 1
5.59 -7.8 1.81 22.69 2.69 45.406374 11.895559 1
5.71 -8.01 1.55 22.5 2.69 45.406374 11.895559 1
