5.7 -8.17 1.53 22.45 2.69 45.406374 11.895559 1
5.6 -8.13 1.79 21.95 2.69 45.406374 11.895559 1
5.74 -8.06 1.86 21.95 2.69 45.406374 11.895559 1
5.89 -8.07 1.73 22.79 2.69 45.406374 11.895559 1
5.77 -8.04 1.67 22.11 2.69 45.406374 11.895559 1
5.7 -7.88 1.68 22.88 2.69 45.406374 11.895559 1
5.87 -7.82 1.63 22.81 2.69 45.406374 11.895559 1
5.96 -7.96 1.68 22.24 2.69 45.406374 11.895559 1
5.86 -8.04 1.88 22.31 2.69 45.406374 11.895559 1
5.72 -7.9 1.98 21.99 2.16 45.406374 11.895589 0
5.63 -7.78 1.89 21.95 2.16 45.406374 11.895589 1
5.73 -7.86 1.73 23.68 2.16 45.406374 11.895589 0
6.05 -7.99 1.57 21.68 2.16 45.406374 11.895589 1
6.1 -8.02 1.52 22.54 2.16 45.406374 11.895589 1
5.72 -7.93 1.67 22.14 2.16 45.406374 11.895589 1
5.51 -7.72 1.87 23.84 2.16 45.406374 11.895589 1
5.74 -7.6 1.9 23.44 2.16 45.406374 11.895589 1
5.95 -7.86 1.81 22.0 2.16 45.406374 11.895589 1
5.93 -8.29 1.77 21.95 2.16 45.406374 11.895589 1
5.92 -8.34 1.71 21.95 2.16 45.406374 11.895589 1
5.86 -7.95 1.64 22.05 2.16 45.406374 11.895589 1
5.65 -7.68 1.62 22.54 2.16 45.406374 11.895589 1
5.58 -7.79 1.6 22.11 2.16 45.406374 11.895589 1
5.8 -8.03 1.49 22.05 2.16 45.406374 11.895589 1
5.99 -8.11 1.35 22.52 2.16 45.406374 11.895589 1
6.0 -8.11 1.31 22.52 2.16 45.406374 11.895589 1
5.99 -8.11 1.32 22.52 2.16 45.406374 11.895589 1
6.02 -8.11 1.32 22.52 2.16 45.406374 11.895589 1
6.01 -8.11 1.32 22.53 2.16 45.406374 11.895589 1
5.99 -8.11 1.32 22.52 2.16 45.406374 11.895589 1
6.01 -8.12 1.31 22.53 2.16 45.406374 11.895589 1
6.01 -8.12 1.31 22.52 2.16 45.406374 11.895589 1
6.0 -8.13 1.31 22.52 2.16 45.406374 11.895589 1
6.0 -8.13 1.32 22.52 2.16 45.406374 11.895589 1
6.01 -8.12 1.32 22.53 2.16 45.406374 11.895589 1
