5.91 -8.11 1.85 22.86 2.65 45.406364 11.895074 1
5.77 -7.89 1.69 22.48 2.65 45.406364 11.895074 1
5.7 -7.84 1.7 22.05 2.65 45.406364 11.895074 1
5.87 -7.95 1.82 22.05 2.65 45.406364 11.895074 1
5.98 -7.88 1.84 22.05 2.65 45.406364 11.895074 1
5.9 -7.77 1.78 22.48 2.65 45.406364 11.895074 1
5.84 -7.89 1.79 22.04 2.65 45.406364 11.895074 1
5.83 -8.01 1.83 21.95 2.65 45.406364 11.895074 1
5.78 -7.91 1.83 21.64 2.71 45.406363 11.895108 0
5.8 -7.77 1.81 22.36 2.71 45.406363 11.895108 1
5.97 -7.8 1.76 22.05 2.71 45.406363 11.895108 1
6.01 -7.91 1.72 22.45 2.71 45.406363 11.895108 0
5.83 -7.98 1.79 21.59 2.71 45.406363 11.895108 1
5.7 -7.95 1.86 22.31 2.71 45.406363 11.895108 1
5.73 -7.85 1.82 21.95 2.71 45.406363 11.895108 1
5.76 -7.83 1.76 21.81 2.71 45.406363 11.895108 1
5.74 -7.98 1.72 21.92 2.71 45.406363 11.895108 1
5.78 -8.09 1.67 22.0 2.71 45.406363 11.895108 1
5.8 -7.89 1.66 21.59 2.71 45.406363 11.895108 1
5.75 -7.67 1.73 22.05 2.71 45.406363 11.895108 1
5.75 -7.78 1.76 22.05 2.71 45.406363 11.895108 1
5.86 -8.01 1.74 21.97 2.71 45.406363 11.895108 1
5.89 -7.92 1.79 22.11 2.71 45.406363 11.895108 1
5.75 -7.67 1.86 22.11 2.71 45.406363 11.895108 1
5.7 -7.75 1.86 22.05 2.71 45.406363 11.895108 1
5.86 -8.02 1.89 21.92 2.71 45.406363 11.895108 1
5.94 -8.03 1.95 22.42 2.58 45.406363 11.895141 0
5.83 -7.81 1.88 21.88 2.58 45.406363 11.895141 1
5.77 -7.77 1.72 21.85 2.58 45.406363 11.895141 0
5.87 -7.97 1.71 21.95 2.58 45.406363 11.895141 1
5.88 -8.05 1.83 22.0 2.58 45.406363 11.895141 1
5.72 -7.92 1.85 21.88 2.58 45.406363 11.895141 1
5.64 -7.81 1.81 21.88 2.58 45.406363 11.895141 1
5.74 -7.87 1.84 21.9 2.58 45.406363 11.895141 1
5.91 -7.98 1.88 21.92 2.58 45.406363 11.895141 1
