5.68 -7.65 1.62 23.24 3.0 45.406373 11.895425 1
5.54 -7.83 1.76 22.71 3.0 45.406373 11.895425 1
5.8 -7.9 1.81 22.11 3.0 45.406373 11.895425 1
5.9 -7.86 1.73 22.91 3.0 45.406373 11.895425 1
5.77 -8.07 1.73 23.8 3.0 45.406373 11.895425 1
5.79 -8.17 1.69 22.28 3.0 45.406373 11.895425 1
5.84 -7.95 1.63 21.9 3.0 45.406373 11.895425 1
5.77 -7.97 1.97 23.92 3.0 45.406373 11.895425 1
5.67 -8.0 2.43 22.45 3.0 45.406373 11.895425 1
5.54 -7.55 2.15 22.04 3.0 45.406371 11.895465 0
5.62 -7.4 1.47 22.42 3.0 45.406371 11.895465 1
6.09 -7.98 1.49 21.8 3.0 45.406371 11.895465 0
6.15 -8.23 1.99 21.75 3.0 45.406371 11.895465 1
5.52 -8.02 1.99 22.16 3.0 45.406371 11.895465 1
5.45 -8.07 1.71 22.26 3.0 45.406371 11.895465 1
5.99 -7.78 1.73 21.81 3.0 45.406371 11.895465 1
5.61 -7.16 1.7 22.02 3.0 45.406371 11.895465 1
5.02 -7.47 1.45 21.81 3.0 45.406371 11.895465 1
6.05 -8.06 1.58 21.9 3.0 45.406371 11.895465 1
7.24 -7.84 2.0 21.13 3.0 45.406371 11.895465 1
6.54 -8.25 1.92 21.69 3.0 45.406371 11.895465 1
5.3 -8.92 1.42 22.72 3.0 45.406371 11.895465 1
5.05 -7.34 1.38 23.63 3.0 45.406371 11.895465 1
5.19 -5.79 1.9 23.79 3.0 45.406371 11.895465 1
5.59 -7.87 2.13 21.51 3.0 45.406371 11.895465 1
6.08 -10.08 1.62 22.9 3.0 45.406371 11.895465 1
5.36 -8.67 0.98 24.39 2.34 45.406368 11.895497 0
4.49 -7.05 1.03 24.23 2.34 45.406368 11.895497 1
5.81 -7.63 1.71 22.42 2.34 45.406368 11.895497 0
7.5 -8.11 2.23 21.11 2.34 45.406368 11.895497 1
6.68 -8.42 2.19 21.32 2.34 45.406368 11.895497 1
5.19 -8.89 1.85 21.93 2.34 45.406368 11.895497 1
5.2 -7.12 1.6 22.98 2.34 45.406368 11.895497 1
5.2 -5.0 1.71 21.61 2.34 45.406368 11.895497 1
4.76 -7.18 2.13 21.4 2.34 45.406368 11.895497 1
