5.89 -7.67 1.86 23.58 2.75 45.406312 11.893947 0
5.64 -7.7 2.09 21.99 2.75 45.406312 11.893947 1
5.45 -8.15 1.84 22.91 2.75 45.406312 11.893947 1
5.33 -8.39 1.47 22.5 2.75 45.406312 11.893947 1
5.46 -8.02 1.37 22.83 2.75 45.406312 11.893947 1
5.78 -7.68 1.43 26.03 2.75 45.406312 11.893947 1
5.86 -7.79 1.51 28.01 2.75 45.406312 11.893947 1
5.7 -7.92 1.69 27.2 2.75 45.406312 11.893947 1
5.89 -7.78 1.92 22.02 2.75 45.406312 11.893947 1
6.26 -7.58 2.09 22.05 2.75 45.406312 11.893947 1
6.11 -7.59 2.15 25.09 2.75 45.406312 11.893947 1
5.73 -7.75 1.96 22.09 2.75 45.406312 11.893947 0
5.98 -7.79 1.58 22.86 2.75 45.406312 11.893947 1
6.46 -7.63 1.47 21.9 2.75 45.406312 11.893947 0
6.34 -7.62 1.76 22.29 2.75 45.406312 11.893947 1
5.87 -7.9 1.98 24.75 2.75 45.406312 11.893947 1
5.65 -8.11 1.83 22.35 2.75 45.406312 11.893947 1
5.56 -8.12 1.58 21.83 2.75 45.406312 11.893947 1
5.59 -8.07 1.53 26.75 2.75 45.406312 11.893947 1
5.84 -7.93 1.67 22.16 2.75 45.406312 11.893947 1
5.88 -7.79 1.83 22.96 2.75 45.406312 11.893947 1
5.62 -7.94 1.81 22.66 2.75 45.406312 11.893947 1
5.72 -8.14 1.7 22.55 2.75 45.406312 11.893947 1
6.15 -7.89 1.78 22.57 2.75 45.406312 11.893947 1
6.2 -7.56 2.08 22.98 2.75 45.406312 11.893947 1
5.91 -7.71 2.32 22.17 2.75 45.406312 11.893947 1
5.84 -7.91 2.31 23.38 2.75 45.406312 11.893947 1
5.9 -7.73 2.08 21.99 2.75 45.406312 11.893947 1
5.85 -7.64 1.87 22.35 2.58 45.406320 11.893975 0
5.83 -7.93 1.86 21.92 2.58 45.406320 11.893975 1
5.78 -8.05 1.96 22.76 2.58 45.406320 11.893975 0
5.64 -7.82 1.87 23.26 2.58 45.406320 11.893975 1
5.73 -7.73 1.62 23.2 2.58 45.406320 11.893975 1
5.99 -7.87 1.5 28.73 2.58 45.406320 11.893975 1
5.98 -7.87 1.61 21.9 2.58 45.406320 11.893975 1
5.74 -7.73 1.76 22.26 2.58 45.406320 11.893975 1
5.74 -7.71 1.75 23.08 2.58 45.406320 11.893975 1
5.98 -7.79 1.62 22.86 2.58 45.406320 11.893975 1
6.08 -7.79 1.53 22.02 2.58 45.406320 11.893975 1
5.93 -7.81 1.6 22.5 2.58 45.406320 11.893975 1
5.79 -7.88 1.73 22.66 2.58 45.406320 11.893975 1
5.85 -7.85 1.78 23.07 2.58 45.406320 11.893975 1
5.9 -7.82 1.69 22.52 2.58 45.406320 11.893975 1
5.69 -8.03 1.5 22.48 2.58 45.406320 11.893975 1
5.49 -8.26 1.48 22.93 2.58 45.406320 11.893975 1
5.62 -8.09 1.83 21.99 2.58 45.406320 11.893975 1
5.86 -7.76 2.15 22.45 2.68 45.406326 11.894007 0
5.9 -7.78 1.96 23.27 2.68 45.406326 11.894007 1
5.84 -7.87 1.62 23.07 2.68 45.406326 11.894007 0
5.86 -7.6 1.74 22.42 2.68 45.406326 11.894007 1
5.87 -7.42 1.95 22.24 2.68 45.406326 11.894007 1
5.84 -7.72 1.86 21.93 2.68 45.406326 11.894007 1
5.83 -7.88 1.87 21.78 2.68 45.406326 11.894007 1
5.78 -7.61 2.1 22.45 2.68 45.406326 11.894007 1
5.71 -7.61 2.01 22.5 2.68 45.406326 11.894007 1
5.68 -8.0 1.76 22.42 2.68 45.406326 11.894007 1
5.69 -8.06 1.98 22.36 2.68 45.406326 11.894007 1
5.72 -7.8 2.33 22.45 2.68 45.406326 11.894007 1
5.8 -7.85 2.06 22.5 2.68 45.406326 11.894007 1
5.93 -8.04 1.58 22.66 2.68 45.406326 11.894007 1
6.04 -7.9 1.62 23.43 2.68 45.406326 11.894007 1
6.08 -7.66 1.9 22.09 2.68 45.406326 11.894007 1
6.0 -7.74 1.85 22.26 2.68 45.406326 11.894007 1
5.95 -7.96 1.68 22.21 1.86 45.406327 11.894032 0
5.99 -7.98 1.75 22.86 1.86 45.406327 11.894032 1
5.99 -7.78 1.82 21.9 1.86 45.406327 11.894032 1
5.92 -7.67 1.66 22.36 1.86 45.406327 11.894032 0
5.91 -7.85 1.53 22.36 1.86 45.406327 11.894032 1
5.86 -8.1 1.58 22.71 1.86 45.406327 11.894032 1
5.59 -7.98 1.7 21.95 1.86 45.406327 11.894032 1
5.43 -7.69 1.88 23.26 1.86 45.406327 11.894032 1
5.71 -7.73 2.05 22.45 1.86 45.406327 11.894032 1
6.09 -7.94 1.9 22.04 1.86 45.406327 11.894032 1
6.14 -7.88 1.63 22.0 1.86 45.406327 11.894032 1
5.93 -7.72 1.74 22.5 1.86 45.406327 11.894032 1
5.75 -7.67 1.98 22.88 1.86 45.406327 11.894032 1
5.85 -7.68 1.73 22.36 1.86 45.406327 11.894032 1
6.27 -7.87 1.34 22.71 1.86 45.406327 11.894032 1
6.42 -8.11 1.47 21.95 1.86 45.406327 11.894032 1
5.8 -7.93 1.91 22.45 1.86 45.406327 11.894032 1
5.12 -7.59 2.1 21.93 1.86 45.406327 11.894032 1
5.36 -7.79 1.98 21.37 2.42 45.406323 11.894062 0
6.06 -8.15 1.7 21.23 2.42 45.406323 11.894062 1
6.15 -7.96 1.37 21.33 2.42 45.406323 11.894062 0
5.82 -7.66 1.27 22.52 2.42 45.406323 11.894062 1
5.86 -7.71 1.49 22.9 2.42 45.406323 11.894062 1
6.17 -7.68 1.64 22.24 2.42 45.406323 11.894062 1
6.27 -7.66 1.59 21.39 2.42 45.406323 11.894062 1
6.16 -8.07 1.64 21.75 2.42 45.406323 11.894062 1
5.98 -8.23 1.91 23.15 2.42 45.406323 11.894062 1
5.87 -7.74 2.09 22.0 2.42 45.406323 11.894062 1
5.97 -7.63 2.03 21.85 2.42 45.406323 11.894062 1
6.01 -8.21 1.88 22.0 2.42 45.406323 11.894062 1
5.67 -8.31 1.79 22.07 2.42 45.406323 11.894062 1
5.37 -7.77 1.74 22.11 2.42 45.406323 11.894062 1
5.55 -7.72 1.75 22.0 2.42 45.406323 11.894062 1
5.77 -8.14 1.8 22.38 2.42 45.406323 11.894062 1
5.75 -8.12 1.75 22.31 2.42 45.406323 11.894062 1
5.84 -7.76 1.67 21.57 2.08 45.406315 11.894090 0
5.97 -7.73 1.79 22.04 2.08 45.406315 11.894090 1
5.76 -7.91 2.01 23.41 2.08 45.406315 11.894090 1
5.62 -7.97 1.96 21.8 2.08 45.406315 11.894090 0
5.96 -8.1 1.74 21.69 2.08 45.406315 11.894090 1
6.2 -8.33 1.77 22.02 2.08 45.406315 11.894090 1
5.84 -8.17 1.97 23.07 2.08 45.406315 11.894090 1
5.41 -7.48 1.95 22.35 2.08 45.406315 11.894090 1
5.45 -7.11 1.85 22.04 2.08 45.406315 11.894090 1
5.73 -7.69 1.93 22.5 2.08 45.406315 11.894090 1
5.89 -8.42 1.97 22.0 2.08 45.406315 11.894090 1
5.81 -8.3 1.78 22.02 2.08 45.406315 11.894090 1
5.66 -7.61 1.65 22.14 2.08 45.406315 11.894090 1
5.75 -7.36 1.72 22.86 2.08 45.406315 11.894090 1
6.1 -7.7 1.74 22.04 2.08 45.406315 11.894090 1
6.22 -7.95 1.68 21.97 2.08 45.406315 11.894090 1
5.94 -7.8 1.76 22.0 2.08 45.406315 11.894090 1
5.71 -7.63 1.88 21.9 2.08 45.406315 11.894090 1
5.83 -7.76 1.79 22.4 1.55 45.406318 11.894111 0
6.01 -7.93 1.68 23.27 1.55 45.406318 11.894111 1
5.89 -7.92 1.71 23.36 1.55 45.406318 11.894111 0
5.6 -7.91 1.69 21.63 1.55 45.406318 11.894111 1
5.51 -8.01 1.56 21.97 1.55 45.406318 11.894111 1
5.77 -8.0 1.69 22.42 1.55 45.406318 11.894111 1
6.03 -7.81 2.04 22.0 1.55 45.406318 11.894111 1
6.0 -7.7 2.14 22.45 1.55 45.406318 11.894111 1
5.86 -7.79 1.94 22.88 1.55 45.406318 11.894111 1
5.9 -7.87 1.83 22.5 1.55 45.406318 11.894111 1
5.96 -7.83 1.86 22.12 1.55 45.406318 11.894111 1
5.92 -7.77 1.81 23.79 1.55 45.406318 11.894111 1
5.91 -7.77 1.81 22.96 1.55 45.406318 11.894111 1
5.89 -7.76 1.96 22.96 1.55 45.406318 11.894111 1
5.77 -7.81 1.95 22.04 1.55 45.406318 11.894111 1
5.75 -8.01 1.69 21.57 1.55 45.406318 11.894111 1
5.86 -8.1 1.6 21.93 1.55 45.406318 11.894111 1
5.75 -7.89 1.83 23.15 1.82 45.406321 11.894136 0
5.53 -7.71 1.97 22.0 1.82 45.406321 11.894136 1
5.64 -7.87 1.86 22.45 1.82 45.406321 11.894136 1
5.93 -8.01 1.8 21.42 1.82 45.406321 11.894136 0
6.02 -7.79 1.83 21.44 1.82 45.406321 11.894136 1
6.06 -7.55 1.72 21.81 1.82 45.406321 11.894136 1
6.15 -7.56 1.53 21.4 1.82 45.406321 11.894136 1
5.95 -7.65 1.66 21.85 1.82 45.406321 11.894136 1
5.64 -7.75 2.06 21.51 1.82 45.406321 11.894136 1
5.76 -7.99 2.15 21.56 1.82 45.406321 11.894136 1
5.99 -8.19 1.75 22.02 1.82 45.406321 11.894136 1
5.7 -8.14 1.39 22.09 1.82 45.406321 11.894136 1
5.27 -7.99 1.48 22.62 1.82 45.406321 11.894136 1
5.46 -7.95 1.73 22.05 1.82 45.406321 11.894136 1
5.92 -7.99 1.75 21.97 1.82 45.406321 11.894136 1
5.95 -8.0 1.66 21.64 1.82 45.406321 11.894136 1
5.68 -7.89 1.68 21.59 1.82 45.406321 11.894136 1
5.68 -7.68 1.81 21.83 1.82 45.406321 11.894136 1
5.88 -7.58 1.96 21.42 2.29 45.406322 11.894169 0
5.96 -7.7 2.03 21.33 2.29 45.406322 11.894169 1
5.96 -7.81 1.96 21.69 2.29 45.406322 11.894169 0
6.04 -7.72 1.84 21.42 2.29 45.406322 11.894169 1
6.05 -7.66 1.8 22.48 2.29 45.406322 11.894169 1
5.8 -7.85 1.77 22.04 2.29 45.406322 11.894169 1
5.52 -8.08 1.69 22.09 2.29 45.406322 11.894169 1
5.57 -8.11 1.69 22.45 2.29 45.406322 11.894169 1
5.85 -8.03 1.8 23.41 2.29 45.406322 11.894169 1
5.96 -8.02 1.85 22.09 2.29 45.406322 11.894169 1
5.89 -7.96 1.81 22.5 2.29 45.406322 11.894169 1
5.92 -7.81 1.82 22.52 2.29 45.406322 11.894169 1
6.03 -7.74 1.87 22.47 2.29 45.406322 11.894169 1
6.07 -7.81 1.86 22.96 2.29 45.406322 11.894169 1
6.07 -7.79 1.83 22.5 2.29 45.406322 11.894169 1
6.07 -7.63 1.83 22.0 2.29 45.406322 11.894169 1
5.94 -7.65 1.83 22.21 2.29 45.406322 11.894169 1
5.79 -7.89 1.77 22.62 2.29 45.406322 11.894169 1
5.76 -8.0 1.65 23.56 2.6 45.406324 11.894204 0
5.72 -7.91 1.61 22.64 2.6 45.406324 11.894204 1
5.65 -7.86 1.7 21.81 2.6 45.406324 11.894204 0
5.72 -7.93 1.8 21.69 2.6 45.406324 11.894204 1
5.85 -7.94 1.8 22.74 2.6 45.406324 11.894204 1
5.84 -7.84 1.78 21.83 2.6 45.406324 11.894204 1
5.83 -7.74 1.89 21.83 2.6 45.406324 11.894204 1
5.96 -7.7 2.01 21.88 2.6 45.406324 11.894204 1
6.02 -7.77 1.9 22.4 2.6 45.406324 11.894204 1
5.91 -7.87 1.7 22.35 2.6 45.406324 11.894204 1
5.82 -7.86 1.74 22.35 2.6 45.406324 11.894204 1
5.75 -7.84 2.01 22.35 2.6 45.406324 11.894204 1
5.66 -8.0 2.15 22.83 2.6 45.406324 11.894204 1
5.61 -8.15 1.99 23.63 2.6 45.406324 11.894204 1
5.64 -8.03 1.75 22.95 2.6 45.406324 11.894204 1
5.67 -7.88 1.69 22.52 2.6 45.406324 11.894204 1
5.74 -7.91 1.73 21.83 2.6 45.406324 11.894204 1
5.83 -7.96 1.74 22.19 2.36 45.406322 11.894239 0
5.83 -7.89 1.78 21.73 2.36 45.406322 11.894239 1
5.78 -7.84 1.89 21.75 2.36 45.406322 11.894239 0
5.71 -7.87 1.98 21.85 2.36 45.406322 11.894239 1
5.59 -7.93 1.94 24.32 2.36 45.406322 11.894239 1
5.58 -8.02 1.82 21.78 2.36 45.406322 11.894239 1
5.88 -8.07 1.69 21.83 2.36 45.406322 11.894239 1
6.16 -7.9 1.61 22.4 2.36 45.406322 11.894239 1
6.03 -7.65 1.6 23.03 2.36 45.406322 11.894239 1
5.7 -7.64 1.67 22.17 2.36 45.406322 11.894239 1
5.58 -7.9 1.72 22.14 2.36 45.406322 11.894239 1
5.7 -8.15 1.65 22.45 2.36 45.406322 11.894239 1
5.9 -8.16 1.63 21.69 2.36 45.406322 11.894239 1
6.0 -8.02 1.77 22.98 2.36 45.406322 11.894239 1
5.83 -7.92 1.84 23.86 2.36 45.406322 11.894239 1
5.61 -7.9 1.72 22.52 2.36 45.406322 11.894239 1
5.75 -7.92 1.7 22.24 2.36 45.406322 11.894239 1
6.04 -7.99 1.9 21.49 2.94 45.406324 11.894278 0
5.93 -8.03 1.98 21.83 2.94 45.406324 11.894278 1
5.59 -7.89 1.82 22.5 2.94 45.406324 11.894278 1
5.59 -7.71 1.75 22.31 2.94 45.406324 11.894278 0
5.75 -7.76 1.91 27.94 2.94 45.406324 11.894278 1
5.75 -7.9 2.0 22.26 2.94 45.406324 11.894278 1
5.78 -7.92 1.84 22.24 2.94 45.406324 11.894278 1
5.84 -7.93 1.73 21.8 2.94 45.406324 11.894278 1
5.66 -7.86 1.88 22.31 2.94 45.406324 11.894278 1
5.67 -7.64 1.96 22.0 2.94 45.406324 11.894278 1
6.05 -7.71 1.67 21.92 2.94 45.406324 11.894278 1
5.86 -8.1 1.42 22.04 2.94 45.406324 11.894278 1
5.16 -7.98 1.62 21.54 2.94 45.406324 11.894278 1
5.56 -7.46 1.79 21.78 2.94 45.406324 11.894278 1
6.76 -7.62 1.7 22.43 2.94 45.406324 11.894278 1
6.53 -8.13 1.96 22.66 2.94 45.406324 11.894278 1
5.15 -7.78 2.44 24.27 2.94 45.406324 11.894278 1
5.15 -7.28 2.08 23.36 2.94 45.406324 11.894278 1
6.45 -8.05 1.25 21.44 2.92 45.406319 11.894318 0
6.83 -9.23 1.22 21.27 2.92 45.406319 11.894318 1
6.09 -9.04 1.6 21.45 2.92 45.406319 11.894318 0
5.56 -7.85 1.33 22.19 2.92 45.406319 11.894318 1
5.56 -7.24 1.11 21.69 2.92 45.406319 11.894318 1
5.81 -7.68 1.72 21.37 2.92 45.406319 11.894318 1
6.11 -8.42 2.17 21.52 2.92 45.406319 11.894318 1
5.9 -8.54 1.83 21.54 2.92 45.406319 11.894318 1
5.34 -8.04 1.5 22.19 2.92 45.406319 11.894318 1
5.45 -7.72 1.55 21.99 2.92 45.406319 11.894318 1
6.02 -7.87 1.62 21.9 2.92 45.406319 11.894318 1
6.1 -7.96 1.79 21.59 2.92 45.406319 11.894318 1
5.92 -7.87 2.08 22.17 2.92 45.406319 11.894318 1
5.86 -7.89 1.97 21.9 2.92 45.406319 11.894318 1
5.57 -7.79 1.53 22.66 2.92 45.406319 11.894318 1
5.5 -7.69 1.41 22.5 2.92 45.406319 11.894318 1
5.95 -8.08 1.58 21.75 2.92 45.406319 11.894318 1
5.8 -8.34 1.74 21.92 2.92 45.406319 11.894318 1
5.28 -7.86 1.89 21.45 2.16 45.406309 11.894346 0
5.96 -7.66 1.87 21.59 2.16 45.406309 11.894346 1
6.42 -7.84 1.63 21.78 2.16 45.406309 11.894346 0
4.72 -6.84 1.63 21.08 2.16 45.406309 11.894346 1
3.86 -5.96 1.89 21.09 2.16 45.406309 11.894346 1
6.16 -8.06 1.99 20.89 2.16 45.406309 11.894346 1
7.39 -10.33 2.18 22.83 2.16 45.406309 11.894346 1
4.89 -7.81 2.42 25.45 2.16 45.406309 11.894346 1
3.19 -3.77 1.66 26.1 2.16 45.406309 11.894346 1
5.0 -5.44 0.3 23.1 2.16 45.406309 11.894346 1
6.76 -11.15 0.32 21.23 2.16 45.406309 11.894346 1
6.43 -13.22 1.56 20.56 2.16 45.406309 11.894346 1
5.61 -10.32 2.01 21.2 2.16 45.406309 11.894346 1
4.74 -7.14 1.55 21.75 2.16 45.406309 11.894346 1
3.92 -6.02 1.47 23.92 2.16 45.406309 11.894346 1
4.74 -6.19 1.66 21.8 2.16 45.406309 11.894346 1
6.87 -7.11 1.71 20.19 2.16 45.406309 11.894346 1
7.86 -8.16 1.99 20.48 2.53 45.406301 11.894379 0
7.07 -8.36 2.28 21.52 2.53 45.406301 11.894379 1
5.52 -7.5 2.1 24.11 2.53 45.406301 11.894379 0
4.12 -6.63 1.99 24.25 2.53 45.406301 11.894379 1
4.15 -7.33 2.18 24.47 2.53 45.406301 11.894379 1
5.68 -9.74 1.98 22.84 2.53 45.406301 11.894379 1
6.29 -11.04 1.39 22.95 2.53 45.406301 11.894379 1
5.13 -9.01 1.23 24.64 2.53 45.406301 11.894379 1
4.68 -6.42 1.64 21.15 2.53 45.406301 11.894379 1
5.87 -7.12 2.13 20.41 2.53 45.406301 11.894379 1
6.72 -9.53 2.24 20.37 2.53 45.406301 11.894379 1
6.32 -9.26 1.77 22.5 2.53 45.406301 11.894379 1
5.74 -6.43 1.19 23.14 2.53 45.406301 11.894379 1
5.8 -5.14 1.26 23.27 2.53 45.406301 11.894379 1
6.64 -6.91 1.71 22.84 2.53 45.406301 11.894379 1
7.31 -8.96 1.72 23.58 2.53 45.406301 11.894379 1
6.28 -9.03 1.44 22.48 2.53 45.406301 11.894379 1
4.46 -8.06 1.44 23.26 2.53 45.406301 11.894379 1
4.51 -7.58 1.62 22.09 2.63 45.406298 11.894415 0
5.97 -7.8 1.71 22.24 2.63 45.406298 11.894415 1
6.09 -8.54 1.77 22.76 2.63 45.406298 11.894415 0
5.2 -9.16 1.74 21.73 2.63 45.406298 11.894415 1
5.43 -8.51 1.62 23.51 2.63 45.406298 11.894415 1
6.05 -7.08 1.68 22.55 2.63 45.406298 11.894415 1
5.63 -6.76 1.97 22.19 2.63 45.406298 11.894415 1
5.3 -7.48 2.11 22.76 2.63 45.406298 11.894415 1
6.01 -7.81 1.77 22.36 2.63 45.406298 11.894415 1
6.54 -7.99 1.26 22.26 2.63 45.406298 11.894415 1
6.13 -8.53 1.13 21.64 2.63 45.406298 11.894415 1
5.63 -8.43 1.53 21.93 2.63 45.406298 11.894415 1
5.57 -7.54 1.93 21.45 2.63 45.406298 11.894415 1
5.67 -7.28 1.87 21.73 2.63 45.406298 11.894415 1
5.81 -7.9 1.65 22.09 2.63 45.406298 11.894415 1
5.88 -8.2 1.67 21.9 2.63 45.406298 11.894415 1
5.66 -7.82 1.78 22.59 2.63 45.406298 11.894415 1
5.49 -7.5 1.75 22.19 2.9 45.406299 11.894456 0
5.86 -7.76 1.63 22.55 2.9 45.406299 11.894456 1
6.36 -8.32 1.62 22.52 2.9 45.406299 11.894456 0
6.16 -8.35 1.72 22.45 2.9 45.406299 11.894456 1
5.51 -7.77 1.82 22.74 2.9 45.406299 11.894456 1
5.48 -7.56 1.78 22.19 2.9 45.406299 11.894456 1
6.01 -8.12 1.68 21.93 2.9 45.406299 11.894456 1
6.0 -8.55 1.73 21.78 2.9 45.406299 11.894456 1
5.49 -8.33 1.9 21.99 2.9 45.406299 11.894456 1
5.54 -7.94 1.96 22.42 2.9 45.406299 11.894456 1
6.05 -7.79 1.94 22.09 2.9 45.406299 11.894456 1
6.07 -7.84 1.92 22.76 2.9 45.406299 11.894456 1
5.68 -7.93 1.84 22.16 2.9 45.406299 11.894456 1
5.6 -7.85 1.73 22.57 2.9 45.406299 11.894456 1
5.77 -7.73 1.82 22.57 2.9 45.406299 11.894456 1
5.85 -8.01 2.01 22.0 2.9 45.406299 11.894456 1
5.83 -8.46 1.97 21.78 2.9 45.406299 11.894456 1
5.67 -8.37 1.77 21.49 2.9 45.406299 11.894456 1
5.53 -7.82 1.73 22.04 2.31 45.406301 11.894491 0
5.77 -7.54 1.87 21.52 2.31 45.406301 11.894491 1
6.19 -7.69 1.92 21.85 2.31 45.406301 11.894491 0
6.22 -7.89 1.75 22.35 2.31 45.406301 11.894491 1
5.88 -7.95 1.59 22.04 2.31 45.406301 11.894491 1
5.71 -7.86 1.63 22.09 2.31 45.406301 11.894491 1
5.76 -7.78 1.72 22.04 2.31 45.406301 11.894491 1
5.77 -7.89 1.66 22.02 2.31 45.406301 11.894491 1
5.74 -8.07 1.62 21.97 2.31 45.406301 11.894491 1
5.7 -8.1 1.77 22.0 2.31 45.406301 11.894491 1
5.63 -8.01 1.84 22.0 2.31 45.406301 11.894491 1
5.66 -7.95 1.66 21.95 2.31 45.406301 11.894491 1
5.85 -7.88 1.61 22.07 2.31 45.406301 11.894491 1
5.97 -7.77 1.86 22.55 2.31 45.406301 11.894491 1
5.95 -7.74 2.03 22.55 2.31 45.406301 11.894491 1
5.92 -7.78 1.96 22.56 2.31 45.406301 11.894491 1
5.95 -7.77 1.92 22.55 2.31 45.406301 11.894491 1
5.95 -7.74 1.98 22.55 2.31 45.406301 11.894491 1
5.94 -7.75 1.97 22.56 2.31 45.406301 11.894491 1
5.95 -7.76 1.94 22.56 2.31 45.406301 11.894491 1
5.95 -7.76 1.97 22.56 2.31 45.406301 11.894491 1
5.93 -7.77 1.98 22.55 2.31 45.406301 11.894491 1
5.94 -7.77 1.94 22.54 2.31 45.406301 11.894491 1
5.95 -7.76 1.94 22.55 2.31 45.406301 11.894491 1
5.95 -7.76 1.97 22.55 2.31 45.406301 11.894491 1
5.94 -7.77 1.97 22.54 2.31 45.406301 11.894491 1
5.95 -7.76 1.96 22.55 2.31 45.406301 11.894491 1
5.96 -7.76 1.96 22.55 2.31 45.406301 11.894491 1
5.94 -7.77 1.97 22.55 2.31 45.406301 11.894491 1
5.94 -7.77 1.96 22.56 2.31 45.406301 11.894491 1
5.95 -7.76 1.96 22.55 2.31 45.406301 11.894491 1
5.96 -7.76 1.96 22.55 2.31 45.406301 11.894491 1
5.95 -7.77 1.96 22.56 2.31 45.406301 11.894491 1
5.95 -7.76 1.96 22.55 2.31 45.406301 11.894491 1
5.95 -7.76 1.96 22.55 2.31 45.406301 11.894491 1
5.95 -7.75 1.96 22.55 2.31 45.406301 11.894491 1
5.94 -7.76 1.97 22.56 2.31 45.406301 11.894491 1
5.94 -7.75 1.97 22.54 2.31 45.406301 11.894491 1
5.95 -7.76 1.96 22.56 2.31 45.406301 11.894491 1
5.96 -7.76 1.96 22.54 2.31 45.406301 11.894491 1
5.95 -7.75 1.95 22.55 2.31 45.406301 11.894491 1
