6.52 -7.5 1.39 21.87 2.67 45.406277 11.894003 0
5.91 -7.43 1.71 95.18 2.67 45.406277 11.894003 0
6.02 -7.57 1.66 21.75 2.67 45.406277 11.894003 1
6.15 -7.74 1.69 22.21 2.67 45.406277 11.894003 0
5.82 -7.7 2.0 21.78 2.67 45.406277 11.894003 1
5.81 -7.65 2.03 22.64 2.67 45.406277 11.894003 1
6.34 -7.82 1.61 23.08 2.67 45.406277 11.894003 1
6.39 -7.95 1.42 21.63 2.67 45.406277 11.894003 1
5.78 -7.79 1.66 22.11 2.67 45.406277 11.894003 1
5.55 -7.77 1.77 22.36 2.67 45.406277 11.894003 1
5.99 -8.09 1.58 22.47 2.67 45.406277 11.894003 1
6.26 -8.21 1.54 23.19 2.67 45.406277 11.894003 1
6.09 -7.86 1.75 22.4 2.67 45.406277 11.894003 1
5.98 -7.63 1.82 22.14 2.67 45.406277 11.894003 1
6.1 -7.75 1.69 23.46 2.67 45.406277 11.894003 1
6.19 -7.83 1.65 22.11 2.67 45.406277 11.894003 1
6.22 -7.8 1.74 22.14 2.67 45.406277 11.894003 1
6.28 -7.92 1.77 22.35 2.67 45.406277 11.894003 1
6.19 -8.04 1.77 21.88 2.67 45.406277 11.894003 1
5.84 -7.91 1.83 22.84 2.48 45.406287 11.894028 0
5.57 -7.76 1.94 22.0 2.48 45.406287 11.894028 1
5.69 -7.87 2.04 22.74 2.48 45.406287 11.894028 0
5.95 -8.1 2.04 22.17 2.48 45.406287 11.894028 1
5.95 -8.12 1.88 22.28 2.48 45.406287 11.894028 1
5.77 -7.92 1.77 22.76 2.48 45.406287 11.894028 1
5.75 -7.72 1.9 22.4 2.48 45.406287 11.894028 1
5.91 -7.68 1.99 22.35 2.48 45.406287 11.894028 1
6.06 -7.78 1.78 22.05 2.48 45.406287 11.894028 1
6.09 -7.87 1.64 21.95 2.48 45.406287 11.894028 1
6.02 -7.86 1.87 22.83 2.48 45.406287 11.894028 1
5.86 -7.78 2.05 22.4 2.48 45.406287 11.894028 1
5.75 -7.76 1.8 22.86 2.48 45.406287 11.894028 1
5.8 -7.8 1.49 22.5 2.48 45.406287 11.894028 1
5.89 -7.8 1.49 22.11 2.48 45.406287 11.894028 1
5.79 -7.78 1.62 23.05 2.48 45.406287 11.894028 1
5.6 -7.87 1.65 22.93 2.48 45.406287 11.894028 1
5.55 -7.95 1.7 22.45 2.53 45.406296 11.894054 0
5.66 -7.93 1.89 21.75 2.53 45.406296 11.894054 1
5.84 -7.97 2.01 21.88 2.53 45.406296 11.894054 0
6.02 -8.0 1.91 22.28 2.53 45.406296 11.894054 1
6.05 -7.77 1.82 22.45 2.53 45.406296 11.894054 1
5.82 -7.56 1.94 23.22 2.53 45.406296 11.894054 1
5.67 -7.71 2.1 21.9 2.53 45.406296 11.894054 1
5.95 -7.92 2.01 21.85 2.53 45.406296 11.894054 1
6.27 -7.85 1.79 21.9 2.53 45.406296 11.894054 1
6.04 -7.77 1.75 22.05 2.53 45.406296 11.894054 1
5.54 -7.8 1.8 22.93 2.53 45.406296 11.894054 1
5.48 -7.8 1.72 22.0 2.53 45.406296 11.894054 1
5.77 -7.82 1.63 22.45 2.53 45.406296 11.894054 1
5.84 -7.93 1.63 23.31 2.53 45.406296 11.894054 1
5.71 -7.94 1.52 22.09 2.53 45.406296 11.894054 1
5.73 -7.86 1.39 26.03 2.53 45.406296 11.894054 1
5.82 -7.78 1.53 24.59 2.53 45.406296 11.894054 1
5.8 -7.67 1.69 23.12 2.53 45.406296 11.894054 1
5.87 -7.76 1.63 22.79 1.84 45.406301 11.894075 0
6.07 -8.22 1.67 22.69 1.84 45.406301 11.894075 1
6.03 -8.39 1.97 27.08 1.84 45.406301 11.894075 0
5.7 -7.97 2.12 21.78 1.84 45.406301 11.894075 1
5.57 -7.7 1.92 22.28 1.84 45.406301 11.894075 1
5.75 -7.91 1.76 22.17 1.84 45.406301 11.894075 1
5.78 -7.97 1.84 22.54 1.84 45.406301 11.894075 1
5.58 -7.75 2.0 23.22 1.84 45.406301 11.894075 1
5.57 -7.7 2.09 22.05 1.84 45.406301 11.894075 1
5.82 -7.81 1.95 22.91 1.84 45.406301 11.894075 1
6.02 -7.87 1.68 22.09 1.84 45.406301 11.894075 1
6.12 -7.85 1.66 22.5 1.84 45.406301 11.894075 1
6.15 -7.77 1.88 22.48 1.84 45.406301 11.894075 1
5.93 -7.76 1.92 22.09 1.84 45.406301 11.894075 1
5.6 -8.04 1.85 22.42 1.84 45.406301 11.894075 1
5.62 -8.28 1.9 21.54 1.84 45.406301 11.894075 1
5.75 -8.07 1.83 21.99 1.84 45.406301 11.894075 1
5.45 -7.76 1.55 22.54 2.35 45.406304 11.894101 0
5.25 -7.78 1.55 22.16 2.35 45.406304 11.894101 1
6.0 -8.04 1.88 21.33 2.35 45.406304 11.894101 0
6.84 -8.29 2.0 21.78 2.35 45.406304 11.894101 1
6.34 -8.02 1.83 23.31 2.35 45.406304 11.894101 1
5.15 -6.93 1.74 22.95 2.35 45.406304 11.894101 1
5.01 -6.31 1.75 22.38 2.35 45.406304 11.894101 1
5.98 -7.71 1.78 21.64 2.35 45.406304 11.894101 1
6.68 -9.56 1.9 21.92 2.35 45.406304 11.894101 1
6.36 -8.95 2.07 23.29 2.35 45.406304 11.894101 1
5.52 -6.84 2.09 22.76 2.35 45.406304 11.894101 1
5.04 -6.7 1.98 23.87 2.35 45.406304 11.894101 1
5.42 -8.39 1.82 22.09 2.35 45.406304 11.894101 1
6.09 -8.92 1.61 21.63 2.35 45.406304 11.894101 1
6.03 -7.94 1.44 22.19 2.35 45.406304 11.894101 1
5.51 -7.54 1.4 22.52 2.35 45.406304 11.894101 1
5.59 -7.97 1.47 21.95 2.35 45.406304 11.894101 1
6.15 -8.0 1.66 21.97 2.35 45.406304 11.894101 1
6.2 -7.74 1.86 22.26 1.5 45.406302 11.894120 0
5.8 -7.87 1.85 22.0 1.5 45.406302 11.894120 1
5.71 -8.03 1.7 22.45 1.5 45.406302 11.894120 0
5.94 -7.87 1.66 22.19 1.5 45.406302 11.894120 1
6.01 -7.93 1.75 21.18 1.5 45.406302 11.894120 1
5.89 -8.29 1.81 22.05 1.5 45.406302 11.894120 1
5.76 -8.2 1.81 24.03 1.5 45.406302 11.894120 1
5.58 -7.58 1.8 22.5 1.5 45.406302 11.894120 1
5.48 -7.29 1.86 23.41 1.5 45.406302 11.894120 1
5.7 -7.83 2.1 23.98 1.5 45.406302 11.894120 1
6.1 -8.57 2.27 22.76 1.5 45.406302 11.894120 1
6.23 -8.66 2.1 22.67 1.5 45.406302 11.894120 1
5.95 -8.08 1.83 22.78 1.5 45.406302 11.894120 1
5.72 -7.6 1.78 22.04 1.5 45.406302 11.894120 1
5.96 -7.74 1.77 24.13 1.5 45.406302 11.894120 1
6.27 -8.09 1.68 23.27 1.5 45.406302 11.894120 1
6.1 -8.07 1.67 22.66 1.5 45.406302 11.894120 1
5.71 -7.88 1.63 22.05 1.31 45.406305 11.894139 0
5.72 -7.94 1.44 22.24 1.31 45.406305 11.894139 1
6.0 -8.05 1.37 22.35 1.31 45.406305 11.894139 0
5.96 -7.93 1.53 21.87 1.31 45.406305 11.894139 1
5.64 -7.85 1.61 29.38 1.31 45.406305 11.894139 1
5.55 -7.99 1.62 22.45 1.31 45.406305 11.894139 1
5.75 -8.06 1.84 22.35 1.31 45.406305 11.894139 1
5.98 -7.95 1.98 21.81 1.31 45.406305 11.894139 1
6.08 -7.98 1.77 21.8 1.31 45.406305 11.894139 1
5.99 -8.07 1.65 22.42 1.31 45.406305 11.894139 1
5.73 -7.89 1.85 22.07 1.31 45.406305 11.894139 1
5.61 -7.65 1.97 22.45 1.31 45.406305 11.894139 1
5.87 -7.76 1.89 22.0 1.31 45.406305 11.894139 1
6.1 -7.97 1.87 22.0 1.31 45.406305 11.894139 1
5.88 -7.84 1.85 22.11 1.31 45.406305 11.894139 1
5.52 -7.72 1.64 22.14 1.31 45.406305 11.894139 1
5.57 -8.0 1.52 21.99 1.31 45.406305 11.894139 1
5.89 -8.18 1.74 23.2 1.31 45.406305 11.894139 1
5.93 -7.9 1.93 22.0 1.3 45.406303 11.894156 0
5.74 -7.71 1.78 23.15 1.3 45.406303 11.894156 1
5.71 -7.89 1.59 21.87 1.3 45.406303 11.894156 0
5.84 -7.9 1.7 22.23 1.3 45.406303 11.894156 1
5.96 -7.7 1.87 23.94 1.3 45.406303 11.894156 1
6.03 -7.77 1.81 22.4 1.3 45.406303 11.894156 1
5.94 -7.97 1.71 22.02 1.3 45.406303 11.894156 1
5.7 -7.84 1.71 21.92 1.3 45.406303 11.894156 1
5.66 -7.72 1.58 22.14 1.3 45.406303 11.894156 1
5.9 -7.95 1.32 22.09 1.3 45.406303 11.894156 1
5.98 -8.03 1.33 23.38 1.3 45.406303 11.894156 1
5.74 -7.81 1.6 22.57 1.3 45.406303 11.894156 1
5.68 -7.83 1.72 22.55 1.3 45.406303 11.894156 1
5.87 -8.1 1.69 22.45 1.3 45.406303 11.894156 1
5.89 -8.02 1.84 21.99 1.3 45.406303 11.894156 1
5.81 -7.69 2.03 22.02 1.3 45.406303 11.894156 1
5.98 -7.6 1.95 21.95 1.3 45.406303 11.894156 1
6.14 -7.67 1.75 21.93 1.26 45.406298 11.894174 0
5.91 -7.73 1.76 22.26 1.26 45.406298 11.894174 1
5.63 -7.9 2.01 22.69 1.26 45.406298 11.894174 0
5.7 -8.06 2.25 22.24 1.26 45.406298 11.894174 1
5.89 -8.0 2.24 21.83 1.26 45.406298 11.894174 1
5.93 -7.92 2.01 21.75 1.26 45.406298 11.894174 1
5.93 -7.96 1.89 21.75 1.26 45.406298 11.894174 1
5.92 -7.95 2.02 22.09 1.26 45.406298 11.894174 1
5.84 -7.93 2.15 21.85 1.26 45.406298 11.894174 1
5.81 -8.05 2.12 21.92 1.26 45.406298 11.894174 1
5.98 -8.11 2.02 21.45 1.26 45.406298 11.894174 1
6.15 -7.97 1.93 22.29 1.26 45.406298 11.894174 1
6.13 -7.87 1.88 21.99 1.26 45.406298 11.894174 1
5.99 -7.85 2.0 22.0 1.26 45.406298 11.894174 1
5.85 -7.78 2.17 21.95 1.26 45.406298 11.894174 1
5.77 -7.86 2.06 21.59 1.26 45.406298 11.894174 1
5.74 -8.1 1.79 22.45 1.26 45.406298 11.894174 1
5.7 -8.1 1.75 21.93 1.26 45.406298 11.894174 1
5.68 -7.75 1.81 22.35 0.6 45.406297 11.894187 0
5.72 -7.57 1.67 22.76 0.6 45.406297 11.894187 1
5.78 -7.75 1.5 22.71 0.6 45.406297 11.894187 0
5.82 -7.89 1.59 22.59 0.6 45.406297 11.894187 1
5.9 -7.81 1.71 21.66 0.6 45.406297 11.894187 1
6.0 -7.75 1.71 22.04 0.6 45.406297 11.894187 1
6.03 -7.78 1.8 21.69 0.6 45.406297 11.894187 1
5.96 -7.73 1.96 21.9 0.6 45.406297 11.894187 1
5.87 -7.62 1.97 22.05 0.6 45.406297 11.894187 1
5.82 -7.66 1.92 22.12 0.6 45.406297 11.894187 1
5.82 -7.79 1.95 22.54 0.6 45.406297 11.894187 1
5.78 -7.82 1.82 22.24 0.6 45.406297 11.894187 1
5.69 -7.84 1.59 22.54 0.6 45.406297 11.894187 1
5.69 -7.99 1.68 21.56 0.6 45.406297 11.894187 1
5.72 -8.05 2.0 22.04 0.6 45.406297 11.894187 1
5.67 -7.91 2.03 22.04 0.6 45.406297 11.894187 1
5.7 -7.8 1.77 21.99 0.6 45.406297 11.894187 1
5.95 -7.82 1.62 21.99 1.84 45.406296 11.894216 0
6.09 -7.85 1.69 21.99 1.84 45.406296 11.894216 1
5.95 -7.85 1.82 22.02 1.84 45.406296 11.894216 0
5.92 -7.79 2.0 21.92 1.84 45.406296 11.894216 1
6.01 -7.71 2.07 22.04 1.84 45.406296 11.894216 1
5.81 -7.81 1.86 22.45 1.84 45.406296 11.894216 1
5.52 -8.02 1.56 22.45 1.84 45.406296 11.894216 1
5.6 -8.1 1.48 22.24 1.84 45.406296 11.894216 1
5.78 -8.22 1.62 22.09 1.84 45.406296 11.894216 1
5.61 -8.25 1.84 22.67 1.84 45.406296 11.894216 1
5.46 -7.72 2.1 24.34 1.84 45.406296 11.894216 1
5.79 -7.24 2.31 22.45 1.84 45.406296 11.894216 1
6.23 -7.93 2.27 21.99 1.84 45.406296 11.894216 1
6.18 -8.8 1.96 21.99 1.84 45.406296 11.894216 1
5.76 -8.17 1.71 22.31 1.84 45.406296 11.894216 1
5.58 -7.09 1.78 22.04 1.84 45.406296 11.894216 1
5.82 -7.57 1.97 21.93 1.84 45.406296 11.894216 1
6.01 -8.64 1.93 21.44 1.84 45.406296 11.894216 1
5.86 -8.34 1.74 22.04 1.28 45.406295 11.894240 0
5.66 -7.48 1.66 22.35 1.28 45.406295 11.894240 1
5.62 -7.7 1.69 21.69 1.28 45.406295 11.894240 0
5.75 -8.29 1.66 21.47 1.28 45.406295 11.894240 1
6.01 -7.95 1.61 21.63 1.28 45.406295 11.894240 1
6.07 -7.41 1.57 21.52 1.28 45.406295 11.894240 1
5.72 -7.67 1.52 21.47 1.28 45.406295 11.894240 1
5.6 -8.02 1.61 21.52 1.28 45.406295 11.894240 1
6.07 -7.85 1.91 21.9 1.28 45.406295 11.894240 1
6.34 -7.81 2.05 21.63 1.28 45.406295 11.894240 1
5.92 -7.97 1.92 21.9 1.28 45.406295 11.894240 1
5.52 -7.69 1.82 22.42 1.28 45.406295 11.894240 1
5.56 -7.43 1.84 21.68 1.28 45.406295 11.894240 1
5.79 -8.01 1.69 21.83 1.28 45.406295 11.894240 1
6.03 -8.66 1.56 21.49 1.28 45.406295 11.894240 1
6.01 -8.38 1.74 22.12 1.28 45.406295 11.894240 1
5.51 -7.7 1.93 22.23 1.28 45.406295 11.894240 1
5.31 -7.47 1.78 21.88 4.01 45.406303 11.894292 0
6.0 -7.73 1.6 22.09 4.01 45.406303 11.894292 1
6.46 -8.23 1.63 21.37 4.01 45.406303 11.894292 0
5.83 -8.45 1.68 22.0 4.01 45.406303 11.894292 1
5.26 -7.98 1.75 21.95 4.01 45.406303 11.894292 1
5.66 -7.53 1.93 21.35 4.01 45.406303 11.894292 1
6.04 -7.91 1.97 21.66 4.01 45.406303 11.894292 1
5.76 -8.34 1.73 21.78 4.01 45.406303 11.894292 1
5.58 -8.01 1.56 22.02 4.01 45.406303 11.894292 1
5.9 -7.63 1.64 22.19 4.01 45.406303 11.894292 1
6.1 -7.8 1.78 22.29 4.01 45.406303 11.894292 1
5.9 -7.9 1.87 22.36 4.01 45.406303 11.894292 1
5.61 -7.71 1.86 21.75 4.01 45.406303 11.894292 1
5.45 -7.94 1.76 21.33 4.01 45.406303 11.894292 1
5.55 -8.53 1.69 21.08 4.01 45.406303 11.894292 1
5.81 -8.35 1.72 21.44 4.01 45.406303 11.894292 1
5.73 -7.1 1.74 22.29 4.01 45.406303 11.894292 1
5.36 -6.31 1.83 22.38 4.01 45.406303 11.894292 1
5.96 -7.5 2.0 21.03 2.93 45.406301 11.894336 0
7.63 -9.94 1.98 20.7 2.93 45.406301 11.894336 1
7.85 -10.91 1.77 21.63 2.93 45.406301 11.894336 0
5.38 -8.75 1.71 26.55 2.93 45.406301 11.894336 1
3.49 -5.45 1.65 25.76 2.93 45.406301 11.894336 1
5.08 -5.33 1.18 23.92 2.93 45.406301 11.894336 1
7.68 -9.45 0.5 21.21 2.93 45.406301 11.894336 1
7.74 -13.05 0.38 24.71 2.93 45.406301 11.894336 1
5.96 -11.51 1.16 21.08 2.93 45.406301 11.894336 1
4.62 -6.71 2.08 21.73 2.93 45.406301 11.894336 1
4.22 -3.95 2.14 22.35 2.93 45.406301 11.894336 1
4.86 -4.99 1.59 21.57 2.93 45.406301 11.894336 1
6.34 -7.76 1.52 20.46 2.93 45.406301 11.894336 1
6.97 -9.75 1.84 20.07 2.93 45.406301 11.894336 1
5.77 -9.25 1.78 22.04 2.93 45.406301 11.894336 1
4.34 -6.49 1.73 25.71 2.93 45.406301 11.894336 1
4.87 -4.77 1.79 24.08 2.93 45.406301 11.894336 1
7.2 -6.67 1.02 22.81 3.15 45.406303 11.894384 0
8.53 -9.83 0.19 22.59 3.15 45.406303 11.894384 1
6.77 -10.12 0.89 22.66 3.15 45.406303 11.894384 0
4.56 -8.04 1.82 22.14 3.15 45.406303 11.894384 1
5.85 -7.6 1.07 20.87 3.15 45.406303 11.894384 1
8.6 -9.49 0.41 20.25 3.15 45.406303 11.894384 1
7.76 -9.92 1.57 21.47 3.15 45.406303 11.894384 1
4.48 -7.37 2.62 22.26 3.15 45.406303 11.894384 1
3.9 -5.46 2.15 22.42 3.15 45.406303 11.894384 1
6.18 -6.74 1.79 23.38 3.15 45.406303 11.894384 1
7.37 -8.58 2.16 21.95 3.15 45.406303 11.894384 1
6.34 -8.45 2.03 23.12 3.15 45.406303 11.894384 1
5.16 -7.74 1.51 22.6 3.15 45.406303 11.894384 1
5.14 -7.81 1.62 22.35 3.15 45.406303 11.894384 1
5.81 -7.94 2.02 21.4 3.15 45.406303 11.894384 1
6.13 -8.1 2.0 21.75 3.15 45.406303 11.894384 1
5.89 -8.69 1.75 23.98 3.15 45.406303 11.894384 1
5.71 -8.57 1.59 24.2 3.15 45.406303 11.894384 1
5.83 -7.43 1.64 22.59 3.08 45.406313 11.894429 0
5.75 -6.92 1.95 23.12 3.08 45.406313 11.894429 1
5.63 -7.45 2.17 22.54 3.08 45.406313 11.894429 0
6.01 -7.98 1.86 22.12 3.08 45.406313 11.894429 1
6.37 -8.58 1.41 20.96 3.08 45.406313 11.894429 1
5.91 -9.12 1.4 21.3 3.08 45.406313 11.894429 1
5.13 -8.34 1.7 22.47 3.08 45.406313 11.894429 1
5.14 -6.92 1.85 21.78 3.08 45.406313 11.894429 1
5.87 -7.17 1.81 21.69 3.08 45.406313 11.894429 1
6.27 -8.56 1.76 21.78 3.08 45.406313 11.894429 1
5.84 -8.67 1.71 22.52 3.08 45.406313 11.894429 1
5.29 -7.67 1.6 23.29 3.08 45.406313 11.894429 1
5.45 -7.37 1.55 22.4 3.08 45.406313 11.894429 1
6.04 -7.81 1.68 23.15 3.08 45.406313 11.894429 1
6.2 -8.09 1.84 25.09 3.08 45.406313 11.894429 1
5.87 -8.18 1.84 22.23 3.08 45.406313 11.894429 1
5.62 -8.15 1.71 22.81 3.08 45.406313 11.894429 1
5.66 -7.91 1.67 22.47 3.04 45.406317 11.894474 0
5.84 -7.8 1.7 22.79 3.04 45.406317 11.894474 1
5.99 -8.0 1.66 22.48 3.04 45.406317 11.894474 0
5.93 -8.05 1.58 21.85 3.04 45.406317 11.894474 1
5.72 -7.86 1.67 22.4 3.04 45.406317 11.894474 1
5.65 -7.89 1.93 22.45 3.04 45.406317 11.894474 1
5.76 -8.06 2.07 22.91 3.04 45.406317 11.894474 1
5.81 -7.98 1.86 22.91 3.04 45.406317 11.894474 1
5.84 -7.88 1.58 22.29 3.04 45.406317 11.894474 1
5.87 -8.0 1.6 22.0 3.04 45.406317 11.894474 1
5.76 -8.02 1.83 22.95 3.04 45.406317 11.894474 1
5.65 -7.76 1.91 22.48 3.04 45.406317 11.894474 1
5.72 -7.68 1.81 22.6 3.04 45.406317 11.894474 1
5.83 -7.89 1.65 23.41 3.04 45.406317 11.894474 1
5.87 -7.98 1.55 22.47 3.04 45.406317 11.894474 1
5.91 -7.89 1.63 22.48 3.04 45.406317 11.894474 1
5.8 -7.99 1.85 22.55 3.04 45.406317 11.894474 1
5.61 -8.11 1.89 22.45 3.04 45.406317 11.894474 1
5.76 -7.89 1.68 22.4 1.99 45.406320 11.894504 0
5.96 -7.73 1.54 22.36 1.99 45.406320 11.894504 1
5.66 -8.12 1.66 21.78 1.99 45.406320 11.894504 0
5.38 -8.46 2.0 22.64 1.99 45.406320 11.894504 1
5.79 -8.1 2.35 21.28 1.99 45.406320 11.894504 1
6.25 -7.7 2.31 21.59 1.99 45.406320 11.894504 1
6.04 -7.82 1.77 22.71 1.99 45.406320 11.894504 1
5.58 -7.67 1.45 23.19 1.99 45.406320 11.894504 1
5.39 -7.03 1.69 22.29 1.99 45.406320 11.894504 1
5.56 -7.18 1.84 22.35 1.99 45.406320 11.894504 1
6.08 -8.38 1.76 21.71 1.99 45.406320 11.894504 1
6.47 -9.04 2.02 21.08 1.99 45.406320 11.894504 1
6.06 -8.55 2.23 22.38 1.99 45.406320 11.894504 1
5.34 -7.93 1.73 22.6 1.99 45.406320 11.894504 1
5.36 -7.63 1.3 22.57 1.99 45.406320 11.894504 1
5.98 -7.43 1.7 22.26 1.99 45.406320 11.894504 1
6.29 -7.74 2.09 21.73 1.99 45.406320 11.894504 1
6.03 -8.54 1.87 20.99 2.43 45.406319 11.894535 0
5.62 -8.73 1.83 21.69 2.43 45.406319 11.894535 1
5.38 -8.1 2.25 22.47 2.43 45.406319 11.894535 0
5.36 -7.76 2.4 22.47 2.43 45.406319 11.894535 1
5.41 -7.95 2.23 22.47 2.43 45.406319 11.894535 1
5.41 -8.0 2.25 22.48 2.43 45.406319 11.894535 1
5.37 -7.86 2.36 22.48 2.43 45.406319 11.894535 1
5.39 -7.9 2.29 22.48 2.43 45.406319 11.894535 1
5.4 -7.97 2.24 22.46 2.43 45.406319 11.894535 1
5.38 -7.9 2.31 22.47 2.43 45.406319 11.894535 1
5.38 -7.89 2.3 22.47 2.43 45.406319 11.894535 1
5.39 -7.96 2.26 22.47 2.43 45.406319 11.894535 1
5.38 -7.94 2.29 22.47 2.43 45.406319 11.894535 1
5.38 -7.9 2.31 22.47 2.43 45.406319 11.894535 1
5.39 -7.93 2.28 22.47 2.43 45.406319 11.894535 1
5.39 -7.94 2.28 22.48 2.43 45.406319 11.894535 1
5.38 -7.91 2.31 22.47 2.43 45.406319 11.894535 1
5.39 -7.92 2.29 22.47 2.43 45.406319 11.894535 1
5.39 -7.92 2.28 22.47 2.43 45.406319 11.894535 1
5.39 -7.9 2.3 22.47 2.43 45.406319 11.894535 1
5.39 -7.91 2.3 22.47 2.43 45.406319 11.894535 1
5.39 -7.93 2.28 22.47 2.43 45.406319 11.894535 1
5.39 -7.92 2.29 22.47 2.43 45.406319 11.894535 1
5.4 -7.91 2.3 22.47 2.43 45.406319 11.894535 1
5.4 -7.92 2.3 22.47 2.43 45.406319 11.894535 1
5.39 -7.93 2.29 22.48 2.43 45.406319 11.894535 1
5.39 -7.91 2.29 22.47 2.43 45.406319 11.894535 1
5.4 -7.91 2.29 22.47 2.43 45.406319 11.894535 1
5.39 -7.93 2.28 22.47 2.43 45.406319 11.894535 1
5.39 -7.92 2.29 22.48 2.43 45.406319 11.894535 1
5.39 -7.91 2.29 22.47 2.43 45.406319 11.894535 1
5.38 -7.92 2.29 22.48 2.43 45.406319 11.894535 1
5.38 -7.92 2.3 22.47 2.43 45.406319 11.894535 1
5.4 -7.91 2.3 22.47 2.43 45.406319 11.894535 1
