7.05 -6.38 1.21 22.35 1.22 45.406303 11.893982 0
8.08 -7.68 0.43 21.52 1.22 45.406303 11.893982 1
7.6 -7.69 0.89 22.09 1.22 45.406303 11.893982 0
6.6 -6.98 2.02 22.24 1.22 45.406303 11.893982 1
6.09 -6.81 2.45 21.97 1.22 45.406303 11.893982 0
5.64 -7.37 1.99 22.04 1.22 45.406303 11.893982 1
5.3 -8.12 1.47 21.85 1.22 45.406303 11.893982 1
5.67 -8.52 1.4 22.19 1.22 45.406303 11.893982 1
6.14 -8.29 1.53 22.24 1.22 45.406303 11.893982 1
5.89 -7.72 1.59 22.4 1.22 45.406303 11.893982 1
5.39 -7.58 1.69 22.57 1.22 45.406303 11.893982 1
5.31 -8.06 1.78 22.43 1.22 45.406303 11.893982 1
5.58 -8.39 1.61 21.49 1.22 45.406303 11.893982 1
5.95 -7.99 1.43 22.45 1.22 45.406303 11.893982 1
6.33 -7.29 1.57 22.45 1.22 45.406303 11.893982 1
6.52 -7.01 1.69 22.14 1.22 45.406303 11.893982 1
6.34 -7.19 1.65 22.16 1.22 45.406303 11.893982 1
5.96 -7.56 1.96 22.04 1.22 45.406303 11.893982 1
5.86 -7.9 2.46 24.15 1.22 45.406303 11.893982 1
6.21 -7.79 2.34 22.38 1.22 45.406303 11.893982 1
6.41 -7.34 1.9 22.84 2.26 45.406306 11.893997 0
6.02 -7.41 1.92 22.57 2.26 45.406306 11.893997 1
5.49 -8.15 2.01 22.48 2.26 45.406306 11.893997 0
5.41 -8.44 1.64 22.84 2.26 45.406306 11.893997 1
5.58 -8.05 1.43 21.8 2.26 45.406306 11.893997 1
5.71 -7.95 1.76 21.9 2.26 45.406306 11.893997 1
5.91 -8.08 1.86 22.86 2.26 45.406306 11.893997 1
6.06 -7.67 1.43 21.99 2.26 45.406306 11.893997 1
6.0 -7.25 1.22 22.14 2.26 45.406306 11.893997 1
6.07 -7.61 1.54 21.99 2.26 45.406306 11.893997 1
6.36 -7.95 1.88 22.81 2.26 45.406306 11.893997 1
6.32 -7.62 1.92 22.14 2.26 45.406306 11.893997 1
5.87 -7.42 1.88 22.71 2.26 45.406306 11.893997 1
5.65 -7.82 1.89 21.78 2.26 45.406306 11.893997 1
5.77 -8.23 1.81 22.47 2.26 45.406306 11.893997 1
5.82 -8.36 1.57 24.7 2.26 45.406306 11.893997 1
5.72 -8.3 1.45 22.28 2.26 45.406306 11.893997 1
5.68 -8.0 1.65 22.14 1.67 45.406312 11.894011 0
5.7 -7.69 1.89 22.47 1.67 45.406312 11.894011 1
5.79 -7.81 1.9 21.99 1.67 45.406312 11.894011 0
5.96 -8.04 1.89 22.28 1.67 45.406312 11.894011 1
5.99 -7.86 2.01 21.78 1.67 45.406312 11.894011 1
5.79 -7.59 2.04 22.31 1.67 45.406312 11.894011 1
5.69 -7.64 1.89 23.27 1.67 45.406312 11.894011 1
5.89 -7.82 1.79 22.36 1.67 45.406312 11.894011 1
6.07 -7.89 1.87 22.33 1.67 45.406312 11.894011 1
5.98 -8.0 1.9 22.45 1.67 45.406312 11.894011 1
5.79 -8.13 1.78 22.6 1.67 45.406312 11.894011 1
5.71 -8.03 1.61 22.52 1.67 45.406312 11.894011 1
5.66 -7.81 1.55 22.24 1.67 45.406312 11.894011 1
5.64 -7.8 1.66 22.09 1.67 45.406312 11.894011 1
5.75 -7.97 1.88 22.43 1.67 45.406312 11.894011 1
5.86 -8.05 1.97 22.84 1.67 45.406312 11.894011 1
5.86 -8.03 1.77 21.8 1.67 45.406312 11.894011 1
5.86 -8.0 1.58 23.17 1.67 45.406312 11.894011 1
5.93 -7.86 1.77 22.86 2.58 45.406315 11.894038 0
5.91 -7.68 2.02 22.38 2.58 45.406315 11.894038 1
5.78 -7.78 1.82 22.38 2.58 45.406315 11.894038 0
5.75 -8.05 1.44 21.88 2.58 45.406315 11.894038 1
5.77 -8.11 1.44 23.31 2.58 45.406315 11.894038 1
5.71 -7.99 1.6 21.88 2.58 45.406315 11.894038 1
5.71 -7.94 1.57 21.97 2.58 45.406315 11.894038 1
5.89 -7.91 1.65 23.36 2.58 45.406315 11.894038 1
5.96 -7.82 1.9 22.6 2.58 45.406315 11.894038 1
5.82 -7.84 1.84 22.6 2.58 45.406315 11.894038 1
5.8 -7.89 1.62 21.99 2.58 45.406315 11.894038 1
6.04 -7.8 1.77 22.86 2.58 45.406315 11.894038 1
6.11 -7.85 1.93 22.04 2.58 45.406315 11.894038 1
5.8 -8.07 1.68 23.43 2.58 45.406315 11.894038 1
5.53 -7.98 1.66 26.07 2.58 45.406315 11.894038 1
5.52 -7.59 2.15 23.36 2.58 45.406315 11.894038 1
5.58 -7.66 2.31 22.35 2.58 45.406315 11.894038 1
5.66 -8.22 1.89 22.79 2.28 45.406311 11.894064 0
5.79 -8.36 1.71 23.02 2.28 45.406311 11.894064 1
5.83 -7.92 1.87 22.54 2.28 45.406311 11.894064 0
5.81 -7.74 1.76 22.42 2.28 45.406311 11.894064 1
5.92 -8.06 1.59 23.17 2.28 45.406311 11.894064 1
6.01 -8.32 1.8 21.49 2.28 45.406311 11.894064 1
5.82 -8.27 1.99 23.43 2.28 45.406311 11.894064 1
5.69 -8.06 1.84 22.79 2.28 45.406311 11.894064 1
5.88 -7.77 1.85 22.38 2.28 45.406311 11.894064 1
6.06 -7.72 2.05 22.86 2.28 45.406311 11.894064 1
6.01 -8.05 1.87 22.29 2.28 45.406311 11.894064 1
5.9 -8.2 1.45 22.84 2.28 45.406311 11.894064 1
5.75 -7.87 1.44 22.88 2.28 45.406311 11.894064 1
5.59 -7.71 1.7 22.14 2.28 45.406311 11.894064 1
5.65 -7.92 1.71 23.0 2.28 45.406311 11.894064 1
5.9 -7.96 1.59 22.04 2.28 45.406311 11.894064 1
6.08 -7.95 1.61 21.9 2.28 45.406311 11.894064 1
6.07 -8.19 1.66 23.63 2.28 45.406311 11.894064 1
5.92 -7.96 1.69 21.95 1.0 45.406316 11.894072 0
5.83 -7.29 1.85 21.81 1.0 45.406316 11.894072 1
6.09 -7.55 2.04 21.76 1.0 45.406316 11.894072 0
6.36 -8.54 2.04 23.72 1.0 45.406316 11.894072 1
6.02 -8.51 1.97 21.78 1.0 45.406316 11.894072 1
5.48 -7.67 2.04 22.38 1.0 45.406316 11.894072 1
5.58 -7.45 2.1 22.12 1.0 45.406316 11.894072 1
5.9 -7.63 2.02 21.81 1.0 45.406316 11.894072 1
5.79 -7.65 1.91 22.04 1.0 45.406316 11.894072 1
5.82 -8.03 1.85 21.78 1.0 45.406316 11.894072 1
6.17 -8.47 1.75 21.78 1.0 45.406316 11.894072 1
5.98 -8.09 1.68 22.78 1.0 45.406316 11.894072 1
5.4 -7.55 1.7 23.38 1.0 45.406316 11.894072 1
5.56 -7.55 1.72 22.86 1.0 45.406316 11.894072 1
6.27 -7.57 1.67 22.79 1.0 45.406316 11.894072 1
6.53 -7.72 1.73 21.68 1.0 45.406316 11.894072 1
6.42 -8.52 1.79 22.05 1.0 45.406316 11.894072 1
6.25 -8.78 1.55 22.66 1.54 45.406317 11.894092 0
5.89 -7.73 1.29 22.59 1.54 45.406317 11.894092 1
5.62 -7.07 1.51 22.09 1.54 45.406317 11.894092 0
5.73 -7.85 1.9 22.31 1.54 45.406317 11.894092 1
5.76 -8.55 1.85 22.33 1.54 45.406317 11.894092 1
5.59 -8.18 1.56 21.57 1.54 45.406317 11.894092 1
5.75 -7.71 1.6 22.24 1.54 45.406317 11.894092 1
5.94 -7.74 1.86 22.21 1.54 45.406317 11.894092 1
5.71 -7.8 1.86 22.91 1.54 45.406317 11.894092 1
5.65 -7.71 1.64 21.87 1.54 45.406317 11.894092 1
6.12 -7.78 1.59 21.88 1.54 45.406317 11.894092 1
6.29 -8.03 1.85 22.14 1.54 45.406317 11.894092 1
5.88 -8.04 2.12 23.1 1.54 45.406317 11.894092 1
5.59 -7.63 2.09 22.86 1.54 45.406317 11.894092 1
5.66 -7.41 1.82 22.29 1.54 45.406317 11.894092 1
5.79 -7.89 1.68 22.42 1.54 45.406317 11.894092 1
5.88 -8.45 1.76 21.42 1.54 45.406317 11.894092 1
5.83 -8.33 1.8 21.83 1.54 45.406317 11.894092 1
5.58 -7.86 1.66 22.4 2.06 45.406316 11.894118 0
5.6 -7.7 1.58 22.19 2.06 45.406316 11.894118 1
6.07 -7.8 1.7 21.87 2.06 45.406316 11.894118 0
6.35 -7.89 1.83 21.83 2.06 45.406316 11.894118 1
6.15 -7.87 1.8 21.9 2.06 45.406316 11.894118 1
5.92 -7.68 1.68 21.9 2.06 45.406316 11.894118 1
5.93 -7.53 1.58 21.83 2.06 45.406316 11.894118 1
6.02 -7.74 1.53 21.87 2.06 45.406316 11.894118 1
6.07 -8.06 1.57 22.5 2.06 45.406316 11.894118 1
5.97 -7.96 1.7 22.47 2.06 45.406316 11.894118 1
5.69 -7.71 1.72 22.52 2.06 45.406316 11.894118 1
5.57 -7.88 1.65 22.09 2.06 45.406316 11.894118 1
5.75 -8.16 1.71 22.02 2.06 45.406316 11.894118 1
5.9 -7.99 1.93 22.04 2.06 45.406316 11.894118 1
5.84 -7.69 2.05 22.47 2.06 45.406316 11.894118 1
5.8 -7.74 1.95 21.63 2.06 45.406316 11.894118 1
5.92 -7.86 1.75 21.81 2.06 45.406316 11.894118 1
6.05 -7.76 1.64 21.93 1.73 45.406313 11.894140 0
6.06 -7.74 1.71 21.63 1.73 45.406313 11.894140 1
5.9 -7.9 1.89 22.36 1.73 45.406313 11.894140 0
5.66 -7.93 1.94 22.23 1.73 45.406313 11.894140 1
5.65 -7.81 1.83 21.42 1.73 45.406313 11.894140 1
5.82 -7.81 1.79 23.44 1.73 45.406313 11.894140 1
5.78 -7.92 1.89 22.48 1.73 45.406313 11.894140 1
5.6 -7.95 1.85 22.81 1.73 45.406313 11.894140 1
5.72 -7.92 1.68 22.42 1.73 45.406313 11.894140 1
6.07 -7.89 1.65 21.51 1.73 45.406313 11.894140 1
6.13 -7.81 1.78 21.56 1.73 45.406313 11.894140 1
5.92 -7.71 1.81 21.57 1.73 45.406313 11.894140 1
5.83 -7.65 1.74 22.09 1.73 45.406313 11.894140 1
5.94 -7.67 1.71 22.0 1.73 45.406313 11.894140 1
6.1 -7.77 1.69 21.57 1.73 45.406313 11.894140 1
6.16 -7.89 1.6 21.63 1.73 45.406313 11.894140 1
6.05 -7.95 1.56 21.97 1.73 45.406313 11.894140 1
5.78 -7.98 1.63 21.64 1.73 45.406313 11.894140 1
5.58 -7.99 1.72 21.99 1.55 45.406301 11.894168 0
5.63 -7.96 1.74 21.47 1.55 45.406301 11.894168 1
5.85 -7.99 1.69 21.83 1.55 45.406301 11.894168 0
5.95 -8.02 1.64 21.44 1.55 45.406301 11.894168 1
5.81 -7.82 1.66 21.59 1.55 45.406301 11.894168 1
5.75 -7.56 1.74 21.42 1.55 45.406301 11.894168 1
6.05 -7.64 1.81 21.71 1.55 45.406301 11.894168 1
6.28 -7.89 1.83 21.81 1.55 45.406301 11.894168 1
6.05 -7.9 1.87 21.99 1.55 45.406301 11.894168 1
5.78 -7.76 1.94 22.04 1.55 45.406301 11.894168 1
5.9 -7.7 1.98 22.66 1.55 45.406301 11.894168 1
5.95 -7.73 1.95 22.11 1.55 45.406301 11.894168 1
5.71 -7.86 1.95 22.48 1.55 45.406301 11.894168 1
5.73 -8.04 1.95 22.55 1.55 45.406301 11.894168 1
6.1 -7.96 1.89 22.55 1.55 45.406301 11.894168 1
6.17 -7.69 1.87 22.52 1.55 45.406301 11.894168 1
5.95 -7.61 1.98 23.26 1.55 45.406301 11.894168 1
6.02 -7.7 2.05 21.95 1.78 45.406300 11.894196 0
6.25 -7.74 1.93 22.9 1.78 45.406300 11.894196 1
6.15 -7.78 1.74 21.99 1.78 45.406300 11.894196 0
5.94 -7.87 1.72 23.27 1.78 45.406300 11.894196 1
5.95 -7.81 1.81 22.35 1.78 45.406300 11.894196 1
5.96 -7.73 1.79 22.43 1.78 45.406300 11.894196 1
5.78 -7.86 1.68 22.4 1.78 45.406300 11.894196 1
5.66 -8.04 1.65 21.9 1.78 45.406300 11.894196 1
5.68 -8.08 1.66 22.24 1.78 45.406300 11.894196 1
5.69 -8.05 1.66 21.99 1.78 45.406300 11.894196 1
5.67 -7.94 1.71 22.04 1.78 45.406300 11.894196 1
5.68 -7.72 1.87 22.47 1.78 45.406300 11.894196 1
5.75 -7.64 2.01 22.04 1.78 45.406300 11.894196 1
5.89 -7.71 2.1 22.04 1.78 45.406300 11.894196 1
6.05 -7.7 2.12 22.09 1.78 45.406300 11.894196 1
6.04 -7.7 2.03 22.09 1.78 45.406300 11.894196 1
5.84 -7.81 1.94 21.9 1.78 45.406300 11.894196 1
5.74 -7.83 2.01 21.92 1.78 45.406300 11.894196 1
5.88 -7.81 2.06 21.9 1.14 45.406295 11.894219 0
5.97 -7.99 1.93 22.79 1.14 45.406295 11.894219 1
5.79 -8.15 1.8 22.36 1.14 45.406295 11.894219 0
5.61 -8.0 1.93 22.45 1.14 45.406295 11.894219 1
5.69 -7.87 2.16 22.02 1.14 45.406295 11.894219 1
5.83 -7.93 2.18 21.63 1.14 45.406295 11.894219 1
5.94 -7.8 1.91 22.43 1.14 45.406295 11.894219 1
6.14 -7.55 1.53 22.5 1.14 45.406295 11.894219 1
6.23 -7.68 1.46 22.14 1.14 45.406295 11.894219 1
5.9 -8.02 1.83 22.14 1.14 45.406295 11.894219 1
5.55 -8.01 2.15 22.14 1.14 45.406295 11.894219 1
5.68 -7.85 2.0 22.05 1.14 45.406295 11.894219 1
5.94 -7.9 1.61 22.16 1.14 45.406295 11.894219 1
5.85 -7.96 1.42 22.24 1.14 45.406295 11.894219 1
5.72 -7.86 1.42 22.19 1.14 45.406295 11.894219 1
5.84 -7.91 1.48 22.11 1.14 45.406295 11.894219 1
5.85 -8.12 1.61 21.95 1.14 45.406295 11.894219 1
5.66 -8.17 1.79 21.87 2.42 45.406293 11.894251 0
5.69 -8.06 1.87 22.4 2.42 45.406293 11.894251 1
5.92 -7.95 1.77 22.35 2.42 45.406293 11.894251 0
5.88 -7.81 1.64 21.9 2.42 45.406293 11.894251 1
5.6 -7.69 1.71 22.38 2.42 45.406293 11.894251 1
5.59 -7.74 1.94 22.02 2.42 45.406293 11.894251 1
5.8 -7.89 2.02 22.74 2.42 45.406293 11.894251 1
5.82 -7.92 1.89 21.93 2.42 45.406293 11.894251 1
5.68 -7.86 1.82 21.88 2.42 45.406293 11.894251 1
5.63 -7.83 1.9 22.48 2.42 45.406293 11.894251 1
5.69 -7.81 1.89 22.09 2.42 45.406293 11.894251 1
5.74 -7.85 1.78 22.48 2.42 45.406293 11.894251 1
5.82 -7.95 1.87 21.95 2.42 45.406293 11.894251 1
5.84 -8.0 2.13 22.09 2.42 45.406293 11.894251 1
5.69 -7.98 2.13 22.5 2.42 45.406293 11.894251 1
5.59 -7.95 1.85 22.55 2.42 45.406293 11.894251 1
5.74 -7.93 1.67 22.11 2.42 45.406293 11.894251 1
5.9 -7.91 1.64 21.83 2.42 45.406293 11.894251 1
5.89 -8.0 1.5 21.9 2.46 45.406291 11.894286 0
5.8 -8.11 1.44 23.7 2.46 45.406291 11.894286 1
5.69 -7.93 1.77 22.64 2.46 45.406291 11.894286 0
5.59 -7.58 2.05 22.67 2.46 45.406291 11.894286 1
5.67 -7.66 1.69 21.52 2.46 45.406291 11.894286 1
5.89 -8.15 1.19 21.52 2.46 45.406291 11.894286 1
6.0 -8.33 1.24 21.87 2.46 45.406291 11.894286 1
5.91 -8.07 1.61 21.92 2.46 45.406291 11.894286 1
5.77 -7.93 1.74 22.14 2.46 45.406291 11.894286 1
5.65 -7.91 1.76 22.14 2.46 45.406291 11.894286 1
5.64 -7.69 1.82 22.19 2.46 45.406291 11.894286 1
5.71 -7.69 1.76 21.95 2.46 45.406291 11.894286 1
5.67 -8.13 1.65 21.95 2.46 45.406291 11.894286 1
5.49 -8.23 1.74 21.83 2.46 45.406291 11.894286 1
5.39 -7.8 1.9 21.73 2.46 45.406291 11.894286 1
5.5 -7.62 1.89 22.55 2.46 45.406291 11.894286 1
5.68 -7.78 1.82 22.4 2.46 45.406291 11.894286 1
5.54 -7.72 1.82 21.85 2.13 45.406298 11.894319 0
5.15 -7.61 1.89 22.02 2.13 45.406298 11.894319 1
5.29 -7.77 2.04 22.28 2.13 45.406298 11.894319 0
5.88 -7.96 2.0 22.0 2.13 45.406298 11.894319 1
5.52 -7.78 1.53 21.37 2.13 45.406298 11.894319 1
4.46 -6.71 1.11 21.88 2.13 45.406298 11.894319 1
5.08 -5.79 1.33 20.72 2.13 45.406298 11.894319 1
7.32 -7.63 1.94 20.55 2.13 45.406298 11.894319 1
7.79 -10.62 2.34 22.84 2.13 45.406298 11.894319 1
5.4 -8.52 2.21 25.54 2.13 45.406298 11.894319 1
3.29 -2.65 1.45 26.5 2.13 45.406298 11.894319 1
3.78 -3.36 0.41 22.45 2.13 45.406298 11.894319 1
5.32 -11.6 0.06 20.8 2.13 45.406298 11.894319 1
5.63 -15.06 0.91 20.46 2.13 45.406298 11.894319 1
4.84 -9.57 2.12 21.57 2.13 45.406298 11.894319 1
4.42 -4.9 2.49 25.54 2.13 45.406298 11.894319 1
5.04 -5.76 1.85 22.29 2.13 45.406298 11.894319 1
6.37 -7.15 1.23 21.15 2.13 45.406298 11.894319 1
7.51 -7.55 1.47 22.07 2.67 45.406307 11.894359 0
7.22 -8.96 2.07 21.21 2.67 45.406307 11.894359 1
5.38 -8.76 2.1 22.86 2.67 45.406307 11.894359 0
4.24 -5.36 1.76 26.79 2.67 45.406307 11.894359 1
5.59 -4.17 1.66 23.96 2.67 45.406307 11.894359 1
7.49 -8.24 1.68 23.22 2.67 45.406307 11.894359 1
7.09 -11.88 1.65 23.31 2.67 45.406307 11.894359 1
5.14 -10.16 1.82 23.46 2.67 45.406307 11.894359 1
4.32 -6.73 1.83 20.72 2.67 45.406307 11.894359 1
5.17 -6.93 1.3 20.87 2.67 45.406307 11.894359 1
6.37 -9.21 1.02 22.11 2.67 45.406307 11.894359 1
6.61 -8.79 1.63 22.29 2.67 45.406307 11.894359 1
5.5 -6.09 2.26 24.11 2.67 45.406307 11.894359 1
4.25 -5.56 1.86 23.92 2.67 45.406307 11.894359 1
4.69 -7.88 0.91 23.51 2.67 45.406307 11.894359 1
6.16 -9.41 0.65 22.84 2.67 45.406307 11.894359 1
6.28 -8.73 1.36 22.26 2.67 45.406307 11.894359 1
5.31 -7.75 2.03 22.11 2.57 45.406315 11.894403 0
5.52 -7.55 1.91 21.71 2.57 45.406315 11.894403 1
6.69 -7.76 1.66 21.97 2.57 45.406315 11.894403 0
6.9 -8.21 2.08 20.97 2.57 45.406315 11.894403 1
6.23 -8.35 2.45 21.4 2.57 45.406315 11.894403 1
5.77 -7.41 1.88 22.36 2.57 45.406315 11.894403 1
5.36 -6.34 1.25 22.79 2.57 45.406315 11.894403 1
5.05 -6.7 1.6 22.79 2.57 45.406315 11.894403 1
5.52 -8.19 2.16 21.63 2.57 45.406315 11.894403 1
6.17 -9.28 1.87 21.68 2.57 45.406315 11.894403 1
5.84 -9.03 1.26 21.88 2.57 45.406315 11.894403 1
5.17 -7.72 1.27 21.95 2.57 45.406315 11.894403 1
5.37 -6.82 1.72 21.9 2.57 45.406315 11.894403 1
6.01 -7.54 1.93 21.18 2.57 45.406315 11.894403 1
6.07 -8.86 1.75 21.59 2.57 45.406315 11.894403 1
5.64 -8.84 1.5 22.26 2.57 45.406315 11.894403 1
5.41 -7.65 1.48 22.42 2.57 45.406315 11.894403 1
5.72 -7.04 1.66 22.28 2.57 45.406315 11.894403 1
6.3 -7.49 1.74 22.21 2.37 45.406320 11.894440 0
6.39 -8.06 1.68 23.17 2.37 45.406320 11.894440 1
5.71 -8.2 1.73 22.29 2.37 45.406320 11.894440 0
5.24 -8.17 1.85 22.86 2.37 45.406320 11.894440 1
5.69 -8.15 1.84 21.95 2.37 45.406320 11.894440 1
6.24 -8.1 1.86 22.26 2.37 45.406320 11.894440 1
6.05 -8.0 2.02 21.88 2.37 45.406320 11.894440 1
5.7 -7.87 2.02 22.76 2.37 45.406320 11.894440 1
5.79 -7.8 1.8 22.66 2.37 45.406320 11.894440 1
5.91 -7.85 1.78 22.74 2.37 45.406320 11.894440 1
5.73 -7.85 1.93 22.86 2.37 45.406320 11.894440 1
5.7 -7.84 1.9 22.11 2.37 45.406320 11.894440 1
6.01 -8.11 1.79 22.45 2.37 45.406320 11.894440 1
6.04 -8.4 1.9 22.04 2.37 45.406320 11.894440 1
5.58 -8.12 1.98 22.14 2.37 45.406320 11.894440 1
5.36 -7.61 1.82 22.52 2.37 45.406320 11.894440 1
5.8 -7.68 1.7 21.92 2.37 45.406320 11.894440 1
6.19 -8.12 1.78 22.76 2.13 45.406317 11.894474 0
5.91 -8.14 1.82 22.48 2.13 45.406317 11.894474 1
5.5 -7.8 1.77 24.87 2.13 45.406317 11.894474 0
5.55 -7.72 1.78 22.95 2.13 45.406317 11.894474 1
5.82 -7.87 1.79 22.33 2.13 45.406317 11.894474 1
5.88 -7.93 1.74 22.19 2.13 45.406317 11.894474 1
5.81 -7.89 1.75 21.78 2.13 45.406317 11.894474 1
5.75 -7.87 1.83 22.24 2.13 45.406317 11.894474 1
5.72 -7.87 1.79 22.38 2.13 45.406317 11.894474 1
5.75 -7.79 1.66 22.67 2.13 45.406317 11.894474 1
5.88 -7.71 1.62 22.69 2.13 45.406317 11.894474 1
5.98 -7.77 1.63 23.07 2.13 45.406317 11.894474 1
5.99 -7.97 1.68 22.29 2.13 45.406317 11.894474 1
5.88 -8.04 1.8 22.31 2.13 45.406317 11.894474 1
5.72 -7.92 1.87 22.78 2.13 45.406317 11.894474 1
5.69 -7.91 1.76 22.62 2.13 45.406317 11.894474 1
5.86 -8.08 1.64 22.04 2.13 45.406317 11.894474 1
5.92 -8.17 1.69 22.29 2.13 45.406317 11.894474 1
5.65 -8.1 1.78 21.88 2.23 45.406314 11.894509 0
5.3 -8.06 1.8 21.99 2.23 45.406314 11.894509 1
5.19 -8.1 1.8 21.99 2.23 45.406314 11.894509 1
5.24 -8.09 1.82 22.0 2.23 45.406314 11.894509 1
5.24 -8.06 1.81 21.99 2.23 45.406314 11.894509 1
5.22 -8.07 1.8 21.99 2.23 45.406314 11.894509 1
5.23 -8.08 1.81 21.99 2.23 45.406314 11.894509 1
5.23 -8.07 1.81 22.0 2.23 45.406314 11.894509 1
5.23 -8.07 1.8 21.99 2.23 45.406314 11.894509 1
5.23 -8.08 1.81 21.99 2.23 45.406314 11.894509 1
5.23 -8.08 1.82 22.0 2.23 45.406314 11.894509 1
5.23 -8.08 1.81 21.98 2.23 45.406314 11.894509 1
5.23 -8.08 1.8 21.99 2.23 45.406314 11.894509 1
5.24 -8.07 1.81 21.98 2.23 45.406314 11.894509 1
5.23 -8.07 1.82 22.0 2.23 45.406314 11.894509 1
