6.5 -7.45 2.26 23.02 1.64 45.406331 11.893971 0
6.3 -7.73 2.46 21.83 1.64 45.406331 11.893971 1
6.22 -7.85 2.31 22.29 1.64 45.406331 11.893971 1
6.27 -7.74 2.05 23.44 1.64 45.406331 11.893971 1
6.15 -7.77 2.15 21.88 1.64 45.406331 11.893971 1
5.74 -8.05 2.48 22.79 1.64 45.406331 11.893971 1
5.53 -8.05 2.39 22.35 1.64 45.406331 11.893971 1
5.79 -7.7 1.94 22.45 1.64 45.406331 11.893971 1
5.96 -7.75 1.75 22.47 1.64 45.406331 11.893971 1
5.65 -8.16 1.8 22.09 1.64 45.406331 11.893971 1
5.32 -8.12 1.76 23.31 1.64 45.406331 11.893971 1
5.52 -7.8 1.8 22.81 1.64 45.406331 11.893971 1
5.97 -7.87 2.0 22.24 1.64 45.406331 11.893971 1
6.13 -7.94 1.99 21.93 1.64 45.406331 11.893971 0
5.93 -7.56 1.78 22.0 1.64 45.406331 11.893971 1
5.8 -7.35 1.68 22.47 1.64 45.406331 11.893971 0
5.96 -7.63 1.62 22.28 1.64 45.406331 11.893971 1
6.23 -7.79 1.46 22.17 1.64 45.406331 11.893971 1
6.35 -7.78 1.41 22.24 1.64 45.406331 11.893971 1
6.25 -7.99 1.48 21.93 1.64 45.406331 11.893971 1
5.99 -8.05 1.52 21.97 1.64 45.406331 11.893971 1
5.78 -7.74 1.65 27.65 1.64 45.406331 11.893971 1
5.71 -7.65 1.91 22.14 1.64 45.406331 11.893971 1
5.67 -7.92 1.96 22.07 1.64 45.406331 11.893971 1
5.6 -7.97 1.78 23.38 1.64 45.406331 11.893971 1
5.65 -7.77 1.76 22.6 1.64 45.406331 11.893971 1
5.82 -7.77 1.88 22.6 1.64 45.406331 11.893971 1
5.95 -7.81 1.83 22.09 1.64 45.406331 11.893971 1
6.02 -7.67 1.69 24.64 1.64 45.406331 11.893971 1
6.05 -7.63 1.72 21.99 1.64 45.406331 11.893971 1
5.86 -7.82 1.8 23.6 1.64 45.406331 11.893971 1
5.62 -7.94 1.78 22.12 2.07 45.406334 11.893993 0
5.74 -7.89 1.79 21.92 2.07 45.406334 11.893993 1
6.0 -7.89 1.9 21.92 2.07 45.406334 11.893993 0
5.88 -8.05 2.02 22.38 2.07 45.406334 11.893993 1
5.61 -8.18 2.09 22.09 2.07 45.406334 11.893993 1
5.66 -8.06 2.1 21.97 2.07 45.406334 11.893993 1
5.83 -7.82 1.94 22.43 2.07 45.406334 11.893993 1
5.8 -7.82 1.71 22.48 2.07 45.406334 11.893993 1
5.77 -8.01 1.74 22.09 2.07 45.406334 11.893993 1
5.81 -8.03 2.01 22.96 2.07 45.406334 11.893993 1
5.75 -7.86 2.05 22.14 2.07 45.406334 11.893993 1
5.82 -7.84 1.76 22.07 2.07 45.406334 11.893993 1
6.1 -7.91 1.54 22.09 2.07 45.406334 11.893993 1
6.08 -7.79 1.59 22.5 2.07 45.406334 11.893993 1
5.7 -7.71 1.79 25.28 2.07 45.406334 11.893993 1
5.57 -7.91 2.05 22.0 2.07 45.406334 11.893993 1
5.74 -8.08 2.22 22.24 2.07 45.406334 11.893993 1
5.72 -7.94 2.1 22.35 2.35 45.406336 11.894024 0
5.64 -7.84 1.8 21.93 2.35 45.406336 11.894024 1
5.8 -7.97 1.61 22.72 2.35 45.406336 11.894024 0
5.91 -7.97 1.56 21.99 2.35 45.406336 11.894024 1
5.81 -7.76 1.49 22.38 2.35 45.406336 11.894024 1
5.88 -7.7 1.53 22.02 2.35 45.406336 11.894024 1
5.96 -7.85 1.76 22.74 2.35 45.406336 11.894024 1
5.73 -7.91 1.93 23.15 2.35 45.406336 11.894024 1
5.56 -7.98 1.86 22.24 2.35 45.406336 11.894024 1
5.76 -8.13 1.78 22.09 2.35 45.406336 11.894024 1
5.87 -8.07 1.75 24.73 2.35 45.406336 11.894024 1
5.69 -7.75 1.72 22.48 2.35 45.406336 11.894024 1
5.65 -7.67 1.86 22.09 2.35 45.406336 11.894024 1
5.86 -7.92 2.13 25.38 2.35 45.406336 11.894024 1
6.0 -8.01 2.1 22.47 2.35 45.406336 11.894024 1
5.94 -7.79 1.8 21.95 2.35 45.406336 11.894024 1
5.79 -7.57 1.88 22.02 2.35 45.406336 11.894024 1
5.7 -7.49 2.26 22.43 2.35 45.406336 11.894024 1
5.92 -7.54 2.14 21.99 2.75 45.406337 11.894059 0
6.32 -7.67 1.58 22.74 2.75 45.406337 11.894059 1
6.36 -7.77 1.42 21.81 2.75 45.406337 11.894059 0
6.03 -7.78 1.74 21.87 2.75 45.406337 11.894059 1
5.89 -7.76 1.88 22.74 2.75 45.406337 11.894059 1
6.02 -7.73 1.76 23.58 2.75 45.406337 11.894059 1
6.0 -7.76 1.84 22.36 2.75 45.406337 11.894059 1
5.85 -7.97 2.0 22.31 2.75 45.406337 11.894059 1
5.76 -8.19 1.86 22.9 2.75 45.406337 11.894059 1
5.63 -8.12 1.69 22.91 2.75 45.406337 11.894059 1
5.47 -7.88 1.85 22.88 2.75 45.406337 11.894059 1
5.66 -7.73 1.97 22.5 2.75 45.406337 11.894059 1
6.12 -7.65 1.71 22.86 2.75 45.406337 11.894059 1
6.27 -7.64 1.58 21.69 2.75 45.406337 11.894059 1
5.94 -7.75 1.87 21.92 2.75 45.406337 11.894059 1
5.7 -7.74 2.06 22.04 2.75 45.406337 11.894059 1
5.84 -7.62 1.88 22.28 2.75 45.406337 11.894059 1
6.02 -7.82 1.71 21.93 2.57 45.406339 11.894089 0
5.9 -8.01 1.71 22.79 2.57 45.406339 11.894089 1
5.72 -7.73 1.63 22.48 2.57 45.406339 11.894089 0
5.72 -7.72 1.53 22.19 2.57 45.406339 11.894089 1
5.7 -8.44 1.66 21.73 2.57 45.406339 11.894089 1
5.52 -8.66 1.85 21.63 2.57 45.406339 11.894089 1
5.53 -8.05 1.91 21.37 2.57 45.406339 11.894089 1
5.77 -7.79 1.94 22.69 2.57 45.406339 11.894089 1
5.71 -7.67 1.9 22.38 2.57 45.406339 11.894089 1
5.44 -6.94 1.72 22.9 2.57 45.406339 11.894089 1
5.73 -6.97 1.69 21.49 2.57 45.406339 11.894089 1
6.39 -8.52 1.93 21.45 2.57 45.406339 11.894089 1
6.32 -9.11 2.0 21.99 2.57 45.406339 11.894089 1
5.56 -7.6 1.76 23.26 2.57 45.406339 11.894089 1
5.28 -6.67 1.68 22.45 2.57 45.406339 11.894089 1
5.76 -7.84 1.91 24.2 2.57 45.406339 11.894089 1
6.21 -9.0 1.98 22.0 2.57 45.406339 11.894089 1
6.12 -8.62 1.75 21.81 2.57 45.406339 11.894089 1
5.71 -7.71 1.59 22.52 1.6 45.406335 11.894103 0
5.57 -7.31 1.64 22.54 1.6 45.406335 11.894103 1
6.01 -7.45 1.68 22.45 1.6 45.406335 11.894103 0
6.47 -7.88 1.65 22.36 1.6 45.406335 11.894103 1
6.25 -8.14 1.69 22.86 1.6 45.406335 11.894103 1
5.77 -7.91 1.8 21.99 1.6 45.406335 11.894103 1
5.8 -7.62 1.87 22.84 1.6 45.406335 11.894103 1
6.06 -7.68 1.84 21.47 1.6 45.406335 11.894103 1
5.95 -7.9 1.79 22.09 1.6 45.406335 11.894103 1
5.8 -7.98 1.84 22.6 1.6 45.406335 11.894103 1
5.94 -7.94 1.91 22.55 1.6 45.406335 11.894103 1
6.02 -7.92 1.83 22.52 1.6 45.406335 11.894103 1
5.87 -7.97 1.78 22.11 1.6 45.406335 11.894103 1
5.79 -7.89 2.02 22.55 1.6 45.406335 11.894103 1
5.86 -7.6 2.25 24.13 1.6 45.406335 11.894103 1
5.93 -7.54 2.03 22.4 1.6 45.406335 11.894103 1
6.01 -7.88 1.7 22.26 1.6 45.406335 11.894103 1
6.03 -7.96 1.77 22.43 1.27 45.406326 11.894115 0
5.87 -7.55 1.96 22.4 1.27 45.406326 11.894115 1
5.73 -7.45 1.94 21.92 1.27 45.406326 11.894115 0
5.73 -7.84 1.99 22.31 1.27 45.406326 11.894115 1
5.66 -7.96 2.06 22.29 1.27 45.406326 11.894115 1
5.61 -7.69 1.75 23.62 1.27 45.406326 11.894115 1
5.85 -7.69 1.39 21.99 1.27 45.406326 11.894115 1
6.07 -7.86 1.55 22.48 1.27 45.406326 11.894115 1
5.96 -7.71 1.8 22.19 1.27 45.406326 11.894115 1
5.89 -7.47 1.61 22.62 1.27 45.406326 11.894115 1
6.14 -7.61 1.43 22.55 1.27 45.406326 11.894115 1
6.33 -7.93 1.57 22.04 1.27 45.406326 11.894115 1
6.2 -8.06 1.64 22.04 1.27 45.406326 11.894115 1
6.01 -7.95 1.59 23.02 1.27 45.406326 11.894115 1
5.92 -7.74 1.64 22.98 1.27 45.406326 11.894115 1
5.9 -7.69 1.62 23.07 1.27 45.406326 11.894115 1
5.93 -7.88 1.39 21.97 1.27 45.406326 11.894115 1
5.93 -8.07 1.3 22.4 1.27 45.406326 11.894115 1
5.79 -8.07 1.47 22.02 1.2 45.406320 11.894132 0
5.68 -7.98 1.64 22.84 1.2 45.406320 11.894132 1
5.8 -7.89 1.83 21.95 1.2 45.406320 11.894132 0
5.94 -7.82 2.07 21.83 1.2 45.406320 11.894132 1
5.92 -7.85 2.14 22.29 1.2 45.406320 11.894132 1
5.93 -7.89 1.99 21.92 1.2 45.406320 11.894132 1
6.01 -7.79 1.9 21.59 1.2 45.406320 11.894132 1
5.9 -7.71 1.99 21.95 1.2 45.406320 11.894132 1
5.7 -7.85 2.13 22.12 1.2 45.406320 11.894132 1
5.72 -8.01 2.1 22.47 1.2 45.406320 11.894132 1
5.85 -7.98 1.8 21.75 1.2 45.406320 11.894132 1
5.77 -7.91 1.49 22.19 1.2 45.406320 11.894132 1
5.63 -7.93 1.53 22.55 1.2 45.406320 11.894132 1
5.72 -7.99 1.76 22.09 1.2 45.406320 11.894132 1
5.91 -7.98 1.76 22.0 1.2 45.406320 11.894132 1
6.01 -7.85 1.67 22.96 1.2 45.406320 11.894132 1
6.06 -7.69 1.81 21.97 1.2 45.406320 11.894132 1
6.05 -7.7 1.92 22.04 0.99 45.406324 11.894146 0
5.91 -7.77 1.72 22.0 0.99 45.406324 11.894146 1
5.83 -7.79 1.48 21.93 0.99 45.406324 11.894146 0
5.88 -7.85 1.47 21.52 0.99 45.406324 11.894146 1
5.79 -7.96 1.56 22.28 0.99 45.406324 11.894146 1
5.5 -7.93 1.63 21.93 0.99 45.406324 11.894146 1
5.38 -7.84 1.71 21.4 0.99 45.406324 11.894146 1
5.63 -7.93 1.83 21.66 0.99 45.406324 11.894146 1
5.95 -8.07 1.94 21.64 0.99 45.406324 11.894146 1
5.96 -7.85 2.02 22.62 0.99 45.406324 11.894146 1
5.75 -7.44 1.98 22.62 0.99 45.406324 11.894146 1
5.75 -7.41 1.92 23.07 0.99 45.406324 11.894146 1
6.04 -7.88 2.05 21.99 0.99 45.406324 11.894146 1
6.18 -8.31 2.19 21.99 0.99 45.406324 11.894146 1
5.94 -8.25 2.0 22.47 0.99 45.406324 11.894146 1
5.69 -7.87 1.7 22.55 0.99 45.406324 11.894146 1
5.75 -7.67 1.71 22.33 0.99 45.406324 11.894146 1
5.9 -7.86 1.93 22.43 0.99 45.406324 11.894146 1
5.84 -8.11 1.98 22.04 1.52 45.406326 11.894170 0
5.64 -8.12 1.96 22.04 1.52 45.406326 11.894170 1
5.55 -8.06 2.06 21.95 1.52 45.406326 11.894170 0
5.69 -8.12 2.05 22.4 1.52 45.406326 11.894170 1
5.91 -8.08 1.79 23.2 1.52 45.406326 11.894170 1
6.0 -7.84 1.57 21.83 1.52 45.406326 11.894170 1
5.92 -7.79 1.62 21.78 1.52 45.406326 11.894170 1
5.81 -8.02 1.71 22.17 1.52 45.406326 11.894170 1
5.73 -8.01 1.72 21.95 1.52 45.406326 11.894170 1
5.66 -7.67 1.74 23.74 1.52 45.406326 11.894170 1
5.64 -7.63 1.8 22.04 1.52 45.406326 11.894170 1
5.73 -7.97 1.84 22.04 1.52 45.406326 11.894170 1
5.76 -8.16 1.87 22.05 1.52 45.406326 11.894170 1
5.69 -8.03 1.86 22.07 1.52 45.406326 11.894170 1
5.69 -7.88 1.8 22.09 1.52 45.406326 11.894170 1
5.82 -7.76 1.79 22.5 1.52 45.406326 11.894170 1
5.94 -7.75 1.82 22.69 1.52 45.406326 11.894170 1
5.96 -8.0 1.71 21.87 1.9 45.406330 11.894200 0
5.89 -8.18 1.56 21.93 1.9 45.406330 11.894200 1
5.79 -7.91 1.65 21.56 1.9 45.406330 11.894200 0
5.75 -7.67 1.9 22.43 1.9 45.406330 11.894200 1
5.85 -7.89 1.92 21.99 1.9 45.406330 11.894200 1
5.92 -8.06 1.73 21.93 1.9 45.406330 11.894200 1
5.82 -7.82 1.58 21.93 1.9 45.406330 11.894200 1
5.75 -7.69 1.5 22.43 1.9 45.406330 11.894200 1
5.85 -7.94 1.47 21.99 1.9 45.406330 11.894200 1
5.94 -8.12 1.57 22.52 1.9 45.406330 11.894200 1
5.86 -8.01 1.76 23.0 1.9 45.406330 11.894200 1
5.75 -7.88 1.9 23.0 1.9 45.406330 11.894200 1
5.71 -7.88 1.98 22.19 1.9 45.406330 11.894200 1
5.7 -7.93 1.99 22.11 1.9 45.406330 11.894200 1
5.75 -7.97 1.82 22.55 1.9 45.406330 11.894200 1
5.87 -7.97 1.65 22.54 1.9 45.406330 11.894200 1
5.87 -7.98 1.74 21.99 1.9 45.406330 11.894200 1
5.66 -8.02 1.9 22.38 1.9 45.406330 11.894200 1
5.57 -8.02 1.8 21.93 2.36 45.406327 11.894237 0
5.78 -8.0 1.62 21.37 2.36 45.406327 11.894237 1
6.04 -8.09 1.74 21.92 2.36 45.406327 11.894237 0
5.9 -8.13 1.94 21.97 2.36 45.406327 11.894237 1
5.44 -7.96 1.87 22.02 2.36 45.406327 11.894237 1
5.38 -7.84 1.68 22.29 2.36 45.406327 11.894237 1
5.95 -7.94 1.7 21.88 2.36 45.406327 11.894237 1
6.18 -7.91 1.82 21.37 2.36 45.406327 11.894237 1
5.57 -7.69 1.82 22.93 2.36 45.406327 11.894237 1
5.25 -7.73 1.71 22.04 2.36 45.406327 11.894237 1
5.87 -8.02 1.59 21.78 2.36 45.406327 11.894237 1
6.3 -8.0 1.52 21.93 2.36 45.406327 11.894237 1
5.96 -7.66 1.69 22.02 2.36 45.406327 11.894237 1
5.72 -7.49 2.01 23.14 2.36 45.406327 11.894237 1
5.81 -7.47 2.01 22.5 2.36 45.406327 11.894237 1
5.64 -7.39 1.66 24.58 2.36 45.406327 11.894237 1
5.47 -7.71 1.49 21.83 2.36 45.406327 11.894237 1
5.79 -8.58 1.66 21.69 2.17 45.406324 11.894267 0
6.04 -9.01 1.76 21.63 2.17 45.406324 11.894267 1
5.79 -8.34 1.72 21.37 2.17 45.406324 11.894267 0
5.56 -7.54 1.74 21.95 2.17 45.406324 11.894267 1
5.69 -7.46 1.77 22.69 2.17 45.406324 11.894267 1
5.88 -7.61 1.73 21.76 2.17 45.406324 11.894267 1
6.02 -7.65 1.67 22.04 2.17 45.406324 11.894267 1
6.11 -7.99 1.53 21.88 2.17 45.406324 11.894267 1
5.9 -8.41 1.46 21.57 2.17 45.406324 11.894267 1
5.47 -8.18 1.8 21.73 2.17 45.406324 11.894267 1
5.4 -7.68 2.21 22.09 2.17 45.406324 11.894267 1
5.83 -7.75 2.06 21.51 2.17 45.406324 11.894267 1
6.1 -8.11 1.64 21.44 2.17 45.406324 11.894267 1
5.9 -8.11 1.6 21.63 2.17 45.406324 11.894267 1
5.79 -7.99 1.68 22.57 2.17 45.406324 11.894267 1
5.89 -8.09 1.47 22.72 2.17 45.406324 11.894267 1
5.75 -8.05 1.39 21.93 2.17 45.406324 11.894267 1
5.6 -7.83 1.73 21.54 2.17 45.406324 11.894267 1
5.9 -8.04 1.94 22.19 2.18 45.406325 11.894298 0
6.02 -8.44 1.82 22.0 2.18 45.406325 11.894298 1
5.68 -8.1 1.81 22.33 2.18 45.406325 11.894298 0
5.8 -7.44 1.84 22.04 2.18 45.406325 11.894298 1
6.11 -7.52 1.58 21.75 2.18 45.406325 11.894298 1
5.49 -7.46 1.38 21.03 2.18 45.406325 11.894298 1
5.11 -6.73 1.64 20.82 2.18 45.406325 11.894298 1
6.25 -7.83 1.87 21.15 2.18 45.406325 11.894298 1
6.69 -10.66 1.72 23.38 2.18 45.406325 11.894298 1
4.81 -9.71 1.55 24.9 2.18 45.406325 11.894298 1
3.43 -4.49 1.36 25.36 2.18 45.406325 11.894298 1
4.68 -3.58 0.73 22.83 2.18 45.406325 11.894298 1
6.34 -9.85 0.17 22.35 2.18 45.406325 11.894298 1
6.56 -14.03 0.51 20.87 2.18 45.406325 11.894298 1
6.44 -10.49 1.27 21.69 2.18 45.406325 11.894298 1
6.51 -5.48 1.55 22.45 2.18 45.406325 11.894298 1
6.23 -4.37 1.66 22.47 2.18 45.406325 11.894298 1
6.03 -5.36 2.19 21.3 1.75 45.406323 11.894324 0
6.2 -7.24 2.53 20.41 1.75 45.406323 11.894324 1
5.8 -10.04 2.0 20.31 1.75 45.406323 11.894324 0
4.76 -10.21 1.13 23.29 1.75 45.406323 11.894324 1
4.5 -6.06 0.94 24.75 1.75 45.406323 11.894324 1
5.79 -3.14 1.52 24.82 1.75 45.406323 11.894324 1
7.39 -5.92 2.07 23.31 1.75 45.406323 11.894324 1
7.07 -10.54 1.87 23.15 1.75 45.406323 11.894324 1
4.73 -11.48 1.27 23.07 1.75 45.406323 11.894324 1
3.92 -9.17 1.31 21.75 1.75 45.406323 11.894324 1
6.9 -7.37 2.18 20.53 1.75 45.406323 11.894324 1
9.85 -7.56 2.82 21.64 1.75 45.406323 11.894324 1
8.26 -8.36 2.47 21.66 1.75 45.406323 11.894324 1
4.32 -8.17 1.78 22.76 1.75 45.406323 11.894324 1
3.11 -7.33 1.6 23.26 1.75 45.406323 11.894324 1
4.93 -7.4 1.74 22.52 1.75 45.406323 11.894324 1
6.36 -8.5 1.64 22.48 1.75 45.406323 11.894324 1
5.79 -9.14 1.42 22.52 1.75 45.406323 11.894324 1
4.72 -8.67 1.42 22.64 1.41 45.406323 11.894344 0
5.08 -7.8 1.6 22.6 1.41 45.406323 11.894344 1
6.51 -7.31 1.76 21.44 1.41 45.406323 11.894344 0
7.03 -7.54 1.87 21.08 1.41 45.406323 11.894344 1
6.36 -8.1 1.86 21.83 1.41 45.406323 11.894344 1
5.94 -8.1 1.67 22.0 1.41 45.406323 11.894344 1
5.78 -7.56 1.64 22.64 1.41 45.406323 11.894344 1
5.1 -7.4 1.97 22.55 1.41 45.406323 11.894344 1
4.78 -7.68 2.24 22.81 1.41 45.406323 11.894344 1
5.54 -7.95 2.07 21.83 1.41 45.406323 11.894344 1
6.11 -8.45 1.72 22.19 1.41 45.406323 11.894344 1
5.79 -8.97 1.48 22.04 1.41 45.406323 11.894344 1
5.56 -8.59 1.27 22.78 1.41 45.406323 11.894344 1
5.85 -7.64 1.27 22.29 1.41 45.406323 11.894344 1
6.03 -7.45 1.7 22.09 1.41 45.406323 11.894344 1
6.01 -8.14 2.08 22.0 1.41 45.406323 11.894344 1
5.93 -8.57 1.85 21.85 1.41 45.406323 11.894344 1
5.71 -8.24 1.46 22.57 1.44 45.406320 11.894367 0
5.67 -7.76 1.5 22.69 1.44 45.406320 11.894367 1
6.12 -7.83 1.71 22.6 1.44 45.406320 11.894367 0
6.41 -8.11 1.71 22.33 1.44 45.406320 11.894367 1
5.97 -7.97 1.6 22.6 1.44 45.406320 11.894367 1
5.5 -7.8 1.55 22.6 1.44 45.406320 11.894367 1
5.67 -8.16 1.6 22.02 1.44 45.406320 11.894367 1
5.98 -8.49 1.75 21.93 1.44 45.406320 11.894367 1
5.93 -8.22 1.78 22.76 1.44 45.406320 11.894367 1
5.81 -7.9 1.53 22.47 1.44 45.406320 11.894367 1
5.9 -7.95 1.39 23.03 1.44 45.406320 11.894367 1
5.94 -7.93 1.67 23.41 1.44 45.406320 11.894367 1
5.85 -7.79 1.94 23.51 1.44 45.406320 11.894367 1
5.79 -7.84 1.91 26.67 1.44 45.406320 11.894367 1
5.83 -8.0 1.84 22.64 1.44 45.406320 11.894367 1
5.97 -8.1 1.8 22.14 1.44 45.406320 11.894367 1
6.08 -8.14 1.61 22.78 1.44 45.406320 11.894367 1
5.92 -8.01 1.49 21.99 1.44 45.406320 11.894367 1
5.68 -7.77 1.67 21.95 1.78 45.406318 11.894395 0
5.77 -7.82 1.9 22.81 1.78 45.406318 11.894395 1
5.97 -8.07 1.98 21.88 1.78 45.406318 11.894395 0
5.84 -8.1 1.94 21.95 1.78 45.406318 11.894395 1
5.69 -7.94 1.72 23.7 1.78 45.406318 11.894395 1
5.81 -7.83 1.5 22.07 1.78 45.406318 11.894395 1
5.85 -7.75 1.63 22.69 1.78 45.406318 11.894395 1
5.67 -7.81 1.89 22.24 1.78 45.406318 11.894395 1
5.64 -8.11 1.87 21.49 1.78 45.406318 11.894395 1
5.79 -8.31 1.8 22.19 1.78 45.406318 11.894395 1
5.78 -8.15 1.93 21.93 1.78 45.406318 11.894395 1
5.65 -7.91 1.93 22.96 1.78 45.406318 11.894395 1
5.62 -7.76 1.79 23.99 1.78 45.406318 11.894395 1
5.81 -7.65 1.88 25.72 1.78 45.406318 11.894395 1
6.07 -7.74 1.99 22.23 1.78 45.406318 11.894395 1
6.1 -8.03 1.7 22.0 1.78 45.406318 11.894395 1
5.83 -8.14 1.45 23.05 1.78 45.406318 11.894395 1
5.72 -8.01 1.69 23.51 2.14 45.406314 11.894427 0
5.86 -7.96 1.88 22.14 2.14 45.406314 11.894427 1
5.83 -8.06 1.73 22.43 2.14 45.406314 11.894427 0
5.68 -8.13 1.74 22.35 2.14 45.406314 11.894427 1
5.77 -8.08 1.95 21.78 2.14 45.406314 11.894427 1
5.87 -7.92 1.84 22.21 2.14 45.406314 11.894427 1
5.72 -7.74 1.61 22.36 2.14 45.406314 11.894427 1
5.69 -7.73 1.79 21.95 2.14 45.406314 11.894427 1
5.86 -7.84 2.04 22.35 2.14 45.406314 11.894427 1
5.74 -7.87 1.86 22.4 2.14 45.406314 11.894427 1
5.44 -7.91 1.63 22.42 2.14 45.406314 11.894427 1
5.51 -8.03 1.75 22.5 2.14 45.406314 11.894427 1
5.78 -7.97 1.88 22.5 2.14 45.406314 11.894427 1
5.8 -7.68 1.75 22.55 2.14 45.406314 11.894427 1
5.74 -7.52 1.65 22.47 2.14 45.406314 11.894427 1
5.81 -7.57 1.69 22.47 2.14 45.406314 11.894427 1
5.83 -7.58 1.69 22.47 2.14 45.406314 11.894427 1
5.78 -7.54 1.65 22.46 2.14 45.406314 11.894427 1
5.8 -7.55 1.68 22.48 2.14 45.406314 11.894427 1
5.82 -7.57 1.69 22.46 2.14 45.406314 11.894427 1
5.78 -7.55 1.66 22.46 2.14 45.406314 11.894427 1
5.81 -7.56 1.67 22.47 2.14 45.406314 11.894427 1
