5.78 -8.24 1.78 22.04 3.42 45.406362 11.895350 1 0
5.75 -7.82 1.81 22.91 3.12 45.406360 11.895394 0 0
5.43 -7.67 1.92 27.29 3.12 45.406360 11.895394 1 0
5.92 -8.16 1.77 22.81 3.12 45.406360 11.895394 0 0
5.94 -8.1 1.89 21.87 3.12 45.406360 11.895394 1 0
5.96 -8.14 1.72 23.2 3.12 45.406360 11.895394 1 0
5.79 -8.2 1.73 22.76 3.12 45.406360 11.895394 1 0
5.77 -7.81 1.72 22.4 3.12 45.406360 11.895394 1 0
5.69 -7.84 1.78 22.52 3.12 45.406360 11.895394 1 0
5.64 -8.12 1.94 22.5 3.12 45.406360 11.895394 1 0
5.53 -7.72 1.98 23.27 3.12 45.406360 11.895394 1 0
5.85 -7.96 1.78 21.97 3.12 45.406360 11.895394 1 0
6.13 -7.84 1.78 22.88 3.12 45.406360 11.895394 1 0
5.63 -8.09 1.97 22.52 3.12 45.406360 11.895394 1 0
5.58 -7.56 1.88 22.16 3.12 45.406360 11.895394 1 0
5.79 -7.8 1.86 23.24 3.12 45.406360 11.895394 1 0
6.21 -7.91 1.9 22.31 3.12 45.406360 11.895394 1 0
5.43 -8.25 1.91 21.9 3.12 45.406360 11.895394 1 0
6.1 -7.93 1.17 23.19 3.17 45.406359 11.895436 0 0
5.51 -8.02 1.7 21.8 3.17 45.406359 11.895436 1 0
6.64 -7.66 1.75 22.0 3.17 45.406359 11.895436 0 0
5.74 -8.08 1.57 22.52 3.17 45.406359 11.895436 1 0
5.6 -7.78 1.86 24.2 3.17 45.406359 11.895436 1 0
5.68 -8.18 2.0 22.09 3.17 45.406359 11.895436 1 0
6.27 -7.52 1.33 22.35 3.17 45.406359 11.895436 1 0
5.85 -8.6 1.83 22.29 3.17 45.406359 11.895436 1 0
5.9 -8.62 1.65 21.85 3.17 45.406359 11.895436 1 0
5.89 -7.72 2.16 22.29 3.17 45.406359 11.895436 1 0
5.46 -8.07 1.52 22.76 3.17 45.406359 11.895436 1 0
6.08 -7.73 1.66 22.23 3.17 45.406359 11.895436 1 0
5.41 -8.28 2.02 23.43 3.17 45.406359 11.895436 1 0
5.35 -6.23 2.12 23.72 3.17 45.406359 11.895436 1 0
5.07 -8.97 2.04 22.6 3.17 45.406359 11.895436 1 0
6.14 -7.83 1.73 21.85 3.17 45.406359 11.895436 1 0
5.3 -8.34 1.37 21.92 3.17 45.406359 11.895436 1 0
