5.48 -8.16 1.35 25.78 3.22 45.406376 11.895374 1 0
5.83 -8.02 1.5 23.03 3.22 45.406376 11.895374 1 0
6.11 -7.98 1.53 22.74 3.22 45.406376 11.895374 1 0
5.77 -7.97 1.6 22.02 3.22 45.406376 11.895374 1 0
5.44 -7.83 1.73 23.36 3.22 45.406376 11.895374 1 0
5.62 -7.77 1.7 22.93 3.22 45.406376 11.895374 1 0
5.84 -7.91 1.57 22.45 3.22 45.406376 11.895374 1 0
5.76 -8.05 1.67 23.32 3.22 45.406376 11.895374 1 0
5.66 -8.1 1.88 22.07 3.22 45.406376 11.895374 1 0
5.69 -8.12 1.84 22.54 3.22 45.406376 11.895374 1 0
5.67 -7.99 1.73 22.91 3.22 45.406376 11.895374 1 0
5.72 -7.72 1.88 22.81 3.22 45.406376 11.895374 1 0
5.98 -7.74 2.05 21.9 2.87 45.406375 11.895413 0 0
5.99 -8.04 1.99 21.87 2.87 45.406375 11.895413 1 0
5.62 -8.11 1.98 21.78 2.87 45.406375 11.895413 0 0
5.5 -7.89 2.06 21.85 2.87 45.406375 11.895413 1 0
5.8 -7.84 1.94 21.44 2.87 45.406375 11.895413 1 0
5.87 -7.9 1.7 21.54 2.87 45.406375 11.895413 1 0
5.66 -7.79 1.68 22.42 2.87 45.406375 11.895413 1 0
5.74 -7.8 1.72 23.27 2.87 45.406375 11.895413 1 0
5.98 -8.02 1.58 22.45 2.87 45.406375 11.895413 1 0
5.81 -7.92 1.48 22.59 2.87 45.406375 11.895413 1 0
5.53 -7.54 1.67 22.29 2.87 45.406375 11.895413 1 0
5.68 -7.61 1.86 22.26 2.87 45.406375 11.895413 1 0
6.0 -8.01 1.77 22.0 2.87 45.406375 11.895413 1 0
5.96 -8.07 1.58 26.74 2.87 45.406375 11.895413 1 0
5.71 -7.92 1.6 22.36 2.87 45.406375 11.895413 1 0
5.63 -7.9 1.75 21.88 2.87 45.406375 11.895413 1 0
5.72 -7.75 1.8 21.78 2.87 45.406375 11.895413 1 0
5.84 -7.63 1.79 21.85 3.08 45.406372 11.895453 0 0
5.96 -7.91 1.84 22.45 3.08 45.406372 11.895453 1 0
5.97 -7.98 1.8 22.36 3.08 45.406372 11.895453 0 0
5.82 -7.44 1.6 23.07 3.08 45.406372 11.895453 1 0
5.75 -7.46 1.51 22.0 3.08 45.406372 11.895453 1 0
5.89 -8.42 1.72 23.99 3.08 45.406372 11.895453 1 0
