6.11 -7.52 1.98 22.29 3.27 45.406366 11.895060 0 0
6.03 -7.69 2.17 21.9 3.27 45.406366 11.895060 1 0
6.0 -7.99 2.27 22.81 3.27 45.406366 11.895060 1 0
5.86 -8.16 2.07 22.47 3.27 45.406366 11.895060 1 0
5.61 -8.13 1.72 22.96 3.27 45.406366 11.895060 1 0
5.48 -8.14 1.67 22.57 3.27 45.406366 11.895060 1 0
5.55 -8.14 1.97 22.43 3.27 45.406366 11.895060 1 0
5.73 -8.07 2.18 22.5 3.27 45.406366 11.895060 1 0
5.86 -8.14 2.08 22.05 3.27 45.406366 11.895060 1 0
5.81 -8.2 1.96 22.55 3.27 45.406366 11.895060 1 0
5.82 -7.93 2.02 22.64 3.27 45.406366 11.895060 1 0
6.07 -7.65 2.13 21.97 3.27 45.406366 11.895060 1 0
6.18 -7.75 2.08 22.12 3.27 45.406366 11.895060 0 0
5.83 -7.97 1.73 21.88 3.27 45.406366 11.895060 1 0
5.65 -8.02 1.24 22.28 3.27 45.406366 11.895060 0 0
5.99 -8.07 1.09 22.26 3.27 45.406366 11.895060 1 0
6.12 -8.15 1.51 21.88 3.27 45.406366 11.895060 1 0
5.69 -7.99 2.12 21.42 3.27 45.406366 11.895060 1 0
5.47 -7.7 2.32 21.93 3.27 45.406366 11.895060 1 0
5.79 -7.63 2.0 21.59 3.27 45.406366 11.895060 1 0
6.0 -7.84 1.54 22.05 3.27 45.406366 11.895060 1 0
5.92 -7.97 1.3 22.0 3.27 45.406366 11.895060 1 0
5.95 -7.82 1.3 22.38 3.27 45.406366 11.895060 1 0
6.06 -7.64 1.38 21.49 3.27 45.406366 11.895060 1 0
5.99 -7.74 1.48 21.54 3.27 45.406366 11.895060 1 0
5.76 -7.9 1.64 22.02 3.27 45.406366 11.895060 1 0
5.62 -7.84 1.72 22.02 3.27 45.406366 11.895060 1 0
5.73 -7.76 1.64 22.09 3.27 45.406366 11.895060 1 0
5.94 -7.89 1.54 22.0 3.27 45.406366 11.895060 1 0
5.87 -8.04 1.61 22.91 2.35 45.406369 11.895087 0 0
5.56 -8.01 1.76 22.52 2.35 45.406369 11.895087 1 0
5.53 -7.9 1.87 22.5 2.35 45.406369 11.895087 0 0
5.84 -7.89 1.97 21.95 2.35 45.406369 11.895087 1 0
6.03 -8.01 1.97 21.92 2.35 45.406369 11.895087 1 0
5.9 -8.08 1.74 21.97 2.35 45.406369 11.895087 1 0
