5.39 -7.87 1.49 22.66 2.75 45.406334 11.895058 0
6.07 -7.52 1.43 22.57 2.75 45.406334 11.895058 1
6.34 -7.82 1.45 22.0 2.75 45.406334 11.895058 1
6.29 -7.98 1.84 23.24 2.75 45.406334 11.895058 1
6.27 -8.19 2.24 22.38 2.75 45.406334 11.895058 1
5.49 -7.83 2.36 22.47 2.75 45.406334 11.895058 1
5.59 -8.12 2.62 22.42 2.75 45.406334 11.895058 1
6.61 -7.46 1.97 22.0 2.75 45.406334 11.895058 1
6.17 -8.13 1.72 22.43 2.75 45.406334 11.895058 1
6.03 -7.97 1.54 22.52 2.75 45.406334 11.895058 1
5.51 -7.66 1.79 22.47 2.75 45.406334 11.895058 0
5.77 -8.12 1.78 22.4 2.75 45.406334 11.895058 1
5.59 -8.07 1.56 22.35 2.75 45.406334 11.895058 0
5.72 -7.92 1.79 21.75 2.75 45.406334 11.895058 1
5.8 -7.89 2.04 22.24 2.75 45.406334 11.895058 1
5.82 -7.71 2.08 22.0 2.75 45.406334 11.895058 1
6.11 -7.7 2.11 21.95 2.75 45.406334 11.895058 1
5.96 -7.73 2.03 22.0 2.75 45.406334 11.895058 1
6.02 -7.44 1.65 22.52 2.75 45.406334 11.895058 1
6.19 -7.61 1.5 22.11 2.75 45.406334 11.895058 1
5.79 -7.77 1.97 22.05 2.75 45.406334 11.895058 1
5.61 -7.5 1.94 21.97 2.75 45.406334 11.895058 1
6.17 -8.25 1.78 21.95 2.75 45.406334 11.895058 1
5.58 -8.3 1.49 23.38 2.75 45.406334 11.895058 1
5.49 -7.9 1.84 21.85 2.75 45.406334 11.895058 1
5.71 -7.8 1.9 22.72 2.75 45.406334 11.895058 1
5.83 -7.91 1.61 22.48 2.75 45.406334 11.895058 1
6.48 -8.06 1.89 22.42 2.75 45.406334 11.895058 1
6.12 -7.8 1.45 21.92 1.97 45.406341 11.895077 0
6.12 -7.9 1.42 21.95 1.97 45.406341 11.895077 1
5.79 -7.87 1.53 22.5 1.97 45.406341 11.895077 0
5.72 -7.78 1.67 22.47 1.97 45.406341 11.895077 1
5.73 -7.7 1.97 22.02 1.97 45.406341 11.895077 1
5.93 -8.17 1.87 21.95 1.97 45.406341 11.895077 1
6.15 -7.78 1.72 22.45 1.97 45.406341 11.895077 1
5.58 -7.82 1.67 22.11 1.97 45.406341 11.895077 1
5.46 -7.82 1.68 22.47 1.97 45.406341 11.895077 1
5.84 -8.03 1.58 21.61 1.97 45.406341 11.895077 1
5.67 -8.37 1.19 21.97 1.97 45.406341 11.895077 1
5.97 -7.46 1.86 22.11 1.97 45.406341 11.895077 1
5.51 -7.54 1.75 22.16 1.97 45.406341 11.895077 1
5.9 -7.88 1.96 22.17 1.97 45.406341 11.895077 1
6.32 -7.96 1.9 22.11 1.97 45.406341 11.895077 1
6.19 -8.03 1.55 22.21 1.97 45.406341 11.895077 1
6.04 -7.71 2.2 22.14 1.97 45.406341 11.895077 1
5.98 -7.66 1.93 22.04 2.05 45.406340 11.895099 0
5.44 -7.22 2.16 22.02 2.05 45.406340 11.895099 1
5.83 -8.34 2.0 21.92 2.05 45.406340 11.895099 0
5.94 -8.24 2.14 21.95 2.05 45.406340 11.895099 1
5.79 -7.91 1.82 21.9 2.05 45.406340 11.895099 1
5.49 -7.66 1.94 21.88 2.05 45.406340 11.895099 1
5.64 -7.9 1.81 22.29 2.05 45.406340 11.895099 1
5.94 -7.72 2.1 21.9 2.05 45.406340 11.895099 1
5.72 -7.98 1.77 283.78 2.05 45.406340 11.895099 1
6.09 -7.58 1.66 7.31 2.05 45.406340 11.895099 1
5.85 -7.65 1.92 22.48 2.05 45.406340 11.895099 1
6.01 -7.91 1.83 22.04 2.05 45.406340 11.895099 1
6.14 -7.78 1.98 22.42 2.05 45.406340 11.895099 1
5.91 -7.95 1.68 22.5 2.05 45.406340 11.895099 1
5.45 -8.15 1.51 22.11 3.08 45.406342 11.895134 0
5.46 -7.91 1.47 22.31 3.08 45.406342 11.895134 1
5.48 -7.66 1.87 21.87 3.08 45.406342 11.895134 0
5.97 -7.99 1.47 21.85 3.08 45.406342 11.895134 1
5.7 -8.54 1.82 21.75 3.08 45.406342 11.895134 1
6.06 -7.4 1.69 21.44 3.08 45.406342 11.895134 1
5.93 -7.72 1.39 22.96 3.08 45.406342 11.895134 1
5.79 -7.63 1.82 22.02 3.08 45.406342 11.895134 1
5.82 -7.97 2.37 22.54 3.08 45.406342 11.895134 1
6.07 -8.02 1.84 22.07 3.08 45.406342 11.895134 1
5.66 -8.16 1.76 22.16 3.08 45.406342 11.895134 1
5.65 -7.72 1.88 21.69 3.08 45.406342 11.895134 1
5.56 -8.11 2.05 22.57 3.08 45.406342 11.895134 1
5.84 -7.99 1.8 23.44 3.08 45.406342 11.895134 1
5.78 -7.57 1.79 22.93 3.08 45.406342 11.895134 1
5.87 -8.08 1.91 22.11 3.08 45.406342 11.895134 1
5.71 -7.92 1.58 22.05 3.08 45.406342 11.895134 1
5.6 -7.98 1.67 21.93 3.08 45.406342 11.895134 1
5.76 -8.03 1.86 21.95 2.71 45.406344 11.895169 0
5.4 -8.1 2.41 22.0 2.71 45.406344 11.895169 1
5.38 -7.95 2.07 22.02 2.71 45.406344 11.895169 0
5.56 -7.85 1.29 22.0 2.71 45.406344 11.895169 1
5.33 -8.2 2.18 23.62 2.71 45.406344 11.895169 1
6.26 -7.81 0.83 21.95 2.71 45.406344 11.895169 1
6.03 -8.03 1.06 22.91 2.71 45.406344 11.895169 1
5.76 -7.71 1.42 22.11 2.71 45.406344 11.895169 1
5.87 -7.65 0.55 22.57 2.71 45.406344 11.895169 1
6.08 -7.78 1.23 21.95 2.71 45.406344 11.895169 1
5.25 -8.47 1.83 21.8 2.71 45.406344 11.895169 1
5.98 -7.93 1.81 21.78 2.71 45.406344 11.895169 1
5.66 -8.17 1.94 21.56 2.71 45.406344 11.895169 1
6.01 -7.78 1.92 22.47 2.71 45.406344 11.895169 1
5.22 -7.29 1.93 22.83 2.71 45.406344 11.895169 1
5.4 -7.17 2.04 23.48 2.71 45.406344 11.895169 1
5.77 -7.72 2.24 21.85 2.71 45.406344 11.895169 1
6.33 -8.39 2.0 21.66 2.87 45.406345 11.895205 0
5.9 -8.58 2.19 22.45 2.87 45.406345 11.895205 1
5.26 -8.27 1.82 21.85 2.87 45.406345 11.895205 0
5.45 -7.28 1.9 22.45 2.87 45.406345 11.895205 1
5.35 -7.76 1.66 21.95 2.87 45.406345 11.895205 1
6.18 -7.6 1.56 21.8 2.87 45.406345 11.895205 1
5.81 -8.02 1.87 21.4 2.87 45.406345 11.895205 1
5.59 -7.95 1.79 21.95 2.87 45.406345 11.895205 1
5.51 -7.6 1.71 22.11 2.87 45.406345 11.895205 1
5.74 -7.91 1.69 22.05 2.87 45.406345 11.895205 1
6.05 -7.92 2.05 22.47 2.87 45.406345 11.895205 1
6.13 -8.71 1.61 22.17 2.87 45.406345 11.895205 1
6.17 -7.23 2.01 22.74 2.87 45.406345 11.895205 1
4.67 -8.15 1.62 23.17 2.87 45.406345 11.895205 1
5.6 -7.5 1.76 22.88 2.87 45.406345 11.895205 1
6.29 -7.91 1.64 21.66 2.87 45.406345 11.895205 1
5.45 -8.36 1.71 21.81 2.87 45.406345 11.895205 1
5.81 -10.46 1.95 22.0 2.87 45.406345 11.895205 1
5.69 -7.08 2.07 22.17 3.02 45.406345 11.895246 0
4.74 -6.57 1.94 22.24 3.02 45.406345 11.895246 1
5.94 -7.5 1.87 22.57 3.02 45.406345 11.895246 0
6.01 -7.38 1.8 22.23 3.02 45.406345 11.895246 1
6.33 -7.08 1.76 22.36 3.02 45.406345 11.895246 1
5.94 -9.16 1.68 22.86 3.02 45.406345 11.895246 1
5.96 -8.4 2.03 21.99 3.02 45.406345 11.895246 1
5.77 -7.55 1.91 21.95 3.02 45.406345 11.895246 1
5.5 -7.64 1.85 22.76 3.02 45.406345 11.895246 1
5.9 -7.48 1.74 22.21 3.02 45.406345 11.895246 1
5.99 -8.27 1.67 22.11 3.02 45.406345 11.895246 1
6.02 -8.31 1.75 22.9 3.02 45.406345 11.895246 1
5.5 -8.2 1.67 24.35 3.02 45.406345 11.895246 1
5.46 -8.14 1.98 22.05 3.02 45.406345 11.895246 1
5.95 -7.95 1.74 23.02 3.02 45.406345 11.895246 1
5.88 -7.72 1.37 22.11 3.02 45.406345 11.895246 1
5.67 -7.86 1.81 22.02 3.02 45.406345 11.895246 1
5.93 -7.93 1.79 22.91 3.34 45.406346 11.895290 0
5.7 -7.69 2.09 22.05 3.34 45.406346 11.895290 1
5.73 -8.3 1.55 21.95 3.34 45.406346 11.895290 0
5.97 -7.73 1.73 21.81 3.34 45.406346 11.895290 1
5.82 -7.85 1.8 21.87 3.34 45.406346 11.895290 1
5.92 -7.97 1.81 22.42 3.34 45.406346 11.895290 1
5.74 -7.6 1.78 21.95 3.34 45.406346 11.895290 1
5.65 -7.8 1.61 21.85 3.34 45.406346 11.895290 1
5.71 -7.84 1.77 22.36 3.34 45.406346 11.895290 1
5.73 -8.16 1.84 22.47 3.34 45.406346 11.895290 1
5.62 -8.15 1.8 22.9 3.34 45.406346 11.895290 1
5.74 -7.7 1.65 22.54 3.34 45.406346 11.895290 1
5.72 -7.52 1.54 22.62 3.34 45.406346 11.895290 1
5.61 -7.79 1.79 22.05 3.34 45.406346 11.895290 1
6.01 -8.09 1.51 22.47 3.34 45.406346 11.895290 1
5.72 -8.21 1.97 22.42 3.34 45.406346 11.895290 1
5.84 -7.95 1.93 22.57 3.34 45.406346 11.895290 1
5.61 -7.76 1.91 22.81 3.34 45.406346 11.895290 1
5.77 -7.96 1.67 22.0 3.02 45.406348 11.895331 0
5.77 -8.04 1.9 22.29 3.02 45.406348 11.895331 1
5.89 -7.68 1.39 22.19 3.02 45.406348 11.895331 0
5.49 -8.15 1.72 21.85 3.02 45.406348 11.895331 1
6.62 -8.09 1.71 21.81 3.02 45.406348 11.895331 1
5.78 -7.82 1.69 23.75 3.02 45.406348 11.895331 1
6.21 -7.8 1.72 22.76 3.02 45.406348 11.895331 1
5.77 -7.32 1.98 27.47 3.02 45.406348 11.895331 1
5.72 -7.79 1.74 25.98 3.02 45.406348 11.895331 1
5.9 -8.16 1.86 23.58 3.02 45.406348 11.895331 1
5.92 -8.69 1.82 24.04 3.02 45.406348 11.895331 1
6.12 -8.7 1.99 22.81 3.02 45.406348 11.895331 1
5.49 -8.14 1.74 22.67 3.02 45.406348 11.895331 1
5.32 -7.72 1.38 25.23 3.02 45.406348 11.895331 1
5.66 -8.06 2.51 22.48 3.02 45.406348 11.895331 1
5.86 -7.79 1.51 22.83 3.02 45.406348 11.895331 1
5.34 -8.22 1.72 23.1 3.02 45.406348 11.895331 1
5.75 -8.25 1.82 21.9 3.05 45.406347 11.895370 0
5.47 -7.94 1.8 22.05 3.05 45.406347 11.895370 1
5.93 -7.45 1.75 21.78 3.05 45.406347 11.895370 0
5.83 -8.52 1.6 22.35 3.05 45.406347 11.895370 1
5.87 -7.29 1.86 22.76 3.05 45.406347 11.895370 1
5.35 -8.12 1.94 27.15 3.05 45.406347 11.895370 1
6.01 -7.97 1.51 21.85 3.05 45.406347 11.895370 1
5.88 -7.63 1.95 24.8 3.05 45.406347 11.895370 1
5.7 -8.07 2.02 22.05 3.05 45.406347 11.895370 1
5.85 -7.98 1.81 22.11 3.05 45.406347 11.895370 1
5.57 -8.05 1.53 22.16 3.05 45.406347 11.895370 1
5.74 -7.77 1.71 22.48 3.05 45.406347 11.895370 1
5.87 -7.88 1.83 22.0 3.05 45.406347 11.895370 1
6.14 -7.91 2.01 23.27 3.05 45.406347 11.895370 1
5.64 -7.81 1.82 22.93 3.05 45.406347 11.895370 1
5.53 -8.15 2.01 22.02 3.05 45.406347 11.895370 1
5.83 -8.07 1.65 22.45 3.05 45.406347 11.895370 1
5.79 -7.48 1.64 22.84 3.05 45.406347 11.895370 1
5.77 -7.89 1.88 23.63 3.05 45.406348 11.895409 0
5.88 -8.27 1.99 21.8 3.05 45.406348 11.895409 1
6.41 -7.81 2.28 21.54 3.05 45.406348 11.895409 0
5.57 -8.2 1.65 23.08 3.05 45.406348 11.895409 1
5.36 -7.72 1.9 23.32 3.05 45.406348 11.895409 1
5.81 -7.78 1.97 21.83 3.05 45.406348 11.895409 1
6.02 -8.07 1.65 22.24 3.05 45.406348 11.895409 1
5.69 -7.91 1.68 22.05 3.05 45.406348 11.895409 1
5.46 -8.24 1.73 22.05 3.05 45.406348 11.895409 1
5.5 -7.99 1.62 22.07 3.05 45.406348 11.895409 1
6.2 -7.7 1.71 22.47 3.05 45.406348 11.895409 1
6.16 -7.99 1.6 23.43 3.05 45.406348 11.895409 1
5.37 -7.83 1.58 22.31 3.05 45.406348 11.895409 1
5.73 -7.83 1.79 22.83 3.05 45.406348 11.895409 1
5.88 -7.86 1.78 22.64 3.05 45.406348 11.895409 1
6.12 -7.43 1.78 22.54 3.05 45.406348 11.895409 1
6.33 -8.63 1.24 22.35 3.05 45.406348 11.895409 1
5.04 -8.76 1.05 22.6 2.86 45.406348 11.895447 0
5.98 -7.75 1.82 21.8 2.86 45.406348 11.895447 1
5.36 -8.11 1.55 22.14 2.86 45.406348 11.895447 0
5.77 -7.89 1.73 23.08 2.86 45.406348 11.895447 1
5.64 -7.92 1.53 22.02 2.86 45.406348 11.895447 1
5.87 -7.1 1.51 21.97 2.86 45.406348 11.895447 1
5.74 -8.72 1.49 21.71 2.86 45.406348 11.895447 1
5.94 -7.7 2.0 22.93 2.86 45.406348 11.895447 1
5.52 -7.96 2.16 21.9 2.86 45.406348 11.895447 1
5.67 -8.09 1.62 22.83 2.86 45.406348 11.895447 1
5.55 -7.68 1.76 22.38 2.86 45.406348 11.895447 1
6.1 -7.71 1.69 22.36 2.86 45.406348 11.895447 1
5.34 -7.28 2.43 22.21 2.86 45.406348 11.895447 1
4.4 -8.39 2.17 20.63 2.86 45.406348 11.895447 1
8.29 -7.63 2.51 21.42 2.86 45.406348 11.895447 1
4.95 -8.66 2.26 21.95 2.86 45.406348 11.895447 1
3.66 -6.99 1.57 23.02 2.86 45.406348 11.895447 1
6.36 -7.11 1.84 26.57 2.86 45.406348 11.895447 1
4.47 -4.61 1.45 21.95 2.82 45.406349 11.895484 0
6.57 -16.6 2.43 23.55 2.82 45.406349 11.895484 1
6.64 -7.87 2.36 23.82 2.82 45.406349 11.895484 0
2.7 -6.12 1.97 340.82 2.82 45.406349 11.895484 1
3.92 -8.28 1.97 22.26 2.82 45.406349 11.895484 1
7.4 -6.21 1.44 20.99 2.82 45.406349 11.895484 1
5.77 -12.3 5.0 21.92 2.82 45.406349 11.895484 1
7.06 -9.2 2.65 22.76 2.82 45.406349 11.895484 1
4.03 -5.41 1.49 22.47 2.82 45.406349 11.895484 1
3.52 -6.78 1.56 22.05 2.82 45.406349 11.895484 1
4.98 -9.21 1.19 21.01 2.82 45.406349 11.895484 1
7.12 -8.67 2.38 21.51 2.82 45.406349 11.895484 1
7.04 -10.0 1.58 21.18 2.82 45.406349 11.895484 1
3.51 -8.06 2.1 23.22 2.82 45.406349 11.895484 1
4.06 -6.53 1.62 23.17 2.82 45.406349 11.895484 1
6.0 -5.47 1.39 22.64 2.82 45.406349 11.895484 1
6.95 -5.69 2.68 22.09 2.82 45.406349 11.895484 1
6.5 -10.46 2.33 21.9 2.83 45.406347 11.895521 0
6.04 -8.96 1.78 22.16 2.83 45.406347 11.895521 1
4.83 -7.65 1.7 22.0 2.83 45.406347 11.895521 0
5.56 -7.54 1.51 21.78 2.83 45.406347 11.895521 1
6.01 -7.22 1.7 21.61 2.83 45.406347 11.895521 1
6.0 -8.46 1.78 22.07 2.83 45.406347 11.895521 1
5.49 -8.41 1.77 22.23 2.83 45.406347 11.895521 1
5.37 -8.06 1.77 22.42 2.83 45.406347 11.895521 1
5.95 -7.62 1.71 22.86 2.83 45.406347 11.895521 1
5.88 -7.67 1.84 22.38 2.83 45.406347 11.895521 1
5.97 -8.19 1.76 21.95 2.83 45.406347 11.895521 1
5.95 -8.24 1.59 22.86 2.83 45.406347 11.895521 1
5.6 -8.03 1.64 22.47 2.83 45.406347 11.895521 1
5.51 -7.64 1.68 22.02 2.83 45.406347 11.895521 1
5.88 -8.0 1.37 21.97 2.83 45.406347 11.895521 1
5.94 -7.75 1.36 21.87 2.83 45.406347 11.895521 1
5.95 -8.06 1.52 21.69 2.83 45.406347 11.895521 1
5.58 -7.94 1.99 22.26 2.83 45.406347 11.895521 1
5.83 -8.03 2.09 22.29 2.19 45.406351 11.895551 0
5.83 -7.91 1.66 21.9 2.19 45.406351 11.895551 1
5.72 -7.87 1.53 22.47 2.19 45.406351 11.895551 0
5.81 -7.82 1.59 21.95 2.19 45.406351 11.895551 1
6.07 -7.9 1.47 21.64 2.19 45.406351 11.895551 1
5.83 -8.31 1.7 22.16 2.19 45.406351 11.895551 1
5.63 -8.13 2.17 22.17 2.19 45.406351 11.895551 1
6.04 -8.17 1.88 21.92 2.19 45.406351 11.895551 1
5.68 -7.73 1.95 22.43 2.19 45.406351 11.895551 1
5.71 -7.7 1.9 22.11 2.19 45.406351 11.895551 1
6.15 -7.92 1.45 22.24 2.19 45.406351 11.895551 1
5.9 -8.08 1.75 21.9 2.19 45.406351 11.895551 1
5.86 -8.17 1.64 21.85 2.19 45.406351 11.895551 1
5.68 -8.19 1.69 22.33 2.19 45.406351 11.895551 1
5.58 -7.85 1.74 21.9 2.19 45.406351 11.895551 1
5.99 -8.02 1.62 21.95 2.19 45.406351 11.895551 1
5.71 -7.89 1.65 21.66 2.19 45.406351 11.895551 1
5.76 -7.84 1.66 21.76 2.23 45.406363 11.895574 0
6.04 -7.88 1.73 21.8 2.23 45.406363 11.895574 1
5.86 -7.72 1.35 22.4 2.23 45.406363 11.895574 0
5.68 -7.66 1.55 23.02 2.23 45.406363 11.895574 1
5.76 -7.74 1.82 22.4 2.23 45.406363 11.895574 1
5.96 -8.03 1.96 21.28 2.23 45.406363 11.895574 1
6.07 -8.4 1.58 21.8 2.23 45.406363 11.895574 1
5.98 -8.18 1.51 21.95 2.23 45.406363 11.895574 1
5.8 -7.67 1.7 23.02 2.23 45.406363 11.895574 1
5.52 -7.41 1.65 27.35 2.23 45.406363 11.895574 1
5.94 -7.96 1.97 22.0 2.23 45.406363 11.895574 1
6.05 -7.95 1.74 22.36 2.23 45.406363 11.895574 1
6.07 -8.25 1.52 22.36 2.23 45.406363 11.895574 1
5.38 -7.92 1.66 21.63 2.23 45.406363 11.895574 1
6.22 -7.96 1.74 22.24 2.23 45.406363 11.895574 1
5.77 -7.43 1.82 22.31 2.23 45.406363 11.895574 1
5.59 -8.23 2.07 22.6 2.23 45.406363 11.895574 1
5.61 -8.37 1.42 22.91 2.23 45.406363 11.895574 1
5.57 -7.67 1.3 22.6 1.8 45.406373 11.895594 0
6.21 -7.57 1.09 22.05 1.8 45.406373 11.895594 1
6.09 -7.95 1.43 21.49 1.8 45.406373 11.895594 0
5.64 -7.82 1.9 21.57 1.8 45.406373 11.895594 1
5.64 -7.82 1.9 21.57 1.8 45.406373 11.895594 1
5.63 -7.82 1.9 21.56 1.8 45.406373 11.895594 1
5.65 -7.82 1.9 21.56 1.8 45.406373 11.895594 1
5.65 -7.82 1.9 21.56 1.8 45.406373 11.895594 1
5.63 -7.81 1.89 21.58 1.8 45.406373 11.895594 1
5.64 -7.82 1.9 21.57 1.8 45.406373 11.895594 1
5.65 -7.81 1.9 21.57 1.8 45.406373 11.895594 1
5.64 -7.83 1.9 21.56 1.8 45.406373 11.895594 1
5.65 -7.82 1.9 21.57 1.8 45.406373 11.895594 1
5.65 -7.82 1.89 21.57 1.8 45.406373 11.895594 1
5.65 -7.83 1.91 21.56 1.8 45.406373 11.895594 1
5.64 -7.82 1.91 21.58 1.8 45.406373 11.895594 1
5.64 -7.81 1.9 21.57 1.8 45.406373 11.895594 1
5.64 -7.82 1.91 21.57 1.8 45.406373 11.895594 1
5.64 -7.82 1.9 21.57 1.8 45.406373 11.895594 1
5.65 -7.81 1.9 21.57 1.8 45.406373 11.895594 1
5.64 -7.82 1.9 21.56 1.8 45.406373 11.895594 1
5.64 -7.82 1.91 21.57 1.8 45.406373 11.895594 1
5.64 -7.83 1.89 21.57 1.8 45.406373 11.895594 1
5.64 -7.82 1.9 21.57 1.8 45.406373 11.895594 1
5.63 -7.82 1.9 21.57 1.8 45.406373 11.895594 1
5.64 -7.82 1.91 21.56 1.8 45.406373 11.895594 1
5.64 -7.81 1.89 21.58 1.8 45.406373 11.895594 1
5.64 -7.83 1.91 21.57 1.8 45.406373 11.895594 1
5.64 -7.82 1.91 21.57 1.8 45.406373 11.895594 1
5.63 -7.81 1.89 21.57 1.8 45.406373 11.895594 1
5.64 -7.82 1.91 21.57 1.8 45.406373 11.895594 1
5.63 -7.81 1.91 21.58 1.8 45.406373 11.895594 1
5.64 -7.82 1.89 21.57 1.8 45.406373 11.895594 1
5.64 -7.81 1.91 21.56 1.8 45.406373 11.895594 1
5.64 -7.82 1.91 21.56 1.8 45.406373 11.895594 1
5.65 -7.82 1.9 21.56 1.8 45.406373 11.895594 1
5.63 -7.82 1.89 21.57 1.8 45.406373 11.895594 1
5.65 -7.81 1.9 21.57 1.8 45.406373 11.895594 1
5.65 -7.83 1.91 21.57 1.8 45.406373 11.895594 1
5.65 -7.81 1.91 21.57 1.8 45.406373 11.895594 1
5.64 -7.81 1.9 21.58 1.8 45.406373 11.895594 1
5.65 -7.82 1.9 21.56 1.8 45.406373 11.895594 1
5.64 -7.82 1.9 21.57 1.8 45.406373 11.895594 1
5.63 -7.81 1.9 21.57 1.8 45.406373 11.895594 1
5.65 -7.83 1.89 21.57 1.8 45.406373 11.895594 1
5.64 -7.81 1.9 21.58 1.8 45.406373 11.895594 1
5.64 -7.82 1.89 21.57 1.8 45.406373 11.895594 1
5.65 -7.82 1.9 21.58 1.8 45.406373 11.895594 1
5.63 -7.81 1.9 21.58 1.8 45.406373 11.895594 1
5.64 -7.82 1.9 21.57 1.8 45.406373 11.895594 1
5.65 -7.81 1.9 21.56 1.8 45.406373 11.895594 1
5.65 -7.82 1.9 21.56 1.8 45.406373 11.895594 1
5.65 -7.82 1.9 21.57 1.8 45.406373 11.895594 1
5.63 -7.82 1.9 21.58 1.8 45.406373 11.895594 1
5.64 -7.82 1.89 21.57 1.8 45.406373 11.895594 1
5.65 -7.83 1.9 21.57 1.8 45.406373 11.895594 1
5.65 -7.81 1.91 21.58 1.8 45.406373 11.895594 1
5.65 -7.83 1.91 21.57 1.8 45.406373 11.895594 1
5.64 -7.83 1.9 21.56 1.8 45.406373 11.895594 1
5.63 -7.82 1.9 21.58 1.8 45.406373 11.895594 1
5.64 -7.83 1.91 21.57 1.8 45.406373 11.895594 1
5.63 -7.81 1.9 21.57 1.8 45.406373 11.895594 1
5.63 -7.83 1.89 21.57 1.8 45.406373 11.895594 1
