5.9 -8.07 1.66 22.04 3.05 45.406383 11.895076 0
5.68 -8.15 1.84 22.16 3.05 45.406383 11.895076 1
5.69 -8.08 1.69 22.21 3.05 45.406383 11.895076 1
5.5 -8.23 1.63 22.59 3.05 45.406383 11.895076 1
5.53 -8.16 1.93 22.54 3.05 45.406383 11.895076 1
6.05 -8.11 1.81 22.16 3.05 45.406383 11.895076 1
6.07 -7.71 1.59 22.26 3.05 45.406383 11.895076 1
5.91 -7.66 1.55 22.28 3.05 45.406383 11.895076 1
5.96 -7.72 1.89 22.59 3.05 45.406383 11.895076 1
6.19 -7.56 2.0 22.07 3.05 45.406383 11.895076 1
6.28 -8.07 1.99 21.93 3.05 45.406383 11.895076 1
6.08 -7.79 1.73 21.88 3.05 45.406383 11.895076 0
5.57 -7.76 1.66 22.36 3.05 45.406383 11.895076 1
5.75 -7.86 1.79 21.92 3.05 45.406383 11.895076 0
5.83 -8.13 1.84 21.9 3.05 45.406383 11.895076 1
5.7 -8.12 1.93 21.9 3.05 45.406383 11.895076 1
5.49 -7.82 1.76 21.93 3.05 45.406383 11.895076 1
5.52 -8.18 1.9 22.24 3.05 45.406383 11.895076 1
5.94 -7.88 1.89 21.95 3.05 45.406383 11.895076 1
5.84 -7.51 1.93 22.54 3.05 45.406383 11.895076 1
5.88 -7.89 1.89 22.11 3.05 45.406383 11.895076 1
5.71 -7.75 1.74 22.05 3.05 45.406383 11.895076 1
6.05 -7.85 1.41 21.95 3.05 45.406383 11.895076 1
5.94 -7.89 1.74 22.38 3.05 45.406383 11.895076 1
5.78 -7.84 1.62 22.05 3.05 45.406383 11.895076 1
6.06 -7.75 1.58 22.0 3.05 45.406383 11.895076 1
5.98 -7.64 1.62 22.88 3.05 45.406383 11.895076 1
6.0 -7.78 1.73 21.9 3.05 45.406383 11.895076 1
5.98 -7.68 1.51 21.85 3.05 45.406383 11.895076 1
5.9 -8.05 1.45 21.9 1.89 45.406380 11.895098 0
5.76 -8.12 1.78 22.09 1.89 45.406380 11.895098 1
5.62 -7.74 1.96 22.14 1.89 45.406380 11.895098 0
5.82 -8.0 1.6 21.52 1.89 45.406380 11.895098 1
5.97 -8.03 1.59 22.36 1.89 45.406380 11.895098 1
5.63 -8.11 2.0 21.83 1.89 45.406380 11.895098 1
5.82 -8.04 1.88 21.93 1.89 45.406380 11.895098 1
5.73 -7.56 2.13 22.14 1.89 45.406380 11.895098 1
6.07 -7.85 1.99 22.05 1.89 45.406380 11.895098 1
6.08 -7.86 1.85 22.02 1.89 45.406380 11.895098 1
5.95 -7.99 1.83 22.54 1.89 45.406380 11.895098 1
5.79 -7.79 1.78 21.75 1.89 45.406380 11.895098 1
5.66 -7.77 1.84 22.05 1.89 45.406380 11.895098 1
5.9 -7.8 1.59 21.92 1.89 45.406380 11.895098 1
6.03 -7.96 1.64 21.97 1.89 45.406380 11.895098 1
5.85 -8.01 1.57 22.05 1.89 45.406380 11.895098 1
5.66 -7.7 1.81 22.36 1.89 45.406380 11.895098 1
5.56 -8.13 1.9 22.0 2.76 45.406380 11.895128 0
5.8 -7.87 1.76 21.85 2.76 45.406380 11.895128 1
5.89 -8.12 1.54 21.9 2.76 45.406380 11.895128 0
5.86 -7.81 1.61 22.5 2.76 45.406380 11.895128 1
5.82 -7.99 1.89 22.16 2.76 45.406380 11.895128 1
6.04 -7.93 1.79 22.09 2.76 45.406380 11.895128 1
6.18 -7.75 2.0 22.88 2.76 45.406380 11.895128 1
6.02 -7.84 1.87 22.36 2.76 45.406380 11.895128 1
5.82 -8.0 1.76 22.07 2.76 45.406380 11.895128 1
5.97 -7.93 1.66 22.48 2.76 45.406380 11.895128 1
5.79 -7.71 1.7 22.04 2.76 45.406380 11.895128 1
5.83 -7.77 1.76 21.95 2.76 45.406380 11.895128 1
5.74 -8.09 1.66 21.95 2.76 45.406380 11.895128 1
5.94 -8.07 1.94 21.57 2.76 45.406380 11.895128 1
5.68 -8.18 1.68 22.05 2.76 45.406380 11.895128 1
5.49 -7.59 2.01 22.04 2.76 45.406380 11.895128 1
5.82 -8.01 1.67 21.85 2.76 45.406380 11.895128 1
5.98 -7.85 1.93 22.26 2.76 45.406380 11.895128 1
6.07 -7.68 1.83 21.93 2.22 45.406379 11.895152 0
5.92 -7.86 1.94 21.88 2.22 45.406379 11.895152 1
5.94 -7.95 1.48 21.95 2.22 45.406379 11.895152 0
6.04 -7.7 1.75 22.47 2.22 45.406379 11.895152 1
5.99 -7.43 1.78 22.09 2.22 45.406379 11.895152 1
5.94 -7.76 1.57 21.59 2.22 45.406379 11.895152 1
5.61 -8.38 1.92 21.95 2.22 45.406379 11.895152 1
5.71 -8.07 1.92 22.05 2.22 45.406379 11.895152 1
5.59 -8.04 1.84 22.05 2.22 45.406379 11.895152 1
5.62 -7.78 1.93 22.52 2.22 45.406379 11.895152 1
5.75 -7.85 2.03 22.43 2.22 45.406379 11.895152 1
5.64 -8.01 2.07 22.05 2.22 45.406379 11.895152 1
5.99 -7.73 1.77 22.0 2.22 45.406379 11.895152 1
6.04 -7.79 1.82 22.0 2.22 45.406379 11.895152 1
5.8 -8.21 1.47 22.43 2.22 45.406379 11.895152 1
5.94 -7.81 1.49 22.19 2.22 45.406379 11.895152 1
5.73 -7.92 1.59 22.96 2.22 45.406379 11.895152 1
5.58 -7.68 2.09 22.04 2.66 45.406381 11.895182 0
5.89 -7.85 2.13 21.97 2.66 45.406381 11.895182 1
6.08 -8.11 1.79 21.95 2.66 45.406381 11.895182 0
6.08 -7.96 1.69 22.4 2.66 45.406381 11.895182 1
5.8 -7.96 1.48 22.0 2.66 45.406381 11.895182 1
5.76 -7.83 1.53 22.11 2.66 45.406381 11.895182 1
5.99 -8.12 1.6 22.5 2.66 45.406381 11.895182 1
5.85 -7.79 1.58 22.04 2.66 45.406381 11.895182 1
5.77 -7.84 1.67 22.0 2.66 45.406381 11.895182 1
5.69 -8.34 1.73 22.42 2.66 45.406381 11.895182 1
5.82 -8.07 1.73 22.43 2.66 45.406381 11.895182 1
6.06 -7.98 1.73 22.16 2.66 45.406381 11.895182 1
5.57 -7.78 2.12 22.14 2.66 45.406381 11.895182 1
5.67 -7.74 2.49 22.09 2.66 45.406381 11.895182 1
6.08 -7.88 2.14 21.97 2.66 45.406381 11.895182 1
6.02 -7.96 2.01 21.97 2.66 45.406381 11.895182 1
5.83 -7.93 1.79 21.88 2.66 45.406381 11.895182 1
5.79 -7.78 1.79 21.99 2.66 45.406381 11.895182 1
5.65 -7.81 2.04 22.04 2.62 45.406382 11.895213 0
5.58 -7.68 1.91 21.97 2.62 45.406382 11.895213 1
5.64 -8.11 1.71 21.44 2.62 45.406382 11.895213 0
5.88 -8.15 1.64 21.33 2.62 45.406382 11.895213 1
5.99 -8.09 1.98 22.23 2.62 45.406382 11.895213 1
5.89 -7.84 2.07 22.47 2.62 45.406382 11.895213 1
5.68 -7.76 1.68 22.21 2.62 45.406382 11.895213 1
5.92 -7.62 1.66 22.48 2.62 45.406382 11.895213 1
5.89 -7.73 1.13 22.76 2.62 45.406382 11.895213 1
6.17 -7.71 1.64 22.07 2.62 45.406382 11.895213 1
6.28 -8.24 1.53 21.95 2.62 45.406382 11.895213 1
5.85 -8.6 1.71 21.59 2.62 45.406382 11.895213 1
5.47 -8.03 1.66 22.09 2.62 45.406382 11.895213 1
5.46 -7.62 2.14 21.59 2.62 45.406382 11.895213 1
5.76 -7.89 1.91 21.95 2.62 45.406382 11.895213 1
6.2 -7.62 1.65 21.92 2.62 45.406382 11.895213 1
5.81 -8.22 1.56 21.9 2.62 45.406382 11.895213 1
5.68 -8.04 1.52 21.95 2.17 45.406382 11.895240 0
5.44 -7.87 1.74 22.45 2.17 45.406382 11.895240 1
5.74 -7.75 1.56 21.99 2.17 45.406382 11.895240 0
6.02 -7.57 1.79 22.45 2.17 45.406382 11.895240 1
5.83 -8.05 1.77 22.0 2.17 45.406382 11.895240 1
7.08 -7.67 1.98 22.93 2.17 45.406382 11.895240 1
4.8 -7.89 1.77 22.67 2.17 45.406382 11.895240 1
4.92 -7.55 1.84 22.42 2.17 45.406382 11.895240 1
6.05 -7.96 1.77 30.49 2.17 45.406382 11.895240 1
5.96 -8.11 1.58 21.4 2.17 45.406382 11.895240 1
5.93 -9.5 1.64 21.8 2.17 45.406382 11.895240 1
6.22 -8.29 1.96 21.92 2.17 45.406382 11.895240 1
5.17 -6.96 1.95 23.86 2.17 45.406382 11.895240 1
5.59 -7.09 1.51 23.51 2.17 45.406382 11.895240 1
5.71 -7.38 1.57 23.12 2.17 45.406382 11.895240 1
6.15 -7.39 1.68 22.42 2.17 45.406382 11.895240 1
6.44 -8.21 1.91 21.92 2.17 45.406382 11.895240 1
5.82 -8.67 1.98 22.0 2.17 45.406382 11.895240 1
6.05 -8.09 1.69 22.31 2.83 45.406381 11.895272 0
5.71 -8.6 1.74 22.35 2.83 45.406381 11.895272 1
5.59 -7.26 1.71 21.78 2.83 45.406381 11.895272 0
5.56 -7.82 1.84 22.09 2.83 45.406381 11.895272 1
5.79 -7.97 1.85 22.5 2.83 45.406381 11.895272 1
5.95 -8.38 1.72 21.85 2.83 45.406381 11.895272 1
5.72 -8.19 1.92 21.69 2.83 45.406381 11.895272 1
5.41 -8.27 1.77 22.0 2.83 45.406381 11.895272 1
6.03 -7.73 1.98 22.16 2.83 45.406381 11.895272 1
5.34 -7.74 1.66 22.17 2.83 45.406381 11.895272 1
6.0 -7.92 1.72 22.54 2.83 45.406381 11.895272 1
5.93 -7.93 1.66 22.16 2.83 45.406381 11.895272 1
5.61 -7.86 1.64 22.11 2.83 45.406381 11.895272 1
5.8 -8.36 1.67 22.02 2.83 45.406381 11.895272 1
5.78 -7.86 1.89 21.97 2.83 45.406381 11.895272 1
5.61 -7.95 1.7 22.36 2.83 45.406381 11.895272 1
5.75 -8.06 1.43 22.74 2.83 45.406381 11.895272 1
5.69 -7.71 1.76 21.88 2.95 45.406377 11.895309 0
5.93 -7.7 1.57 22.78 2.95 45.406377 11.895309 1
5.8 -7.88 1.75 21.9 2.95 45.406377 11.895309 0
5.65 -7.93 1.94 21.88 2.95 45.406377 11.895309 1
5.78 -8.06 2.06 22.76 2.95 45.406377 11.895309 1
5.79 -7.78 1.55 21.92 2.95 45.406377 11.895309 1
5.56 -7.72 1.72 22.31 2.95 45.406377 11.895309 1
5.85 -7.86 1.76 21.85 2.95 45.406377 11.895309 1
5.91 -7.85 1.65 22.02 2.95 45.406377 11.895309 1
5.89 -7.68 1.86 22.43 2.95 45.406377 11.895309 1
5.67 -7.89 1.61 22.05 2.95 45.406377 11.895309 1
5.66 -7.98 1.96 21.69 2.95 45.406377 11.895309 1
5.76 -7.89 1.75 22.47 2.95 45.406377 11.895309 1
5.8 -7.85 1.6 22.52 2.95 45.406377 11.895309 1
5.6 -8.03 1.67 21.97 2.95 45.406377 11.895309 1
5.98 -7.85 1.34 21.95 2.95 45.406377 11.895309 1
5.88 -7.84 1.72 22.14 2.95 45.406377 11.895309 1
5.85 -8.19 1.73 21.9 2.95 45.406377 11.895309 1
6.02 -8.07 1.93 22.04 2.91 45.406377 11.895348 0
5.81 -7.92 1.85 23.5 2.91 45.406377 11.895348 1
5.75 -7.49 1.72 23.0 2.91 45.406377 11.895348 0
5.76 -8.37 1.58 23.79 2.91 45.406377 11.895348 1
6.13 -7.46 1.86 22.62 2.91 45.406377 11.895348 1
6.02 -8.71 1.84 22.04 2.91 45.406377 11.895348 1
6.52 -7.37 2.07 22.35 2.91 45.406377 11.895348 1
4.43 -7.83 2.3 22.86 2.91 45.406377 11.895348 1
5.5 -7.11 1.24 22.67 2.91 45.406377 11.895348 1
5.71 -8.36 2.24 22.02 2.91 45.406377 11.895348 1
6.24 -7.51 1.86 22.59 2.91 45.406377 11.895348 1
5.55 -9.48 1.1 23.55 2.91 45.406377 11.895348 1
5.72 -7.25 1.87 22.57 2.91 45.406377 11.895348 1
5.67 -7.02 1.14 22.86 2.91 45.406377 11.895348 1
5.97 -7.58 1.36 22.81 2.91 45.406377 11.895348 1
6.15 -8.02 1.57 22.48 2.91 45.406377 11.895348 1
5.67 -8.07 1.81 21.97 2.91 45.406377 11.895348 1
4.97 -7.59 1.94 22.26 2.85 45.406370 11.895387 0
5.77 -7.66 1.89 22.19 2.85 45.406370 11.895387 1
6.11 -7.91 1.64 21.64 2.85 45.406370 11.895387 0
5.72 -8.19 1.63 21.8 2.85 45.406370 11.895387 1
5.47 -8.17 1.91 22.24 2.85 45.406370 11.895387 1
5.61 -7.77 2.35 21.45 2.85 45.406370 11.895387 1
5.69 -7.52 2.32 21.92 2.85 45.406370 11.895387 1
5.82 -7.82 1.94 22.33 2.85 45.406370 11.895387 1
5.74 -7.94 1.97 22.42 2.85 45.406370 11.895387 1
5.53 -7.8 1.92 22.02 2.85 45.406370 11.895387 1
5.65 -7.81 2.14 21.64 2.85 45.406370 11.895387 1
5.86 -7.88 2.01 22.09 2.85 45.406370 11.895387 1
5.78 -7.83 1.9 23.8 2.85 45.406370 11.895387 1
5.91 -7.93 1.52 22.11 2.85 45.406370 11.895387 1
5.96 -8.07 1.74 22.91 2.85 45.406370 11.895387 1
5.57 -7.92 1.61 22.52 2.85 45.406370 11.895387 1
5.84 -7.92 1.41 21.85 2.85 45.406370 11.895387 1
6.06 -7.79 1.12 22.36 2.85 45.406370 11.895387 1
5.94 -7.8 1.56 21.95 3.26 45.406366 11.895427 0
5.66 -8.04 1.66 21.81 3.26 45.406366 11.895427 1
5.83 -7.62 1.82 22.4 3.26 45.406366 11.895427 0
5.85 -8.35 1.8 22.35 3.26 45.406366 11.895427 1
5.77 -7.74 1.74 22.26 3.26 45.406366 11.895427 1
5.79 -8.11 1.47 21.71 3.26 45.406366 11.895427 1
6.23 -8.12 1.67 23.53 3.26 45.406366 11.895427 1
5.71 -8.17 1.87 27.95 3.26 45.406366 11.895427 1
5.77 -7.55 2.0 23.48 3.26 45.406366 11.895427 1
5.6 -7.84 1.76 22.52 3.26 45.406366 11.895427 1
6.2 -7.85 1.65 22.0 3.26 45.406366 11.895427 1
6.08 -8.67 1.59 22.38 3.26 45.406366 11.895427 1
5.95 -7.63 1.51 22.11 3.26 45.406366 11.895427 1
5.48 -8.06 1.82 22.52 3.26 45.406366 11.895427 1
5.81 -7.73 1.98 21.95 3.26 45.406366 11.895427 1
5.71 -7.92 2.03 22.64 3.26 45.406366 11.895427 1
6.21 -8.21 1.89 22.52 3.26 45.406366 11.895427 1
5.86 -8.18 1.72 22.38 2.89 45.406367 11.895466 0
5.71 -7.45 1.36 23.31 2.89 45.406367 11.895466 1
5.56 -7.53 1.84 22.35 2.89 45.406367 11.895466 0
5.82 -7.79 1.6 21.92 2.89 45.406367 11.895466 1
5.42 -8.09 2.37 22.19 2.89 45.406367 11.895466 1
5.49 -8.11 1.91 21.78 2.89 45.406367 11.895466 1
5.63 -7.65 1.78 21.78 2.89 45.406367 11.895466 1
5.57 -7.82 1.49 21.85 2.89 45.406367 11.895466 1
5.13 -7.25 1.7 21.59 2.89 45.406367 11.895466 1
5.77 -9.15 1.59 21.13 2.89 45.406367 11.895466 1
6.66 -7.49 1.08 21.57 2.89 45.406367 11.895466 1
5.27 -7.67 1.49 23.17 2.89 45.406367 11.895466 1
6.1 -8.56 1.7 24.8 2.89 45.406367 11.895466 1
6.19 -6.35 2.05 23.74 2.89 45.406367 11.895466 1
3.26 -5.58 2.77 21.54 2.89 45.406367 11.895466 1
9.3 -9.95 0.21 25.06 2.89 45.406367 11.895466 1
4.3 -8.44 1.94 24.54 2.89 45.406367 11.895466 1
4.3 -5.21 1.95 23.87 2.89 45.406367 11.895466 1
5.42 -9.91 1.66 21.18 2.46 45.406368 11.895499 0
7.12 -4.82 1.74 21.03 2.46 45.406368 11.895499 1
6.22 -12.29 1.69 21.23 2.46 45.406368 11.895499 0
5.92 -7.49 1.94 23.22 2.46 45.406368 11.895499 1
3.65 -5.67 1.37 21.99 2.46 45.406368 11.895499 1
3.62 -6.98 1.34 21.9 2.46 45.406368 11.895499 1
8.08 -9.94 -1.05 20.92 2.46 45.406368 11.895499 1
8.43 -8.23 2.12 20.63 2.46 45.406368 11.895499 1
4.36 -8.39 1.93 23.12 2.46 45.406368 11.895499 1
4.2 -7.53 1.61 23.74 2.46 45.406368 11.895499 1
5.18 -5.68 1.73 23.08 2.46 45.406368 11.895499 1
6.85 -6.03 1.71 23.24 2.46 45.406368 11.895499 1
7.4 -9.25 1.34 21.8 2.46 45.406368 11.895499 1
7.09 -9.64 1.79 21.69 2.46 45.406368 11.895499 1
4.79 -8.02 1.39 22.33 2.46 45.406368 11.895499 1
4.7 -7.56 1.51 23.24 2.46 45.406368 11.895499 1
5.89 -7.33 2.23 22.64 2.46 45.406368 11.895499 1
6.19 -7.86 2.07 22.04 2.53 45.406372 11.895534 0
5.88 -8.62 1.68 22.66 2.53 45.406372 11.895534 1
5.35 -8.09 1.75 22.29 2.53 45.406372 11.895534 0
5.68 -7.56 1.9 22.0 2.53 45.406372 11.895534 1
6.0 -7.75 1.68 22.26 2.53 45.406372 11.895534 1
5.97 -7.96 1.89 22.67 2.53 45.406372 11.895534 1
5.78 -8.02 1.71 21.81 2.53 45.406372 11.895534 1
5.78 -8.41 1.35 21.9 2.53 45.406372 11.895534 1
5.53 -7.84 1.69 22.05 2.53 45.406372 11.895534 1
5.84 -7.9 1.58 22.02 2.53 45.406372 11.895534 1
5.87 -7.86 1.6 22.0 2.53 45.406372 11.895534 1
5.73 -8.2 1.71 23.27 2.53 45.406372 11.895534 1
5.62 -8.1 1.85 22.05 2.53 45.406372 11.895534 1
6.05 -8.01 1.7 22.16 2.53 45.406372 11.895534 1
5.84 -7.58 1.9 22.23 2.53 45.406372 11.895534 1
5.32 -7.59 1.54 21.9 2.53 45.406372 11.895534 1
6.2 -8.34 1.41 21.95 2.53 45.406372 11.895534 1
5.4 -7.67 1.77 21.69 2.53 45.406372 11.895534 1
6.55 -8.72 1.99 21.63 2.8 45.406373 11.895569 0
5.73 -8.61 1.88 23.62 2.8 45.406373 11.895569 1
5.74 -8.61 1.89 23.62 2.8 45.406373 11.895569 1
5.73 -8.61 1.88 23.61 2.8 45.406373 11.895569 1
5.73 -8.61 1.87 23.62 2.8 45.406373 11.895569 1
5.74 -8.61 1.87 23.61 2.8 45.406373 11.895569 1
5.73 -8.62 1.88 23.61 2.8 45.406373 11.895569 1
5.73 -8.61 1.88 23.61 2.8 45.406373 11.895569 1
5.73 -8.6 1.88 23.62 2.8 45.406373 11.895569 1
5.74 -8.61 1.89 23.63 2.8 45.406373 11.895569 1
5.73 -8.62 1.88 23.63 2.8 45.406373 11.895569 1
5.72 -8.61 1.89 23.61 2.8 45.406373 11.895569 1
5.73 -8.6 1.89 23.62 2.8 45.406373 11.895569 1
5.74 -8.61 1.88 23.63 2.8 45.406373 11.895569 1
5.72 -8.62 1.89 23.62 2.8 45.406373 11.895569 1
5.74 -8.61 1.87 23.62 2.8 45.406373 11.895569 1
5.72 -8.62 1.88 23.61 2.8 45.406373 11.895569 1
5.72 -8.61 1.89 23.63 2.8 45.406373 11.895569 1
5.72 -8.61 1.89 23.62 2.8 45.406373 11.895569 1
5.74 -8.61 1.89 23.63 2.8 45.406373 11.895569 1
5.73 -8.62 1.87 23.62 2.8 45.406373 11.895569 1
5.73 -8.61 1.88 23.63 2.8 45.406373 11.895569 1
5.72 -8.61 1.89 23.61 2.8 45.406373 11.895569 1
5.73 -8.6 1.87 23.62 2.8 45.406373 11.895569 1
5.73 -8.6 1.89 23.62 2.8 45.406373 11.895569 1
5.73 -8.62 1.88 23.62 2.8 45.406373 11.895569 1
5.73 -8.61 1.89 23.62 2.8 45.406373 11.895569 1
5.74 -8.61 1.89 23.62 2.8 45.406373 11.895569 1
5.73 -8.61 1.88 23.61 2.8 45.406373 11.895569 1
5.72 -8.6 1.88 23.63 2.8 45.406373 11.895569 1
5.72 -8.6 1.87 23.63 2.8 45.406373 11.895569 1
5.73 -8.61 1.88 23.62 2.8 45.406373 11.895569 1
5.74 -8.61 1.88 23.63 2.8 45.406373 11.895569 1
5.72 -8.62 1.87 23.61 2.8 45.406373 11.895569 1
5.73 -8.62 1.89 23.62 2.8 45.406373 11.895569 1
5.73 -8.6 1.89 23.62 2.8 45.406373 11.895569 1
5.72 -8.61 1.88 23.62 2.8 45.406373 11.895569 1
5.72 -8.61 1.88 23.62 2.8 45.406373 11.895569 1
5.74 -8.61 1.88 23.62 2.8 45.406373 11.895569 1
5.73 -8.61 1.89 23.61 2.8 45.406373 11.895569 1
5.73 -8.6 1.89 23.63 2.8 45.406373 11.895569 1
5.73 -8.6 1.88 23.62 2.8 45.406373 11.895569 1
5.73 -8.61 1.87 23.62 2.8 45.406373 11.895569 1
5.73 -8.61 1.88 23.61 2.8 45.406373 11.895569 1
5.72 -8.61 1.88 23.62 2.8 45.406373 11.895569 1
5.73 -8.6 1.89 23.63 2.8 45.406373 11.895569 1
5.73 -8.62 1.88 23.62 2.8 45.406373 11.895569 1
5.73 -8.61 1.89 23.62 2.8 45.406373 11.895569 1
5.73 -8.62 1.88 23.62 2.8 45.406373 11.895569 1
5.74 -8.6 1.89 23.62 2.8 45.406373 11.895569 1
5.73 -8.62 1.88 23.62 2.8 45.406373 11.895569 1
5.73 -8.62 1.89 23.63 2.8 45.406373 11.895569 1
5.74 -8.6 1.89 23.62 2.8 45.406373 11.895569 1
5.72 -8.6 1.88 23.61 2.8 45.406373 11.895569 1
5.73 -8.62 1.87 23.61 2.8 45.406373 11.895569 1
5.72 -8.61 1.88 23.62 2.8 45.406373 11.895569 1
5.72 -8.6 1.88 23.62 2.8 45.406373 11.895569 1
5.74 -8.61 1.88 23.62 2.8 45.406373 11.895569 1
5.73 -8.61 1.89 23.62 2.8 45.406373 11.895569 1
5.73 -8.61 1.88 23.62 2.8 45.406373 11.895569 1
5.72 -8.62 1.88 23.62 2.8 45.406373 11.895569 1
5.72 -8.61 1.87 23.62 2.8 45.406373 11.895569 1
5.72 -8.62 1.88 23.63 2.8 45.406373 11.895569 1
5.73 -8.62 1.88 23.61 2.8 45.406373 11.895569 1
5.73 -8.61 1.89 23.62 2.8 45.406373 11.895569 1
5.73 -8.61 1.87 23.62 2.8 45.406373 11.895569 1
5.73 -8.61 1.89 23.62 2.8 45.406373 11.895569 1
5.73 -8.61 1.89 23.61 2.8 45.406373 11.895569 1
5.73 -8.61 1.88 23.61 2.8 45.406373 11.895569 1
5.74 -8.62 1.89 23.62 2.8 45.406373 11.895569 1
5.74 -8.61 1.87 23.62 2.8 45.406373 11.895569 1
5.72 -8.62 1.88 23.62 2.8 45.406373 11.895569 1
5.73 -8.6 1.88 23.61 2.8 45.406373 11.895569 1
5.72 -8.6 1.88 23.62 2.8 45.406373 11.895569 1
5.72 -8.6 1.87 23.63 2.8 45.406373 11.895569 1
5.74 -8.6 1.87 23.62 2.8 45.406373 11.895569 1
