5.94 -7.77 1.79 22.05 2.0 45.406367 11.895055 0
6.12 -7.79 1.92 22.4 2.0 45.406367 11.895055 1
6.09 -7.57 1.89 22.0 2.0 45.406367 11.895055 0
5.95 -7.47 2.09 22.09 2.0 45.406367 11.895055 1
6.28 -8.09 1.61 22.04 2.0 45.406367 11.895055 1
6.2 -7.9 1.38 21.93 2.0 45.406367 11.895055 1
5.79 -8.1 1.77 22.07 2.0 45.406367 11.895055 1
5.23 -8.24 1.9 22.33 2.0 45.406367 11.895055 1
5.42 -8.59 1.81 22.17 2.0 45.406367 11.895055 1
6.21 -7.25 1.75 22.11 2.0 45.406367 11.895055 1
5.78 -8.09 2.07 22.09 2.0 45.406367 11.895055 1
5.78 -8.13 1.94 22.05 2.0 45.406367 11.895055 1
5.95 -8.06 1.45 21.92 2.0 45.406367 11.895055 1
5.9 -7.71 1.82 22.0 2.0 45.406367 11.895055 1
5.77 -8.1 1.62 22.11 2.0 45.406367 11.895055 1
5.64 -7.61 1.75 22.07 2.0 45.406367 11.895055 1
5.93 -7.79 1.88 21.92 2.0 45.406367 11.895055 1
6.06 -8.16 1.96 21.92 2.26 45.406367 11.895075 0
6.01 -7.84 1.73 21.99 2.26 45.406367 11.895075 1
5.7 -7.58 1.54 21.52 2.26 45.406367 11.895075 0
5.91 -8.0 1.72 21.45 2.26 45.406367 11.895075 1
5.75 -7.79 1.91 21.8 2.26 45.406367 11.895075 1
5.93 -7.98 1.82 21.81 2.26 45.406367 11.895075 1
5.61 -7.83 1.96 21.92 2.26 45.406367 11.895075 1
5.36 -7.94 1.85 21.52 2.26 45.406367 11.895075 1
6.15 -7.6 1.98 22.02 2.26 45.406367 11.895075 1
5.99 -7.4 1.84 22.0 2.26 45.406367 11.895075 1
6.03 -7.9 2.04 22.48 2.26 45.406367 11.895075 1
6.0 -7.61 1.78 22.19 2.26 45.406367 11.895075 1
5.77 -7.88 2.09 22.26 2.26 45.406367 11.895075 1
5.85 -7.57 1.65 22.57 2.26 45.406367 11.895075 1
5.8 -7.77 1.97 22.02 2.26 45.406367 11.895075 1
6.22 -7.84 1.9 22.04 2.26 45.406367 11.895075 1
5.75 -7.91 1.78 21.95 2.26 45.406367 11.895075 1
5.75 -7.92 1.92 22.45 2.26 45.406367 11.895075 1
5.61 -7.75 1.93 22.05 3.13 45.406370 11.895108 0
5.75 -8.04 1.5 22.02 3.13 45.406370 11.895108 1
5.72 -7.97 1.42 21.44 3.13 45.406370 11.895108 0
6.06 -7.61 1.81 21.95 3.13 45.406370 11.895108 1
5.94 -7.97 1.84 21.78 3.13 45.406370 11.895108 1
5.81 -7.71 1.67 21.35 3.13 45.406370 11.895108 1
6.48 -7.8 1.6 21.8 3.13 45.406370 11.895108 1
5.71 -7.88 1.73 22.02 3.13 45.406370 11.895108 1
5.88 -7.69 1.78 22.07 3.13 45.406370 11.895108 1
5.71 -7.63 1.81 22.96 3.13 45.406370 11.895108 1
5.89 -8.01 1.84 22.42 3.13 45.406370 11.895108 1
6.09 -6.96 1.91 22.0 3.13 45.406370 11.895108 1
5.92 -8.14 2.29 21.71 3.13 45.406370 11.895108 1
5.76 -8.08 1.56 23.14 3.13 45.406370 11.895108 1
5.21 -7.81 2.02 23.12 3.13 45.406370 11.895108 1
5.71 -7.68 1.81 23.58 3.13 45.406370 11.895108 1
6.03 -8.14 2.05 21.9 3.13 45.406370 11.895108 1
6.05 -7.95 1.92 22.29 3.01 45.406366 11.895140 0
5.75 -7.98 1.92 21.95 3.01 45.406366 11.895140 1
5.64 -7.78 2.01 21.97 3.01 45.406366 11.895140 0
5.76 -7.79 2.08 22.69 3.01 45.406366 11.895140 1
5.94 -7.43 2.01 21.78 3.01 45.406366 11.895140 1
6.14 -7.95 2.02 23.0 3.01 45.406366 11.895140 1
6.0 -7.87 1.92 21.56 3.01 45.406366 11.895140 1
5.83 -7.75 1.92 22.43 3.01 45.406366 11.895140 1
5.72 -7.84 2.03 22.54 3.01 45.406366 11.895140 1
5.89 -7.78 2.32 22.55 3.01 45.406366 11.895140 1
5.89 -7.87 2.05 22.57 3.01 45.406366 11.895140 1
5.65 -8.01 1.83 22.11 3.01 45.406366 11.895140 1
5.94 -7.82 1.77 22.52 3.01 45.406366 11.895140 1
5.75 -7.94 1.75 22.12 3.01 45.406366 11.895140 1
5.86 -7.74 1.5 22.16 3.01 45.406366 11.895140 1
5.92 -7.86 1.78 22.11 3.01 45.406366 11.895140 1
5.88 -7.87 1.5 21.99 3.01 45.406366 11.895140 1
5.99 -7.84 1.79 21.88 3.01 45.406366 11.895140 1
5.99 -7.63 1.88 21.85 2.5 45.406371 11.895170 0
5.82 -7.85 1.61 21.85 2.5 45.406371 11.895170 1
6.14 -7.77 1.8 22.17 2.5 45.406371 11.895170 0
5.85 -8.25 1.49 22.67 2.5 45.406371 11.895170 1
5.58 -8.12 1.54 22.45 2.5 45.406371 11.895170 1
5.64 -7.7 1.64 22.16 2.5 45.406371 11.895170 1
5.64 -7.7 1.81 22.21 2.5 45.406371 11.895170 1
6.0 -8.3 1.84 22.14 2.5 45.406371 11.895170 1
5.94 -7.89 1.97 22.05 2.5 45.406371 11.895170 1
5.71 -8.24 1.81 22.11 2.5 45.406371 11.895170 1
6.01 -7.87 1.57 22.59 2.5 45.406371 11.895170 1
5.71 -7.73 2.07 22.64 2.5 45.406371 11.895170 1
5.66 -7.99 1.78 23.02 2.5 45.406371 11.895170 1
5.82 -7.89 1.78 22.0 2.5 45.406371 11.895170 1
6.11 -8.11 1.7 22.84 2.5 45.406371 11.895170 1
5.66 -8.18 1.77 22.43 2.5 45.406371 11.895170 1
5.85 -7.9 1.74 22.31 2.5 45.406371 11.895170 1
5.57 -7.91 1.91 21.92 2.84 45.406367 11.895201 0
5.88 -7.93 1.83 21.88 2.84 45.406367 11.895201 1
5.76 -7.78 2.21 21.78 2.84 45.406367 11.895201 0
5.69 -7.85 2.07 22.21 2.84 45.406367 11.895201 1
5.9 -7.96 1.72 21.87 2.84 45.406367 11.895201 1
5.97 -7.94 1.95 21.87 2.84 45.406367 11.895201 1
5.6 -7.79 1.92 22.38 2.84 45.406367 11.895201 1
5.63 -7.6 1.81 22.0 2.84 45.406367 11.895201 1
5.4 -7.89 1.3 21.9 2.84 45.406367 11.895201 1
5.99 -8.22 1.61 21.68 2.84 45.406367 11.895201 1
6.06 -8.05 1.64 21.85 2.84 45.406367 11.895201 1
6.25 -8.14 1.7 22.36 2.84 45.406367 11.895201 1
5.55 -7.34 1.69 23.22 2.84 45.406367 11.895201 1
5.39 -7.44 1.69 22.62 2.84 45.406367 11.895201 1
5.96 -7.33 1.89 22.59 2.84 45.406367 11.895201 1
6.27 -8.69 1.71 21.75 2.84 45.406367 11.895201 1
6.19 -8.69 1.91 21.69 2.84 45.406367 11.895201 1
5.47 -8.4 1.53 22.4 2.84 45.406367 11.895201 1
5.2 -7.28 1.76 22.86 2.85 45.406368 11.895235 0
5.85 -7.55 1.6 22.35 2.85 45.406368 11.895235 1
5.85 -8.03 1.95 21.75 2.85 45.406368 11.895235 0
6.09 -8.02 1.71 22.83 2.85 45.406368 11.895235 1
5.48 -8.2 1.83 22.4 2.85 45.406368 11.895235 1
5.66 -7.48 1.64 22.04 2.85 45.406368 11.895235 1
5.73 -7.97 1.78 22.0 2.85 45.406368 11.895235 1
6.11 -7.94 1.69 22.52 2.85 45.406368 11.895235 1
6.0 -8.79 1.86 22.21 2.85 45.406368 11.895235 1
6.14 -7.43 2.01 22.78 2.85 45.406368 11.895235 1
4.77 -7.53 1.58 22.78 2.85 45.406368 11.895235 1
5.38 -7.59 1.89 22.78 2.85 45.406368 11.895235 1
6.33 -7.63 1.85 21.47 2.85 45.406368 11.895235 1
5.56 -8.09 2.04 21.23 2.85 45.406368 11.895235 1
6.81 -11.17 1.85 21.69 2.85 45.406368 11.895235 1
5.43 -6.81 1.84 24.8 2.85 45.406368 11.895235 1
4.78 -6.74 1.78 23.34 2.85 45.406368 11.895235 1
5.59 -7.51 1.99 23.55 3.25 45.406364 11.895274 0
6.34 -7.28 1.64 22.76 3.25 45.406364 11.895274 1
6.73 -8.12 2.43 21.9 3.25 45.406364 11.895274 0
5.79 -8.95 2.25 21.78 3.25 45.406364 11.895274 1
6.04 -8.04 1.77 21.64 3.25 45.406364 11.895274 1
5.58 -8.24 1.61 22.6 3.25 45.406364 11.895274 1
5.67 -7.23 1.84 22.26 3.25 45.406364 11.895274 1
5.82 -7.94 1.56 22.09 3.25 45.406364 11.895274 1
6.09 -8.09 1.72 22.11 3.25 45.406364 11.895274 1
5.9 -8.05 1.51 22.42 3.25 45.406364 11.895274 1
5.51 -8.0 1.77 22.86 3.25 45.406364 11.895274 1
5.86 -8.14 1.83 22.54 3.25 45.406364 11.895274 1
5.77 -7.51 1.62 22.62 3.25 45.406364 11.895274 1
5.95 -7.8 1.52 22.69 3.25 45.406364 11.895274 1
5.73 -8.06 1.64 22.12 3.25 45.406364 11.895274 1
5.57 -8.01 1.91 22.57 3.25 45.406364 11.895274 1
5.83 -8.17 1.64 22.36 3.25 45.406364 11.895274 1
5.6 -7.85 1.56 22.19 3.25 45.406364 11.895274 1
5.95 -7.99 1.78 21.37 2.81 45.406369 11.895308 0
5.42 -8.04 1.75 21.83 2.81 45.406369 11.895308 1
6.08 -7.51 1.46 21.92 2.81 45.406369 11.895308 0
5.42 -7.95 1.62 22.23 2.81 45.406369 11.895308 1
6.05 -7.84 2.01 21.8 2.81 45.406369 11.895308 1
5.96 -7.94 2.22 22.19 2.81 45.406369 11.895308 1
5.53 -7.64 2.02 22.24 2.81 45.406369 11.895308 1
5.67 -8.03 1.86 22.86 2.81 45.406369 11.895308 1
5.88 -7.87 1.43 22.05 2.81 45.406369 11.895308 1
5.92 -7.9 1.43 22.42 2.81 45.406369 11.895308 1
6.24 -7.51 1.42 22.47 2.81 45.406369 11.895308 1
5.62 -8.13 1.53 22.48 2.81 45.406369 11.895308 1
5.57 -7.66 1.85 22.57 2.81 45.406369 11.895308 1
5.66 -7.85 1.9 22.05 2.81 45.406369 11.895308 1
5.58 -7.63 1.87 22.04 2.81 45.406369 11.895308 1
5.88 -8.18 1.83 22.36 2.81 45.406369 11.895308 1
5.73 -7.68 1.5 22.93 2.81 45.406369 11.895308 1
5.6 -8.01 1.63 21.73 3.14 45.406371 11.895345 0
6.33 -7.78 1.3 23.12 3.14 45.406371 11.895345 1
6.24 -8.33 1.76 22.6 3.14 45.406371 11.895345 0
6.09 -7.5 1.7 23.12 3.14 45.406371 11.895345 1
5.47 -7.51 1.91 24.83 3.14 45.406371 11.895345 1
5.55 -7.57 2.1 23.5 3.14 45.406371 11.895345 1
6.57 -7.88 1.26 22.98 3.14 45.406371 11.895345 1
6.25 -9.61 1.57 21.9 3.14 45.406371 11.895345 1
6.24 -8.93 1.08 24.87 3.14 45.406371 11.895345 1
5.28 -8.01 1.88 22.07 3.14 45.406371 11.895345 1
5.09 -7.16 1.58 22.05 3.14 45.406371 11.895345 1
6.6 -8.11 1.74 22.71 3.14 45.406371 11.895345 1
6.23 -7.94 1.43 22.05 3.14 45.406371 11.895345 1
5.66 -8.38 1.53 22.42 3.14 45.406371 11.895345 1
5.27 -8.04 1.61 22.79 3.14 45.406371 11.895345 1
5.64 -8.17 1.5 22.36 3.14 45.406371 11.895345 1
5.45 -7.7 2.54 22.29 3.14 45.406371 11.895345 1
5.54 -7.87 1.42 23.12 3.14 45.406371 11.895345 1
5.61 -7.86 1.84 21.9 2.95 45.406370 11.895384 0
5.61 -7.44 1.71 22.81 2.95 45.406370 11.895384 1
5.91 -7.72 1.53 22.26 2.95 45.406370 11.895384 0
5.55 -7.85 2.19 22.26 2.95 45.406370 11.895384 1
5.78 -8.1 2.36 23.22 2.95 45.406370 11.895384 1
5.17 -8.09 2.9 22.45 2.95 45.406370 11.895384 1
5.2 -8.0 2.17 22.36 2.95 45.406370 11.895384 1
5.78 -7.77 2.3 21.99 2.95 45.406370 11.895384 1
5.98 -7.92 1.53 22.43 2.95 45.406370 11.895384 1
5.43 -8.04 2.76 22.0 2.95 45.406370 11.895384 1
5.14 -8.26 1.94 22.47 2.95 45.406370 11.895384 1
5.81 -7.73 1.43 22.52 2.95 45.406370 11.895384 1
5.63 -7.91 1.88 22.59 2.95 45.406370 11.895384 1
5.47 -8.14 1.94 22.07 2.95 45.406370 11.895384 1
5.63 -7.83 1.52 22.47 2.95 45.406370 11.895384 1
5.56 -7.9 2.66 22.52 2.95 45.406370 11.895384 1
5.32 -8.57 2.07 22.04 2.95 45.406370 11.895384 1
5.34 -8.09 1.17 23.02 3.18 45.406369 11.895423 0
5.16 -8.05 2.15 21.88 3.18 45.406369 11.895423 1
5.31 -7.94 2.22 21.75 3.18 45.406369 11.895423 0
5.57 -8.19 1.7 23.19 3.18 45.406369 11.895423 1
5.54 -8.35 1.97 21.9 3.18 45.406369 11.895423 1
5.16 -6.96 1.61 21.8 3.18 45.406369 11.895423 1
5.8 -8.4 2.35 22.21 3.18 45.406369 11.895423 1
5.86 -7.85 1.83 22.52 3.18 45.406369 11.895423 1
5.43 -7.63 1.96 22.81 3.18 45.406369 11.895423 1
5.77 -7.64 1.86 22.4 3.18 45.406369 11.895423 1
6.02 -7.71 1.68 23.05 3.18 45.406369 11.895423 1
5.95 -7.87 2.03 22.48 3.18 45.406369 11.895423 1
5.84 -8.53 1.61 22.47 3.18 45.406369 11.895423 1
5.99 -8.4 1.81 22.0 3.18 45.406369 11.895423 1
5.62 -7.73 1.68 21.93 3.18 45.406369 11.895423 1
5.49 -8.03 1.45 22.28 3.18 45.406369 11.895423 1
6.32 -7.87 1.54 21.93 3.18 45.406369 11.895423 1
5.57 -8.21 1.8 22.45 3.18 45.406369 11.895423 1
5.65 -6.98 1.82 21.9 2.57 45.406366 11.895459 0
5.57 -8.52 1.57 21.66 2.57 45.406366 11.895459 1
5.93 -8.14 1.84 21.64 2.57 45.406366 11.895459 0
5.45 -8.07 1.78 21.69 2.57 45.406366 11.895459 1
5.62 -7.8 1.66 21.76 2.57 45.406366 11.895459 1
5.85 -8.25 1.64 22.31 2.57 45.406366 11.895459 1
5.21 -7.13 1.71 22.62 2.57 45.406366 11.895459 1
4.91 -6.96 1.59 21.52 2.57 45.406366 11.895459 1
7.0 -9.85 2.11 21.01 2.57 45.406366 11.895459 1
6.96 -7.28 2.23 22.0 2.57 45.406366 11.895459 1
5.72 -8.03 1.52 22.71 2.57 45.406366 11.895459 1
4.21 -9.57 1.78 23.68 2.57 45.406366 11.895459 1
6.14 -6.05 1.69 25.11 2.57 45.406366 11.895459 1
4.53 -6.26 1.42 21.95 2.57 45.406366 11.895459 1
11.25 -10.45 0.87 23.5 2.57 45.406366 11.895459 1
4.3 -8.4 1.51 24.76 2.57 45.406366 11.895459 1
2.54 -3.42 1.45 25.78 2.57 45.406366 11.895459 1
3.8 -8.27 1.72 24.25 2.86 45.406367 11.895497 0
6.87 -5.68 1.81 21.44 2.86 45.406367 11.895497 1
9.42 -13.63 0.87 20.87 2.86 45.406367 11.895497 0
7.46 -8.64 3.32 23.07 2.86 45.406367 11.895497 1
3.6 -5.05 1.05 23.48 2.86 45.406367 11.895497 1
3.82 -6.72 2.26 23.12 2.86 45.406367 11.895497 1
5.97 -9.43 1.73 22.11 2.86 45.406367 11.895497 1
7.44 -8.22 1.06 21.13 2.86 45.406367 11.895497 1
7.13 -8.87 1.41 45.34 2.86 45.406367 11.895497 1
3.94 -8.4 1.62 23.53 2.86 45.406367 11.895497 1
3.96 -6.06 1.62 23.98 2.86 45.406367 11.895497 1
5.76 -5.95 1.38 22.57 2.86 45.406367 11.895497 1
7.42 -7.27 2.16 21.8 2.86 45.406367 11.895497 1
6.48 -9.72 1.98 21.68 2.86 45.406367 11.895497 1
6.02 -8.62 2.15 21.97 2.86 45.406367 11.895497 1
4.55 -8.06 1.26 22.16 2.86 45.406367 11.895497 1
5.3 -7.46 1.33 21.85 2.86 45.406367 11.895497 1
6.58 -7.38 1.53 22.09 2.86 45.406367 11.895497 1
6.26 -8.12 2.18 21.75 2.34 45.406366 11.895530 0
5.34 -8.54 2.09 21.85 2.34 45.406366 11.895530 1
5.35 -7.79 1.66 22.0 2.34 45.406366 11.895530 0
5.82 -7.75 1.74 22.4 2.34 45.406366 11.895530 1
6.09 -7.69 1.79 21.87 2.34 45.406366 11.895530 1
5.92 -7.91 1.83 22.23 2.34 45.406366 11.895530 1
5.78 -8.21 1.86 21.71 2.34 45.406366 11.895530 1
5.91 -8.1 1.81 22.0 2.34 45.406366 11.895530 1
5.53 -7.9 1.8 22.05 2.34 45.406366 11.895530 1
5.5 -7.87 1.69 22.05 2.34 45.406366 11.895530 1
5.89 -7.89 1.58 22.42 2.34 45.406366 11.895530 1
6.15 -7.97 1.39 21.87 2.34 45.406366 11.895530 1
5.89 -8.11 1.6 22.0 2.34 45.406366 11.895530 1
5.83 -8.03 1.88 23.32 2.34 45.406366 11.895530 1
5.56 -8.11 1.83 23.38 2.34 45.406366 11.895530 1
5.58 -7.76 1.98 22.64 2.34 45.406366 11.895530 1
5.65 -7.83 2.07 22.47 2.34 45.406366 11.895530 1
5.75 -7.88 1.96 21.83 2.46 45.406363 11.895563 0
5.99 -8.21 1.85 21.92 2.46 45.406363 11.895563 1
5.82 -8.15 1.84 21.85 2.46 45.406363 11.895563 0
5.69 -8.01 1.65 26.38 2.46 45.406363 11.895563 1
5.5 -7.81 1.92 22.45 2.46 45.406363 11.895563 1
5.7 -7.69 1.79 22.42 2.46 45.406363 11.895563 1
5.96 -8.17 1.71 22.07 2.46 45.406363 11.895563 1
5.74 -7.79 1.44 22.47 2.46 45.406363 11.895563 1
5.65 -8.12 1.58 22.11 2.46 45.406363 11.895563 1
6.21 -8.37 1.32 22.05 2.46 45.406363 11.895563 1
5.64 -7.58 1.76 22.05 2.46 45.406363 11.895563 1
5.58 -7.99 1.69 22.12 2.46 45.406363 11.895563 1
5.71 -7.87 1.76 22.47 2.46 45.406363 11.895563 1
5.79 -7.82 1.94 22.47 2.46 45.406363 11.895563 1
5.84 -8.1 1.62 22.11 2.46 45.406363 11.895563 1
5.61 -7.88 1.67 23.34 2.46 45.406363 11.895563 1
5.93 -7.96 1.44 21.97 2.46 45.406363 11.895563 1
5.44 -7.62 2.24 22.35 2.46 45.406363 11.895563 1
5.75 -7.58 1.76 23.53 2.79 45.406358 11.895599 0
5.6 -7.95 1.63 22.21 2.79 45.406358 11.895599 1
6.08 -8.78 1.78 22.26 2.79 45.406358 11.895599 0
5.58 -7.73 1.35 22.12 2.79 45.406358 11.895599 1
5.42 -7.8 1.84 22.23 2.79 45.406358 11.895599 1
5.32 -7.94 1.86 23.38 2.79 45.406358 11.895599 1
5.89 -8.02 1.69 22.42 2.79 45.406358 11.895599 1
6.21 -8.25 1.9 22.47 2.79 45.406358 11.895599 1
5.68 -8.12 1.6 22.93 2.79 45.406358 11.895599 1
5.61 -7.74 1.69 22.16 2.79 45.406358 11.895599 1
6.09 -8.19 1.59 30.2 2.79 45.406358 11.895599 1
5.96 -7.76 1.97 22.72 2.79 45.406358 11.895599 1
5.68 -8.2 1.66 22.64 2.79 45.406358 11.895599 1
6.01 -7.73 1.87 22.74 2.79 45.406358 11.895599 1
5.95 -7.89 1.6 22.0 2.79 45.406358 11.895599 1
5.62 -7.68 1.71 21.85 2.79 45.406358 11.895599 1
5.75 -8.32 1.92 22.02 2.79 45.406358 11.895599 1
5.76 -8.32 1.92 22.02 2.79 45.406358 11.895599 1
5.75 -8.32 1.92 22.01 2.79 45.406358 11.895599 1
5.74 -8.31 1.92 22.03 2.79 45.406358 11.895599 1
5.75 -8.33 1.92 22.03 2.79 45.406358 11.895599 1
5.75 -8.31 1.91 22.02 2.79 45.406358 11.895599 1
5.76 -8.32 1.92 22.02 2.79 45.406358 11.895599 1
5.74 -8.31 1.93 22.01 2.79 45.406358 11.895599 1
5.75 -8.33 1.91 22.01 2.79 45.406358 11.895599 1
5.76 -8.33 1.92 22.02 2.79 45.406358 11.895599 1
5.76 -8.33 1.93 22.03 2.79 45.406358 11.895599 1
5.76 -8.33 1.91 22.01 2.79 45.406358 11.895599 1
5.76 -8.32 1.93 22.02 2.79 45.406358 11.895599 1
5.76 -8.33 1.92 22.03 2.79 45.406358 11.895599 1
5.75 -8.33 1.92 22.02 2.79 45.406358 11.895599 1
5.75 -8.33 1.91 22.02 2.79 45.406358 11.895599 1
5.75 -8.31 1.91 22.03 2.79 45.406358 11.895599 1
5.76 -8.31 1.93 22.03 2.79 45.406358 11.895599 1
5.75 -8.32 1.92 22.01 2.79 45.406358 11.895599 1
5.75 -8.31 1.93 22.03 2.79 45.406358 11.895599 1
5.74 -8.33 1.93 22.02 2.79 45.406358 11.895599 1
5.74 -8.33 1.93 22.02 2.79 45.406358 11.895599 1
5.74 -8.32 1.91 22.01 2.79 45.406358 11.895599 1
5.75 -8.32 1.92 22.03 2.79 45.406358 11.895599 1
5.74 -8.32 1.92 22.03 2.79 45.406358 11.895599 1
5.75 -8.33 1.91 22.01 2.79 45.406358 11.895599 1
5.76 -8.32 1.91 22.01 2.79 45.406358 11.895599 1
5.75 -8.32 1.92 22.02 2.79 45.406358 11.895599 1
5.76 -8.32 1.93 22.02 2.79 45.406358 11.895599 1
5.74 -8.31 1.92 22.01 2.79 45.406358 11.895599 1
5.75 -8.33 1.92 22.01 2.79 45.406358 11.895599 1
5.76 -8.33 1.92 22.02 2.79 45.406358 11.895599 1
5.75 -8.32 1.92 22.02 2.79 45.406358 11.895599 1
5.76 -8.32 1.91 22.01 2.79 45.406358 11.895599 1
5.74 -8.33 1.93 22.02 2.79 45.406358 11.895599 1
5.76 -8.31 1.92 22.03 2.79 45.406358 11.895599 1
5.76 -8.31 1.93 22.02 2.79 45.406358 11.895599 1
5.75 -8.32 1.91 22.01 2.79 45.406358 11.895599 1
5.74 -8.32 1.92 22.01 2.79 45.406358 11.895599 1
5.76 -8.31 1.92 22.03 2.79 45.406358 11.895599 1
5.74 -8.31 1.92 22.03 2.79 45.406358 11.895599 1
5.74 -8.31 1.93 22.03 2.79 45.406358 11.895599 1
5.76 -8.33 1.93 22.03 2.79 45.406358 11.895599 1
5.75 -8.33 1.93 22.02 2.79 45.406358 11.895599 1
5.76 -8.31 1.92 22.01 2.79 45.406358 11.895599 1
5.75 -8.32 1.92 22.02 2.79 45.406358 11.895599 1
5.74 -8.32 1.91 22.01 2.79 45.406358 11.895599 1
5.75 -8.32 1.93 22.01 2.79 45.406358 11.895599 1
5.75 -8.32 1.91 22.01 2.79 45.406358 11.895599 1
5.75 -8.32 1.92 22.02 2.79 45.406358 11.895599 1
5.74 -8.33 1.91 22.02 2.79 45.406358 11.895599 1
5.75 -8.33 1.93 22.02 2.79 45.406358 11.895599 1
5.76 -8.33 1.93 22.03 2.79 45.406358 11.895599 1
5.76 -8.32 1.92 22.02 2.79 45.406358 11.895599 1
