5.5 -7.49 2.5 23.48 3.32 45.868294 12.307003 0
6.05 -8.71 2.17 22.62 3.32 45.868294 12.307003 0
5.94 -7.7 2.21 22.57 3.32 45.868294 12.307003 0
5.7 -8.4 1.67 22.57 3.32 45.868294 12.307003 0
5.57 -7.78 1.78 22.98 3.32 45.868294 12.307003 0
5.46 -7.86 1.76 23.5 3.32 45.868294 12.307003 0
5.8 -7.94 1.51 23.26 3.32 45.868294 12.307003 0
6.1 -7.35 2.05 22.64 3.32 45.868294 12.307003 0
6.61 -8.2 2.05 22.28 3.32 45.868294 12.307003 0
6.24 -7.52 1.98 22.57 3.32 45.868294 12.307003 0
5.96 -7.26 1.74 22.78 3.32 45.868294 12.307003 0
5.6 -7.38 1.63 24.2 3.32 45.868294 12.307003 0
6.01 -7.99 1.94 22.47 3.32 45.868294 12.307003 0
6.77 -8.4 2.17 22.29 3.23 45.868265 12.307012 1
5.8 -7.71 1.77 22.71 3.23 45.868265 12.307012 0
4.46 -6.86 2.2 22.59 3.23 45.868265 12.307012 1
3.76 -7.96 1.99 21.9 3.23 45.868265 12.307012 0
6.7 -7.01 0.9 21.76 3.23 45.868265 12.307012 0
6.03 -9.11 1.94 22.83 3.23 45.868265 12.307012 0
5.21 -6.91 2.04 26.29 3.23 45.868265 12.307012 0
4.81 -6.23 2.55 25.38 3.23 45.868265 12.307012 0
4.83 -4.0 2.84 24.66 3.23 45.868265 12.307012 0
5.49 -10.11 1.21 22.16 3.23 45.868265 12.307012 0
6.68 -10.65 1.69 22.64 3.23 45.868265 12.307012 0
5.9 -7.91 2.33 23.79 3.23 45.868265 12.307012 0
6.46 -5.32 1.91 23.53 3.23 45.868265 12.307012 0
6.92 -6.74 2.17 24.46 3.23 45.868265 12.307012 0
5.69 -6.53 2.24 24.3 3.23 45.868265 12.307012 0
5.33 -6.7 2.39 23.14 3.23 45.868265 12.307012 0
5.56 -10.74 1.27 21.95 3.23 45.868265 12.307012 0
5.75 -10.95 1.87 23.14 3.33 45.868236 12.307021 1
5.01 -7.02 1.17 23.07 3.33 45.868236 12.307021 0
3.93 -6.09 2.23 23.24 3.33 45.868236 12.307021 1
6.43 -7.34 2.38 24.03 3.33 45.868236 12.307021 0
6.49 -5.25 2.34 22.88 3.33 45.868236 12.307021 0
