6.18 -7.56 1.79 24.16 3.31 45.868556 12.306914 0
6.03 -7.65 1.37 23.68 3.31 45.868556 12.306914 0
5.63 -7.37 2.09 24.04 3.39 45.868527 12.306924 1
5.63 -8.17 2.14 25.93 3.39 45.868527 12.306924 0
5.84 -8.24 1.92 24.68 3.39 45.868527 12.306924 1
5.96 -8.64 2.25 22.6 3.39 45.868527 12.306924 0
5.73 -7.51 1.78 23.2 3.39 45.868527 12.306924 0
5.3 -8.08 2.14 22.66 3.39 45.868527 12.306924 0
5.11 -7.92 1.88 22.62 3.39 45.868527 12.306924 0
5.58 -7.99 2.13 23.58 3.39 45.868527 12.306924 0
5.91 -7.55 1.97 22.69 3.39 45.868527 12.306924 0
5.83 -7.92 2.05 23.63 3.39 45.868527 12.306924 0
6.03 -6.99 1.78 23.79 3.39 45.868527 12.306924 0
6.29 -7.17 1.82 23.79 3.39 45.868527 12.306924 0
5.96 -7.44 1.73 26.72 3.39 45.868527 12.306924 0
6.05 -8.4 1.7 22.67 3.39 45.868527 12.306924 0
5.64 -7.87 1.97 22.66 3.39 45.868527 12.306924 0
5.41 -8.42 1.87 22.67 3.39 45.868527 12.306924 0
5.55 -8.06 1.96 22.81 3.39 45.868527 12.306924 0
5.83 -7.77 1.55 23.14 3.39 45.868498 12.306935 1
5.44 -7.71 1.67 23.07 3.39 45.868498 12.306935 0
6.29 -7.87 2.21 22.57 3.39 45.868498 12.306935 1
5.94 -8.22 2.05 22.96 3.39 45.868498 12.306935 0
5.82 -7.95 2.03 23.29 3.39 45.868498 12.306935 0
5.9 -7.53 1.84 23.24 3.39 45.868498 12.306935 0
6.0 -7.22 1.77 22.64 3.39 45.868498 12.306935 0
6.12 -8.14 1.74 22.84 3.39 45.868498 12.306935 0
6.16 -7.74 1.87 22.98 3.39 45.868498 12.306935 0
5.9 -7.86 1.79 23.03 3.39 45.868498 12.306935 0
5.52 -7.87 1.46 23.5 3.39 45.868498 12.306935 0
5.62 -7.89 1.53 23.34 3.39 45.868498 12.306935 0
5.72 -7.08 2.38 22.67 3.39 45.868498 12.306935 0
4.87 -8.45 1.64 22.57 3.39 45.868498 12.306935 0
5.71 -7.63 2.08 23.19 3.39 45.868498 12.306935 0
5.67 -7.15 1.62 22.79 3.39 45.868498 12.306935 0
