5.91 -7.62 1.69 21.97 2.94 45.408042 11.888446 1
6.13 -7.92 1.67 22.04 2.94 45.408042 11.888446 1
6.08 -8.13 1.69 21.93 2.95 45.408029 11.888404 0
5.81 -7.77 1.84 22.21 2.95 45.408029 11.888404 1
5.83 -7.47 1.95 21.66 2.95 45.408029 11.888404 0
6.1 -7.8 1.83 22.4 2.95 45.408029 11.888404 1
6.13 -8.04 1.72 22.05 2.95 45.408029 11.888404 1
5.89 -7.61 1.84 22.19 2.95 45.408029 11.888404 1
5.71 -7.4 1.88 21.88 2.95 45.408029 11.888404 1
5.77 -7.99 1.67 21.76 2.95 45.408029 11.888404 1
5.91 -8.43 1.6 21.47 2.95 45.408029 11.888404 1
5.93 -7.99 1.79 22.5 2.95 45.408029 11.888404 1
5.9 -7.4 1.88 21.66 2.95 45.408029 11.888404 1
6.03 -7.46 1.81 22.07 2.95 45.408029 11.888404 1
6.21 -7.85 1.81 21.97 2.95 45.408029 11.888404 1
6.14 -7.93 1.83 21.57 2.95 45.408029 11.888404 1
5.93 -7.71 1.69 21.99 2.95 45.408029 11.888404 1
5.98 -7.6 1.57 21.61 2.95 45.408029 11.888404 1
6.14 -7.71 1.64 21.45 2.95 45.408029 11.888404 1
6.04 -7.82 1.75 21.8 3.23 45.408020 11.888360 0
5.78 -7.85 1.73 22.29 3.23 45.408020 11.888360 1
5.66 -7.85 1.6 22.28 3.23 45.408020 11.888360 1
5.64 -7.85 1.47 21.87 3.23 45.408020 11.888360 0
5.67 -7.88 1.5 22.26 3.23 45.408020 11.888360 1
5.78 -7.96 1.74 21.8 3.23 45.408020 11.888360 1
5.92 -7.97 1.95 21.45 3.23 45.408020 11.888360 1
5.94 -7.83 1.96 21.9 3.23 45.408020 11.888360 1
5.94 -7.71 1.86 21.51 3.23 45.408020 11.888360 1
5.95 -7.73 1.79 22.07 3.23 45.408020 11.888360 1
5.94 -7.78 1.76 21.66 3.23 45.408020 11.888360 1
5.93 -7.84 1.81 21.66 3.23 45.408020 11.888360 1
5.94 -7.94 1.93 22.12 3.23 45.408020 11.888360 1
5.86 -7.97 1.9 22.19 3.23 45.408020 11.888360 1
5.75 -7.89 1.77 22.21 3.23 45.408020 11.888360 1
5.83 -7.91 1.85 22.54 3.23 45.408020 11.888360 1
