5.15 -8.62 1.9 22.04 2.35 45.407364 11.879597 0
4.83 -7.66 1.85 22.29 2.35 45.407364 11.879597 0
6.53 -9.94 3.19 21.59 2.71 45.407368 11.879563 1
5.32 -6.7 1.97 22.48 2.71 45.407368 11.879563 0
5.89 -8.08 1.77 22.47 2.71 45.407368 11.879563 1
4.55 -5.74 3.19 22.64 2.71 45.407368 11.879563 0
5.03 -7.67 1.46 21.93 2.71 45.407368 11.879563 0
5.1 -7.72 2.1 23.0 2.71 45.407368 11.879563 0
5.39 -4.87 1.2 24.03 2.71 45.407368 11.879563 0
5.05 -9.73 1.41 23.98 2.71 45.407368 11.879563 0
6.41 -9.38 -0.15 21.92 2.71 45.407368 11.879563 0
6.62 -8.65 1.33 22.78 2.71 45.407368 11.879563 0
5.05 -6.26 1.7 23.22 2.71 45.407368 11.879563 0
5.82 -7.66 1.85 22.5 2.71 45.407368 11.879563 0
6.16 -7.76 1.12 22.35 2.71 45.407368 11.879563 0
7.0 -8.83 2.04 23.05 2.71 45.407368 11.879563 0
4.91 -8.46 0.19 22.52 2.71 45.407368 11.879563 0
6.09 -8.05 0.63 23.46 2.71 45.407368 11.879563 0
5.13 -6.13 1.74 24.28 2.71 45.407368 11.879563 0
6.28 -8.03 1.65 21.69 2.59 45.407371 11.879531 1
6.41 -10.69 1.68 23.31 2.59 45.407371 11.879531 0
6.31 -7.06 1.88 21.9 2.59 45.407371 11.879531 1
5.18 -7.9 1.13 22.29 2.59 45.407371 11.879531 0
5.01 -6.84 2.45 21.11 2.59 45.407371 11.879531 0
6.75 -8.42 1.95 21.54 2.59 45.407371 11.879531 0
5.41 -7.43 1.67 21.88 2.59 45.407371 11.879531 0
7.39 -8.63 -0.01 21.83 2.59 45.407371 11.879531 0
7.92 -6.82 0.78 31.09 2.59 45.407371 11.879531 0
4.64 -7.98 3.2 21.99 2.59 45.407371 11.879531 0
7.08 -9.2 1.06 22.79 2.59 45.407371 11.879531 0
5.56 -6.07 2.22 23.53 2.59 45.407371 11.879531 0
5.27 -8.34 2.76 22.96 2.59 45.407371 11.879531 0
7.39 -7.51 2.28 22.14 2.59 45.407371 11.879531 0
3.98 -8.67 4.95 24.27 2.59 45.407371 11.879531 0
5.47 -9.46 0.62 22.64 2.59 45.407371 11.879531 0
