5.75 -8.53 1.21 22.14 2.55 45.407364 11.879665 0
4.96 -7.26 2.0 22.64 2.55 45.407364 11.879665 0
5.15 -6.99 3.1 22.07 2.51 45.407365 11.879632 1
4.23 -8.07 1.97 23.31 2.51 45.407365 11.879632 0
4.92 -6.35 1.47 21.68 2.51 45.407365 11.879632 1
6.61 -11.4 1.95 21.87 2.51 45.407365 11.879632 0
7.44 -8.45 0.14 21.73 2.51 45.407365 11.879632 0
6.58 -7.04 1.01 23.07 2.51 45.407365 11.879632 0
4.02 -8.23 2.89 23.15 2.51 45.407365 11.879632 0
6.34 -6.77 2.2 22.78 2.51 45.407365 11.879632 0
5.02 -7.59 1.53 22.81 2.51 45.407365 11.879632 0
6.67 -8.4 2.72 23.31 2.51 45.407365 11.879632 0
5.3 -7.74 0.96 22.24 2.51 45.407365 11.879632 0
4.86 -8.19 0.84 22.38 2.51 45.407365 11.879632 0
6.95 -9.52 0.91 23.22 2.51 45.407365 11.879632 0
6.22 -7.18 2.15 22.45 2.51 45.407365 11.879632 0
5.32 -6.74 2.71 22.76 2.51 45.407365 11.879632 0
5.92 -6.91 1.97 21.95 2.51 45.407365 11.879632 0
6.27 -9.21 3.07 25.95 2.51 45.407365 11.879632 0
5.19 -6.51 0.18 22.96 2.35 45.407364 11.879597 1
5.08 -8.62 1.42 22.29 2.35 45.407364 11.879597 0
6.12 -7.44 0.99 22.52 2.35 45.407364 11.879597 1
4.7 -8.96 0.81 22.6 2.35 45.407364 11.879597 0
7.46 -11.14 4.44 24.64 2.35 45.407364 11.879597 0
5.26 -8.56 2.67 23.07 2.35 45.407364 11.879597 0
5.3 -5.42 2.38 22.9 2.35 45.407364 11.879597 0
4.99 -9.06 2.39 23.07 2.35 45.407364 11.879597 0
4.01 -7.72 1.8 23.74 2.35 45.407364 11.879597 0
5.6 -6.63 3.34 22.71 2.35 45.407364 11.879597 0
7.73 -8.81 1.26 22.69 2.35 45.407364 11.879597 0
6.12 -8.99 -0.61 22.88 2.35 45.407364 11.879597 0
7.92 -7.76 2.28 23.08 2.35 45.407364 11.879597 0
4.89 -6.2 1.69 23.02 2.35 45.407364 11.879597 0
4.56 -9.09 1.38 22.55 2.35 45.407364 11.879597 0
6.38 -4.81 0.88 22.0 2.35 45.407364 11.879597 0
