5.93 -7.58 1.74 22.09 1.65 45.407376 11.879768 0
6.22 -7.5 1.8 21.44 1.65 45.407376 11.879768 0
6.44 -7.82 1.89 21.8 2.11 45.407377 11.879742 1
6.11 -8.08 1.92 21.63 2.11 45.407377 11.879742 0
5.74 -8.08 1.83 21.83 2.11 45.407377 11.879742 1
5.85 -7.61 1.74 22.11 2.11 45.407377 11.879742 0
5.93 -7.57 2.2 21.71 2.11 45.407377 11.879742 0
5.65 -8.25 1.88 21.81 2.11 45.407377 11.879742 0
5.73 -7.6 1.95 21.78 2.11 45.407377 11.879742 0
5.98 -7.22 2.02 22.17 2.11 45.407377 11.879742 0
5.59 -7.88 1.98 21.54 2.11 45.407377 11.879742 0
5.62 -8.66 1.84 21.85 2.11 45.407377 11.879742 0
5.92 -8.35 1.75 21.9 2.11 45.407377 11.879742 0
5.96 -7.62 2.35 21.52 2.11 45.407377 11.879742 0
5.41 -7.59 1.81 21.95 2.11 45.407377 11.879742 0
5.56 -7.56 1.49 21.81 2.11 45.407377 11.879742 0
5.8 -7.86 1.68 21.76 2.11 45.407377 11.879742 0
6.0 -7.94 1.65 21.73 2.11 45.407377 11.879742 0
6.11 -7.51 1.52 21.57 2.11 45.407377 11.879742 0
6.11 -7.42 1.67 21.57 2.11 45.407377 11.879742 0
5.85 -7.78 1.89 21.52 2.31 45.407364 11.879718 1
5.95 -8.04 1.77 21.87 2.31 45.407364 11.879718 0
5.3 -7.41 1.58 21.83 2.31 45.407364 11.879718 1
6.66 -7.87 1.77 21.83 2.31 45.407364 11.879718 0
5.94 -7.49 1.65 21.63 2.31 45.407364 11.879718 0
6.11 -7.73 1.72 22.6 2.31 45.407364 11.879718 0
5.99 -8.33 1.6 22.91 2.31 45.407364 11.879718 0
5.53 -7.98 1.68 23.58 2.31 45.407364 11.879718 0
5.37 -8.12 1.74 22.6 2.31 45.407364 11.879718 0
7.41 -7.04 1.93 22.86 2.31 45.407364 11.879718 0
5.29 -8.64 1.75 22.76 2.31 45.407364 11.879718 0
5.35 -6.84 1.04 23.89 2.31 45.407364 11.879718 0
4.87 -8.47 1.74 31.97 2.31 45.407364 11.879718 0
6.07 -8.64 1.55 27.9 2.31 45.407364 11.879718 0
5.51 -5.64 1.84 22.88 2.31 45.407364 11.879718 0
