5.44 -8.2 1.42 21.64 1.2 45.407353 11.879838 0
5.71 -8.22 1.26 22.12 1.2 45.407353 11.879838 0
5.96 -7.71 1.76 21.83 1.2 45.407353 11.879838 0
5.69 -7.92 1.96 21.78 2.32 45.407350 11.879826 1
5.53 -7.84 1.56 21.99 2.32 45.407350 11.879826 0
6.01 -7.63 1.61 21.78 2.32 45.407350 11.879826 1
6.48 -7.49 1.7 22.02 2.32 45.407350 11.879826 0
6.03 -8.29 1.66 22.24 2.32 45.407350 11.879826 0
5.42 -8.67 1.7 23.17 2.32 45.407350 11.879826 0
5.78 -7.56 1.75 25.09 2.32 45.407350 11.879826 0
5.96 -7.21 1.67 22.38 2.32 45.407350 11.879826 0
5.94 -7.33 1.77 22.04 2.32 45.407350 11.879826 0
5.97 -8.2 1.77 21.52 2.32 45.407350 11.879826 0
5.77 -7.91 1.6 21.95 2.32 45.407350 11.879826 0
6.43 -7.98 1.26 21.9 2.32 45.407350 11.879826 0
5.78 -8.04 1.93 21.54 2.32 45.407350 11.879826 0
5.82 -7.78 1.53 22.26 2.32 45.407350 11.879826 0
5.78 -7.75 1.94 22.02 2.32 45.407350 11.879826 0
5.8 -8.2 1.69 22.62 2.32 45.407350 11.879826 0
5.58 -7.65 1.62 22.54 2.32 45.407350 11.879826 0
5.6 -7.46 1.47 22.71 2.12 45.407360 11.879810 1
6.01 -7.93 1.61 22.04 2.12 45.407360 11.879810 0
6.32 -8.31 1.73 21.49 2.12 45.407360 11.879810 1
6.0 -8.36 1.7 21.93 2.12 45.407360 11.879810 0
5.66 -8.02 1.71 21.68 2.12 45.407360 11.879810 0
5.77 -7.98 1.69 22.29 2.12 45.407360 11.879810 0
5.83 -7.92 1.68 22.29 2.12 45.407360 11.879810 0
6.03 -8.06 1.49 22.83 2.12 45.407360 11.879810 0
6.1 -7.68 1.63 22.62 2.12 45.407360 11.879810 0
5.79 -7.57 1.86 22.19 2.12 45.407360 11.879810 0
6.05 -7.86 1.73 22.19 2.12 45.407360 11.879810 0
5.77 -8.66 1.74 22.24 2.12 45.407360 11.879810 0
5.77 -8.16 1.62 22.42 2.12 45.407360 11.879810 0
5.75 -7.55 1.82 22.26 2.12 45.407360 11.879810 0
5.82 -7.3 1.78 22.67 2.12 45.407360 11.879810 0
