5.85 -7.96 1.97 22.26 0.21 45.407481 11.879883 0
5.59 -8.09 2.05 22.35 0.21 45.407481 11.879883 0
5.59 -7.97 2.01 21.85 0.21 45.407481 11.879883 0
5.77 -7.84 1.97 22.24 0.54 45.407457 11.879884 1
5.6 -7.89 2.12 21.73 0.54 45.407457 11.879884 0
5.79 -7.89 2.08 22.16 0.54 45.407457 11.879884 1
5.98 -7.77 2.15 22.17 0.54 45.407457 11.879884 0
6.29 -7.54 2.17 22.0 0.54 45.407457 11.879884 0
5.31 -7.75 2.1 22.19 0.54 45.407457 11.879884 0
5.76 -7.38 2.02 22.09 0.54 45.407457 11.879884 0
5.81 -8.11 2.16 22.29 0.54 45.407457 11.879884 0
6.03 -7.59 2.16 22.26 0.54 45.407457 11.879884 0
6.49 -7.43 2.21 22.29 0.54 45.407457 11.879884 0
6.42 -7.4 2.19 21.88 0.54 45.407457 11.879884 0
6.26 -7.66 2.05 21.9 0.54 45.407457 11.879884 0
6.11 -7.63 2.03 21.93 0.54 45.407457 11.879884 0
6.19 -7.59 2.2 22.4 0.54 45.407457 11.879884 0
6.34 -7.42 2.14 22.31 0.54 45.407457 11.879884 0
6.44 -7.6 1.94 21.95 0.54 45.407457 11.879884 0
6.27 -7.61 2.13 21.87 0.54 45.407457 11.879884 0
6.27 -7.46 2.21 22.33 0.23 45.407438 11.879882 1
6.45 -7.31 2.1 21.88 0.23 45.407438 11.879882 0
6.52 -7.43 2.05 22.14 0.23 45.407438 11.879882 1
6.34 -7.31 2.2 22.19 0.23 45.407438 11.879882 0
6.49 -7.43 2.03 22.09 0.23 45.407438 11.879882 0
6.44 -7.22 1.85 21.93 0.23 45.407438 11.879882 0
6.33 -7.33 2.21 21.9 0.23 45.407438 11.879882 0
6.34 -7.61 2.14 21.95 0.23 45.407438 11.879882 0
6.49 -7.7 1.82 21.47 0.23 45.407438 11.879882 0
6.55 -7.74 1.76 21.87 0.23 45.407438 11.879882 0
6.22 -7.44 2.1 21.51 0.23 45.407438 11.879882 0
6.31 -7.38 1.79 21.87 0.23 45.407438 11.879882 0
6.55 -7.65 1.45 21.9 0.23 45.407438 11.879882 0
6.51 -7.78 1.79 21.54 0.23 45.407438 11.879882 0
6.23 -7.42 2.09 21.59 0.23 45.407438 11.879882 0
