6.81 -11.29 3.99 24.22 2.31 45.407364 11.879718 0
5.63 -9.32 1.39 22.6 2.31 45.407364 11.879718 0
4.19 -5.88 2.52 22.69 1.96 45.407362 11.879696 1
8.05 -8.82 0.29 21.81 1.96 45.407362 11.879696 0
5.42 -6.46 1.45 22.29 1.96 45.407362 11.879696 1
6.26 -9.13 -0.52 23.92 1.96 45.407362 11.879696 0
7.02 -9.57 1.62 23.75 1.96 45.407362 11.879696 0
5.04 -7.32 2.09 23.41 1.96 45.407362 11.879696 0
4.92 -7.61 1.05 21.27 1.96 45.407362 11.879696 0
6.53 -8.84 2.2 22.52 1.96 45.407362 11.879696 0
5.47 -8.38 2.49 25.55 1.96 45.407362 11.879696 0
4.83 -8.28 1.61 21.44 1.96 45.407362 11.879696 0
7.23 -7.83 3.13 23.15 1.96 45.407362 11.879696 0
5.06 -7.3 1.9 23.19 1.96 45.407362 11.879696 0
5.79 -7.09 2.33 23.99 1.96 45.407362 11.879696 0
5.89 -7.98 1.77 22.6 1.96 45.407362 11.879696 0
5.72 -8.09 1.31 22.76 1.96 45.407362 11.879696 0
5.81 -8.96 4.85 24.03 1.96 45.407362 11.879696 0
4.85 -7.91 2.18 22.17 1.96 45.407362 11.879696 0
5.26 -6.28 1.74 22.35 2.55 45.407364 11.879665 1
5.0 -8.08 2.5 22.16 2.55 45.407364 11.879665 0
5.52 -5.96 2.26 22.19 2.55 45.407364 11.879665 0
6.06 -8.32 0.89 22.52 2.55 45.407364 11.879665 1
5.91 -7.75 2.77 70.88 2.55 45.407364 11.879665 0
5.61 -9.19 -0.02 22.21 2.55 45.407364 11.879665 0
5.76 -7.25 2.47 24.25 2.55 45.407364 11.879665 0
5.17 -7.79 2.22 24.1 2.55 45.407364 11.879665 0
7.3 -7.79 1.7 22.35 2.55 45.407364 11.879665 0
5.99 -8.3 1.95 25.57 2.55 45.407364 11.879665 0
5.24 -8.22 2.99 26.7 2.55 45.407364 11.879665 0
5.47 -6.89 0.63 22.35 2.55 45.407364 11.879665 0
6.01 -7.11 2.51 21.75 2.55 45.407364 11.879665 0
5.53 -8.64 0.55 21.83 2.55 45.407364 11.879665 0
6.46 -7.07 2.72 21.61 2.55 45.407364 11.879665 0
5.83 -9.19 0.89 23.02 2.55 45.407364 11.879665 0
