5.6 -7.66 1.69 21.9 2.12 45.407360 11.879810 0
5.77 -8.3 1.99 21.16 2.12 45.407360 11.879810 0
5.73 -8.69 1.76 21.27 2.05 45.407372 11.879791 1
5.89 -7.83 1.83 21.42 2.05 45.407372 11.879791 0
5.66 -7.92 1.81 21.85 2.05 45.407372 11.879791 1
5.78 -7.51 1.64 21.63 2.05 45.407372 11.879791 0
5.89 -7.98 1.68 21.78 2.05 45.407372 11.879791 0
5.79 -8.26 1.58 22.55 2.05 45.407372 11.879791 0
5.8 -7.93 1.65 22.0 2.05 45.407372 11.879791 0
5.77 -7.1 1.79 22.24 2.05 45.407372 11.879791 0
5.86 -7.65 1.67 21.64 2.05 45.407372 11.879791 0
6.03 -8.59 1.56 22.09 2.05 45.407372 11.879791 0
6.15 -8.34 1.55 22.35 2.05 45.407372 11.879791 0
5.81 -7.56 1.75 22.96 2.05 45.407372 11.879791 0
5.37 -7.49 1.79 22.57 2.05 45.407372 11.879791 0
6.02 -7.59 1.73 22.11 2.05 45.407372 11.879791 0
6.11 -7.89 1.81 22.4 2.05 45.407372 11.879791 0
5.92 -8.27 1.53 22.29 2.05 45.407372 11.879791 0
5.78 -7.67 1.6 21.59 2.05 45.407372 11.879791 0
5.96 -7.58 1.56 21.99 2.05 45.407372 11.879791 0
5.93 -7.76 1.61 21.8 1.65 45.407376 11.879768 1
5.88 -8.37 1.79 21.68 1.65 45.407376 11.879768 0
5.81 -8.13 1.83 21.32 1.65 45.407376 11.879768 1
5.76 -7.35 1.66 21.71 1.65 45.407376 11.879768 0
6.01 -7.86 1.71 21.63 1.65 45.407376 11.879768 0
5.9 -7.92 2.18 21.59 1.65 45.407376 11.879768 0
6.02 -7.91 2.14 21.93 1.65 45.407376 11.879768 0
5.81 -8.0 1.93 21.59 1.65 45.407376 11.879768 0
5.58 -7.73 1.88 22.09 1.65 45.407376 11.879768 0
5.97 -7.63 1.9 22.09 1.65 45.407376 11.879768 0
6.3 -7.63 1.56 22.11 1.65 45.407376 11.879768 0
6.09 -7.78 1.62 22.11 1.65 45.407376 11.879768 0
5.91 -7.63 1.92 22.24 1.65 45.407376 11.879768 0
6.23 -7.75 1.58 21.85 1.65 45.407376 11.879768 0
6.03 -7.53 1.51 21.83 1.65 45.407376 11.879768 0
