5.77 -8.2 1.86 22.42 2.54 45.408361 11.890069 0 0
5.85 -7.94 1.49 22.55 2.54 45.408361 11.890069 1 0
5.94 -7.68 1.45 22.17 2.54 45.408361 11.890069 1 0
5.98 -7.65 1.7 21.71 2.54 45.408361 11.890069 1 0
6.03 -7.8 1.87 22.04 2.54 45.408361 11.890069 1 0
6.22 -7.74 1.79 22.09 2.54 45.408361 11.890069 1 0
6.34 -7.55 1.65 21.54 2.54 45.408361 11.890069 1 0
6.14 -7.64 1.61 21.78 2.54 45.408361 11.890069 1 0
5.87 -7.88 1.62 21.33 2.54 45.408361 11.890069 0 0
5.85 -7.88 1.6 21.83 2.54 45.408361 11.890069 1 0
5.83 -7.85 1.53 21.92 2.54 45.408361 11.890069 0 0
5.53 -8.07 1.46 21.42 2.54 45.408361 11.890069 1 0
5.42 -8.19 1.56 21.87 2.54 45.408361 11.890069 1 0
5.82 -7.9 1.88 21.33 2.54 45.408361 11.890069 1 0
6.13 -7.65 2.06 21.83 2.54 45.408361 11.890069 1 0
5.98 -7.79 1.87 21.88 2.54 45.408361 11.890069 1 0
5.92 -7.88 1.68 22.04 2.54 45.408361 11.890069 1 0
6.22 -7.57 1.84 22.09 2.54 45.408361 11.890069 1 0
6.32 -7.34 2.04 22.07 2.54 45.408361 11.890069 1 0
6.16 -7.6 1.99 22.04 2.54 45.408361 11.890069 1 0
6.19 -7.87 1.9 22.04 2.54 45.408361 11.890069 1 0
6.3 -7.69 1.93 22.05 2.54 45.408361 11.890069 1 0
6.14 -7.44 1.92 22.52 2.54 45.408361 11.890069 1 0
5.95 -7.64 1.89 22.09 2.54 45.408361 11.890069 1 0
5.91 -7.99 2.04 21.78 2.54 45.408361 11.890069 1 0
5.78 -7.99 2.16 21.93 2.66 45.408353 11.890041 0 0
5.68 -7.79 2.03 21.97 2.66 45.408353 11.890041 1 0
5.94 -7.72 1.82 21.93 2.66 45.408353 11.890041 0 0
6.16 -7.77 1.75 21.99 2.66 45.408353 11.890041 1 0
5.9 -7.8 1.68 21.47 2.66 45.408353 11.890041 1 0
5.65 -7.84 1.6 21.52 2.66 45.408353 11.890041 1 0
5.91 -7.92 1.72 21.93 2.66 45.408353 11.890041 1 0
6.24 -7.91 1.92 21.87 2.66 45.408353 11.890041 1 0
6.21 -7.7 1.91 22.04 2.66 45.408353 11.890041 1 0
6.03 -7.46 1.77 22.09 2.66 45.408353 11.890041 1 0
