5.48 -5.39 1.99 22.98 3.18 45.876208 12.305720 0 0
5.32 -8.52 1.71 23.7 3.18 45.876208 12.305720 0 0
6.59 -7.54 2.14 23.08 3.18 45.876208 12.305720 0 0
6.4 -7.82 1.84 26.55 3.18 45.876208 12.305720 0 0
5.62 -8.32 1.36 22.91 3.51 45.876182 12.305699 1 0
4.33 -6.51 1.6 23.74 3.51 45.876182 12.305699 0 0
6.51 -8.19 0.91 22.17 3.51 45.876182 12.305699 1 0
5.94 -7.6 2.06 22.23 3.51 45.876182 12.305699 0 0
6.25 -8.56 1.93 22.42 3.51 45.876182 12.305699 0 0
5.77 -7.7 1.88 23.02 3.51 45.876182 12.305699 0 0
5.77 -7.69 2.15 22.62 3.51 45.876182 12.305699 0 0
5.92 -7.75 1.87 22.88 3.51 45.876182 12.305699 0 0
6.15 -7.59 1.76 23.94 3.51 45.876182 12.305699 0 0
5.97 -7.86 1.91 22.19 3.51 45.876182 12.305699 0 0
5.91 -6.98 1.72 23.0 3.51 45.876182 12.305699 0 0
6.68 -8.01 1.8 22.67 3.51 45.876182 12.305699 0 0
6.27 -7.69 1.66 24.61 3.51 45.876182 12.305699 0 0
5.71 -7.84 2.0 23.82 3.51 45.876182 12.305699 0 0
5.44 -7.47 1.78 23.36 3.51 45.876182 12.305699 0 0
5.45 -7.53 1.76 23.8 3.51 45.876182 12.305699 0 0
5.86 -8.12 1.83 23.31 3.51 45.876182 12.305699 0 0
6.27 -8.18 1.94 23.12 3.11 45.876157 12.305679 1 0
5.78 -7.7 1.76 22.84 3.11 45.876157 12.305679 0 0
5.61 -7.42 1.51 22.64 3.11 45.876157 12.305679 1 0
5.96 -7.8 1.68 22.07 3.11 45.876157 12.305679 0 0
6.51 -8.03 1.76 22.23 3.11 45.876157 12.305679 0 0
6.0 -7.96 1.91 22.21 3.11 45.876157 12.305679 0 0
5.9 -8.16 1.95 22.19 3.11 45.876157 12.305679 0 0
5.65 -7.31 1.69 23.74 3.11 45.876157 12.305679 0 0
6.37 -7.18 1.81 23.8 3.11 45.876157 12.305679 0 0
5.88 -7.88 1.87 22.72 3.11 45.876157 12.305679 0 0
6.09 -7.65 1.54 23.34 3.11 45.876157 12.305679 0 0
5.9 -7.41 2.02 22.93 3.11 45.876157 12.305679 0 0
5.86 -7.3 1.5 22.64 3.11 45.876157 12.305679 0 0
5.93 -8.82 2.27 22.74 3.11 45.876157 12.305679 0 0
