8.38 -7.67 2.12 22.24 3.62 45.875972 12.305549 1 1
7.12 -6.8 2.17 23.43 3.62 45.875972 12.305549 0 1
6.59 -6.5 2.24 24.35 3.62 45.875972 12.305549 0 1
7.03 -4.96 2.79 25.86 3.62 45.875972 12.305549 0 1
3.34 -11.32 2.26 23.92 3.62 45.875972 12.305549 0 1
4.42 -11.51 1.67 22.33 3.62 45.875972 12.305549 0 1
5.13 -8.55 1.67 22.62 3.62 45.875972 12.305549 0 1
2.84 -6.63 1.57 19.23 3.62 45.875972 12.305549 0 1
11.17 -11.36 1.21 19.23 3.62 45.875972 12.305549 0 1
9.45 -9.99 2.44 20.97 3.62 45.875972 12.305549 0 1
8.34 -4.46 2.18 25.97 3.62 45.875972 12.305549 0 1
4.8 -4.18 0.79 27.06 3.62 45.875972 12.305549 0 1
1.13 0.05 1.93 25.72 3.62 45.875972 12.305549 0 1
14.29 -13.64 5.52 23.58 3.62 45.875972 12.305549 0 1
5.79 -12.13 1.62 22.98 3.62 45.875972 12.305549 0 1
4.15 -10.17 2.72 22.76 3.37 45.875945 12.305527 1 1
4.16 -6.55 1.16 23.55 3.37 45.875945 12.305527 0 1
4.99 -8.49 2.06 22.35 3.37 45.875945 12.305527 1 1
6.91 -7.25 1.97 21.64 3.37 45.875945 12.305527 0 1
7.18 -8.01 1.7 23.48 3.37 45.875945 12.305527 0 1
5.09 -8.08 1.99 22.72 3.37 45.875945 12.305527 0 1
5.55 -6.87 1.94 23.27 3.37 45.875945 12.305527 0 1
5.77 -7.97 1.73 22.69 3.37 45.875945 12.305527 0 1
6.02 -8.54 1.57 22.67 3.37 45.875945 12.305527 0 1
5.12 -8.19 2.02 23.74 3.37 45.875945 12.305527 0 1
5.16 -7.44 1.93 22.47 3.37 45.875945 12.305527 0 1
5.75 -7.53 2.03 23.6 3.37 45.875945 12.305527 0 1
5.99 -7.86 1.91 24.2 3.37 45.875945 12.305527 0 1
5.61 -7.86 2.2 25.24 3.37 45.875945 12.305527 0 1
5.53 -7.89 2.22 25.3 3.37 45.875945 12.305527 0 1
5.29 -6.71 2.26 23.68 3.37 45.875945 12.305527 0 1
6.36 -7.48 2.48 22.6 3.37 45.875945 12.305527 0 1
6.03 -7.81 2.16 22.24 3.58 45.875917 12.305500 1 1
6.75 -8.21 1.84 22.45 3.58 45.875917 12.305500 0 1
5.67 -7.83 2.01 23.65 3.58 45.875917 12.305500 1 1
