6.44 -7.04 2.07 22.11 3.17 45.876114 12.305658 0 0
6.46 -7.62 2.02 22.66 3.47 45.876086 12.305637 1 0
6.33 -7.24 1.98 22.09 3.47 45.876086 12.305637 0 0
6.47 -8.09 2.45 22.64 3.47 45.876086 12.305637 1 0
6.03 -7.6 2.06 23.03 3.47 45.876086 12.305637 0 0
5.89 -7.92 1.94 22.07 3.47 45.876086 12.305637 0 0
6.04 -7.7 1.68 24.94 3.47 45.876086 12.305637 0 0
5.47 -7.38 1.53 22.67 3.47 45.876086 12.305637 0 0
5.79 -7.79 1.69 22.84 3.47 45.876086 12.305637 0 0
6.1 -7.82 1.6 22.72 3.47 45.876086 12.305637 0 0
5.72 -7.94 2.14 22.31 3.47 45.876086 12.305637 0 0
5.94 -7.46 2.25 22.72 3.47 45.876086 12.305637 0 0
6.18 -7.72 2.43 22.24 3.47 45.876086 12.305637 0 0
6.1 -7.81 2.08 22.74 3.47 45.876086 12.305637 0 0
6.09 -7.67 1.97 22.74 3.47 45.876086 12.305637 0 0
5.9 -7.74 2.01 22.78 3.47 45.876086 12.305637 0 0
5.96 -8.03 2.21 22.31 3.47 45.876086 12.305637 0 0
5.6 -7.8 2.04 22.88 3.47 45.876086 12.305637 0 0
5.54 -7.9 1.98 22.57 3.53 45.876058 12.305617 1 0
5.82 -7.86 1.66 22.54 3.53 45.876058 12.305617 0 0
5.76 -7.76 1.71 22.5 3.53 45.876058 12.305617 1 0
6.3 -7.39 1.65 22.59 3.53 45.876058 12.305617 0 0
6.18 -7.7 1.66 22.17 3.53 45.876058 12.305617 0 0
5.72 -7.67 2.27 22.6 3.53 45.876058 12.305617 0 0
6.01 -7.68 1.98 22.42 3.53 45.876058 12.305617 0 0
6.4 -7.78 1.5 22.11 3.53 45.876058 12.305617 0 0
6.15 -7.79 1.75 22.64 3.53 45.876058 12.305617 0 0
5.66 -7.7 1.87 22.74 3.53 45.876058 12.305617 0 0
5.63 -7.75 2.2 22.26 3.53 45.876058 12.305617 0 0
5.47 -8.38 1.91 22.72 3.53 45.876058 12.305617 0 0
5.31 -8.2 1.72 22.36 3.53 45.876058 12.305617 0 0
6.14 -8.33 1.7 22.35 3.53 45.876058 12.305617 0 0
6.13 -7.51 1.85 22.78 3.53 45.876058 12.305617 0 0
6.13 -7.64 1.7 22.78 3.53 45.876058 12.305617 0 0
5.85 -7.91 1.92 22.16 3.53 45.876058 12.305617 0 0
