6.07 -7.92 1.78 22.83 3.09 45.868526 12.306940 0 0
5.9 -8.31 1.76 26.15 3.09 45.868526 12.306940 0 0
5.62 -7.92 1.82 22.64 3.09 45.868526 12.306940 0 0
5.73 -7.58 1.92 22.83 3.09 45.868526 12.306940 0 0
5.78 -7.84 1.76 23.2 3.09 45.868526 12.306940 0 0
5.87 -7.59 2.04 23.68 3.09 45.868526 12.306940 0 0
5.87 -8.18 1.92 23.15 3.09 45.868526 12.306940 0 0
5.94 -7.41 1.91 22.69 3.09 45.868526 12.306940 0 0
5.7 -7.74 2.03 23.32 3.09 45.868526 12.306940 0 0
6.59 -7.81 1.09 24.75 3.09 45.868526 12.306940 0 0
5.6 -7.76 1.94 23.0 3.09 45.868526 12.306940 0 0
5.9 -7.51 1.66 23.36 3.09 45.868526 12.306940 0 0
6.04 -7.82 2.19 22.31 3.09 45.868526 12.306940 0 0
6.17 -7.92 1.75 22.76 3.07 45.868498 12.306945 1 0
6.23 -8.03 1.5 22.31 3.07 45.868498 12.306945 0 0
5.99 -7.49 1.79 23.27 3.07 45.868498 12.306945 1 0
5.72 -7.69 2.16 22.71 3.07 45.868498 12.306945 0 0
5.66 -7.17 2.1 22.96 3.07 45.868498 12.306945 0 0
5.77 -8.27 1.81 22.38 3.07 45.868498 12.306945 0 0
5.76 -7.85 1.8 24.85 3.07 45.868498 12.306945 0 0
6.26 -8.02 1.37 22.48 3.07 45.868498 12.306945 0 0
5.89 -7.74 1.79 23.08 3.07 45.868498 12.306945 0 0
6.18 -8.42 1.86 23.79 3.07 45.868498 12.306945 0 0
5.68 -6.54 1.63 23.39 3.07 45.868498 12.306945 0 0
5.96 -7.21 1.59 23.84 3.07 45.868498 12.306945 0 0
6.08 -8.12 1.8 23.74 3.07 45.868498 12.306945 0 0
6.37 -7.56 1.9 22.5 3.07 45.868498 12.306945 0 0
5.98 -7.96 1.86 23.0 3.07 45.868498 12.306945 0 0
5.64 -7.36 1.36 23.43 3.07 45.868498 12.306945 0 0
6.43 -7.61 0.86 23.03 3.07 45.868498 12.306945 0 0
5.6 -8.15 1.77 22.48 3.2 45.868470 12.306952 1 0
5.67 -8.25 1.61 22.91 3.2 45.868470 12.306952 0 0
5.97 -7.89 1.59 22.79 3.2 45.868470 12.306952 1 0
5.82 -7.63 1.83 22.79 3.2 45.868470 12.306952 0 0
5.61 -7.68 1.95 23.82 3.2 45.868470 12.306952 0 0
