5.59 -7.63 2.24 23.55 3.14 45.868411 12.306963 0 0
5.83 -8.18 1.81 25.95 3.14 45.868411 12.306963 0 0
6.06 -8.12 1.93 24.56 3.14 45.868411 12.306963 0 0
6.11 -7.62 1.31 22.98 3.14 45.868411 12.306963 0 0
6.02 -7.55 1.46 22.36 3.14 45.868411 12.306963 0 0
5.87 -8.06 1.26 22.74 3.14 45.868411 12.306963 0 0
5.71 -8.09 1.91 22.64 3.14 45.868411 12.306963 0 0
5.76 -7.75 2.32 22.35 3.14 45.868411 12.306963 0 0
5.45 -7.62 1.79 22.52 3.14 45.868411 12.306963 0 0
5.45 -8.12 2.1 23.94 3.14 45.868411 12.306963 0 0
5.66 -7.61 2.01 23.08 3.28 45.868382 12.306969 1 0
5.77 -8.07 2.05 23.1 3.28 45.868382 12.306969 0 0
5.28 -7.63 2.03 22.76 3.28 45.868382 12.306969 1 0
5.84 -7.49 2.28 23.03 3.28 45.868382 12.306969 0 0
6.16 -7.79 1.94 23.84 3.28 45.868382 12.306969 0 0
6.1 -8.2 2.06 23.02 3.28 45.868382 12.306969 0 0
5.69 -8.03 1.76 22.98 3.28 45.868382 12.306969 0 0
5.86 -7.43 2.0 22.71 3.28 45.868382 12.306969 0 0
5.92 -7.69 1.52 22.93 3.28 45.868382 12.306969 0 0
5.37 -7.83 2.25 23.32 3.28 45.868382 12.306969 0 0
5.66 -7.79 2.24 23.19 3.28 45.868382 12.306969 0 0
5.73 -7.71 1.86 24.32 3.28 45.868382 12.306969 0 0
6.12 -7.92 1.96 24.1 3.28 45.868382 12.306969 0 0
6.22 -7.97 2.4 23.84 3.28 45.868382 12.306969 0 0
5.83 -7.53 2.29 24.92 3.28 45.868382 12.306969 0 0
5.88 -7.68 1.95 23.31 3.28 45.868382 12.306969 0 0
6.26 -7.85 1.81 22.91 3.28 45.868382 12.306969 0 0
6.5 -7.66 2.03 23.79 3.21 45.868353 12.306980 1 0
5.78 -7.97 1.71 22.86 3.21 45.868353 12.306980 0 0
5.97 -7.61 0.93 22.76 3.21 45.868353 12.306980 1 0
6.02 -7.82 1.52 22.55 3.21 45.868353 12.306980 0 0
5.97 -8.29 1.91 23.51 3.21 45.868353 12.306980 0 0
5.97 -8.13 1.93 23.98 3.21 45.868353 12.306980 0 0
5.62 -8.06 1.67 23.19 3.21 45.868353 12.306980 0 0
5.77 -7.97 1.74 23.38 3.21 45.868353 12.306980 0 0
