6.19 -8.05 1.76 22.28 3.11 45.868636 12.306912 0 0
5.73 -7.76 1.66 22.78 3.11 45.868636 12.306912 1 0
5.95 -7.59 1.87 22.86 3.11 45.868636 12.306912 0 0
6.14 -7.14 1.69 22.79 3.11 45.868636 12.306912 0 0
6.16 -7.87 1.73 22.64 3.11 45.868636 12.306912 0 0
5.59 -7.86 1.77 23.29 3.11 45.868636 12.306912 0 0
5.78 -8.17 1.96 22.11 3.11 45.868636 12.306912 0 0
5.27 -7.88 1.67 22.64 3.11 45.868636 12.306912 0 0
5.58 -8.16 1.89 23.6 3.11 45.868636 12.306912 0 0
5.86 -7.86 1.76 22.72 3.11 45.868636 12.306912 0 0
5.8 -7.73 2.08 23.63 3.11 45.868636 12.306912 0 0
5.82 -7.67 2.11 22.43 3.11 45.868636 12.306912 0 0
6.01 -7.93 1.98 22.9 3.11 45.868636 12.306912 0 0
5.98 -7.51 1.73 22.81 3.11 45.868636 12.306912 0 0
6.2 -7.82 1.9 25.02 3.11 45.868636 12.306912 0 0
6.19 -8.02 1.93 22.29 3.11 45.868636 12.306912 0 0
6.03 -8.03 1.94 23.68 3.2 45.868609 12.306922 1 0
5.93 -7.77 2.05 22.98 3.2 45.868609 12.306922 0 0
5.61 -7.71 1.81 22.86 3.2 45.868609 12.306922 1 0
5.89 -7.96 1.52 22.66 3.2 45.868609 12.306922 0 0
5.88 -8.31 1.75 22.86 3.2 45.868609 12.306922 0 0
5.79 -8.22 1.89 22.62 3.2 45.868609 12.306922 0 0
5.7 -7.61 1.82 22.24 3.2 45.868609 12.306922 0 0
5.7 -7.83 2.01 22.78 3.2 45.868609 12.306922 0 0
5.88 -7.48 1.84 22.67 3.2 45.868609 12.306922 0 0
6.04 -8.17 1.54 23.03 3.2 45.868609 12.306922 0 0
6.07 -7.67 1.85 22.74 3.2 45.868609 12.306922 0 0
5.82 -7.83 1.72 23.38 3.2 45.868609 12.306922 0 0
5.8 -7.28 1.67 22.98 3.2 45.868609 12.306922 0 0
6.01 -7.85 1.76 23.24 3.2 45.868609 12.306922 0 0
5.9 -7.77 1.72 23.1 3.2 45.868609 12.306922 0 0
6.0 -8.42 1.72 24.08 3.2 45.868609 12.306922 0 0
5.49 -7.81 1.65 22.88 3.2 45.868609 12.306922 0 0
5.76 -7.97 1.86 23.22 2.94 45.868582 12.306930 1 0
5.59 -7.61 1.83 23.07 2.94 45.868582 12.306930 0 0
