6.13 -7.27 2.03 22.35 3.2 45.868470 12.306952 0 0
6.05 -7.32 1.87 24.97 3.2 45.868470 12.306952 0 0
5.88 -8.2 2.03 23.32 3.2 45.868470 12.306952 0 0
5.92 -7.8 1.86 22.81 3.2 45.868470 12.306952 0 0
6.03 -7.71 1.82 23.0 3.2 45.868470 12.306952 0 0
5.89 -8.23 2.25 22.72 3.2 45.868470 12.306952 0 0
5.77 -8.23 2.09 22.98 3.2 45.868470 12.306952 0 0
6.03 -7.41 1.93 22.98 3.2 45.868470 12.306952 0 0
5.91 -7.52 2.03 22.93 3.2 45.868470 12.306952 0 0
5.14 -6.85 1.75 23.63 3.2 45.868470 12.306952 0 0
6.76 -8.1 1.1 23.6 3.2 45.868470 12.306952 0 0
5.63 -7.93 1.91 23.34 3.2 45.868470 12.306952 0 0
6.04 -8.0 1.34 22.91 3.37 45.868440 12.306959 1 0
6.09 -7.54 1.67 23.19 3.37 45.868440 12.306959 0 0
6.45 -8.13 1.81 23.14 3.37 45.868440 12.306959 1 0
6.48 -8.1 1.83 22.71 3.37 45.868440 12.306959 0 0
5.49 -7.26 1.47 23.41 3.37 45.868440 12.306959 0 0
5.94 -8.22 1.8 22.59 3.37 45.868440 12.306959 0 0
6.02 -7.95 1.49 22.67 3.37 45.868440 12.306959 0 0
5.61 -7.81 1.57 22.9 3.37 45.868440 12.306959 0 0
5.5 -8.07 1.65 23.43 3.37 45.868440 12.306959 0 0
5.67 -7.56 1.76 23.32 3.37 45.868440 12.306959 0 0
6.31 -8.06 1.94 25.11 3.37 45.868440 12.306959 0 0
5.73 -7.57 1.93 23.2 3.37 45.868440 12.306959 0 0
6.24 -8.03 2.44 22.78 3.37 45.868440 12.306959 0 0
6.17 -7.49 2.23 23.29 3.37 45.868440 12.306959 0 0
6.12 -7.78 2.24 23.65 3.37 45.868440 12.306959 0 0
5.47 -7.16 2.22 22.69 3.37 45.868440 12.306959 0 0
5.83 -7.94 1.95 22.24 3.14 45.868411 12.306963 1 0
6.06 -7.65 1.91 23.72 3.14 45.868411 12.306963 0 0
5.5 -8.14 2.25 26.99 3.14 45.868411 12.306963 1 0
5.91 -8.07 1.89 22.67 3.14 45.868411 12.306963 0 0
5.62 -7.85 2.2 23.62 3.14 45.868411 12.306963 0 0
5.71 -7.52 2.12 22.72 3.14 45.868411 12.306963 0 0
5.79 -7.9 2.28 24.75 3.14 45.868411 12.306963 0 0
