5.62 -5.4 0.5 23.2 3.01 45.407339 11.879678 0
6.7 -5.37 1.29 22.24 3.01 45.407339 11.879678 0
6.16 -8.86 2.92 22.55 3.01 45.407339 11.879678 0
4.09 -9.63 2.21 21.28 3.01 45.407339 11.879678 0
5.19 -9.72 2.0 23.31 3.01 45.407339 11.879678 0
5.77 -7.69 1.55 21.57 3.01 45.407339 11.879678 0
6.63 -6.98 2.21 21.15 3.01 45.407339 11.879678 0
4.59 -5.26 1.91 21.71 3.01 45.407339 11.879678 0
7.35 -10.18 1.44 22.88 3.01 45.407339 11.879678 0
5.35 -7.77 2.08 62.0 3.01 45.407339 11.879678 0
6.19 -6.38 1.29 26.26 3.01 45.407339 11.879678 0
5.88 -8.46 2.21 22.45 3.01 45.407339 11.879678 0
6.64 -7.05 1.52 23.63 3.01 45.407339 11.879678 0
6.39 -10.02 2.1 23.39 3.01 45.407339 11.879678 0
3.54 -7.47 0.87 25.36 3.01 45.407339 11.879678 0
5.24 -7.61 2.05 22.67 2.78 45.407347 11.879651 1
5.42 -9.85 2.28 22.24 2.78 45.407347 11.879651 0
5.73 -9.91 3.34 23.12 2.78 45.407347 11.879651 1
4.44 -7.45 3.09 23.51 2.78 45.407347 11.879651 0
4.44 -7.36 0.53 21.99 2.78 45.407347 11.879651 0
3.6 -6.97 3.34 21.75 2.78 45.407347 11.879651 0
4.89 -7.39 2.59 21.93 2.78 45.407347 11.879651 0
7.19 -7.18 0.54 22.42 2.78 45.407347 11.879651 0
5.82 -8.49 1.45 22.26 2.78 45.407347 11.879651 0
4.82 -6.83 2.2 22.35 2.78 45.407347 11.879651 0
7.32 -11.46 1.68 22.52 2.78 45.407347 11.879651 0
4.71 -6.59 1.96 22.52 2.78 45.407347 11.879651 0
6.03 -7.74 -1.32 22.54 2.78 45.407347 11.879651 0
7.52 -7.78 2.75 22.52 2.78 45.407347 11.879651 0
5.6 -8.14 0.82 22.31 2.78 45.407347 11.879651 0
4.45 -9.42 2.63 21.28 2.78 45.407347 11.879651 0
6.55 -5.16 1.48 22.33 2.78 45.407347 11.879651 0
6.5 -9.1 0.92 22.29 3.06 45.407356 11.879616 1
4.81 -7.18 2.13 22.81 3.06 45.407356 11.879616 0
5.54 -5.31 2.4 23.56 3.06 45.407356 11.879616 1
