5.73 -7.59 1.74 22.45 2.12 45.407326 11.879820 1
6.03 -7.17 1.84 22.12 2.12 45.407326 11.879820 0
6.36 -7.5 2.08 21.78 2.12 45.407326 11.879820 0
6.01 -8.7 1.84 21.71 2.12 45.407326 11.879820 0
6.04 -8.16 1.7 21.47 2.12 45.407326 11.879820 0
5.86 -7.6 1.38 22.19 2.12 45.407326 11.879820 0
5.96 -7.65 1.69 22.11 2.12 45.407326 11.879820 0
5.89 -7.56 1.9 22.12 2.12 45.407326 11.879820 0
6.36 -7.89 1.7 22.14 2.12 45.407326 11.879820 0
5.97 -8.07 1.84 21.88 2.12 45.407326 11.879820 0
5.28 -7.96 1.95 22.42 2.12 45.407326 11.879820 0
5.45 -7.91 1.89 22.52 2.12 45.407326 11.879820 0
5.86 -7.74 1.86 22.07 2.12 45.407326 11.879820 0
6.02 -7.93 1.78 21.28 2.12 45.407326 11.879820 0
6.17 -8.33 1.79 21.42 2.12 45.407326 11.879820 0
6.03 -8.62 1.68 21.57 2.52 45.407328 11.879788 1
5.76 -8.15 1.71 22.09 2.52 45.407328 11.879788 0
5.75 -7.36 1.91 22.42 2.52 45.407328 11.879788 1
5.58 -7.19 2.01 22.4 2.52 45.407328 11.879788 0
6.12 -7.58 1.94 21.92 2.52 45.407328 11.879788 0
6.28 -7.97 1.79 21.68 2.52 45.407328 11.879788 0
6.15 -8.09 1.88 21.76 2.52 45.407328 11.879788 0
5.96 -8.29 1.62 22.14 2.52 45.407328 11.879788 0
5.55 -8.02 1.79 22.19 2.52 45.407328 11.879788 0
5.77 -7.41 1.65 22.12 2.52 45.407328 11.879788 0
6.32 -7.61 1.58 22.14 2.52 45.407328 11.879788 0
6.16 -8.28 1.78 22.29 2.52 45.407328 11.879788 0
5.58 -8.32 1.56 22.4 2.52 45.407328 11.879788 0
5.51 -7.88 1.9 22.52 2.52 45.407328 11.879788 0
5.92 -7.27 1.7 22.24 2.52 45.407328 11.879788 0
6.15 -7.67 1.73 21.45 2.52 45.407328 11.879788 0
6.01 -8.12 1.73 21.9 2.52 45.407328 11.879788 0
5.95 -8.22 1.7 21.06 2.7 45.407328 11.879753 1
5.82 -7.82 1.78 21.75 2.7 45.407328 11.879753 0
5.78 -7.24 1.8 21.52 2.7 45.407328 11.879753 0
