6.32 -7.5 1.51 21.69 1.69 45.407334 11.879868 1
5.54 -8.01 1.44 21.63 1.69 45.407334 11.879868 0
5.54 -8.15 1.88 21.57 1.69 45.407334 11.879868 0
6.2 -8.01 1.92 21.68 1.69 45.407334 11.879868 0
6.28 -7.26 1.87 21.45 1.69 45.407334 11.879868 0
6.31 -7.27 1.75 22.19 1.69 45.407334 11.879868 0
6.43 -7.24 2.2 22.4 1.69 45.407334 11.879868 0
6.54 -7.2 2.34 22.4 1.69 45.407334 11.879868 0
6.31 -7.46 2.57 22.21 1.69 45.407334 11.879868 0
6.34 -7.48 2.08 22.12 1.69 45.407334 11.879868 0
6.08 -7.77 2.25 22.04 1.69 45.407334 11.879868 0
5.56 -8.44 1.84 21.99 1.69 45.407334 11.879868 0
5.51 -8.17 1.66 21.52 1.69 45.407334 11.879868 0
6.23 -7.73 1.65 22.0 1.69 45.407334 11.879868 0
6.18 -7.28 2.19 21.44 1.69 45.407334 11.879868 0
5.94 -7.63 1.56 21.9 1.39 45.407333 11.879849 1
5.62 -8.49 1.63 22.17 1.39 45.407333 11.879849 0
5.47 -7.94 1.48 22.09 1.39 45.407333 11.879849 1
6.09 -7.57 1.64 21.75 1.39 45.407333 11.879849 0
6.21 -7.41 1.83 21.83 1.39 45.407333 11.879849 0
6.35 -7.97 1.67 21.9 1.39 45.407333 11.879849 0
5.91 -8.52 1.38 22.02 1.39 45.407333 11.879849 0
5.65 -7.67 1.27 22.36 1.39 45.407333 11.879849 0
5.84 -7.17 1.59 22.4 1.39 45.407333 11.879849 0
6.25 -7.42 1.64 22.24 1.39 45.407333 11.879849 0
6.42 -7.88 1.39 21.59 1.39 45.407333 11.879849 0
6.01 -8.15 1.48 21.9 1.39 45.407333 11.879849 0
5.75 -7.99 1.57 21.59 1.39 45.407333 11.879849 0
5.63 -7.84 1.28 21.64 1.39 45.407333 11.879849 0
5.67 -7.85 1.48 21.64 1.39 45.407333 11.879849 0
5.86 -7.71 1.91 21.59 1.39 45.407333 11.879849 0
6.18 -7.95 1.84 21.87 1.39 45.407333 11.879849 0
5.91 -8.0 1.96 22.09 1.39 45.407333 11.879849 0
5.85 -7.9 1.81 22.36 2.12 45.407326 11.879820 1
5.63 -7.9 2.07 22.71 2.12 45.407326 11.879820 0
