6.56 -11.8 -0.25 25.42 2.73 45.407359 11.879537 0
5.94 -5.38 2.91 24.23 2.73 45.407359 11.879537 0
4.71 -9.36 3.05 22.29 2.73 45.407359 11.879537 0
6.6 -8.63 1.25 25.3 2.73 45.407359 11.879537 0
8.17 -9.45 6.12 20.96 2.73 45.407359 11.879537 0
4.74 -7.39 0.3 20.96 2.73 45.407359 11.879537 0
4.67 -7.69 1.54 21.35 2.73 45.407359 11.879537 0
7.59 -7.73 -0.44 21.27 2.73 45.407359 11.879537 0
6.53 -8.73 2.43 22.88 2.73 45.407359 11.879537 0
3.99 -5.3 2.58 23.36 2.73 45.407359 11.879537 0
6.06 -4.98 1.88 22.78 2.73 45.407359 11.879537 0
3.54 -6.23 3.19 22.31 2.73 45.407359 11.879537 0
4.8 -11.36 1.9 24.42 2.73 45.407359 11.879537 0
5.26 -7.01 3.96 21.81 2.73 45.407359 11.879537 0
4.88 -10.52 1.99 21.8 3.26 45.407372 11.879499 1
5.52 -4.78 1.58 21.88 3.26 45.407372 11.879499 0
6.26 -8.01 1.93 26.51 3.26 45.407372 11.879499 1
6.12 -5.95 0.77 21.85 3.26 45.407372 11.879499 0
4.24 -7.37 1.37 23.72 3.26 45.407372 11.879499 0
5.13 -8.54 1.05 23.5 3.26 45.407372 11.879499 0
6.37 -8.33 0.86 22.76 3.26 45.407372 11.879499 0
5.7 -8.21 1.33 21.9 3.26 45.407372 11.879499 0
5.49 -6.91 1.5 22.19 3.26 45.407372 11.879499 0
6.37 -11.18 3.54 25.78 3.26 45.407372 11.879499 0
3.85 -4.42 1.7 23.07 3.26 45.407372 11.879499 0
7.2 -10.17 3.94 22.21 3.26 45.407372 11.879499 0
6.72 -5.89 2.04 22.91 3.26 45.407372 11.879499 0
6.56 -11.07 1.0 22.69 3.26 45.407372 11.879499 0
4.55 -8.7 3.46 23.55 3.26 45.407372 11.879499 0
2.27 -8.21 3.06 22.86 3.26 45.407372 11.879499 0
4.84 -9.17 1.57 21.8 3.26 45.407372 11.879499 0
5.39 -7.08 2.91 21.54 3.26 45.407372 11.879499 0
6.01 -8.79 1.08 22.86 3.29 45.407374 11.879456 1
5.19 -10.59 3.95 23.2 3.29 45.407374 11.879456 0
7.87 -8.56 -1.62 23.56 3.29 45.407374 11.879456 1
