6.0 -7.67 2.06 21.33 2.7 45.407328 11.879753 1
6.31 -7.35 2.03 21.88 2.7 45.407328 11.879753 0
6.23 -7.61 1.86 21.9 2.7 45.407328 11.879753 0
5.76 -7.74 1.95 21.99 2.7 45.407328 11.879753 0
5.7 -7.92 2.05 22.26 2.7 45.407328 11.879753 0
5.39 -7.78 1.91 21.85 2.7 45.407328 11.879753 0
5.83 -7.33 1.61 22.04 2.7 45.407328 11.879753 0
6.26 -7.92 1.65 21.95 2.7 45.407328 11.879753 0
5.73 -8.37 1.53 21.85 2.7 45.407328 11.879753 0
5.81 -8.19 1.51 21.81 2.7 45.407328 11.879753 0
5.91 -7.44 1.96 22.02 2.7 45.407328 11.879753 0
5.79 -7.71 1.92 22.02 2.7 45.407328 11.879753 0
5.97 -6.95 1.89 22.29 2.7 45.407328 11.879753 0
6.05 -7.88 1.39 21.57 2.7 45.407328 11.879753 0
6.06 -8.2 1.51 21.68 2.7 45.407328 11.879753 0
5.72 -8.38 2.0 21.75 2.98 45.407332 11.879715 1
5.65 -7.62 1.77 21.37 2.98 45.407332 11.879715 0
5.68 -7.35 1.59 21.78 2.98 45.407332 11.879715 1
6.11 -8.0 1.25 21.13 2.98 45.407332 11.879715 0
5.81 -7.69 1.37 21.57 2.98 45.407332 11.879715 0
5.67 -7.73 1.74 21.63 2.98 45.407332 11.879715 0
5.7 -8.07 1.77 21.32 2.98 45.407332 11.879715 0
5.17 -8.02 1.48 22.16 2.98 45.407332 11.879715 0
5.58 -7.83 1.6 22.23 2.98 45.407332 11.879715 0
5.4 -6.8 2.23 22.05 2.98 45.407332 11.879715 0
6.92 -8.6 2.63 21.25 2.98 45.407332 11.879715 0
6.6 -7.93 2.48 21.44 2.98 45.407332 11.879715 0
6.16 -7.99 1.32 21.73 2.98 45.407332 11.879715 0
5.96 -8.11 1.1 23.02 2.98 45.407332 11.879715 0
5.39 -7.05 1.06 23.22 2.98 45.407332 11.879715 0
4.29 -5.85 1.12 25.02 2.98 45.407332 11.879715 0
6.5 -8.67 2.44 22.07 2.98 45.407332 11.879715 0
6.44 -10.05 -0.18 22.12 3.01 45.407339 11.879678 1
5.34 -10.12 2.44 21.83 3.01 45.407339 11.879678 0
6.28 -9.9 0.72 23.38 3.01 45.407339 11.879678 1
