5.57 -7.86 2.36 21.35
5.73 -7.95 1.64 22.35
5.11 -7.92 1.89 22.16
5.12 -7.93 1.71 23.34
6.00 -7.73 2.30 22.48
6.29 -7.58 2.48 22.55
6.37 -7.12 1.25 22.55
6.34 -7.37 1.51 22.98
6.02 -7.58 2.27 23.36
6.34 -7.48 2.06 22.33
5.98 -7.22 1.98 21.87
6.11 -7.66 2.02 22.33 2.28  45.406327 11.894075
5.90 -8.43 1.67 21.80
5.71 -8.08 1.67 22.29 2.28  45.406327 11.894075
5.47 -8.00 1.53 22.43
5.58 -7.64 1.44 22.29
5.60 -8.26 1.50 22.24
5.90 -7.94 1.78 22.59
6.27 -7.79 1.88 23.26
6.24 -7.67 1.56 22.55
6.00 -7.56 1.81 22.60
6.06 -7.97 1.53 22.50
6.35 -7.47 1.93 22.05
6.10 -7.94 2.01 22.50
5.96 -7.59 1.78 22.55
5.82 -7.71 1.92 22.19
5.74 -8.06 1.53 22.95
5.54 -8.01 1.87 21.85
6.00 -8.29 1.75 23.03 2.20  45.406337 11.894089
5.77 -7.99 1.64 22.90
6.14 -7.95 1.53 22.48 2.20  45.406337 11.894089
5.42 -7.80 1.82 22.90
6.25 -7.86 1.75 22.43
5.87 -7.91 1.97 21.87
6.13 -7.63 1.92 22.86
5.91 -8.23 1.71 21.93
6.01 -7.72 2.08 22.28
5.76 -7.92 1.81 22.81
5.43 -8.30 2.14 22.38
5.25 -7.95 1.97 22.54
5.49 -7.70 2.03 22.64
5.79 -7.80 1.91 23.07
5.54 -8.00 1.85 22.05
5.91 -7.85 1.83 22.04
5.98 -8.24 1.97 23.15
6.42 -7.17 2.10 22.28
5.97 -7.89 1.80 21.92 2.16  45.406347 11.894100
5.52 -7.86 1.33 22.36
5.89 -7.83 1.47 23.77 2.16  45.406347 11.894100
5.65 -7.87 1.38 23.75
5.61 -8.00 1.39 22.07
5.74 -7.81 1.58 22.07
5.55 -7.86 1.63 21.81
5.76 -8.26 1.88 21.90
5.69 -8.09 1.85 22.81
5.75 -7.78 1.86 22.09
5.85 -8.04 1.67 22.04
5.60 -7.63 1.89 24.68
5.96 -7.97 1.96 22.45
5.83 -8.08 1.84 22.05
5.43 -7.54 2.07 22.54
5.66 -7.96 1.76 22.09
5.73 -7.83 2.09 21.95
5.91 -8.14 2.24 21.73 2.64  45.406345 11.894134
5.82 -8.19 1.85 22.36
5.56 -8.09 1.77 22.88 2.64  45.406345 11.894134
5.60 -7.41 1.82 22.09
6.04 -8.09 1.89 21.87
5.73 -7.84 1.79 25.48
5.82 -8.20 2.00 21.76
6.12 -8.03 1.89 23.19
5.32 -7.97 1.71 21.97
5.97 -7.64 1.75 22.54
6.04 -8.21 1.64 22.84
5.86 -7.81 1.76 22.54
5.60 -7.84 1.59 23.32
5.74 -7.36 1.61 22.93
5.54 -8.15 1.87 22.04
6.19 -7.87 1.83 22.09
5.64 -7.77 1.77 22.43
5.66 -8.05 1.77 26.93
5.62 -7.87 1.78 22.43 2.20  45.406343 11.894158
5.55 -7.40 1.81 21.83
5.54 -9.75 1.55 22.54 2.20  45.406343 11.894158
6.13 -7.98 2.05 22.76
4.96 -7.63 1.78 21.93
5.56 -7.82 1.89 22.21
5.85 -7.67 1.77 25.48
5.63 -6.14 1.93 21.08
5.95 -9.10 1.95 21.59
5.61 -8.36 1.90 22.52
6.10 -8.41 1.77 22.47
4.77 -7.18 2.04 22.81
5.55 -6.99 1.93 23.31
6.65 -8.19 1.65 22.59
6.09 -7.64 1.77 21.13
6.56 -9.64 1.29 21.73
5.81 -9.35 1.79 22.48
5.92 -6.91 0.86 26.03 2.31  45.406344 11.894185
5.37 -7.48 1.88 22.91
5.61 -8.04 1.63 22.40 2.31  45.406344 11.894185
5.65 -8.74 1.57 21.93
5.43 -7.61 1.94 26.10
5.42 -7.93 1.50 21.97
5.89 -7.84 1.63 23.39
6.02 -7.42 2.05 22.50
5.70 -8.14 1.71 21.57
6.38 -7.50 1.77 23.77
6.16 -7.91 2.15 21.83
6.49 -8.02 1.51 22.28
5.88 -7.90 2.07 22.35
5.61 -6.41 2.54 22.21
5.83 -8.54 2.12 22.40
5.96 -8.02 2.11 22.04
5.58 -8.16 1.73 21.68
5.40 -7.59 1.60 22.35
5.69 -7.77 1.69 21.78 1.39  45.406350 11.894193
5.97 -7.80 1.85 21.42
6.42 -8.22 1.87 21.81 1.39  45.406350 11.894193
6.15 -7.47 1.74 23.17
5.86 -7.66 1.58 22.40
5.76 -7.36 1.62 22.28
6.34 -7.93 1.45 22.83
6.04 -7.64 1.96 22.83
5.90 -8.02 1.62 22.09
5.84 -7.88 1.76 22.50
5.63 -8.23 1.57 22.09
5.86 -7.85 1.86 22.16
5.84 -7.89 1.76 22.19
6.23 -7.87 1.69 24.22
5.97 -7.83 2.01 22.09
6.33 -7.75 1.61 21.64
6.04 -7.59 2.05 21.87
6.11 -8.03 1.84 22.40 1.22  45.406351 11.894206
6.08 -7.67 1.92 21.81
5.91 -7.93 1.94 22.17 1.22  45.406351 11.894206
5.68 -7.92 1.95 21.90
6.61 -8.34 1.96 22.35
5.25 -7.73 1.89 21.57
5.73 -7.61 1.63 22.54
6.05 -7.67 1.99 21.73
5.89 -7.96 2.04 21.42
5.84 -8.41 1.83 22.14
5.73 -7.24 1.59 22.21
5.87 -7.71 1.37 22.00
5.94 -8.18 1.37 21.47
6.53 -8.22 1.74 21.52
6.01 -7.72 1.55 22.07
5.61 -7.61 1.78 22.62
5.69 -7.79 1.69 22.00
5.70 -7.84 1.67 21.47
5.94 -8.41 1.81 21.40 0.79  45.406346 11.894215
5.79 -7.97 1.76 21.44
5.84 -7.92 1.79 21.57 0.79  45.406346 11.894215
5.71 -7.64 1.81 22.02
5.73 -7.97 1.73 21.88
6.38 -7.70 1.84 21.37
6.05 -7.83 1.72 21.42
5.95 -7.89 1.73 22.07
5.61 -7.79 1.81 22.60
5.88 -7.70 2.15 22.45
5.81 -8.33 2.08 22.45
5.88 -8.02 1.98 22.14
5.90 -8.30 1.91 22.62
5.83 -7.55 1.75 22.11
5.68 -8.26 2.09 22.09
6.04 -7.81 1.89 22.12
6.01 -7.97 1.70 23.10
5.78 -7.95 1.72 22.24 1.86  45.406346 11.894247
5.72 -7.56 1.95 22.00
5.82 -7.81 2.07 22.00 1.86  45.406346 11.894247
5.60 -7.90 1.70 22.40
5.63 -7.80 1.57 21.88
5.58 -7.91 1.80 21.87
5.60 -7.95 1.75 21.81
5.45 -7.97 1.65 23.99
5.59 -7.78 1.70 21.85
5.87 -7.76 1.68 22.05
5.88 -7.84 1.76 22.57
5.85 -7.88 2.10 22.59
5.67 -8.06 2.14 22.09
5.79 -7.84 2.26 22.96
5.48 -7.79 2.02 22.05
5.83 -8.00 1.75 22.04
5.67 -8.09 1.91 22.40
5.71 -7.50 2.05 22.33
5.67 -7.90 1.86 22.33 2.50  45.406348 11.894283
6.13 -7.71 1.81 21.92
5.84 -8.07 1.90 22.43 2.50  45.406348 11.894283
5.68 -7.86 1.73 22.38
5.75 -7.81 1.75 21.87
5.99 -8.04 1.74 21.87
5.80 -8.01 1.82 21.88
5.80 -7.96 1.78 22.09
5.67 -8.06 1.73 22.17
5.80 -7.83 1.90 22.21
5.82 -8.07 1.66 23.41
6.03 -7.99 1.77 22.14
5.71 -7.98 1.63 22.19
5.62 -7.99 2.00 22.14
5.61 -7.59 2.04 22.52
5.68 -8.11 1.98 22.00
5.83 -8.11 1.89 22.33
5.96 -7.79 1.82 21.93 2.91  45.406349 11.894322
5.54 -8.10 1.77 21.95
5.69 -7.65 1.61 22.07 2.91  45.406349 11.894322
5.14 -7.42 1.97 22.59
6.04 -8.43 2.11 22.14
5.96 -8.05 2.36 24.94
5.72 -7.46 1.74 22.50
5.48 -7.23 1.91 22.84
6.02 -7.06 1.85 23.03
6.76 -8.56 1.88 22.09
5.83 -8.14 1.42 21.93
5.89 -8.65 1.07 22.31
5.01 -7.22 1.78 21.93
5.63 -7.31 1.73 22.04
6.13 -8.05 2.00 21.63
6.03 -7.80 1.87 21.80
5.51 -8.69 1.58 21.68
5.80 -8.23 1.64 21.83
5.69 -7.87 1.98 22.09 1.83  45.406349 11.894344
5.61 -7.49 1.71 22.35
5.90 -7.66 1.74 21.78 1.83  45.406349 11.894344
6.19 -7.72 1.74 21.63
5.57 -8.36 1.87 21.97
6.03 -7.99 1.75 22.14
5.40 -8.16 1.81 21.63
5.31 -7.71 1.73 21.35
5.71 -8.26 1.95 22.19
6.19 -8.06 1.76 21.92
5.76 -8.08 2.09 22.19
5.77 -7.75 1.94 23.31
5.85 -6.94 2.28 23.96
5.57 -7.74 1.75 28.95
6.19 -8.59 1.56 21.99
5.56 -7.81 1.89 21.25
5.37 -8.89 1.79 21.11
5.82 -7.91 1.94 21.69 2.41  45.406350 11.894379
5.44 -7.28 1.81 22.54
4.92 -7.21 1.43 21.73 2.41  45.406350 11.894379
5.67 -6.55 1.27 21.08
10.36 -8.40 0.73 20.84
6.66 -12.01 2.57 21.99
5.96 -7.42 2.08 25.18
4.77 -7.00 1.68 25.67
2.66 -5.78 1.57 23.41
10.54 -9.39 7.83 21.52
5.41 -14.58 3.90 20.61
6.47 -11.81 2.55 21.57
4.80 -7.04 1.78 22.29
3.70 -3.30 1.78 23.89
6.25 -8.28 1.28 22.48
4.72 -4.68 1.72 20.51
8.39 -10.53 2.07 21.06
6.28 -8.45 1.32 21.08
4.55 -8.10 2.32 23.94 2.24  45.406351 11.894409
5.67 -6.81 1.81 24.15
5.40 -6.66 1.87 23.84 2.24  45.406351 11.894409
6.15 -8.98 1.85 23.60
4.88 -11.80 1.95 25.09
4.64 -6.86 1.73 21.75
6.01 -8.11 2.00 22.55
6.92 -6.42 2.50 19.67
6.37 -10.22 1.10 20.79
5.83 -7.76 0.76 22.33
4.67 -7.32 1.37 25.26
6.23 -5.71 2.31 23.10
4.91 -6.16 2.45 22.35
6.20 -10.53 1.10 22.74
6.03 -9.82 1.24 22.78
3.55 -6.69 1.41 22.93
6.24 -7.86 2.04 22.48
6.19 -6.86 2.05 21.28 2.73  45.406362 11.894448
6.56 -7.71 1.87 20.94
5.23 -9.85 1.92 24.44 2.73  45.406362 11.894448
6.39 -8.36 1.96 22.43
5.22 -5.22 1.96 22.71
6.17 -7.44 2.16 23.94
5.80 -7.49 2.06 22.24
5.63 -8.77 2.30 21.57
5.82 -8.02 1.67 21.57
5.20 -9.58 1.76 22.55
5.33 -7.02 1.34 22.79
4.90 -7.53 1.60 21.80
6.49 -7.47 1.40 21.52
6.50 -8.77 1.99 21.68
5.40 -8.30 1.98 21.99
5.28 -7.71 1.88 22.93
5.73 -7.15 1.32 23.22
6.26 -7.45 1.71 22.90
6.38 -8.37 1.72 22.57 2.59  45.406367 11.894482
5.91 -8.50 2.02 22.64
5.39 -7.59 1.88 22.59 2.59  45.406367 11.894482
5.59 -8.05 1.85 22.29
6.29 -7.78 1.81 22.64
6.05 -8.15 1.46 21.83
5.63 -8.36 1.64 22.93
5.51 -7.77 1.60 22.14
5.93 -7.59 1.99 24.37
5.84 -7.96 2.00 24.23
5.99 -7.99 1.78 22.59
5.74 -7.97 1.58 23.05
6.00 -8.16 1.58 22.62
5.65 -7.62 1.61 22.62
5.78 -7.93 1.76 22.24
5.75 -7.83 1.89 23.36
5.54 -7.86 2.06 22.33
6.31 -8.07 1.85 21.71 2.40  45.406371 11.894512
5.90 -8.02 1.66 22.81
5.67 -7.68 1.56 23.02 2.40  45.406371 11.894512
5.66 -7.82 1.71 22.14
5.82 -7.62 1.78 22.40
5.94 -7.91 1.73 21.83
5.66 -8.58 1.48 21.73
5.99 -7.91 1.58 23.00
5.77 -8.00 1.88 22.29
5.73 -7.59 2.22 22.57
5.99 -7.41 2.09 22.14
5.79 -7.77 1.80 22.59
6.06 -7.94 1.88 23.46
6.13 -8.08 1.74 22.76
5.84 -7.84 1.81 22.42
5.72 -7.89 1.63 22.72
5.72 -7.75 2.05 22.95
5.83 -8.09 1.98 21.83
6.17 -7.85 1.77 22.33 2.60  45.406373 11.894548
5.92 -8.24 1.63 21.90
5.81 -7.76 1.63 23.65 2.60  45.406373 11.894548
5.70 -7.70 1.73 22.35
5.61 -7.90 1.87 22.24
5.83 -8.11 1.76 22.16
5.67 -7.89 1.91 22.71
5.45 -7.99 1.76 22.33
5.32 -8.25 2.10 22.09
5.62 -7.96 1.67 22.09
5.88 -7.82 1.71 22.14
6.06 -7.92 1.70 21.59
6.18 -7.65 1.69 22.14
6.05 -7.81 1.59 23.56
6.08 -7.84 1.53 23.15
