7.05 -6.38 1.21 22.35
8.85 -8.22 0.00 21.52
6.65 -6.98 1.46 22.09 1.22  45.406303 11.893982
7.11 -7.43 1.64 22.24
6.13 -6.74 2.55 21.97 1.22  45.406303 11.893982
5.40 -7.24 2.04 22.04
5.37 -8.20 1.40 21.85
5.79 -8.54 1.47 22.19
6.01 -8.25 1.42 22.24
5.94 -7.74 1.68 22.40
5.34 -7.48 1.79 22.57
5.47 -8.35 1.41 22.43
5.37 -7.99 2.12 21.49
6.05 -8.25 1.05 22.45
6.39 -7.38 1.69 22.45
6.41 -6.61 1.70 22.14
6.37 -7.64 1.75 22.16
6.03 -7.30 1.69 22.04
5.77 -7.94 2.74 24.15
6.28 -7.84 2.24 22.38
6.31 -7.30 1.81 22.84 2.26  45.406306 11.893997
6.21 -7.45 2.04 22.57
5.24 -8.07 2.00 22.48 2.26  45.406306 11.893997
5.60 -8.51 1.58 22.84
5.53 -8.08 1.44 21.80
5.68 -7.84 1.83 21.90
5.94 -8.13 1.79 22.86
6.08 -7.77 1.43 21.99
5.97 -7.07 1.28 22.14
6.06 -7.69 1.52 21.99
6.42 -8.04 1.83 22.81
6.24 -7.47 2.00 22.14
5.96 -7.45 1.83 22.71
5.56 -7.91 1.92 21.78
5.82 -8.17 1.76 22.47
5.87 -8.28 1.65 24.70
5.58 -8.48 1.39 22.28
5.83 -7.87 1.64 22.14 1.67  45.406312 11.894011
5.65 -7.71 1.97 22.47
5.71 -7.84 1.78 21.99 1.67  45.406312 11.894011
6.07 -8.05 2.02 22.28
5.95 -7.84 1.85 21.78
5.74 -7.50 2.23 22.31
5.76 -7.91 1.71 23.27
5.90 -7.45 1.89 22.36
5.98 -8.21 1.90 22.33
6.06 -7.83 1.78 22.45
5.79 -8.17 1.92 22.60
5.64 -8.05 1.50 22.52
5.69 -7.80 1.62 22.24
5.72 -7.78 1.62 22.09
5.59 -8.02 1.87 22.43
5.99 -7.94 2.07 22.84
5.85 -8.21 1.61 21.80
5.78 -7.81 1.68 23.17
5.99 -7.97 1.84 22.86 2.58  45.406315 11.894038
5.94 -7.71 1.82 22.38
5.70 -7.65 1.99 22.38 2.58  45.406315 11.894038
5.77 -8.18 1.46 21.88
5.89 -8.05 1.21 23.31
5.49 -8.00 1.87 21.88
5.93 -7.92 1.45 21.97
5.76 -7.95 1.58 23.36
6.02 -7.80 2.05 22.60
5.74 -7.79 1.71 22.60
5.96 -8.00 1.70 21.99
5.83 -7.70 1.70 22.86
6.29 -7.86 2.00 22.04
5.71 -8.18 1.66 23.43
5.55 -7.78 1.58 26.07
5.53 -7.83 2.28 23.36
5.56 -7.47 2.21 22.35
5.73 -8.31 1.89 22.79 2.28  45.406311 11.894064
5.67 -8.39 1.77 23.02
5.92 -7.82 1.82 22.54 2.28  45.406311 11.894064
5.85 -7.81 1.72 22.42
5.74 -8.07 1.71 23.17
6.22 -8.25 1.67 21.49
5.70 -8.32 2.01 23.43
5.68 -8.09 1.97 22.79
5.96 -7.69 1.62 22.38
5.95 -7.74 2.23 22.86
6.16 -8.18 1.84 22.29
5.70 -8.02 1.38 22.84
5.93 -7.87 1.49 22.88
5.54 -8.02 1.75 22.14
5.54 -7.46 1.60 23.00
6.08 -8.18 1.67 22.04
5.97 -8.23 1.63 21.90
6.09 -7.63 1.59 23.63
5.88 -8.22 1.75 21.95 1.00  45.406316 11.894072
6.00 -7.69 1.83 21.81
5.79 -6.72 2.05 21.76 1.00  45.406316 11.894072
6.68 -9.17 2.01 23.72
5.78 -8.50 1.99 21.78
5.58 -7.24 2.05 22.38
5.61 -7.77 2.08 22.12
5.79 -7.80 1.98 21.81
5.82 -7.04 2.06 22.04
6.07 -8.81 1.65 21.78
5.59 -7.72 1.90 21.78
6.69 -8.69 1.63 22.78
4.94 -7.25 1.71 23.38
5.56 -7.42 1.65 22.86
6.59 -7.97 1.81 22.79
6.22 -7.52 1.62 21.68
6.51 -8.09 1.74 22.05
6.31 -9.74 1.77 22.66 1.54  45.406317 11.894092
5.85 -6.77 1.04 22.59
5.57 -7.55 1.65 22.09 1.54  45.406317 11.894092
5.80 -7.84 1.87 22.31
5.71 -8.48 1.92 22.33
5.66 -8.07 1.33 21.57
5.65 -7.86 1.94 22.24
5.92 -7.86 1.57 22.21
6.02 -7.34 1.95 22.91
5.09 -8.25 1.76 21.87
6.63 -7.40 1.40 21.88
6.11 -8.29 1.99 22.14
5.73 -7.64 2.07 23.10
5.80 -8.28 2.11 22.86
5.65 -6.71 1.77 22.29
5.59 -8.32 1.76 22.42
6.08 -8.42 1.70 21.42
5.80 -8.17 1.80 21.83
5.47 -7.92 1.69 22.40 2.06  45.406316 11.894118
5.71 -7.85 1.59 22.19
6.06 -7.56 1.62 21.87 2.06  45.406316 11.894118
6.26 -8.03 1.96 21.83
6.28 -7.87 1.69 21.90
5.80 -7.63 1.72 21.90
6.02 -7.52 1.60 21.83
5.96 -7.84 1.50 21.87
6.10 -7.95 1.56 22.50
5.94 -7.99 1.79 22.47
5.74 -7.76 1.55 22.52
5.51 -7.79 1.87 22.09
5.77 -8.24 1.51 22.02
5.94 -7.91 2.06 22.04
5.77 -7.80 1.99 22.47
5.86 -7.61 1.97 21.63
5.87 -7.96 1.71 21.81
6.10 -7.73 1.69 21.93 1.73  45.406313 11.894140
5.99 -7.71 1.68 21.63
5.96 -7.93 1.85 22.36 1.73  45.406313 11.894140
5.63 -7.97 2.06 22.23
5.65 -7.70 1.68 21.42
5.83 -7.95 1.91 23.44
5.75 -7.77 1.83 22.48
5.66 -8.14 1.86 22.81
5.63 -7.68 1.69 22.42
6.15 -8.12 1.63 21.51
6.12 -7.64 1.80 21.56
5.90 -7.81 1.76 21.57
5.80 -7.54 1.84 22.09
6.08 -7.84 1.56 22.00
5.90 -7.59 1.86 21.57
6.32 -7.95 1.46 21.63
6.00 -8.06 1.64 21.97
5.75 -7.79 1.60 21.64
5.61 -8.13 1.73 21.99 1.55  45.406301 11.894168
5.61 -7.91 1.70 21.47
5.92 -8.02 1.78 21.83 1.55  45.406301 11.894168
5.80 -7.91 1.51 21.44
6.01 -7.97 1.80 21.59
5.59 -7.50 1.63 21.42
6.08 -7.53 1.85 21.71
6.39 -8.11 1.85 21.81
5.85 -7.71 1.81 21.99
6.00 -7.86 2.00 22.04
5.75 -7.65 1.95 22.66
5.96 -7.81 1.95 22.11
5.86 -7.76 1.98 22.48
5.49 -8.08 1.90 22.55
6.29 -8.01 1.96 22.55
6.12 -7.61 1.80 22.52
5.87 -7.60 2.02 23.26
6.15 -7.83 2.07 21.95 1.78  45.406300 11.894196
6.12 -7.53 1.84 22.90
6.27 -8.02 1.83 21.99 1.78  45.406300 11.894196
5.81 -7.63 1.69 23.27
6.04 -8.04 1.73 22.35
5.95 -7.57 1.93 22.43
5.72 -7.91 1.55 22.40
5.71 -8.05 1.70 21.90
5.71 -8.14 1.70 22.24
5.59 -7.84 1.58 21.99
5.77 -8.22 1.78 22.04
5.63 -7.53 1.84 22.47
5.76 -7.65 2.01 22.04
5.85 -7.84 2.12 22.04
6.14 -7.57 2.12 22.09
5.94 -7.76 1.97 22.09
5.90 -7.81 2.04 21.90
5.73 -7.81 1.95 21.92
5.88 -7.84 1.99 21.90 1.14  45.406295 11.894219
5.94 -7.97 2.16 22.79
5.83 -8.11 1.51 22.36 1.14  45.406295 11.894219
5.61 -8.16 2.12 22.45
5.64 -7.60 2.15 22.02
5.89 -8.22 2.06 21.63
5.91 -7.61 2.02 22.43
6.15 -7.59 1.50 22.50
6.16 -7.73 1.44 22.14
6.07 -7.98 1.81 22.14
5.33 -7.95 2.22 22.14
5.87 -8.04 1.93 22.05
5.84 -7.63 1.61 22.16
5.87 -8.24 1.47 22.24
5.73 -7.63 1.39 22.19
5.84 -8.06 1.44 22.11
5.85 -8.01 1.70 21.95
5.64 -8.26 1.71 21.87 2.42  45.406293 11.894251
5.74 -8.02 1.89 22.40
5.82 -7.89 1.78 22.35 2.42  45.406293 11.894251
6.02 -7.95 1.64 21.90
5.44 -7.57 1.69 22.38
5.72 -7.71 1.95 22.02
5.74 -8.11 2.05 22.74
5.81 -7.61 1.81 21.93
5.71 -8.13 1.93 21.88
5.65 -7.66 1.77 22.48
5.61 -7.91 2.02 22.09
5.82 -7.75 1.67 22.48
5.83 -8.07 1.93 21.95
5.73 -7.85 2.13 22.09
5.82 -8.17 2.12 22.50
5.53 -7.69 1.81 22.55
5.71 -8.25 1.79 22.11
5.91 -7.66 1.51 21.83
5.99 -8.02 1.55 21.90 2.46  45.406291 11.894286
5.63 -8.39 1.51 23.70
5.80 -7.44 1.66 22.64 2.46  45.406291 11.894286
5.61 -8.05 2.04 22.67
5.66 -7.39 1.92 21.52
5.69 -8.21 0.79 21.52
6.45 -8.36 1.66 21.87
5.45 -8.08 1.32 21.92
5.96 -7.87 1.86 22.14
5.74 -8.02 1.77 22.14
5.58 -7.48 1.75 22.19
5.40 -8.05 1.83 21.95
6.30 -7.66 1.60 21.95
4.93 -8.66 1.76 21.83
5.52 -7.54 1.89 21.73
5.74 -7.76 1.89 22.55
5.41 -7.59 1.83 22.40
5.63 -8.05 1.85 21.85 2.13  45.406298 11.894319
5.07 -7.26 1.73 22.02
5.63 -8.00 2.37 22.28 2.13  45.406298 11.894319
5.43 -7.89 1.63 22.00
5.52 -7.66 1.65 21.37
5.26 -7.21 1.49 21.88
3.91 -4.77 0.54 20.72
7.86 -8.74 2.67 20.55
8.59 -10.49 2.15 22.84
3.63 -6.75 1.80 25.54
4.82 -5.87 1.98 26.50
3.45 -0.57 0.40 22.45
4.56 -12.11 -0.64 20.80
6.40 -16.85 1.88 20.46
5.08 -7.46 1.56 21.57
3.03 -5.17 2.29 25.54
6.84 -7.70 2.61 22.29
5.03 -4.64 0.34 21.15
8.04 -8.66 2.21 22.07 2.67  45.406307 11.894359
7.37 -9.82 1.51 21.21
4.73 -6.97 2.55 22.86 2.67  45.406307 11.894359
5.46 -6.60 1.46 26.79
3.72 -4.17 1.76 23.96
9.71 -7.28 1.70 23.22
5.27 -13.18 1.67 23.31
5.84 -8.84 1.79 23.46
4.91 -8.18 1.56 20.72
3.89 -5.17 2.16 20.87
7.33 -11.17 -0.27 22.11
6.75 -7.12 2.69 22.29
4.21 -6.82 2.15 24.11
5.97 -6.10 0.85 23.92
3.53 -6.44 2.52 23.51
6.18 -10.73 -0.75 22.84
7.21 -8.52 2.04 22.26
4.15 -6.67 1.99 22.11 2.57  45.406315 11.894403
6.34 -9.05 1.73 21.71
6.19 -7.01 1.72 21.97 2.57  45.406315 11.894403
7.49 -7.73 2.19 20.97
5.24 -9.47 2.33 21.40
6.98 -6.67 1.85 22.36
4.40 -6.26 1.42 22.79
5.43 -7.08 1.45 22.79
5.64 -8.34 2.13 21.63
5.91 -8.30 2.12 21.68
5.93 -10.36 0.92 21.88
5.34 -6.75 1.53 21.95
5.08 -7.16 1.65 21.90
6.20 -7.49 1.87 21.18
6.08 -9.08 1.80 21.59
5.48 -8.31 1.52 22.26
5.55 -8.22 1.44 22.42
5.71 -6.72 1.64 22.28
6.24 -7.54 1.84 22.21 2.37  45.406320 11.894440
6.36 -8.04 1.59 23.17
5.90 -8.42 1.72 22.29 2.37  45.406320 11.894440
5.00 -7.78 1.95 22.86
5.75 -8.45 1.73 21.95
6.43 -8.10 1.90 22.26
5.77 -7.75 2.06 21.88
5.80 -8.12 1.93 22.76
5.99 -7.77 1.90 22.66
5.52 -7.68 1.72 22.74
6.07 -8.01 1.92 22.86
5.54 -7.86 2.00 22.11
6.05 -7.96 1.64 22.45
6.00 -8.48 2.05 22.04
5.67 -8.25 1.89 22.14
5.28 -7.31 1.85 22.52
5.82 -7.99 1.70 21.92
6.22 -7.92 1.79 22.76 2.13  45.406317 11.894474
5.89 -8.25 1.78 22.48
5.49 -7.72 1.83 24.87 2.13  45.406317 11.894474
5.54 -7.78 1.73 22.95
5.88 -7.88 1.79 22.33
5.80 -7.84 1.80 22.19
5.81 -8.03 1.67 21.78
5.86 -7.73 1.87 22.24
5.56 -8.00 1.83 22.38
5.88 -7.64 1.59 22.67
5.82 -7.88 1.64 22.69
6.01 -7.64 1.70 23.07
5.93 -8.01 1.56 22.29
5.99 -8.09 1.87 22.31
5.61 -7.86 1.90 22.78
5.74 -7.91 1.67 22.62
5.88 -8.14 1.72 22.04
5.85 -8.11 1.66 22.29
5.73 -8.12 1.77 21.88 2.23  45.406314 11.894509
5.23 -8.08 1.81 21.99
