6.08 -7.56 1.59 22.67
6.44 -7.98 1.41 21.93
5.70 -7.87 1.53 24.18
5.41 -7.69 1.47 22.36
5.09 -8.24 1.59 23.29
5.37 -8.19 2.06 21.88
5.89 -7.63 1.94 22.86
6.31 -7.10 1.92 22.12
6.25 -7.42 2.04 22.95
6.06 -7.52 2.24 22.40
5.49 -7.66 2.21 21.54
6.12 -7.84 2.22 22.42
6.38 -7.41 1.93 22.66
6.03 -7.91 2.12 22.54 2.05  45.406315 11.894002
5.88 -7.94 2.00 22.28
5.69 -7.79 1.88 22.26 2.05  45.406315 11.894002
5.73 -8.01 1.48 22.33
5.45 -8.13 1.98 22.35
5.82 -8.14 1.90 21.93
5.90 -7.78 1.89 21.87
6.26 -7.48 1.85 22.02
5.90 -7.58 2.11 22.40
6.07 -7.69 1.95 22.40
5.81 -7.71 1.89 21.88
6.39 -8.03 1.77 23.82
5.99 -7.84 1.67 22.47
5.82 -7.49 1.73 22.54
5.66 -7.70 1.91 22.60
5.54 -8.12 1.65 22.91
5.87 -8.24 1.50 22.55
5.56 -8.09 1.39 22.35
5.60 -7.55 1.94 23.24 2.08  45.406323 11.894021
5.82 -7.73 1.82 22.84
6.29 -7.88 1.59 22.31 2.08  45.406323 11.894021
6.11 -8.05 2.13 23.19
6.09 -8.14 1.67 22.91
5.90 -7.73 1.58 22.54
5.98 -7.68 1.75 21.75
5.86 -7.77 1.62 21.99
6.18 -7.89 2.18 22.14
5.74 -8.05 2.04 22.09
5.65 -7.88 1.64 26.15
5.41 -7.79 1.56 22.55
5.78 -7.70 2.03 22.91
5.95 -8.01 2.16 22.42
6.02 -8.05 1.83 22.83
5.76 -7.50 2.07 22.93
6.15 -7.96 1.91 22.45
5.88 -7.63 1.53 23.31 2.35  45.406336 11.894039
5.71 -7.54 1.36 22.76
5.98 -7.62 1.57 23.08
5.80 -8.23 1.82 21.81 2.35  45.406336 11.894039
5.96 -7.43 1.95 22.79
5.45 -7.81 1.62 21.95
5.55 -7.37 1.70 21.95
5.83 -7.62 1.70 21.95
6.10 -8.34 1.57 22.42
5.90 -7.50 1.63 22.60
5.92 -7.51 2.29 24.64
5.78 -8.07 1.67 22.88
6.10 -7.55 1.97 26.93
6.23 -7.77 1.58 23.07
5.70 -7.80 1.87 23.00
5.81 -7.96 2.00 22.48
5.78 -7.98 1.61 21.99
5.77 -8.17 2.03 22.71
5.56 -7.89 1.95 22.90 2.27  45.406346 11.894061
5.87 -8.03 1.81 22.43
5.74 -7.86 1.70 21.95 2.27  45.406346 11.894061
6.15 -8.19 1.86 22.38
5.94 -7.60 1.57 23.50
6.31 -8.00 1.90 22.45
6.07 -7.67 1.80 22.91
5.88 -7.16 1.79 22.60
5.92 -8.13 1.61 22.05
5.94 -7.78 1.68 23.63
5.82 -8.28 1.64 22.86
5.84 -7.91 1.86 22.91
5.43 -7.88 1.68 22.09
5.95 -8.05 1.59 22.50
5.60 -7.62 1.77 27.77
5.98 -7.77 1.96 23.07
5.95 -7.92 2.08 21.92
5.55 -7.44 2.14 21.93
5.91 -7.97 1.68 21.87 2.33  45.406345 11.894087
6.17 -7.79 2.14 22.79
6.03 -8.01 1.97 23.68 2.33  45.406345 11.894087
5.91 -8.09 2.15 22.35
5.49 -7.68 1.92 22.23
5.08 -7.38 2.41 22.59
6.95 -8.12 1.92 22.24
5.78 -7.76 1.94 22.69
5.62 -7.86 1.74 23.19
5.53 -7.85 1.96 23.48
5.28 -6.69 1.70 22.76
6.81 -9.96 1.92 21.73
6.30 -7.65 1.99 21.59
6.71 -7.75 2.02 22.72
5.72 -6.74 2.08 22.86
5.19 -7.24 1.46 25.04
6.57 -7.46 1.55 22.90
5.49 -8.25 1.67 21.51 1.57  45.406346 11.894108
6.51 -9.56 1.50 22.35
5.20 -9.05 2.29 21.93 1.57  45.406346 11.894108
5.67 -7.10 1.69 22.45
5.26 -7.25 2.40 21.90
6.45 -7.58 1.82 21.80
6.39 -8.34 1.99 21.80
6.06 -7.72 1.87 21.95
5.75 -8.04 2.09 22.05
5.94 -7.81 1.80 22.60
5.02 -7.36 1.89 22.88
6.43 -7.99 1.93 22.36
5.73 -8.26 1.70 22.19
5.77 -8.26 1.98 22.19
5.96 -8.01 2.15 22.78
5.47 -7.11 1.72 24.75
6.21 -7.92 1.90 22.29
6.24 -8.15 1.70 22.95
6.07 -7.89 1.93 21.73 1.88  45.406345 11.894129
5.74 -7.87 1.78 21.90
5.57 -7.60 1.91 22.29 1.88  45.406345 11.894129
5.95 -7.75 1.64 21.76
5.75 -8.21 1.94 22.71
5.85 -7.66 1.78 21.93
5.64 -7.70 1.92 22.23
5.76 -8.08 1.93 21.99
6.16 -7.91 1.61 22.55
6.05 -7.51 1.57 22.14
5.93 -7.72 2.22 22.09
5.97 -7.98 1.77 22.11
5.80 -7.71 2.19 22.07
5.98 -7.82 2.01 22.09
5.79 -8.14 2.20 23.31
5.81 -7.77 2.14 22.04
5.78 -7.82 1.95 21.95
5.84 -7.91 1.96 22.36 1.52  45.406341 11.894151
5.57 -7.77 1.82 21.97
6.05 -7.80 1.79 21.99 1.52  45.406341 11.894151
5.57 -7.66 1.82 22.71
5.80 -8.10 1.87 21.93
5.81 -7.56 1.80 21.93
5.90 -7.44 1.57 22.04
6.08 -7.90 1.49 22.04
5.93 -7.79 1.87 22.04
5.69 -7.88 1.85 21.88
6.05 -7.79 1.92 21.54
5.91 -8.15 1.56 21.61
5.84 -7.64 1.62 22.14
5.47 -7.81 1.67 22.09
5.72 -7.98 1.65 21.59
6.08 -7.76 1.84 22.05
5.80 -7.88 1.46 21.57
5.99 -7.73 1.90 21.57
5.83 -7.74 1.88 21.88 1.37  45.406327 11.894168
6.22 -7.60 1.73 21.83
5.71 -8.22 1.98 21.37 1.37  45.406327 11.894168
5.79 -7.91 2.04 21.42
5.71 -7.99 1.73 21.52
5.44 -7.47 1.82 21.88
5.77 -8.05 2.07 21.27
5.85 -7.93 1.89 21.71
6.10 -7.82 1.97 22.29
5.81 -7.76 2.02 22.72
5.48 -6.88 1.97 23.12
6.08 -8.05 1.68 22.50
6.25 -7.89 1.86 22.04
5.99 -8.11 1.81 22.12
6.07 -7.95 1.91 22.60
5.67 -7.70 2.15 22.14
5.94 -8.24 1.66 22.04
5.69 -7.88 1.70 22.90 1.66  45.406317 11.894193
5.16 -7.82 1.67 22.04
6.05 -7.93 1.69 22.45 1.66  45.406317 11.894193
5.74 -7.73 1.82 22.33
5.62 -7.60 1.73 22.38
6.07 -7.89 1.81 21.52
5.99 -7.89 1.68 21.73
6.12 -8.09 1.61 21.83
5.94 -7.88 1.96 22.35
5.60 -7.60 2.07 22.04
5.80 -7.66 2.13 22.09
5.76 -7.79 1.69 22.90
5.78 -7.84 1.91 22.55
5.55 -8.05 1.92 22.21
5.53 -7.60 1.84 22.12
5.66 -7.89 1.83 22.00
6.00 -8.01 1.76 22.74
5.64 -8.23 1.98 22.35
5.69 -7.71 1.42 22.04 1.63  45.406313 11.894215
5.84 -7.93 1.43 22.04
5.87 -7.62 1.97 22.00 1.63  45.406313 11.894215
5.71 -8.04 1.92 22.04
6.16 -7.72 1.95 21.99
5.81 -7.68 1.90 22.40
5.62 -8.15 1.69 21.97
5.74 -8.06 1.66 22.28
6.02 -8.10 1.77 22.45
5.85 -8.00 1.87 22.55
5.57 -7.90 1.81 22.14
5.65 -8.21 1.96 22.14
5.84 -7.97 1.71 22.07
5.65 -8.11 1.71 22.09
5.73 -8.22 1.98 22.04
5.49 -7.85 2.12 22.09
5.36 -7.99 2.18 21.44
5.55 -8.01 1.96 21.85 2.36  45.406312 11.894249
6.12 -7.81 1.58 21.93
5.70 -7.86 1.79 21.99 2.36  45.406312 11.894249
5.42 -8.16 2.15 22.00
5.50 -8.11 2.52 21.88
5.53 -7.90 2.04 22.69
5.62 -7.82 1.73 21.99
5.47 -7.45 1.48 21.88
5.82 -8.39 1.96 21.90
6.64 -7.81 1.79 22.09
5.24 -7.80 2.11 24.27
6.16 -8.09 1.64 22.60
6.02 -7.47 2.04 22.57
5.64 -6.92 1.40 21.69
5.95 -9.82 2.14 22.09
5.75 -7.36 1.14 21.99
5.18 -8.19 1.19 21.76
5.89 -8.22 2.00 21.73
6.07 -7.89 1.98 21.95 2.65  45.406318 11.894288
5.74 -7.77 1.63 21.88
5.11 -7.69 1.49 22.19 2.65  45.406318 11.894288
6.09 -7.77 1.18 22.00
6.39 -7.96 1.59 21.33
6.32 -8.06 1.61 22.09
5.65 -8.24 1.34 21.63
5.42 -7.40 1.18 21.92
6.03 -8.02 1.34 21.80
6.00 -8.12 2.05 21.44
5.61 -8.04 2.11 22.90
5.65 -7.73 1.58 21.93
5.88 -7.13 1.75 22.36
5.80 -7.69 1.66 22.81
5.85 -8.36 2.15 21.99
5.28 -8.23 1.13 22.96
5.50 -8.57 2.00 21.78
5.68 -8.24 2.15 21.45 2.03  45.406319 11.894319
5.40 -7.59 1.98 21.71
5.06 -7.25 1.57 22.29 2.03  45.406319 11.894319
5.18 -4.62 1.47 20.46
8.79 -8.72 1.79 20.61
7.21 -11.22 1.92 21.76
4.54 -6.87 2.66 26.02
4.18 -6.16 1.54 26.39
1.43 -3.67 1.87 24.35
1.51 -9.99 -1.39 20.92
4.13 -16.00 4.72 20.46
6.78 -9.70 0.21 21.35
3.81 -7.37 2.24 21.56
5.98 -4.16 1.01 22.07
6.62 -5.43 1.16 21.44
6.68 -6.36 2.23 20.44
7.82 -10.73 1.99 20.84
5.49 -8.25 1.67 22.36
3.81 -6.57 1.78 25.52 1.85  45.406320 11.894349
3.66 -3.51 1.69 23.74
8.26 -6.30 3.27 23.15 1.85  45.406320 11.894349
5.01 -12.19 1.99 22.88
5.61 -9.55 1.80 22.38
5.00 -7.27 1.19 21.28
5.91 -6.59 1.50 20.68
9.69 -9.27 0.97 20.73
6.68 -8.03 1.79 23.02
4.41 -7.73 1.88 23.84
4.87 -6.85 1.41 22.81
4.56 -5.74 2.32 22.38
6.69 -9.80 1.92 21.88
7.21 -8.16 1.98 23.51
5.32 -7.42 1.71 22.91
5.02 -7.11 1.22 22.55
6.20 -8.86 1.33 21.68
7.31 -7.10 2.14 21.11 2.46  45.406324 11.894386
5.56 -8.43 2.01 21.52
6.10 -8.54 2.19 22.40 2.46  45.406324 11.894386
5.06 -6.68 2.04 22.64
4.75 -7.75 1.80 22.69
5.92 -8.34 1.59 23.05
5.97 -8.18 1.70 21.18
6.00 -7.52 1.78 21.49
5.33 -9.42 1.47 22.24
5.15 -7.24 1.99 22.21
5.19 -8.10 1.48 21.78
6.24 -7.31 2.07 21.52
6.37 -8.37 1.98 22.19
5.69 -8.17 1.87 22.45
5.32 -7.55 1.67 23.32
5.30 -6.78 1.62 22.35
6.33 -8.16 2.08 22.45
6.68 -8.52 1.67 22.19
5.54 -8.09 1.59 22.71 2.45  45.406331 11.894423
5.32 -7.93 1.85 22.14
5.90 -8.09 1.61 21.92 2.45  45.406331 11.894423
6.27 -7.84 1.61 23.58
6.21 -8.10 1.80 22.90
5.26 -7.95 1.91 22.09
5.57 -7.80 1.84 22.54
5.94 -7.86 1.48 22.74
6.02 -7.91 1.87 22.16
6.05 -7.78 1.62 22.93
5.67 -8.36 1.69 22.19
5.60 -7.65 1.92 23.05
5.77 -7.89 1.94 22.60
5.80 -7.82 1.67 22.57
5.83 -8.03 1.77 22.45
5.81 -8.40 1.80 21.97
5.84 -7.87 1.84 21.97
5.66 -7.96 1.61 22.40 1.04  45.406332 11.894445
5.65 -7.87 2.08 22.54
5.80 -7.82 1.80 21.99 1.04  45.406332 11.894445
5.50 -7.69 1.75 22.26
5.74 -8.57 1.63 21.73
6.11 -7.81 1.87 21.71
5.56 -8.23 1.77 22.98
5.54 -7.79 2.04 21.87
5.87 -7.78 1.85 23.46
5.94 -7.83 2.00 22.24
5.94 -7.51 1.80 23.15
6.04 -8.08 1.80 22.35
5.97 -7.99 1.77 22.31
5.66 -7.89 2.10 22.71
5.80 -8.03 1.82 22.57
5.83 -8.17 1.84 22.45
5.86 -8.04 1.83 21.78
5.95 -8.26 1.63 21.92
5.73 -7.87 1.79 21.97 1.66  45.406326 11.894468
5.55 -8.08 1.58 21.87
