6.09 -7.57 1.43 21.69 2.08  45.406279 11.893992
5.79 -7.63 1.70 22.14
5.77 -7.36 2.29 21.97
6.20 -7.68 2.32 22.24
6.92 -7.69 2.01 21.80 2.08  45.406279 11.893992
6.40 -7.64 1.67 22.74
5.94 -7.60 1.56 22.90 2.08  45.406279 11.893992
5.29 -8.02 1.91 22.81
5.63 -8.01 1.70 24.03
5.57 -8.35 1.69 22.23
5.15 -8.43 1.71 21.47
5.00 -8.45 2.01 21.93
6.18 -7.57 1.52 24.52
5.84 -7.64 1.47 22.14
6.05 -8.06 1.44 22.45
6.23 -7.96 1.57 22.90
6.30 -7.86 1.17 22.98
5.70 -7.52 1.56 24.28
5.79 -7.98 1.78 22.36
5.73 -8.15 1.66 21.90
5.83 -8.23 1.87 21.88
5.88 -8.06 1.87 22.59
5.80 -7.81 1.89 23.19 2.53  45.406278 11.894013
5.78 -7.48 1.78 22.00
5.58 -7.76 2.05 22.45 2.53  45.406278 11.894013
6.28 -8.15 1.21 44.06
5.83 -8.06 1.82 22.69
6.20 -7.97 1.76 22.09
5.53 -7.76 2.04 22.40
5.73 -8.04 1.88 21.99
5.51 -8.15 2.19 22.50
6.09 -7.90 1.93 22.50
5.87 -8.24 1.60 22.95
5.74 -7.66 1.91 22.60
5.64 -7.64 2.12 22.11
5.87 -7.77 2.21 22.45
5.73 -8.36 1.87 22.45
5.59 -8.03 1.97 22.04
5.52 -7.71 1.75 21.80
5.91 -8.04 1.27 22.31 2.45  45.406285 11.894037
6.25 -7.85 1.88 21.93
6.01 -7.69 1.94 25.76 2.45  45.406285 11.894037
6.19 -7.65 1.68 22.90
6.12 -7.93 1.65 22.55
5.66 -7.74 1.57 22.14
5.74 -8.06 1.60 22.07
5.93 -7.71 1.72 22.48
5.81 -8.11 1.60 22.81
5.77 -7.87 1.57 22.57
5.86 -8.10 1.27 22.21
5.71 -7.37 1.59 22.14
5.79 -7.63 1.85 22.00
6.16 -7.71 1.72 21.95
6.00 -7.84 1.73 22.45
5.80 -7.70 1.84 23.46
5.43 -7.77 1.81 22.90
5.84 -7.54 1.58 21.93
5.94 -8.01 1.59 21.78 1.72  45.406283 11.894056
6.01 -8.34 2.09 22.84
5.76 -7.89 1.85 22.48 1.72  45.406283 11.894056
5.38 -7.68 1.72 22.55
5.69 -7.89 2.08 22.96
5.82 -7.91 1.63 21.95
6.18 -7.68 1.56 22.31
6.16 -8.12 1.77 22.35
6.02 -7.69 1.57 26.36
5.89 -7.66 1.80 22.04
5.95 -7.87 1.66 22.78
5.82 -8.20 1.76 22.36
6.12 -7.88 1.85 22.05
5.67 -7.90 1.65 22.50
5.55 -7.21 1.41 22.43
6.17 -8.26 1.95 21.64
5.37 -7.63 2.22 21.80
5.78 -7.66 1.91 23.92 2.14  45.406278 11.894077
5.97 -8.14 1.36 22.04
5.77 -7.65 1.62 22.76 2.14  45.406278 11.894077
6.07 -8.45 1.42 23.80
6.13 -6.79 2.00 23.55
6.10 -8.02 1.24 22.42
4.64 -7.59 1.54 22.16
6.49 -7.99 1.67 21.85
5.74 -7.12 1.78 21.59
6.40 -8.83 2.04 24.90
4.73 -7.61 1.79 22.57
4.65 -5.79 2.28 23.38
5.98 -8.05 1.95 21.52
6.35 -8.62 1.69 22.79
6.95 -9.55 1.78 24.03
4.90 -6.63 1.92 24.88
5.48 -5.64 1.89 22.42
5.78 -8.88 1.78 22.42
6.74 -7.36 1.57 23.07 1.47  45.406277 11.894098
6.14 -8.64 1.19 21.92
5.39 -8.02 1.38 22.04 1.47  45.406277 11.894098
5.18 -7.83 1.54 22.42
5.71 -7.80 1.73 21.93
5.65 -7.84 2.03 21.93
6.14 -8.34 1.89 22.35
4.84 -7.18 2.21 21.88
6.54 -8.05 1.65 22.29
5.93 -7.70 2.04 21.64
5.99 -7.87 1.95 24.27
6.23 -8.34 2.01 23.12
5.35 -6.96 1.93 23.43
6.02 -8.21 1.83 22.86
5.81 -7.66 2.06 23.70
5.89 -8.62 2.29 21.42
5.88 -8.68 1.86 22.12
5.66 -8.10 1.59 21.99 1.69  45.406272 11.894120
5.84 -7.86 1.59 21.95
6.00 -7.41 1.43 22.31 1.69  45.406272 11.894120
5.87 -7.72 1.78 21.93
6.27 -7.97 1.86 22.69
5.74 -7.89 1.79 24.08
6.03 -7.56 1.84 21.95
5.93 -8.25 1.95 21.90
5.80 -8.01 1.79 22.11
5.86 -7.85 1.61 22.66
5.79 -7.70 1.55 22.93
5.64 -8.17 1.71 24.59
6.22 -8.07 1.84 22.96
5.97 -8.00 1.67 22.04
5.78 -8.22 1.67 22.04
5.49 -7.73 1.97 22.02
5.92 -7.69 1.96 22.64
5.89 -8.18 1.93 22.69
5.90 -7.64 1.78 21.95 1.02  45.406273 11.894137
5.55 -7.88 1.70 21.90
5.85 -7.86 1.98 21.93 1.02  45.406273 11.894137
5.68 -8.03 1.82 22.33
5.81 -7.99 1.87 21.59
5.39 -7.96 1.82 22.00
5.56 -7.93 1.53 21.90
5.84 -8.26 1.69 21.85
5.95 -7.83 1.50 22.42
6.00 -7.86 1.01 22.00
6.11 -7.74 1.51 22.60
6.06 -7.38 1.88 22.09
6.16 -7.60 1.77 21.99
6.26 -8.10 1.63 22.02
5.90 -8.04 1.79 22.93
5.75 -7.74 1.73 23.36
5.71 -7.91 1.56 21.81
5.86 -7.92 1.59 21.73 2.01  45.406259 11.894147
5.66 -8.16 1.85 21.75
5.81 -7.92 1.86 21.75 2.01  45.406259 11.894147
6.01 -8.01 1.95 22.17
6.02 -7.39 1.98 21.81
5.93 -7.71 1.76 21.83
5.77 -8.01 1.94 21.87
5.69 -7.97 2.34 21.78
6.20 -7.69 2.34 21.83
6.02 -7.74 2.06 21.95
6.12 -7.92 1.94 22.35
5.75 -8.39 2.49 22.35
5.34 -8.13 1.99 24.03
5.52 -8.00 2.20 22.00
5.65 -8.08 2.07 22.42
5.55 -8.04 2.00 21.99
6.01 -7.74 1.41 21.99
6.35 -7.84 1.43 22.33
6.07 -7.84 1.90 22.72 1.80  45.406257 11.894172
5.91 -7.83 1.84 21.47
6.02 -7.62 1.68 21.85 1.80  45.406257 11.894172
5.91 -7.78 1.64 21.47
5.68 -8.00 1.60 21.93
5.67 -7.75 1.61 22.35
5.65 -8.08 1.70 22.14
5.68 -7.89 2.02 21.80
5.83 -7.99 1.68 22.02
5.79 -7.44 1.91 22.09
5.66 -7.73 1.81 22.04
5.90 -7.84 1.68 22.00
5.82 -7.72 1.92 22.36
5.92 -7.81 1.90 21.99
5.84 -7.99 1.88 21.95
5.92 -7.61 1.63 22.00
6.04 -7.78 1.81 21.90
5.77 -7.73 1.89 21.97 2.35  45.406256 11.894208
5.49 -7.83 2.10 22.04
5.59 -7.73 1.97 21.68 2.35  45.406256 11.894208
5.82 -8.04 1.25 22.45
5.96 -8.15 1.29 23.27
6.16 -8.05 1.67 22.50
5.78 -7.60 1.65 21.99
5.94 -7.90 1.51 21.99
6.05 -8.07 1.53 21.57
6.05 -7.75 1.71 22.55
5.92 -8.18 1.81 22.59
5.68 -7.83 1.62 22.12
5.83 -7.92 1.65 22.62
5.71 -7.66 2.02 22.09
5.80 -7.88 1.61 22.50
5.74 -8.27 1.80 23.72
5.69 -7.93 1.57 22.07
5.63 -7.96 1.79 21.81
5.60 -7.88 1.88 21.33 2.77  45.406263 11.894247
6.07 -7.67 1.78 21.83
5.63 -8.25 1.83 22.29 2.77  45.406263 11.894247
5.75 -7.79 1.84 22.45
5.70 -7.85 1.80 21.93
5.81 -7.55 2.08 21.81
5.72 -8.81 1.53 22.24
6.32 -7.41 2.13 22.04
4.98 -7.85 1.83 23.15
5.43 -7.69 1.87 24.32
5.32 -7.39 2.07 21.95
6.09 -8.23 0.85 21.15
6.57 -8.63 2.01 21.93
5.29 -7.40 1.22 22.29
5.40 -7.14 0.88 22.04
5.36 -7.29 1.88 22.04
6.28 -7.66 2.05 21.54
5.76 -9.40 2.01 21.03 1.37  45.406267 11.894272
5.98 -8.04 1.64 21.99
5.74 -7.70 1.20 21.88 1.37  45.406267 11.894272
4.94 -7.09 1.60 21.85
6.19 -7.90 1.76 22.04
6.50 -8.32 1.92 21.83
5.33 -8.56 1.91 22.14
5.68 -8.14 2.09 21.99
5.38 -7.01 1.81 22.14
6.32 -8.47 1.30 22.19
6.14 -8.89 1.33 21.78
5.82 -7.39 1.68 22.16
5.44 -8.08 1.54 21.87
6.10 -7.59 1.67 22.40
5.49 -7.98 1.74 22.76
5.64 -8.02 1.80 22.09
5.66 -8.98 1.71 21.76
5.29 -7.31 1.68 21.42
6.36 -8.39 1.47 22.09 2.26  45.406261 11.894297
5.77 -7.73 1.87 22.11
5.83 -6.08 1.62 22.04 2.26  45.406261 11.894297
5.19 -7.22 1.36 21.18
3.56 -8.77 1.63 21.13
7.67 -8.71 0.27 22.31
7.99 -7.68 1.91 24.08
4.21 -7.97 1.95 25.93
3.55 -4.16 1.84 25.59
4.92 -14.81 7.36 21.18
7.14 -13.65 6.01 20.27
7.27 -12.04 3.58 20.82
5.45 -7.00 0.53 21.71
2.65 -3.75 2.34 22.67
3.83 -6.68 1.68 21.13
4.76 -7.37 1.86 20.92
7.61 -10.35 1.56 20.01
7.09 -8.38 1.70 21.88 2.86  45.406262 11.894339
5.93 -6.37 1.85 24.27
5.68 -3.65 1.48 24.82 2.86  45.406262 11.894339
8.67 -6.55 2.42 23.39
5.42 -10.77 1.21 23.39
7.31 -9.40 0.90 22.40
5.16 -8.95 1.53 21.64
3.32 -6.16 2.23 20.48
4.66 -10.90 1.13 21.64
6.24 -7.19 1.60 24.22
4.75 -7.65 2.23 22.09
6.28 -6.42 1.75 22.52
4.37 -6.44 1.87 22.35
6.58 -8.80 1.61 23.02
5.98 -8.24 1.38 21.80
4.82 -7.24 2.12 22.26
5.62 -9.65 1.92 23.43
5.74 -6.69 1.55 22.47
5.86 -8.46 1.84 22.21 2.28  45.406267 11.894376
7.02 -9.30 1.73 23.05
4.87 -6.20 2.38 22.16 2.28  45.406267 11.894376
5.01 -7.99 2.27 22.76
6.01 -7.69 1.55 22.55
5.87 -7.09 1.07 22.02
6.68 -10.05 1.64 21.47
5.64 -8.24 1.52 22.07
4.89 -7.08 1.58 21.59
6.13 -7.67 1.43 21.71
6.18 -7.92 1.79 21.18
5.99 -8.50 1.60 23.41
5.50 -8.20 1.71 22.40
5.57 -7.15 1.43 22.81
6.16 -7.84 2.07 23.94
6.21 -8.17 1.92 22.71
6.28 -8.32 1.94 23.46
5.62 -7.96 1.67 21.99 2.46  45.406273 11.894414
5.66 -7.99 1.30 22.81
6.03 -7.94 1.83 21.97 2.46  45.406273 11.894414
6.19 -7.99 1.62 22.78
5.66 -7.90 1.75 21.95
5.79 -8.01 1.43 22.42
5.67 -8.12 2.03 22.83
5.53 -7.90 1.72 22.40
5.56 -8.38 1.74 22.28
5.77 -8.13 1.66 23.31
5.57 -7.96 1.75 22.47
5.81 -7.83 1.47 22.52
5.85 -8.27 1.19 22.54
5.50 -7.90 1.58 22.54
5.14 -7.95 1.97 22.50
5.55 -8.16 1.87 23.02
5.69 -8.17 1.75 22.52
5.88 -7.93 1.64 22.09
5.86 -7.72 1.79 22.11 2.24  45.406275 11.894450
4.97 -8.03 2.05 23.31
6.06 -7.74 2.09 21.97 2.24  45.406275 11.894450
4.91 -8.37 2.06 21.90
6.62 -8.42 1.80 21.57
5.31 -9.03 1.60 21.37
5.37 -7.29 1.89 22.64
5.04 -7.98 1.72 22.84
5.09 -7.18 1.64 22.04
5.73 -7.65 1.97 21.64
5.52 -9.95 1.99 22.14
5.82 -8.50 2.13 22.26
4.95 -8.12 1.75 22.14
5.49 -7.76 1.83 22.48
5.77 -7.30 1.73 22.40
5.71 -7.99 1.72 22.17
5.66 -8.31 1.68 22.21
