6.50 -7.45 2.26 23.02
6.52 -7.86 2.24 21.83
5.92 -7.62 2.53 22.29
6.50 -7.99 2.03 23.44
5.99 -7.59 2.00 21.88
5.92 -8.12 2.62 22.79
5.30 -8.03 2.40 22.35
5.99 -7.73 1.83 22.45
5.92 -7.68 1.82 22.47
5.51 -8.26 1.81 22.09
5.53 -8.01 1.76 23.31
5.37 -7.93 1.71 22.81
6.02 -7.75 2.15 22.24
6.11 -7.98 1.89 21.93 1.64  45.406331 11.893971
5.98 -7.62 1.79 22.00
5.72 -7.25 1.72 22.47 1.64  45.406331 11.893971
5.99 -7.65 1.58 22.28
6.28 -7.89 1.50 22.17
6.25 -7.68 1.32 22.24
6.33 -7.94 1.61 21.93
5.96 -8.26 1.42 21.97
5.78 -7.55 1.66 27.65
5.71 -7.65 1.98 22.14
5.67 -8.10 1.89 22.07
5.61 -7.77 1.82 23.38
5.62 -7.87 1.75 22.60
5.86 -7.75 1.89 22.60
5.90 -7.84 1.83 22.09
6.10 -7.59 1.64 24.64
5.96 -7.71 1.82 21.99
5.92 -7.81 1.67 23.60
5.64 -7.90 1.89 22.12 2.07  45.406334 11.893993
5.67 -7.92 1.73 21.92
6.00 -7.89 1.93 21.92 2.07  45.406334 11.893993
6.03 -8.06 2.00 22.38
5.32 -8.14 2.08 22.09
5.97 -8.10 2.16 21.97
5.65 -7.82 1.81 22.43
5.79 -7.78 1.83 22.48
5.95 -8.03 1.73 22.09
5.58 -8.09 1.84 22.96
5.90 -7.73 2.34 22.14
5.84 -7.96 1.49 22.07
5.93 -7.84 1.67 22.09
6.29 -7.84 1.60 22.50
5.59 -7.62 1.75 25.28
5.56 -8.08 2.00 22.00
5.79 -7.90 2.37 22.24
5.74 -8.04 1.94 22.35 2.35  45.406336 11.894024
5.54 -7.87 1.84 21.93
5.91 -7.87 1.73 22.72 2.35  45.406336 11.894024
5.84 -8.05 1.35 21.99
5.85 -7.75 1.67 22.38
5.86 -7.69 1.45 22.02
5.94 -7.83 1.78 22.74
5.80 -7.94 1.88 23.15
5.49 -8.03 1.96 22.24
5.72 -7.94 1.72 22.09
6.06 -8.32 1.65 24.73
5.46 -7.60 2.01 22.48
5.78 -7.60 1.49 22.09
5.88 -8.12 2.44 25.38
5.95 -7.87 1.93 22.47
5.87 -7.74 1.86 21.95
6.01 -7.78 1.85 22.02
5.46 -7.30 2.28 22.43
6.05 -7.55 2.14 21.99 2.75  45.406337 11.894059
6.34 -7.87 1.54 22.74
6.25 -7.50 1.49 21.81 2.75  45.406337 11.894059
6.13 -7.94 1.67 21.87
5.83 -7.82 1.93 22.74
6.05 -7.50 1.74 23.58
5.97 -7.98 1.80 22.36
5.89 -7.90 2.13 22.31
5.70 -8.09 1.64 22.90
5.70 -8.24 1.93 22.91
5.42 -7.89 1.69 22.88
5.68 -7.57 2.00 22.50
6.14 -7.86 1.74 22.86
6.22 -7.46 1.63 21.69
5.99 -7.96 1.66 21.92
5.69 -7.45 2.36 22.04
5.79 -7.90 1.65 22.28
6.12 -7.76 1.75 21.93 2.57  45.406339 11.894089
5.80 -7.83 1.83 22.79
5.75 -7.82 1.50 22.48 2.57  45.406339 11.894089
5.74 -8.16 1.53 22.19
5.75 -7.41 1.80 21.73
5.25 -9.79 1.63 21.63
6.01 -7.41 2.11 21.37
5.32 -7.85 1.82 22.69
5.80 -7.60 1.92 22.38
5.86 -7.68 1.75 22.90
5.03 -5.50 1.66 21.49
6.96 -10.07 1.91 21.45
6.17 -8.23 2.06 21.99
5.35 -7.56 1.69 23.26
5.53 -7.30 1.70 22.45
5.70 -7.15 1.96 24.20
6.08 -9.41 1.90 22.00
6.27 -8.55 1.84 21.81
5.68 -7.52 1.52 22.52 1.60  45.406335 11.894103
5.47 -7.61 1.71 22.54
6.14 -7.20 1.61 22.45 1.60  45.406335 11.894103
6.36 -8.00 1.70 22.36
6.31 -8.13 1.68 22.86
5.73 -7.89 1.75 21.99
5.85 -7.64 1.95 22.84
5.96 -7.59 1.77 21.47
6.14 -8.13 1.84 22.09
5.55 -7.69 1.81 22.60
6.17 -8.12 1.96 22.55
5.89 -7.94 1.75 22.52
5.88 -7.86 1.86 22.11
5.87 -7.82 2.01 22.55
5.72 -7.97 2.20 24.13
6.10 -6.97 2.07 22.40
5.85 -8.39 1.75 22.26
6.10 -7.68 1.62 22.43 1.27  45.406326 11.894115
5.91 -7.64 2.11 22.40
5.64 -7.41 1.88 21.92 1.27  45.406326 11.894115
5.76 -7.93 1.99 22.31
5.72 -7.81 2.03 22.29
5.53 -7.86 1.85 23.62
5.84 -7.57 1.28 21.99
6.19 -7.89 1.59 22.48
5.81 -7.77 1.84 22.19
5.98 -7.38 1.57 22.62
6.13 -7.61 1.43 22.55
6.34 -8.06 1.57 22.04
6.11 -7.87 1.69 22.04
6.16 -8.06 1.52 23.02
5.78 -7.78 1.63 22.98
5.96 -7.57 1.75 23.07
5.97 -7.95 1.24 21.97
5.84 -8.10 1.33 22.40
5.88 -8.00 1.60 22.02 1.20  45.406320 11.894132
5.62 -7.99 1.44 22.84
5.83 -7.93 1.98 21.95 1.20  45.406320 11.894132
5.94 -7.81 2.01 21.83
5.93 -7.79 2.18 22.29
5.91 -7.98 1.90 21.92
6.05 -7.74 2.06 21.59
5.84 -7.73 1.77 21.95
5.77 -7.78 2.36 22.12
5.68 -8.17 1.89 22.47
5.84 -7.82 1.95 21.75
5.83 -7.94 1.44 22.19
5.56 -8.08 1.51 22.55
5.76 -7.77 1.78 22.09
5.93 -8.13 1.82 22.00
5.93 -7.79 1.55 22.96
6.18 -7.75 1.93 21.97
5.91 -7.56 1.85 22.04 0.99  45.406324 11.894146
6.04 -7.95 1.74 22.00
5.74 -7.70 1.47 21.93 0.99  45.406324 11.894146
5.91 -7.80 1.49 21.52
5.78 -8.05 1.57 22.28
5.58 -7.94 1.58 21.93
5.17 -7.67 1.78 21.40
5.93 -8.15 1.80 21.66
5.69 -7.97 1.88 21.64
6.09 -7.74 2.17 22.62
5.74 -7.70 1.76 22.62
5.75 -7.15 2.15 23.07
5.98 -8.02 1.87 21.99
6.28 -8.29 2.27 21.99
5.86 -8.21 2.01 22.47
5.71 -7.91 1.65 22.55
5.74 -7.63 1.74 22.33
5.98 -7.91 1.95 22.43
5.71 -8.04 1.93 22.04 1.52  45.406326 11.894170
5.74 -8.17 1.97 22.04
5.56 -8.07 2.10 21.95 1.52  45.406326 11.894170
5.57 -8.07 1.99 22.40
6.05 -8.14 1.81 23.20
5.93 -7.80 1.63 21.83
5.91 -7.82 1.50 21.78
5.84 -8.00 1.81 22.17
5.74 -8.04 1.71 21.95
5.61 -7.64 1.67 23.74
5.69 -7.67 1.89 22.04
5.71 -7.92 1.81 22.04
5.75 -8.20 1.83 22.05
5.69 -8.04 1.90 22.07
5.73 -7.84 1.82 22.09
5.74 -7.77 1.71 22.50
6.00 -7.85 1.89 22.69
5.95 -7.80 1.70 21.87 1.90  45.406330 11.894200
5.84 -8.39 1.52 21.93
5.85 -7.78 1.70 21.56 1.90  45.406330 11.894200
5.74 -7.71 1.89 22.43
5.80 -7.87 1.88 21.99
5.99 -8.11 1.78 21.93
5.79 -7.76 1.54 21.93
5.70 -7.71 1.52 22.43
5.95 -7.96 1.46 21.99
5.85 -8.11 1.61 22.52
5.87 -7.99 1.69 23.00
5.83 -7.91 1.98 23.00
5.60 -7.87 1.95 22.19
5.74 -7.93 1.95 22.11
5.82 -7.96 1.91 22.55
5.75 -7.97 1.58 22.54
5.92 -8.03 1.76 21.99
5.72 -7.90 1.90 22.38
5.52 -8.14 1.82 21.93 2.36  45.406327 11.894237
5.65 -7.95 1.58 21.37
6.38 -8.08 1.74 21.92 2.36  45.406327 11.894237
5.55 -8.11 2.05 21.97
5.52 -8.07 1.69 22.02
5.61 -7.69 1.80 22.29
5.66 -7.99 1.78 21.88
6.24 -8.02 1.54 21.37
5.72 -7.50 2.14 22.93
5.24 -7.86 1.56 22.04
5.44 -8.00 1.48 21.78
7.06 -7.98 1.80 21.93
5.32 -7.61 1.41 22.02
5.86 -7.57 2.22 23.14
6.14 -7.54 1.83 22.50
5.21 -7.00 1.91 24.58
5.72 -8.43 1.18 21.83
5.68 -7.75 1.92 21.69 2.17  45.406324 11.894267
6.20 -9.70 1.64 21.63
5.53 -7.90 1.73 21.37 2.17  45.406324 11.894267
5.74 -7.79 1.76 21.95
5.75 -7.31 1.77 22.69
5.64 -7.65 1.77 21.76
6.20 -7.79 1.54 22.04
6.14 -7.71 1.72 21.88
5.74 -8.64 1.32 21.57
5.60 -8.16 1.82 21.73
5.33 -7.57 2.28 22.09
5.95 -7.73 2.01 21.51
5.87 -8.43 1.63 21.44
6.14 -7.61 1.63 21.63
5.66 -8.37 1.67 22.57
5.96 -8.01 1.45 22.72
5.53 -7.97 1.41 21.93
6.03 -7.77 1.70 21.54
5.53 -8.34 2.02 22.19 2.18  45.406325 11.894298
6.00 -8.10 1.65 22.00
6.05 -8.23 2.01 22.33 2.18  45.406325 11.894298
5.62 -7.54 1.73 22.04
5.54 -7.42 1.49 21.75
6.73 -7.42 1.65 21.03
3.94 -6.84 1.34 20.82
6.56 -7.69 2.04 21.15
7.37 -11.06 1.69 23.38
3.75 -8.74 1.58 24.90
4.15 -5.86 1.17 25.36
4.52 -2.60 1.07 22.83
6.25 -9.63 -0.11 22.35
6.45 -15.42 0.47 20.87
6.94 -8.89 1.68 21.69
5.78 -6.24 0.97 22.45
6.82 -4.66 2.11 22.47
5.94 -4.72 2.03 21.30 1.75  45.406323 11.894324
5.70 -7.42 2.48 20.41
6.62 -10.47 2.04 20.31 1.75  45.406323 11.894324
4.08 -9.63 1.28 23.29
4.82 -6.33 0.58 24.75
5.55 -3.13 1.98 24.82
8.06 -6.10 1.68 23.31
5.91 -9.90 2.11 23.15
5.72 -12.35 1.16 23.07
3.99 -8.71 1.41 21.75
5.57 -6.90 1.99 20.53
11.64 -8.87 3.11 21.64
7.07 -6.97 2.13 21.66
4.52 -8.81 2.10 22.76
3.39 -7.66 1.32 23.26
4.90 -6.69 1.98 22.52
6.02 -8.85 1.47 22.48
6.07 -9.28 1.48 22.52
4.86 -8.68 1.51 22.64 1.41  45.406323 11.894344
4.71 -6.96 1.42 22.60
6.67 -8.85 1.92 21.44 1.41  45.406323 11.894344
7.15 -6.26 1.83 21.08
6.39 -8.27 1.78 21.83
5.41 -8.90 1.80 22.00
6.61 -6.76 1.54 22.64
4.57 -7.38 2.04 22.55
4.67 -8.36 2.19 22.81
6.02 -7.52 2.07 21.83
5.83 -8.01 1.84 22.19
5.61 -9.99 1.20 22.04
5.94 -7.84 1.63 22.78
5.67 -7.64 0.99 22.29
5.93 -7.86 1.78 22.09
6.10 -8.00 2.16 22.00
6.14 -8.17 1.75 21.85
5.22 -8.81 1.47 22.57 1.44  45.406320 11.894367
6.10 -7.51 1.56 22.69
6.03 -7.72 1.67 22.60 1.44  45.406320 11.894367
6.18 -8.18 1.65 22.33
6.26 -8.28 1.73 22.60
5.40 -7.21 1.41 22.60
5.57 -8.63 1.69 22.02
6.11 -8.41 1.71 21.93
5.92 -8.03 1.81 22.76
5.73 -8.09 1.47 22.47
5.94 -7.89 1.49 23.03
6.01 -7.95 1.59 23.41
5.75 -7.71 1.94 23.51
5.84 -7.94 2.02 26.67
5.83 -7.96 1.73 22.64
6.06 -8.05 1.76 22.14
5.84 -8.18 1.84 22.78
6.21 -8.05 1.20 21.99
5.52 -7.70 1.82 21.95 1.78  45.406318 11.894395
5.75 -7.83 1.95 22.81
6.03 -8.12 1.87 21.88 1.78  45.406318 11.894395
5.91 -8.06 1.88 21.95
5.49 -7.91 2.00 23.70
6.00 -7.92 1.13 22.07
5.81 -7.66 1.90 22.69
5.60 -7.89 1.78 22.24
5.68 -8.02 1.90 21.49
5.85 -8.40 1.75 22.19
5.69 -8.12 2.02 21.93
5.67 -7.86 1.87 22.96
5.66 -7.81 1.78 23.99
5.80 -7.69 1.95 25.72
6.02 -7.62 1.90 22.23
6.14 -8.11 1.78 22.00
5.87 -8.20 1.39 23.05
5.63 -7.85 1.75 23.51 2.14  45.406314 11.894427
5.90 -8.08 1.80 22.14
5.88 -8.06 1.83 22.43 2.14  45.406314 11.894427
5.62 -8.04 1.64 22.35
5.75 -8.14 1.98 21.78
5.93 -7.94 1.89 22.21
5.74 -7.71 1.50 22.36
5.54 -7.68 1.88 21.95
6.05 -7.97 2.00 22.35
5.63 -7.73 1.87 22.40
5.43 -8.01 1.63 22.42
5.55 -7.97 1.76 22.50
5.80 -8.02 1.88 22.50
5.72 -7.62 1.73 22.55
5.80 -7.56 1.67 22.47
