6.11 -8.05 1.75 22.36 2.23 45.406363 11.895574 1 0
5.89 -8.18 1.6 22.36 2.23 45.406363 11.895574 1 0
5.69 -8.07 1.58 21.63 2.23 45.406363 11.895574 1 0
5.88 -7.71 1.74 22.24 2.23 45.406363 11.895574 1 0
5.96 -7.67 1.92 22.31 2.23 45.406363 11.895574 1 0
5.62 -8.14 1.9 22.6 2.23 45.406363 11.895574 1 0
5.42 -8.28 1.58 22.91 2.23 45.406363 11.895574 1 0
5.76 -7.8 1.19 22.6 1.8 45.406373 11.895594 0 0
6.13 -7.56 1.12 22.05 1.8 45.406373 11.895594 1 0
6.05 -7.83 1.46 21.49 1.8 45.406373 11.895594 0 0
5.72 -7.95 1.84 21.57 1.8 45.406373 11.895594 1 0
5.58 -7.78 1.94 21.57 1.8 45.406373 11.895594 1 0
5.64 -7.77 1.89 21.56 1.8 45.406373 11.895594 1 0
5.67 -7.87 1.89 21.56 1.8 45.406373 11.895594 1 0
5.64 -7.83 1.91 21.56 1.8 45.406373 11.895594 1 0
5.63 -7.78 1.89 21.58 1.8 45.406373 11.895594 1 0
5.65 -7.83 1.89 21.57 1.8 45.406373 11.895594 1 0
5.65 -7.84 1.91 21.57 1.8 45.406373 11.895594 1 0
5.64 -7.8 1.9 21.56 1.8 45.406373 11.895594 1 0
5.65 -7.82 1.89 21.57 1.8 45.406373 11.895594 1 0
5.65 -7.84 1.9 21.57 1.8 45.406373 11.895594 1 0
5.65 -7.82 1.91 21.56 1.8 45.406373 11.895594 1 0
5.64 -7.81 1.91 21.58 1.8 45.406373 11.895594 1 0
5.64 -7.82 1.9 21.57 1.8 45.406373 11.895594 1 0
5.64 -7.82 1.91 21.57 1.8 45.406373 11.895594 1 0
5.64 -7.81 1.9 21.57 1.8 45.406373 11.895594 1 0
5.65 -7.82 1.9 21.57 1.8 45.406373 11.895594 1 0
5.64 -7.82 1.91 21.56 1.8 45.406373 11.895594 1 0
5.64 -7.82 1.9 21.57 1.8 45.406373 11.895594 1 0
5.64 -7.83 1.89 21.57 1.8 45.406373 11.895594 1 0
5.64 -7.83 1.9 21.57 1.8 45.406373 11.895594 1 0
5.63 -7.82 1.9 21.57 1.8 45.406373 11.895594 1 0
5.64 -7.81 1.9 21.56 1.8 45.406373 11.895594 1 0
5.64 -7.82 1.9 21.58 1.8 45.406373 11.895594 1 0
5.64 -7.82 1.91 21.57 1.8 45.406373 11.895594 1 0
