6.29 -7.63 1.83 22.02 1.83 45.407746 11.899157 1
6.23 -7.61 1.75 22.84 1.83 45.407746 11.899157 1
6.08 -7.44 1.7 22.88 1.83 45.407746 11.899157 1
6.16 -7.47 1.53 21.95 1.83 45.407746 11.899157 1
6.41 -7.79 1.36 22.16 1.83 45.407746 11.899157 1
6.31 -8.0 1.63 21.69 2.26 45.407755 11.899185 0
5.85 -7.92 2.09 21.78 2.26 45.407755 11.899185 1
5.64 -7.78 2.09 21.87 2.26 45.407755 11.899185 0
5.76 -7.79 1.78 21.9 2.26 45.407755 11.899185 1
5.76 -7.93 1.78 21.9 2.26 45.407755 11.899185 1
5.75 -8.04 1.96 22.66 2.26 45.407755 11.899185 1
6.0 -7.93 1.94 21.92 2.26 45.407755 11.899185 1
6.25 -7.66 1.92 21.9 2.26 45.407755 11.899185 1
6.2 -7.54 2.03 22.24 2.26 45.407755 11.899185 1
6.11 -7.67 2.03 22.42 2.26 45.407755 11.899185 1
6.15 -7.85 1.9 21.88 2.26 45.407755 11.899185 1
6.17 -7.88 1.91 22.31 2.26 45.407755 11.899185 1
6.04 -7.78 2.1 22.33 2.26 45.407755 11.899185 1
5.89 -7.69 2.28 22.43 2.26 45.407755 11.899185 1
5.81 -7.67 2.31 22.47 2.26 45.407755 11.899185 1
5.83 -7.77 2.18 22.88 2.26 45.407755 11.899185 1
5.85 -7.97 2.01 22.26 2.26 45.407755 11.899185 1
5.8 -8.09 1.96 22.26 2.26 45.407755 11.899185 1
5.77 -7.94 1.97 21.85 2.86 45.407761 11.899223 0
5.92 -7.65 1.85 22.24 2.86 45.407761 11.899223 1
6.11 -7.56 1.69 21.85 2.86 45.407761 11.899223 0
6.16 -7.7 1.64 22.26 2.86 45.407761 11.899223 1
6.12 -7.76 1.62 22.21 2.86 45.407761 11.899223 1
6.15 -7.64 1.61 21.9 2.86 45.407761 11.899223 1
6.18 -7.58 1.76 21.44 2.86 45.407761 11.899223 1
6.14 -7.67 1.98 21.81 2.86 45.407761 11.899223 1
6.04 -7.79 1.98 22.33 2.86 45.407761 11.899223 1
5.85 -7.94 1.79 21.93 2.86 45.407761 11.899223 1
5.64 -8.11 1.71 21.95 2.86 45.407761 11.899223 1
5.59 -8.11 1.81 22.93 2.86 45.407761 11.899223 1
