5.73 -8.12 2.36 22.45 2.58 45.407728 11.899114 1
5.47 -8.21 2.14 22.11 2.58 45.407728 11.899114 1
5.55 -8.01 1.84 22.47 2.58 45.407728 11.899114 1
5.85 -7.82 1.79 22.05 2.58 45.407728 11.899114 1
5.96 -7.86 1.98 22.17 2.58 45.407728 11.899114 1
5.87 -7.87 2.03 21.87 2.23 45.407736 11.899141 0
5.91 -7.62 1.89 21.85 2.23 45.407736 11.899141 1
6.12 -7.43 1.84 22.26 2.23 45.407736 11.899141 0
6.25 -7.56 1.92 21.78 2.23 45.407736 11.899141 1
6.26 -7.75 1.91 22.24 2.23 45.407736 11.899141 1
6.28 -7.66 1.75 21.9 2.23 45.407736 11.899141 1
6.26 -7.54 1.6 21.85 2.23 45.407736 11.899141 1
6.14 -7.68 1.57 21.9 2.23 45.407736 11.899141 1
5.93 -7.9 1.64 21.95 2.23 45.407736 11.899141 1
5.74 -7.89 1.71 22.11 2.23 45.407736 11.899141 1
5.66 -7.84 1.82 22.05 2.23 45.407736 11.899141 1
5.73 -8.01 2.04 21.93 2.23 45.407736 11.899141 1
5.87 -8.13 2.18 21.97 2.23 45.407736 11.899141 1
5.99 -7.86 1.97 21.95 2.23 45.407736 11.899141 1
6.13 -7.45 1.72 22.42 2.23 45.407736 11.899141 1
6.24 -7.39 1.8 21.92 2.23 45.407736 11.899141 1
6.28 -7.66 2.04 21.81 2.23 45.407736 11.899141 1
6.27 -7.8 2.09 23.14 2.23 45.407736 11.899141 1
6.29 -7.65 2.11 21.87 1.83 45.407746 11.899157 0
6.31 -7.44 2.26 21.97 1.83 45.407746 11.899157 1
6.27 -7.35 2.36 21.97 1.83 45.407746 11.899157 0
6.05 -7.54 2.3 22.24 1.83 45.407746 11.899157 1
5.78 -7.97 2.13 21.8 1.83 45.407746 11.899157 1
5.74 -8.2 1.96 21.85 1.83 45.407746 11.899157 1
5.92 -7.89 1.96 22.26 1.83 45.407746 11.899157 1
5.95 -7.51 2.18 22.42 1.83 45.407746 11.899157 1
5.82 -7.55 2.24 22.52 1.83 45.407746 11.899157 1
5.85 -7.72 1.98 22.07 1.83 45.407746 11.899157 1
6.06 -7.64 1.78 22.0 1.83 45.407746 11.899157 1
6.22 -7.54 1.82 22.83 1.83 45.407746 11.899157 1
