5.88 -7.99 1.78 22.05 3.14 45.408242 11.889473 1 0
5.94 -7.96 1.52 22.07 3.14 45.408242 11.889473 1 0
5.93 -7.95 1.52 22.06 3.14 45.408242 11.889473 1 0
5.94 -7.97 1.52 22.08 3.14 45.408242 11.889473 1 0
5.93 -7.96 1.52 22.06 3.14 45.408242 11.889473 1 0
5.93 -7.95 1.52 22.07 3.14 45.408242 11.889473 1 0
5.94 -7.97 1.52 22.06 3.14 45.408242 11.889473 1 0
5.94 -7.97 1.53 22.07 3.14 45.408242 11.889473 1 0
5.95 -7.96 1.52 22.07 3.14 45.408242 11.889473 1 0
5.93 -7.96 1.51 22.07 3.14 45.408242 11.889473 1 0
5.93 -7.96 1.51 22.08 3.14 45.408242 11.889473 1 0
5.95 -7.96 1.52 22.08 3.14 45.408242 11.889473 1 0
5.95 -7.97 1.52 22.08 3.14 45.408242 11.889473 1 0
5.94 -7.96 1.52 22.06 3.14 45.408242 11.889473 1 0
5.95 -7.96 1.51 22.07 3.14 45.408242 11.889473 1 0
5.95 -7.96 1.52 22.07 3.14 45.408242 11.889473 1 0
5.94 -7.97 1.52 22.07 3.14 45.408242 11.889473 1 0
5.94 -7.96 1.51 22.06 3.14 45.408242 11.889473 1 0
5.95 -7.96 1.52 22.07 3.14 45.408242 11.889473 1 0
5.94 -7.95 1.52 22.07 3.14 45.408242 11.889473 1 0
5.94 -7.97 1.53 22.08 3.14 45.408242 11.889473 1 0
5.94 -7.95 1.53 22.07 3.14 45.408242 11.889473 1 0
5.95 -7.96 1.51 22.08 3.14 45.408242 11.889473 1 0
5.94 -7.96 1.52 22.07 3.14 45.408242 11.889473 1 0
5.94 -7.96 1.52 22.08 3.14 45.408242 11.889473 1 0
5.94 -7.97 1.53 22.06 3.14 45.408242 11.889473 1 0
5.94 -7.96 1.52 22.07 3.14 45.408242 11.889473 1 0
5.94 -7.96 1.51 22.07 3.14 45.408242 11.889473 1 0
5.93 -7.96 1.51 22.08 3.14 45.408242 11.889473 1 0
5.95 -7.96 1.52 22.07 3.14 45.408242 11.889473 1 0
5.94 -7.95 1.53 22.06 3.14 45.408242 11.889473 1 0
5.94 -7.96 1.52 22.07 3.14 45.408242 11.889473 1 0
5.94 -7.96 1.52 22.07 3.14 45.408242 11.889473 1 0
5.93 -7.97 1.52 22.07 3.14 45.408242 11.889473 1 0
5.94 -7.96 1.53 22.07 3.14 45.408242 11.889473 1 0
