6.1 -7.47 1.62 22.09 2.83 45.408397 11.889990 1 0
6.1 -8.19 1.62 22.0 2.83 45.408397 11.889990 1 0
5.5 -7.75 1.58 21.9 2.83 45.408397 11.889990 1 0
5.71 -7.95 1.65 21.85 2.96 45.408384 11.889955 0 0
5.7 -7.68 1.74 21.78 2.96 45.408384 11.889955 1 0
6.17 -8.12 1.37 21.57 2.96 45.408384 11.889955 0 0
5.71 -7.73 1.79 21.95 2.96 45.408384 11.889955 1 0
5.95 -7.73 1.82 21.71 2.96 45.408384 11.889955 1 0
5.94 -8.06 1.76 22.0 2.96 45.408384 11.889955 1 0
6.0 -7.73 1.89 22.02 2.96 45.408384 11.889955 1 0
5.89 -7.81 1.91 21.9 2.96 45.408384 11.889955 1 0
6.08 -8.02 1.89 22.0 2.96 45.408384 11.889955 1 0
5.83 -7.72 1.76 22.02 2.96 45.408384 11.889955 1 0
5.44 -8.01 1.93 21.57 2.96 45.408384 11.889955 1 0
6.14 -8.1 1.87 22.12 2.96 45.408384 11.889955 1 0
5.25 -7.8 1.89 22.14 2.96 45.408384 11.889955 1 0
5.87 -8.06 1.89 22.33 2.96 45.408384 11.889955 1 0
5.77 -7.76 1.69 21.81 2.96 45.408384 11.889955 1 0
5.88 -7.82 1.74 21.83 2.96 45.408384 11.889955 1 0
6.08 -8.71 1.4 22.12 2.96 45.408384 11.889955 1 0
5.78 -7.8 1.85 21.92 2.82 45.408371 11.889924 0 0
5.85 -7.72 1.65 21.85 2.82 45.408371 11.889924 1 0
6.14 -8.47 1.54 21.95 2.82 45.408371 11.889924 0 0
5.89 -7.63 1.68 21.99 2.82 45.408371 11.889924 1 0
5.92 -7.61 1.71 21.95 2.82 45.408371 11.889924 1 0
5.81 -7.65 1.68 21.97 2.82 45.408371 11.889924 1 0
5.66 -8.01 1.62 21.51 2.82 45.408371 11.889924 1 0
5.64 -8.06 1.58 21.51 2.82 45.408371 11.889924 1 0
5.59 -8.26 1.51 21.61 2.82 45.408371 11.889924 1 0
5.74 -7.75 1.58 21.66 2.82 45.408371 11.889924 1 0
5.83 -7.99 1.67 21.68 2.82 45.408371 11.889924 1 0
5.5 -8.04 1.85 21.69 2.82 45.408371 11.889924 1 0
5.93 -7.6 1.73 21.61 2.82 45.408371 11.889924 1 0
6.26 -7.91 1.86 21.97 2.82 45.408371 11.889924 1 0
6.22 -7.79 1.57 22.07 2.82 45.408371 11.889924 1 0
