5.68 -8.1 1.74 21.93 1.46 45.408425 11.890057 1 0
5.8 -8.23 1.93 21.87 1.46 45.408425 11.890057 1 0
5.73 -8.04 1.9 22.02 1.46 45.408425 11.890057 1 0
5.39 -7.71 1.86 22.43 2.47 45.408410 11.890023 0 0
5.84 -7.36 1.93 21.97 2.47 45.408410 11.890023 1 0
6.14 -7.63 1.79 21.87 2.47 45.408410 11.890023 0 0
6.35 -7.93 2.13 21.97 2.47 45.408410 11.890023 1 0
6.12 -7.95 1.76 22.04 2.47 45.408410 11.890023 1 0
5.71 -7.5 1.75 22.09 2.47 45.408410 11.890023 1 0
6.19 -7.8 1.69 21.92 2.47 45.408410 11.890023 1 0
5.69 -7.78 1.47 21.35 2.47 45.408410 11.890023 1 0
6.0 -8.04 1.47 21.92 2.47 45.408410 11.890023 1 0
5.53 -8.55 1.55 22.09 2.47 45.408410 11.890023 1 0
5.43 -7.74 1.33 22.23 2.47 45.408410 11.890023 1 0
5.95 -7.09 1.62 22.54 2.47 45.408410 11.890023 1 0
5.71 -8.15 1.48 21.97 2.47 45.408410 11.890023 1 0
6.28 -8.35 1.62 21.47 2.47 45.408410 11.890023 1 0
5.81 -8.13 1.9 22.52 2.47 45.408410 11.890023 1 0
5.88 -7.83 1.85 22.17 2.47 45.408410 11.890023 1 0
5.91 -7.16 1.87 22.07 2.47 45.408410 11.890023 1 0
6.04 -7.58 1.77 21.51 2.83 45.408397 11.889990 0 0
6.26 -8.16 1.75 22.31 2.83 45.408397 11.889990 1 0
5.9 -7.98 1.94 21.99 2.83 45.408397 11.889990 0 0
5.66 -8.09 1.92 22.02 2.83 45.408397 11.889990 1 0
5.65 -7.54 1.89 22.11 2.83 45.408397 11.889990 1 0
5.72 -8.0 2.18 21.97 2.83 45.408397 11.889990 1 0
5.83 -7.8 1.77 21.87 2.83 45.408397 11.889990 1 0
6.05 -8.18 1.88 21.97 2.83 45.408397 11.889990 1 0
5.75 -7.84 1.96 21.81 2.83 45.408397 11.889990 1 0
5.74 -7.5 1.85 22.12 2.83 45.408397 11.889990 1 0
5.97 -7.57 1.88 22.02 2.83 45.408397 11.889990 1 0
6.37 -8.03 1.87 21.99 2.83 45.408397 11.889990 1 0
5.97 -7.86 1.75 21.68 2.83 45.408397 11.889990 1 0
5.99 -7.68 1.83 21.71 2.83 45.408397 11.889990 1 0
5.8 -7.56 1.6 22.07 2.83 45.408397 11.889990 1 0
