5.92 -7.5 1.64 22.17 2.63 45.408362 11.889856 1 0
6.04 -7.64 1.54 22.29 2.63 45.408362 11.889856 1 0
6.16 -8.03 1.63 21.78 2.63 45.408362 11.889856 1 0
5.95 -7.9 1.61 21.78 2.61 45.408356 11.889822 0 0
5.93 -7.92 1.74 22.02 2.61 45.408356 11.889822 1 0
5.96 -7.71 1.61 21.9 2.61 45.408356 11.889822 0 0
5.83 -7.83 1.6 22.28 2.61 45.408356 11.889822 1 0
5.96 -7.83 1.56 22.47 2.61 45.408356 11.889822 1 0
5.77 -7.88 1.6 22.31 2.61 45.408356 11.889822 1 0
5.8 -7.87 1.68 22.02 2.61 45.408356 11.889822 1 0
5.49 -7.73 1.92 21.97 2.61 45.408356 11.889822 1 0
6.02 -8.11 1.92 22.07 2.61 45.408356 11.889822 1 0
6.08 -7.87 1.82 22.02 2.61 45.408356 11.889822 1 0
5.95 -7.48 1.99 21.63 2.61 45.408356 11.889822 1 0
6.04 -7.82 2.07 22.91 2.61 45.408356 11.889822 1 0
5.74 -7.9 1.79 22.57 2.61 45.408356 11.889822 1 0
5.95 -7.63 1.96 22.12 2.61 45.408356 11.889822 1 0
5.9 -7.77 1.85 22.12 2.61 45.408356 11.889822 1 0
5.94 -7.78 1.77 22.04 2.61 45.408356 11.889822 1 0
5.84 -8.0 1.85 21.97 2.61 45.408356 11.889822 1 0
5.79 -7.86 1.68 21.52 2.75 45.408346 11.889786 0 0
5.32 -7.91 1.71 21.4 2.75 45.408346 11.889786 1 0
5.89 -7.87 1.89 21.8 2.75 45.408346 11.889786 0 0
6.08 -8.2 2.01 21.75 2.75 45.408346 11.889786 1 0
6.21 -7.55 1.66 21.88 2.75 45.408346 11.889786 1 0
5.92 -7.75 1.73 22.04 2.75 45.408346 11.889786 1 0
6.01 -7.54 1.63 22.02 2.75 45.408346 11.889786 1 0
5.99 -7.86 1.8 21.56 2.75 45.408346 11.889786 1 0
6.04 -7.9 1.7 21.51 2.75 45.408346 11.889786 1 0
5.92 -7.87 1.52 22.02 2.75 45.408346 11.889786 1 0
6.17 -7.8 1.8 21.59 2.75 45.408346 11.889786 1 0
5.85 -7.81 1.67 22.02 2.75 45.408346 11.889786 1 0
5.73 -7.86 1.6 22.02 2.75 45.408346 11.889786 1 0
5.73 -7.97 1.52 21.57 2.75 45.408346 11.889786 1 0
5.69 -7.97 1.58 22.09 2.75 45.408346 11.889786 1 0
