7.26 -5.17 1.47 20.29 2.23 45.876017 12.305557 0
7.97 -4.81 2.36 19.88 2.23 45.876017 12.305557 0
8.01 -7.66 2.63 23.77 2.23 45.876017 12.305557 0
6.03 -7.93 1.18 26.21 2.89 45.875993 12.305540 1
4.66 -6.41 2.8 25.64 2.89 45.875993 12.305540 0
3.76 -0.42 2.12 24.9 2.89 45.875993 12.305540 1
7.86 -10.02 0.64 24.03 2.89 45.875993 12.305540 0
6.27 -11.93 2.58 23.86 2.89 45.875993 12.305540 0
4.81 -8.97 1.42 23.46 2.89 45.875993 12.305540 0
5.76 -6.63 1.73 25.91 2.89 45.875993 12.305540 0
5.8 -7.39 2.01 23.43 2.89 45.875993 12.305540 0
5.33 -7.74 1.83 22.95 2.89 45.875993 12.305540 0
6.16 -9.06 1.35 23.56 2.89 45.875993 12.305540 0
5.85 -7.16 1.69 22.55 2.89 45.875993 12.305540 0
5.47 -7.19 2.05 23.08 2.89 45.875993 12.305540 0
6.0 -7.47 1.87 23.08 2.89 45.875993 12.305540 0
6.09 -7.78 1.69 22.67 2.89 45.875993 12.305540 0
5.89 -7.99 2.07 23.07 2.89 45.875993 12.305540 0
5.81 -7.77 2.34 22.86 2.89 45.875993 12.305540 0
5.99 -7.52 2.06 22.54 2.89 45.875993 12.305540 0
6.34 -9.11 1.24 22.78 2.86 45.875970 12.305520 1
5.34 -7.81 0.77 24.3 2.86 45.875970 12.305520 0
5.77 -7.77 1.85 22.86 2.86 45.875970 12.305520 1
6.15 -8.4 1.86 22.57 2.86 45.875970 12.305520 0
5.46 -8.42 2.03 22.69 2.86 45.875970 12.305520 0
5.58 -7.51 2.27 23.12 2.86 45.875970 12.305520 0
5.83 -7.63 2.11 22.74 2.86 45.875970 12.305520 0
6.46 -8.03 1.82 22.38 2.86 45.875970 12.305520 0
5.98 -7.92 1.99 24.23 2.86 45.875970 12.305520 0
6.21 -8.02 2.22 22.48 2.86 45.875970 12.305520 0
5.73 -7.82 2.66 23.2 2.86 45.875970 12.305520 0
5.72 -7.18 2.01 24.01 2.86 45.875970 12.305520 0
6.54 -7.99 1.73 23.05 2.86 45.875970 12.305520 0
6.28 -8.45 1.8 23.48 2.86 45.875970 12.305520 0
6.17 -7.0 2.24 23.89 2.86 45.875970 12.305520 0
