6.25 -7.85 1.86 23.6 2.15 45.876056 12.305595 0
6.3 -7.41 1.95 22.66 2.15 45.876056 12.305595 0
5.98 -7.95 1.79 22.14 2.15 45.876056 12.305595 0
5.97 -7.82 1.75 22.93 2.15 45.876056 12.305595 0
6.32 -7.94 1.65 22.52 2.64 45.876036 12.305576 1
5.69 -7.79 1.97 22.47 2.64 45.876036 12.305576 0
5.54 -8.04 1.94 22.5 2.64 45.876036 12.305576 1
6.35 -7.81 1.57 22.66 2.64 45.876036 12.305576 0
6.32 -7.57 1.95 22.62 2.64 45.876036 12.305576 0
6.26 -7.8 1.89 22.62 2.64 45.876036 12.305576 0
5.99 -7.56 2.02 22.42 2.64 45.876036 12.305576 0
6.19 -8.16 2.21 22.35 2.64 45.876036 12.305576 0
5.94 -7.37 2.23 22.62 2.64 45.876036 12.305576 0
6.04 -7.78 2.38 22.64 2.64 45.876036 12.305576 0
5.85 -7.94 2.12 23.63 2.64 45.876036 12.305576 0
5.6 -8.03 2.14 23.02 2.64 45.876036 12.305576 0
5.81 -7.69 1.89 22.62 2.64 45.876036 12.305576 0
5.73 -8.57 1.97 22.48 2.64 45.876036 12.305576 0
5.73 -8.14 2.0 21.97 2.64 45.876036 12.305576 0
5.51 -7.61 1.58 22.16 2.64 45.876036 12.305576 0
5.57 -7.57 1.64 22.31 2.64 45.876036 12.305576 0
5.45 -7.22 1.81 22.19 2.23 45.876017 12.305557 1
5.8 -7.83 1.87 22.02 2.23 45.876017 12.305557 0
5.29 -7.36 1.8 21.16 2.23 45.876017 12.305557 1
6.69 -7.88 2.11 21.09 2.23 45.876017 12.305557 0
7.57 -7.5 2.04 22.19 2.23 45.876017 12.305557 0
7.73 -6.53 1.81 23.43 2.23 45.876017 12.305557 0
6.62 -5.67 2.03 24.3 2.23 45.876017 12.305557 0
7.17 -9.86 2.63 25.85 2.23 45.876017 12.305557 0
5.04 -6.42 1.75 25.14 2.23 45.876017 12.305557 0
5.12 -10.08 1.39 27.77 2.23 45.876017 12.305557 0
5.1 -10.88 1.4 23.02 2.23 45.876017 12.305557 0
5.73 -9.21 1.81 19.93 2.23 45.876017 12.305557 0
5.43 -7.84 1.95 20.08 2.23 45.876017 12.305557 0
1.5 -9.46 1.46 19.83 2.23 45.876017 12.305557 0
