6.5 -8.57 1.7 24.08 2.86 45.875970 12.305520 0
5.58 -8.58 1.76 22.54 2.86 45.875970 12.305520 0
5.46 -8.15 1.65 23.05 2.9 45.875949 12.305494 1
5.9 -8.02 1.81 22.78 2.9 45.875949 12.305494 0
5.49 -8.06 2.11 23.19 2.9 45.875949 12.305494 1
5.69 -7.94 2.08 22.96 2.9 45.875949 12.305494 0
5.83 -7.15 1.51 23.58 2.9 45.875949 12.305494 0
6.02 -7.23 1.83 25.47 2.9 45.875949 12.305494 0
5.84 -6.93 2.23 22.19 2.9 45.875949 12.305494 0
6.47 -8.33 1.96 22.48 2.9 45.875949 12.305494 0
5.92 -7.55 1.96 22.98 2.9 45.875949 12.305494 0
6.05 -7.56 2.05 22.67 2.9 45.875949 12.305494 0
5.85 -8.1 2.39 22.83 2.9 45.875949 12.305494 0
5.83 -7.59 1.93 22.36 2.9 45.875949 12.305494 0
5.43 -7.82 1.93 22.48 2.9 45.875949 12.305494 0
5.56 -8.31 1.8 22.83 2.9 45.875949 12.305494 0
5.98 -8.24 2.34 22.78 2.9 45.875949 12.305494 0
5.95 -7.91 1.58 22.76 2.9 45.875949 12.305494 0
5.89 -7.91 1.82 25.36 2.75 45.875929 12.305471 1
5.92 -7.57 2.09 23.17 2.75 45.875929 12.305471 0
5.69 -7.21 1.89 22.07 2.75 45.875929 12.305471 1
5.94 -8.32 2.1 22.36 2.75 45.875929 12.305471 0
6.36 -7.43 2.17 22.16 2.75 45.875929 12.305471 0
5.54 -7.75 1.85 22.81 2.75 45.875929 12.305471 0
5.48 -7.41 1.93 23.36 2.75 45.875929 12.305471 0
5.73 -7.48 2.27 22.47 2.75 45.875929 12.305471 0
6.18 -7.36 1.82 22.74 2.75 45.875929 12.305471 0
6.23 -7.89 2.08 22.16 2.75 45.875929 12.305471 0
5.29 -8.95 2.17 22.36 2.75 45.875929 12.305471 0
5.57 -7.6 2.22 22.17 2.75 45.875929 12.305471 0
5.31 -7.52 2.37 22.67 2.75 45.875929 12.305471 0
5.91 -7.75 2.31 22.81 2.75 45.875929 12.305471 0
5.9 -7.85 1.92 22.86 2.75 45.875929 12.305471 0
5.66 -7.86 1.53 23.22 2.75 45.875929 12.305471 0
6.0 -7.6 1.77 22.19 2.75 45.875929 12.305471 0
