5.8 -7.45 1.47 23.29 2.59 45.876179 12.305692 0
5.95 -7.84 1.94 22.71 2.59 45.876179 12.305692 0
5.47 -7.78 1.99 23.05 2.59 45.876179 12.305692 0
5.77 -7.74 1.99 23.07 2.59 45.876179 12.305692 0
5.96 -8.0 1.75 23.58 2.59 45.876179 12.305692 0
5.9 -7.7 2.18 22.62 2.59 45.876179 12.305692 0
5.74 -7.85 2.23 23.02 2.59 45.876179 12.305692 0
6.17 -7.98 2.05 23.0 2.59 45.876179 12.305692 0
6.2 -7.56 1.87 22.62 2.59 45.876179 12.305692 0
6.19 -7.6 1.94 22.93 2.54 45.876157 12.305681 1
6.15 -7.99 2.07 22.91 2.54 45.876157 12.305681 0
5.53 -7.56 2.15 22.57 2.54 45.876157 12.305681 1
5.93 -7.89 2.32 23.51 2.54 45.876157 12.305681 0
6.0 -8.11 2.03 22.66 2.54 45.876157 12.305681 0
5.6 -7.58 1.76 23.14 2.54 45.876157 12.305681 0
5.62 -8.05 2.04 22.26 2.54 45.876157 12.305681 0
5.78 -7.98 1.99 22.71 2.54 45.876157 12.305681 0
6.11 -7.95 1.94 22.72 2.54 45.876157 12.305681 0
5.92 -8.01 1.94 22.69 2.54 45.876157 12.305681 0
5.75 -7.95 1.9 23.17 2.54 45.876157 12.305681 0
5.97 -7.8 1.67 22.72 2.54 45.876157 12.305681 0
6.06 -7.65 1.86 22.62 2.54 45.876157 12.305681 0
6.18 -7.97 1.9 22.64 2.54 45.876157 12.305681 0
6.06 -7.59 1.92 22.71 2.54 45.876157 12.305681 0
6.19 -7.61 2.03 22.43 2.54 45.876157 12.305681 0
6.15 -7.8 1.99 22.9 2.61 45.876134 12.305669 1
5.87 -7.69 2.03 23.48 2.61 45.876134 12.305669 0
5.56 -8.07 2.1 22.17 2.61 45.876134 12.305669 1
5.41 -8.2 1.85 22.6 2.61 45.876134 12.305669 0
5.59 -8.05 1.91 22.59 2.61 45.876134 12.305669 0
5.7 -7.93 1.9 22.57 2.61 45.876134 12.305669 0
5.74 -7.75 1.87 22.57 2.61 45.876134 12.305669 0
6.06 -7.98 1.86 22.47 2.61 45.876134 12.305669 0
6.1 -7.58 2.11 22.69 2.61 45.876134 12.305669 0
5.81 -7.84 1.96 22.72 2.61 45.876134 12.305669 0
