5.96 -7.87 2.5 21.73 2.34 45.407779 11.899451 0 1
5.62 -8.47 2.0 21.61 2.34 45.407779 11.899451 1 1
6.31 -8.76 2.08 22.05 2.34 45.407779 11.899451 0 1
5.14 -6.74 1.79 22.19 2.34 45.407779 11.899451 1 1
5.67 -6.59 1.73 21.73 2.34 45.407779 11.899451 1 1
6.3 -8.07 1.64 21.44 2.34 45.407779 11.899451 1 1
5.98 -7.92 1.48 21.66 2.34 45.407779 11.899451 1 1
6.24 -7.7 1.6 21.25 2.34 45.407779 11.899451 1 1
6.94 -8.8 1.87 21.69 2.34 45.407779 11.899451 1 1
5.79 -6.63 1.52 22.66 2.34 45.407779 11.899451 1 1
6.01 -7.45 1.6 22.95 2.34 45.407779 11.899451 1 1
5.61 -7.24 1.68 22.5 2.34 45.407779 11.899451 1 1
5.86 -7.01 1.72 22.91 2.34 45.407779 11.899451 1 1
7.03 -10.28 1.4 21.61 2.34 45.407779 11.899451 1 1
5.78 -8.77 1.49 21.85 2.34 45.407779 11.899451 1 1
5.66 -7.7 2.16 22.0 2.34 45.407779 11.899451 1 1
5.37 -7.23 2.01 22.4 2.34 45.407779 11.899451 1 1
5.91 -7.58 1.75 21.69 2.34 45.407779 11.899451 1 1
6.58 -7.8 1.69 21.44 2.8 45.407783 11.899489 0 1
6.48 -7.92 1.88 21.57 2.8 45.407783 11.899489 1 1
6.08 -7.56 1.84 21.93 2.8 45.407783 11.899489 0 1
6.08 -6.93 2.16 22.09 2.8 45.407783 11.899489 1 1
6.32 -7.12 2.2 21.42 2.8 45.407783 11.899489 1 1
6.22 -8.0 2.49 22.66 2.8 45.407783 11.899489 1 1
5.97 -8.35 2.16 22.38 2.8 45.407783 11.899489 1 1
6.09 -7.73 2.16 22.4 2.8 45.407783 11.899489 1 1
5.29 -7.78 1.91 22.5 2.8 45.407783 11.899489 1 1
5.59 -7.62 1.76 21.75 2.8 45.407783 11.899489 1 1
5.72 -8.23 1.58 21.8 2.8 45.407783 11.899489 1 1
6.34 -8.59 1.84 21.75 2.8 45.407783 11.899489 1 1
6.27 -8.02 1.71 22.04 2.8 45.407783 11.899489 1 1
6.37 -7.18 1.68 22.31 2.8 45.407783 11.899489 1 1
5.63 -6.98 1.86 22.28 2.8 45.407783 11.899489 1 1
6.34 -7.84 1.45 21.95 2.8 45.407783 11.899489 1 1
6.2 -7.87 1.52 21.44 2.8 45.407783 11.899489 1 1
