6.43 -7.37 2.15 21.9 2.89 45.407816 11.899605 0 1
6.2 -7.71 2.06 22.02 2.89 45.407816 11.899605 1 1
6.13 -7.67 2.31 22.0 2.89 45.407816 11.899605 0 1
6.08 -7.89 2.18 21.99 2.89 45.407816 11.899605 1 1
5.71 -7.57 1.72 21.57 2.89 45.407816 11.899605 1 1
5.71 -8.07 1.44 21.47 2.89 45.407816 11.899605 1 1
5.9 -8.17 1.5 21.37 2.89 45.407816 11.899605 1 1
6.11 -8.12 2.12 21.78 2.89 45.407816 11.899605 1 1
6.19 -7.52 1.79 22.0 2.89 45.407816 11.899605 1 1
6.12 -7.51 2.01 21.64 2.89 45.407816 11.899605 1 1
6.15 -7.5 1.83 22.02 2.89 45.407816 11.899605 1 1
6.46 -7.77 1.94 22.14 2.89 45.407816 11.899605 1 1
6.74 -7.01 1.98 22.09 2.89 45.407816 11.899605 1 1
7.13 -8.75 1.79 22.19 2.89 45.407816 11.899605 1 1
7.86 -7.59 2.24 23.62 2.89 45.407816 11.899605 1 1
4.03 -8.18 1.87 24.49 2.89 45.407816 11.899605 1 1
3.7 -7.15 0.68 24.35 2.89 45.407816 11.899605 1 1
4.14 -7.05 1.55 20.72 2.89 45.407816 11.899605 1 1
5.42 -7.28 1.95 17.99 2.9 45.407826 11.899643 0 1
7.3 -17.5 0.82 16.96 2.9 45.407826 11.899643 1 1
7.36 -9.31 1.61 19.35 2.9 45.407826 11.899643 0 1
4.87 -4.41 1.82 22.59 2.9 45.407826 11.899643 1 1
5.6 -5.51 2.52 24.9 2.9 45.407826 11.899643 1 1
4.95 -4.33 1.81 23.89 2.9 45.407826 11.899643 1 1
6.7 -3.69 2.29 22.4 2.9 45.407826 11.899643 1 1
16.32 -11.32 -0.58 21.64 2.9 45.407826 11.899643 1 1
7.09 -10.65 1.44 21.57 2.9 45.407826 11.899643 1 1
6.18 -8.25 1.31 22.12 2.9 45.407826 11.899643 1 1
4.74 -7.39 1.49 22.35 2.9 45.407826 11.899643 1 1
4.77 -7.45 1.92 21.8 2.9 45.407826 11.899643 1 1
6.02 -7.75 1.64 21.95 2.9 45.407826 11.899643 1 1
5.99 -8.65 1.48 21.25 2.9 45.407826 11.899643 1 1
5.97 -8.43 1.64 21.9 2.9 45.407826 11.899643 1 1
6.18 -7.53 1.48 21.64 2.9 45.407826 11.899643 1 1
6.11 -6.99 1.95 22.02 2.9 45.407826 11.899643 1 1
