6.35 -7.18 1.83 21.88 3.26 45.407707 11.899234 0 0
6.17 -7.56 1.92 22.17 3.26 45.407707 11.899234 1 0
5.77 -8.24 1.57 21.83 3.26 45.407707 11.899234 0 0
5.3 -8.16 1.88 21.9 3.26 45.407707 11.899234 1 0
5.07 -8.09 1.91 21.92 3.26 45.407707 11.899234 1 0
5.34 -8.02 2.25 21.85 3.26 45.407707 11.899234 1 0
5.76 -7.89 2.29 22.16 3.26 45.407707 11.899234 1 0
5.83 -7.88 2.15 21.93 3.26 45.407707 11.899234 1 0
5.9 -7.53 1.78 22.0 3.26 45.407707 11.899234 1 0
6.54 -7.66 1.45 22.02 3.26 45.407707 11.899234 1 0
6.13 -7.52 1.52 22.14 3.26 45.407707 11.899234 1 0
6.04 -7.44 1.48 22.55 3.26 45.407707 11.899234 1 0
6.02 -7.62 2.12 22.91 3.26 45.407707 11.899234 1 0
6.06 -7.96 2.15 22.4 3.26 45.407707 11.899234 1 0
5.98 -7.9 2.41 21.9 3.26 45.407707 11.899234 1 0
5.64 -7.97 2.08 22.0 3.26 45.407707 11.899234 1 0
5.82 -7.86 1.82 21.73 3.26 45.407707 11.899234 1 0
5.46 -8.07 1.58 22.28 3.26 45.407707 11.899234 1 0
6.0 -7.74 1.9 22.79 1.78 45.407713 11.899256 0 0
6.06 -7.73 1.44 21.93 1.78 45.407713 11.899256 1 0
5.76 -7.84 1.85 22.26 1.78 45.407713 11.899256 0 0
6.16 -7.83 2.09 22.24 1.78 45.407713 11.899256 1 0
6.37 -7.47 2.09 21.73 1.78 45.407713 11.899256 1 0
5.97 -7.96 1.6 22.23 1.78 45.407713 11.899256 1 0
6.12 -7.71 1.66 22.26 1.78 45.407713 11.899256 1 0
5.91 -7.93 1.73 22.26 1.78 45.407713 11.899256 1 0
6.07 -7.47 1.72 22.23 1.78 45.407713 11.899256 1 0
6.01 -7.99 1.83 21.8 1.78 45.407713 11.899256 1 0
5.91 -8.02 1.85 21.85 1.78 45.407713 11.899256 1 0
5.62 -7.98 1.91 22.35 1.78 45.407713 11.899256 1 0
5.77 -7.78 1.76 21.92 1.78 45.407713 11.899256 1 0
5.87 -8.08 1.88 22.24 1.78 45.407713 11.899256 1 0
5.83 -8.22 2.11 21.9 1.78 45.407713 11.899256 1 0
6.01 -7.74 2.25 22.4 1.78 45.407713 11.899256 1 0
6.12 -7.72 1.78 21.8 1.78 45.407713 11.899256 1 0
