5.08 -7.55 1.73 21.11 3.17 45.407795 11.899448 1
6.08 -7.59 1.81 21.01 3.17 45.407795 11.899448 1
6.61 -8.73 1.97 21.25 3.17 45.407795 11.899448 1
6.19 -8.45 2.05 22.31 3.17 45.407795 11.899448 1
5.91 -6.71 2.06 22.42 3.17 45.407795 11.899448 1
6.03 -6.27 2.1 22.91 2.34 45.407798 11.899478 0
6.04 -7.47 2.07 21.93 2.34 45.407798 11.899478 1
6.04 -8.29 1.75 21.16 2.34 45.407798 11.899478 0
6.23 -8.29 1.41 21.09 2.34 45.407798 11.899478 1
6.17 -8.22 1.56 21.64 2.34 45.407798 11.899478 1
5.77 -7.94 1.87 22.21 2.34 45.407798 11.899478 1
5.6 -7.28 1.67 22.6 2.34 45.407798 11.899478 1
5.73 -6.95 1.42 22.72 2.34 45.407798 11.899478 1
5.81 -7.49 1.89 22.62 2.34 45.407798 11.899478 1
5.92 -8.45 2.47 22.11 2.34 45.407798 11.899478 1
6.06 -8.79 2.28 22.47 2.34 45.407798 11.899478 1
5.97 -8.02 1.79 22.29 2.34 45.407798 11.899478 1
5.83 -6.98 1.81 22.07 2.34 45.407798 11.899478 1
6.01 -6.91 2.1 22.36 2.34 45.407798 11.899478 1
6.28 -7.7 2.18 23.55 2.34 45.407798 11.899478 1
6.21 -8.15 2.09 21.63 2.34 45.407798 11.899478 1
5.89 -7.81 1.97 21.78 2.34 45.407798 11.899478 1
5.57 -7.44 1.89 22.48 3.13 45.407804 11.899516 0
5.46 -7.71 1.93 21.9 3.13 45.407804 11.899516 1
5.74 -8.28 1.97 21.4 3.13 45.407804 11.899516 0
6.12 -8.47 1.9 21.8 3.13 45.407804 11.899516 1
6.11 -8.08 1.87 22.12 3.13 45.407804 11.899516 1
5.86 -7.48 2.0 22.23 3.13 45.407804 11.899516 1
5.86 -7.3 2.08 22.52 3.13 45.407804 11.899516 1
6.12 -7.81 1.97 21.69 3.13 45.407804 11.899516 1
6.37 -8.42 1.8 21.61 3.13 45.407804 11.899516 1
6.49 -8.29 1.75 21.81 3.13 45.407804 11.899516 1
6.27 -7.57 1.83 22.16 3.13 45.407804 11.899516 1
5.8 -7.17 1.93 22.26 3.13 45.407804 11.899516 1
5.64 -7.49 1.89 22.07 3.13 45.407804 11.899516 1
