6.33 -7.56 2.29 22.38 2.4 45.407747 11.899277 1
6.4 -7.37 2.19 22.43 2.4 45.407747 11.899277 1
6.36 -7.31 2.23 22.05 2.4 45.407747 11.899277 1
6.06 -7.54 2.13 21.97 2.4 45.407747 11.899277 1
5.75 -7.91 1.82 21.33 2.45 45.407752 11.899303 0
5.61 -8.06 1.56 22.69 2.45 45.407752 11.899303 1
5.64 -7.91 1.49 21.9 2.45 45.407752 11.899303 0
5.85 -7.7 1.56 21.9 2.45 45.407752 11.899303 1
6.1 -7.64 1.69 22.81 2.45 45.407752 11.899303 1
6.13 -7.76 1.8 21.8 2.45 45.407752 11.899303 1
6.09 -7.85 1.81 22.17 2.45 45.407752 11.899303 1
6.17 -7.78 1.8 21.81 2.45 45.407752 11.899303 1
6.16 -7.71 1.83 22.35 2.45 45.407752 11.899303 1
5.95 -7.72 1.84 21.87 2.45 45.407752 11.899303 1
5.88 -7.68 1.79 22.31 2.45 45.407752 11.899303 1
6.05 -7.59 1.73 22.31 2.45 45.407752 11.899303 1
6.13 -7.61 1.57 22.36 2.45 45.407752 11.899303 1
6.04 -7.67 1.33 21.88 2.45 45.407752 11.899303 1
5.96 -7.67 1.32 22.72 2.45 45.407752 11.899303 1
5.89 -7.81 1.67 22.26 2.45 45.407752 11.899303 1
5.88 -8.05 1.93 22.21 2.45 45.407752 11.899303 1
6.07 -8.04 1.88 22.0 2.45 45.407752 11.899303 1
6.28 -7.8 1.85 22.91 2.11 45.407760 11.899323 0
6.24 -7.7 2.01 21.9 2.11 45.407760 11.899323 1
6.14 -7.68 2.1 21.64 2.11 45.407760 11.899323 0
6.22 -7.51 2.1 21.75 2.11 45.407760 11.899323 1
6.27 -7.4 2.25 22.24 2.11 45.407760 11.899323 1
6.11 -7.58 2.42 21.71 2.11 45.407760 11.899323 1
5.95 -7.78 2.3 21.71 2.11 45.407760 11.899323 1
5.88 -7.84 1.99 21.81 2.11 45.407760 11.899323 1
5.75 -7.98 1.84 21.88 2.11 45.407760 11.899323 1
5.63 -8.16 1.83 22.42 2.11 45.407760 11.899323 1
5.72 -8.06 1.78 22.07 2.11 45.407760 11.899323 1
5.84 -7.72 1.78 22.05 2.11 45.407760 11.899323 1
5.87 -7.56 1.86 22.88 2.11 45.407760 11.899323 1
