5.9 -8.07 1.66 22.04 3.05 45.406383 11.895076 0 0
5.77 -8.1 1.81 22.16 3.05 45.406383 11.895076 1 0
5.61 -8.13 1.7 22.21 3.05 45.406383 11.895076 1 0
5.5 -8.2 1.67 22.59 3.05 45.406383 11.895076 1 0
5.62 -8.2 1.86 22.54 3.05 45.406383 11.895076 1 0
5.95 -8.03 1.85 22.16 3.05 45.406383 11.895076 1 0
6.1 -7.81 1.59 22.26 3.05 45.406383 11.895076 1 0
5.95 -7.64 1.55 22.28 3.05 45.406383 11.895076 1 0
5.91 -7.6 1.85 22.59 3.05 45.406383 11.895076 1 0
6.2 -7.75 2.06 22.07 3.05 45.406383 11.895076 1 0
6.33 -7.92 1.95 21.93 3.05 45.406383 11.895076 1 0
6.0 -7.85 1.73 21.88 3.05 45.406383 11.895076 0 0
5.65 -7.74 1.68 22.36 3.05 45.406383 11.895076 1 0
5.69 -7.9 1.78 21.92 3.05 45.406383 11.895076 0 0
5.86 -8.1 1.86 21.9 3.05 45.406383 11.895076 1 0
5.71 -8.05 1.87 21.9 3.05 45.406383 11.895076 1 0
5.45 -7.99 1.85 21.93 3.05 45.406383 11.895076 1 0
5.57 -8.02 1.84 22.24 3.05 45.406383 11.895076 1 0
5.88 -7.89 1.88 21.95 3.05 45.406383 11.895076 1 0
5.92 -7.67 1.97 22.54 3.05 45.406383 11.895076 1 0
5.77 -7.69 1.9 22.11 3.05 45.406383 11.895076 1 0
5.83 -7.84 1.65 22.05 3.05 45.406383 11.895076 1 0
5.98 -7.87 1.54 21.95 3.05 45.406383 11.895076 1 0
5.93 -7.84 1.65 22.38 3.05 45.406383 11.895076 1 0
5.86 -7.84 1.65 22.05 3.05 45.406383 11.895076 1 0
5.97 -7.78 1.57 22.0 3.05 45.406383 11.895076 1 0
6.04 -7.67 1.65 22.88 3.05 45.406383 11.895076 1 0
5.99 -7.66 1.7 21.9 3.05 45.406383 11.895076 1 0
5.97 -7.81 1.51 21.85 3.05 45.406383 11.895076 1 0
5.92 -8.01 1.48 21.9 1.89 45.406380 11.895098 0 0
5.73 -8.04 1.78 22.09 1.89 45.406380 11.895098 1 0
5.66 -7.89 1.89 22.14 1.89 45.406380 11.895098 0 0
5.82 -7.87 1.67 21.52 1.89 45.406380 11.895098 1 0
5.9 -8.07 1.61 22.36 1.89 45.406380 11.895098 1 0
5.76 -8.16 1.86 21.83 1.89 45.406380 11.895098 1 0
