5.68 -7.93 2.05 21.93 1.89 45.406380 11.895098 1 0
5.83 -7.69 2.04 22.14 1.89 45.406380 11.895098 1 0
6.03 -7.74 1.98 22.05 1.89 45.406380 11.895098 1 0
6.09 -7.93 1.9 22.02 1.89 45.406380 11.895098 1 0
5.96 -7.96 1.8 22.54 1.89 45.406380 11.895098 1 0
5.76 -7.82 1.79 21.75 1.89 45.406380 11.895098 1 0
5.7 -7.73 1.79 22.05 1.89 45.406380 11.895098 1 0
5.88 -7.84 1.68 21.92 1.89 45.406380 11.895098 1 0
6.02 -7.97 1.55 21.97 1.89 45.406380 11.895098 1 0
5.89 -7.92 1.61 22.05 1.89 45.406380 11.895098 1 0
5.62 -7.85 1.81 22.36 1.89 45.406380 11.895098 1 0
5.58 -7.95 1.9 22.0 2.76 45.406380 11.895128 0 0
5.79 -8.04 1.74 21.85 2.76 45.406380 11.895128 1 0
5.91 -7.98 1.57 21.9 2.76 45.406380 11.895128 0 0
5.83 -7.91 1.63 22.5 2.76 45.406380 11.895128 1 0
5.83 -7.95 1.81 22.16 2.76 45.406380 11.895128 1 0
6.05 -7.92 1.9 22.09 2.76 45.406380 11.895128 1 0
6.17 -7.79 1.92 22.88 2.76 45.406380 11.895128 1 0
6.0 -7.82 1.89 22.36 2.76 45.406380 11.895128 1 0
5.87 -7.99 1.77 22.07 2.76 45.406380 11.895128 1 0
5.9 -7.95 1.66 22.48 2.76 45.406380 11.895128 1 0
5.86 -7.72 1.69 22.04 2.76 45.406380 11.895128 1 0
5.75 -7.74 1.75 21.95 2.76 45.406380 11.895128 1 0
5.82 -8.07 1.74 21.95 2.76 45.406380 11.895128 1 0
5.88 -8.2 1.78 21.57 2.76 45.406380 11.895128 1 0
5.69 -7.96 1.88 22.05 2.76 45.406380 11.895128 1 0
5.54 -7.81 1.84 22.04 2.76 45.406380 11.895128 1 0
5.75 -7.89 1.77 21.85 2.76 45.406380 11.895128 1 0
6.04 -7.86 1.87 22.26 2.76 45.406380 11.895128 1 0
6.04 -7.72 1.93 21.93 2.22 45.406379 11.895152 0 0
5.92 -7.83 1.77 21.88 2.22 45.406379 11.895152 1 0
5.94 -7.96 1.64 21.95 2.22 45.406379 11.895152 0 0
6.03 -7.69 1.69 22.47 2.22 45.406379 11.895152 1 0
6.02 -7.45 1.71 22.09 2.22 45.406379 11.895152 1 0
5.88 -7.78 1.7 21.59 2.22 45.406379 11.895152 1 0
