5.7 -8.27 1.83 21.95 2.22 45.406379 11.895152 1 0
5.62 -8.24 1.92 22.05 2.22 45.406379 11.895152 1 0
5.64 -7.9 1.88 22.05 2.22 45.406379 11.895152 1 0
5.65 -7.82 1.91 22.52 2.22 45.406379 11.895152 1 0
5.64 -7.93 2.04 22.43 2.22 45.406379 11.895152 1 0
5.76 -7.89 2.02 22.05 2.22 45.406379 11.895152 1 0
5.94 -7.79 1.86 22.0 2.22 45.406379 11.895152 1 0
5.98 -7.86 1.72 22.0 2.22 45.406379 11.895152 1 0
5.92 -8.03 1.55 22.43 2.22 45.406379 11.895152 1 0
5.85 -8.01 1.43 22.19 2.22 45.406379 11.895152 1 0
5.73 -7.79 1.65 22.96 2.22 45.406379 11.895152 1 0
5.65 -7.7 2.04 22.04 2.66 45.406381 11.895182 0 0
5.82 -7.89 2.13 21.97 2.66 45.406381 11.895182 1 0
6.11 -8.07 1.86 21.95 2.66 45.406381 11.895182 0 0
6.08 -7.99 1.59 22.4 2.66 45.406381 11.895182 1 0
5.8 -7.89 1.53 22.0 2.66 45.406381 11.895182 1 0
5.76 -7.96 1.55 22.11 2.66 45.406381 11.895182 1 0
5.95 -7.97 1.55 22.5 2.66 45.406381 11.895182 1 0
5.94 -7.85 1.59 22.04 2.66 45.406381 11.895182 1 0
5.69 -7.92 1.69 22.0 2.66 45.406381 11.895182 1 0
5.69 -8.18 1.73 22.42 2.66 45.406381 11.895182 1 0
5.93 -8.21 1.68 22.43 2.66 45.406381 11.895182 1 0
5.91 -7.94 1.79 22.16 2.66 45.406381 11.895182 1 0
5.65 -7.74 2.13 22.14 2.66 45.406381 11.895182 1 0
5.69 -7.78 2.39 22.09 2.66 45.406381 11.895182 1 0
6.0 -7.88 2.27 21.97 2.66 45.406381 11.895182 1 0
6.06 -7.94 1.94 21.97 2.66 45.406381 11.895182 1 0
5.86 -7.92 1.76 21.88 2.66 45.406381 11.895182 1 0
5.73 -7.83 1.86 21.99 2.66 45.406381 11.895182 1 0
5.68 -7.73 2.0 22.04 2.62 45.406382 11.895213 0 0
5.58 -7.77 1.91 21.97 2.62 45.406382 11.895213 1 0
5.63 -8.02 1.7 21.44 2.62 45.406382 11.895213 0 0
5.88 -8.21 1.69 21.33 2.62 45.406382 11.895213 1 0
6.01 -8.07 1.92 22.23 2.62 45.406382 11.895213 1 0
5.86 -7.82 2.05 22.47 2.62 45.406382 11.895213 1 0
