5.85 -8.08 1.82 22.04 3.42 45.406362 11.895350 1
5.65 -7.83 1.79 22.91 3.12 45.406360 11.895394 0
5.56 -7.82 1.87 27.29 3.12 45.406360 11.895394 1
5.79 -7.98 1.87 22.81 3.12 45.406360 11.895394 0
6.02 -8.16 1.79 21.87 3.12 45.406360 11.895394 1
5.94 -8.23 1.77 23.2 3.12 45.406360 11.895394 1
5.77 -8.06 1.75 22.76 3.12 45.406360 11.895394 1
5.76 -7.87 1.68 22.4 3.12 45.406360 11.895394 1
5.75 -7.91 1.79 22.52 3.12 45.406360 11.895394 1
5.57 -7.98 1.99 22.5 3.12 45.406360 11.895394 1
5.56 -7.86 1.93 23.27 3.12 45.406360 11.895394 1
5.9 -7.84 1.78 21.97 3.12 45.406360 11.895394 1
6.04 -7.98 1.85 22.88 3.12 45.406360 11.895394 1
5.71 -7.93 1.92 22.52 3.12 45.406360 11.895394 1
5.53 -7.7 1.86 22.16 3.12 45.406360 11.895394 1
5.86 -7.72 1.91 23.24 3.12 45.406360 11.895394 1
6.05 -7.97 1.96 22.31 3.12 45.406360 11.895394 1
5.75 -8.15 1.69 21.9 3.12 45.406360 11.895394 1
5.63 -8.09 1.44 23.19 3.17 45.406359 11.895436 0
6.02 -7.87 1.55 21.8 3.17 45.406359 11.895436 1
6.24 -7.77 1.7 22.0 3.17 45.406359 11.895436 0
5.92 -7.95 1.71 22.52 3.17 45.406359 11.895436 1
5.59 -8.04 1.82 24.2 3.17 45.406359 11.895436 1
5.72 -7.8 1.85 22.09 3.17 45.406359 11.895436 1
6.07 -7.87 1.6 22.35 3.17 45.406359 11.895436 1
6.12 -8.45 1.55 22.29 3.17 45.406359 11.895436 1
5.81 -8.53 1.89 21.85 3.17 45.406359 11.895436 1
5.66 -7.94 1.97 22.29 3.17 45.406359 11.895436 1
5.85 -7.82 1.65 22.76 3.17 45.406359 11.895436 1
5.83 -8.09 1.62 22.23 3.17 45.406359 11.895436 1
5.43 -7.65 1.98 23.43 3.17 45.406359 11.895436 1
5.28 -7.18 2.18 23.72 3.17 45.406359 11.895436 1
5.47 -7.92 2.02 22.6 3.17 45.406359 11.895436 1
5.54 -8.62 1.7 21.85 3.17 45.406359 11.895436 1
5.61 -8.01 1.43 21.92 3.17 45.406359 11.895436 1
