5.81 -9.37 1.78 29.15 2.94 45.395978 11.875975 0
4.89 -8.47 1.68 22.9 2.94 45.395978 11.875975 0
7.5 -10.49 5.34 22.9 2.94 45.395978 11.875975 0
6.12 -5.94 1.74 23.67 2.94 45.395978 11.875975 0
6.64 -6.24 2.46 26.09 2.94 45.395978 11.875975 0
7.72 -8.1 2.46 23.1 2.94 45.395978 11.875975 0
5.55 -6.4 2.2 24.44 2.94 45.395978 11.875975 0
6.14 -8.81 2.47 23.62 2.94 45.395978 11.875975 0
6.29 -8.45 4.78 27.18 2.94 45.395978 11.875975 0
5.37 -6.59 1.24 23.87 2.94 45.395978 11.875975 0
7.44 -7.04 -1.08 24.08 2.94 45.395978 11.875975 0
8.02 -12.36 3.64 23.65 2.94 45.395978 11.875975 0
4.83 -8.27 1.73 26.67 2.94 45.395978 11.875975 0
3.09 -9.12 0.78 25.07 2.94 45.395978 11.875975 0
7.77 -9.9 2.42 23.17 2.98 45.395998 11.876000 1
6.65 -5.29 -0.03 1302.71 2.98 45.395998 11.876000 1
4.12 -7.56 4.01 28.59 2.98 45.395998 11.876000 0
8.11 -9.56 0.88 297.19 2.98 45.395998 11.876000 0
6.66 -9.21 2.38 23.07 2.98 45.395998 11.876000 0
7.58 -10.96 3.57 108.41 2.98 45.395998 11.876000 0
5.58 -5.63 2.71 22.69 2.98 45.395998 11.876000 0
4.06 -11.88 2.12 22.48 2.98 45.395998 11.876000 0
6.83 -9.01 -0.45 310.71 3.88 45.396031 11.876024 1
4.02 -9.37 1.99 24.61 3.88 45.396031 11.876024 1
6.84 -8.52 -0.8 25.43 3.88 45.396031 11.876024 0
4.9 -8.59 0.81 25.16 3.88 45.396031 11.876024 0
5.34 -6.46 3.43 24.03 3.88 45.396031 11.876024 0
5.89 -7.67 1.32 24.35 3.88 45.396031 11.876024 0
5.22 -6.96 2.16 24.2 3.88 45.396031 11.876024 0
5.93 -9.48 0.7 336.52 3.88 45.396031 11.876024 0
7.59 -7.98 3.42 24.3 3.88 45.396031 11.876024 0
7.33 -8.7 4.32 27.25 3.88 45.396031 11.876024 0
5.94 -7.66 2.01 22.69 3.84 45.396066 11.876043 1
6.16 -6.68 2.03 24.35 3.84 45.396066 11.876043 0
5.62 -5.85 1.64 1165.46 3.84 45.396066 11.876043 1
