6.76 -7.28 2.16 21.78 1.24 45.395884 11.875934 0
6.98 -6.91 1.65 21.39 0.87 45.395887 11.875943 1
7.19 -7.09 1.38 21.49 0.87 45.395887 11.875943 0
6.92 -6.93 1.64 21.37 0.87 45.395887 11.875943 1
6.74 -6.96 2.07 21.42 0.87 45.395887 11.875943 0
6.66 -7.82 1.66 21.42 0.87 45.395887 11.875943 0
6.71 -7.07 1.97 21.93 0.87 45.395887 11.875943 0
6.36 -7.39 1.86 21.78 0.87 45.395887 11.875943 0
6.4 -7.15 1.37 21.54 0.87 45.395887 11.875943 0
6.23 -7.84 1.29 21.92 0.87 45.395887 11.875943 0
5.89 -8.53 0.85 21.97 0.87 45.395887 11.875943 0
5.64 -8.17 0.86 21.64 0.87 45.395887 11.875943 0
5.83 -7.98 1.75 22.04 0.87 45.395887 11.875943 0
6.39 -7.41 1.65 22.0 0.87 45.395887 11.875943 0
6.46 -7.66 1.8 21.57 0.87 45.395887 11.875943 0
6.58 -7.27 2.07 21.49 0.87 45.395887 11.875943 0
7.13 -7.2 1.66 21.85 0.87 45.395887 11.875943 0
7.36 -6.95 2.03 21.69 0.87 45.395887 11.875943 0
7.09 -6.81 1.8 21.44 2.46 45.395905 11.875948 1
6.97 -6.99 1.42 21.54 2.46 45.395905 11.875948 0
6.55 -7.68 1.41 22.04 2.46 45.395905 11.875948 1
6.03 -7.54 1.21 21.63 2.46 45.395905 11.875948 0
5.92 -7.43 0.93 21.54 2.46 45.395905 11.875948 0
5.75 -8.06 2.13 21.42 2.46 45.395905 11.875948 0
5.66 -8.48 1.41 21.95 2.46 45.395905 11.875948 0
5.55 -7.87 1.32 21.54 2.46 45.395905 11.875948 0
5.86 -7.85 2.32 21.64 2.46 45.395905 11.875948 0
6.3 -7.44 2.28 21.59 2.46 45.395905 11.875948 0
6.32 -7.36 1.87 21.59 2.46 45.395905 11.875948 0
6.54 -7.58 2.55 21.56 2.46 45.395905 11.875948 0
6.65 -7.29 2.26 21.59 2.46 45.395905 11.875948 0
6.68 -7.27 2.12 21.59 2.46 45.395905 11.875948 0
6.42 -7.38 2.3 21.59 2.46 45.395905 11.875948 0
6.22 -7.87 1.76 21.64 2.46 45.395905 11.875948 0
6.15 -7.99 1.6 21.99 2.46 45.395905 11.875948 0
