7.38 -11.5 2.43 26.51 3.84 45.396066 11.876043 0
4.21 -8.51 0.76 23.43 3.84 45.396066 11.876043 0
6.52 -8.34 0.95 27.46 3.84 45.396066 11.876043 0
5.83 -8.6 -1.04 25.04 3.84 45.396066 11.876043 0
5.88 -5.93 1.72 26.94 3.84 45.396066 11.876043 0
5.57 -8.96 0.68 23.02 3.84 45.396066 11.876043 0
6.93 -7.64 0.61 24.22 3.84 45.396066 11.876043 0
5.51 -6.47 1.5 29.36 3.84 45.396066 11.876043 0
6.32 -7.8 2.49 24.52 3.84 45.396066 11.876043 0
3.78 -7.52 3.56 933.99 3.84 45.396066 11.876043 0
9.68 -10.86 1.61 28.09 3.84 45.396066 11.876043 0
5.57 -6.54 2.09 24.2 3.48 45.396096 11.876061 1
5.38 -8.76 0.83 23.5 3.48 45.396096 11.876061 0
6.43 -7.25 1.93 24.08 3.48 45.396096 11.876061 1
5.35 -5.73 2.55 1039.89 3.48 45.396096 11.876061 0
5.37 -9.13 2.6 23.46 3.48 45.396096 11.876061 0
6.07 -9.58 2.81 24.63 3.48 45.396096 11.876061 0
5.37 -8.5 1.27 23.89 3.48 45.396096 11.876061 0
4.47 -8.68 2.32 24.08 3.48 45.396096 11.876061 0
5.4 -8.05 0.95 22.96 3.48 45.396096 11.876061 0
4.82 -7.71 2.62 23.62 3.48 45.396096 11.876061 0
5.3 -5.29 1.43 24.66 3.48 45.396096 11.876061 0
5.99 -6.38 0.43 22.83 3.48 45.396096 11.876061 0
5.2 -8.74 1.3 23.56 3.48 45.396096 11.876061 0
6.09 -8.14 1.32 22.95 3.48 45.396096 11.876061 0
7.35 -9.56 1.54 25.57 3.48 45.396096 11.876061 0
5.1 -6.04 3.15 23.56 3.48 45.396096 11.876061 0
6.36 -7.61 0.06 24.01 2.72 45.396119 11.876083 1
3.35 -7.25 0.81 22.9 2.72 45.396119 11.876083 0
7.16 -10.49 -1.6 21.75 2.72 45.396119 11.876083 1
