5.9 -8.07 1.51 22.64 3.56 45.876082 12.305630 0 0
5.89 -8.11 1.64 23.12 3.56 45.876082 12.305630 0 0
6.12 -7.55 1.88 22.71 3.56 45.876082 12.305630 0 0
5.89 -7.59 1.78 22.35 3.56 45.876082 12.305630 0 0
5.84 -7.46 2.21 23.17 3.56 45.876082 12.305630 0 0
6.26 -7.61 2.01 22.69 3.56 45.876082 12.305630 0 0
6.4 -7.73 2.11 22.19 3.56 45.876082 12.305630 0 0
6.13 -7.9 2.17 23.29 3.56 45.876082 12.305630 0 0
6.09 -7.44 2.43 22.47 3.56 45.876056 12.305601 1 0
5.98 -7.76 2.37 22.57 3.56 45.876056 12.305601 0 0
5.62 -7.92 2.23 22.52 3.56 45.876056 12.305601 1 0
5.92 -8.18 1.84 22.21 3.56 45.876056 12.305601 0 0
6.01 -8.31 1.64 22.62 3.56 45.876056 12.305601 0 0
5.98 -7.54 1.87 22.71 3.56 45.876056 12.305601 0 0
6.01 -7.83 1.78 22.62 3.56 45.876056 12.305601 0 0
6.14 -7.7 1.97 22.48 3.56 45.876056 12.305601 0 0
6.77 -7.08 2.1 22.72 3.56 45.876056 12.305601 0 0
7.06 -6.92 2.39 22.71 3.56 45.876056 12.305601 0 0
6.54 -7.37 2.13 22.66 3.56 45.876056 12.305601 0 0
5.88 -8.07 2.25 22.64 3.56 45.876056 12.305601 0 0
5.82 -7.96 1.5 22.57 3.56 45.876056 12.305601 0 0
5.53 -8.23 1.58 22.26 3.56 45.876056 12.305601 0 0
5.94 -7.84 1.57 22.66 3.56 45.876056 12.305601 0 0
6.49 -7.5 1.47 22.24 3.56 45.876056 12.305601 0 0
6.17 -7.45 1.94 22.86 3.56 45.876056 12.305601 0 0
6.14 -8.06 1.95 22.62 3.34 45.876033 12.305573 1 0
5.89 -7.15 1.91 22.14 3.34 45.876033 12.305573 0 0
6.19 -7.27 2.02 22.57 3.34 45.876033 12.305573 1 0
6.31 -7.54 2.26 22.23 3.34 45.876033 12.305573 0 0
6.62 -7.77 2.17 22.57 3.34 45.876033 12.305573 0 0
5.93 -8.12 2.54 22.64 3.34 45.876033 12.305573 0 0
5.56 -7.73 2.26 22.66 3.34 45.876033 12.305573 0 0
5.7 -8.11 2.29 23.07 3.34 45.876033 12.305573 0 0
5.94 -8.07 1.92 22.67 3.34 45.876033 12.305573 0 0
5.87 -8.17 1.52 22.81 3.34 45.876033 12.305573 0 0
