5.77 -5.42 3.33 21.95 2.12 45.407319 11.879831 1
5.24 -6.13 -1.97 21.92 2.12 45.407319 11.879831 0
6.34 -9.78 0.92 22.54 2.12 45.407319 11.879831 0
8.58 -8.51 -1.9 26.87 2.12 45.407319 11.879831 0
5.87 -6.14 0.81 22.6 2.12 45.407319 11.879831 0
6.86 -8.36 3.15 23.17 2.12 45.407319 11.879831 0
6.39 -8.65 1.25 22.14 2.12 45.407319 11.879831 0
5.48 -8.9 0.86 24.16 2.12 45.407319 11.879831 0
9.16 -9.27 -2.49 22.05 2.12 45.407319 11.879831 0
3.73 -5.54 0.37 22.16 2.12 45.407319 11.879831 0
5.73 -6.99 3.96 22.05 2.12 45.407319 11.879831 0
5.02 -8.08 1.22 21.88 2.12 45.407319 11.879831 0
6.32 -7.24 2.14 20.79 2.12 45.407319 11.879831 0
4.01 -8.54 3.2 22.96 2.12 45.407319 11.879831 0
5.15 -8.54 1.78 27.01 2.12 45.407319 11.879831 0
5.99 -6.11 1.53 22.43 3.41 45.407301 11.879859 1
6.97 -10.27 0.03 25.06 3.41 45.407301 11.879859 0
4.4 -6.17 1.82 23.41 3.41 45.407301 11.879859 1
4.22 -7.51 3.31 22.95 3.41 45.407301 11.879859 0
5.03 -7.83 1.15 22.52 3.41 45.407301 11.879859 0
2.0 -10.55 5.6 22.64 3.41 45.407301 11.879859 0
7.73 -6.93 1.81 22.29 3.41 45.407301 11.879859 0
4.2 -9.68 2.29 22.29 3.41 45.407301 11.879859 0
6.07 -4.98 0.86 24.3 3.41 45.407301 11.879859 0
6.12 -9.34 1.95 22.11 3.41 45.407301 11.879859 0
6.97 -9.64 0.7 21.99 3.41 45.407301 11.879859 0
4.86 -7.25 1.82 22.5 3.41 45.407301 11.879859 0
6.1 -8.95 1.39 23.79 3.41 45.407301 11.879859 0
