5.16 -7.72 2.57 22.6 1.61 45.407387 11.879645 0
7.03 -8.91 2.12 21.37 1.61 45.407387 11.879645 0
6.88 -7.31 1.68 24.99 1.45 45.407384 11.879662 1
5.32 -8.75 2.46 22.93 1.45 45.407384 11.879662 0
5.08 -8.1 1.73 23.51 1.45 45.407384 11.879662 1
4.75 -6.99 1.97 23.02 1.45 45.407384 11.879662 0
6.72 -6.43 1.63 22.05 1.45 45.407384 11.879662 0
6.38 -7.7 1.75 21.69 1.45 45.407384 11.879662 0
6.13 -9.56 1.11 20.25 1.45 45.407384 11.879662 0
5.62 -9.82 1.42 21.13 1.45 45.407384 11.879662 0
5.56 -5.82 1.95 21.44 1.45 45.407384 11.879662 0
6.32 -8.46 1.04 21.23 1.45 45.407384 11.879662 0
5.65 -7.06 2.11 21.9 1.45 45.407384 11.879662 0
5.5 -7.85 1.71 22.0 1.45 45.407384 11.879662 0
5.87 -7.91 1.74 22.0 1.45 45.407384 11.879662 0
6.06 -7.27 1.93 22.02 1.45 45.407384 11.879662 0
6.14 -7.21 1.73 21.56 1.45 45.407384 11.879662 0
5.45 -7.79 1.85 21.69 1.45 45.407384 11.879662 0
5.19 -8.17 2.11 20.82 1.45 45.407384 11.879662 0
6.97 -7.53 2.61 21.52 1.8 45.407374 11.879690 1
5.96 -7.58 2.17 23.26 1.8 45.407374 11.879690 0
5.93 -6.44 0.77 22.52 1.8 45.407374 11.879690 1
5.11 -7.12 1.43 23.07 1.8 45.407374 11.879690 0
4.01 -7.04 1.91 21.27 1.8 45.407374 11.879690 0
7.27 -8.73 1.11 20.17 1.8 45.407374 11.879690 0
3.84 -9.28 1.07 22.42 1.8 45.407374 11.879690 0
5.8 -4.65 0.62 25.76 1.8 45.407374 11.879690 0
5.05 -6.45 4.14 23.34 1.8 45.407374 11.879690 0
6.69 -9.81 -0.08 22.42 1.8 45.407374 11.879690 0
4.02 -9.87 1.96 23.05 1.8 45.407374 11.879690 0
6.45 -4.62 3.12 22.98 1.8 45.407374 11.879690 0
5.2 -10.31 2.18 23.38 1.8 45.407374 11.879690 0
5.75 -9.05 1.84 24.34 1.8 45.407374 11.879690 0
2.87 -7.81 2.43 22.02 1.8 45.407374 11.879690 0
7.37 -5.35 -1.44 21.9 1.8 45.407374 11.879690 0
