2.7 -6.31 1.53 21.42 2.45 45.407352 11.879786 1
7.15 -9.28 3.17 20.73 2.45 45.407352 11.879786 0
6.92 -8.0 2.38 20.24 2.45 45.407352 11.879786 0
5.12 -9.24 0.68 22.54 2.45 45.407352 11.879786 0
4.98 -3.5 1.74 23.14 2.45 45.407352 11.879786 0
7.05 -6.99 1.08 24.94 2.45 45.407352 11.879786 0
5.07 -4.47 1.73 24.16 2.45 45.407352 11.879786 0
12.16 -9.72 -2.96 23.7 2.45 45.407352 11.879786 0
6.34 -10.57 1.4 24.82 2.45 45.407352 11.879786 0
4.3 -8.86 1.94 23.6 2.45 45.407352 11.879786 0
4.51 -3.98 1.3 22.31 2.45 45.407352 11.879786 0
8.14 -8.14 3.81 23.19 2.45 45.407352 11.879786 0
3.18 -11.62 5.9 22.45 2.45 45.407352 11.879786 0
6.52 -9.28 0.7 21.69 2.45 45.407352 11.879786 0
4.67 -6.04 2.32 25.55 2.45 45.407352 11.879786 0
6.84 -9.49 2.91 22.42 2.45 45.407352 11.879786 0
4.67 -6.32 1.64 21.56 3.2 45.407332 11.879813 1
5.36 -8.4 1.98 22.26 3.2 45.407332 11.879813 0
5.5 -7.54 3.0 24.03 3.2 45.407332 11.879813 1
6.97 -8.35 2.1 22.91 3.2 45.407332 11.879813 0
6.49 -8.58 3.34 22.42 3.2 45.407332 11.879813 0
4.89 -6.23 1.4 22.26 3.2 45.407332 11.879813 0
5.28 -8.44 3.97 23.26 3.2 45.407332 11.879813 0
7.32 -8.85 1.41 21.88 3.2 45.407332 11.879813 0
2.66 -6.53 4.91 21.68 3.2 45.407332 11.879813 0
7.77 -7.59 1.47 22.93 3.2 45.407332 11.879813 0
5.13 -8.95 2.08 23.07 3.2 45.407332 11.879813 0
6.66 -6.98 2.16 22.57 3.2 45.407332 11.879813 0
4.08 -3.93 0.7 22.84 3.2 45.407332 11.879813 0
4.05 -8.09 1.65 23.72 3.2 45.407332 11.879813 0
7.07 -7.02 0.17 22.66 3.2 45.407332 11.879813 0
6.98 -8.22 2.37 21.73 3.2 45.407332 11.879813 0
8.69 -11.12 1.21 22.11 3.2 45.407332 11.879813 0
5.26 -7.62 1.99 21.71 2.12 45.407319 11.879831 1
7.27 -8.72 0.87 23.32 2.12 45.407319 11.879831 0
