5.91 -7.58 1.92 21.69 0.85 45.407391 11.879615 0
6.16 -7.48 1.99 21.45 0.85 45.407391 11.879615 0
6.2 -7.67 1.79 21.9 1.34 45.407386 11.879628 1
6.0 -7.86 1.94 21.64 1.34 45.407386 11.879628 0
5.95 -7.78 2.15 21.95 1.34 45.407386 11.879628 1
5.84 -7.41 2.18 21.99 1.34 45.407386 11.879628 0
5.97 -7.69 1.5 21.78 1.34 45.407386 11.879628 0
6.06 -7.59 1.2 21.32 1.34 45.407386 11.879628 0
6.06 -7.6 1.48 21.03 1.34 45.407386 11.879628 0
5.55 -7.58 1.67 20.94 1.34 45.407386 11.879628 0
5.53 -8.31 1.69 20.32 1.34 45.407386 11.879628 0
5.26 -8.39 1.73 20.25 1.34 45.407386 11.879628 0
5.48 -8.16 1.76 20.48 1.34 45.407386 11.879628 0
5.76 -7.62 1.28 20.63 1.34 45.407386 11.879628 0
5.55 -7.06 1.31 20.65 1.34 45.407386 11.879628 0
6.49 -8.27 1.3 20.8 1.34 45.407386 11.879628 0
5.87 -8.43 1.44 21.71 1.34 45.407386 11.879628 0
5.74 -6.96 1.76 23.02 1.34 45.407386 11.879628 0
5.47 -6.69 1.62 23.51 1.34 45.407386 11.879628 0
5.81 -7.44 1.56 23.5 1.61 45.407387 11.879645 1
6.4 -7.68 1.81 23.0 1.61 45.407387 11.879645 0
6.7 -7.64 2.13 23.46 1.61 45.407387 11.879645 1
6.61 -6.36 1.63 22.71 1.61 45.407387 11.879645 0
6.19 -9.69 1.78 22.42 1.61 45.407387 11.879645 0
6.04 -9.09 2.1 22.26 1.61 45.407387 11.879645 0
5.77 -7.53 2.15 22.54 1.61 45.407387 11.879645 0
6.0 -6.51 2.49 21.97 1.61 45.407387 11.879645 0
5.88 -8.68 2.84 22.11 1.61 45.407387 11.879645 0
5.69 -8.88 2.32 21.44 1.61 45.407387 11.879645 0
5.79 -8.41 1.96 21.8 1.61 45.407387 11.879645 0
5.62 -7.85 2.15 21.69 1.61 45.407387 11.879645 0
6.06 -8.42 2.33 21.75 1.61 45.407387 11.879645 0
6.03 -7.84 2.61 21.87 1.61 45.407387 11.879645 0
6.0 -8.42 2.09 22.98 1.61 45.407387 11.879645 0
5.69 -8.17 2.2 22.0 1.61 45.407387 11.879645 0
