5.45 -7.97 1.65 23.99 1.86 45.406346 11.894247 1 0
5.59 -7.78 1.7 21.85 1.86 45.406346 11.894247 1 0
5.87 -7.76 1.68 22.05 1.86 45.406346 11.894247 1 0
5.88 -7.84 1.76 22.57 1.86 45.406346 11.894247 1 0
5.85 -7.88 2.1 22.59 1.86 45.406346 11.894247 1 0
5.67 -8.06 2.14 22.09 1.86 45.406346 11.894247 1 0
5.79 -7.84 2.26 22.96 1.86 45.406346 11.894247 1 0
5.48 -7.79 2.02 22.05 1.86 45.406346 11.894247 1 0
5.83 -8.0 1.75 22.04 1.86 45.406346 11.894247 1 0
5.67 -8.09 1.91 22.4 1.86 45.406346 11.894247 1 0
5.71 -7.5 2.05 22.33 1.86 45.406346 11.894247 1 0
5.67 -7.9 1.86 22.33 2.5 45.406348 11.894283 0 0
6.13 -7.71 1.81 21.92 2.5 45.406348 11.894283 1 0
5.84 -8.07 1.9 22.43 2.5 45.406348 11.894283 0 0
5.68 -7.86 1.73 22.38 2.5 45.406348 11.894283 1 0
5.75 -7.81 1.75 21.87 2.5 45.406348 11.894283 1 0
5.99 -8.04 1.74 21.87 2.5 45.406348 11.894283 1 0
5.8 -8.01 1.82 21.88 2.5 45.406348 11.894283 1 0
5.8 -7.96 1.78 22.09 2.5 45.406348 11.894283 1 0
5.67 -8.06 1.73 22.17 2.5 45.406348 11.894283 1 0
5.8 -7.83 1.9 22.21 2.5 45.406348 11.894283 1 0
5.82 -8.07 1.66 23.41 2.5 45.406348 11.894283 1 0
6.03 -7.99 1.77 22.14 2.5 45.406348 11.894283 1 0
5.71 -7.98 1.63 22.19 2.5 45.406348 11.894283 1 0
5.62 -7.99 2.0 22.14 2.5 45.406348 11.894283 1 0
5.61 -7.59 2.04 22.52 2.5 45.406348 11.894283 1 0
5.68 -8.11 1.98 22.0 2.5 45.406348 11.894283 1 0
5.83 -8.11 1.89 22.33 2.5 45.406348 11.894283 1 0
5.96 -7.79 1.82 21.93 2.91 45.406349 11.894322 0 0
5.54 -8.1 1.77 21.95 2.91 45.406349 11.894322 1 0
5.69 -7.65 1.61 22.07 2.91 45.406349 11.894322 0 0
5.14 -7.42 1.97 22.59 2.91 45.406349 11.894322 1 0
6.04 -8.43 2.11 22.14 2.91 45.406349 11.894322 1 0
5.96 -8.05 2.36 24.94 2.91 45.406349 11.894322 1 0
5.72 -7.46 1.74 22.5 2.91 45.406349 11.894322 1 0
