6.12 -8.03 1.89 23.19 2.64 45.406345 11.894134 1 0
5.32 -7.97 1.71 21.97 2.64 45.406345 11.894134 1 0
5.97 -7.64 1.75 22.54 2.64 45.406345 11.894134 1 0
6.04 -8.21 1.64 22.84 2.64 45.406345 11.894134 1 0
5.86 -7.81 1.76 22.54 2.64 45.406345 11.894134 1 0
5.6 -7.84 1.59 23.32 2.64 45.406345 11.894134 1 0
5.74 -7.36 1.61 22.93 2.64 45.406345 11.894134 1 0
5.54 -8.15 1.87 22.04 2.64 45.406345 11.894134 1 0
6.19 -7.87 1.83 22.09 2.64 45.406345 11.894134 1 0
5.64 -7.77 1.77 22.43 2.64 45.406345 11.894134 1 0
5.66 -8.05 1.77 26.93 2.64 45.406345 11.894134 1 0
5.62 -7.87 1.78 22.43 2.2 45.406343 11.894158 0 0
5.55 -7.4 1.81 21.83 2.2 45.406343 11.894158 1 0
5.54 -9.75 1.55 22.54 2.2 45.406343 11.894158 0 0
6.13 -7.98 2.05 22.76 2.2 45.406343 11.894158 1 0
4.96 -7.63 1.78 21.93 2.2 45.406343 11.894158 1 0
5.56 -7.82 1.89 22.21 2.2 45.406343 11.894158 1 0
5.85 -7.67 1.77 25.48 2.2 45.406343 11.894158 1 0
5.63 -6.14 1.93 21.08 2.2 45.406343 11.894158 1 0
5.95 -9.1 1.95 21.59 2.2 45.406343 11.894158 1 0
5.61 -8.36 1.9 22.52 2.2 45.406343 11.894158 1 0
6.1 -8.41 1.77 22.47 2.2 45.406343 11.894158 1 0
4.77 -7.18 2.04 22.81 2.2 45.406343 11.894158 1 0
5.55 -6.99 1.93 23.31 2.2 45.406343 11.894158 1 0
6.65 -8.19 1.65 22.59 2.2 45.406343 11.894158 1 0
6.09 -7.64 1.77 21.13 2.2 45.406343 11.894158 1 0
6.56 -9.64 1.29 21.73 2.2 45.406343 11.894158 1 0
5.81 -9.35 1.79 22.48 2.2 45.406343 11.894158 1 0
5.92 -6.91 0.86 26.03 2.31 45.406344 11.894185 0 0
5.37 -7.48 1.88 22.91 2.31 45.406344 11.894185 1 0
5.61 -8.04 1.63 22.4 2.31 45.406344 11.894185 0 0
5.65 -8.74 1.57 21.93 2.31 45.406344 11.894185 1 0
5.43 -7.61 1.94 26.1 2.31 45.406344 11.894185 1 0
5.42 -7.93 1.5 21.97 2.31 45.406344 11.894185 1 0
5.89 -7.84 1.63 23.39 2.31 45.406344 11.894185 1 0
