5.49 -5.18 1.39 24.08 2.93 45.406301 11.894336 1 1
7.07 -6.84 2.05 22.81 3.15 45.406303 11.894384 0 1
7.63 -9.14 -0.8 22.59 3.15 45.406303 11.894384 1 1
7.96 -10.87 1.34 22.66 3.15 45.406303 11.894384 0 1
4.45 -7.7 1.75 22.14 3.15 45.406303 11.894384 1 1
4.22 -7.38 1.29 20.87 3.15 45.406303 11.894384 1 1
11.2 -10.03 -0.17 20.25 3.15 45.406303 11.894384 1 1
5.64 -9.54 2.16 21.47 3.15 45.406303 11.894384 1 1
5.32 -7.25 2.47 22.26 3.15 45.406303 11.894384 1 1
3.94 -6.03 1.82 22.42 3.15 45.406303 11.894384 1 1
6.17 -6.13 2.21 23.38 3.15 45.406303 11.894384 1 1
6.91 -8.84 2.02 21.95 3.15 45.406303 11.894384 1 1
6.94 -8.45 1.91 23.12 3.15 45.406303 11.894384 1 1
4.95 -8.05 1.65 22.6 3.15 45.406303 11.894384 1 1
4.87 -6.72 1.59 22.35 3.15 45.406303 11.894384 1 1
6.2 -9.61 2.03 21.4 3.15 45.406303 11.894384 1 1
5.96 -6.72 1.9 21.75 3.15 45.406303 11.894384 1 1
5.84 -9.07 1.92 23.98 3.15 45.406303 11.894384 1 1
5.73 -9.08 1.5 24.2 3.15 45.406303 11.894384 1 1
6.03 -6.86 1.61 22.59 3.08 45.406313 11.894429 0 1
5.38 -6.88 2.02 23.12 3.08 45.406313 11.894429 1 1
6.02 -7.96 2.16 22.54 3.08 45.406313 11.894429 0 1
5.72 -7.75 1.82 22.12 3.08 45.406313 11.894429 1 1
6.56 -8.03 1.4 20.96 3.08 45.406313 11.894429 1 1
5.78 -10.19 1.5 21.3 3.08 45.406313 11.894429 1 1
5.27 -7.46 1.57 22.47 3.08 45.406313 11.894429 1 1
4.96 -7.14 1.9 21.78 3.08 45.406313 11.894429 1 1
6.08 -7.48 1.85 21.69 3.08 45.406313 11.894429 1 1
6.1 -8.19 1.69 21.78 3.08 45.406313 11.894429 1 1
5.86 -8.77 1.75 22.52 3.08 45.406313 11.894429 1 1
5.43 -7.83 1.6 23.29 3.08 45.406313 11.894429 1 1
5.27 -7.17 1.55 22.4 3.08 45.406313 11.894429 1 1
6.09 -7.86 1.68 23.15 3.08 45.406313 11.894429 1 1
6.31 -8.22 1.82 25.09 3.08 45.406313 11.894429 1 1
5.75 -7.98 1.89 22.23 3.08 45.406313 11.894429 1 1
