6.16 -7.92 1.83 23.36 3.5 45.877591 12.307103 0
6.57 -7.47 1.74 23.03 3.5 45.877591 12.307103 0
6.49 -8.19 2.46 22.95 3.5 45.877591 12.307103 0
6.07 -8.0 2.6 32.22 3.3 45.877582 12.307063 1
6.07 -8.04 2.1 23.02 3.3 45.877582 12.307063 0
5.89 -8.13 1.86 23.79 3.3 45.877582 12.307063 1
5.49 -7.77 2.27 23.48 3.3 45.877582 12.307063 0
5.2 -7.89 2.09 23.05 3.3 45.877582 12.307063 0
5.41 -7.98 1.29 26.33 3.3 45.877582 12.307063 0
5.65 -7.88 1.95 24.08 3.3 45.877582 12.307063 0
6.11 -7.1 2.17 22.33 3.3 45.877582 12.307063 0
6.36 -7.47 1.7 23.6 3.3 45.877582 12.307063 0
5.74 -7.84 2.45 23.34 3.3 45.877582 12.307063 0
5.91 -7.52 2.33 24.06 3.3 45.877582 12.307063 0
6.68 -8.48 1.76 23.34 3.3 45.877582 12.307063 0
5.9 -7.57 1.58 23.2 3.3 45.877582 12.307063 0
6.24 -8.1 1.98 24.87 3.3 45.877582 12.307063 0
5.78 -7.88 2.2 23.14 3.3 45.877582 12.307063 0
5.38 -8.13 2.15 24.37 3.3 45.877582 12.307063 0
5.59 -8.28 1.95 22.17 3.3 45.877582 12.307063 0
5.72 -7.74 1.77 23.15 3.38 45.877572 12.307022 1
5.7 -7.91 1.83 23.94 3.38 45.877572 12.307022 0
5.99 -8.11 1.85 23.48 3.38 45.877572 12.307022 1
6.31 -7.71 0.85 22.98 3.38 45.877572 12.307022 0
5.83 -8.05 1.93 23.53 3.38 45.877572 12.307022 0
6.17 -7.99 1.79 22.52 3.38 45.877572 12.307022 0
5.53 -7.98 2.37 23.87 3.38 45.877572 12.307022 0
5.95 -7.9 1.78 23.14 3.38 45.877572 12.307022 0
5.99 -8.27 1.45 23.32 3.38 45.877572 12.307022 0
5.12 -7.49 1.52 23.2 3.38 45.877572 12.307022 0
5.88 -8.33 1.94 22.69 3.38 45.877572 12.307022 0
5.82 -8.26 2.15 23.53 3.38 45.877572 12.307022 0
5.9 -7.83 2.03 23.14 3.38 45.877572 12.307022 0
6.36 -7.86 2.17 23.72 3.38 45.877572 12.307022 0
5.79 -7.31 2.25 24.97 3.38 45.877572 12.307022 0
