4.31 -6.32 2.24 24.78 3.34 45.877546 12.306896 1
5.7 -5.4 0.95 32.48 3.34 45.877546 12.306896 0
4.96 -7.9 -0.44 22.38 3.34 45.877546 12.306896 1
5.09 -14.05 0.77 21.78 3.34 45.877546 12.306896 0
5.45 -8.66 2.06 22.62 3.34 45.877546 12.306896 0
8.39 -4.27 1.36 24.99 3.34 45.877546 12.306896 0
5.44 -12.19 1.5 25.78 3.34 45.877546 12.306896 0
7.07 -8.04 0.66 21.21 3.34 45.877546 12.306896 0
5.18 -7.55 2.36 28.19 3.34 45.877546 12.306896 0
4.56 -13.63 2.21 22.24 3.34 45.877546 12.306896 0
4.02 -1.62 1.36 22.9 3.34 45.877546 12.306896 0
8.39 -8.19 1.95 22.43 3.34 45.877546 12.306896 0
3.71 -7.45 2.6 22.43 3.34 45.877546 12.306896 0
7.29 -10.81 2.23 22.71 3.34 45.877546 12.306896 0
5.49 -8.99 3.08 23.62 3.34 45.877546 12.306896 0
5.18 -5.21 1.81 22.26 3.34 45.877546 12.306896 0
6.24 -9.39 2.34 22.12 3.34 45.877546 12.306896 0
4.5 -8.16 3.05 21.97 3.45 45.877525 12.306862 1
5.33 -7.67 1.59 22.07 3.45 45.877525 12.306862 0
5.87 -7.2 2.69 22.31 3.45 45.877525 12.306862 1
6.35 -7.28 2.08 22.67 3.45 45.877525 12.306862 0
7.46 -6.61 2.07 23.03 3.45 45.877525 12.306862 0
2.23 -4.82 1.82 22.14 3.45 45.877525 12.306862 0
8.03 -17.65 2.66 22.05 3.45 45.877525 12.306862 0
1.96 -7.49 2.68 24.18 3.45 45.877525 12.306862 0
5.57 -9.78 1.27 24.71 3.45 45.877525 12.306862 0
5.25 -6.76 3.25 26.05 3.45 45.877525 12.306862 0
7.87 -5.0 0.35 21.75 3.45 45.877525 12.306862 0
4.22 -12.86 2.03 21.27 3.45 45.877525 12.306862 0
6.17 -8.01 1.24 22.04 3.45 45.877525 12.306862 0
6.47 -5.62 1.92 22.88 3.45 45.877525 12.306862 0
6.64 -7.35 1.82 23.03 3.45 45.877525 12.306862 0
5.12 -6.26 2.38 22.54 3.45 45.877525 12.306862 0
6.29 -7.94 1.18 21.45 3.69 45.877496 12.306839 1
5.8 -9.04 1.85 22.47 3.69 45.877496 12.306839 0
