5.47 -8.21 1.36 23.6 3.44 45.877624 12.307256 0
5.79 -7.92 1.88 23.03 3.44 45.877624 12.307256 0
5.86 -7.76 1.47 22.69 3.44 45.877624 12.307256 0
5.79 -8.0 2.09 22.66 3.44 45.877624 12.307256 0
5.72 -7.66 1.91 22.9 3.44 45.877624 12.307256 0
6.2 -7.62 1.47 23.84 3.44 45.877624 12.307256 0
5.89 -7.29 1.71 22.72 3.15 45.877614 12.307219 1
5.59 -7.77 1.84 23.08 3.15 45.877614 12.307219 0
6.2 -7.85 1.73 22.86 3.15 45.877614 12.307219 1
5.91 -7.85 1.61 22.64 3.15 45.877614 12.307219 0
5.77 -7.84 1.55 23.19 3.15 45.877614 12.307219 0
5.37 -7.67 2.16 22.71 3.15 45.877614 12.307219 0
5.85 -8.0 1.82 22.59 3.15 45.877614 12.307219 0
6.16 -8.29 2.18 23.2 3.15 45.877614 12.307219 0
5.89 -7.52 1.45 22.84 3.15 45.877614 12.307219 0
5.81 -7.45 1.99 23.65 3.15 45.877614 12.307219 0
5.9 -7.54 2.03 23.2 3.15 45.877614 12.307219 0
5.98 -7.52 1.92 22.71 3.15 45.877614 12.307219 0
6.46 -8.03 1.79 24.68 3.15 45.877614 12.307219 0
6.2 -7.75 1.94 23.96 3.15 45.877614 12.307219 0
5.71 -7.56 1.75 22.84 3.15 45.877614 12.307219 0
5.72 -7.54 1.83 23.02 3.15 45.877614 12.307219 0
5.79 -7.74 2.05 23.02 2.66 45.877605 12.307187 1
5.93 -8.12 1.72 22.54 2.66 45.877605 12.307187 0
5.96 -7.32 1.98 22.64 2.66 45.877605 12.307187 1
6.02 -7.46 2.18 24.71 2.66 45.877605 12.307187 0
6.03 -7.63 1.87 26.24 2.66 45.877605 12.307187 0
6.16 -7.35 1.55 23.0 2.66 45.877605 12.307187 0
6.28 -8.25 1.62 22.98 2.66 45.877605 12.307187 0
6.38 -7.14 1.42 23.03 2.66 45.877605 12.307187 0
6.02 -7.6 1.59 23.5 2.66 45.877605 12.307187 0
5.91 -7.75 1.72 23.12 2.66 45.877605 12.307187 0
6.04 -7.9 2.02 23.65 2.66 45.877605 12.307187 0
5.62 -7.74 1.8 24.11 2.66 45.877605 12.307187 0
5.86 -7.84 1.85 24.06 2.66 45.877605 12.307187 0
