6.2 -7.71 1.99 21.66 1.22 45.408431 11.890076 0 0
6.25 -7.43 2.03 22.07 1.22 45.408431 11.890076 1 0
6.57 -7.2 2.07 21.97 1.22 45.408431 11.890076 1 0
6.74 -7.2 2.1 21.87 1.22 45.408431 11.890076 0 0
6.43 -7.47 2.11 21.8 1.22 45.408431 11.890076 1 0
6.07 -7.71 2.09 21.88 1.22 45.408431 11.890076 0 0
6.01 -7.78 2.05 21.88 1.22 45.408431 11.890076 1 0
5.94 -7.87 1.88 21.56 1.22 45.408431 11.890076 1 0
5.62 -8.08 1.57 22.31 1.22 45.408431 11.890076 1 0
5.4 -8.21 1.38 21.9 1.22 45.408431 11.890076 1 0
5.61 -8.07 1.53 21.95 1.22 45.408431 11.890076 1 0
6.0 -7.77 1.75 22.07 1.22 45.408431 11.890076 1 0
6.21 -7.56 1.72 22.48 1.22 45.408431 11.890076 1 0
6.29 -7.43 1.62 22.07 1.22 45.408431 11.890076 1 0
6.45 -7.36 1.74 22.04 1.22 45.408431 11.890076 1 0
6.53 -7.39 1.93 22.12 1.22 45.408431 11.890076 1 0
6.3 -7.48 1.76 22.07 1.22 45.408431 11.890076 1 0
5.99 -7.51 1.29 22.54 1.22 45.408431 11.890076 1 0
5.89 -7.58 1.06 22.07 1.22 45.408431 11.890076 1 0
5.89 -7.78 1.31 21.81 1.22 45.408431 11.890076 1 0
5.79 -7.9 1.67 21.93 1.46 45.408425 11.890057 0 0
5.73 -7.88 1.82 21.85 1.46 45.408425 11.890057 1 0
5.8 -7.93 1.85 21.92 1.46 45.408425 11.890057 0 0
5.87 -7.94 1.95 22.0 1.46 45.408425 11.890057 1 0
5.96 -7.74 2.02 21.97 1.46 45.408425 11.890057 1 0
6.13 -7.68 1.88 21.8 1.46 45.408425 11.890057 1 0
6.09 -7.9 1.63 21.95 1.46 45.408425 11.890057 1 0
5.83 -7.91 1.6 22.02 1.46 45.408425 11.890057 1 0
5.87 -7.59 1.83 22.02 1.46 45.408425 11.890057 1 0
6.28 -7.5 2.0 22.43 1.46 45.408425 11.890057 1 0
6.41 -7.76 1.93 22.02 1.46 45.408425 11.890057 1 0
6.1 -7.83 1.86 22.09 1.46 45.408425 11.890057 1 0
5.87 -7.66 1.94 22.17 1.46 45.408425 11.890057 1 0
5.86 -7.68 1.97 22.17 1.46 45.408425 11.890057 1 0
5.79 -7.9 1.84 22.47 1.46 45.408425 11.890057 1 0
