5.63 -7.87 1.78 21.56 2.44 45.408320 11.889863 1
6.0 -7.87 2.06 22.47 2.78 45.408309 11.889824 0
5.58 -7.55 1.91 22.09 2.78 45.408309 11.889824 1
5.61 -8.23 1.75 21.59 2.78 45.408309 11.889824 0
6.08 -8.04 1.55 21.52 2.78 45.408309 11.889824 1
5.96 -7.85 2.01 22.42 2.78 45.408309 11.889824 1
5.81 -7.89 1.79 21.95 2.78 45.408309 11.889824 1
6.14 -7.55 1.76 22.0 2.78 45.408309 11.889824 1
5.76 -7.74 1.72 21.95 2.78 45.408309 11.889824 1
6.18 -7.88 1.94 22.21 2.78 45.408309 11.889824 1
5.96 -7.78 1.89 22.26 2.78 45.408309 11.889824 1
5.78 -7.87 2.05 22.28 2.78 45.408309 11.889824 1
5.77 -7.75 1.82 22.19 2.78 45.408309 11.889824 1
5.49 -8.11 1.83 22.12 2.78 45.408309 11.889824 1
6.04 -8.18 1.68 22.12 2.78 45.408309 11.889824 1
6.14 -8.02 1.61 22.11 2.78 45.408309 11.889824 1
6.05 -8.04 1.58 22.23 2.78 45.408309 11.889824 1
5.83 -7.66 1.74 22.14 2.78 45.408309 11.889824 1
5.99 -7.65 1.88 22.0 3.14 45.408292 11.889785 0
6.31 -8.08 1.65 21.81 3.14 45.408292 11.889785 1
5.87 -8.41 1.92 21.9 3.14 45.408292 11.889785 0
5.89 -7.53 1.69 22.0 3.14 45.408292 11.889785 1
5.56 -7.59 1.76 22.0 3.14 45.408292 11.889785 1
5.75 -8.33 1.84 21.85 3.14 45.408292 11.889785 1
5.54 -7.68 1.9 21.85 3.14 45.408292 11.889785 1
6.05 -8.27 1.98 21.97 3.14 45.408292 11.889785 1
5.76 -7.47 1.72 21.99 3.14 45.408292 11.889785 1
5.42 -7.59 1.65 21.63 3.14 45.408292 11.889785 1
6.2 -8.35 1.79 21.97 3.14 45.408292 11.889785 1
6.14 -7.44 2.18 21.56 3.14 45.408292 11.889785 1
6.12 -8.08 2.02 22.47 3.14 45.408292 11.889785 1
5.72 -7.76 1.79 22.02 3.14 45.408292 11.889785 1
5.95 -7.71 1.9 21.95 3.14 45.408292 11.889785 1
5.78 -7.81 1.86 21.56 3.14 45.408292 11.889785 1
5.68 -7.9 1.54 21.47 3.14 45.408292 11.889785 1
