5.75 -7.47 1.58 21.9 3.16 45.408372 11.890087 0
5.75 -7.92 1.91 21.4 3.16 45.408372 11.890087 1
6.05 -8.16 2.01 21.32 3.16 45.408372 11.890087 1
6.25 -7.91 1.76 21.37 3.16 45.408372 11.890087 0
5.64 -7.43 1.81 21.51 3.16 45.408372 11.890087 1
5.97 -7.57 1.54 21.39 3.16 45.408372 11.890087 1
5.93 -7.7 1.92 21.35 3.16 45.408372 11.890087 1
6.11 -8.1 2.11 22.04 3.16 45.408372 11.890087 1
5.85 -8.02 2.24 22.26 3.16 45.408372 11.890087 1
5.51 -7.4 2.06 22.31 3.16 45.408372 11.890087 1
5.51 -7.75 1.85 21.56 3.16 45.408372 11.890087 1
6.13 -8.29 2.05 21.75 3.16 45.408372 11.890087 1
6.35 -8.58 1.76 21.88 3.16 45.408372 11.890087 1
5.85 -7.53 1.42 22.14 3.16 45.408372 11.890087 1
5.83 -7.37 1.51 22.16 3.16 45.408372 11.890087 1
6.05 -7.63 1.3 22.52 3.16 45.408372 11.890087 1
6.23 -7.85 1.6 21.47 3.16 45.408372 11.890087 1
6.37 -7.97 1.87 21.42 3.16 45.408372 11.890087 1
5.94 -7.72 2.36 22.31 1.56 45.408364 11.890068 0
5.57 -7.51 1.91 21.95 1.56 45.408364 11.890068 1
5.31 -8.14 1.73 22.42 1.56 45.408364 11.890068 0
5.96 -8.07 1.56 21.42 1.56 45.408364 11.890068 1
5.98 -8.02 1.79 21.87 1.56 45.408364 11.890068 1
5.92 -7.78 1.64 22.0 1.56 45.408364 11.890068 1
5.67 -7.98 1.69 21.85 1.56 45.408364 11.890068 1
5.73 -7.45 2.09 21.95 1.56 45.408364 11.890068 1
6.15 -7.94 1.89 22.31 1.56 45.408364 11.890068 1
6.41 -7.4 2.01 23.08 1.56 45.408364 11.890068 1
5.85 -7.31 2.01 22.07 1.56 45.408364 11.890068 1
6.02 -8.08 1.73 21.47 1.56 45.408364 11.890068 1
5.95 -8.39 1.85 21.9 1.56 45.408364 11.890068 1
5.68 -8.11 2.02 22.07 1.56 45.408364 11.890068 1
5.63 -7.79 1.69 22.17 1.56 45.408364 11.890068 1
5.65 -7.64 1.74 21.68 1.56 45.408364 11.890068 1
5.74 -7.97 1.69 21.93 1.56 45.408364 11.890068 1
