5.85 -7.66 1.85 21.9 2.31 45.408334 11.889916 1
6.02 -7.83 1.71 21.81 2.03 45.408327 11.889891 0
5.82 -7.81 1.83 21.92 2.03 45.408327 11.889891 1
5.97 -7.9 1.47 22.4 2.03 45.408327 11.889891 0
5.79 -8.04 1.59 22.07 2.03 45.408327 11.889891 1
5.46 -7.79 1.55 22.05 2.03 45.408327 11.889891 1
5.64 -8.22 1.73 21.97 2.03 45.408327 11.889891 1
5.97 -8.14 1.9 21.8 2.03 45.408327 11.889891 1
5.82 -8.05 2.24 21.95 2.03 45.408327 11.889891 1
5.84 -7.48 2.17 22.52 2.03 45.408327 11.889891 1
5.98 -7.78 1.8 22.47 2.03 45.408327 11.889891 1
6.23 -7.81 1.99 21.99 2.03 45.408327 11.889891 1
5.6 -7.75 1.79 21.99 2.03 45.408327 11.889891 1
6.2 -8.18 1.66 22.07 2.03 45.408327 11.889891 1
5.52 -7.83 1.66 22.16 2.03 45.408327 11.889891 1
5.71 -7.58 1.73 21.76 2.03 45.408327 11.889891 1
5.42 -7.91 1.66 22.43 2.03 45.408327 11.889891 1
6.08 -7.93 1.96 22.31 2.03 45.408327 11.889891 1
5.97 -8.07 2.06 21.87 2.44 45.408320 11.889863 0
5.79 -7.66 1.94 22.45 2.44 45.408320 11.889863 1
5.86 -7.67 1.59 22.05 2.44 45.408320 11.889863 0
5.9 -7.65 1.81 21.85 2.44 45.408320 11.889863 1
6.24 -7.67 1.77 21.87 2.44 45.408320 11.889863 1
5.84 -8.08 1.8 21.92 2.44 45.408320 11.889863 1
5.83 -7.65 1.87 21.97 2.44 45.408320 11.889863 1
5.74 -7.94 1.51 21.92 2.44 45.408320 11.889863 1
5.67 -8.24 1.64 22.42 2.44 45.408320 11.889863 1
5.71 -8.13 1.87 22.11 2.44 45.408320 11.889863 1
5.96 -7.44 1.98 22.04 2.44 45.408320 11.889863 1
5.87 -8.05 1.75 22.52 2.44 45.408320 11.889863 1
5.89 -8.0 2.14 22.16 2.44 45.408320 11.889863 1
5.9 -7.83 1.92 22.17 2.44 45.408320 11.889863 1
5.96 -7.71 1.97 21.93 2.44 45.408320 11.889863 1
5.83 -7.86 1.47 21.97 2.44 45.408320 11.889863 1
6.18 -8.03 1.76 21.97 2.44 45.408320 11.889863 1
