5.84 -8.16 2.21 21.92 3.01 45.408253 11.889706 1
6.17 -7.82 1.65 21.97 2.32 45.408239 11.889676 0
6.13 -7.63 1.6 22.02 2.32 45.408239 11.889676 1
6.15 -7.41 1.31 22.36 2.32 45.408239 11.889676 0
5.89 -7.8 1.74 21.9 2.32 45.408239 11.889676 1
6.13 -7.98 2.09 22.74 2.32 45.408239 11.889676 1
5.75 -7.71 1.86 21.92 2.32 45.408239 11.889676 1
5.61 -7.91 1.56 21.8 2.32 45.408239 11.889676 1
5.9 -8.25 1.31 22.26 2.32 45.408239 11.889676 1
5.35 -7.96 1.65 22.02 2.32 45.408239 11.889676 1
5.54 -8.07 1.91 22.54 2.32 45.408239 11.889676 1
6.26 -7.48 2.0 22.04 2.32 45.408239 11.889676 1
5.54 -7.34 1.76 22.02 2.32 45.408239 11.889676 1
5.74 -8.14 2.07 22.07 2.32 45.408239 11.889676 1
5.99 -7.91 1.79 22.43 2.32 45.408239 11.889676 1
5.8 -7.77 2.01 22.02 2.32 45.408239 11.889676 1
5.45 -8.07 2.14 21.54 2.32 45.408239 11.889676 1
6.01 -7.61 2.19 21.81 2.32 45.408239 11.889676 1
5.99 -8.26 1.65 21.66 1.27 45.408226 11.889656 0
5.59 -7.68 1.66 22.24 1.27 45.408226 11.889656 1
5.66 -8.1 1.58 22.23 1.27 45.408226 11.889656 0
5.51 -7.71 1.69 21.93 1.27 45.408226 11.889656 1
5.69 -8.47 1.93 21.93 1.27 45.408226 11.889656 1
6.02 -7.92 1.83 21.81 1.27 45.408226 11.889656 1
6.01 -8.0 1.73 22.17 1.27 45.408226 11.889656 1
5.7 -7.79 1.84 22.23 1.27 45.408226 11.889656 1
5.84 -7.65 1.8 22.21 1.27 45.408226 11.889656 1
5.98 -8.21 1.8 22.07 1.27 45.408226 11.889656 1
5.9 -7.68 1.58 22.02 1.27 45.408226 11.889656 1
5.81 -8.68 1.63 22.02 1.27 45.408226 11.889656 1
5.67 -7.56 1.97 22.09 1.27 45.408226 11.889656 1
5.57 -8.06 1.93 22.55 1.27 45.408226 11.889656 1
5.79 -7.75 1.72 22.07 1.27 45.408226 11.889656 1
6.18 -7.97 1.81 22.12 1.27 45.408226 11.889656 1
5.53 -8.03 1.98 21.52 1.27 45.408226 11.889656 1
