5.51 -7.9 1.52 22.14 3.49 45.408397 11.890154 0
5.56 -8.08 1.59 22.12 3.49 45.408397 11.890154 1
5.7 -7.72 1.77 22.02 3.49 45.408397 11.890154 1
6.03 -8.0 1.86 21.92 3.49 45.408397 11.890154 0
6.33 -7.93 1.75 21.76 3.49 45.408397 11.890154 1
6.33 -7.66 1.88 21.9 3.49 45.408397 11.890154 1
6.2 -7.6 1.74 21.69 3.49 45.408397 11.890154 1
6.17 -7.42 1.36 22.05 3.49 45.408397 11.890154 1
5.9 -7.72 1.56 21.87 3.49 45.408397 11.890154 1
5.64 -8.42 1.57 21.92 3.49 45.408397 11.890154 1
4.9 -9.3 1.55 21.56 3.49 45.408397 11.890154 1
5.28 -8.05 1.42 22.04 3.49 45.408397 11.890154 1
5.93 -7.52 1.87 22.52 3.49 45.408397 11.890154 1
5.85 -7.75 2.2 22.05 3.49 45.408397 11.890154 1
5.89 -7.94 1.9 22.11 3.49 45.408397 11.890154 1
5.92 -7.85 2.07 21.61 3.49 45.408397 11.890154 1
6.22 -7.52 2.36 22.04 3.49 45.408397 11.890154 1
6.22 -7.72 2.2 22.0 3.49 45.408397 11.890154 1
5.89 -7.86 2.03 21.85 2.64 45.408384 11.890124 0
5.88 -7.75 1.8 21.97 2.64 45.408384 11.890124 1
5.82 -8.27 1.73 22.0 2.64 45.408384 11.890124 0
5.57 -7.75 1.79 22.05 2.64 45.408384 11.890124 1
5.53 -8.23 1.76 21.93 2.64 45.408384 11.890124 1
5.8 -7.93 1.88 21.51 2.64 45.408384 11.890124 1
5.64 -7.97 2.03 21.54 2.64 45.408384 11.890124 1
5.78 -7.94 1.86 21.95 2.64 45.408384 11.890124 1
5.65 -7.69 1.89 22.07 2.64 45.408384 11.890124 1
5.81 -7.7 1.78 21.56 2.64 45.408384 11.890124 1
6.49 -8.16 1.66 21.97 2.64 45.408384 11.890124 1
5.87 -7.66 1.68 22.16 2.64 45.408384 11.890124 1
5.49 -7.87 1.7 22.12 2.64 45.408384 11.890124 1
5.89 -7.62 1.72 21.61 2.64 45.408384 11.890124 1
5.95 -8.33 1.57 21.52 2.64 45.408384 11.890124 1
5.93 -8.18 1.7 22.12 2.64 45.408384 11.890124 1
6.0 -7.63 1.85 21.75 2.64 45.408384 11.890124 1
