5.62 -7.79 1.93 21.99 1.27 45.408226 11.889656 1
5.87 -8.06 1.95 21.88 2.15 45.408236 11.889626 0
5.67 -7.8 1.68 21.85 2.15 45.408236 11.889626 1
5.69 -8.16 1.72 21.97 2.15 45.408236 11.889626 0
5.93 -8.34 1.51 22.33 2.15 45.408236 11.889626 1
5.56 -7.92 1.7 22.21 2.15 45.408236 11.889626 1
5.52 -8.13 1.87 22.23 2.15 45.408236 11.889626 1
5.5 -7.6 1.88 22.02 2.15 45.408236 11.889626 1
5.37 -8.02 1.67 21.81 2.15 45.408236 11.889626 1
6.01 -8.49 1.8 21.76 2.15 45.408236 11.889626 1
5.88 -8.45 1.82 21.92 2.15 45.408236 11.889626 1
5.39 -8.03 1.88 21.92 2.15 45.408236 11.889626 1
5.31 -7.5 1.36 22.0 2.15 45.408236 11.889626 1
5.51 -7.59 1.61 21.97 2.15 45.408236 11.889626 1
5.52 -7.59 1.6 21.96 2.15 45.408236 11.889626 1
5.51 -7.6 1.62 21.98 2.15 45.408236 11.889626 1
5.51 -7.6 1.6 21.97 2.15 45.408236 11.889626 1
5.51 -7.59 1.62 21.96 2.15 45.408236 11.889626 1
5.52 -7.59 1.62 21.96 2.15 45.408236 11.889626 1
5.52 -7.59 1.61 21.98 2.15 45.408236 11.889626 1
5.52 -7.59 1.61 21.96 2.15 45.408236 11.889626 1
5.52 -7.6 1.61 21.96 2.15 45.408236 11.889626 1
5.5 -7.6 1.61 21.96 2.15 45.408236 11.889626 1
5.5 -7.58 1.6 21.96 2.15 45.408236 11.889626 1
5.5 -7.6 1.61 21.97 2.15 45.408236 11.889626 1
5.51 -7.6 1.61 21.97 2.15 45.408236 11.889626 1
5.51 -7.59 1.61 21.97 2.15 45.408236 11.889626 1
5.51 -7.59 1.61 21.97 2.15 45.408236 11.889626 1
5.5 -7.59 1.61 21.98 2.15 45.408236 11.889626 1
5.52 -7.59 1.62 21.97 2.15 45.408236 11.889626 1
5.51 -7.6 1.62 21.97 2.15 45.408236 11.889626 1
5.52 -7.58 1.61 21.97 2.15 45.408236 11.889626 1
5.51 -7.59 1.62 21.98 2.15 45.408236 11.889626 1
5.52 -7.59 1.62 21.97 2.15 45.408236 11.889626 1
5.5 -7.6 1.6 21.96 2.15 45.408236 11.889626 1
