5.76 -7.73 1.85 22.57 2.5 45.408023 11.888517 1 0
5.89 -7.8 1.84 22.07 2.5 45.408023 11.888517 1 0
5.94 -7.95 1.83 22.52 2.5 45.408023 11.888517 1 0
5.86 -8.0 1.85 22.52 2.5 45.408023 11.888517 1 0
5.94 -7.81 1.89 22.11 2.5 45.408023 11.888517 1 0
6.09 -7.67 1.96 22.16 2.5 45.408023 11.888517 1 0
6.05 -7.84 2.03 21.87 2.5 45.408023 11.888517 1 0
6.07 -7.87 2.0 22.47 2.5 45.408023 11.888517 1 0
6.32 -7.53 1.88 22.9 2.31 45.408021 11.888485 0 0
6.35 -7.45 1.81 25.6 2.31 45.408021 11.888485 1 0
6.03 -7.78 1.85 21.75 2.31 45.408021 11.888485 0 0
5.93 -7.78 1.83 22.16 2.31 45.408021 11.888485 1 0
6.17 -7.54 1.62 22.16 2.31 45.408021 11.888485 1 0
6.21 -7.71 1.44 21.8 2.31 45.408021 11.888485 1 0
6.04 -7.86 1.55 22.66 2.31 45.408021 11.888485 1 0
5.98 -7.45 1.67 21.95 2.31 45.408021 11.888485 1 0
5.94 -7.28 1.51 21.56 2.31 45.408021 11.888485 1 0
5.83 -7.77 1.43 22.0 2.31 45.408021 11.888485 1 0
5.9 -8.0 1.74 21.97 2.31 45.408021 11.888485 1 0
6.1 -7.64 2.04 22.09 2.31 45.408021 11.888485 1 0
6.15 -7.41 1.93 22.26 2.31 45.408021 11.888485 1 0
6.23 -7.49 1.68 22.16 2.31 45.408021 11.888485 1 0
6.43 -7.58 1.6 21.9 2.31 45.408021 11.888485 1 0
6.34 -7.79 1.66 21.85 2.31 45.408021 11.888485 1 0
6.01 -7.98 1.82 22.26 2.31 45.408021 11.888485 1 0
6.01 -7.63 2.04 21.87 3.14 45.408018 11.888446 0 0
6.23 -7.19 2.11 21.85 3.14 45.408018 11.888446 1 0
6.11 -7.44 2.0 22.0 3.14 45.408018 11.888446 0 0
5.79 -7.91 1.95 22.09 3.14 45.408018 11.888446 1 0
5.74 -7.82 2.03 46.41 3.14 45.408018 11.888446 1 0
5.85 -7.66 2.01 22.76 3.14 45.408018 11.888446 1 0
5.88 -7.96 1.87 21.76 3.14 45.408018 11.888446 1 0
5.98 -8.11 1.79 22.26 3.14 45.408018 11.888446 1 0
6.18 -7.64 1.83 22.05 3.14 45.408018 11.888446 1 0
6.19 -7.24 1.91 22.26 3.14 45.408018 11.888446 1 0
