6.08 -7.67 1.82 21.63 2.66 45.408011 11.888582 1 0
6.14 -7.86 1.73 22.54 2.66 45.408011 11.888582 1 0
5.9 -7.71 1.83 22.16 2.66 45.408011 11.888582 1 0
6.11 -7.71 1.84 22.21 2.66 45.408011 11.888582 1 0
6.0 -7.74 1.69 22.19 2.66 45.408011 11.888582 1 0
5.86 -7.83 1.9 22.09 2.66 45.408011 11.888582 1 0
5.94 -7.87 1.81 21.83 2.66 45.408011 11.888582 1 0
6.01 -7.97 1.98 21.51 2.56 45.408018 11.888550 0 0
6.07 -7.67 2.01 22.28 2.56 45.408018 11.888550 1 0
5.94 -7.75 1.68 22.31 2.56 45.408018 11.888550 1 0
5.56 -8.06 1.88 21.85 2.56 45.408018 11.888550 0 0
5.71 -7.77 1.84 22.24 2.56 45.408018 11.888550 1 0
5.79 -7.9 1.8 21.32 2.56 45.408018 11.888550 1 0
5.91 -7.83 1.95 21.87 2.56 45.408018 11.888550 1 0
5.88 -8.1 1.81 21.87 2.56 45.408018 11.888550 1 0
5.96 -7.77 1.85 21.87 2.56 45.408018 11.888550 1 0
6.12 -7.48 1.72 21.99 2.56 45.408018 11.888550 1 0
6.22 -7.85 1.8 22.4 2.56 45.408018 11.888550 1 0
5.95 -7.73 1.83 21.95 2.56 45.408018 11.888550 1 0
6.29 -8.11 1.85 22.0 2.56 45.408018 11.888550 1 0
5.87 -7.49 1.88 22.04 2.56 45.408018 11.888550 1 0
6.01 -7.81 1.89 22.05 2.56 45.408018 11.888550 1 0
5.87 -7.79 1.92 22.11 2.56 45.408018 11.888550 1 0
5.78 -7.87 1.86 22.0 2.56 45.408018 11.888550 1 0
5.77 -7.9 1.7 21.92 2.56 45.408018 11.888550 1 0
5.65 -8.13 1.7 21.95 2.5 45.408023 11.888517 0 0
5.77 -8.05 1.61 22.36 2.5 45.408023 11.888517 1 0
5.75 -8.0 1.7 22.48 2.5 45.408023 11.888517 0 0
5.68 -7.9 1.9 22.48 2.5 45.408023 11.888517 1 0
5.89 -7.78 1.76 22.0 2.5 45.408023 11.888517 1 0
6.02 -7.75 1.9 21.95 2.5 45.408023 11.888517 1 0
6.09 -7.83 1.88 21.9 2.5 45.408023 11.888517 1 0
5.93 -7.78 1.81 21.9 2.5 45.408023 11.888517 1 0
5.97 -8.2 1.8 22.05 2.5 45.408023 11.888517 1 0
5.78 -7.66 1.85 22.11 2.5 45.408023 11.888517 1 0
