5.09 -8.54 1.79 21.92 2.78 45.407992 11.888287 1 1
5.5 -7.47 1.67 21.2 2.78 45.407992 11.888287 1 1
5.05 -5.8 1.77 21.8 2.78 45.407992 11.888287 1 1
10.33 -9.53 1.42 20.68 2.78 45.407992 11.888287 1 1
7.34 -9.88 2.44 22.93 2.78 45.407992 11.888287 1 1
3.79 -7.7 1.78 24.54 2.78 45.407992 11.888287 1 1
4.3 -6.71 1.67 24.42 2.78 45.407992 11.888287 1 1
7.29 -9.78 6.37 21.23 2.78 45.407992 11.888287 1 1
8.2 -12.93 2.46 20.32 2.92 45.407983 11.888251 0 1
7.92 -11.0 4.15 21.54 2.92 45.407983 11.888251 1 1
4.01 -5.18 0.92 21.75 2.92 45.407983 11.888251 0 1
3.93 -6.9 2.16 21.8 2.92 45.407983 11.888251 1 1
3.79 -8.6 2.09 21.54 2.92 45.407983 11.888251 1 1
7.5 -6.94 1.6 21.59 2.92 45.407983 11.888251 1 1
7.55 -8.78 2.02 21.44 2.92 45.407983 11.888251 1 1
4.55 -8.49 1.81 22.11 2.92 45.407983 11.888251 1 1
4.86 -7.37 1.81 22.26 2.92 45.407983 11.888251 1 1
6.03 -7.87 2.04 21.59 2.92 45.407983 11.888251 1 1
6.54 -7.95 1.64 21.95 2.92 45.407983 11.888251 1 1
6.01 -8.32 1.89 22.02 2.92 45.407983 11.888251 1 1
5.57 -7.7 1.76 21.75 2.92 45.407983 11.888251 1 1
5.48 -8.06 1.97 22.16 2.92 45.407983 11.888251 1 1
6.15 -7.68 1.68 22.11 2.92 45.407983 11.888251 1 1
5.74 -8.06 1.73 22.12 2.92 45.407983 11.888251 1 1
5.56 -8.09 1.58 21.64 2.92 45.407983 11.888251 1 1
5.63 -7.9 1.52 21.97 2.82 45.407966 11.888222 0 1
5.88 -8.05 1.43 21.85 2.82 45.407966 11.888222 1 1
5.69 -8.03 1.77 21.49 2.82 45.407966 11.888222 0 1
5.64 -8.23 1.9 22.0 2.82 45.407966 11.888222 1 1
5.4 -8.16 1.87 22.04 2.82 45.407966 11.888222 1 1
5.6 -7.76 1.62 22.04 2.82 45.407966 11.888222 1 1
5.69 -8.22 1.6 21.9 2.82 45.407966 11.888222 1 1
5.82 -7.97 1.71 21.4 2.82 45.407966 11.888222 1 1
5.72 -7.81 1.79 22.04 2.82 45.407966 11.888222 1 1
5.46 -7.97 1.78 22.07 2.82 45.407966 11.888222 1 1
