5.75 -7.45 1.77 22.12 1.83 45.408343 11.889976 1 0
5.96 -7.81 1.7 21.54 1.83 45.408343 11.889976 1 0
6.13 -8.18 1.79 21.85 1.83 45.408343 11.889976 1 0
6.06 -8.02 1.95 21.59 1.83 45.408343 11.889976 1 0
5.8 -7.61 1.93 22.07 1.83 45.408343 11.889976 1 0
5.57 -7.64 1.7 22.14 1.83 45.408343 11.889976 1 0
5.61 -8.09 1.53 21.47 1.83 45.408343 11.889976 1 0
5.85 -8.26 1.49 21.99 2.36 45.408332 11.889944 0 0
5.87 -7.95 1.56 21.66 2.36 45.408332 11.889944 1 0
5.64 -7.68 1.78 22.54 2.36 45.408332 11.889944 0 0
5.68 -7.73 2.0 21.93 2.36 45.408332 11.889944 1 0
6.07 -7.89 1.97 21.49 2.36 45.408332 11.889944 1 0
6.25 -7.91 1.83 21.51 2.36 45.408332 11.889944 1 0
5.97 -7.79 1.89 21.49 2.36 45.408332 11.889944 1 0
5.69 -7.7 2.07 21.97 2.36 45.408332 11.889944 1 0
5.77 -7.81 2.05 21.95 2.36 45.408332 11.889944 1 0
5.94 -8.03 1.88 22.02 2.36 45.408332 11.889944 1 0
5.89 -8.05 1.8 22.09 2.36 45.408332 11.889944 1 0
5.75 -7.87 1.79 22.5 2.36 45.408332 11.889944 1 0
5.73 -7.86 1.78 22.09 2.36 45.408332 11.889944 1 0
5.78 -8.02 1.79 21.64 2.36 45.408332 11.889944 1 0
5.79 -7.93 1.82 22.0 2.36 45.408332 11.889944 1 0
5.89 -7.66 1.83 21.59 2.36 45.408332 11.889944 1 0
6.12 -7.66 1.87 22.35 2.36 45.408332 11.889944 1 0
6.14 -7.81 1.88 22.43 2.36 45.408332 11.889944 1 0
5.87 -7.75 1.76 22.09 1.33 45.408330 11.889926 0 0
5.74 -7.68 1.61 21.99 1.33 45.408330 11.889926 1 0
6.02 -7.87 1.64 21.87 1.33 45.408330 11.889926 0 0
6.19 -8.03 1.74 21.88 1.33 45.408330 11.889926 1 0
5.8 -7.93 1.67 22.48 1.33 45.408330 11.889926 1 0
5.37 -7.8 1.51 22.04 1.33 45.408330 11.889926 1 0
5.55 -7.8 1.52 22.04 1.33 45.408330 11.889926 1 0
6.02 -7.85 1.7 21.92 1.33 45.408330 11.889926 1 0
6.11 -7.94 1.84 21.66 1.33 45.408330 11.889926 1 0
5.95 -7.91 1.85 22.14 1.33 45.408330 11.889926 1 0
