5.74 -7.71 1.56 24.27 1.77 45.406357 11.894410 1
5.78 -7.64 1.48 22.9 1.77 45.406357 11.894410 0
5.76 -7.85 1.55 21.9 1.77 45.406357 11.894410 1
5.76 -8.0 1.69 21.78 1.77 45.406357 11.894410 1
5.85 -8.08 1.73 21.73 1.77 45.406357 11.894410 1
5.85 -8.11 1.73 21.81 1.77 45.406357 11.894410 1
5.69 -7.93 1.87 21.57 1.77 45.406357 11.894410 1
5.62 -7.64 1.99 22.66 1.77 45.406357 11.894410 1
5.76 -7.6 1.85 24.03 1.77 45.406357 11.894410 1
6.01 -7.83 1.63 22.6 1.77 45.406357 11.894410 1
6.1 -8.04 1.66 22.26 1.77 45.406357 11.894410 1
5.96 -8.09 1.75 22.26 1.77 45.406357 11.894410 1
5.8 -8.02 1.64 22.69 1.77 45.406357 11.894410 1
5.85 -7.87 1.58 22.6 1.77 45.406357 11.894410 1
6.0 -7.86 1.77 22.47 1.77 45.406357 11.894410 1
5.94 -8.12 1.86 21.81 1.77 45.406357 11.894410 1
5.75 -8.32 1.68 21.73 1.64 45.406358 11.894433 0
5.69 -8.13 1.54 21.88 1.64 45.406358 11.894433 1
5.75 -7.85 1.64 22.84 1.64 45.406358 11.894433 0
5.78 -7.81 1.72 22.84 1.64 45.406358 11.894433 1
5.76 -7.87 1.68 22.83 1.64 45.406358 11.894433 1
5.76 -7.85 1.66 22.84 1.64 45.406358 11.894433 1
5.77 -7.82 1.69 22.84 1.64 45.406358 11.894433 1
5.77 -7.85 1.69 22.85 1.64 45.406358 11.894433 1
5.77 -7.84 1.67 22.83 1.64 45.406358 11.894433 1
5.77 -7.82 1.68 22.83 1.64 45.406358 11.894433 1
5.76 -7.84 1.68 22.85 1.64 45.406358 11.894433 1
5.76 -7.85 1.68 22.83 1.64 45.406358 11.894433 1
5.78 -7.83 1.68 22.85 1.64 45.406358 11.894433 1
5.77 -7.83 1.68 22.84 1.64 45.406358 11.894433 1
5.76 -7.85 1.68 22.85 1.64 45.406358 11.894433 1
5.77 -7.84 1.68 22.83 1.64 45.406358 11.894433 1
5.77 -7.84 1.69 22.84 1.64 45.406358 11.894433 1
5.77 -7.84 1.69 22.84 1.64 45.406358 11.894433 1
5.78 -7.83 1.69 22.85 1.64 45.406358 11.894433 1
