5.76 -8.02 1.58 21.87 0.72 45.406315 11.893907 0
6.46 -7.57 1.82 22.42 0.72 45.406315 11.893907 1
6.86 -7.23 1.82 22.4 0.72 45.406315 11.893907 1
6.81 -7.09 1.69 22.38 0.72 45.406315 11.893907 1
6.53 -7.25 1.64 21.42 0.72 45.406315 11.893907 1
6.43 -7.64 1.69 22.19 0.72 45.406315 11.893907 1
6.5 -7.86 1.78 22.9 0.72 45.406315 11.893907 1
6.44 -7.61 1.77 22.48 0.72 45.406315 11.893907 1
6.13 -7.37 1.6 22.14 0.72 45.406315 11.893907 1
5.77 -7.79 1.46 23.92 0.72 45.406315 11.893907 1
5.48 -8.4 1.52 22.0 0.72 45.406315 11.893907 1
5.36 -8.37 1.71 22.4 0.72 45.406315 11.893907 1
5.44 -8.05 1.9 22.76 0.72 45.406315 11.893907 1
5.65 -8.21 1.93 23.2 0.72 45.406315 11.893907 1
5.95 -8.42 1.69 22.02 0.72 45.406315 11.893907 1
6.25 -7.98 1.56 22.35 0.72 45.406315 11.893907 1
6.39 -7.35 1.85 22.4 2.01 45.406312 11.893928 0
6.29 -7.31 1.98 21.52 2.01 45.406312 11.893928 1
6.21 -7.72 1.49 22.29 2.01 45.406312 11.893928 0
6.33 -7.98 1.09 22.69 2.01 45.406312 11.893928 1
6.44 -7.76 1.35 22.35 2.01 45.406312 11.893928 1
6.34 -7.32 1.68 22.04 2.01 45.406312 11.893928 1
6.17 -7.25 1.7 23.6 2.01 45.406312 11.893928 1
6.11 -7.67 1.85 22.23 2.01 45.406312 11.893928 1
6.09 -7.94 2.08 22.0 2.01 45.406312 11.893928 1
5.92 -7.88 1.89 26.0 2.01 45.406312 11.893928 1
5.69 -7.92 1.62 23.36 2.01 45.406312 11.893928 1
5.65 -8.03 1.81 22.57 2.01 45.406312 11.893928 1
5.84 -7.86 2.06 22.21 2.01 45.406312 11.893928 1
6.02 -7.66 1.88 23.46 2.01 45.406312 11.893928 1
6.08 -7.75 1.68 22.24 2.01 45.406312 11.893928 1
6.19 -7.76 1.96 22.66 2.01 45.406312 11.893928 1
6.27 -7.57 2.3 22.09 2.01 45.406312 11.893928 1
6.14 -7.68 2.18 21.95 1.41 45.406317 11.893947 0
5.99 -8.0 1.85 22.45 1.41 45.406317 11.893947 1
