5.93 -7.17 1.89 21.33 1.73 45.406322 11.894303 0
5.73 -6.72 1.73 22.86 1.73 45.406322 11.894303 1
4.93 -7.45 1.47 21.06 1.73 45.406322 11.894303 1
5.93 -9.08 1.94 20.31 1.73 45.406322 11.894303 1
7.8 -10.11 2.12 21.23 1.73 45.406322 11.894303 1
6.78 -8.74 1.34 27.22 1.73 45.406322 11.894303 1
4.12 -6.16 1.57 25.76 1.73 45.406322 11.894303 1
4.62 -7.0 3.41 25.97 1.73 45.406322 11.894303 1
7.73 -12.11 3.74 21.11 1.73 45.406322 11.894303 1
8.81 -15.04 1.42 19.77 1.73 45.406322 11.894303 1
6.99 -11.51 -0.1 21.78 1.73 45.406322 11.894303 1
4.84 -6.41 1.1 21.69 1.73 45.406322 11.894303 1
3.77 -4.98 2.42 23.2 1.73 45.406322 11.894303 1
4.17 -5.64 2.02 22.11 1.73 45.406322 11.894303 1
5.99 -6.52 1.35 21.68 1.73 45.406322 11.894303 1
7.57 -8.67 1.54 20.36 1.73 45.406322 11.894303 1
7.13 -10.13 1.76 23.15 2.31 45.406324 11.894338 0
5.51 -8.04 1.62 24.85 2.31 45.406324 11.894338 1
5.06 -5.64 1.75 24.06 2.31 45.406324 11.894338 0
6.33 -7.19 1.83 23.62 2.31 45.406324 11.894338 1
7.22 -10.09 1.11 23.31 2.31 45.406324 11.894338 1
6.18 -10.15 0.67 22.95 2.31 45.406324 11.894338 1
4.82 -8.69 1.85 22.38 2.31 45.406324 11.894338 1
5.44 -8.38 3.18 21.23 2.31 45.406324 11.894338 1
7.15 -8.64 2.61 20.84 2.31 45.406324 11.894338 1
7.37 -8.17 1.21 21.8 2.31 45.406324 11.894338 1
5.92 -7.26 1.06 22.09 2.31 45.406324 11.894338 1
4.87 -6.69 1.79 22.52 2.31 45.406324 11.894338 1
5.45 -6.92 2.26 22.9 2.31 45.406324 11.894338 1
6.62 -7.91 2.4 22.66 2.31 45.406324 11.894338 1
6.41 -8.89 2.05 22.45 2.31 45.406324 11.894338 1
4.84 -8.98 1.31 22.36 2.31 45.406324 11.894338 1
4.34 -8.15 1.31 22.62 2.31 45.406324 11.894338 1
5.78 -7.31 1.97 22.0 1.62 45.406331 11.894366 0
6.95 -7.55 1.68 21.52 1.62 45.406331 11.894366 1
