6.1 -7.96 1.77 22.84 1.41 45.406317 11.893947 0
6.2 -7.7 1.89 22.45 1.41 45.406317 11.893947 1
6.02 -7.68 1.86 22.86 1.41 45.406317 11.893947 1
5.82 -7.83 1.66 21.93 1.41 45.406317 11.893947 1
5.84 -7.91 1.54 21.97 1.41 45.406317 11.893947 1
5.85 -7.95 1.55 22.28 1.41 45.406317 11.893947 1
5.78 -7.88 1.59 21.99 1.41 45.406317 11.893947 1
5.84 -7.72 1.57 22.91 1.41 45.406317 11.893947 1
6.01 -7.83 1.57 23.07 1.41 45.406317 11.893947 1
6.09 -8.06 1.69 22.04 1.41 45.406317 11.893947 1
6.04 -7.89 1.87 21.99 1.41 45.406317 11.893947 1
5.93 -7.57 1.85 22.42 1.41 45.406317 11.893947 1
5.88 -7.71 1.56 22.48 1.41 45.406317 11.893947 1
6.0 -8.0 1.38 22.09 1.41 45.406317 11.893947 1
6.11 -7.82 1.62 22.14 1.41 45.406317 11.893947 1
5.95 -7.49 1.98 22.42 1.41 45.406317 11.893947 1
5.79 -7.58 2.05 22.38 2.08 45.406321 11.893972 0
5.96 -7.81 1.88 22.35 2.08 45.406321 11.893972 1
6.16 -7.91 1.74 22.76 2.08 45.406321 11.893972 0
5.93 -8.1 1.79 22.31 2.08 45.406321 11.893972 1
5.54 -8.26 2.01 21.88 2.08 45.406321 11.893972 1
5.49 -8.01 2.1 22.84 2.08 45.406321 11.893972 1
5.71 -7.67 1.8 22.43 2.08 45.406321 11.893972 1
5.92 -7.78 1.4 24.11 2.08 45.406321 11.893972 1
6.05 -8.01 1.42 22.36 2.08 45.406321 11.893972 1
6.06 -7.82 1.77 23.68 2.08 45.406321 11.893972 1
5.92 -7.56 1.93 22.59 2.08 45.406321 11.893972 1
5.9 -7.71 1.76 22.45 2.08 45.406321 11.893972 1
6.09 -7.93 1.62 22.09 2.08 45.406321 11.893972 1
6.1 -7.81 1.76 21.95 2.08 45.406321 11.893972 1
5.85 -7.7 1.96 22.81 2.08 45.406321 11.893972 1
5.83 -7.9 1.89 23.72 2.08 45.406321 11.893972 1
6.07 -8.07 1.65 21.93 2.08 45.406321 11.893972 1
6.02 -7.94 1.62 22.59 1.77 45.406323 11.893995 0
5.77 -7.77 1.73 22.0 1.77 45.406323 11.893995 1
