5.79 -7.88 1.81 21.78 2.98 45.407751 11.899333 0
6.0 -7.71 1.64 22.33 2.98 45.407751 11.899333 1
6.06 -7.29 1.65 22.26 2.98 45.407751 11.899333 0
6.03 -7.71 1.77 21.68 2.98 45.407751 11.899333 1
6.32 -7.77 1.79 21.73 2.98 45.407751 11.899333 1
5.99 -7.82 1.73 22.64 2.98 45.407751 11.899333 1
6.06 -7.69 1.67 21.78 2.98 45.407751 11.899333 1
6.17 -7.52 1.72 22.64 2.98 45.407751 11.899333 1
5.96 -7.62 1.86 21.9 2.98 45.407751 11.899333 1
5.72 -8.06 1.94 21.9 2.98 45.407751 11.899333 1
5.59 -8.17 1.54 22.76 2.98 45.407751 11.899333 1
5.6 -7.84 1.83 22.35 2.98 45.407751 11.899333 1
6.01 -7.89 1.77 22.31 2.98 45.407751 11.899333 1
6.02 -7.87 1.83 22.76 2.98 45.407751 11.899333 1
5.87 -7.6 1.88 21.95 2.98 45.407751 11.899333 1
6.32 -7.64 2.05 21.85 2.98 45.407751 11.899333 1
6.12 -7.94 1.87 23.02 2.98 45.407751 11.899333 1
6.2 -7.73 2.11 22.16 2.98 45.407751 11.899333 1
6.12 -7.68 1.79 22.24 2.23 45.407764 11.899359 0
6.28 -7.72 1.86 21.83 2.23 45.407764 11.899359 1
5.52 -7.94 2.32 22.26 2.23 45.407764 11.899359 0
5.54 -8.04 2.5 23.1 2.23 45.407764 11.899359 1
5.85 -7.5 2.45 21.39 2.23 45.407764 11.899359 1
6.01 -8.07 2.3 22.24 2.23 45.407764 11.899359 1
5.63 -7.95 2.27 22.19 2.23 45.407764 11.899359 1
5.73 -7.89 1.83 23.29 2.23 45.407764 11.899359 1
6.01 -7.68 1.99 22.45 2.23 45.407764 11.899359 1
6.29 -7.81 1.99 22.6 2.23 45.407764 11.899359 1
6.14 -7.37 2.08 22.11 2.23 45.407764 11.899359 1
5.76 -7.49 1.52 21.97 2.23 45.407764 11.899359 1
6.23 -8.09 1.39 21.95 2.23 45.407764 11.899359 1
5.86 -7.65 1.64 21.95 2.23 45.407764 11.899359 1
6.4 -7.64 1.41 21.95 2.23 45.407764 11.899359 1
6.27 -7.67 1.22 22.0 2.23 45.407764 11.899359 1
5.8 -7.82 1.54 21.44 2.23 45.407764 11.899359 1
