6.06 -7.87 1.83 21.93 2.77 45.407848 11.899764 0
6.07 -7.53 1.94 21.95 2.77 45.407848 11.899764 1
5.96 -8.01 1.98 21.92 2.77 45.407848 11.899764 0
5.82 -7.83 2.02 21.93 2.77 45.407848 11.899764 1
5.92 -8.0 1.93 21.93 2.77 45.407848 11.899764 1
5.92 -7.85 2.12 21.99 2.77 45.407848 11.899764 1
5.72 -7.73 2.4 22.04 2.77 45.407848 11.899764 1
5.99 -7.61 1.98 22.04 2.77 45.407848 11.899764 1
6.02 -7.22 1.48 22.0 2.77 45.407848 11.899764 1
5.86 -8.13 1.74 21.9 2.77 45.407848 11.899764 1
5.86 -8.13 1.73 21.9 2.77 45.407848 11.899764 1
5.87 -8.13 1.75 21.9 2.77 45.407848 11.899764 1
5.87 -8.13 1.74 21.89 2.77 45.407848 11.899764 1
5.85 -8.13 1.73 21.9 2.77 45.407848 11.899764 1
5.85 -8.12 1.74 21.9 2.77 45.407848 11.899764 1
5.85 -8.13 1.74 21.91 2.77 45.407848 11.899764 1
5.86 -8.13 1.74 21.9 2.77 45.407848 11.899764 1
5.86 -8.13 1.74 21.9 2.77 45.407848 11.899764 1
5.86 -8.13 1.74 21.9 2.77 45.407848 11.899764 1
5.86 -8.13 1.75 21.9 2.77 45.407848 11.899764 1
5.85 -8.12 1.73 21.89 2.77 45.407848 11.899764 1
5.85 -8.13 1.74 21.91 2.77 45.407848 11.899764 1
5.85 -8.13 1.73 21.9 2.77 45.407848 11.899764 1
5.86 -8.14 1.75 21.89 2.77 45.407848 11.899764 1
5.85 -8.13 1.74 21.91 2.77 45.407848 11.899764 1
5.86 -8.14 1.74 21.89 2.77 45.407848 11.899764 1
5.87 -8.12 1.73 21.91 2.77 45.407848 11.899764 1
5.86 -8.12 1.74 21.9 2.77 45.407848 11.899764 1
5.86 -8.13 1.75 21.9 2.77 45.407848 11.899764 1
5.86 -8.14 1.74 21.89 2.77 45.407848 11.899764 1
5.87 -8.12 1.74 21.89 2.77 45.407848 11.899764 1
5.87 -8.14 1.75 21.9 2.77 45.407848 11.899764 1
5.86 -8.14 1.75 21.89 2.77 45.407848 11.899764 1
5.86 -8.13 1.74 21.9 2.77 45.407848 11.899764 1
5.87 -8.13 1.75 21.9 2.77 45.407848 11.899764 1
