6.69 -7.37 1.99 21.93 0.42 45.395891 11.875923 0
6.81 -7.32 1.55 21.85 0.42 45.395891 11.875923 0
7.03 -6.92 1.61 21.33 0.42 45.395891 11.875923 0
6.78 -7.21 1.62 21.78 0.42 45.395891 11.875923 0
7.05 -6.7 1.69 21.59 0.42 45.395891 11.875923 0
7.66 -7.06 1.42 21.63 0.81 45.395896 11.875931 1
6.64 -7.06 1.7 21.37 0.81 45.395896 11.875931 0
6.19 -7.44 1.49 21.93 0.81 45.395896 11.875931 1
6.25 -7.09 2.44 21.39 0.81 45.395896 11.875931 0
6.49 -7.76 2.96 22.38 0.81 45.395896 11.875931 0
6.11 -7.14 3.56 21.49 0.81 45.395896 11.875931 0
6.48 -7.19 1.91 21.42 0.81 45.395896 11.875931 0
6.43 -7.35 1.81 21.9 0.81 45.395896 11.875931 0
5.77 -8.26 1.8 21.99 0.81 45.395896 11.875931 0
5.73 -8.26 1.37 21.99 0.81 45.395896 11.875931 0
5.68 -7.96 1.69 22.14 0.81 45.395896 11.875931 0
5.55 -7.42 1.95 21.68 0.81 45.395896 11.875931 0
5.85 -7.72 1.77 21.9 0.81 45.395896 11.875931 0
5.78 -8.11 1.49 21.4 0.81 45.395896 11.875931 0
5.87 -8.07 1.5 21.81 0.81 45.395896 11.875931 0
6.08 -7.71 1.98 21.52 0.81 45.395896 11.875931 0
6.31 -7.43 1.78 21.37 0.81 45.395896 11.875931 0
6.13 -7.45 1.85 21.42 0.81 45.395896 11.875931 0
6.06 -7.66 2.06 21.9 1.75 45.395909 11.875940 1
6.34 -7.6 1.5 21.57 1.75 45.395909 11.875940 0
6.24 -7.54 1.48 21.9 1.75 45.395909 11.875940 1
6.24 -7.71 1.66 21.99 1.75 45.395909 11.875940 0
6.23 -7.69 1.53 22.04 1.75 45.395909 11.875940 0
6.25 -7.63 1.53 22.02 1.75 45.395909 11.875940 0
6.42 -7.37 1.64 21.88 1.75 45.395909 11.875940 0
6.32 -7.37 1.67 21.64 1.75 45.395909 11.875940 0
6.52 -7.56 1.33 21.64 1.75 45.395909 11.875940 0
6.19 -8.01 1.54 22.02 1.75 45.395909 11.875940 0
5.78 -7.84 1.58 21.66 1.75 45.395909 11.875940 0
5.8 -7.62 1.42 21.56 1.75 45.395909 11.875940 0
