5.69 -9.95 1.41 21.3 2.82 45.407364 11.879505 0
6.81 -5.67 1.82 23.96 2.82 45.407364 11.879505 0
3.96 -7.09 0.76 23.32 2.82 45.407364 11.879505 0
6.8 -6.89 1.86 24.52 2.82 45.407364 11.879505 0
6.15 -4.93 2.08 23.19 2.82 45.407364 11.879505 0
5.56 -8.77 2.12 23.08 2.82 45.407364 11.879505 0
5.17 -8.43 2.2 22.48 2.82 45.407364 11.879505 0
6.25 -12.07 2.66 23.75 2.82 45.407364 11.879505 0
3.99 -6.05 1.23 22.83 2.82 45.407364 11.879505 0
4.97 -8.18 2.23 24.1 2.82 45.407364 11.879505 0
5.24 -5.98 2.43 22.84 2.82 45.407364 11.879505 0
5.87 -5.97 2.05 22.07 2.82 45.407364 11.879505 0
6.11 -8.58 2.53 23.03 2.82 45.407364 11.879505 0
5.6 -9.58 1.51 22.21 2.82 45.407364 11.879505 0
4.12 -7.27 2.5 22.54 2.97 45.407365 11.879469 1
7.81 -7.68 0.96 24.23 2.97 45.407365 11.879469 0
6.67 -6.29 1.52 22.26 2.97 45.407365 11.879469 1
4.91 -8.8 2.61 23.82 2.97 45.407365 11.879469 0
6.37 -8.99 2.7 22.16 2.97 45.407365 11.879469 0
5.17 -8.8 0.82 21.59 2.97 45.407365 11.879469 0
6.75 -5.9 1.09 23.02 2.97 45.407365 11.879469 0
5.71 -8.05 1.86 23.48 2.97 45.407365 11.879469 0
7.17 -9.08 1.31 23.08 2.97 45.407365 11.879469 0
4.89 -7.67 4.81 23.24 2.97 45.407365 11.879469 0
6.08 -8.69 1.11 22.31 2.97 45.407365 11.879469 0
6.05 -8.08 1.12 23.12 2.97 45.407365 11.879469 0
5.48 -8.43 2.78 22.07 2.97 45.407365 11.879469 0
5.98 -7.72 1.56 21.56 2.97 45.407365 11.879469 0
4.44 -8.13 2.24 22.52 2.97 45.407365 11.879469 0
5.9 -6.7 1.12 23.58 2.97 45.407365 11.879469 0
6.08 -7.6 2.02 21.69 2.97 45.407365 11.879469 0
3.59 -7.74 3.18 21.92 2.74 45.407374 11.879437 1
6.9 -10.91 0.89 22.19 2.74 45.407374 11.879437 0
5.85 -7.95 1.26 22.11 2.74 45.407374 11.879437 1
4.79 -6.82 2.55 23.08 2.74 45.407374 11.879437 0
