5.98 -7.53 1.9 22.36 1.61 45.407382 11.879865 0
5.84 -7.66 1.86 22.24 1.61 45.407382 11.879865 0
5.88 -8.19 1.84 22.29 1.61 45.407382 11.879865 0
5.96 -8.05 2.12 21.49 1.61 45.407382 11.879865 0
6.44 -7.67 2.04 22.47 1.61 45.407382 11.879865 0
5.71 -8.52 2.09 22.07 1.61 45.407382 11.879865 0
5.02 -7.9 1.59 21.9 1.61 45.407382 11.879865 0
5.82 -7.75 1.28 21.92 1.61 45.407382 11.879865 0
5.76 -7.58 2.02 22.07 1.61 45.407382 11.879865 0
6.18 -7.84 2.18 21.56 1.61 45.407382 11.879865 0
5.87 -7.92 1.58 21.85 1.61 45.407382 11.879865 0
5.87 -8.29 1.79 21.56 1.61 45.407382 11.879865 0
5.87 -8.1 1.58 22.11 1.61 45.407382 11.879865 0
5.93 -7.62 1.91 22.26 1.61 45.407382 11.879865 0
6.08 -7.11 1.88 22.07 1.61 45.407382 11.879865 0
6.05 -7.7 1.55 21.95 2.12 45.407380 11.879836 1
5.94 -8.0 1.7 21.35 2.12 45.407380 11.879836 0
6.01 -8.25 1.91 21.51 2.12 45.407380 11.879836 1
6.06 -7.67 1.83 21.71 2.12 45.407380 11.879836 0
5.99 -7.59 1.67 21.85 2.12 45.407380 11.879836 0
5.8 -7.82 1.58 21.85 2.12 45.407380 11.879836 0
5.87 -7.83 1.53 21.8 2.12 45.407380 11.879836 0
5.79 -8.09 1.37 22.23 2.12 45.407380 11.879836 0
5.85 -8.19 1.41 22.16 2.12 45.407380 11.879836 0
6.07 -7.74 1.66 22.11 2.12 45.407380 11.879836 0
5.79 -7.82 1.58 22.26 2.12 45.407380 11.879836 0
5.89 -8.15 1.54 21.9 2.12 45.407380 11.879836 0
6.11 -7.87 1.79 21.92 2.12 45.407380 11.879836 0
5.96 -7.27 2.09 21.87 2.12 45.407380 11.879836 0
6.15 -7.91 1.53 22.36 2.12 45.407380 11.879836 0
5.72 -7.92 1.78 21.9 2.12 45.407380 11.879836 0
5.91 -7.99 1.65 22.05 2.12 45.407380 11.879836 0
6.05 -7.44 1.77 21.39 2.43 45.407379 11.879805 1
6.09 -7.89 1.87 21.54 2.43 45.407379 11.879805 0
6.02 -8.38 1.86 21.4 2.43 45.407379 11.879805 1
