6.51 -7.77 1.82 22.05 1.19 45.407392 11.879932 1
6.16 -7.5 1.42 22.11 1.19 45.407392 11.879932 0
6.45 -7.27 1.69 22.04 1.19 45.407392 11.879932 0
6.32 -7.5 1.79 22.07 1.19 45.407392 11.879932 0
6.34 -6.97 1.65 21.64 1.19 45.407392 11.879932 0
6.61 -7.58 1.32 21.95 1.19 45.407392 11.879932 0
6.16 -8.16 1.82 21.95 1.19 45.407392 11.879932 0
5.94 -7.66 1.9 21.97 1.19 45.407392 11.879932 0
5.68 -7.81 2.09 21.52 1.19 45.407392 11.879932 0
5.68 -8.26 1.79 21.57 1.19 45.407392 11.879932 0
5.68 -8.24 1.81 21.59 1.19 45.407392 11.879932 0
5.81 -7.71 1.98 21.64 1.19 45.407392 11.879932 0
5.85 -7.66 2.39 21.69 1.19 45.407392 11.879932 0
5.75 -7.96 2.19 22.21 1.19 45.407392 11.879932 0
5.58 -8.31 2.19 22.21 1.19 45.407392 11.879932 0
5.98 -7.72 1.95 21.81 1.55 45.407393 11.879913 1
5.9 -7.15 2.51 22.29 1.55 45.407393 11.879913 0
5.99 -7.51 1.89 22.14 1.55 45.407393 11.879913 1
6.31 -7.93 1.76 22.11 1.55 45.407393 11.879913 0
6.18 -7.95 2.07 22.0 1.55 45.407393 11.879913 0
6.3 -7.73 1.75 22.02 1.55 45.407393 11.879913 0
5.97 -7.75 1.74 22.09 1.55 45.407393 11.879913 0
5.88 -7.58 2.06 22.17 1.55 45.407393 11.879913 0
6.15 -7.78 1.91 21.66 1.55 45.407393 11.879913 0
6.06 -8.1 1.95 21.59 1.55 45.407393 11.879913 0
6.08 -7.46 1.96 22.0 1.55 45.407393 11.879913 0
5.9 -7.49 1.96 21.95 1.55 45.407393 11.879913 0
5.82 -7.78 2.21 21.95 1.55 45.407393 11.879913 0
5.69 -8.07 2.15 22.0 1.55 45.407393 11.879913 0
5.65 -8.15 1.7 22.02 1.55 45.407393 11.879913 0
5.81 -7.63 2.08 22.05 1.55 45.407393 11.879913 0
6.11 -7.71 2.12 21.44 1.55 45.407393 11.879913 0
5.62 -8.01 2.11 21.9 1.55 45.407393 11.879913 0
5.67 -8.14 1.83 21.59 2.42 45.407382 11.879894 1
5.59 -8.1 1.96 22.83 2.42 45.407382 11.879894 0
