6.25 -7.56 1.92 21.56 0.15 45.407386 11.879951 1
6.66 -7.16 1.81 22.05 0.15 45.407386 11.879951 0
6.67 -7.09 1.94 22.0 0.15 45.407386 11.879951 0
6.4 -7.27 1.91 21.95 0.15 45.407386 11.879951 0
6.45 -7.49 2.05 21.39 0.15 45.407386 11.879951 0
6.53 -7.51 2.06 21.95 0.15 45.407386 11.879951 0
6.43 -7.67 2.1 21.95 0.15 45.407386 11.879951 0
6.49 -7.47 2.3 21.51 0.15 45.407386 11.879951 0
6.21 -7.57 1.8 22.02 0.15 45.407386 11.879951 0
6.37 -8.06 1.92 21.59 0.15 45.407386 11.879951 0
6.52 -7.26 2.29 22.11 0.15 45.407386 11.879951 0
6.39 -7.17 2.11 22.26 0.15 45.407386 11.879951 0
6.12 -7.44 1.93 21.92 0.15 45.407386 11.879951 0
5.91 -7.75 2.06 22.28 0.15 45.407386 11.879951 0
5.69 -8.09 2.25 22.05 0.15 45.407386 11.879951 0
5.74 -7.93 1.76 21.75 0.73 45.407389 11.879946 1
5.92 -7.64 1.93 22.05 0.73 45.407389 11.879946 0
6.49 -7.45 2.27 22.28 0.73 45.407389 11.879946 1
6.05 -7.8 2.0 22.0 0.73 45.407389 11.879946 0
5.75 -7.97 1.77 21.9 0.73 45.407389 11.879946 0
5.84 -8.04 2.15 21.49 0.73 45.407389 11.879946 0
5.85 -8.09 1.77 21.45 0.73 45.407389 11.879946 0
5.98 -8.0 1.69 22.05 0.73 45.407389 11.879946 0
6.08 -7.57 1.66 22.11 0.73 45.407389 11.879946 0
6.47 -7.26 1.82 21.57 0.73 45.407389 11.879946 0
6.63 -7.27 2.03 21.92 0.73 45.407389 11.879946 0
6.51 -7.41 2.26 22.0 0.73 45.407389 11.879946 0
6.19 -7.8 1.97 22.05 0.73 45.407389 11.879946 0
5.55 -8.11 1.72 22.11 0.73 45.407389 11.879946 0
6.06 -7.65 1.84 22.07 0.73 45.407389 11.879946 0
6.61 -7.17 1.84 22.05 0.73 45.407389 11.879946 0
6.69 -7.28 2.21 21.49 0.73 45.407389 11.879946 0
6.32 -7.46 1.91 21.9 0.73 45.407389 11.879946 0
6.39 -7.65 1.41 21.76 1.19 45.407392 11.879932 1
6.3 -7.25 1.7 21.8 1.19 45.407392 11.879932 0
