5.8 -6.97 1.95 23.31 2.66 45.877629 12.307455 0 0
6.15 -6.97 1.48 22.55 2.66 45.877629 12.307455 0 0
6.17 -8.18 2.15 23.29 2.66 45.877629 12.307455 0 0
5.74 -7.33 2.06 22.71 2.66 45.877629 12.307455 0 0
5.84 -8.04 1.89 23.0 2.66 45.877629 12.307455 0 0
5.06 -7.79 1.8 22.72 2.66 45.877629 12.307455 0 0
4.85 -7.73 1.56 23.07 2.66 45.877629 12.307455 0 0
5.58 -7.75 1.52 23.17 2.66 45.877629 12.307455 0 0
5.83 -7.74 1.25 23.41 2.66 45.877629 12.307455 0 0
6.2 -7.81 1.32 23.79 2.66 45.877629 12.307455 0 0
6.55 -7.59 0.48 23.12 2.66 45.877629 12.307455 0 0
7.77 -6.71 0.86 23.51 2.66 45.877629 12.307455 0 0
6.25 -7.55 0.99 23.51 2.66 45.877629 12.307455 0 0
6.01 -7.82 1.18 23.63 2.66 45.877629 12.307455 0 0
6.44 -7.76 1.3 24.06 2.35 45.877631 12.307425 1 0
6.35 -7.76 2.04 23.07 2.35 45.877631 12.307425 0 0
7.16 -8.5 2.11 23.02 2.35 45.877631 12.307425 1 0
5.94 -7.91 1.73 23.6 2.35 45.877631 12.307425 0 0
5.43 -8.27 1.76 23.26 2.35 45.877631 12.307425 0 0
5.7 -7.91 1.69 22.55 2.35 45.877631 12.307425 0 0
5.99 -8.67 1.29 23.27 2.35 45.877631 12.307425 0 0
5.42 -8.29 2.28 23.79 2.35 45.877631 12.307425 0 0
6.18 -7.37 2.1 22.29 2.35 45.877631 12.307425 0 0
5.89 -6.61 1.93 23.94 2.35 45.877631 12.307425 0 0
6.29 -7.15 2.16 22.83 2.35 45.877631 12.307425 0 0
6.08 -7.7 1.94 23.15 2.35 45.877631 12.307425 0 0
6.92 -8.57 2.1 31.5 2.35 45.877631 12.307425 0 0
6.28 -8.76 2.04 22.67 2.35 45.877631 12.307425 0 0
5.91 -7.68 2.14 41.66 2.35 45.877631 12.307425 0 0
6.02 -8.64 1.91 23.05 2.35 45.877631 12.307425 0 0
6.01 -7.87 2.06 22.38 2.35 45.877631 12.307425 0 0
6.16 -7.65 2.09 23.31 2.4 45.877625 12.307397 1 0
5.98 -8.06 1.44 25.31 2.4 45.877625 12.307397 0 0
6.37 -7.06 1.44 23.84 2.4 45.877625 12.307397 1 0
6.62 -6.97 1.39 26.7 2.4 45.877625 12.307397 0 0
