6.34 -7.45 1.42 90.35 2.88 45.877554 12.307023 0 0
6.07 -7.1 1.89 23.48 2.88 45.877554 12.307023 0 0
6.63 -6.85 1.34 23.03 2.88 45.877554 12.307023 0 0
6.09 -7.19 2.05 23.31 2.88 45.877554 12.307023 0 0
6.15 -8.0 1.95 22.98 2.88 45.877554 12.307023 0 0
5.99 -7.67 1.24 24.32 3.1 45.877549 12.306983 1 0
5.41 -7.6 2.26 23.02 3.1 45.877549 12.306983 0 0
6.01 -8.51 1.2 23.34 3.1 45.877549 12.306983 1 0
5.82 -7.27 1.97 22.64 3.1 45.877549 12.306983 0 0
6.32 -8.04 1.7 22.62 3.1 45.877549 12.306983 0 0
5.48 -7.6 2.13 23.12 3.1 45.877549 12.306983 0 0
6.12 -7.86 2.38 23.2 3.1 45.877549 12.306983 0 0
6.5 -8.21 2.46 23.6 3.1 45.877549 12.306983 0 0
6.39 -7.4 1.92 23.67 3.1 45.877549 12.306983 0 0
6.85 -8.06 1.58 23.91 3.1 45.877549 12.306983 0 0
5.66 -7.74 1.78 23.58 3.1 45.877549 12.306983 0 0
5.84 -7.98 1.65 24.03 3.1 45.877549 12.306983 0 0
5.8 -7.12 1.42 22.76 3.1 45.877549 12.306983 0 0
5.93 -7.94 1.71 23.84 3.1 45.877549 12.306983 0 0
5.64 -7.76 0.91 23.19 3.1 45.877549 12.306983 0 0
5.5 -7.49 1.51 23.14 3.1 45.877549 12.306983 0 0
5.87 -7.77 1.76 24.2 3.1 45.877549 12.306983 0 0
6.0 -7.96 2.12 23.07 2.97 45.877543 12.306944 1 0
6.62 -7.88 0.88 23.46 2.97 45.877543 12.306944 0 0
6.28 -7.25 0.99 22.9 2.97 45.877543 12.306944 1 0
6.07 -7.67 1.11 22.57 2.97 45.877543 12.306944 0 0
6.62 -7.33 1.83 25.14 2.97 45.877543 12.306944 0 0
6.14 -7.74 1.47 22.91 2.97 45.877543 12.306944 0 0
5.78 -8.41 1.81 25.09 2.97 45.877543 12.306944 0 0
6.05 -8.53 2.09 23.72 2.97 45.877543 12.306944 0 0
5.55 -8.53 1.3 23.29 2.97 45.877543 12.306944 0 0
5.43 -8.0 1.39 22.71 2.97 45.877543 12.306944 0 0
5.5 -7.53 1.61 23.05 2.97 45.877543 12.306944 0 0
5.59 -7.94 2.08 21.95 2.97 45.877543 12.306944 0 0
7.65 -11.48 2.92 21.09 2.97 45.877543 12.306944 0 0
