5.37 -8.33 2.57 21.37 3.09 45.406323 11.894352 1 0
5.27 -8.17 1.93 21.73 3.09 45.406323 11.894352 1 0
5.61 -8.44 2.05 21.42 3.09 45.406323 11.894352 0 0
5.33 -8.47 1.92 22.09 3.09 45.406323 11.894352 1 0
5.63 -7.73 1.41 21.51 3.09 45.406323 11.894352 1 0
5.8 -7.29 2.09 25.04 3.09 45.406323 11.894352 1 0
6.53 -7.56 1.67 21.93 3.09 45.406323 11.894352 1 0
5.59 -7.7 1.69 21.88 3.09 45.406323 11.894352 1 0
5.61 -8.13 1.95 21.95 3.09 45.406323 11.894352 1 0
5.65 -8.06 1.98 21.95 3.09 45.406323 11.894352 1 0
5.9 -7.53 1.67 21.97 3.09 45.406323 11.894352 1 0
5.88 -7.86 1.88 21.95 3.09 45.406323 11.894352 1 0
5.9 -7.49 2.12 22.24 3.09 45.406323 11.894352 1 0
5.79 -8.19 1.69 21.75 3.09 45.406323 11.894352 1 0
6.62 -8.27 1.75 22.23 3.09 45.406323 11.894352 1 0
6.28 -7.03 1.58 22.0 3.09 45.406323 11.894352 1 0
5.9 -7.41 1.98 21.68 3.09 45.406323 11.894352 1 0
6.22 -8.0 1.66 22.05 2.56 45.406325 11.894389 0 0
5.48 -6.71 1.13 20.34 2.56 45.406325 11.894389 1 0
6.68 -6.45 1.21 20.77 2.56 45.406325 11.894389 0 0
6.5 -12.76 2.1 21.75 2.56 45.406325 11.894389 1 0
5.78 -7.24 1.36 24.82 2.56 45.406325 11.894389 1 0
6.37 -5.91 0.74 25.48 2.56 45.406325 11.894389 1 0
5.7 -11.33 2.36 24.35 2.56 45.406325 11.894389 1 0
4.5 -6.44 1.44 22.57 2.56 45.406325 11.894389 1 0
6.61 -8.11 3.25 21.28 2.56 45.406325 11.894389 1 0
6.69 -12.87 2.08 21.39 2.56 45.406325 11.894389 1 0
5.76 -8.72 1.56 21.59 2.56 45.406325 11.894389 1 0
4.63 -5.07 1.07 21.76 2.56 45.406325 11.894389 1 0
6.45 -7.93 2.69 21.44 2.56 45.406325 11.894389 1 0
5.64 -5.1 1.4 20.84 2.56 45.406325 11.894389 1 0
8.02 -8.25 1.62 21.28 2.56 45.406325 11.894389 1 0
6.94 -9.16 1.55 21.39 2.56 45.406325 11.894389 1 0
6.36 -8.73 2.08 22.71 2.56 45.406325 11.894389 1 0
4.63 -6.29 1.73 25.19 2.54 45.406332 11.894423 0 0
