6.22 -7.76 1.6 21.83 2.62 45.406358 11.894070 1 0
6.01 -7.96 1.7 21.83 2.62 45.406358 11.894070 0 0
5.67 -7.85 2.23 22.31 2.62 45.406358 11.894070 1 0
5.54 -7.69 2.37 23.99 2.62 45.406358 11.894070 1 0
5.65 -7.82 2.03 22.72 2.62 45.406358 11.894070 1 0
5.88 -8.0 1.73 21.78 2.62 45.406358 11.894070 1 0
5.94 -8.02 1.67 23.51 2.62 45.406358 11.894070 1 0
5.8 -8.02 1.72 21.93 2.62 45.406358 11.894070 1 0
5.73 -7.95 1.88 22.09 2.62 45.406358 11.894070 1 0
5.77 -7.75 1.97 23.87 2.62 45.406358 11.894070 1 0
5.82 -7.73 1.86 22.11 2.62 45.406358 11.894070 1 0
6.0 -7.86 1.77 22.88 2.62 45.406358 11.894070 1 0
6.15 -7.76 1.82 22.98 2.62 45.406358 11.894070 1 0
5.89 -7.76 1.72 22.04 2.62 45.406358 11.894070 1 0
5.62 -8.25 1.45 22.45 2.62 45.406358 11.894070 1 0
5.98 -8.45 1.38 21.9 2.62 45.406358 11.894070 1 0
6.21 -7.91 1.55 21.81 2.62 45.406358 11.894070 1 0
5.52 -7.57 1.63 23.1 2.76 45.406351 11.894104 0 0
5.08 -7.84 1.51 22.02 2.76 45.406351 11.894104 1 0
6.0 -8.05 1.38 21.73 2.76 45.406351 11.894104 0 0
6.95 -8.21 1.38 22.14 2.76 45.406351 11.894104 1 0
6.3 -8.24 1.67 23.12 2.76 45.406351 11.894104 1 0
4.97 -7.25 2.15 22.84 2.76 45.406351 11.894104 1 0
4.85 -6.12 2.31 23.08 2.76 45.406351 11.894104 1 0
5.9 -7.21 1.94 21.27 2.76 45.406351 11.894104 1 0
6.59 -9.51 1.62 21.9 2.76 45.406351 11.894104 1 0
6.11 -9.41 1.74 22.96 2.76 45.406351 11.894104 1 0
5.15 -7.19 1.89 22.66 2.76 45.406351 11.894104 1 0
4.92 -6.55 1.84 22.14 2.76 45.406351 11.894104 1 0
5.65 -8.02 1.85 22.36 2.76 45.406351 11.894104 1 0
6.32 -8.85 1.9 26.77 2.76 45.406351 11.894104 1 0
6.06 -8.2 1.75 22.93 2.76 45.406351 11.894104 1 0
5.37 -7.52 1.68 22.71 2.76 45.406351 11.894104 1 0
5.34 -7.57 1.98 22.45 2.76 45.406351 11.894104 1 0
6.12 -7.84 2.12 21.88 1.35 45.406346 11.894123 0 0
