5.65 -7.97 1.86 27.58 1.49 45.406331 11.894142 1 0
5.77 -7.91 1.97 23.24 1.49 45.406331 11.894142 1 0
5.78 -7.94 1.89 22.36 1.49 45.406331 11.894142 0 0
5.75 -7.92 1.72 21.83 1.49 45.406331 11.894142 1 0
5.79 -7.87 1.63 22.35 1.49 45.406331 11.894142 1 0
5.84 -7.89 1.72 23.51 1.49 45.406331 11.894142 1 0
5.8 -7.92 1.82 21.83 1.49 45.406331 11.894142 1 0
5.75 -7.88 1.79 22.5 1.49 45.406331 11.894142 1 0
5.78 -7.88 1.71 22.07 1.49 45.406331 11.894142 1 0
5.85 -8.01 1.71 22.45 1.49 45.406331 11.894142 1 0
5.87 -8.04 1.66 22.04 1.49 45.406331 11.894142 1 0
5.82 -7.9 1.55 21.64 1.49 45.406331 11.894142 1 0
5.79 -7.86 1.65 22.02 1.49 45.406331 11.894142 1 0
5.77 -7.97 1.9 22.0 1.49 45.406331 11.894142 1 0
5.76 -7.98 1.87 22.35 1.49 45.406331 11.894142 1 0
5.82 -7.9 1.59 23.27 1.49 45.406331 11.894142 1 0
5.89 -7.94 1.6 21.81 1.49 45.406331 11.894142 1 0
5.79 -7.93 1.86 21.81 2.63 45.406328 11.894176 0 0
5.67 -7.81 1.86 21.88 2.63 45.406328 11.894176 1 0
5.79 -7.88 1.59 21.92 2.63 45.406328 11.894176 0 0
5.98 -8.07 1.45 22.36 2.63 45.406328 11.894176 1 0
5.94 -7.99 1.5 21.93 2.63 45.406328 11.894176 1 0
5.79 -7.76 1.61 21.83 2.63 45.406328 11.894176 1 0
5.78 -7.81 1.81 21.93 2.63 45.406328 11.894176 1 0
5.84 -7.98 1.96 22.35 2.63 45.406328 11.894176 1 0
5.83 -7.94 1.76 22.05 2.63 45.406328 11.894176 1 0
5.79 -7.89 1.43 22.47 2.63 45.406328 11.894176 1 0
5.83 -8.09 1.48 22.0 2.63 45.406328 11.894176 1 0
5.85 -8.16 1.85 22.45 2.63 45.406328 11.894176 1 0
5.76 -7.87 2.05 22.52 2.63 45.406328 11.894176 1 0
5.68 -7.66 1.88 22.52 2.63 45.406328 11.894176 1 0
5.76 -7.86 1.64 22.93 2.63 45.406328 11.894176 1 0
5.88 -8.08 1.59 22.81 2.63 45.406328 11.894176 1 0
5.85 -7.99 1.7 22.19 2.63 45.406328 11.894176 1 0
5.7 -7.86 1.85 22.19 2.25 45.406326 11.894208 0 0
