6.41 -7.8 1.8 23.0 3.22 45.868241 12.307018 0 1
6.4 -9.2 2.0 22.24 3.22 45.868241 12.307018 0 1
6.74 -10.0 1.21 22.42 3.22 45.868241 12.307018 0 1
6.14 -7.62 1.69 24.1 3.22 45.868241 12.307018 0 1
5.47 -7.21 1.84 25.24 3.22 45.868241 12.307018 0 1
4.9 -7.99 1.1 22.9 3.22 45.868241 12.307018 0 1
6.86 -9.97 2.26 23.22 3.22 45.868241 12.307018 0 1
5.47 -6.57 2.62 22.59 3.29 45.868212 12.307027 1 1
4.81 -8.04 0.65 25.19 3.29 45.868212 12.307027 0 1
5.54 -5.89 0.57 22.98 3.29 45.868212 12.307027 1 1
5.96 -8.25 1.75 23.75 3.29 45.868212 12.307027 0 1
6.15 -7.65 1.5 22.76 3.29 45.868212 12.307027 0 1
5.27 -7.01 1.93 23.53 3.29 45.868212 12.307027 0 1
5.54 -8.37 1.97 22.96 3.29 45.868212 12.307027 0 1
5.85 -6.49 1.29 23.48 3.29 45.868212 12.307027 0 1
5.09 -8.34 3.01 23.22 3.29 45.868212 12.307027 0 1
4.62 -7.32 1.28 23.8 3.29 45.868212 12.307027 0 1
4.72 -9.02 1.97 24.04 3.29 45.868212 12.307027 0 1
6.64 -6.89 2.29 23.24 3.29 45.868212 12.307027 0 1
4.26 -7.74 1.92 23.27 3.29 45.868212 12.307027 0 1
6.62 -8.67 1.82 23.75 3.29 45.868212 12.307027 0 1
6.77 -6.2 2.77 29.17 3.29 45.868212 12.307027 0 1
6.17 -7.04 1.6 24.59 3.29 45.868212 12.307027 0 1
5.6 -10.21 2.04 22.78 3.29 45.868212 12.307027 0 1
6.01 -6.83 2.45 25.19 3.28 45.868183 12.307033 1 1
5.8 -7.43 1.92 23.32 3.28 45.868183 12.307033 0 1
6.15 -9.07 2.28 23.51 3.28 45.868183 12.307033 1 1
5.44 -6.92 1.04 22.88 3.28 45.868183 12.307033 0 1
4.81 -8.24 1.97 23.05 3.28 45.868183 12.307033 0 1
6.22 -7.43 2.38 22.91 3.28 45.868183 12.307033 0 1
4.75 -7.08 1.08 24.04 3.28 45.868183 12.307033 0 1
6.64 -6.24 2.46 23.39 3.28 45.868183 12.307033 0 1
4.75 -6.13 1.99 316.26 3.28 45.868183 12.307033 0 1
5.81 -6.91 0.5 5.73 3.28 45.868183 12.307033 0 1
5.41 -7.4 2.52 23.38 3.28 45.868183 12.307033 0 1
