6.33 -8.09 1.81 23.22 3.15 45.868637 12.306894 1 0
6.26 -8.44 1.87 22.71 3.15 45.868637 12.306894 0 0
5.88 -7.67 1.9 23.44 3.15 45.868637 12.306894 1 0
5.77 -7.38 1.73 23.56 3.15 45.868637 12.306894 0 0
5.78 -7.51 1.5 22.86 3.15 45.868637 12.306894 0 0
6.12 -8.6 1.81 22.42 3.15 45.868637 12.306894 0 0
6.38 -7.64 1.45 22.21 3.15 45.868637 12.306894 0 0
5.8 -8.41 1.67 23.32 3.15 45.868637 12.306894 0 0
5.77 -7.48 1.5 23.53 3.15 45.868637 12.306894 0 0
6.08 -7.5 1.66 23.38 3.15 45.868637 12.306894 0 0
6.11 -7.55 1.95 22.83 3.15 45.868637 12.306894 0 0
5.71 -8.2 2.19 22.79 3.15 45.868637 12.306894 0 0
5.7 -7.98 1.69 25.69 3.15 45.868637 12.306894 0 0
5.84 -7.99 1.74 23.89 3.15 45.868637 12.306894 0 0
5.52 -8.04 1.85 22.67 3.15 45.868637 12.306894 0 0
5.93 -7.86 2.18 22.86 3.15 45.868637 12.306894 0 0
6.1 -7.41 1.99 22.57 3.15 45.868637 12.306894 0 0
5.81 -7.66 2.13 22.76 3.27 45.868609 12.306905 1 0
5.54 -8.05 1.84 22.84 3.27 45.868609 12.306905 0 0
5.74 -7.59 1.94 24.2 3.27 45.868609 12.306905 1 0
6.2 -7.8 2.2 22.67 3.27 45.868609 12.306905 0 0
6.12 -8.15 1.8 23.03 3.27 45.868609 12.306905 0 0
6.09 -7.78 1.85 22.86 3.27 45.868609 12.306905 0 0
5.78 -7.5 1.68 27.41 3.27 45.868609 12.306905 0 0
5.63 -7.51 1.87 23.34 3.27 45.868609 12.306905 0 0
5.86 -8.15 2.11 22.78 3.27 45.868609 12.306905 0 0
5.94 -8.03 1.74 22.72 3.27 45.868609 12.306905 0 0
5.66 -8.52 1.7 23.14 3.27 45.868609 12.306905 0 0
5.52 -7.52 1.56 28.64 3.27 45.868609 12.306905 0 0
5.79 -7.68 1.69 23.19 3.27 45.868609 12.306905 0 0
5.88 -7.84 1.83 22.67 3.27 45.868609 12.306905 0 0
6.19 -8.13 1.75 23.0 3.27 45.868609 12.306905 0 0
5.96 -7.73 1.74 22.64 3.27 45.868609 12.306905 0 0
5.57 -7.73 2.12 22.78 3.27 45.868609 12.306905 0 0
5.68 -7.4 2.03 23.29 3.32 45.868581 12.306915 1 0
