5.6 -7.61 1.45 23.14 3.56 45.876180 12.305699 0
6.21 -8.44 1.69 22.24 3.56 45.876180 12.305699 0
5.79 -8.01 1.65 22.88 3.56 45.876180 12.305699 0
5.7 -7.68 2.33 22.67 3.56 45.876180 12.305699 0
5.82 -7.62 1.93 22.64 3.56 45.876180 12.305699 0
5.95 -7.62 1.88 22.4 3.56 45.876180 12.305699 0
6.35 -7.94 2.23 23.24 3.56 45.876180 12.305699 0
5.96 -8.01 2.1 22.83 3.56 45.876180 12.305699 0
5.73 -7.45 2.39 22.42 3.56 45.876180 12.305699 0
5.67 -7.39 2.21 22.64 3.34 45.876156 12.305675 1
5.99 -8.07 2.21 22.66 3.34 45.876156 12.305675 0
6.07 -8.24 2.02 22.52 3.34 45.876156 12.305675 1
5.7 -8.07 1.88 22.76 3.34 45.876156 12.305675 0
5.41 -8.62 1.86 23.94 3.34 45.876156 12.305675 0
5.89 -8.27 1.91 22.81 3.34 45.876156 12.305675 0
5.82 -7.89 1.55 22.79 3.34 45.876156 12.305675 0
5.55 -7.35 1.73 23.38 3.34 45.876156 12.305675 0
6.15 -7.83 1.71 24.04 3.34 45.876156 12.305675 0
6.53 -7.81 1.89 22.31 3.34 45.876156 12.305675 0
5.92 -7.66 1.81 22.05 3.34 45.876156 12.305675 0
5.58 -7.89 2.05 22.11 3.34 45.876156 12.305675 0
5.83 -7.24 1.84 22.91 3.34 45.876156 12.305675 0
5.67 -7.98 1.94 23.05 3.34 45.876156 12.305675 0
5.6 -8.03 1.38 23.14 3.34 45.876156 12.305675 0
5.78 -7.3 1.9 23.15 3.34 45.876156 12.305675 0
5.63 -7.67 2.22 23.98 3.34 45.876156 12.305675 0
5.05 -8.54 2.58 23.12 3.45 45.876129 12.305661 1
5.34 -8.54 2.08 23.03 3.45 45.876129 12.305661 0
5.22 -8.34 2.13 23.32 3.45 45.876129 12.305661 1
5.57 -8.3 2.04 22.47 3.45 45.876129 12.305661 0
6.55 -7.79 1.64 22.47 3.45 45.876129 12.305661 0
6.26 -7.82 1.19 22.47 3.45 45.876129 12.305661 0
6.3 -7.17 1.74 22.48 3.45 45.876129 12.305661 0
6.55 -7.54 1.73 22.96 3.45 45.876129 12.305661 0
6.25 -7.77 1.56 23.14 3.45 45.876129 12.305661 0
