5.81 -7.88 2.34 22.72 3.41 45.876025 12.305586 0
5.52 -7.95 2.1 22.33 3.41 45.876025 12.305586 0
5.45 -8.0 2.04 22.67 3.41 45.876025 12.305586 0
6.11 -8.23 2.1 22.12 3.41 45.876025 12.305586 0
5.55 -7.66 1.84 22.59 3.41 45.876025 12.305586 0
5.83 -7.95 1.7 22.96 3.12 45.876003 12.305561 1
6.2 -7.55 1.94 22.62 3.12 45.876003 12.305561 0
5.72 -7.42 1.95 23.08 3.12 45.876003 12.305561 1
6.18 -8.38 1.81 22.11 3.12 45.876003 12.305561 0
5.97 -7.19 1.75 22.57 3.12 45.876003 12.305561 0
6.12 -7.95 2.05 22.5 3.12 45.876003 12.305561 0
5.72 -8.17 1.71 22.96 3.12 45.876003 12.305561 0
5.59 -8.12 1.68 22.79 3.12 45.876003 12.305561 0
5.58 -7.82 1.93 22.57 3.12 45.876003 12.305561 0
5.57 -7.85 2.08 22.57 3.12 45.876003 12.305561 0
5.76 -8.04 1.87 22.14 3.12 45.876003 12.305561 0
6.47 -7.9 2.23 22.29 3.12 45.876003 12.305561 0
6.19 -7.58 2.27 22.33 3.12 45.876003 12.305561 0
5.8 -7.36 2.27 22.36 3.12 45.876003 12.305561 0
6.25 -7.57 2.25 23.12 3.12 45.876003 12.305561 0
6.24 -7.63 2.03 22.54 3.12 45.876003 12.305561 0
6.29 -8.23 2.16 22.93 3.44 45.875977 12.305539 1
5.77 -7.78 2.23 22.54 3.44 45.875977 12.305539 0
5.7 -7.8 2.11 22.78 3.44 45.875977 12.305539 1
5.56 -8.17 1.52 22.6 3.44 45.875977 12.305539 0
5.55 -7.35 1.73 22.4 3.44 45.875977 12.305539 0
5.89 -8.57 2.02 22.05 3.44 45.875977 12.305539 0
5.73 -7.7 1.5 22.81 3.44 45.875977 12.305539 0
6.18 -7.84 1.82 22.6 3.44 45.875977 12.305539 0
5.22 -7.07 1.87 22.04 3.44 45.875977 12.305539 0
5.84 -7.46 1.81 22.12 3.44 45.875977 12.305539 0
6.18 -7.3 2.1 21.71 3.44 45.875977 12.305539 0
6.01 -9.31 3.0 21.4 3.44 45.875977 12.305539 0
7.25 -7.86 2.43 21.64 3.44 45.875977 12.305539 0
7.31 -6.85 2.62 23.12 3.44 45.875977 12.305539 0
