6.46 -10.0 2.61 21.64 3.45 45.875927 12.305495 0
4.82 -8.09 2.47 22.71 3.45 45.875927 12.305495 0
5.59 -6.7 2.34 22.31 3.19 45.875906 12.305468 1
5.39 -7.46 2.88 22.26 3.19 45.875906 12.305468 0
6.0 -7.1 1.95 22.45 3.19 45.875906 12.305468 1
6.37 -7.81 1.58 22.35 3.19 45.875906 12.305468 0
5.5 -7.97 1.67 23.08 3.19 45.875906 12.305468 0
6.28 -7.43 1.9 23.07 3.19 45.875906 12.305468 0
6.36 -7.7 2.21 22.9 3.19 45.875906 12.305468 0
6.39 -7.97 2.05 23.56 3.19 45.875906 12.305468 0
5.74 -7.79 1.76 24.59 3.19 45.875906 12.305468 0
5.39 -7.15 1.41 24.13 3.19 45.875906 12.305468 0
5.88 -8.76 1.72 22.62 3.19 45.875906 12.305468 0
6.18 -8.81 1.99 23.03 3.19 45.875906 12.305468 0
5.92 -7.92 2.21 23.31 3.19 45.875906 12.305468 0
5.29 -7.64 2.11 23.27 3.19 45.875906 12.305468 0
6.21 -7.98 2.15 21.95 3.19 45.875906 12.305468 0
6.12 -7.83 2.38 29.77 3.19 45.875906 12.305468 0
6.29 -8.35 1.77 23.41 3.19 45.875906 12.305468 0
5.08 -7.32 2.04 23.03 3.08 45.875887 12.305439 1
5.72 -7.48 2.3 23.05 3.08 45.875887 12.305439 0
6.03 -7.16 2.26 22.19 3.08 45.875887 12.305439 1
6.24 -9.22 1.94 22.42 3.08 45.875887 12.305439 0
5.96 -8.41 1.63 23.26 3.08 45.875887 12.305439 0
4.98 -6.32 1.85 23.32 3.08 45.875887 12.305439 0
5.61 -8.3 1.99 22.95 3.08 45.875887 12.305439 0
6.11 -8.65 2.09 22.57 3.08 45.875887 12.305439 0
6.44 -7.61 1.79 22.57 3.08 45.875887 12.305439 0
5.81 -8.32 2.21 22.81 3.08 45.875887 12.305439 0
5.39 -7.55 2.05 22.84 3.08 45.875887 12.305439 0
6.73 -7.16 1.85 23.08 3.08 45.875887 12.305439 0
6.41 -8.07 2.19 22.88 3.08 45.875887 12.305439 0
5.64 -8.03 1.75 22.91 3.08 45.875887 12.305439 0
5.56 -7.85 2.26 23.92 3.08 45.875887 12.305439 0
5.84 -7.77 2.32 23.62 3.08 45.875887 12.305439 0
