5.56 -7.81 1.86 22.09 1.65 45.408347 11.889979 1
5.68 -7.47 2.04 22.07 1.65 45.408347 11.889979 1
5.81 -7.92 2.0 21.56 1.65 45.408347 11.889979 1
6.08 -8.13 1.98 22.07 1.65 45.408347 11.889979 1
5.77 -7.89 1.67 21.68 1.65 45.408347 11.889979 1
5.54 -7.64 1.89 22.04 1.89 45.408341 11.889954 0
5.87 -7.74 1.93 21.97 1.89 45.408341 11.889954 1
5.9 -8.27 1.64 22.83 1.89 45.408341 11.889954 0
5.89 -8.07 1.41 22.05 1.89 45.408341 11.889954 1
5.97 -7.64 1.4 22.05 1.89 45.408341 11.889954 1
5.84 -7.72 1.53 22.02 1.89 45.408341 11.889954 1
6.16 -7.88 1.82 21.97 1.89 45.408341 11.889954 1
6.08 -7.76 1.52 21.45 1.89 45.408341 11.889954 1
6.14 -8.03 1.88 21.8 1.89 45.408341 11.889954 1
5.63 -8.11 1.78 22.07 1.89 45.408341 11.889954 1
5.61 -7.85 1.65 22.07 1.89 45.408341 11.889954 1
5.63 -7.99 1.72 22.59 1.89 45.408341 11.889954 1
5.72 -7.88 1.6 22.09 1.89 45.408341 11.889954 1
5.69 -7.82 1.69 21.63 1.89 45.408341 11.889954 1
6.06 -7.84 1.68 21.57 1.89 45.408341 11.889954 1
5.94 -8.03 1.77 22.12 1.89 45.408341 11.889954 1
6.03 -7.91 1.56 22.19 1.89 45.408341 11.889954 1
5.84 -7.45 1.76 22.05 1.89 45.408341 11.889954 1
5.96 -7.75 1.9 21.75 2.75 45.408325 11.889921 0
5.9 -8.16 2.08 21.78 2.75 45.408325 11.889921 1
5.85 -7.95 2.04 21.97 2.75 45.408325 11.889921 0
5.83 -7.78 2.25 21.66 2.75 45.408325 11.889921 1
5.57 -7.94 2.1 22.05 2.75 45.408325 11.889921 1
5.98 -7.88 1.81 21.92 2.75 45.408325 11.889921 1
5.64 -8.15 1.78 22.28 2.75 45.408325 11.889921 1
5.9 -7.72 1.74 21.99 2.75 45.408325 11.889921 1
5.51 -8.01 1.53 21.99 2.75 45.408325 11.889921 1
5.87 -7.77 1.5 21.52 2.75 45.408325 11.889921 1
6.25 -7.97 1.61 22.02 2.75 45.408325 11.889921 1
6.1 -7.67 1.64 22.12 2.75 45.408325 11.889921 1
