5.65 -8.12 1.29 21.88 1.27 45.408343 11.890020 1
6.45 -8.13 1.45 21.87 1.27 45.408343 11.890020 1
5.95 -8.22 1.93 21.92 1.27 45.408343 11.890020 1
5.88 -7.69 1.74 22.12 1.27 45.408343 11.890020 1
5.54 -7.87 2.02 21.99 1.27 45.408343 11.890020 1
5.59 -7.62 1.56 22.14 1.32 45.408344 11.890001 0
5.78 -7.95 1.59 22.0 1.32 45.408344 11.890001 1
5.81 -7.76 2.08 21.25 1.32 45.408344 11.890001 0
6.36 -8.12 2.09 21.68 1.32 45.408344 11.890001 1
5.91 -8.14 2.39 21.32 1.32 45.408344 11.890001 1
5.96 -7.57 2.19 21.73 1.32 45.408344 11.890001 1
5.96 -7.31 2.27 22.07 1.32 45.408344 11.890001 1
5.71 -7.44 1.68 21.66 1.32 45.408344 11.890001 1
5.99 -8.34 1.63 21.45 1.32 45.408344 11.890001 1
5.84 -7.92 2.03 22.33 1.32 45.408344 11.890001 1
5.91 -8.08 1.89 21.9 1.32 45.408344 11.890001 1
5.29 -7.94 1.91 21.73 1.32 45.408344 11.890001 1
6.15 -7.92 1.77 21.76 1.32 45.408344 11.890001 1
5.86 -7.47 1.72 21.87 1.32 45.408344 11.890001 1
5.58 -7.83 1.76 22.33 1.32 45.408344 11.890001 1
6.08 -8.07 1.72 22.17 1.32 45.408344 11.890001 1
5.92 -7.56 1.59 21.92 1.32 45.408344 11.890001 1
6.16 -8.03 1.87 21.61 1.32 45.408344 11.890001 1
6.11 -8.4 1.7 21.69 1.65 45.408347 11.889979 0
6.21 -7.54 1.71 21.95 1.65 45.408347 11.889979 1
5.91 -7.5 1.44 22.07 1.65 45.408347 11.889979 0
5.71 -7.47 1.69 21.71 1.65 45.408347 11.889979 1
5.94 -7.91 1.37 21.51 1.65 45.408347 11.889979 1
5.7 -8.67 1.75 21.42 1.65 45.408347 11.889979 1
5.83 -8.06 1.74 21.51 1.65 45.408347 11.889979 1
5.82 -7.9 1.98 22.07 1.65 45.408347 11.889979 1
5.61 -7.24 1.75 21.69 1.65 45.408347 11.889979 1
5.86 -7.54 1.99 22.02 1.65 45.408347 11.889979 1
6.23 -8.19 1.83 21.87 1.65 45.408347 11.889979 1
6.44 -7.73 1.99 21.63 1.65 45.408347 11.889979 1
