6.23 -8.06 1.5 21.59 1.57 45.405717 11.882913 0
5.94 -8.11 1.75 22.35 1.26 45.405705 11.882912 1
5.78 -7.86 1.86 21.9 1.26 45.405705 11.882912 0
6.05 -7.61 1.7 24.73 1.26 45.405705 11.882912 1
5.92 -8.36 2.87 21.92 1.26 45.405705 11.882912 0
4.76 -6.81 1.51 21.28 1.26 45.405705 11.882912 0
7.18 -8.25 -0.02 22.42 1.26 45.405705 11.882912 0
5.8 -6.79 1.28 21.93 1.26 45.405705 11.882912 0
5.17 -8.86 1.37 22.23 1.26 45.405705 11.882912 0
4.95 -7.02 1.36 22.42 1.26 45.405705 11.882912 0
6.29 -7.84 1.45 20.68 1.26 45.405705 11.882912 0
6.08 -8.91 1.58 21.59 1.26 45.405705 11.882912 0
6.62 -7.87 1.51 22.0 1.26 45.405705 11.882912 0
5.84 -8.85 0.94 22.31 1.26 45.405705 11.882912 0
5.04 -6.8 2.13 22.33 1.26 45.405705 11.882912 0
5.4 -7.09 1.15 23.65 1.26 45.405705 11.882912 0
6.53 -7.34 2.81 21.87 1.26 45.405705 11.882912 0
6.23 -8.84 2.06 22.19 1.26 45.405705 11.882912 0
6.29 -8.29 2.14 22.47 2.54 45.405697 11.882884 1
6.7 -7.48 1.12 23.17 2.54 45.405697 11.882884 0
5.43 -6.43 0.12 22.19 2.54 45.405697 11.882884 1
5.48 -8.09 1.9 21.92 2.54 45.405697 11.882884 0
6.92 -8.97 2.23 22.45 2.54 45.405697 11.882884 0
5.78 -8.08 1.94 21.69 2.54 45.405697 11.882884 0
5.03 -7.72 3.86 21.39 2.54 45.405697 11.882884 0
6.44 -9.43 1.68 22.71 2.54 45.405697 11.882884 0
5.8 -6.59 0.42 21.9 2.54 45.405697 11.882884 0
6.02 -8.05 1.43 21.59 2.54 45.405697 11.882884 0
6.82 -7.8 2.07 22.47 2.54 45.405697 11.882884 0
5.42 -8.18 2.23 22.29 2.54 45.405697 11.882884 0
5.52 -6.81 1.52 22.35 2.54 45.405697 11.882884 0
5.96 -8.59 1.44 21.66 2.54 45.405697 11.882884 0
5.47 -6.75 2.21 22.16 2.54 45.405697 11.882884 0
6.51 -7.68 1.87 23.32 2.54 45.405697 11.882884 0
6.39 -9.61 1.55 21.57 2.54 45.405697 11.882884 0
