5.68 -7.99 1.82 22.45 0.15 45.405705 11.882933 0
5.73 -7.98 1.75 22.6 0.18 45.405707 11.882935 1
5.73 -7.97 1.82 22.57 0.18 45.405707 11.882935 0
5.74 -7.98 1.83 22.5 0.18 45.405707 11.882935 1
5.69 -7.96 1.81 22.6 0.18 45.405707 11.882935 0
5.85 -7.83 1.92 22.57 0.18 45.405707 11.882935 0
6.03 -7.74 1.98 22.5 0.18 45.405707 11.882935 0
6.09 -7.67 2.2 22.57 0.18 45.405707 11.882935 0
6.25 -7.52 2.06 22.6 0.18 45.405707 11.882935 0
6.37 -7.46 1.7 22.23 0.18 45.405707 11.882935 0
6.42 -7.47 1.88 22.66 0.18 45.405707 11.882935 0
6.54 -7.35 2.02 23.12 0.18 45.405707 11.882935 0
6.47 -7.33 2.02 23.07 0.18 45.405707 11.882935 0
6.34 -7.39 2.05 22.24 0.18 45.405707 11.882935 0
6.21 -7.65 2.13 22.62 0.18 45.405707 11.882935 0
6.22 -7.59 2.03 22.98 0.18 45.405707 11.882935 0
6.29 -7.43 2.18 22.11 0.18 45.405707 11.882935 0
6.28 -7.57 2.04 21.73 0.18 45.405707 11.882935 0
6.26 -7.63 1.83 21.23 0.21 45.405709 11.882941 1
6.47 -7.72 1.89 21.18 0.21 45.405709 11.882941 0
6.13 -7.72 1.92 22.05 0.21 45.405709 11.882941 1
6.01 -8.01 1.79 22.02 0.21 45.405709 11.882941 0
6.01 -7.86 2.13 21.87 0.21 45.405709 11.882941 0
6.3 -7.65 1.52 48.77 0.21 45.405709 11.882941 0
6.3 -7.38 1.24 22.29 0.21 45.405709 11.882941 0
6.14 -7.26 1.64 22.26 0.21 45.405709 11.882941 0
6.31 -7.51 1.57 22.91 0.21 45.405709 11.882941 0
6.5 -7.56 1.6 23.07 0.21 45.405709 11.882941 0
6.24 -7.77 1.77 22.78 0.21 45.405709 11.882941 0
5.94 -7.86 1.94 23.2 0.21 45.405709 11.882941 0
5.91 -7.82 1.79 22.67 0.21 45.405709 11.882941 0
6.4 -7.34 2.38 22.96 0.21 45.405709 11.882941 0
7.05 -6.79 2.75 22.81 0.21 45.405709 11.882941 0
6.99 -7.04 2.51 22.47 0.21 45.405709 11.882941 0
6.49 -6.72 2.13 22.17 0.21 45.405709 11.882941 0
