6.06 -6.5 2.35 23.94 3.27 45.868178 12.307039 0 1
7.3 -7.04 1.43 23.68 3.27 45.868178 12.307039 0 1
4.9 -9.79 1.49 24.37 3.27 45.868178 12.307039 0 1
5.71 -6.82 2.14 22.52 3.27 45.868178 12.307039 0 1
5.65 -10.55 1.93 23.68 3.27 45.868178 12.307039 0 1
4.47 -7.72 2.01 24.15 3.27 45.868178 12.307039 0 1
6.15 -9.4 2.4 24.76 3.27 45.868178 12.307039 0 1
6.06 -6.07 2.09 23.98 3.27 45.868178 12.307039 0 1
5.2 -8.09 2.04 23.07 3.27 45.868178 12.307039 0 1
5.83 -5.63 0.6 22.98 3.27 45.868178 12.307039 0 1
6.73 -7.38 1.32 22.45 3.32 45.868148 12.307046 1 1
7.28 -8.67 1.25 23.91 3.32 45.868148 12.307046 0 1
5.19 -8.38 1.69 23.12 3.32 45.868148 12.307046 1 1
5.69 -6.52 2.04 24.54 3.32 45.868148 12.307046 0 1
5.1 -7.79 2.22 23.72 3.32 45.868148 12.307046 0 1
5.56 -7.59 1.6 22.29 3.32 45.868148 12.307046 0 1
5.82 -10.23 2.96 22.71 3.32 45.868148 12.307046 0 1
5.64 -8.02 1.56 23.53 3.32 45.868148 12.307046 0 1
4.64 -7.99 3.16 26.72 3.32 45.868148 12.307046 0 1
5.2 -7.99 2.62 23.14 3.32 45.868148 12.307046 0 1
5.83 -6.27 2.26 24.75 3.32 45.868148 12.307046 0 1
5.9 -6.82 3.73 22.78 3.32 45.868148 12.307046 0 1
5.43 -9.48 1.0 22.84 3.32 45.868148 12.307046 0 1
6.88 -6.51 3.46 23.15 3.32 45.868148 12.307046 0 1
5.09 -5.11 1.69 22.78 3.32 45.868148 12.307046 0 1
4.58 -8.46 2.59 24.68 3.32 45.868148 12.307046 0 1
5.83 -8.27 2.38 22.14 3.32 45.868148 12.307046 0 1
5.54 -9.97 0.62 23.32 3.32 45.868119 12.307052 1 1
5.15 -6.15 1.15 24.04 3.32 45.868119 12.307052 0 1
3.81 -7.89 2.49 23.74 3.32 45.868119 12.307052 1 1
6.48 -7.07 1.31 25.04 3.32 45.868119 12.307052 0 1
5.93 -7.41 1.13 22.14 3.32 45.868119 12.307052 0 1
7.83 -7.4 0.93 24.49 3.32 45.868119 12.307052 0 1
5.2 -6.43 -0.07 23.26 3.32 45.868119 12.307052 0 1
6.61 -7.71 1.87 23.51 3.32 45.868119 12.307052 0 1
