5.68 -7.19 2.08 23.38 3.27 45.868351 12.306983 1 0
5.87 -7.46 1.78 23.12 3.27 45.868351 12.306983 0 0
6.16 -8.08 1.83 23.74 3.27 45.868351 12.306983 0 0
6.2 -8.17 1.65 22.57 3.27 45.868351 12.306983 0 0
5.34 -7.84 1.93 22.96 3.27 45.868351 12.306983 0 0
5.44 -7.88 1.58 23.31 3.27 45.868351 12.306983 0 0
6.11 -7.65 1.95 23.99 3.27 45.868351 12.306983 0 0
6.0 -8.32 1.95 23.14 3.27 45.868351 12.306983 0 0
5.94 -7.43 2.03 24.87 3.27 45.868351 12.306983 0 0
6.07 -7.6 2.06 24.06 3.27 45.868351 12.306983 0 0
6.17 -7.75 2.08 23.79 3.27 45.868351 12.306983 0 0
5.79 -7.88 2.23 22.98 3.27 45.868351 12.306983 0 0
5.91 -7.69 2.06 22.9 3.27 45.868351 12.306983 0 0
5.7 -7.61 1.95 22.67 3.27 45.868351 12.306983 0 0
5.73 -8.03 2.13 22.96 3.27 45.868323 12.306994 1 0
5.62 -8.29 1.95 22.16 3.27 45.868323 12.306994 0 0
5.62 -8.23 1.71 22.96 3.27 45.868323 12.306994 1 0
6.01 -7.51 1.43 23.08 3.27 45.868323 12.306994 0 0
6.07 -7.69 1.48 23.24 3.27 45.868323 12.306994 0 0
5.8 -7.7 1.96 22.88 3.27 45.868323 12.306994 0 0
6.12 -7.53 2.17 24.4 3.27 45.868323 12.306994 0 0
6.48 -7.53 1.74 22.6 3.27 45.868323 12.306994 0 0
6.36 -7.96 1.65 26.27 3.27 45.868323 12.306994 0 0
5.88 -8.0 1.9 23.24 3.27 45.868323 12.306994 0 0
5.87 -7.7 1.99 22.74 3.27 45.868323 12.306994 0 0
5.74 -8.17 1.92 22.78 3.27 45.868323 12.306994 0 0
5.82 -8.01 2.06 22.78 3.27 45.868323 12.306994 0 0
5.73 -7.84 2.0 22.88 3.27 45.868323 12.306994 0 0
5.37 -7.87 1.76 22.62 3.27 45.868323 12.306994 0 0
5.56 -7.68 1.91 23.1 3.27 45.868323 12.306994 0 0
5.9 -7.97 2.12 23.63 3.27 45.868323 12.306994 0 0
5.84 -7.43 2.14 22.84 3.32 45.868294 12.307003 1 0
5.56 -7.59 2.11 23.84 3.32 45.868294 12.307003 0 0
6.08 -7.79 1.95 22.79 3.32 45.868294 12.307003 1 0
6.26 -7.88 2.29 22.09 3.32 45.868294 12.307003 0 0
