5.59 -8.23 2.4 23.87 3.32 45.868059 12.307064 0 1
7.64 -7.31 1.73 47.97 3.32 45.868059 12.307064 0 1
5.57 -8.77 3.04 22.98 3.32 45.868059 12.307064 0 1
5.74 -7.55 1.75 23.63 3.32 45.868059 12.307064 0 1
5.91 -9.09 2.77 24.75 3.32 45.868059 12.307064 0 1
4.09 -7.86 3.39 23.89 3.32 45.868059 12.307064 0 1
5.21 -7.05 1.32 23.08 3.32 45.868059 12.307064 0 1
5.38 -8.14 2.63 24.49 3.32 45.868029 12.307071 1 1
5.8 -6.77 2.26 22.76 3.32 45.868029 12.307071 0 1
6.62 -10.23 2.37 22.78 3.32 45.868029 12.307071 1 1
5.16 -7.58 1.06 22.96 3.32 45.868029 12.307071 0 1
5.8 -6.54 1.11 23.62 3.32 45.868029 12.307071 0 1
5.23 -6.26 1.4 22.74 3.32 45.868029 12.307071 0 1
6.19 -8.46 2.49 23.51 3.32 45.868029 12.307071 0 1
6.03 -8.24 1.67 23.55 3.32 45.868029 12.307071 0 1
5.64 -7.95 1.65 23.17 3.32 45.868029 12.307071 0 1
5.17 -8.14 2.24 23.29 3.32 45.868029 12.307071 0 1
5.68 -8.99 1.99 23.65 3.32 45.868029 12.307071 0 1
7.16 -8.81 0.57 22.96 3.32 45.868029 12.307071 0 1
5.29 -7.6 2.05 23.58 3.32 45.868029 12.307071 0 1
5.93 -7.09 1.48 24.47 3.32 45.868029 12.307071 0 1
6.38 -7.18 2.72 24.01 3.32 45.868029 12.307071 0 1
5.2 -8.36 2.13 23.58 3.32 45.868029 12.307071 0 1
7.52 -7.92 1.17 24.03 3.32 45.868029 12.307071 0 1
6.08 -7.28 3.04 292.75 3.14 45.868000 12.307078 1 1
4.63 -8.58 2.93 5.69 3.14 45.868000 12.307078 1 1
5.19 -7.78 1.5 23.27 3.14 45.868000 12.307078 0 1
5.32 -6.19 1.76 24.03 3.14 45.868000 12.307078 0 1
5.71 -8.76 2.65 23.14 3.14 45.868000 12.307078 0 1
5.75 -8.03 2.19 23.12 3.14 45.868000 12.307078 0 1
4.63 -6.14 0.94 23.63 3.14 45.868000 12.307078 0 1
6.34 -8.01 1.74 23.44 3.14 45.868000 12.307078 0 1
6.22 -9.37 2.1 24.16 3.14 45.868000 12.307078 0 1
6.24 -8.16 1.5 23.79 3.14 45.868000 12.307078 0 1
5.89 -7.59 2.78 23.07 3.14 45.868000 12.307078 0 1
