6.11 -7.52 1.98 22.29 3.27 45.406366 11.895060 0
6.03 -7.69 2.17 21.9 3.27 45.406366 11.895060 1
6.0 -7.99 2.27 22.81 3.27 45.406366 11.895060 1
5.86 -8.16 2.07 22.47 3.27 45.406366 11.895060 1
5.61 -8.13 1.72 22.96 3.27 45.406366 11.895060 1
5.48 -8.14 1.67 22.57 3.27 45.406366 11.895060 1
5.55 -8.14 1.97 22.43 3.27 45.406366 11.895060 1
5.73 -8.07 2.18 22.5 3.27 45.406366 11.895060 1
5.86 -8.14 2.08 22.05 3.27 45.406366 11.895060 1
5.81 -8.2 1.96 22.55 3.27 45.406366 11.895060 1
5.82 -7.93 2.02 22.64 3.27 45.406366 11.895060 1
6.07 -7.65 2.13 21.97 3.27 45.406366 11.895060 1
6.18 -7.75 2.08 22.12 3.27 45.406366 11.895060 0
5.83 -7.97 1.73 21.88 3.27 45.406366 11.895060 1
5.65 -8.02 1.24 22.28 3.27 45.406366 11.895060 0
5.99 -8.07 1.09 22.26 3.27 45.406366 11.895060 1
6.12 -8.15 1.51 21.88 3.27 45.406366 11.895060 1
5.69 -7.99 2.12 21.42 3.27 45.406366 11.895060 1
5.47 -7.7 2.32 21.93 3.27 45.406366 11.895060 1
5.79 -7.63 2.0 21.59 3.27 45.406366 11.895060 1
6.0 -7.84 1.54 22.05 3.27 45.406366 11.895060 1
5.92 -7.97 1.3 22.0 3.27 45.406366 11.895060 1
5.95 -7.82 1.3 22.38 3.27 45.406366 11.895060 1
6.06 -7.64 1.38 21.49 3.27 45.406366 11.895060 1
5.99 -7.74 1.48 21.54 3.27 45.406366 11.895060 1
5.76 -7.9 1.64 22.02 3.27 45.406366 11.895060 1
5.62 -7.84 1.72 22.02 3.27 45.406366 11.895060 1
5.73 -7.76 1.64 22.09 3.27 45.406366 11.895060 1
5.94 -7.89 1.54 22.0 3.27 45.406366 11.895060 1
5.87 -8.04 1.61 22.91 2.35 45.406369 11.895087 0
5.56 -8.01 1.76 22.52 2.35 45.406369 11.895087 1
5.53 -7.9 1.87 22.5 2.35 45.406369 11.895087 0
5.84 -7.89 1.97 21.95 2.35 45.406369 11.895087 1
6.03 -8.01 1.97 21.92 2.35 45.406369 11.895087 1
5.9 -8.08 1.74 21.97 2.35 45.406369 11.895087 1
5.76 -7.88 1.53 21.63 2.35 45.406369 11.895087 1
5.77 -7.63 1.64 21.95 2.35 45.406369 11.895087 1
5.87 -7.79 1.83 22.96 2.35 45.406369 11.895087 1
5.97 -8.18 1.71 22.0 2.35 45.406369 11.895087 1
5.95 -8.16 1.51 22.11 2.35 45.406369 11.895087 1
5.76 -7.76 1.56 22.12 2.35 45.406369 11.895087 1
5.7 -7.62 1.7 21.64 2.35 45.406369 11.895087 1
5.85 -7.85 1.69 21.95 2.35 45.406369 11.895087 1
5.9 -8.03 1.66 21.95 2.35 45.406369 11.895087 1
5.75 -7.99 1.69 21.97 2.35 45.406369 11.895087 1
5.76 -7.91 1.66 21.95 2.35 45.406369 11.895087 1
5.96 -7.85 1.57 21.9 2.35 45.406369 11.895087 1
5.99 -7.73 1.63 21.83 2.75 45.406373 11.895118 0
5.91 -7.67 1.78 21.99 2.75 45.406373 11.895118 1
6.08 -7.79 1.66 22.5 2.75 45.406373 11.895118 0
6.16 -7.96 1.31 22.02 2.75 45.406373 11.895118 1
5.79 -7.93 1.34 22.5 2.75 45.406373 11.895118 1
5.53 -7.84 1.85 22.4 2.75 45.406373 11.895118 1
5.91 -7.91 2.1 21.88 2.75 45.406373 11.895118 1
6.34 -7.94 1.81 22.04 2.75 45.406373 11.895118 1
6.17 -7.76 1.58 21.95 2.75 45.406373 11.895118 1
5.87 -7.66 1.72 22.42 2.75 45.406373 11.895118 1
5.93 -7.8 1.83 22.4 2.75 45.406373 11.895118 1
6.06 -7.78 1.84 25.16 2.75 45.406373 11.895118 1
6.01 -7.53 2.03 21.61 2.75 45.406373 11.895118 1
6.01 -7.47 2.15 22.05 2.75 45.406373 11.895118 1
6.07 -7.74 1.9 22.05 2.75 45.406373 11.895118 1
5.92 -7.95 1.64 22.09 2.75 45.406373 11.895118 1
5.68 -7.96 1.68 22.05 2.75 45.406373 11.895118 1
5.64 -7.91 1.74 22.0 3.04 45.406375 11.895150 0
5.74 -7.91 1.71 21.83 3.04 45.406375 11.895150 1
5.78 -8.0 1.82 22.24 3.04 45.406375 11.895150 0
5.76 -8.12 1.92 21.93 3.04 45.406375 11.895150 1
5.73 -8.08 1.79 22.35 3.04 45.406375 11.895150 1
5.79 -7.85 1.7 21.88 3.04 45.406375 11.895150 1
5.97 -7.66 1.79 22.05 3.04 45.406375 11.895150 1
6.02 -7.71 1.78 21.95 3.04 45.406375 11.895150 1
5.77 -7.91 1.67 22.96 3.04 45.406375 11.895150 1
5.58 -8.01 1.74 21.95 3.04 45.406375 11.895150 1
5.76 -7.97 1.87 22.71 3.04 45.406375 11.895150 1
5.96 -7.9 1.78 21.97 3.04 45.406375 11.895150 1
5.86 -7.88 1.62 22.5 3.04 45.406375 11.895150 1
5.66 -7.82 1.62 22.19 3.04 45.406375 11.895150 1
5.63 -7.76 1.7 22.16 3.04 45.406375 11.895150 1
5.72 -7.84 1.82 22.52 3.04 45.406375 11.895150 1
5.85 -7.95 1.94 21.93 3.04 45.406375 11.895150 1
6.0 -7.92 1.88 21.95 3.04 45.406375 11.895150 1
6.0 -7.9 1.67 22.4 2.8 45.406374 11.895184 0
5.84 -7.99 1.61 22.0 2.8 45.406374 11.895184 1
5.74 -8.0 1.73 22.48 2.8 45.406374 11.895184 0
5.78 -7.93 1.81 24.13 2.8 45.406374 11.895184 1
5.84 -8.01 1.85 21.47 2.8 45.406374 11.895184 1
5.86 -8.18 1.89 22.26 2.8 45.406374 11.895184 1
5.9 -8.1 1.81 21.85 2.8 45.406374 11.895184 1
5.84 -7.84 1.7 22.43 2.8 45.406374 11.895184 1
5.71 -7.75 1.76 22.07 2.8 45.406374 11.895184 1
5.76 -7.8 1.92 22.9 2.8 45.406374 11.895184 1
5.92 -7.83 1.96 22.47 2.8 45.406374 11.895184 1
5.91 -7.92 1.89 21.9 2.8 45.406374 11.895184 1
5.81 -8.11 1.83 22.79 2.8 45.406374 11.895184 1
5.82 -8.07 1.75 22.47 2.8 45.406374 11.895184 1
5.76 -7.75 1.73 22.09 2.8 45.406374 11.895184 1
5.52 -7.57 1.82 22.09 2.8 45.406374 11.895184 1
5.51 -7.78 1.92 22.07 2.8 45.406374 11.895184 1
5.94 -8.07 1.9 21.64 2.73 45.406376 11.895216 0
6.26 -8.19 1.83 21.64 2.73 45.406376 11.895216 1
6.07 -8.03 1.79 22.54 2.73 45.406376 11.895216 0
5.66 -7.59 1.76 22.48 2.73 45.406376 11.895216 1
5.54 -7.25 1.76 23.31 2.73 45.406376 11.895216 1
5.84 -7.61 1.8 21.99 2.73 45.406376 11.895216 1
6.21 -8.45 1.8 21.64 2.73 45.406376 11.895216 1
6.1 -8.78 1.68 22.09 2.73 45.406376 11.895216 1
5.58 -8.26 1.54 22.0 2.73 45.406376 11.895216 1
5.39 -7.54 1.57 22.11 2.73 45.406376 11.895216 1
5.69 -7.37 1.76 22.02 2.73 45.406376 11.895216 1
5.89 -7.76 1.87 22.35 2.73 45.406376 11.895216 1
5.87 -8.12 1.82 21.95 2.73 45.406376 11.895216 1
5.87 -7.99 1.77 22.47 2.73 45.406376 11.895216 1
5.66 -7.71 1.76 22.07 2.73 45.406376 11.895216 1
5.41 -7.74 1.72 22.11 2.73 45.406376 11.895216 1
5.88 -7.83 1.73 21.95 2.73 45.406376 11.895216 1
6.62 -7.82 1.83 21.99 2.73 45.406376 11.895216 1
6.32 -7.95 1.84 22.91 3.14 45.406375 11.895255 0
5.37 -7.86 1.71 22.64 3.14 45.406375 11.895255 1
5.18 -7.32 1.68 23.2 3.14 45.406375 11.895255 0
5.62 -7.52 1.78 21.64 3.14 45.406375 11.895255 1
5.86 -8.89 1.78 21.61 3.14 45.406375 11.895255 1
5.94 -9.44 1.76 20.73 3.14 45.406375 11.895255 1
5.84 -8.2 1.93 22.42 3.14 45.406375 11.895255 1
5.34 -6.94 2.05 22.47 3.14 45.406375 11.895255 1
5.13 -6.76 1.88 24.71 3.14 45.406375 11.895255 1
5.69 -6.99 1.64 22.98 3.14 45.406375 11.895255 1
6.21 -7.67 1.68 22.16 3.14 45.406375 11.895255 1
6.13 -8.88 1.78 22.26 3.14 45.406375 11.895255 1
5.9 -9.15 1.72 22.86 3.14 45.406375 11.895255 1
5.7 -8.05 1.62 22.26 3.14 45.406375 11.895255 1
5.51 -7.27 1.65 22.33 3.14 45.406375 11.895255 1
5.7 -7.53 1.71 22.71 3.14 45.406375 11.895255 1
6.11 -7.91 1.74 22.04 3.14 45.406375 11.895255 1
6.05 -8.17 1.77 22.29 3.03 45.406376 11.895293 0
5.61 -8.45 1.78 21.92 3.03 45.406376 11.895293 1
5.51 -8.26 1.75 21.97 3.03 45.406376 11.895293 0
5.76 -7.71 1.73 22.04 3.03 45.406376 11.895293 1
5.93 -7.61 1.72 21.99 3.03 45.406376 11.895293 1
5.93 -7.92 1.67 22.0 3.03 45.406376 11.895293 1
5.85 -8.03 1.68 23.26 3.03 45.406376 11.895293 1
5.73 -7.99 1.77 21.99 3.03 45.406376 11.895293 1
5.68 -7.99 1.81 22.0 3.03 45.406376 11.895293 1
5.73 -7.92 1.8 21.95 3.03 45.406376 11.895293 1
5.78 -7.85 1.81 22.81 3.03 45.406376 11.895293 1
5.77 -7.85 1.78 22.42 3.03 45.406376 11.895293 1
5.69 -7.77 1.73 22.47 3.03 45.406376 11.895293 1
5.54 -7.71 1.77 22.81 3.03 45.406376 11.895293 1
5.57 -7.91 1.82 22.31 3.03 45.406376 11.895293 1
5.82 -8.1 1.74 22.31 3.03 45.406376 11.895293 1
5.91 -8.02 1.73 21.85 3.03 45.406376 11.895293 1
5.66 -7.87 1.89 22.35 3.03 45.406376 11.895293 1
5.51 -7.81 1.86 22.72 3.27 45.406376 11.895333 0
5.73 -7.8 1.57 22.24 3.27 45.406376 11.895333 1
5.93 -7.92 1.53 21.88 3.27 45.406376 11.895333 0
5.83 -8.1 1.86 21.9 3.27 45.406376 11.895333 1
5.64 -8.04 2.06 22.45 3.27 45.406376 11.895333 1
5.51 -7.88 1.99 21.88 3.27 45.406376 11.895333 1
5.45 -8.02 1.89 21.88 3.27 45.406376 11.895333 1
5.5 -8.2 1.74 22.05 3.27 45.406376 11.895333 1
5.7 -8.01 1.54 22.0 3.27 45.406376 11.895333 1
5.93 -7.79 1.59 21.95 3.27 45.406376 11.895333 1
6.02 -8.04 1.77 22.48 3.27 45.406376 11.895333 1
5.89 -8.22 1.58 22.36 3.27 45.406376 11.895333 1
5.69 -7.76 1.32 22.96 3.27 45.406376 11.895333 1
5.7 -7.29 1.66 26.07 3.27 45.406376 11.895333 1
5.96 -7.74 2.1 23.32 3.27 45.406376 11.895333 1
6.26 -8.6 1.66 23.14 3.27 45.406376 11.895333 1
6.32 -8.63 0.77 22.62 3.27 45.406376 11.895333 1
5.94 -7.88 0.83 23.07 3.22 45.406376 11.895374 0
5.35 -7.45 1.9 22.19 3.22 45.406376 11.895374 1
5.23 -7.7 2.68 23.38 3.22 45.406376 11.895374 0
5.74 -8.02 2.41 21.9 3.22 45.406376 11.895374 1
6.06 -8.14 1.66 23.92 3.22 45.406376 11.895374 1
5.73 -8.2 1.27 21.9 3.22 45.406376 11.895374 1
5.48 -8.16 1.35 25.78 3.22 45.406376 11.895374 1
5.83 -8.02 1.5 23.03 3.22 45.406376 11.895374 1
6.11 -7.98 1.53 22.74 3.22 45.406376 11.895374 1
5.77 -7.97 1.6 22.02 3.22 45.406376 11.895374 1
5.44 -7.83 1.73 23.36 3.22 45.406376 11.895374 1
5.62 -7.77 1.7 22.93 3.22 45.406376 11.895374 1
5.84 -7.91 1.57 22.45 3.22 45.406376 11.895374 1
5.76 -8.05 1.67 23.32 3.22 45.406376 11.895374 1
5.66 -8.1 1.88 22.07 3.22 45.406376 11.895374 1
5.69 -8.12 1.84 22.54 3.22 45.406376 11.895374 1
5.67 -7.99 1.73 22.91 3.22 45.406376 11.895374 1
5.72 -7.72 1.88 22.81 3.22 45.406376 11.895374 1
5.98 -7.74 2.05 21.9 2.87 45.406375 11.895413 0
5.99 -8.04 1.99 21.87 2.87 45.406375 11.895413 1
5.62 -8.11 1.98 21.78 2.87 45.406375 11.895413 0
5.5 -7.89 2.06 21.85 2.87 45.406375 11.895413 1
5.8 -7.84 1.94 21.44 2.87 45.406375 11.895413 1
5.87 -7.9 1.7 21.54 2.87 45.406375 11.895413 1
5.66 -7.79 1.68 22.42 2.87 45.406375 11.895413 1
5.74 -7.8 1.72 23.27 2.87 45.406375 11.895413 1
5.98 -8.02 1.58 22.45 2.87 45.406375 11.895413 1
5.81 -7.92 1.48 22.59 2.87 45.406375 11.895413 1
5.53 -7.54 1.67 22.29 2.87 45.406375 11.895413 1
5.68 -7.61 1.86 22.26 2.87 45.406375 11.895413 1
6.0 -8.01 1.77 22.0 2.87 45.406375 11.895413 1
5.96 -8.07 1.58 26.74 2.87 45.406375 11.895413 1
5.71 -7.92 1.6 22.36 2.87 45.406375 11.895413 1
5.63 -7.9 1.75 21.88 2.87 45.406375 11.895413 1
5.72 -7.75 1.8 21.78 2.87 45.406375 11.895413 1
5.84 -7.63 1.79 21.85 3.08 45.406372 11.895453 0
5.96 -7.91 1.84 22.45 3.08 45.406372 11.895453 1
5.97 -7.98 1.8 22.36 3.08 45.406372 11.895453 0
5.82 -7.44 1.6 23.07 3.08 45.406372 11.895453 1
5.75 -7.46 1.51 22.0 3.08 45.406372 11.895453 1
5.89 -8.42 1.72 23.99 3.08 45.406372 11.895453 1
5.83 -8.8 1.91 22.24 3.08 45.406372 11.895453 1
5.51 -8.18 1.85 22.66 3.08 45.406372 11.895453 1
5.51 -7.95 1.73 22.36 3.08 45.406372 11.895453 1
5.75 -8.19 1.74 22.11 3.08 45.406372 11.895453 1
5.61 -7.87 1.8 22.05 3.08 45.406372 11.895453 1
5.52 -7.57 1.83 22.43 3.08 45.406372 11.895453 1
5.97 -8.02 1.82 22.35 3.08 45.406372 11.895453 1
6.05 -8.26 1.77 21.85 3.08 45.406372 11.895453 1
5.48 -7.85 1.65 22.36 3.08 45.406372 11.895453 1
5.5 -7.81 1.6 21.92 3.08 45.406372 11.895453 1
5.99 -8.04 1.73 22.66 3.08 45.406372 11.895453 1
5.6 -7.72 1.84 21.73 3.08 45.406372 11.895453 1
4.96 -7.5 1.77 22.17 2.78 45.406374 11.895489 0
5.49 -7.86 1.81 21.76 2.78 45.406374 11.895489 1
6.38 -8.03 2.05 20.82 2.78 45.406374 11.895489 0
6.46 -8.06 2.03 21.8 2.78 45.406374 11.895489 1
5.89 -8.39 1.73 22.86 2.78 45.406374 11.895489 1
5.02 -7.92 1.77 24.23 2.78 45.406374 11.895489 1
4.83 -6.69 1.9 22.91 2.78 45.406374 11.895489 1
6.37 -7.14 1.46 23.82 2.78 45.406374 11.895489 1
7.59 -9.07 1.05 23.58 2.78 45.406374 11.895489 1
5.9 -8.74 1.37 24.28 2.78 45.406374 11.895489 1
3.53 -5.97 1.67 24.9 2.78 45.406374 11.895489 1
4.1 -5.54 1.72 22.42 2.78 45.406374 11.895489 1
6.5 -8.97 2.5 21.11 2.78 45.406374 11.895489 1
7.57 -11.48 3.48 21.33 2.78 45.406374 11.895489 1
6.5 -9.63 2.89 25.0 2.78 45.406374 11.895489 1
4.36 -6.53 1.35 25.19 2.78 45.406374 11.895489 1
3.44 -6.16 0.92 22.86 2.78 45.406374 11.895489 1
5.52 -7.75 1.5 21.2 2.69 45.406375 11.895523 0
8.0 -8.88 1.76 21.88 2.69 45.406375 11.895523 1
7.03 -9.24 1.82 20.94 2.69 45.406375 11.895523 0
4.25 -8.65 2.15 22.86 2.69 45.406375 11.895523 1
3.86 -6.59 2.19 23.1 2.69 45.406375 11.895523 1
5.63 -5.27 1.8 22.59 2.69 45.406375 11.895523 1
6.87 -7.14 1.68 21.85 2.69 45.406375 11.895523 1
7.03 -9.81 1.95 21.42 2.69 45.406375 11.895523 1
6.47 -9.59 1.97 22.24 2.69 45.406375 11.895523 1
5.37 -7.56 1.66 22.5 2.69 45.406375 11.895523 1
4.93 -6.89 1.53 22.11 2.69 45.406375 11.895523 1
5.73 -7.62 1.65 21.9 2.69 45.406375 11.895523 1
6.23 -8.24 1.71 21.81 2.69 45.406375 11.895523 1
5.58 -8.42 1.69 22.0 2.69 45.406375 11.895523 1
5.03 -8.22 1.84 22.11 2.69 45.406375 11.895523 1
5.36 -7.77 2.06 22.95 2.69 45.406375 11.895523 1
5.73 -7.75 2.01 22.16 2.69 45.406375 11.895523 1
5.63 -8.26 1.78 22.67 2.69 45.406375 11.895523 1
5.5 -8.4 1.58 21.81 2.56 45.406379 11.895556 0
5.61 -8.04 1.39 23.56 2.56 45.406379 11.895556 1
5.71 -7.95 1.34 21.93 2.56 45.406379 11.895556 0
5.65 -8.17 1.55 22.36 2.56 45.406379 11.895556 1
5.6 -8.16 1.7 21.93 2.56 45.406379 11.895556 1
5.7 -7.96 1.57 21.87 2.56 45.406379 11.895556 1
5.75 -7.97 1.56 23.17 2.56 45.406379 11.895556 1
5.63 -8.08 1.82 22.0 2.56 45.406379 11.895556 1
5.61 -8.06 1.91 22.04 2.56 45.406379 11.895556 1
5.79 -7.94 1.77 22.16 2.56 45.406379 11.895556 1
5.83 -7.86 1.77 22.62 2.56 45.406379 11.895556 1
5.69 -7.8 1.86 22.21 2.56 45.406379 11.895556 1
5.75 -7.84 1.77 22.91 2.56 45.406379 11.895556 1
5.98 -8.07 1.69 21.54 2.56 45.406379 11.895556 1
5.95 -8.25 1.74 21.92 2.56 45.406379 11.895556 1
5.68 -8.11 1.72 22.45 2.56 45.406379 11.895556 1
5.6 -7.87 1.62 21.99 2.56 45.406379 11.895556 1
5.73 -7.88 1.69 21.88 2.86 45.406377 11.895592 0
5.74 -8.01 1.85 22.0 2.86 45.406377 11.895592 1
5.61 -7.95 1.86 21.88 2.86 45.406377 11.895592 0
5.68 -7.85 1.77 21.88 2.86 45.406377 11.895592 1
5.92 -7.91 1.69 22.69 2.86 45.406377 11.895592 1
5.98 -7.98 1.62 22.78 2.86 45.406377 11.895592 1
5.82 -7.9 1.66 22.19 2.86 45.406377 11.895592 1
5.73 -7.77 1.81 22.26 2.86 45.406377 11.895592 1
5.74 -7.74 1.85 21.56 2.86 45.406377 11.895592 1
5.64 -7.91 1.77 21.95 2.86 45.406377 11.895592 1
5.56 -8.13 1.74 22.0 2.86 45.406377 11.895592 1
5.72 -8.09 1.77 22.5 2.86 45.406377 11.895592 1
5.87 -7.77 1.71 22.14 2.86 45.406377 11.895592 1
5.79 -7.59 1.57 23.08 2.86 45.406377 11.895592 1
5.77 -7.72 1.47 22.14 2.86 45.406377 11.895592 1
6.02 -7.95 1.43 21.95 2.86 45.406377 11.895592 1
6.12 -8.13 1.56 21.66 2.86 45.406377 11.895592 1
5.8 -8.25 1.87 22.36 2.86 45.406377 11.895592 1
5.51 -8.06 1.99 23.48 1.08 45.406377 11.895610 0
5.66 -7.64 1.71 22.19 1.08 45.406377 11.895610 1
5.94 -7.61 1.49 21.95 1.08 45.406377 11.895610 0
5.89 -8.06 1.66 21.88 1.08 45.406377 11.895610 1
5.61 -8.27 1.83 23.26 1.08 45.406377 11.895610 1
5.49 -8.04 1.76 25.16 1.08 45.406377 11.895610 1
5.73 -7.93 1.73 22.31 1.08 45.406377 11.895610 1
6.02 -8.09 1.79 22.66 1.08 45.406377 11.895610 1
5.94 -8.12 1.66 23.98 1.08 45.406377 11.895610 1
5.58 -7.95 1.48 22.33 1.08 45.406377 11.895610 1
5.53 -7.9 1.59 22.14 1.08 45.406377 11.895610 1
5.89 -7.98 1.83 25.93 1.08 45.406377 11.895610 1
6.1 -7.94 1.92 22.29 1.08 45.406377 11.895610 1
5.82 -7.89 1.89 22.71 1.08 45.406377 11.895610 1
5.47 -7.97 1.76 22.42 1.08 45.406377 11.895610 1
5.55 -8.01 1.46 22.43 1.08 45.406377 11.895610 1
5.82 -7.83 1.29 22.86 1.08 45.406377 11.895610 1
5.78 -7.68 1.57 22.4 1.92 45.406374 11.895634 0
5.51 -7.92 2.08 22.24 1.92 45.406374 11.895634 1
5.43 -8.34 2.36 22.95 1.92 45.406374 11.895634 0
5.58 -8.52 2.38 22.94 1.92 45.406374 11.895634 1
5.62 -8.44 2.37 22.96 1.92 45.406374 11.895634 1
5.55 -8.42 2.38 22.95 1.92 45.406374 11.895634 1
5.56 -8.46 2.38 22.95 1.92 45.406374 11.895634 1
5.6 -8.45 2.37 22.94 1.92 45.406374 11.895634 1
5.57 -8.42 2.38 22.96 1.92 45.406374 11.895634 1
5.55 -8.44 2.37 22.96 1.92 45.406374 11.895634 1
5.58 -8.45 2.36 22.95 1.92 45.406374 11.895634 1
5.58 -8.43 2.38 22.96 1.92 45.406374 11.895634 1
5.56 -8.43 2.39 22.94 1.92 45.406374 11.895634 1
5.57 -8.45 2.38 22.95 1.92 45.406374 11.895634 1
5.58 -8.43 2.37 22.95 1.92 45.406374 11.895634 1
5.57 -8.43 2.37 22.96 1.92 45.406374 11.895634 1
5.58 -8.44 2.38 22.94 1.92 45.406374 11.895634 1
5.58 -8.45 2.39 22.95 1.92 45.406374 11.895634 1
5.57 -8.43 2.39 22.96 1.92 45.406374 11.895634 1
5.56 -8.44 2.39 22.95 1.92 45.406374 11.895634 1
5.57 -8.45 2.39 22.94 1.92 45.406374 11.895634 1
5.56 -8.45 2.38 22.95 1.92 45.406374 11.895634 1
5.56 -8.45 2.38 22.94 1.92 45.406374 11.895634 1
5.57 -8.45 2.39 22.95 1.92 45.406374 11.895634 1
5.57 -8.45 2.39 22.95 1.92 45.406374 11.895634 1
5.56 -8.44 2.38 22.94 1.92 45.406374 11.895634 1
5.56 -8.45 2.38 22.95 1.92 45.406374 11.895634 1
5.58 -8.44 2.38 22.94 1.92 45.406374 11.895634 1
5.57 -8.44 2.38 22.96 1.92 45.406374 11.895634 1
5.56 -8.44 2.38 22.95 1.92 45.406374 11.895634 1
5.57 -8.45 2.38 22.96 1.92 45.406374 11.895634 1
5.58 -8.45 2.38 22.94 1.92 45.406374 11.895634 1
5.58 -8.45 2.37 22.94 1.92 45.406374 11.895634 1
5.57 -8.44 2.37 22.95 1.92 45.406374 11.895634 1
5.57 -8.43 2.38 22.96 1.92 45.406374 11.895634 1
5.57 -8.44 2.38 22.96 1.92 45.406374 11.895634 1
5.57 -8.44 2.37 22.95 1.92 45.406374 11.895634 1
5.57 -8.44 2.37 22.95 1.92 45.406374 11.895634 1
5.58 -8.43 2.38 22.96 1.92 45.406374 11.895634 1
5.57 -8.44 2.39 22.95 1.92 45.406374 11.895634 1
5.58 -8.45 2.38 22.94 1.92 45.406374 11.895634 1
