6.13 -7.63 1.84 22.33 2.25 45.406359 11.894932 0
6.07 -7.87 1.62 21.93 2.25 45.406359 11.894932 0
6.13 -7.71 1.4 21.88 2.25 45.406359 11.894932 1
6.14 -7.69 1.48 21.83 2.25 45.406359 11.894932 0
5.94 -8.08 1.86 21.85 2.25 45.406359 11.894932 1
5.76 -8.2 2.1 22.71 2.25 45.406359 11.894932 1
5.81 -7.89 2.06 21.9 2.25 45.406359 11.894932 1
5.82 -7.82 1.99 21.88 2.25 45.406359 11.894932 1
5.62 -8.08 1.94 22.0 2.25 45.406359 11.894932 1
5.67 -8.03 1.87 21.61 2.25 45.406359 11.894932 1
6.21 -7.65 1.88 21.59 2.25 45.406359 11.894932 1
6.6 -7.52 1.97 22.0 2.25 45.406359 11.894932 1
6.33 -7.7 1.91 22.05 2.25 45.406359 11.894932 1
5.93 -7.76 1.73 22.07 2.25 45.406359 11.894932 1
6.04 -7.62 1.67 22.11 2.25 45.406359 11.894932 1
6.38 -7.48 1.72 22.52 2.25 45.406359 11.894932 1
6.35 -7.45 1.69 21.95 2.25 45.406359 11.894932 1
5.99 -7.65 1.76 21.87 2.25 45.406359 11.894932 1
5.78 -8.01 2.11 21.75 2.26 45.406364 11.894951 0
5.79 -8.09 2.4 22.45 2.26 45.406364 11.894951 1
5.79 -7.72 2.22 22.5 2.26 45.406364 11.894951 0
5.73 -7.55 1.8 22.04 2.26 45.406364 11.894951 1
5.81 -7.95 1.64 22.42 2.26 45.406364 11.894951 1
6.0 -8.31 1.77 21.9 2.26 45.406364 11.894951 1
6.01 -8.06 1.86 22.35 2.26 45.406364 11.894951 1
5.88 -7.69 1.78 21.42 2.26 45.406364 11.894951 1
5.86 -7.67 1.7 22.52 2.26 45.406364 11.894951 1
6.03 -7.74 1.79 22.0 2.26 45.406364 11.894951 1
6.16 -7.69 1.98 21.97 2.26 45.406364 11.894951 1
6.08 -7.73 2.0 22.36 2.26 45.406364 11.894951 1
5.88 -7.87 1.79 21.69 2.26 45.406364 11.894951 1
5.89 -7.83 1.69 22.52 2.26 45.406364 11.894951 1
6.09 -7.62 1.93 22.12 2.26 45.406364 11.894951 1
6.06 -7.56 2.11 22.54 2.26 45.406364 11.894951 1
5.67 -7.81 1.82 22.04 2.26 45.406364 11.894951 1
5.43 -8.13 1.36 21.57 2.26 45.406364 11.894951 1
5.61 -8.25 1.35 21.54 2.59 45.406371 11.894977 0
5.86 -8.07 1.7 22.4 2.59 45.406371 11.894977 1
5.93 -7.74 1.89 21.85 2.59 45.406371 11.894977 0
5.99 -7.51 1.8 21.99 2.59 45.406371 11.894977 1
6.12 -7.59 1.73 22.33 2.59 45.406371 11.894977 1
6.17 -7.9 1.82 21.78 2.59 45.406371 11.894977 1
6.08 -8.08 1.89 21.95 2.59 45.406371 11.894977 1
5.93 -7.9 1.85 22.09 2.59 45.406371 11.894977 1
5.85 -7.6 1.85 22.14 2.59 45.406371 11.894977 1
5.91 -7.55 1.94 22.5 2.59 45.406371 11.894977 1
6.02 -7.74 1.99 22.02 2.59 45.406371 11.894977 1
6.02 -7.95 1.96 22.04 2.59 45.406371 11.894977 1
5.9 -7.99 1.97 22.05 2.59 45.406371 11.894977 1
5.74 -7.92 1.93 22.14 2.59 45.406371 11.894977 1
5.6 -7.99 1.69 22.09 2.59 45.406371 11.894977 1
5.62 -8.14 1.53 22.11 2.59 45.406371 11.894977 1
5.87 -7.98 1.65 22.83 2.59 45.406371 11.894977 1
6.13 -7.55 1.69 22.31 2.11 45.406373 11.895001 0
6.13 -7.47 1.38 22.4 2.11 45.406373 11.895001 1
5.89 -7.8 1.32 22.29 2.11 45.406373 11.895001 0
5.74 -7.98 1.8 21.8 2.11 45.406373 11.895001 1
5.82 -7.81 2.1 21.81 2.11 45.406373 11.895001 1
6.01 -7.58 1.89 21.44 2.11 45.406373 11.895001 1
6.15 -7.43 1.96 21.8 2.11 45.406373 11.895001 1
6.24 -7.45 2.46 21.73 2.11 45.406373 11.895001 1
6.24 -7.64 2.55 22.36 2.11 45.406373 11.895001 1
6.03 -7.7 2.02 21.92 2.11 45.406373 11.895001 1
5.68 -7.63 1.61 22.36 2.11 45.406373 11.895001 1
5.49 -7.93 1.53 21.95 2.11 45.406373 11.895001 1
5.6 -8.38 1.58 22.31 2.11 45.406373 11.895001 1
5.81 -8.17 1.86 21.97 2.11 45.406373 11.895001 1
5.82 -7.5 2.25 22.62 2.11 45.406373 11.895001 1
5.63 -7.41 2.29 22.71 2.11 45.406373 11.895001 1
5.66 -7.78 1.94 22.45 2.11 45.406373 11.895001 1
6.25 -7.82 1.73 21.95 2.11 45.406373 11.895001 1
6.87 -7.68 1.81 21.88 2.45 45.406375 11.895027 0
6.68 -7.78 1.94 22.45 2.45 45.406375 11.895027 1
5.9 -7.87 1.98 22.96 2.45 45.406375 11.895027 0
5.47 -7.85 1.87 22.14 2.45 45.406375 11.895027 1
5.52 -8.11 1.63 22.45 2.45 45.406375 11.895027 1
5.61 -8.39 1.42 22.4 2.45 45.406375 11.895027 1
5.73 -8.15 1.41 23.2 2.45 45.406375 11.895027 1
5.98 -7.74 1.62 22.5 2.45 45.406375 11.895027 1
6.07 -7.75 1.99 22.96 2.45 45.406375 11.895027 1
6.01 -7.85 2.28 22.05 2.45 45.406375 11.895027 1
6.12 -7.63 2.25 22.11 2.45 45.406375 11.895027 1
6.27 -7.49 2.08 22.47 2.45 45.406375 11.895027 1
6.16 -7.77 2.09 22.04 2.45 45.406375 11.895027 1
6.01 -7.96 2.19 22.42 2.45 45.406375 11.895027 1
6.07 -7.79 2.24 21.59 2.45 45.406375 11.895027 1
5.94 -7.77 2.25 21.97 2.45 45.406375 11.895027 1
5.46 -8.08 2.21 22.29 2.45 45.406375 11.895027 1
5.12 -8.21 1.98 21.99 2.66 45.406374 11.895057 0
5.25 -8.03 1.7 21.92 2.66 45.406374 11.895057 1
5.61 -7.92 1.6 21.93 2.66 45.406374 11.895057 0
5.95 -7.85 1.64 21.73 2.66 45.406374 11.895057 1
6.18 -7.71 1.73 22.24 2.66 45.406374 11.895057 1
6.13 -7.7 1.87 21.93 2.66 45.406374 11.895057 1
5.98 -7.74 1.83 21.92 2.66 45.406374 11.895057 1
6.13 -7.56 1.5 22.36 2.66 45.406374 11.895057 1
6.42 -7.46 1.3 21.97 2.66 45.406374 11.895057 1
6.19 -7.77 1.57 22.07 2.66 45.406374 11.895057 1
5.64 -7.98 1.95 22.67 2.66 45.406374 11.895057 1
5.61 -7.74 1.98 22.16 2.66 45.406374 11.895057 1
6.0 -7.68 1.85 22.09 2.66 45.406374 11.895057 1
6.0 -8.06 1.88 22.0 2.66 45.406374 11.895057 1
5.64 -8.25 1.95 21.97 2.66 45.406374 11.895057 1
5.56 -8.03 1.85 22.11 2.66 45.406374 11.895057 1
5.77 -7.84 1.71 22.16 2.66 45.406374 11.895057 1
5.87 -7.85 1.75 22.4 2.66 45.406374 11.895057 1
5.91 -7.82 1.85 22.35 2.87 45.406376 11.895088 0
5.97 -7.75 1.79 21.93 2.87 45.406376 11.895088 1
5.91 -7.8 1.62 21.93 2.87 45.406376 11.895088 0
5.81 -7.95 1.63 21.88 2.87 45.406376 11.895088 1
5.88 -7.97 1.8 21.85 2.87 45.406376 11.895088 1
5.97 -7.81 1.85 21.95 2.87 45.406376 11.895088 1
5.82 -7.66 1.8 22.4 2.87 45.406376 11.895088 1
5.68 -7.7 1.84 22.29 2.87 45.406376 11.895088 1
5.84 -7.93 1.88 21.68 2.87 45.406376 11.895088 1
6.01 -8.22 1.78 22.09 2.87 45.406376 11.895088 1
5.91 -8.31 1.63 21.8 2.87 45.406376 11.895088 1
5.73 -8.0 1.59 22.76 2.87 45.406376 11.895088 1
5.72 -7.63 1.64 22.17 2.87 45.406376 11.895088 1
5.82 -7.75 1.72 22.11 2.87 45.406376 11.895088 1
5.85 -8.16 1.81 22.05 2.87 45.406376 11.895088 1
5.81 -8.2 1.81 21.95 2.87 45.406376 11.895088 1
5.74 -7.97 1.73 21.75 2.87 45.406376 11.895088 1
5.69 -7.94 1.72 21.87 2.71 45.406377 11.895123 0
5.74 -7.94 1.77 22.29 2.71 45.406377 11.895123 1
5.83 -7.76 1.8 21.83 2.71 45.406377 11.895123 0
5.86 -7.79 1.78 21.51 2.71 45.406377 11.895123 1
5.83 -8.05 1.73 22.81 2.71 45.406377 11.895123 1
5.78 -8.01 1.73 22.35 2.71 45.406377 11.895123 1
5.72 -7.75 1.81 22.04 2.71 45.406377 11.895123 1
5.76 -7.78 1.85 21.95 2.71 45.406377 11.895123 1
5.88 -7.99 1.72 22.47 2.71 45.406377 11.895123 1
5.89 -8.0 1.61 22.04 2.71 45.406377 11.895123 1
5.76 -7.9 1.7 22.5 2.71 45.406377 11.895123 1
5.71 -7.89 1.77 22.07 2.71 45.406377 11.895123 1
5.79 -7.9 1.72 22.09 2.71 45.406377 11.895123 1
5.83 -7.86 1.77 22.11 2.71 45.406377 11.895123 1
5.77 -7.87 1.91 22.05 2.71 45.406377 11.895123 1
5.72 -7.91 1.83 22.43 2.71 45.406377 11.895123 1
5.71 -7.96 1.65 21.95 2.71 45.406377 11.895123 1
5.74 -8.0 1.72 21.44 2.71 45.406377 11.895123 1
5.81 -7.96 1.91 21.88 3.3 45.406379 11.895162 0
5.83 -7.83 1.86 22.04 3.3 45.406379 11.895162 1
5.72 -7.76 1.69 22.12 3.3 45.406379 11.895162 0
5.67 -7.81 1.73 21.8 3.3 45.406379 11.895162 1
5.88 -7.92 1.83 22.0 3.3 45.406379 11.895162 1
6.09 -8.08 1.75 21.95 3.3 45.406379 11.895162 1
5.98 -8.16 1.64 22.4 3.3 45.406379 11.895162 1
5.71 -7.98 1.69 22.57 3.3 45.406379 11.895162 1
5.61 -7.71 1.74 23.86 3.3 45.406379 11.895162 1
5.74 -7.73 1.65 22.55 3.3 45.406379 11.895162 1
5.94 -8.02 1.59 22.0 3.3 45.406379 11.895162 1
6.01 -8.2 1.76 21.54 3.3 45.406379 11.895162 1
5.85 -8.15 1.94 22.02 3.3 45.406379 11.895162 1
5.6 -7.96 1.84 22.09 3.3 45.406379 11.895162 1
5.62 -7.77 1.64 22.16 3.3 45.406379 11.895162 1
5.9 -7.75 1.63 22.52 3.3 45.406379 11.895162 1
6.02 -7.99 1.79 23.12 3.3 45.406379 11.895162 1
5.85 -8.25 1.95 21.69 3.3 45.406379 11.895162 1
5.7 -8.21 2.1 21.78 2.48 45.406378 11.895191 0
5.69 -7.91 2.13 21.54 2.48 45.406378 11.895191 1
5.64 -7.69 1.91 22.69 2.48 45.406378 11.895191 0
5.58 -7.7 1.67 24.04 2.48 45.406378 11.895191 1
5.68 -7.9 1.71 22.14 2.48 45.406378 11.895191 1
5.92 -8.14 1.91 22.09 2.48 45.406378 11.895191 1
6.08 -8.19 2.02 22.96 2.48 45.406378 11.895191 1
5.9 -7.87 2.02 22.67 2.48 45.406378 11.895191 1
5.48 -7.39 1.93 23.17 2.48 45.406378 11.895191 1
5.48 -7.34 1.72 22.96 2.48 45.406378 11.895191 1
6.09 -7.98 1.58 21.95 2.48 45.406378 11.895191 1
6.33 -8.72 1.62 22.17 2.48 45.406378 11.895191 1
5.68 -8.7 1.67 21.95 2.48 45.406378 11.895191 1
5.21 -7.94 1.64 22.55 2.48 45.406378 11.895191 1
5.65 -7.36 1.67 22.16 2.48 45.406378 11.895191 1
6.07 -7.61 1.78 21.95 2.48 45.406378 11.895191 1
5.97 -8.1 1.86 22.17 2.48 45.406378 11.895191 1
5.85 -8.1 1.88 21.78 2.72 45.406377 11.895222 0
5.71 -7.92 1.81 21.88 2.72 45.406377 11.895222 1
5.41 -7.93 1.67 21.9 2.72 45.406377 11.895222 0
5.8 -7.77 1.67 22.42 2.72 45.406377 11.895222 1
6.69 -7.55 1.86 22.05 2.72 45.406377 11.895222 1
6.45 -7.83 1.91 22.79 2.72 45.406377 11.895222 1
5.22 -7.93 1.78 24.27 2.72 45.406377 11.895222 1
4.95 -7.29 1.74 22.79 2.72 45.406377 11.895222 1
5.76 -7.52 1.74 22.07 2.72 45.406377 11.895222 1
6.18 -9.21 1.61 20.84 2.72 45.406377 11.895222 1
5.96 -9.77 1.59 20.97 2.72 45.406377 11.895222 1
5.63 -8.1 1.85 23.94 2.72 45.406377 11.895222 1
5.29 -6.76 1.95 22.9 2.72 45.406377 11.895222 1
5.34 -6.91 1.69 23.8 2.72 45.406377 11.895222 1
5.99 -7.07 1.58 22.96 2.72 45.406377 11.895222 1
6.33 -7.29 1.86 22.16 2.72 45.406377 11.895222 1
5.92 -8.48 2.05 22.45 2.72 45.406377 11.895222 1
5.58 -9.12 1.95 22.4 2.89 45.406375 11.895257 0
5.63 -8.09 1.91 22.17 2.89 45.406375 11.895257 1
5.65 -7.22 1.99 22.59 2.89 45.406375 11.895257 0
5.77 -7.64 1.93 23.82 2.89 45.406375 11.895257 1
6.13 -8.13 1.87 21.93 2.89 45.406375 11.895257 1
6.15 -8.12 1.97 21.83 2.89 45.406375 11.895257 1
5.71 -8.22 2.01 21.87 2.89 45.406375 11.895257 1
5.52 -8.22 1.85 21.85 2.89 45.406375 11.895257 1
5.79 -7.86 1.78 22.16 2.89 45.406375 11.895257 1
5.98 -7.73 1.84 22.59 2.89 45.406375 11.895257 1
5.9 -7.96 1.73 23.91 2.89 45.406375 11.895257 1
5.78 -8.02 1.43 22.21 2.89 45.406375 11.895257 1
5.75 -7.9 1.32 22.11 2.89 45.406375 11.895257 1
5.81 -7.99 1.52 21.92 2.89 45.406375 11.895257 1
5.87 -8.14 1.79 21.54 2.89 45.406375 11.895257 1
5.8 -8.03 1.92 22.0 2.89 45.406375 11.895257 1
5.66 -7.79 1.91 22.05 2.89 45.406375 11.895257 1
5.66 -7.75 1.76 21.87 2.89 45.406375 11.895257 1
5.81 -7.92 1.52 21.39 3.97 45.406366 11.895302 0
5.88 -8.05 1.44 21.44 3.97 45.406366 11.895302 1
5.82 -7.93 1.67 22.31 3.97 45.406366 11.895302 0
5.77 -7.77 1.94 22.29 3.97 45.406366 11.895302 1
5.79 -7.77 1.95 21.88 3.97 45.406366 11.895302 1
5.78 -7.82 1.8 22.86 3.97 45.406366 11.895302 1
5.72 -7.87 1.78 22.79 3.97 45.406366 11.895302 1
5.61 -8.05 1.84 21.52 3.97 45.406366 11.895302 1
5.55 -8.17 1.74 23.79 3.97 45.406366 11.895302 1
5.6 -8.02 1.64 22.05 3.97 45.406366 11.895302 1
5.69 -7.85 1.79 23.38 3.97 45.406366 11.895302 1
5.68 -7.93 2.03 22.0 3.97 45.406366 11.895302 1
5.66 -8.01 2.01 22.28 3.97 45.406366 11.895302 1
5.83 -7.99 1.82 21.81 3.97 45.406366 11.895302 1
6.02 -8.03 1.83 22.91 3.97 45.406366 11.895302 1
5.96 -7.91 2.0 22.4 3.97 45.406366 11.895302 1
5.73 -7.5 1.95 23.1 3.97 45.406366 11.895302 1
5.68 -7.49 1.66 22.29 3.42 45.406362 11.895350 0
6.03 -8.22 1.55 22.26 3.42 45.406362 11.895350 1
6.38 -8.74 1.66 22.86 3.42 45.406362 11.895350 0
6.06 -8.37 1.67 23.27 3.42 45.406362 11.895350 1
5.31 -7.73 1.53 23.63 3.42 45.406362 11.895350 1
5.3 -7.57 1.53 22.6 3.42 45.406362 11.895350 1
6.16 -7.97 1.66 21.9 3.42 45.406362 11.895350 1
6.5 -8.54 1.71 23.62 3.42 45.406362 11.895350 1
5.79 -8.66 1.68 22.71 3.42 45.406362 11.895350 1
5.27 -8.08 1.63 22.11 3.42 45.406362 11.895350 1
5.69 -7.59 1.63 21.97 3.42 45.406362 11.895350 1
6.15 -7.9 1.78 21.54 3.42 45.406362 11.895350 1
5.88 -8.33 1.9 24.03 3.42 45.406362 11.895350 1
5.35 -8.11 1.73 22.14 3.42 45.406362 11.895350 1
5.22 -7.79 1.5 22.96 3.42 45.406362 11.895350 1
5.49 -7.99 1.59 21.61 3.42 45.406362 11.895350 1
5.81 -8.24 1.81 22.0 3.42 45.406362 11.895350 1
5.85 -8.08 1.82 22.04 3.42 45.406362 11.895350 1
5.65 -7.83 1.79 22.91 3.12 45.406360 11.895394 0
5.56 -7.82 1.87 27.29 3.12 45.406360 11.895394 1
5.79 -7.98 1.87 22.81 3.12 45.406360 11.895394 0
6.02 -8.16 1.79 21.87 3.12 45.406360 11.895394 1
5.94 -8.23 1.77 23.2 3.12 45.406360 11.895394 1
5.77 -8.06 1.75 22.76 3.12 45.406360 11.895394 1
5.76 -7.87 1.68 22.4 3.12 45.406360 11.895394 1
5.75 -7.91 1.79 22.52 3.12 45.406360 11.895394 1
5.57 -7.98 1.99 22.5 3.12 45.406360 11.895394 1
5.56 -7.86 1.93 23.27 3.12 45.406360 11.895394 1
5.9 -7.84 1.78 21.97 3.12 45.406360 11.895394 1
6.04 -7.98 1.85 22.88 3.12 45.406360 11.895394 1
5.71 -7.93 1.92 22.52 3.12 45.406360 11.895394 1
5.53 -7.7 1.86 22.16 3.12 45.406360 11.895394 1
5.86 -7.72 1.91 23.24 3.12 45.406360 11.895394 1
6.05 -7.97 1.96 22.31 3.12 45.406360 11.895394 1
5.75 -8.15 1.69 21.9 3.12 45.406360 11.895394 1
5.63 -8.09 1.44 23.19 3.17 45.406359 11.895436 0
6.02 -7.87 1.55 21.8 3.17 45.406359 11.895436 1
6.24 -7.77 1.7 22.0 3.17 45.406359 11.895436 0
5.92 -7.95 1.71 22.52 3.17 45.406359 11.895436 1
5.59 -8.04 1.82 24.2 3.17 45.406359 11.895436 1
5.72 -7.8 1.85 22.09 3.17 45.406359 11.895436 1
6.07 -7.87 1.6 22.35 3.17 45.406359 11.895436 1
6.12 -8.45 1.55 22.29 3.17 45.406359 11.895436 1
5.81 -8.53 1.89 21.85 3.17 45.406359 11.895436 1
5.66 -7.94 1.97 22.29 3.17 45.406359 11.895436 1
5.85 -7.82 1.65 22.76 3.17 45.406359 11.895436 1
5.83 -8.09 1.62 22.23 3.17 45.406359 11.895436 1
5.43 -7.65 1.98 23.43 3.17 45.406359 11.895436 1
5.28 -7.18 2.18 23.72 3.17 45.406359 11.895436 1
5.47 -7.92 2.02 22.6 3.17 45.406359 11.895436 1
5.54 -8.62 1.7 21.85 3.17 45.406359 11.895436 1
5.61 -8.01 1.43 21.92 3.17 45.406359 11.895436 1
5.71 -7.51 1.46 22.67 3.17 45.406359 11.895436 1
5.42 -7.84 1.85 21.87 3.05 45.406356 11.895478 0
5.17 -7.37 2.09 22.19 3.05 45.406356 11.895478 1
5.92 -6.62 1.92 22.14 3.05 45.406356 11.895478 0
6.95 -7.7 1.79 20.99 3.05 45.406356 11.895478 1
6.72 -8.81 1.99 21.95 3.05 45.406356 11.895478 1
5.35 -7.39 2.08 24.27 3.05 45.406356 11.895478 1
4.69 -6.4 1.76 23.56 3.05 45.406356 11.895478 1
5.84 -8.57 1.51 23.03 3.05 45.406356 11.895478 1
7.36 -10.41 1.89 23.8 3.05 45.406356 11.895478 1
6.96 -9.51 2.6 23.29 3.05 45.406356 11.895478 1
5.25 -8.63 2.85 24.97 3.05 45.406356 11.895478 1
5.04 -8.61 2.48 22.96 3.05 45.406356 11.895478 1
6.51 -8.13 1.9 21.59 3.05 45.406356 11.895478 1
7.33 -8.63 1.44 20.82 3.05 45.406356 11.895478 1
6.55 -9.91 1.34 22.23 3.05 45.406356 11.895478 1
4.73 -8.2 1.59 23.89 3.05 45.406356 11.895478 1
2.92 -5.03 1.56 22.64 3.05 45.406356 11.895478 1
3.42 -6.08 0.91 21.04 2.97 45.406355 11.895517 0
6.54 -9.76 0.61 20.49 2.97 45.406355 11.895517 1
7.87 -10.08 1.42 21.66 2.97 45.406355 11.895517 0
5.2 -7.49 2.3 23.48 2.97 45.406355 11.895517 1
3.15 -5.91 2.13 23.05 2.97 45.406355 11.895517 1
5.07 -5.77 1.62 22.91 2.97 45.406355 11.895517 1
7.54 -6.62 1.64 21.57 2.97 45.406355 11.895517 1
7.2 -8.62 1.86 21.37 2.97 45.406355 11.895517 1
5.51 -9.62 1.94 22.33 2.97 45.406355 11.895517 1
4.73 -8.16 2.08 22.54 2.97 45.406355 11.895517 1
5.19 -6.83 2.18 21.59 2.97 45.406355 11.895517 1
6.18 -7.6 1.98 22.62 2.97 45.406355 11.895517 1
6.32 -8.72 1.77 21.81 2.97 45.406355 11.895517 1
5.23 -8.57 1.66 22.05 2.97 45.406355 11.895517 1
4.68 -7.88 1.4 22.55 2.97 45.406355 11.895517 1
5.62 -7.58 1.32 22.05 2.97 45.406355 11.895517 1
6.43 -7.76 1.81 22.78 2.97 45.406355 11.895517 1
6.03 -8.16 2.25 21.81 2.97 45.406355 11.895517 1
5.55 -8.31 1.94 21.9 2.86 45.406352 11.895554 0
5.67 -8.05 1.47 21.95 2.86 45.406352 11.895554 1
5.74 -7.82 1.55 22.42 2.86 45.406352 11.895554 0
5.65 -7.83 1.75 21.95 2.86 45.406352 11.895554 1
5.84 -7.88 1.55 21.85 2.86 45.406352 11.895554 1
6.07 -7.92 1.34 22.29 2.86 45.406352 11.895554 1
5.95 -7.97 1.44 21.9 2.86 45.406352 11.895554 1
5.71 -7.89 1.67 22.4 2.86 45.406352 11.895554 1
5.72 -7.79 1.94 22.57 2.86 45.406352 11.895554 1
5.82 -7.8 2.23 22.57 2.86 45.406352 11.895554 1
5.72 -7.9 2.22 22.11 2.86 45.406352 11.895554 1
5.58 -8.12 1.84 22.42 2.86 45.406352 11.895554 1
5.72 -8.36 1.52 21.92 2.86 45.406352 11.895554 1
5.91 -8.22 1.56 21.95 2.86 45.406352 11.895554 1
5.8 -7.75 1.79 22.52 2.86 45.406352 11.895554 1
5.65 -7.59 1.91 22.11 2.86 45.406352 11.895554 1
5.76 -7.85 1.82 22.35 2.86 45.406352 11.895554 1
5.83 -8.0 1.65 22.31 2.69 45.406355 11.895587 0
5.72 -7.97 1.62 22.96 2.69 45.406355 11.895587 1
5.76 -8.02 1.74 22.17 2.69 45.406355 11.895587 0
5.86 -8.02 1.87 22.09 2.69 45.406355 11.895587 1
5.67 -7.88 1.93 22.6 2.69 45.406355 11.895587 1
5.54 -7.88 1.95 22.76 2.69 45.406355 11.895587 1
5.79 -7.96 1.92 22.36 2.69 45.406355 11.895587 1
5.94 -7.83 1.89 22.29 2.69 45.406355 11.895587 1
5.73 -7.74 1.9 22.02 2.69 45.406355 11.895587 1
5.63 -7.91 1.83 22.02 2.69 45.406355 11.895587 1
5.71 -7.97 1.71 22.11 2.69 45.406355 11.895587 1
5.69 -7.85 1.74 21.95 2.69 45.406355 11.895587 1
5.73 -7.99 1.91 21.81 2.69 45.406355 11.895587 1
5.93 -8.2 1.89 22.33 2.69 45.406355 11.895587 1
5.9 -8.0 1.6 22.05 2.69 45.406355 11.895587 1
5.64 -7.72 1.46 22.31 2.69 45.406355 11.895587 1
5.53 -7.85 1.67 22.23 2.69 45.406355 11.895587 1
