5.94 -7.77 1.79 22.05 2.0 45.406367 11.895055 0
6.16 -7.73 1.8 22.4 2.0 45.406367 11.895055 1
6.05 -7.55 2.04 22.0 2.0 45.406367 11.895055 0
5.98 -7.63 2.02 22.09 2.0 45.406367 11.895055 1
6.24 -7.9 1.59 22.04 2.0 45.406367 11.895055 1
6.28 -7.97 1.43 21.93 2.0 45.406367 11.895055 1
5.7 -8.1 1.75 22.07 2.0 45.406367 11.895055 1
5.24 -8.38 1.91 22.33 2.0 45.406367 11.895055 1
5.55 -8.19 1.77 22.17 2.0 45.406367 11.895055 1
6.01 -7.73 1.83 22.11 2.0 45.406367 11.895055 1
5.93 -7.81 2.02 22.09 2.0 45.406367 11.895055 1
5.75 -8.15 1.88 22.05 2.0 45.406367 11.895055 1
5.89 -8.09 1.62 21.92 2.0 45.406367 11.895055 1
5.97 -7.86 1.64 22.0 2.0 45.406367 11.895055 1
5.74 -7.82 1.72 22.11 2.0 45.406367 11.895055 1
5.65 -7.8 1.74 22.07 2.0 45.406367 11.895055 1
5.9 -7.84 1.86 21.92 2.0 45.406367 11.895055 1
6.1 -7.98 1.96 21.92 2.26 45.406367 11.895075 0
5.97 -7.91 1.74 21.99 2.26 45.406367 11.895075 1
5.76 -7.71 1.55 21.52 2.26 45.406367 11.895075 0
5.78 -7.78 1.7 21.45 2.26 45.406367 11.895075 1
5.92 -7.94 1.9 21.8 2.26 45.406367 11.895075 1
5.82 -7.92 1.88 21.81 2.26 45.406367 11.895075 1
5.55 -7.89 1.86 21.92 2.26 45.406367 11.895075 1
5.58 -7.86 1.94 21.52 2.26 45.406367 11.895075 1
5.91 -7.64 1.93 22.02 2.26 45.406367 11.895075 1
6.11 -7.5 1.88 22.0 2.26 45.406367 11.895075 1
6.05 -7.68 1.94 22.48 2.26 45.406367 11.895075 1
5.93 -7.84 1.96 22.19 2.26 45.406367 11.895075 1
5.82 -7.73 1.86 22.26 2.26 45.406367 11.895075 1
5.8 -7.63 1.84 22.57 2.26 45.406367 11.895075 1
5.92 -7.74 1.9 22.02 2.26 45.406367 11.895075 1
6.03 -7.87 1.87 22.04 2.26 45.406367 11.895075 1
5.92 -7.9 1.83 21.95 2.26 45.406367 11.895075 1
5.69 -7.86 1.93 22.45 2.26 45.406367 11.895075 1
5.6 -7.87 1.87 22.05 3.13 45.406370 11.895108 0
5.71 -7.95 1.55 22.02 3.13 45.406370 11.895108 1
5.86 -7.94 1.44 21.44 3.13 45.406370 11.895108 0
5.91 -7.78 1.74 21.95 3.13 45.406370 11.895108 1
5.93 -7.73 1.89 21.78 3.13 45.406370 11.895108 1
6.05 -7.86 1.68 21.35 3.13 45.406370 11.895108 1
6.13 -7.84 1.56 21.8 3.13 45.406370 11.895108 1
5.99 -7.71 1.74 22.02 3.13 45.406370 11.895108 1
5.76 -7.78 1.83 22.07 3.13 45.406370 11.895108 1
5.73 -7.82 1.75 22.96 3.13 45.406370 11.895108 1
5.9 -7.55 1.83 22.42 3.13 45.406370 11.895108 1
6.07 -7.45 2.05 22.0 3.13 45.406370 11.895108 1
5.99 -7.86 2.05 21.71 3.13 45.406370 11.895108 1
5.62 -8.11 1.83 23.14 3.13 45.406370 11.895108 1
5.36 -7.86 1.79 23.12 3.13 45.406370 11.895108 1
5.62 -7.73 1.95 23.58 3.13 45.406370 11.895108 1
6.05 -7.98 2.0 21.9 3.13 45.406370 11.895108 1
6.06 -8.09 1.92 22.29 3.01 45.406366 11.895140 0
5.76 -7.94 1.93 21.95 3.01 45.406366 11.895140 1
5.62 -7.8 2.02 21.97 3.01 45.406366 11.895140 0
5.75 -7.69 2.05 22.69 3.01 45.406366 11.895140 1
5.97 -7.63 2.04 21.78 3.01 45.406366 11.895140 1
6.11 -7.77 2.01 23.0 3.01 45.406366 11.895140 1
6.02 -7.91 1.92 21.56 3.01 45.406366 11.895140 1
5.81 -7.84 1.9 22.43 3.01 45.406366 11.895140 1
5.76 -7.73 2.09 22.54 3.01 45.406366 11.895140 1
5.86 -7.81 2.24 22.55 3.01 45.406366 11.895140 1
5.86 -7.92 2.09 22.57 3.01 45.406366 11.895140 1
5.77 -7.93 1.84 22.11 3.01 45.406366 11.895140 1
5.79 -7.9 1.75 22.52 3.01 45.406366 11.895140 1
5.86 -7.86 1.71 22.12 3.01 45.406366 11.895140 1
5.85 -7.81 1.63 22.16 3.01 45.406366 11.895140 1
5.86 -7.82 1.59 22.11 3.01 45.406366 11.895140 1
5.95 -7.87 1.66 21.99 3.01 45.406366 11.895140 1
5.98 -7.84 1.75 21.88 3.01 45.406366 11.895140 1
5.92 -7.71 1.79 21.85 2.5 45.406371 11.895170 0
5.94 -7.69 1.77 21.85 2.5 45.406371 11.895170 1
6.02 -7.93 1.66 22.17 2.5 45.406371 11.895170 0
5.91 -8.19 1.55 22.67 2.5 45.406371 11.895170 1
5.61 -8.07 1.54 22.45 2.5 45.406371 11.895170 1
5.53 -7.76 1.63 22.16 2.5 45.406371 11.895170 1
5.77 -7.77 1.77 22.21 2.5 45.406371 11.895170 1
5.94 -8.07 1.92 22.14 2.5 45.406371 11.895170 1
5.88 -8.19 1.92 22.05 2.5 45.406371 11.895170 1
5.85 -8.04 1.76 22.11 2.5 45.406371 11.895170 1
5.88 -7.89 1.72 22.59 2.5 45.406371 11.895170 1
5.76 -7.85 1.88 22.64 2.5 45.406371 11.895170 1
5.66 -7.85 1.92 23.02 2.5 45.406371 11.895170 1
5.84 -7.96 1.75 22.0 2.5 45.406371 11.895170 1
6.01 -8.13 1.67 22.84 2.5 45.406371 11.895170 1
5.84 -8.12 1.78 22.43 2.5 45.406371 11.895170 1
5.65 -7.95 1.81 22.31 2.5 45.406371 11.895170 1
5.72 -7.89 1.78 21.92 2.84 45.406367 11.895201 0
5.82 -7.91 1.95 21.88 2.84 45.406367 11.895201 1
5.74 -7.83 2.17 21.78 2.84 45.406367 11.895201 0
5.73 -7.81 2.03 22.21 2.84 45.406367 11.895201 1
5.88 -7.97 1.8 21.87 2.84 45.406367 11.895201 1
5.92 -7.98 1.88 21.87 2.84 45.406367 11.895201 1
5.71 -7.72 1.99 22.38 2.84 45.406367 11.895201 1
5.49 -7.64 1.72 22.0 2.84 45.406367 11.895201 1
5.53 -7.91 1.42 21.9 2.84 45.406367 11.895201 1
5.86 -8.15 1.5 21.68 2.84 45.406367 11.895201 1
6.19 -8.16 1.7 21.85 2.84 45.406367 11.895201 1
6.12 -7.99 1.69 22.36 2.84 45.406367 11.895201 1
5.63 -7.55 1.66 23.22 2.84 45.406367 11.895201 1
5.4 -7.18 1.74 22.62 2.84 45.406367 11.895201 1
5.86 -7.58 1.81 22.59 2.84 45.406367 11.895201 1
6.39 -8.51 1.82 21.75 2.84 45.406367 11.895201 1
6.13 -8.83 1.78 21.69 2.84 45.406367 11.895201 1
5.44 -8.21 1.67 22.4 2.84 45.406367 11.895201 1
5.29 -7.51 1.62 22.86 2.85 45.406368 11.895235 0
5.73 -7.43 1.73 22.35 2.85 45.406368 11.895235 1
6.0 -7.92 1.84 21.75 2.85 45.406368 11.895235 0
5.89 -8.3 1.8 22.83 2.85 45.406368 11.895235 1
5.68 -7.98 1.74 22.4 2.85 45.406368 11.895235 1
5.56 -7.55 1.73 22.04 2.85 45.406368 11.895235 1
5.7 -7.86 1.7 22.0 2.85 45.406368 11.895235 1
6.12 -8.34 1.73 22.52 2.85 45.406368 11.895235 1
6.22 -8.17 1.89 22.21 2.85 45.406368 11.895235 1
5.68 -7.85 1.91 22.78 2.85 45.406368 11.895235 1
5.2 -7.64 1.73 22.78 2.85 45.406368 11.895235 1
5.35 -7.23 1.74 22.78 2.85 45.406368 11.895235 1
5.85 -7.54 1.96 21.47 2.85 45.406368 11.895235 1
6.28 -9.08 1.99 21.23 2.85 45.406368 11.895235 1
6.28 -9.64 1.84 21.69 2.85 45.406368 11.895235 1
5.56 -7.98 1.84 24.8 2.85 45.406368 11.895235 1
4.91 -6.53 1.87 23.34 2.85 45.406368 11.895235 1
5.42 -6.98 1.78 23.55 3.25 45.406364 11.895274 0
6.45 -7.82 1.9 22.76 3.25 45.406364 11.895274 1
6.59 -8.1 2.26 21.9 3.25 45.406364 11.895274 0
6.03 -8.49 2.27 21.78 3.25 45.406364 11.895274 1
5.78 -8.59 1.84 21.64 3.25 45.406364 11.895274 1
5.74 -7.87 1.6 22.6 3.25 45.406364 11.895274 1
5.64 -7.42 1.72 22.26 3.25 45.406364 11.895274 1
5.8 -7.84 1.75 22.09 3.25 45.406364 11.895274 1
6.08 -8.15 1.57 22.11 3.25 45.406364 11.895274 1
5.91 -8.03 1.56 22.42 3.25 45.406364 11.895274 1
5.58 -8.04 1.78 22.86 3.25 45.406364 11.895274 1
5.69 -8.02 1.83 22.54 3.25 45.406364 11.895274 1
5.95 -7.7 1.61 22.62 3.25 45.406364 11.895274 1
5.88 -7.65 1.5 22.69 3.25 45.406364 11.895274 1
5.68 -8.04 1.71 22.12 3.25 45.406364 11.895274 1
5.68 -8.19 1.83 22.57 3.25 45.406364 11.895274 1
5.73 -7.97 1.67 22.36 3.25 45.406364 11.895274 1
5.72 -7.94 1.59 22.19 3.25 45.406364 11.895274 1
5.74 -8.06 1.75 21.37 2.81 45.406369 11.895308 0
5.75 -7.89 1.73 21.83 2.81 45.406369 11.895308 1
5.69 -7.67 1.51 21.92 2.81 45.406369 11.895308 0
5.74 -7.81 1.59 22.23 2.81 45.406369 11.895308 1
5.92 -7.97 2.0 21.8 2.81 45.406369 11.895308 1
5.91 -7.82 2.23 22.19 2.81 45.406369 11.895308 1
5.66 -7.74 2.06 22.24 2.81 45.406369 11.895308 1
5.58 -7.95 1.76 22.86 2.81 45.406369 11.895308 1
5.84 -7.97 1.53 22.05 2.81 45.406369 11.895308 1
6.08 -7.73 1.38 22.42 2.81 45.406369 11.895308 1
6.03 -7.73 1.4 22.47 2.81 45.406369 11.895308 1
5.78 -7.92 1.59 22.48 2.81 45.406369 11.895308 1
5.55 -7.83 1.81 22.57 2.81 45.406369 11.895308 1
5.54 -7.69 1.91 22.05 2.81 45.406369 11.895308 1
5.73 -7.83 1.89 22.04 2.81 45.406369 11.895308 1
5.81 -7.96 1.78 22.36 2.81 45.406369 11.895308 1
5.67 -7.87 1.6 22.93 2.81 45.406369 11.895308 1
5.74 -7.85 1.48 21.73 3.14 45.406371 11.895345 0
6.18 -7.99 1.48 23.12 3.14 45.406371 11.895345 1
6.37 -8.02 1.6 22.6 3.14 45.406371 11.895345 0
5.98 -7.8 1.78 23.12 3.14 45.406371 11.895345 1
5.52 -7.41 1.96 24.83 3.14 45.406371 11.895345 1
5.65 -7.38 1.92 23.5 3.14 45.406371 11.895345 1
6.28 -8.24 1.55 22.98 3.14 45.406371 11.895345 1
6.61 -9.3 1.24 21.9 3.14 45.406371 11.895345 1
6.03 -9.1 1.37 24.87 3.14 45.406371 11.895345 1
5.2 -7.89 1.67 22.07 3.14 45.406371 11.895345 1
5.39 -7.36 1.72 22.05 3.14 45.406371 11.895345 1
6.29 -7.82 1.62 22.71 3.14 45.406371 11.895345 1
6.39 -8.21 1.55 22.05 3.14 45.406371 11.895345 1
5.63 -8.21 1.47 22.42 3.14 45.406371 11.895345 1
5.29 -8.16 1.5 22.79 3.14 45.406371 11.895345 1
5.55 -8.03 1.83 22.36 3.14 45.406371 11.895345 1
5.58 -7.85 2.07 22.29 3.14 45.406371 11.895345 1
5.45 -7.82 1.86 23.12 3.14 45.406371 11.895345 1
5.6 -7.77 1.61 21.9 2.95 45.406370 11.895384 0
5.73 -7.59 1.67 22.81 2.95 45.406370 11.895384 1
5.71 -7.62 1.76 22.26 2.95 45.406370 11.895384 0
5.77 -7.88 1.95 22.26 2.95 45.406370 11.895384 1
5.63 -8.09 2.5 23.22 2.95 45.406370 11.895384 1
5.21 -8.12 2.83 22.45 2.95 45.406370 11.895384 1
5.22 -7.97 2.35 22.36 2.95 45.406370 11.895384 1
5.79 -7.78 1.88 21.99 2.95 45.406370 11.895384 1
5.92 -7.88 2.11 22.43 2.95 45.406370 11.895384 1
5.43 -8.17 2.32 22.0 2.95 45.406370 11.895384 1
5.27 -8.08 1.99 22.47 2.95 45.406370 11.895384 1
5.61 -7.83 1.69 22.52 2.95 45.406370 11.895384 1
5.74 -7.94 1.69 22.59 2.95 45.406370 11.895384 1
5.54 -8.05 1.75 22.07 2.95 45.406370 11.895384 1
5.49 -7.85 2.0 22.47 2.95 45.406370 11.895384 1
5.58 -7.99 2.29 22.52 2.95 45.406370 11.895384 1
5.46 -8.41 2.02 22.04 2.95 45.406370 11.895384 1
5.18 -8.26 1.56 23.02 3.18 45.406369 11.895423 0
5.16 -7.87 1.8 21.88 3.18 45.406369 11.895423 1
5.43 -8.06 2.24 21.75 3.18 45.406369 11.895423 0
5.53 -8.29 1.98 23.19 3.18 45.406369 11.895423 1
5.37 -7.91 1.62 21.9 3.18 45.406369 11.895423 1
5.42 -7.62 1.87 21.8 3.18 45.406369 11.895423 1
5.69 -7.86 2.17 22.21 3.18 45.406369 11.895423 1
5.73 -8.0 2.01 22.52 3.18 45.406369 11.895423 1
5.63 -7.77 1.81 22.81 3.18 45.406369 11.895423 1
5.73 -7.53 1.86 22.4 3.18 45.406369 11.895423 1
5.91 -7.59 1.86 23.05 3.18 45.406369 11.895423 1
6.0 -8.07 1.77 22.48 3.18 45.406369 11.895423 1
5.99 -8.5 1.78 22.47 3.18 45.406369 11.895423 1
5.79 -8.25 1.8 22.0 3.18 45.406369 11.895423 1
5.6 -7.86 1.61 21.93 3.18 45.406369 11.895423 1
5.78 -7.99 1.47 22.28 3.18 45.406369 11.895423 1
5.97 -8.04 1.6 21.93 3.18 45.406369 11.895423 1
5.75 -7.68 1.76 22.45 3.18 45.406369 11.895423 1
5.59 -7.7 1.75 21.9 2.57 45.406366 11.895459 0
5.71 -8.07 1.71 21.66 2.57 45.406366 11.895459 1
5.67 -8.14 1.75 21.64 2.57 45.406366 11.895459 0
5.59 -8.15 1.76 21.69 2.57 45.406366 11.895459 1
5.76 -8.14 1.73 21.76 2.57 45.406366 11.895459 1
5.61 -7.6 1.65 22.31 2.57 45.406366 11.895459 1
5.13 -7.29 1.58 22.62 2.57 45.406366 11.895459 1
5.4 -7.88 1.74 21.52 2.57 45.406366 11.895459 1
6.5 -8.3 2.09 21.01 2.57 45.406366 11.895459 1
7.0 -8.22 2.09 22.0 2.57 45.406366 11.895459 1
5.99 -8.51 1.73 22.71 2.57 45.406366 11.895459 1
4.45 -8.23 1.63 23.68 2.57 45.406366 11.895459 1
4.64 -6.81 1.74 25.11 2.57 45.406366 11.895459 1
7.15 -6.93 1.4 21.95 2.57 45.406366 11.895459 1
8.58 -9.07 0.97 23.5 2.57 45.406366 11.895459 1
5.9 -8.75 1.26 24.76 2.57 45.406366 11.895459 1
2.34 -5.26 1.75 25.78 2.57 45.406366 11.895459 1
3.2 -4.74 1.62 24.25 2.86 45.406367 11.895497 0
7.42 -9.16 1.43 21.44 2.86 45.406367 11.895497 1
9.36 -11.75 1.79 20.87 2.86 45.406367 11.895497 0
7.12 -8.76 2.13 23.07 2.86 45.406367 11.895497 1
4.02 -5.62 2.03 23.48 2.86 45.406367 11.895497 1
3.59 -6.64 1.84 23.12 2.86 45.406367 11.895497 1
5.89 -8.77 1.64 22.11 2.86 45.406367 11.895497 1
7.78 -9.0 1.32 21.13 2.86 45.406367 11.895497 1
6.7 -8.62 1.29 45.34 2.86 45.406367 11.895497 1
4.25 -8.08 1.58 23.53 2.86 45.406367 11.895497 1
3.87 -6.5 1.63 23.98 2.86 45.406367 11.895497 1
5.77 -5.7 1.55 22.57 2.86 45.406367 11.895497 1
7.25 -7.44 1.86 21.8 2.86 45.406367 11.895497 1
6.89 -9.38 2.25 21.68 2.86 45.406367 11.895497 1
5.56 -9.07 1.99 21.97 2.86 45.406367 11.895497 1
4.79 -7.79 1.36 22.16 2.86 45.406367 11.895497 1
5.36 -7.37 1.21 21.85 2.86 45.406367 11.895497 1
6.4 -7.63 1.67 22.09 2.86 45.406367 11.895497 1
6.34 -8.04 2.1 21.75 2.34 45.406366 11.895530 0
5.41 -8.33 2.06 21.85 2.34 45.406366 11.895530 1
5.23 -8.09 1.76 22.0 2.34 45.406366 11.895530 0
5.88 -7.6 1.66 22.4 2.34 45.406366 11.895530 1
6.11 -7.63 1.79 21.87 2.34 45.406366 11.895530 1
5.86 -8.03 1.88 22.23 2.34 45.406366 11.895530 1
5.84 -8.17 1.83 21.71 2.34 45.406366 11.895530 1
5.85 -8.05 1.8 22.0 2.34 45.406366 11.895530 1
5.57 -7.95 1.82 22.05 2.34 45.406366 11.895530 1
5.5 -7.87 1.72 22.05 2.34 45.406366 11.895530 1
5.87 -7.86 1.51 22.42 2.34 45.406366 11.895530 1
6.13 -7.98 1.45 21.87 2.34 45.406366 11.895530 1
5.97 -8.1 1.61 22.0 2.34 45.406366 11.895530 1
5.72 -8.08 1.81 23.32 2.34 45.406366 11.895530 1
5.62 -8.0 1.9 23.38 2.34 45.406366 11.895530 1
5.59 -7.87 1.96 22.64 2.34 45.406366 11.895530 1
5.61 -7.76 2.03 22.47 2.34 45.406366 11.895530 1
5.78 -7.9 2.01 21.83 2.46 45.406363 11.895563 0
5.96 -8.19 1.86 21.92 2.46 45.406363 11.895563 1
5.89 -8.21 1.75 21.85 2.46 45.406363 11.895563 0
5.6 -7.94 1.77 26.38 2.46 45.406363 11.895563 1
5.53 -7.79 1.83 22.45 2.46 45.406363 11.895563 1
5.77 -7.86 1.82 22.42 2.46 45.406363 11.895563 1
5.86 -7.92 1.7 22.07 2.46 45.406363 11.895563 1
5.74 -7.97 1.51 22.47 2.46 45.406363 11.895563 1
5.81 -8.14 1.42 22.11 2.46 45.406363 11.895563 1
5.97 -8.14 1.51 22.05 2.46 45.406363 11.895563 1
5.81 -7.89 1.63 22.05 2.46 45.406363 11.895563 1
5.55 -7.77 1.71 22.12 2.46 45.406363 11.895563 1
5.65 -7.91 1.82 22.47 2.46 45.406363 11.895563 1
5.85 -7.95 1.87 22.47 2.46 45.406363 11.895563 1
5.8 -7.91 1.7 22.11 2.46 45.406363 11.895563 1
5.71 -8.01 1.53 23.34 2.46 45.406363 11.895563 1
5.74 -7.95 1.69 21.97 2.46 45.406363 11.895563 1
5.68 -7.57 1.96 22.35 2.46 45.406363 11.895563 1
5.56 -7.56 1.93 23.53 2.79 45.406358 11.895599 0
5.72 -8.14 1.68 22.21 2.79 45.406358 11.895599 1
5.97 -8.45 1.55 22.26 2.79 45.406358 11.895599 0
5.73 -8.04 1.61 22.12 2.79 45.406358 11.895599 1
5.26 -7.67 1.72 22.23 2.79 45.406358 11.895599 1
5.38 -7.87 1.81 23.38 2.79 45.406358 11.895599 1
5.97 -8.18 1.83 22.42 2.79 45.406358 11.895599 1
6.08 -8.17 1.77 22.47 2.79 45.406358 11.895599 1
5.72 -8.03 1.67 22.93 2.79 45.406358 11.895599 1
5.7 -7.96 1.63 22.16 2.79 45.406358 11.895599 1
5.98 -7.93 1.69 30.2 2.79 45.406358 11.895599 1
5.96 -7.98 1.81 22.72 2.79 45.406358 11.895599 1
5.8 -8.03 1.84 22.64 2.79 45.406358 11.895599 1
5.89 -7.89 1.74 22.74 2.79 45.406358 11.895599 1
5.94 -7.72 1.65 22.0 2.79 45.406358 11.895599 1
5.73 -7.85 1.73 21.85 2.79 45.406358 11.895599 1
5.64 -8.2 1.88 22.02 2.79 45.406358 11.895599 1
5.78 -8.37 1.94 22.02 2.79 45.406358 11.895599 1
5.8 -8.32 1.92 22.01 2.79 45.406358 11.895599 1
5.71 -8.29 1.91 22.03 2.79 45.406358 11.895599 1
5.73 -8.33 1.92 22.03 2.79 45.406358 11.895599 1
5.79 -8.33 1.92 22.02 2.79 45.406358 11.895599 1
5.75 -8.3 1.92 22.02 2.79 45.406358 11.895599 1
5.73 -8.32 1.92 22.01 2.79 45.406358 11.895599 1
5.76 -8.33 1.92 22.01 2.79 45.406358 11.895599 1
5.76 -8.33 1.92 22.02 2.79 45.406358 11.895599 1
5.75 -8.33 1.92 22.03 2.79 45.406358 11.895599 1
5.76 -8.33 1.92 22.01 2.79 45.406358 11.895599 1
5.77 -8.32 1.92 22.02 2.79 45.406358 11.895599 1
5.75 -8.32 1.92 22.03 2.79 45.406358 11.895599 1
5.75 -8.33 1.92 22.02 2.79 45.406358 11.895599 1
5.76 -8.33 1.91 22.02 2.79 45.406358 11.895599 1
5.75 -8.31 1.91 22.03 2.79 45.406358 11.895599 1
5.75 -8.31 1.92 22.03 2.79 45.406358 11.895599 1
5.76 -8.32 1.93 22.01 2.79 45.406358 11.895599 1
5.75 -8.32 1.93 22.03 2.79 45.406358 11.895599 1
5.74 -8.33 1.93 22.02 2.79 45.406358 11.895599 1
5.74 -8.33 1.93 22.02 2.79 45.406358 11.895599 1
5.75 -8.32 1.91 22.01 2.79 45.406358 11.895599 1
5.74 -8.32 1.92 22.03 2.79 45.406358 11.895599 1
5.74 -8.32 1.92 22.03 2.79 45.406358 11.895599 1
5.75 -8.33 1.91 22.01 2.79 45.406358 11.895599 1
5.76 -8.32 1.91 22.01 2.79 45.406358 11.895599 1
5.76 -8.32 1.92 22.02 2.79 45.406358 11.895599 1
5.75 -8.32 1.93 22.02 2.79 45.406358 11.895599 1
5.75 -8.32 1.92 22.01 2.79 45.406358 11.895599 1
5.75 -8.33 1.92 22.01 2.79 45.406358 11.895599 1
5.76 -8.33 1.92 22.02 2.79 45.406358 11.895599 1
5.76 -8.32 1.92 22.02 2.79 45.406358 11.895599 1
5.75 -8.32 1.91 22.01 2.79 45.406358 11.895599 1
5.75 -8.32 1.92 22.02 2.79 45.406358 11.895599 1
5.76 -8.32 1.93 22.03 2.79 45.406358 11.895599 1
5.76 -8.31 1.92 22.02 2.79 45.406358 11.895599 1
5.75 -8.32 1.92 22.01 2.79 45.406358 11.895599 1
5.75 -8.32 1.92 22.01 2.79 45.406358 11.895599 1
5.75 -8.31 1.92 22.03 2.79 45.406358 11.895599 1
5.75 -8.3 1.92 22.03 2.79 45.406358 11.895599 1
5.74 -8.32 1.93 22.03 2.79 45.406358 11.895599 1
5.75 -8.33 1.93 22.03 2.79 45.406358 11.895599 1
5.76 -8.33 1.93 22.02 2.79 45.406358 11.895599 1
5.76 -8.32 1.92 22.01 2.79 45.406358 11.895599 1
5.75 -8.32 1.92 22.02 2.79 45.406358 11.895599 1
5.74 -8.32 1.92 22.01 2.79 45.406358 11.895599 1
5.75 -8.32 1.92 22.01 2.79 45.406358 11.895599 1
5.75 -8.32 1.92 22.01 2.79 45.406358 11.895599 1
5.75 -8.32 1.91 22.02 2.79 45.406358 11.895599 1
5.74 -8.33 1.92 22.02 2.79 45.406358 11.895599 1
5.75 -8.33 1.93 22.02 2.79 45.406358 11.895599 1
5.76 -8.33 1.93 22.03 2.79 45.406358 11.895599 1
5.76 -8.32 1.92 22.02 2.79 45.406358 11.895599 1
