5.39 -7.87 1.49 22.66 2.75 45.406334 11.895058 0
5.98 -7.61 1.37 22.57 2.75 45.406334 11.895058 1
6.37 -7.72 1.51 22.0 2.75 45.406334 11.895058 1
6.42 -8.03 1.83 23.24 2.75 45.406334 11.895058 1
6.05 -8.14 2.17 22.38 2.75 45.406334 11.895058 1
5.59 -8.0 2.47 22.47 2.75 45.406334 11.895058 1
5.72 -7.81 2.5 22.42 2.75 45.406334 11.895058 1
6.32 -7.8 2.08 22.0 2.75 45.406334 11.895058 1
6.43 -7.94 1.62 22.43 2.75 45.406334 11.895058 1
5.89 -7.94 1.6 22.52 2.75 45.406334 11.895058 1
5.57 -7.84 1.79 22.47 2.75 45.406334 11.895058 0
5.69 -7.95 1.72 22.4 2.75 45.406334 11.895058 1
5.72 -8.12 1.62 22.35 2.75 45.406334 11.895058 0
5.63 -8.0 1.78 21.75 2.75 45.406334 11.895058 1
5.77 -7.77 2.01 22.24 2.75 45.406334 11.895058 1
5.97 -7.77 2.1 22.0 2.75 45.406334 11.895058 1
5.96 -7.76 2.14 21.95 2.75 45.406334 11.895058 1
5.99 -7.59 1.99 22.0 2.75 45.406334 11.895058 1
6.13 -7.55 1.64 22.52 2.75 45.406334 11.895058 1
6.06 -7.64 1.56 22.11 2.75 45.406334 11.895058 1
5.8 -7.61 1.89 22.05 2.75 45.406334 11.895058 1
5.77 -7.7 2.01 21.97 2.75 45.406334 11.895058 1
5.91 -8.13 1.71 21.95 2.75 45.406334 11.895058 1
5.77 -8.3 1.58 23.38 2.75 45.406334 11.895058 1
5.47 -7.96 1.78 21.85 2.75 45.406334 11.895058 1
5.57 -7.74 1.87 22.72 2.75 45.406334 11.895058 1
6.03 -7.94 1.76 22.48 2.75 45.406334 11.895058 1
6.31 -8.02 1.69 22.42 2.75 45.406334 11.895058 1
6.23 -7.86 1.58 21.92 1.97 45.406341 11.895077 0
6.05 -7.85 1.41 21.95 1.97 45.406341 11.895077 1
5.86 -7.9 1.45 22.5 1.97 45.406341 11.895077 0
5.67 -7.76 1.75 22.47 1.97 45.406341 11.895077 1
5.72 -7.77 1.95 22.02 1.97 45.406341 11.895077 1
6.0 -8.02 1.86 21.95 1.97 45.406341 11.895077 1
6.04 -7.98 1.71 22.45 1.97 45.406341 11.895077 1
5.67 -7.68 1.7 22.11 1.97 45.406341 11.895077 1
5.46 -7.8 1.67 22.47 1.97 45.406341 11.895077 1
5.71 -8.21 1.49 21.61 1.97 45.406341 11.895077 1
5.9 -8.12 1.39 21.97 1.97 45.406341 11.895077 1
5.73 -7.63 1.61 22.11 1.97 45.406341 11.895077 1
5.65 -7.52 1.93 22.16 1.97 45.406341 11.895077 1
5.92 -7.81 1.94 22.17 1.97 45.406341 11.895077 1
6.2 -8.02 1.76 22.11 1.97 45.406341 11.895077 1
6.26 -8.01 1.78 22.21 1.97 45.406341 11.895077 1
6.11 -7.78 1.98 22.14 1.97 45.406341 11.895077 1
5.8 -7.46 2.08 22.04 2.05 45.406340 11.895099 0
5.61 -7.53 2.07 22.02 2.05 45.406340 11.895099 1
5.76 -8.07 2.08 21.92 2.05 45.406340 11.895099 0
5.94 -8.34 2.05 21.95 2.05 45.406340 11.895099 1
5.77 -7.96 1.92 21.9 2.05 45.406340 11.895099 1
5.55 -7.62 1.84 21.88 2.05 45.406340 11.895099 1
5.62 -7.79 1.92 22.29 2.05 45.406340 11.895099 1
5.84 -7.96 1.98 21.9 2.05 45.406340 11.895099 1
5.92 -7.76 1.85 283.78 2.05 45.406340 11.895099 1
5.91 -7.64 1.69 7.31 2.05 45.406340 11.895099 1
5.93 -7.75 1.78 22.48 2.05 45.406340 11.895099 1
6.03 -7.79 1.98 22.04 2.05 45.406340 11.895099 1
6.11 -7.8 1.92 22.42 2.05 45.406340 11.895099 1
5.9 -8.01 1.64 22.5 2.05 45.406340 11.895099 1
5.5 -8.12 1.53 22.11 3.08 45.406342 11.895134 0
5.38 -7.85 1.6 22.31 3.08 45.406342 11.895134 1
5.61 -7.73 1.62 21.87 3.08 45.406342 11.895134 0
5.8 -8.08 1.69 21.85 3.08 45.406342 11.895134 1
5.87 -8.23 1.77 21.75 3.08 45.406342 11.895134 1
5.96 -7.8 1.6 21.44 3.08 45.406342 11.895134 1
5.94 -7.45 1.47 22.96 3.08 45.406342 11.895134 1
5.81 -7.68 1.86 22.02 3.08 45.406342 11.895134 1
5.85 -8.03 2.23 22.54 3.08 45.406342 11.895134 1
5.96 -8.05 1.97 22.07 3.08 45.406342 11.895134 1
5.8 -7.95 1.69 22.16 3.08 45.406342 11.895134 1
5.55 -7.98 1.91 21.69 3.08 45.406342 11.895134 1
5.61 -7.99 2.02 22.57 3.08 45.406342 11.895134 1
5.81 -7.88 1.81 23.44 3.08 45.406342 11.895134 1
5.84 -7.82 1.81 22.93 3.08 45.406342 11.895134 1
5.78 -7.88 1.87 22.11 3.08 45.406342 11.895134 1
5.75 -7.97 1.62 22.05 3.08 45.406342 11.895134 1
5.67 -8.01 1.58 21.93 3.08 45.406342 11.895134 1
5.59 -8.04 2.03 21.95 2.71 45.406344 11.895169 0
5.55 -8.03 2.26 22.0 2.71 45.406344 11.895169 1
5.4 -7.99 1.99 22.02 2.71 45.406344 11.895169 0
5.33 -7.95 1.73 22.0 2.71 45.406344 11.895169 1
5.65 -7.98 1.55 23.62 2.71 45.406344 11.895169 1
6.06 -8.02 1.27 21.95 2.71 45.406344 11.895169 1
6.04 -7.94 1.09 22.91 2.71 45.406344 11.895169 1
5.84 -7.7 1.03 22.11 2.71 45.406344 11.895169 1
5.89 -7.63 0.94 22.57 2.71 45.406344 11.895169 1
5.86 -7.93 1.13 21.95 2.71 45.406344 11.895169 1
5.61 -8.21 1.67 21.8 2.71 45.406344 11.895169 1
5.62 -8.18 1.99 21.78 2.71 45.406344 11.895169 1
5.92 -8.02 1.9 21.56 2.71 45.406344 11.895169 1
5.83 -7.8 1.85 22.47 2.71 45.406344 11.895169 1
5.35 -7.35 1.98 22.83 2.71 45.406344 11.895169 1
5.29 -7.13 2.09 23.48 2.71 45.406344 11.895169 1
5.86 -7.69 2.12 21.85 2.71 45.406344 11.895169 1
6.26 -8.46 2.13 21.66 2.87 45.406345 11.895205 0
5.93 -8.57 2.06 22.45 2.87 45.406345 11.895205 1
5.33 -8.1 1.95 21.85 2.87 45.406345 11.895205 0
5.24 -7.61 1.82 22.45 2.87 45.406345 11.895205 1
5.65 -7.44 1.66 21.95 2.87 45.406345 11.895205 1
5.94 -7.73 1.64 21.8 2.87 45.406345 11.895205 1
5.87 -8.09 1.79 21.4 2.87 45.406345 11.895205 1
5.66 -7.88 1.82 21.95 2.87 45.406345 11.895205 1
5.49 -7.56 1.71 22.11 2.87 45.406345 11.895205 1
5.63 -7.9 1.74 22.05 2.87 45.406345 11.895205 1
6.14 -8.25 1.88 22.47 2.87 45.406345 11.895205 1
6.31 -8.03 1.86 22.17 2.87 45.406345 11.895205 1
5.68 -7.89 1.77 22.74 2.87 45.406345 11.895205 1
5.16 -7.88 1.77 23.17 2.87 45.406345 11.895205 1
5.49 -7.47 1.72 22.88 2.87 45.406345 11.895205 1
5.95 -7.73 1.62 21.66 2.87 45.406345 11.895205 1
5.91 -9.12 1.72 21.81 2.87 45.406345 11.895205 1
5.66 -9.41 1.97 22.0 2.87 45.406345 11.895205 1
5.4 -7.74 2.04 22.17 3.02 45.406345 11.895246 0
5.23 -6.64 1.95 22.24 3.02 45.406345 11.895246 1
5.56 -7.09 1.88 22.57 3.02 45.406345 11.895246 0
6.17 -7.45 1.81 22.23 3.02 45.406345 11.895246 1
6.29 -7.61 1.71 22.36 3.02 45.406345 11.895246 1
6.0 -8.43 1.77 22.86 3.02 45.406345 11.895246 1
5.88 -8.73 1.95 21.99 3.02 45.406345 11.895246 1
5.79 -7.77 1.96 21.95 3.02 45.406345 11.895246 1
5.59 -7.19 1.82 22.76 3.02 45.406345 11.895246 1
5.75 -7.76 1.75 22.21 3.02 45.406345 11.895246 1
6.12 -8.25 1.7 22.11 3.02 45.406345 11.895246 1
5.95 -8.22 1.67 22.9 3.02 45.406345 11.895246 1
5.49 -8.23 1.78 24.35 3.02 45.406345 11.895246 1
5.53 -8.18 1.9 22.05 3.02 45.406345 11.895246 1
5.87 -7.89 1.72 23.02 3.02 45.406345 11.895246 1
5.89 -7.77 1.49 22.11 3.02 45.406345 11.895246 1
5.76 -7.84 1.64 22.02 3.02 45.406345 11.895246 1
5.78 -7.85 1.96 22.91 3.34 45.406346 11.895290 0
5.8 -7.9 1.94 22.05 3.34 45.406346 11.895290 1
5.76 -8.01 1.68 21.95 3.34 45.406346 11.895290 0
5.84 -7.95 1.64 21.81 3.34 45.406346 11.895290 1
5.95 -7.83 1.82 21.87 3.34 45.406346 11.895290 1
5.87 -7.83 1.86 22.42 3.34 45.406346 11.895290 1
5.71 -7.78 1.71 21.95 3.34 45.406346 11.895290 1
5.69 -7.69 1.65 21.85 3.34 45.406346 11.895290 1
5.71 -7.87 1.77 22.36 3.34 45.406346 11.895290 1
5.68 -8.17 1.85 22.47 3.34 45.406346 11.895290 1
5.68 -8.13 1.76 22.9 3.34 45.406346 11.895290 1
5.72 -7.73 1.67 22.54 3.34 45.406346 11.895290 1
5.68 -7.51 1.62 22.62 3.34 45.406346 11.895290 1
5.71 -7.76 1.61 22.05 3.34 45.406346 11.895290 1
5.86 -8.15 1.7 22.47 3.34 45.406346 11.895290 1
5.89 -8.17 1.87 22.42 3.34 45.406346 11.895290 1
5.71 -7.91 1.93 22.57 3.34 45.406346 11.895290 1
5.66 -7.84 1.89 22.81 3.34 45.406346 11.895290 1
5.79 -7.94 1.81 22.0 3.02 45.406348 11.895331 0
5.79 -7.93 1.67 22.29 3.02 45.406348 11.895331 1
5.7 -7.88 1.58 22.19 3.02 45.406348 11.895331 0
5.88 -8.0 1.65 21.85 3.02 45.406348 11.895331 1
6.15 -8.1 1.71 21.81 3.02 45.406348 11.895331 1
6.16 -7.94 1.68 23.75 3.02 45.406348 11.895331 1
6.0 -7.64 1.78 22.76 3.02 45.406348 11.895331 1
5.84 -7.47 1.91 27.47 3.02 45.406348 11.895331 1
5.73 -7.67 1.81 25.98 3.02 45.406348 11.895331 1
5.82 -8.23 1.77 23.58 3.02 45.406348 11.895331 1
6.06 -8.7 1.95 24.04 3.02 45.406348 11.895331 1
5.98 -8.62 1.91 22.81 3.02 45.406348 11.895331 1
5.55 -8.17 1.63 22.67 3.02 45.406348 11.895331 1
5.37 -7.84 1.74 25.23 3.02 45.406348 11.895331 1
5.61 -7.81 2.04 22.48 3.02 45.406348 11.895331 1
5.77 -8.0 1.87 22.83 3.02 45.406348 11.895331 1
5.6 -8.2 1.59 23.1 3.02 45.406348 11.895331 1
5.46 -8.14 1.77 21.9 3.05 45.406347 11.895370 0
5.63 -7.91 1.91 22.05 3.05 45.406347 11.895370 1
5.89 -7.82 1.67 21.78 3.05 45.406347 11.895370 0
5.89 -7.87 1.63 22.35 3.05 45.406347 11.895370 1
5.67 -7.88 1.89 22.76 3.05 45.406347 11.895370 1
5.64 -7.87 1.85 27.15 3.05 45.406347 11.895370 1
5.81 -7.86 1.64 21.85 3.05 45.406347 11.895370 1
5.89 -7.86 1.83 24.8 3.05 45.406347 11.895370 1
5.82 -7.93 2.07 22.05 3.05 45.406347 11.895370 1
5.73 -8.02 1.82 22.11 3.05 45.406347 11.895370 1
5.63 -8.0 1.52 22.16 3.05 45.406347 11.895370 1
5.69 -7.88 1.67 22.48 3.05 45.406347 11.895370 1
5.97 -7.81 1.91 22.0 3.05 45.406347 11.895370 1
6.02 -7.84 1.91 23.27 3.05 45.406347 11.895370 1
5.69 -7.97 1.91 22.93 3.05 45.406347 11.895370 1
5.56 -8.08 1.93 22.02 3.05 45.406347 11.895370 1
5.78 -7.94 1.73 22.45 3.05 45.406347 11.895370 1
5.81 -7.71 1.58 22.84 3.05 45.406347 11.895370 1
5.73 -7.8 1.84 23.63 3.05 45.406348 11.895409 0
6.01 -8.1 2.15 21.8 3.05 45.406348 11.895409 1
6.2 -8.15 2.05 21.54 3.05 45.406348 11.895409 0
5.74 -7.92 1.83 23.08 3.05 45.406348 11.895409 1
5.34 -7.8 1.86 23.32 3.05 45.406348 11.895409 1
5.71 -7.86 1.89 21.83 3.05 45.406348 11.895409 1
6.1 -7.94 1.75 22.24 3.05 45.406348 11.895409 1
5.74 -8.02 1.66 22.05 3.05 45.406348 11.895409 1
5.31 -8.14 1.68 22.05 3.05 45.406348 11.895409 1
5.63 -8.06 1.69 22.07 3.05 45.406348 11.895409 1
6.18 -7.76 1.67 22.47 3.05 45.406348 11.895409 1
6.06 -7.77 1.62 23.43 3.05 45.406348 11.895409 1
5.55 -8.04 1.58 22.31 3.05 45.406348 11.895409 1
5.54 -7.88 1.73 22.83 3.05 45.406348 11.895409 1
5.99 -7.5 1.9 22.64 3.05 45.406348 11.895409 1
6.21 -7.84 1.66 22.54 3.05 45.406348 11.895409 1
5.96 -8.52 1.23 22.35 3.05 45.406348 11.895409 1
5.6 -8.5 1.23 22.6 2.86 45.406348 11.895447 0
5.47 -8.09 1.57 21.8 2.86 45.406348 11.895447 1
5.61 -7.99 1.73 22.14 2.86 45.406348 11.895447 0
5.75 -7.89 1.67 23.08 2.86 45.406348 11.895447 1
5.66 -7.67 1.55 22.02 2.86 45.406348 11.895447 1
5.69 -7.76 1.44 21.97 2.86 45.406348 11.895447 1
5.97 -7.98 1.58 21.71 2.86 45.406348 11.895447 1
5.88 -8.05 1.98 22.93 2.86 45.406348 11.895447 1
5.44 -8.07 2.07 21.9 2.86 45.406348 11.895447 1
5.58 -7.91 1.76 22.83 2.86 45.406348 11.895447 1
6.02 -7.64 1.62 22.38 2.86 45.406348 11.895447 1
5.61 -7.72 1.86 22.36 2.86 45.406348 11.895447 1
5.09 -7.73 2.19 22.21 2.86 45.406348 11.895447 1
5.74 -7.55 2.41 20.63 2.86 45.406348 11.895447 1
6.53 -8.2 2.41 21.42 2.86 45.406348 11.895447 1
5.82 -8.73 2.14 21.95 2.86 45.406348 11.895447 1
4.46 -7.02 1.82 23.02 2.86 45.406348 11.895447 1
4.48 -5.54 1.61 26.57 2.86 45.406348 11.895447 1
5.9 -8.3 1.65 21.95 2.82 45.406349 11.895484 0
6.65 -12.09 2.19 23.55 2.82 45.406349 11.895484 1
5.4 -10.78 2.61 23.82 2.82 45.406349 11.895484 0
3.74 -6.33 1.99 340.82 2.82 45.406349 11.895484 1
4.12 -5.63 1.4 22.26 2.82 45.406349 11.895484 1
6.1 -9.09 2.5 20.99 2.82 45.406349 11.895484 1
7.2 -10.99 3.91 21.92 2.82 45.406349 11.895484 1
6.24 -8.85 3.25 22.76 2.82 45.406349 11.895484 1
4.27 -6.23 1.53 22.47 2.82 45.406349 11.895484 1
3.43 -6.59 1.12 22.05 2.82 45.406349 11.895484 1
5.08 -8.61 1.7 21.01 2.82 45.406349 11.895484 1
7.23 -9.55 1.94 21.51 2.82 45.406349 11.895484 1
6.57 -9.31 1.94 21.18 2.82 45.406349 11.895484 1
4.1 -8.44 1.88 23.22 2.82 45.406349 11.895484 1
3.78 -6.49 1.59 23.17 2.82 45.406349 11.895484 1
5.87 -5.04 1.68 22.64 2.82 45.406349 11.895484 1
7.15 -6.6 2.33 22.09 2.82 45.406349 11.895484 1
6.59 -9.41 2.49 21.9 2.83 45.406347 11.895521 0
5.65 -9.59 1.88 22.16 2.83 45.406347 11.895521 1
5.21 -7.72 1.49 22.0 2.83 45.406347 11.895521 0
5.41 -7.0 1.63 21.78 2.83 45.406347 11.895521 1
5.98 -7.72 1.72 21.61 2.83 45.406347 11.895521 1
6.04 -8.28 1.72 22.07 2.83 45.406347 11.895521 1
5.5 -8.36 1.79 22.23 2.83 45.406347 11.895521 1
5.4 -8.11 1.78 22.42 2.83 45.406347 11.895521 1
5.83 -7.66 1.72 22.86 2.83 45.406347 11.895521 1
6.02 -7.63 1.8 22.38 2.83 45.406347 11.895521 1
5.93 -8.15 1.78 21.95 2.83 45.406347 11.895521 1
5.88 -8.33 1.61 22.86 2.83 45.406347 11.895521 1
5.68 -7.94 1.61 22.47 2.83 45.406347 11.895521 1
5.51 -7.73 1.67 22.02 2.83 45.406347 11.895521 1
5.79 -7.87 1.44 21.97 2.83 45.406347 11.895521 1
6.06 -7.92 1.26 21.87 2.83 45.406347 11.895521 1
5.84 -7.92 1.58 21.69 2.83 45.406347 11.895521 1
5.65 -8.0 2.01 22.26 2.83 45.406347 11.895521 1
5.8 -8.02 2.01 22.29 2.19 45.406351 11.895551 0
5.82 -7.92 1.72 21.9 2.19 45.406351 11.895551 1
5.72 -7.84 1.55 22.47 2.19 45.406351 11.895551 0
5.86 -7.84 1.5 21.95 2.19 45.406351 11.895551 1
6.0 -7.95 1.54 21.64 2.19 45.406351 11.895551 1
5.84 -8.18 1.75 22.16 2.19 45.406351 11.895551 1
5.75 -8.28 2.0 22.17 2.19 45.406351 11.895551 1
5.85 -8.06 2.05 21.92 2.19 45.406351 11.895551 1
5.8 -7.77 1.92 22.43 2.19 45.406351 11.895551 1
5.75 -7.71 1.76 22.11 2.19 45.406351 11.895551 1
5.97 -7.88 1.66 22.24 2.19 45.406351 11.895551 1
6.09 -8.1 1.61 21.9 2.19 45.406351 11.895551 1
5.79 -8.2 1.66 21.85 2.19 45.406351 11.895551 1
5.59 -8.11 1.74 22.33 2.19 45.406351 11.895551 1
5.75 -7.96 1.71 21.9 2.19 45.406351 11.895551 1
5.84 -7.92 1.62 21.95 2.19 45.406351 11.895551 1
5.75 -7.93 1.64 21.66 2.19 45.406351 11.895551 1
5.82 -7.87 1.73 21.76 2.23 45.406363 11.895574 0
5.97 -7.8 1.63 21.8 2.23 45.406363 11.895574 1
5.88 -7.77 1.43 22.4 2.23 45.406363 11.895574 0
5.71 -7.67 1.52 23.02 2.23 45.406363 11.895574 1
5.74 -7.68 1.84 22.4 2.23 45.406363 11.895574 1
5.94 -8.07 1.91 21.28 2.23 45.406363 11.895574 1
6.09 -8.42 1.65 21.8 2.23 45.406363 11.895574 1
6.01 -8.15 1.49 21.95 2.23 45.406363 11.895574 1
5.72 -7.63 1.61 23.02 2.23 45.406363 11.895574 1
5.6 -7.54 1.8 27.35 2.23 45.406363 11.895574 1
5.89 -7.81 1.85 22.0 2.23 45.406363 11.895574 1
6.11 -8.05 1.75 22.36 2.23 45.406363 11.895574 1
5.89 -8.18 1.6 22.36 2.23 45.406363 11.895574 1
5.69 -8.07 1.58 21.63 2.23 45.406363 11.895574 1
5.88 -7.71 1.74 22.24 2.23 45.406363 11.895574 1
5.96 -7.67 1.92 22.31 2.23 45.406363 11.895574 1
5.62 -8.14 1.9 22.6 2.23 45.406363 11.895574 1
5.42 -8.28 1.58 22.91 2.23 45.406363 11.895574 1
5.76 -7.8 1.19 22.6 1.8 45.406373 11.895594 0
6.13 -7.56 1.12 22.05 1.8 45.406373 11.895594 1
6.05 -7.83 1.46 21.49 1.8 45.406373 11.895594 0
5.72 -7.95 1.84 21.57 1.8 45.406373 11.895594 1
5.58 -7.78 1.94 21.57 1.8 45.406373 11.895594 1
5.64 -7.77 1.89 21.56 1.8 45.406373 11.895594 1
5.67 -7.87 1.89 21.56 1.8 45.406373 11.895594 1
5.64 -7.83 1.91 21.56 1.8 45.406373 11.895594 1
5.63 -7.78 1.89 21.58 1.8 45.406373 11.895594 1
5.65 -7.83 1.89 21.57 1.8 45.406373 11.895594 1
5.65 -7.84 1.91 21.57 1.8 45.406373 11.895594 1
5.64 -7.8 1.9 21.56 1.8 45.406373 11.895594 1
5.65 -7.82 1.89 21.57 1.8 45.406373 11.895594 1
5.65 -7.84 1.9 21.57 1.8 45.406373 11.895594 1
5.65 -7.82 1.91 21.56 1.8 45.406373 11.895594 1
5.64 -7.81 1.91 21.58 1.8 45.406373 11.895594 1
5.64 -7.82 1.9 21.57 1.8 45.406373 11.895594 1
5.64 -7.82 1.91 21.57 1.8 45.406373 11.895594 1
5.64 -7.81 1.9 21.57 1.8 45.406373 11.895594 1
5.65 -7.82 1.9 21.57 1.8 45.406373 11.895594 1
5.64 -7.82 1.91 21.56 1.8 45.406373 11.895594 1
5.64 -7.82 1.9 21.57 1.8 45.406373 11.895594 1
5.64 -7.83 1.89 21.57 1.8 45.406373 11.895594 1
5.64 -7.83 1.9 21.57 1.8 45.406373 11.895594 1
5.63 -7.82 1.9 21.57 1.8 45.406373 11.895594 1
5.64 -7.81 1.9 21.56 1.8 45.406373 11.895594 1
5.64 -7.82 1.9 21.58 1.8 45.406373 11.895594 1
5.64 -7.82 1.91 21.57 1.8 45.406373 11.895594 1
5.64 -7.82 1.9 21.57 1.8 45.406373 11.895594 1
5.63 -7.81 1.9 21.57 1.8 45.406373 11.895594 1
5.64 -7.81 1.9 21.57 1.8 45.406373 11.895594 1
5.63 -7.82 1.91 21.58 1.8 45.406373 11.895594 1
5.64 -7.81 1.9 21.57 1.8 45.406373 11.895594 1
5.64 -7.81 1.9 21.56 1.8 45.406373 11.895594 1
5.64 -7.82 1.91 21.56 1.8 45.406373 11.895594 1
5.64 -7.82 1.9 21.56 1.8 45.406373 11.895594 1
5.64 -7.82 1.89 21.57 1.8 45.406373 11.895594 1
5.65 -7.82 1.9 21.57 1.8 45.406373 11.895594 1
5.65 -7.82 1.91 21.57 1.8 45.406373 11.895594 1
5.65 -7.82 1.91 21.57 1.8 45.406373 11.895594 1
5.65 -7.81 1.9 21.58 1.8 45.406373 11.895594 1
5.64 -7.82 1.9 21.56 1.8 45.406373 11.895594 1
5.64 -7.82 1.9 21.57 1.8 45.406373 11.895594 1
5.64 -7.82 1.9 21.57 1.8 45.406373 11.895594 1
5.64 -7.82 1.89 21.57 1.8 45.406373 11.895594 1
5.64 -7.82 1.9 21.58 1.8 45.406373 11.895594 1
5.64 -7.82 1.89 21.57 1.8 45.406373 11.895594 1
5.64 -7.82 1.9 21.58 1.8 45.406373 11.895594 1
5.64 -7.82 1.9 21.58 1.8 45.406373 11.895594 1
5.64 -7.81 1.9 21.57 1.8 45.406373 11.895594 1
5.65 -7.81 1.9 21.56 1.8 45.406373 11.895594 1
5.65 -7.82 1.9 21.56 1.8 45.406373 11.895594 1
5.65 -7.82 1.9 21.57 1.8 45.406373 11.895594 1
5.63 -7.82 1.9 21.58 1.8 45.406373 11.895594 1
5.64 -7.82 1.89 21.57 1.8 45.406373 11.895594 1
5.65 -7.82 1.9 21.57 1.8 45.406373 11.895594 1
5.65 -7.82 1.91 21.58 1.8 45.406373 11.895594 1
5.65 -7.82 1.91 21.57 1.8 45.406373 11.895594 1
5.64 -7.83 1.9 21.56 1.8 45.406373 11.895594 1
5.63 -7.83 1.9 21.58 1.8 45.406373 11.895594 1
5.63 -7.82 1.91 21.57 1.8 45.406373 11.895594 1
5.63 -7.82 1.9 21.57 1.8 45.406373 11.895594 1
5.63 -7.83 1.89 21.57 1.8 45.406373 11.895594 1
