6.31 -7.68 2.08 22.55 2.34 45.406274 11.895089 0
6.16 -7.83 2.01 22.21 2.34 45.406274 11.895089 1
6.01 -7.61 2.2 22.12 2.34 45.406274 11.895089 1
6.07 -7.49 2.33 22.05 2.34 45.406274 11.895089 1
6.17 -7.78 2.15 22.35 2.34 45.406274 11.895089 1
5.91 -8.05 1.87 21.85 2.34 45.406274 11.895089 0
5.53 -8.03 1.63 21.87 2.34 45.406274 11.895089 1
5.58 -8.01 1.41 21.9 2.34 45.406274 11.895089 0
5.81 -8.03 1.36 22.35 2.34 45.406274 11.895089 1
5.76 -7.96 1.48 22.36 2.34 45.406274 11.895089 1
5.63 -7.98 1.57 22.42 2.34 45.406274 11.895089 1
5.74 -8.07 1.76 21.97 2.34 45.406274 11.895089 1
5.89 -7.86 2.14 22.31 2.34 45.406274 11.895089 1
5.9 -7.49 2.26 22.54 2.34 45.406274 11.895089 1
5.96 -7.57 1.92 21.66 2.34 45.406274 11.895089 1
5.97 -8.05 1.67 22.11 2.34 45.406274 11.895089 1
5.73 -8.28 1.7 23.02 2.34 45.406274 11.895089 1
5.5 -8.12 1.54 22.21 2.34 45.406274 11.895089 1
5.62 -7.96 1.35 23.03 2.34 45.406274 11.895089 1
5.85 -8.0 1.61 22.12 2.34 45.406274 11.895089 1
5.9 -8.03 1.91 22.11 2.34 45.406274 11.895089 1
5.86 -7.95 1.72 21.39 2.34 45.406274 11.895089 1
5.81 -7.98 1.55 22.76 2.34 45.406274 11.895089 1
5.67 -8.11 1.85 22.0 2.7 45.406280 11.895123 0
5.53 -8.08 2.03 22.0 2.7 45.406280 11.895123 1
5.56 -7.88 1.82 21.95 2.7 45.406280 11.895123 0
5.75 -7.8 1.74 22.76 2.7 45.406280 11.895123 1
5.9 -7.93 1.89 21.9 2.7 45.406280 11.895123 1
5.86 -8.01 1.83 21.88 2.7 45.406280 11.895123 1
5.69 -7.94 1.65 22.4 2.7 45.406280 11.895123 1
5.63 -7.84 1.64 22.11 2.7 45.406280 11.895123 1
5.81 -7.84 1.59 22.11 2.7 45.406280 11.895123 1
5.91 -7.93 1.45 22.09 2.7 45.406280 11.895123 1
5.72 -8.02 1.54 22.07 2.7 45.406280 11.895123 1
5.55 -7.99 1.85 22.11 2.7 45.406280 11.895123 1
5.7 -7.89 1.95 22.05 2.7 45.406280 11.895123 1
5.89 -7.91 1.81 22.04 2.7 45.406280 11.895123 1
5.81 -7.96 1.75 22.07 2.7 45.406280 11.895123 1
5.64 -7.88 1.82 22.12 2.7 45.406280 11.895123 1
5.66 -7.81 1.84 21.99 2.7 45.406280 11.895123 1
5.81 -7.9 1.78 22.35 2.4 45.406283 11.895156 0
5.87 -8.0 1.72 21.85 2.4 45.406283 11.895156 1
5.82 -7.98 1.7 21.85 2.4 45.406283 11.895156 0
5.75 -7.94 1.73 21.83 2.4 45.406283 11.895156 1
5.74 -7.92 1.77 21.87 2.4 45.406283 11.895156 1
5.78 -7.89 1.74 21.9 2.4 45.406283 11.895156 1
5.81 -7.85 1.67 21.85 2.4 45.406283 11.895156 1
5.76 -7.85 1.67 22.78 2.4 45.406283 11.895156 1
5.75 -7.88 1.75 22.59 2.4 45.406283 11.895156 1
5.82 -7.92 1.82 22.12 2.4 45.406283 11.895156 1
5.87 -7.93 1.81 22.19 2.4 45.406283 11.895156 1
5.81 -7.91 1.75 22.57 2.4 45.406283 11.895156 1
5.79 -7.9 1.75 22.11 2.4 45.406283 11.895156 1
5.89 -7.98 1.82 22.57 2.4 45.406283 11.895156 1
5.92 -8.04 1.78 22.16 2.4 45.406283 11.895156 1
5.8 -7.92 1.61 22.59 2.4 45.406283 11.895156 1
5.74 -7.81 1.53 22.07 2.4 45.406283 11.895156 1
5.85 -7.96 1.62 21.9 2.4 45.406283 11.895156 1
5.89 -8.14 1.7 21.93 2.38 45.406290 11.895189 0
5.76 -8.04 1.75 21.87 2.38 45.406290 11.895189 1
5.71 -7.85 1.84 21.95 2.38 45.406290 11.895189 0
5.8 -7.93 1.77 22.0 2.38 45.406290 11.895189 1
5.8 -8.05 1.5 21.97 2.38 45.406290 11.895189 1
5.72 -7.86 1.48 22.88 2.38 45.406290 11.895189 1
5.83 -7.56 1.79 21.95 2.38 45.406290 11.895189 1
5.99 -7.6 1.81 21.93 2.38 45.406290 11.895189 1
5.89 -7.94 1.47 21.56 2.38 45.406290 11.895189 1
5.69 -8.08 1.39 21.97 2.38 45.406290 11.895189 1
5.71 -7.87 1.66 22.05 2.38 45.406290 11.895189 1
5.82 -7.67 1.8 22.11 2.38 45.406290 11.895189 1
5.81 -7.7 1.85 22.11 2.38 45.406290 11.895189 1
5.87 -7.74 1.95 21.97 2.38 45.406290 11.895189 1
6.1 -7.69 1.85 21.9 2.38 45.406290 11.895189 1
6.25 -7.77 1.59 22.72 2.38 45.406290 11.895189 1
6.19 -7.94 1.63 21.88 2.38 45.406290 11.895189 1
6.04 -7.79 1.85 22.66 2.45 45.406301 11.895222 0
5.94 -7.37 1.89 22.31 2.45 45.406301 11.895222 1
5.98 -7.23 1.9 22.19 2.45 45.406301 11.895222 0
6.07 -7.64 1.98 22.47 2.45 45.406301 11.895222 1
6.02 -8.18 1.92 21.87 2.45 45.406301 11.895222 1
5.85 -8.34 1.77 22.57 2.45 45.406301 11.895222 1
5.75 -8.06 1.8 21.8 2.45 45.406301 11.895222 1
5.73 -7.74 1.86 21.95 2.45 45.406301 11.895222 1
5.71 -7.69 1.76 21.54 2.45 45.406301 11.895222 1
5.77 -7.8 1.7 21.9 2.45 45.406301 11.895222 1
5.86 -7.93 1.77 21.87 2.45 45.406301 11.895222 1
5.84 -7.92 1.84 21.95 2.45 45.406301 11.895222 1
5.84 -7.63 1.87 22.05 2.45 45.406301 11.895222 1
5.96 -7.36 1.83 22.02 2.45 45.406301 11.895222 1
6.08 -7.6 1.74 22.05 2.45 45.406301 11.895222 1
6.21 -8.01 1.75 21.64 2.45 45.406301 11.895222 1
6.31 -7.97 1.81 22.55 2.45 45.406301 11.895222 1
5.98 -7.77 1.76 22.47 2.45 45.406301 11.895222 1
5.28 -7.75 1.69 23.07 2.72 45.406307 11.895257 0
5.01 -7.64 1.73 23.58 2.72 45.406307 11.895257 1
5.41 -7.91 1.72 21.49 2.72 45.406307 11.895257 0
5.82 -9.01 1.7 21.25 2.72 45.406307 11.895257 1
5.95 -9.51 1.9 22.45 2.72 45.406307 11.895257 1
5.92 -8.19 2.1 22.42 2.72 45.406307 11.895257 1
5.68 -6.67 1.89 22.16 2.72 45.406307 11.895257 1
5.51 -6.66 1.56 23.24 2.72 45.406307 11.895257 1
5.95 -7.34 1.62 22.91 2.72 45.406307 11.895257 1
6.63 -7.75 1.93 22.12 2.72 45.406307 11.895257 1
6.65 -8.27 2.06 21.85 2.72 45.406307 11.895257 1
6.13 -8.66 1.94 48.65 2.72 45.406307 11.895257 1
5.79 -8.25 1.85 22.12 2.72 45.406307 11.895257 1
5.63 -7.71 1.93 22.26 2.72 45.406307 11.895257 1
5.52 -7.88 2.08 22.31 2.72 45.406307 11.895257 1
5.65 -8.15 2.03 22.57 2.72 45.406307 11.895257 1
5.88 -7.99 1.78 21.92 2.72 45.406307 11.895257 1
5.89 -7.93 1.66 21.71 2.71 45.406312 11.895292 0
5.88 -8.1 1.75 22.6 2.71 45.406312 11.895292 1
6.01 -7.95 1.86 22.0 2.71 45.406312 11.895292 0
5.9 -7.53 1.89 21.95 2.71 45.406312 11.895292 1
5.67 -7.51 1.86 22.04 2.71 45.406312 11.895292 1
5.85 -7.86 1.74 22.29 2.71 45.406312 11.895292 1
6.17 -7.99 1.54 21.95 2.71 45.406312 11.895292 1
6.02 -7.82 1.43 23.2 2.71 45.406312 11.895292 1
5.65 -7.8 1.5 22.86 2.71 45.406312 11.895292 1
5.58 -8.06 1.7 21.95 2.71 45.406312 11.895292 1
5.63 -8.1 1.87 22.05 2.71 45.406312 11.895292 1
5.61 -7.71 1.78 22.07 2.71 45.406312 11.895292 1
5.66 -7.49 1.63 22.52 2.71 45.406312 11.895292 1
5.74 -7.88 1.87 21.9 2.71 45.406312 11.895292 1
5.71 -8.23 2.37 21.95 2.71 45.406312 11.895292 1
5.74 -7.95 2.34 22.43 2.71 45.406312 11.895292 1
5.84 -7.58 1.77 49.03 2.71 45.406312 11.895292 1
5.75 -7.7 1.5 22.35 2.71 45.406312 11.895292 1
5.67 -7.92 1.68 21.88 2.44 45.406317 11.895325 0
5.86 -7.87 1.71 21.88 2.44 45.406317 11.895325 1
5.98 -7.85 1.55 21.8 2.44 45.406317 11.895325 0
5.72 -8.02 1.66 22.29 2.44 45.406317 11.895325 1
5.44 -8.08 1.99 22.0 2.44 45.406317 11.895325 1
5.5 -7.95 2.11 22.35 2.44 45.406317 11.895325 1
5.65 -7.9 1.96 22.47 2.44 45.406317 11.895325 1
5.65 -8.01 1.82 23.84 2.44 45.406317 11.895325 1
5.63 -8.14 1.84 23.44 2.44 45.406317 11.895325 1
5.71 -8.12 1.91 22.57 2.44 45.406317 11.895325 1
5.81 -7.91 1.88 22.74 2.44 45.406317 11.895325 1
5.81 -7.72 1.83 22.33 2.44 45.406317 11.895325 1
5.72 -7.72 1.87 22.24 2.44 45.406317 11.895325 1
5.7 -7.95 1.87 22.62 2.44 45.406317 11.895325 1
5.85 -8.22 1.71 22.93 2.44 45.406317 11.895325 1
5.9 -8.27 1.53 22.64 2.44 45.406317 11.895325 1
5.77 -8.02 1.42 22.09 2.44 45.406317 11.895325 1
5.78 -7.75 1.3 21.95 2.98 45.406321 11.895361 0
5.88 -7.8 1.35 22.86 2.98 45.406321 11.895361 1
5.64 -8.08 1.66 21.87 2.98 45.406321 11.895361 0
5.3 -8.24 1.87 21.85 2.98 45.406321 11.895361 1
5.38 -8.1 1.7 23.67 2.98 45.406321 11.895361 1
5.66 -7.82 1.5 22.45 2.98 45.406321 11.895361 1
5.66 -7.72 1.64 22.81 2.98 45.406321 11.895361 1
5.64 -7.96 1.9 25.35 2.98 45.406321 11.895361 1
5.76 -8.23 1.99 22.33 2.98 45.406321 11.895361 1
5.64 -8.14 1.93 28.93 2.98 45.406321 11.895361 1
5.41 -7.91 1.79 22.48 2.98 45.406321 11.895361 1
5.53 -7.9 1.6 24.08 2.98 45.406321 11.895361 1
5.73 -7.93 1.51 22.57 2.98 45.406321 11.895361 1
5.66 -7.83 1.6 23.32 2.98 45.406321 11.895361 1
5.63 -7.9 1.72 21.9 2.98 45.406321 11.895361 1
5.73 -8.13 1.76 22.43 2.98 45.406321 11.895361 1
5.64 -8.02 1.71 22.35 2.98 45.406321 11.895361 1
5.6 -7.7 1.6 21.88 2.98 45.406321 11.895361 1
5.91 -7.78 1.57 21.95 2.75 45.406322 11.895399 0
6.05 -8.06 1.72 21.92 2.75 45.406322 11.895399 1
5.71 -7.95 1.98 22.35 2.75 45.406322 11.895399 0
5.55 -7.78 2.13 21.88 2.75 45.406322 11.895399 1
5.84 -8.02 2.04 21.92 2.75 45.406322 11.895399 1
5.97 -8.16 1.73 22.26 2.75 45.406322 11.895399 1
5.8 -7.89 1.42 22.78 2.75 45.406322 11.895399 1
5.75 -7.84 1.37 21.61 2.75 45.406322 11.895399 1
5.83 -8.13 1.58 22.02 2.75 45.406322 11.895399 1
5.69 -8.09 1.75 22.09 2.75 45.406322 11.895399 1
5.58 -7.84 1.73 22.05 2.75 45.406322 11.895399 1
5.85 -7.95 1.57 22.05 2.75 45.406322 11.895399 1
6.06 -8.0 1.45 22.54 2.75 45.406322 11.895399 1
5.75 -7.58 1.45 22.11 2.75 45.406322 11.895399 1
5.47 -7.55 1.57 22.42 2.75 45.406322 11.895399 1
5.88 -8.13 1.62 22.36 2.75 45.406322 11.895399 1
6.31 -8.27 1.57 22.11 2.75 45.406322 11.895399 1
5.99 -7.86 1.61 22.31 3.08 45.406322 11.895438 0
5.55 -7.84 1.78 23.41 3.08 45.406322 11.895438 1
5.71 -7.99 1.87 22.29 3.08 45.406322 11.895438 0
5.91 -7.78 1.83 23.2 3.08 45.406322 11.895438 1
5.84 -7.78 1.82 21.93 3.08 45.406322 11.895438 1
5.98 -8.16 1.86 21.9 3.08 45.406322 11.895438 1
6.07 -8.19 1.84 22.19 3.08 45.406322 11.895438 1
5.68 -7.93 1.78 22.29 3.08 45.406322 11.895438 1
5.54 -7.93 1.75 29.24 3.08 45.406322 11.895438 1
5.9 -8.01 1.7 22.98 3.08 45.406322 11.895438 1
5.77 -7.96 1.63 22.02 3.08 45.406322 11.895438 1
5.39 -7.92 1.63 22.42 3.08 45.406322 11.895438 1
5.74 -7.89 1.72 21.85 3.08 45.406322 11.895438 1
5.95 -8.0 1.8 21.87 3.08 45.406322 11.895438 1
5.43 -8.12 1.77 21.87 3.08 45.406322 11.895438 1
5.56 -7.76 1.72 24.03 3.08 45.406322 11.895438 1
6.28 -7.63 1.75 21.95 3.08 45.406322 11.895438 1
5.71 -8.23 1.77 21.88 3.08 45.406322 11.895438 1
4.72 -7.96 1.76 21.69 2.8 45.406326 11.895475 0
5.57 -6.95 1.81 20.87 2.8 45.406326 11.895475 1
6.9 -7.89 1.87 21.64 2.8 45.406326 11.895475 0
6.19 -9.13 1.64 22.16 2.8 45.406326 11.895475 1
4.62 -6.99 1.22 24.23 2.8 45.406326 11.895475 1
4.72 -5.36 1.03 23.31 2.8 45.406326 11.895475 1
6.15 -8.97 1.23 21.49 2.8 45.406326 11.895475 1
6.8 -12.4 1.57 24.32 2.8 45.406326 11.895475 1
6.02 -10.28 1.79 23.38 2.8 45.406326 11.895475 1
5.2 -7.36 1.77 25.43 2.8 45.406326 11.895475 1
5.62 -7.52 1.67 23.2 2.8 45.406326 11.895475 1
6.68 -7.94 1.7 21.18 2.8 45.406326 11.895475 1
7.22 -7.94 1.77 22.11 2.8 45.406326 11.895475 1
6.76 -8.54 1.6 21.92 2.8 45.406326 11.895475 1
4.89 -7.42 1.35 23.07 2.8 45.406326 11.895475 1
2.69 -5.26 1.38 22.71 2.8 45.406326 11.895475 1
3.14 -6.47 1.65 21.08 2.8 45.406326 11.895475 1
6.17 -9.64 1.79 20.97 2.73 45.406329 11.895511 0
7.36 -9.88 1.66 21.23 2.73 45.406329 11.895511 1
5.29 -8.06 1.39 22.62 2.73 45.406329 11.895511 0
3.82 -7.04 1.35 22.95 2.73 45.406329 11.895511 1
4.96 -6.6 1.82 23.0 2.73 45.406329 11.895511 1
6.65 -7.1 2.39 21.95 2.73 45.406329 11.895511 1
7.3 -8.94 2.33 21.49 2.73 45.406329 11.895511 1
6.72 -9.56 1.73 22.14 2.73 45.406329 11.895511 1
5.08 -8.07 1.39 22.0 2.73 45.406329 11.895511 1
4.23 -7.34 1.52 21.97 2.73 45.406329 11.895511 1
5.52 -8.07 1.63 21.8 2.73 45.406329 11.895511 1
6.79 -8.21 1.56 21.75 2.73 45.406329 11.895511 1
6.07 -7.9 1.53 21.87 2.73 45.406329 11.895511 1
5.1 -8.21 1.54 22.0 2.73 45.406329 11.895511 1
5.49 -8.28 1.5 21.95 2.73 45.406329 11.895511 1
6.09 -7.81 1.48 22.4 2.73 45.406329 11.895511 1
6.0 -7.82 1.57 21.95 2.73 45.406329 11.895511 1
5.86 -8.16 1.7 21.85 2.73 45.406329 11.895511 1
5.83 -8.0 1.86 22.21 2.56 45.406335 11.895545 0
5.66 -7.76 1.99 22.31 2.56 45.406335 11.895545 1
5.67 -7.9 1.91 22.76 2.56 45.406335 11.895545 0
5.84 -8.01 1.73 22.26 2.56 45.406335 11.895545 1
5.75 -7.99 1.69 22.57 2.56 45.406335 11.895545 1
5.62 -8.06 1.73 22.26 2.56 45.406335 11.895545 1
5.83 -8.03 1.65 21.9 2.56 45.406335 11.895545 1
6.02 -7.87 1.59 21.93 2.56 45.406335 11.895545 1
5.88 -7.89 1.73 22.26 2.56 45.406335 11.895545 1
5.69 -7.95 1.9 24.8 2.56 45.406335 11.895545 1
5.75 -7.86 1.91 22.96 2.56 45.406335 11.895545 1
5.91 -7.91 1.81 22.36 2.56 45.406335 11.895545 1
5.9 -8.17 1.66 21.97 2.56 45.406335 11.895545 1
5.71 -8.15 1.59 22.11 2.56 45.406335 11.895545 1
5.63 -7.89 1.72 23.02 2.56 45.406335 11.895545 1
5.77 -7.82 1.84 22.16 2.56 45.406335 11.895545 1
5.88 -7.89 1.7 22.42 2.56 45.406335 11.895545 1
5.83 -7.85 1.58 21.88 1.59 45.406342 11.895566 0
5.79 -7.87 1.77 21.9 1.59 45.406342 11.895566 1
5.76 -7.98 1.89 21.85 1.59 45.406342 11.895566 0
5.74 -7.95 1.57 22.26 1.59 45.406342 11.895566 1
5.82 -7.85 1.35 22.72 1.59 45.406342 11.895566 1
5.85 -7.88 1.66 21.85 1.59 45.406342 11.895566 1
5.68 -7.91 1.96 22.71 1.59 45.406342 11.895566 1
5.67 -7.85 1.83 22.31 1.59 45.406342 11.895566 1
5.98 -7.83 1.66 21.95 1.59 45.406342 11.895566 1
6.04 -7.89 1.64 22.52 1.59 45.406342 11.895566 1
5.72 -7.92 1.53 22.12 1.59 45.406342 11.895566 1
5.7 -7.94 1.4 22.05 1.59 45.406342 11.895566 1
6.04 -8.05 1.52 22.35 1.59 45.406342 11.895566 1
6.11 -8.23 1.74 21.85 1.59 45.406342 11.895566 1
5.83 -8.26 1.79 21.95 1.59 45.406342 11.895566 1
5.66 -8.0 1.79 22.98 1.59 45.406342 11.895566 1
5.72 -7.68 1.75 22.62 1.59 45.406342 11.895566 1
5.88 -7.71 1.64 21.83 1.59 45.406342 11.895566 1
6.09 -8.01 1.61 21.85 2.49 45.406346 11.895599 0
6.21 -8.14 1.72 21.84 2.49 45.406346 11.895599 1
6.18 -8.05 1.76 21.85 2.49 45.406346 11.895599 1
6.13 -8.03 1.69 21.84 2.49 45.406346 11.895599 1
6.17 -8.08 1.7 21.85 2.49 45.406346 11.895599 1
6.18 -8.06 1.75 21.86 2.49 45.406346 11.895599 1
6.15 -8.03 1.73 21.85 2.49 45.406346 11.895599 1
6.15 -8.07 1.71 21.84 2.49 45.406346 11.895599 1
6.16 -8.08 1.73 21.84 2.49 45.406346 11.895599 1
6.15 -8.05 1.72 21.84 2.49 45.406346 11.895599 1
6.15 -8.05 1.7 21.86 2.49 45.406346 11.895599 1
6.17 -8.07 1.72 21.85 2.49 45.406346 11.895599 1
6.15 -8.06 1.73 21.86 2.49 45.406346 11.895599 1
6.15 -8.05 1.72 21.85 2.49 45.406346 11.895599 1
6.17 -8.06 1.71 21.85 2.49 45.406346 11.895599 1
6.17 -8.06 1.73 21.85 2.49 45.406346 11.895599 1
6.15 -8.06 1.73 21.85 2.49 45.406346 11.895599 1
6.16 -8.07 1.72 21.84 2.49 45.406346 11.895599 1
6.18 -8.07 1.72 21.85 2.49 45.406346 11.895599 1
6.16 -8.07 1.72 21.85 2.49 45.406346 11.895599 1
6.14 -8.07 1.72 21.85 2.49 45.406346 11.895599 1
6.16 -8.07 1.71 21.86 2.49 45.406346 11.895599 1
6.16 -8.06 1.71 21.85 2.49 45.406346 11.895599 1
6.15 -8.05 1.72 21.85 2.49 45.406346 11.895599 1
6.15 -8.05 1.72 21.85 2.49 45.406346 11.895599 1
6.17 -8.05 1.72 21.84 2.49 45.406346 11.895599 1
6.16 -8.06 1.72 21.86 2.49 45.406346 11.895599 1
6.15 -8.06 1.72 21.85 2.49 45.406346 11.895599 1
6.16 -8.06 1.71 21.85 2.49 45.406346 11.895599 1
6.17 -8.06 1.71 21.85 2.49 45.406346 11.895599 1
6.15 -8.06 1.71 21.85 2.49 45.406346 11.895599 1
6.15 -8.06 1.72 21.85 2.49 45.406346 11.895599 1
6.17 -8.06 1.73 21.86 2.49 45.406346 11.895599 1
6.17 -8.05 1.72 21.84 2.49 45.406346 11.895599 1
6.16 -8.06 1.71 21.85 2.49 45.406346 11.895599 1
6.16 -8.06 1.71 21.84 2.49 45.406346 11.895599 1
6.16 -8.06 1.72 21.84 2.49 45.406346 11.895599 1
6.16 -8.06 1.72 21.85 2.49 45.406346 11.895599 1
6.16 -8.06 1.71 21.85 2.49 45.406346 11.895599 1
6.17 -8.06 1.71 21.85 2.49 45.406346 11.895599 1
6.17 -8.06 1.72 21.85 2.49 45.406346 11.895599 1
6.17 -8.06 1.72 21.85 2.49 45.406346 11.895599 1
6.16 -8.06 1.72 21.85 2.49 45.406346 11.895599 1
6.15 -8.06 1.71 21.85 2.49 45.406346 11.895599 1
6.15 -8.06 1.72 21.85 2.49 45.406346 11.895599 1
6.17 -8.07 1.73 21.85 2.49 45.406346 11.895599 1
6.17 -8.07 1.72 21.84 2.49 45.406346 11.895599 1
6.16 -8.06 1.71 21.85 2.49 45.406346 11.895599 1
6.15 -8.06 1.72 21.84 2.49 45.406346 11.895599 1
6.16 -8.06 1.71 21.85 2.49 45.406346 11.895599 1
6.16 -8.06 1.71 21.85 2.49 45.406346 11.895599 1
6.16 -8.06 1.71 21.86 2.49 45.406346 11.895599 1
6.17 -8.06 1.72 21.85 2.49 45.406346 11.895599 1
6.17 -8.07 1.72 21.85 2.49 45.406346 11.895599 1
6.16 -8.07 1.72 21.84 2.49 45.406346 11.895599 1
6.16 -8.06 1.72 21.84 2.49 45.406346 11.895599 1
6.17 -8.06 1.72 21.86 2.49 45.406346 11.895599 1
6.16 -8.06 1.71 21.85 2.49 45.406346 11.895599 1
6.15 -8.06 1.72 21.85 2.49 45.406346 11.895599 1
6.15 -8.06 1.73 21.85 2.49 45.406346 11.895599 1
6.16 -8.06 1.72 21.84 2.49 45.406346 11.895599 1
6.16 -8.06 1.72 21.85 2.49 45.406346 11.895599 1
6.15 -8.06 1.72 21.85 2.49 45.406346 11.895599 1
6.16 -8.06 1.72 21.85 2.49 45.406346 11.895599 1
6.16 -8.06 1.72 21.84 2.49 45.406346 11.895599 1
6.16 -8.06 1.72 21.85 2.49 45.406346 11.895599 1
6.15 -8.06 1.72 21.85 2.49 45.406346 11.895599 1
6.16 -8.05 1.73 21.86 2.49 45.406346 11.895599 1
6.16 -8.05 1.73 21.85 2.49 45.406346 11.895599 1
6.16 -8.06 1.71 21.86 2.49 45.406346 11.895599 1
6.16 -8.06 1.71 21.85 2.49 45.406346 11.895599 1
6.16 -8.06 1.73 21.85 2.49 45.406346 11.895599 1
6.16 -8.05 1.73 21.84 2.49 45.406346 11.895599 1
6.16 -8.06 1.72 21.84 2.49 45.406346 11.895599 1
6.15 -8.05 1.72 21.85 2.49 45.406346 11.895599 1
6.16 -8.05 1.73 21.85 2.49 45.406346 11.895599 1
6.16 -8.06 1.72 21.85 2.49 45.406346 11.895599 1
6.16 -8.06 1.72 21.85 2.49 45.406346 11.895599 1
6.15 -8.06 1.72 21.85 2.49 45.406346 11.895599 1
6.16 -8.07 1.73 21.84 2.49 45.406346 11.895599 1
6.16 -8.06 1.72 21.84 2.49 45.406346 11.895599 1
6.16 -8.05 1.71 21.85 2.49 45.406346 11.895599 1
