5.6 -7.9 2.21 22.09 1.95 45.406365 11.895044 0
5.73 -8.13 1.93 22.07 1.95 45.406365 11.895044 1
5.87 -7.96 1.88 22.0 1.95 45.406365 11.895044 1
6.0 -7.79 1.99 22.05 1.95 45.406365 11.895044 1
5.99 -7.92 1.98 22.11 1.95 45.406365 11.895044 1
5.8 -7.98 1.76 22.07 1.95 45.406365 11.895044 1
5.69 -7.85 1.65 22.05 1.95 45.406365 11.895044 1
5.87 -7.85 1.78 21.88 1.95 45.406365 11.895044 1
6.07 -7.91 1.86 21.83 1.95 45.406365 11.895044 1
6.03 -7.78 1.8 21.93 1.95 45.406365 11.895044 0
5.88 -7.64 1.83 21.88 1.95 45.406365 11.895044 1
5.89 -7.71 1.89 21.83 1.95 45.406365 11.895044 0
6.02 -7.85 1.73 21.37 1.95 45.406365 11.895044 1
6.06 -7.91 1.49 22.19 1.95 45.406365 11.895044 1
5.99 -7.92 1.56 21.78 1.95 45.406365 11.895044 1
5.93 -7.83 1.85 22.24 1.95 45.406365 11.895044 1
5.9 -7.73 2.01 22.45 1.95 45.406365 11.895044 1
5.88 -7.81 1.91 22.47 1.95 45.406365 11.895044 1
5.86 -7.97 1.66 22.86 1.95 45.406365 11.895044 1
5.82 -8.0 1.41 22.16 1.95 45.406365 11.895044 1
5.72 -7.94 1.4 22.17 1.95 45.406365 11.895044 1
5.65 -7.93 1.64 22.62 1.95 45.406365 11.895044 1
5.77 -7.92 1.81 22.21 1.95 45.406365 11.895044 1
6.03 -7.86 1.77 22.57 1.95 45.406365 11.895044 1
6.14 -7.83 1.74 22.05 1.95 45.406365 11.895044 1
5.96 -7.9 1.88 21.92 1.95 45.406365 11.895044 1
5.79 -7.93 1.99 21.97 2.65 45.406364 11.895074 0
5.87 -7.8 1.96 22.0 2.65 45.406364 11.895074 1
6.03 -7.63 1.9 21.52 2.65 45.406364 11.895074 0
6.04 -7.75 1.87 21.9 2.65 45.406364 11.895074 1
5.96 -8.07 1.84 22.33 2.65 45.406364 11.895074 1
5.87 -8.06 1.78 21.95 2.65 45.406364 11.895074 1
5.74 -7.72 1.77 23.2 2.65 45.406364 11.895074 1
5.7 -7.69 1.86 22.35 2.65 45.406364 11.895074 1
5.84 -8.02 1.94 22.0 2.65 45.406364 11.895074 1
5.91 -8.11 1.85 22.86 2.65 45.406364 11.895074 1
5.77 -7.89 1.69 22.48 2.65 45.406364 11.895074 1
5.7 -7.84 1.7 22.05 2.65 45.406364 11.895074 1
5.87 -7.95 1.82 22.05 2.65 45.406364 11.895074 1
5.98 -7.88 1.84 22.05 2.65 45.406364 11.895074 1
5.9 -7.77 1.78 22.48 2.65 45.406364 11.895074 1
5.84 -7.89 1.79 22.04 2.65 45.406364 11.895074 1
5.83 -8.01 1.83 21.95 2.65 45.406364 11.895074 1
5.78 -7.91 1.83 21.64 2.71 45.406363 11.895108 0
5.8 -7.77 1.81 22.36 2.71 45.406363 11.895108 1
5.97 -7.8 1.76 22.05 2.71 45.406363 11.895108 1
6.01 -7.91 1.72 22.45 2.71 45.406363 11.895108 0
5.83 -7.98 1.79 21.59 2.71 45.406363 11.895108 1
5.7 -7.95 1.86 22.31 2.71 45.406363 11.895108 1
5.73 -7.85 1.82 21.95 2.71 45.406363 11.895108 1
5.76 -7.83 1.76 21.81 2.71 45.406363 11.895108 1
5.74 -7.98 1.72 21.92 2.71 45.406363 11.895108 1
5.78 -8.09 1.67 22.0 2.71 45.406363 11.895108 1
5.8 -7.89 1.66 21.59 2.71 45.406363 11.895108 1
5.75 -7.67 1.73 22.05 2.71 45.406363 11.895108 1
5.75 -7.78 1.76 22.05 2.71 45.406363 11.895108 1
5.86 -8.01 1.74 21.97 2.71 45.406363 11.895108 1
5.89 -7.92 1.79 22.11 2.71 45.406363 11.895108 1
5.75 -7.67 1.86 22.11 2.71 45.406363 11.895108 1
5.7 -7.75 1.86 22.05 2.71 45.406363 11.895108 1
5.86 -8.02 1.89 21.92 2.71 45.406363 11.895108 1
5.94 -8.03 1.95 22.42 2.58 45.406363 11.895141 0
5.83 -7.81 1.88 21.88 2.58 45.406363 11.895141 1
5.77 -7.77 1.72 21.85 2.58 45.406363 11.895141 0
5.87 -7.97 1.71 21.95 2.58 45.406363 11.895141 1
5.88 -8.05 1.83 22.0 2.58 45.406363 11.895141 1
5.72 -7.92 1.85 21.88 2.58 45.406363 11.895141 1
5.64 -7.81 1.81 21.88 2.58 45.406363 11.895141 1
5.74 -7.87 1.84 21.9 2.58 45.406363 11.895141 1
5.91 -7.98 1.88 21.92 2.58 45.406363 11.895141 1
5.92 -7.94 1.82 21.54 2.58 45.406363 11.895141 1
5.77 -7.81 1.76 22.0 2.58 45.406363 11.895141 1
5.73 -7.77 1.81 22.45 2.58 45.406363 11.895141 1
5.94 -7.83 1.94 22.02 2.58 45.406363 11.895141 1
6.07 -7.84 1.96 22.21 2.58 45.406363 11.895141 1
5.88 -7.78 1.71 22.26 2.58 45.406363 11.895141 1
5.72 -7.84 1.38 22.62 2.58 45.406363 11.895141 1
5.88 -8.04 1.33 22.02 2.58 45.406363 11.895141 1
6.04 -8.07 1.54 21.97 2.58 45.406363 11.895141 1
5.96 -7.83 1.73 21.87 2.22 45.406367 11.895168 0
5.91 -7.62 1.76 21.88 2.22 45.406367 11.895168 1
6.0 -7.72 1.71 22.04 2.22 45.406367 11.895168 0
6.05 -7.85 1.69 22.33 2.22 45.406367 11.895168 1
6.02 -7.74 1.79 22.42 2.22 45.406367 11.895168 1
6.03 -7.66 1.89 21.95 2.22 45.406367 11.895168 1
6.04 -7.91 1.76 21.75 2.22 45.406367 11.895168 1
5.99 -8.14 1.54 21.56 2.22 45.406367 11.895168 1
5.94 -7.95 1.69 22.05 2.22 45.406367 11.895168 1
5.95 -7.61 2.08 22.54 2.22 45.406367 11.895168 1
5.97 -7.55 2.14 22.14 2.22 45.406367 11.895168 1
5.94 -7.71 1.87 22.52 2.22 45.406367 11.895168 1
5.87 -7.84 1.78 22.47 2.22 45.406367 11.895168 1
5.8 -7.92 1.91 21.97 2.22 45.406367 11.895168 1
5.8 -7.92 1.91 21.97 2.22 45.406367 11.895168 1
5.84 -7.76 1.81 22.05 2.22 45.406367 11.895168 1
5.82 -7.68 1.8 21.95 2.22 45.406367 11.895168 1
5.75 -7.86 1.77 21.95 2.44 45.406368 11.895199 0
5.81 -8.02 1.63 22.71 2.44 45.406368 11.895199 1
6.03 -7.92 1.59 21.56 2.44 45.406368 11.895199 0
6.25 -7.78 1.7 22.55 2.44 45.406368 11.895199 1
6.28 -7.78 1.78 22.31 2.44 45.406368 11.895199 1
6.13 -7.71 1.79 22.47 2.44 45.406368 11.895199 1
5.91 -7.45 1.78 23.02 2.44 45.406368 11.895199 1
5.79 -7.34 1.71 22.52 2.44 45.406368 11.895199 1
5.83 -7.8 1.58 22.05 2.44 45.406368 11.895199 1
5.91 -8.59 1.61 21.78 2.44 45.406368 11.895199 1
5.8 -8.84 1.78 21.8 2.44 45.406368 11.895199 1
5.55 -8.17 1.79 22.05 2.44 45.406368 11.895199 1
5.52 -7.4 1.63 22.11 2.44 45.406368 11.895199 1
5.74 -7.4 1.66 22.05 2.44 45.406368 11.895199 1
5.81 -7.91 1.89 21.87 2.44 45.406368 11.895199 1
5.73 -8.15 1.99 22.81 2.44 45.406368 11.895199 1
5.81 -7.98 1.9 22.19 2.44 45.406368 11.895199 1
5.82 -7.74 1.79 21.9 2.44 45.406368 11.895199 1
5.59 -7.79 1.73 21.93 2.58 45.406373 11.895231 0
5.73 -8.09 1.72 21.9 2.58 45.406373 11.895231 1
6.33 -8.22 1.76 22.78 2.58 45.406373 11.895231 0
6.34 -8.03 1.71 23.07 2.58 45.406373 11.895231 1
5.54 -7.92 1.59 22.64 2.58 45.406373 11.895231 1
5.14 -7.8 1.64 22.42 2.58 45.406373 11.895231 1
5.56 -7.5 1.79 22.23 2.58 45.406373 11.895231 1
5.89 -7.89 1.79 21.81 2.58 45.406373 11.895231 1
5.86 -9.05 1.73 21.76 2.58 45.406373 11.895231 1
5.87 -9.21 1.75 22.16 2.58 45.406373 11.895231 1
5.75 -7.83 1.77 22.42 2.58 45.406373 11.895231 1
5.43 -6.8 1.75 22.45 2.58 45.406373 11.895231 1
5.44 -6.99 1.81 23.55 2.58 45.406373 11.895231 1
5.87 -7.36 1.85 22.38 2.58 45.406373 11.895231 1
6.13 -7.81 1.78 22.47 2.58 45.406373 11.895231 1
6.05 -8.71 1.76 22.26 2.58 45.406373 11.895231 1
5.87 -8.98 1.82 22.76 2.58 45.406373 11.895231 1
5.69 -8.09 1.73 21.73 2.87 45.406375 11.895267 0
5.62 -7.44 1.63 22.64 2.87 45.406375 11.895267 1
5.81 -7.78 1.77 22.52 2.87 45.406375 11.895267 0
6.01 -8.14 1.97 22.4 2.87 45.406375 11.895267 1
5.9 -8.06 1.9 21.9 2.87 45.406375 11.895267 1
5.7 -8.06 1.71 22.71 2.87 45.406375 11.895267 1
5.71 -8.09 1.68 22.86 2.87 45.406375 11.895267 1
5.8 -7.91 1.74 24.08 2.87 45.406375 11.895267 1
5.8 -7.83 1.72 22.09 2.87 45.406375 11.895267 1
5.85 -7.97 1.66 22.96 2.87 45.406375 11.895267 1
5.99 -7.95 1.66 21.69 2.87 45.406375 11.895267 1
5.94 -7.77 1.72 23.02 2.87 45.406375 11.895267 1
5.71 -7.83 1.8 22.57 2.87 45.406375 11.895267 1
5.63 -8.02 1.81 21.57 2.87 45.406375 11.895267 1
5.77 -8.02 1.72 22.36 2.87 45.406375 11.895267 1
5.85 -7.92 1.63 22.47 2.87 45.406375 11.895267 1
5.75 -7.87 1.63 23.1 2.87 45.406375 11.895267 1
5.65 -7.75 1.72 22.4 2.87 45.406375 11.895267 1
5.64 -7.68 1.8 21.9 3.07 45.406374 11.895305 0
5.72 -7.86 1.83 21.8 3.07 45.406374 11.895305 1
5.82 -8.05 1.82 22.11 3.07 45.406374 11.895305 0
5.86 -7.98 1.81 21.78 3.07 45.406374 11.895305 1
5.8 -7.82 1.83 21.83 3.07 45.406374 11.895305 1
5.74 -7.77 1.88 22.69 3.07 45.406374 11.895305 1
5.74 -7.73 1.93 22.36 3.07 45.406374 11.895305 1
5.74 -7.75 1.92 22.02 3.07 45.406374 11.895305 1
5.74 -7.92 1.86 22.07 3.07 45.406374 11.895305 1
5.82 -8.07 1.85 22.47 3.07 45.406374 11.895305 1
5.82 -7.96 1.87 22.86 3.07 45.406374 11.895305 1
5.67 -7.72 1.81 22.11 3.07 45.406374 11.895305 1
5.66 -7.68 1.63 22.48 3.07 45.406374 11.895305 1
5.95 -7.8 1.53 21.61 3.07 45.406374 11.895305 1
6.17 -7.89 1.62 22.0 3.07 45.406374 11.895305 1
6.01 -7.96 1.75 22.11 3.07 45.406374 11.895305 1
5.74 -8.1 1.73 22.17 3.07 45.406374 11.895305 1
5.72 -8.13 1.63 23.2 2.92 45.406376 11.895344 0
5.89 -7.93 1.64 23.1 2.92 45.406376 11.895344 1
5.96 -7.84 1.79 22.16 2.92 45.406376 11.895344 0
5.91 -8.05 1.92 22.52 2.92 45.406376 11.895344 1
5.89 -8.17 1.91 23.2 2.92 45.406376 11.895344 1
5.92 -8.07 1.75 23.27 2.92 45.406376 11.895344 1
5.86 -8.14 1.52 23.07 2.92 45.406376 11.895344 1
5.72 -8.36 1.37 22.55 2.92 45.406376 11.895344 1
5.67 -8.3 1.4 22.21 2.92 45.406376 11.895344 1
5.74 -7.96 1.57 22.0 2.92 45.406376 11.895344 1
5.68 -7.77 1.7 26.45 2.92 45.406376 11.895344 1
5.41 -7.79 1.67 22.52 2.92 45.406376 11.895344 1
5.36 -7.87 1.49 22.11 2.92 45.406376 11.895344 1
5.71 -8.02 1.33 22.04 2.92 45.406376 11.895344 1
5.98 -8.15 1.41 22.42 2.92 45.406376 11.895344 1
5.79 -8.14 1.68 22.43 2.92 45.406376 11.895344 1
5.5 -8.03 1.83 21.51 2.92 45.406376 11.895344 1
5.55 -7.83 1.78 22.45 2.92 45.406376 11.895344 1
5.79 -7.65 1.86 22.26 2.74 45.406374 11.895384 0
5.94 -7.78 2.01 21.69 2.74 45.406374 11.895384 1
5.89 -8.16 1.93 21.88 2.74 45.406374 11.895384 0
5.67 -8.2 1.81 21.88 2.74 45.406374 11.895384 1
5.5 -7.84 1.95 22.38 2.74 45.406374 11.895384 1
5.65 -7.71 2.02 22.84 2.74 45.406374 11.895384 1
5.94 -7.88 1.77 23.1 2.74 45.406374 11.895384 1
5.95 -7.9 1.58 22.5 2.74 45.406374 11.895384 1
5.75 -7.85 1.67 22.05 2.74 45.406374 11.895384 1
5.73 -8.02 1.79 22.52 2.74 45.406374 11.895384 1
5.87 -8.08 1.85 23.79 2.74 45.406374 11.895384 1
5.89 -7.83 1.92 22.11 2.74 45.406374 11.895384 1
5.85 -7.74 1.83 22.52 2.74 45.406374 11.895384 1
5.85 -7.99 1.6 22.09 2.74 45.406374 11.895384 1
5.79 -8.09 1.57 22.02 2.74 45.406374 11.895384 1
5.7 -7.91 1.69 22.16 2.74 45.406374 11.895384 1
5.75 -7.86 1.72 22.5 2.74 45.406374 11.895384 1
5.86 -7.95 1.73 22.29 3.0 45.406373 11.895425 0
5.79 -7.83 1.84 22.81 3.0 45.406373 11.895425 1
5.71 -7.7 1.79 22.35 3.0 45.406373 11.895425 0
5.88 -7.81 1.55 22.4 3.0 45.406373 11.895425 1
5.99 -7.9 1.4 21.97 3.0 45.406373 11.895425 1
5.74 -7.87 1.59 21.92 3.0 45.406373 11.895425 1
5.58 -7.98 1.92 21.76 3.0 45.406373 11.895425 1
5.86 -8.06 1.99 21.64 3.0 45.406373 11.895425 1
6.0 -7.82 1.74 22.54 3.0 45.406373 11.895425 1
5.68 -7.65 1.62 23.24 3.0 45.406373 11.895425 1
5.54 -7.83 1.76 22.71 3.0 45.406373 11.895425 1
5.8 -7.9 1.81 22.11 3.0 45.406373 11.895425 1
5.9 -7.86 1.73 22.91 3.0 45.406373 11.895425 1
5.77 -8.07 1.73 23.8 3.0 45.406373 11.895425 1
5.79 -8.17 1.69 22.28 3.0 45.406373 11.895425 1
5.84 -7.95 1.63 21.9 3.0 45.406373 11.895425 1
5.77 -7.97 1.97 23.92 3.0 45.406373 11.895425 1
5.67 -8.0 2.43 22.45 3.0 45.406373 11.895425 1
5.54 -7.55 2.15 22.04 3.0 45.406371 11.895465 0
5.62 -7.4 1.47 22.42 3.0 45.406371 11.895465 1
6.09 -7.98 1.49 21.8 3.0 45.406371 11.895465 0
6.15 -8.23 1.99 21.75 3.0 45.406371 11.895465 1
5.52 -8.02 1.99 22.16 3.0 45.406371 11.895465 1
5.45 -8.07 1.71 22.26 3.0 45.406371 11.895465 1
5.99 -7.78 1.73 21.81 3.0 45.406371 11.895465 1
5.61 -7.16 1.7 22.02 3.0 45.406371 11.895465 1
5.02 -7.47 1.45 21.81 3.0 45.406371 11.895465 1
6.05 -8.06 1.58 21.9 3.0 45.406371 11.895465 1
7.24 -7.84 2.0 21.13 3.0 45.406371 11.895465 1
6.54 -8.25 1.92 21.69 3.0 45.406371 11.895465 1
5.3 -8.92 1.42 22.72 3.0 45.406371 11.895465 1
5.05 -7.34 1.38 23.63 3.0 45.406371 11.895465 1
5.19 -5.79 1.9 23.79 3.0 45.406371 11.895465 1
5.59 -7.87 2.13 21.51 3.0 45.406371 11.895465 1
6.08 -10.08 1.62 22.9 3.0 45.406371 11.895465 1
5.36 -8.67 0.98 24.39 2.34 45.406368 11.895497 0
4.49 -7.05 1.03 24.23 2.34 45.406368 11.895497 1
5.81 -7.63 1.71 22.42 2.34 45.406368 11.895497 0
7.5 -8.11 2.23 21.11 2.34 45.406368 11.895497 1
6.68 -8.42 2.19 21.32 2.34 45.406368 11.895497 1
5.19 -8.89 1.85 21.93 2.34 45.406368 11.895497 1
5.2 -7.12 1.6 22.98 2.34 45.406368 11.895497 1
5.2 -5.0 1.71 21.61 2.34 45.406368 11.895497 1
4.76 -7.18 2.13 21.4 2.34 45.406368 11.895497 1
5.48 -10.7 2.23 20.17 2.34 45.406368 11.895497 1
6.3 -9.97 1.74 20.99 2.34 45.406368 11.895497 1
5.34 -7.22 1.3 22.36 2.34 45.406368 11.895497 1
4.31 -6.46 1.46 23.84 2.34 45.406368 11.895497 1
5.28 -6.7 1.89 22.93 2.34 45.406368 11.895497 1
6.83 -7.18 2.15 21.8 2.34 45.406368 11.895497 1
6.94 -8.59 2.13 21.95 2.34 45.406368 11.895497 1
5.89 -9.15 1.82 21.63 2.34 45.406368 11.895497 1
5.04 -7.87 1.47 24.8 2.34 45.406368 11.895497 1
5.21 -7.17 1.57 22.59 2.05 45.406372 11.895524 0
6.02 -7.89 1.98 22.16 2.05 45.406372 11.895524 1
6.26 -8.21 2.08 22.12 2.05 45.406372 11.895524 0
5.71 -8.0 1.86 21.8 2.05 45.406372 11.895524 1
5.41 -8.11 1.75 22.29 2.05 45.406372 11.895524 1
5.71 -8.05 1.77 21.95 2.05 45.406372 11.895524 1
5.95 -7.73 1.7 22.19 2.05 45.406372 11.895524 1
5.93 -7.87 1.66 22.4 2.05 45.406372 11.895524 1
5.83 -8.14 1.71 22.0 2.05 45.406372 11.895524 1
5.67 -7.99 1.71 23.27 2.05 45.406372 11.895524 1
5.64 -7.84 1.65 22.05 2.05 45.406372 11.895524 1
5.88 -7.9 1.7 22.0 2.05 45.406372 11.895524 1
5.97 -7.85 1.8 21.97 2.05 45.406372 11.895524 1
5.78 -7.83 1.7 21.9 2.05 45.406372 11.895524 1
5.83 -7.97 1.45 21.9 2.05 45.406372 11.895524 1
6.05 -7.94 1.4 21.97 2.05 45.406372 11.895524 1
5.95 -7.77 1.6 22.31 2.05 45.406372 11.895524 1
5.76 -7.81 1.75 27.75 2.69 45.406374 11.895559 0
5.82 -7.91 1.73 22.45 2.69 45.406374 11.895559 1
5.88 -7.94 1.68 22.31 2.69 45.406374 11.895559 0
5.81 -8.12 1.57 21.85 2.69 45.406374 11.895559 1
5.86 -8.36 1.44 21.39 2.69 45.406374 11.895559 1
5.9 -8.24 1.54 21.9 2.69 45.406374 11.895559 1
5.7 -7.89 1.82 22.29 2.69 45.406374 11.895559 1
5.59 -7.8 1.81 22.69 2.69 45.406374 11.895559 1
5.71 -8.01 1.55 22.5 2.69 45.406374 11.895559 1
5.7 -8.17 1.53 22.45 2.69 45.406374 11.895559 1
5.6 -8.13 1.79 21.95 2.69 45.406374 11.895559 1
5.74 -8.06 1.86 21.95 2.69 45.406374 11.895559 1
5.89 -8.07 1.73 22.79 2.69 45.406374 11.895559 1
5.77 -8.04 1.67 22.11 2.69 45.406374 11.895559 1
5.7 -7.88 1.68 22.88 2.69 45.406374 11.895559 1
5.87 -7.82 1.63 22.81 2.69 45.406374 11.895559 1
5.96 -7.96 1.68 22.24 2.69 45.406374 11.895559 1
5.86 -8.04 1.88 22.31 2.69 45.406374 11.895559 1
5.72 -7.9 1.98 21.99 2.16 45.406374 11.895589 0
5.63 -7.78 1.89 21.95 2.16 45.406374 11.895589 1
5.73 -7.86 1.73 23.68 2.16 45.406374 11.895589 0
6.05 -7.99 1.57 21.68 2.16 45.406374 11.895589 1
6.1 -8.02 1.52 22.54 2.16 45.406374 11.895589 1
5.72 -7.93 1.67 22.14 2.16 45.406374 11.895589 1
5.51 -7.72 1.87 23.84 2.16 45.406374 11.895589 1
5.74 -7.6 1.9 23.44 2.16 45.406374 11.895589 1
5.95 -7.86 1.81 22.0 2.16 45.406374 11.895589 1
5.93 -8.29 1.77 21.95 2.16 45.406374 11.895589 1
5.92 -8.34 1.71 21.95 2.16 45.406374 11.895589 1
5.86 -7.95 1.64 22.05 2.16 45.406374 11.895589 1
5.65 -7.68 1.62 22.54 2.16 45.406374 11.895589 1
5.58 -7.79 1.6 22.11 2.16 45.406374 11.895589 1
5.8 -8.03 1.49 22.05 2.16 45.406374 11.895589 1
5.99 -8.11 1.35 22.52 2.16 45.406374 11.895589 1
6.0 -8.11 1.31 22.52 2.16 45.406374 11.895589 1
5.99 -8.11 1.32 22.52 2.16 45.406374 11.895589 1
6.02 -8.11 1.32 22.52 2.16 45.406374 11.895589 1
6.01 -8.11 1.32 22.53 2.16 45.406374 11.895589 1
5.99 -8.11 1.32 22.52 2.16 45.406374 11.895589 1
6.01 -8.12 1.31 22.53 2.16 45.406374 11.895589 1
6.01 -8.12 1.31 22.52 2.16 45.406374 11.895589 1
6.0 -8.13 1.31 22.52 2.16 45.406374 11.895589 1
6.0 -8.13 1.32 22.52 2.16 45.406374 11.895589 1
6.01 -8.12 1.32 22.53 2.16 45.406374 11.895589 1
6.0 -8.12 1.31 22.52 2.16 45.406374 11.895589 1
6.0 -8.12 1.31 22.51 2.16 45.406374 11.895589 1
6.0 -8.12 1.32 22.52 2.16 45.406374 11.895589 1
6.0 -8.12 1.32 22.51 2.16 45.406374 11.895589 1
6.0 -8.12 1.32 22.51 2.16 45.406374 11.895589 1
6.0 -8.12 1.32 22.52 2.16 45.406374 11.895589 1
6.0 -8.13 1.32 22.51 2.16 45.406374 11.895589 1
5.99 -8.12 1.32 22.51 2.16 45.406374 11.895589 1
6.01 -8.11 1.32 22.52 2.16 45.406374 11.895589 1
6.01 -8.12 1.32 22.51 2.16 45.406374 11.895589 1
6.0 -8.12 1.32 22.52 2.16 45.406374 11.895589 1
5.99 -8.12 1.32 22.53 2.16 45.406374 11.895589 1
6.0 -8.11 1.32 22.52 2.16 45.406374 11.895589 1
6.0 -8.11 1.32 22.52 2.16 45.406374 11.895589 1
6.01 -8.12 1.32 22.52 2.16 45.406374 11.895589 1
6.01 -8.12 1.31 22.52 2.16 45.406374 11.895589 1
6.01 -8.12 1.32 22.52 2.16 45.406374 11.895589 1
6.01 -8.12 1.32 22.53 2.16 45.406374 11.895589 1
6.0 -8.11 1.32 22.53 2.16 45.406374 11.895589 1
6.0 -8.12 1.32 22.52 2.16 45.406374 11.895589 1
6.0 -8.13 1.32 22.52 2.16 45.406374 11.895589 1
6.0 -8.13 1.32 22.51 2.16 45.406374 11.895589 1
5.99 -8.12 1.32 22.52 2.16 45.406374 11.895589 1
5.99 -8.11 1.33 22.51 2.16 45.406374 11.895589 1
6.0 -8.12 1.33 22.51 2.16 45.406374 11.895589 1
6.0 -8.12 1.31 22.52 2.16 45.406374 11.895589 1
6.0 -8.12 1.31 22.51 2.16 45.406374 11.895589 1
6.0 -8.12 1.31 22.52 2.16 45.406374 11.895589 1
6.0 -8.13 1.32 22.51 2.16 45.406374 11.895589 1
5.99 -8.13 1.32 22.52 2.16 45.406374 11.895589 1
5.99 -8.12 1.31 22.52 2.16 45.406374 11.895589 1
6.0 -8.12 1.31 22.52 2.16 45.406374 11.895589 1
6.0 -8.11 1.32 22.53 2.16 45.406374 11.895589 1
6.0 -8.11 1.33 22.51 2.16 45.406374 11.895589 1
5.99 -8.12 1.32 22.52 2.16 45.406374 11.895589 1
