5.9 -7.7 1.65 22.91 2.1 45.406355 11.895053 0
6.04 -7.86 1.67 22.0 2.1 45.406355 11.895053 1
6.33 -7.86 1.63 21.9 2.1 45.406355 11.895053 0
6.48 -7.64 1.79 22.47 2.1 45.406355 11.895053 1
6.29 -7.44 2.12 22.5 2.1 45.406355 11.895053 1
6.07 -7.5 2.15 22.09 2.1 45.406355 11.895053 1
5.97 -7.8 1.81 22.05 2.1 45.406355 11.895053 1
5.71 -8.23 1.59 22.09 2.1 45.406355 11.895053 1
5.46 -8.57 1.7 22.11 2.1 45.406355 11.895053 1
5.67 -8.38 1.8 22.55 2.1 45.406355 11.895053 1
6.04 -7.8 1.7 22.59 2.1 45.406355 11.895053 1
5.93 -7.63 1.64 22.59 2.1 45.406355 11.895053 1
5.74 -7.92 1.78 22.52 2.1 45.406355 11.895053 1
6.03 -7.89 2.03 22.11 2.1 45.406355 11.895053 1
6.3 -7.58 2.17 22.45 2.1 45.406355 11.895053 1
5.98 -7.65 2.06 22.52 2.1 45.406355 11.895053 1
5.73 -7.92 1.75 21.92 2.1 45.406355 11.895053 1
6.09 -7.84 1.6 21.85 2.46 45.406359 11.895074 0
6.38 -7.68 1.76 21.49 2.46 45.406359 11.895074 1
6.1 -7.78 2.0 22.04 2.46 45.406359 11.895074 0
5.8 -7.79 2.05 21.92 2.46 45.406359 11.895074 1
5.83 -7.64 1.85 21.47 2.46 45.406359 11.895074 1
5.84 -7.78 1.56 21.78 2.46 45.406359 11.895074 1
5.7 -8.11 1.46 21.83 2.46 45.406359 11.895074 1
5.63 -8.15 1.61 21.83 2.46 45.406359 11.895074 1
5.7 -7.94 1.72 22.05 2.46 45.406359 11.895074 1
5.84 -7.75 1.6 22.11 2.46 45.406359 11.895074 1
5.99 -7.61 1.54 22.02 2.46 45.406359 11.895074 1
6.04 -7.61 1.7 22.0 2.46 45.406359 11.895074 1
5.98 -7.84 1.83 22.05 2.46 45.406359 11.895074 1
5.96 -8.02 1.86 22.16 2.46 45.406359 11.895074 1
5.89 -7.88 1.94 22.23 2.46 45.406359 11.895074 1
5.7 -7.65 1.93 22.59 2.46 45.406359 11.895074 1
5.73 -7.67 1.76 22.79 2.46 45.406359 11.895074 1
6.03 -7.85 1.75 21.8 2.46 45.406359 11.895074 1
6.06 -7.95 1.92 21.83 3.12 45.406358 11.895107 0
5.67 -7.92 1.89 22.31 3.12 45.406358 11.895107 1
5.48 -7.9 1.64 22.4 3.12 45.406358 11.895107 0
5.68 -7.96 1.58 21.47 3.12 45.406358 11.895107 1
5.81 -8.01 1.74 21.54 3.12 45.406358 11.895107 1
5.77 -7.93 1.88 21.81 3.12 45.406358 11.895107 1
5.8 -7.83 1.98 21.75 3.12 45.406358 11.895107 1
5.85 -7.85 2.02 21.92 3.12 45.406358 11.895107 1
5.8 -7.95 1.9 21.92 3.12 45.406358 11.895107 1
5.83 -7.93 1.73 22.05 3.12 45.406358 11.895107 1
5.89 -7.79 1.74 22.11 3.12 45.406358 11.895107 1
5.82 -7.74 1.86 22.14 3.12 45.406358 11.895107 1
5.8 -7.87 1.84 22.43 3.12 45.406358 11.895107 1
5.97 -7.97 1.61 22.88 3.12 45.406358 11.895107 1
6.08 -7.92 1.39 22.11 3.12 45.406358 11.895107 1
5.95 -7.91 1.45 22.26 3.12 45.406358 11.895107 1
5.77 -7.96 1.69 21.56 3.12 45.406358 11.895107 1
5.71 -7.96 1.79 22.42 2.41 45.406358 11.895134 0
5.8 -7.95 1.66 21.88 2.41 45.406358 11.895134 1
5.92 -8.02 1.58 21.83 2.41 45.406358 11.895134 0
5.87 -8.04 1.69 21.93 2.41 45.406358 11.895134 1
5.66 -7.92 1.82 22.35 2.41 45.406358 11.895134 1
5.63 -7.79 1.89 21.83 2.41 45.406358 11.895134 1
5.83 -7.8 1.92 22.6 2.41 45.406358 11.895134 1
5.91 -7.89 1.88 21.95 2.41 45.406358 11.895134 1
5.79 -7.96 1.79 22.5 2.41 45.406358 11.895134 1
5.73 -7.91 1.72 22.09 2.41 45.406358 11.895134 1
5.78 -7.78 1.69 22.57 2.41 45.406358 11.895134 1
5.82 -7.75 1.69 22.93 2.41 45.406358 11.895134 1
5.85 -7.85 1.66 22.02 2.41 45.406358 11.895134 1
5.89 -7.91 1.64 22.11 2.41 45.406358 11.895134 1
5.83 -7.85 1.7 22.57 2.41 45.406358 11.895134 1
5.7 -7.83 1.83 22.57 2.41 45.406358 11.895134 1
5.68 -7.89 1.82 22.42 2.41 45.406358 11.895134 1
5.81 -7.94 1.59 22.26 2.41 45.406358 11.895134 1
5.93 -7.94 1.44 22.24 2.42 45.406360 11.895163 0
5.87 -7.93 1.57 23.46 2.42 45.406360 11.895163 1
5.67 -7.88 1.81 21.92 2.42 45.406360 11.895163 0
5.61 -7.84 1.95 22.76 2.42 45.406360 11.895163 1
5.74 -7.91 1.95 22.24 2.42 45.406360 11.895163 1
5.81 -8.04 1.84 22.71 2.42 45.406360 11.895163 1
5.76 -8.03 1.79 21.85 2.42 45.406360 11.895163 1
5.77 -7.89 1.88 22.11 2.42 45.406360 11.895163 1
5.82 -7.78 1.9 22.6 2.42 45.406360 11.895163 1
5.8 -7.81 1.71 22.19 2.42 45.406360 11.895163 1
5.84 -7.92 1.57 21.69 2.42 45.406360 11.895163 1
5.93 -8.05 1.71 22.52 2.42 45.406360 11.895163 1
5.89 -8.1 1.86 22.02 2.42 45.406360 11.895163 1
5.79 -7.99 1.76 23.48 2.42 45.406360 11.895163 1
5.85 -7.82 1.6 22.16 2.42 45.406360 11.895163 1
5.89 -7.8 1.61 22.57 2.42 45.406360 11.895163 1
5.8 -7.95 1.67 22.36 2.42 45.406360 11.895163 1
5.79 -8.08 1.66 21.9 2.73 45.406359 11.895194 0
5.86 -8.1 1.66 21.9 2.73 45.406359 11.895194 1
5.79 -8.03 1.72 21.93 2.73 45.406359 11.895194 0
5.69 -7.91 1.78 22.02 2.73 45.406359 11.895194 1
5.76 -7.82 1.82 23.36 2.73 45.406359 11.895194 1
5.85 -7.85 1.81 21.93 2.73 45.406359 11.895194 1
5.83 -7.93 1.7 21.49 2.73 45.406359 11.895194 1
5.8 -7.96 1.59 22.36 2.73 45.406359 11.895194 1
5.74 -7.95 1.66 22.42 2.73 45.406359 11.895194 1
5.64 -7.88 1.81 22.11 2.73 45.406359 11.895194 1
5.68 -7.78 1.84 22.02 2.73 45.406359 11.895194 1
5.69 -7.84 1.8 22.43 2.73 45.406359 11.895194 1
5.48 -8.03 1.81 21.9 2.73 45.406359 11.895194 1
5.57 -8.03 1.78 22.19 2.73 45.406359 11.895194 1
6.29 -7.91 1.63 22.19 2.73 45.406359 11.895194 1
6.68 -7.96 1.52 22.33 2.73 45.406359 11.895194 1
6.11 -7.89 1.57 23.31 2.73 45.406359 11.895194 1
5.54 -7.42 1.63 22.67 2.73 45.406359 11.895194 1
5.81 -7.21 1.56 22.83 2.6 45.406363 11.895226 0
6.28 -7.82 1.54 22.78 2.6 45.406363 11.895226 1
6.25 -8.54 1.74 21.73 2.6 45.406363 11.895226 0
5.99 -8.48 1.96 21.71 2.6 45.406363 11.895226 1
5.88 -7.83 1.98 22.24 2.6 45.406363 11.895226 1
5.83 -7.34 1.87 21.95 2.6 45.406363 11.895226 1
5.8 -7.37 1.85 23.17 2.6 45.406363 11.895226 1
5.86 -7.77 1.93 22.0 2.6 45.406363 11.895226 1
6.0 -7.91 2.05 22.05 2.6 45.406363 11.895226 1
6.03 -7.53 2.17 21.56 2.6 45.406363 11.895226 1
5.84 -7.43 2.14 22.5 2.6 45.406363 11.895226 1
5.7 -8.0 1.89 22.16 2.6 45.406363 11.895226 1
5.89 -8.38 1.67 23.02 2.6 45.406363 11.895226 1
6.03 -8.13 1.67 22.28 2.6 45.406363 11.895226 1
5.66 -7.93 1.71 22.38 2.6 45.406363 11.895226 1
5.26 -7.76 1.67 22.76 2.6 45.406363 11.895226 1
5.39 -7.36 1.74 22.12 2.6 45.406363 11.895226 1
5.77 -7.74 1.88 22.69 3.22 45.406361 11.895262 0
6.07 -9.1 1.88 21.61 3.22 45.406361 11.895262 1
6.19 -9.41 1.82 21.64 3.22 45.406361 11.895262 0
5.83 -7.86 1.87 22.4 3.22 45.406361 11.895262 1
5.25 -6.55 1.89 22.93 3.22 45.406361 11.895262 1
5.46 -6.73 1.8 23.14 3.22 45.406361 11.895262 1
6.43 -7.47 1.85 22.29 3.22 45.406361 11.895262 1
6.79 -8.17 2.02 21.44 3.22 45.406361 11.895262 1
6.15 -8.79 1.92 21.9 3.22 45.406361 11.895262 1
5.54 -8.68 1.58 22.07 3.22 45.406361 11.895262 1
5.5 -7.89 1.57 22.67 3.22 45.406361 11.895262 1
5.63 -7.52 2.0 21.95 3.22 45.406361 11.895262 1
5.71 -7.79 2.34 22.26 3.22 45.406361 11.895262 1
5.81 -8.02 2.25 22.05 3.22 45.406361 11.895262 1
5.83 -8.16 1.99 21.97 3.22 45.406361 11.895262 1
5.77 -8.34 1.88 22.05 3.22 45.406361 11.895262 1
5.79 -8.16 1.89 21.93 3.22 45.406361 11.895262 1
5.89 -7.71 1.85 22.09 3.22 45.406361 11.895262 1
5.93 -7.65 1.78 22.55 2.99 45.406361 11.895300 0
5.85 -7.94 1.77 22.83 2.99 45.406361 11.895300 1
5.68 -8.03 1.8 22.4 2.99 45.406361 11.895300 0
5.59 -7.91 1.8 21.93 2.99 45.406361 11.895300 1
5.67 -7.88 1.79 21.8 2.99 45.406361 11.895300 1
5.72 -7.94 1.86 22.31 2.99 45.406361 11.895300 1
5.65 -7.95 1.91 22.83 2.99 45.406361 11.895300 1
5.65 -7.86 1.82 22.07 2.99 45.406361 11.895300 1
5.75 -7.76 1.66 22.47 2.99 45.406361 11.895300 1
5.84 -7.83 1.6 27.77 2.99 45.406361 11.895300 1
5.91 -8.03 1.65 22.33 2.99 45.406361 11.895300 1
5.91 -8.05 1.74 22.43 2.99 45.406361 11.895300 1
5.74 -7.9 1.83 22.52 2.99 45.406361 11.895300 1
5.68 -7.88 1.87 22.52 2.99 45.406361 11.895300 1
5.89 -7.94 1.85 22.48 2.99 45.406361 11.895300 1
5.97 -7.9 1.87 22.95 2.99 45.406361 11.895300 1
5.78 -7.88 1.85 21.99 2.99 45.406361 11.895300 1
5.69 -7.95 1.65 24.37 3.16 45.406362 11.895341 0
5.76 -7.94 1.56 21.95 3.16 45.406362 11.895341 1
5.75 -7.85 1.86 22.0 3.16 45.406362 11.895341 0
5.74 -7.89 2.07 21.9 3.16 45.406362 11.895341 1
5.75 -7.96 1.77 22.21 3.16 45.406362 11.895341 1
5.7 -7.92 1.48 22.16 3.16 45.406362 11.895341 1
5.84 -7.88 1.67 21.92 3.16 45.406362 11.895341 1
6.13 -7.87 1.88 22.83 3.16 45.406362 11.895341 1
5.92 -7.77 1.85 23.02 3.16 45.406362 11.895341 1
5.42 -7.7 1.84 23.43 3.16 45.406362 11.895341 1
5.6 -7.84 1.76 22.52 3.16 45.406362 11.895341 1
6.16 -8.19 1.59 22.12 3.16 45.406362 11.895341 1
5.93 -8.5 1.88 22.36 3.16 45.406362 11.895341 1
5.31 -8.47 2.34 23.74 3.16 45.406362 11.895341 1
5.49 -7.96 1.98 22.26 3.16 45.406362 11.895341 1
6.13 -7.45 1.13 22.57 3.16 45.406362 11.895341 1
6.15 -7.6 1.12 21.81 3.16 45.406362 11.895341 1
5.72 -8.18 1.87 22.04 3.16 45.406362 11.895341 1
5.49 -8.3 2.14 22.12 3.24 45.406359 11.895383 0
5.5 -7.85 1.75 21.78 3.24 45.406359 11.895383 1
5.59 -7.56 1.43 21.8 3.24 45.406359 11.895383 0
5.82 -7.69 1.5 21.8 3.24 45.406359 11.895383 1
5.97 -7.82 1.79 25.79 3.24 45.406359 11.895383 1
5.88 -7.81 1.95 22.86 3.24 45.406359 11.895383 1
5.76 -7.83 1.79 22.86 3.24 45.406359 11.895383 1
5.75 -7.88 1.66 22.0 3.24 45.406359 11.895383 1
5.68 -7.89 1.82 22.11 3.24 45.406359 11.895383 1
5.66 -7.96 1.89 22.11 3.24 45.406359 11.895383 1
5.89 -8.1 1.67 22.48 3.24 45.406359 11.895383 1
6.02 -8.06 1.59 21.99 3.24 45.406359 11.895383 1
5.78 -7.86 1.77 22.11 3.24 45.406359 11.895383 1
5.6 -7.85 1.76 22.05 3.24 45.406359 11.895383 1
5.77 -8.03 1.64 22.05 3.24 45.406359 11.895383 1
5.86 -8.04 1.83 22.07 3.24 45.406359 11.895383 1
5.68 -7.89 2.02 22.81 3.24 45.406359 11.895383 1
5.65 -7.87 1.77 22.36 3.24 45.406359 11.895424 0
5.82 -7.95 1.47 22.36 3.24 45.406359 11.895424 1
5.84 -7.91 1.61 21.9 3.24 45.406359 11.895424 0
5.74 -7.95 1.88 21.93 3.24 45.406359 11.895424 1
5.68 -8.21 1.85 22.83 3.24 45.406359 11.895424 1
5.56 -8.18 1.7 22.17 3.24 45.406359 11.895424 1
5.58 -7.73 1.65 23.29 3.24 45.406359 11.895424 1
5.9 -7.73 1.59 21.44 3.24 45.406359 11.895424 1
5.97 -8.3 1.58 21.95 3.24 45.406359 11.895424 1
5.55 -8.32 1.81 22.38 3.24 45.406359 11.895424 1
5.47 -7.71 2.01 21.9 3.24 45.406359 11.895424 1
6.01 -7.73 1.79 22.31 3.24 45.406359 11.895424 1
6.22 -8.2 1.51 22.55 3.24 45.406359 11.895424 1
5.81 -7.84 1.62 22.76 3.24 45.406359 11.895424 1
5.55 -7.34 1.82 22.74 3.24 45.406359 11.895424 1
5.7 -8.0 1.76 22.14 3.24 45.406359 11.895424 1
5.83 -8.77 1.75 21.93 3.24 45.406359 11.895424 1
5.75 -8.4 1.87 22.09 3.24 45.406359 11.895424 1
5.69 -8.04 1.75 23.41 2.37 45.406354 11.895459 0
5.75 -8.24 1.49 22.52 2.37 45.406354 11.895459 1
5.76 -7.92 1.52 22.09 2.37 45.406354 11.895459 0
5.6 -7.41 1.71 21.49 2.37 45.406354 11.895459 1
5.53 -7.78 1.76 21.81 2.37 45.406354 11.895459 1
5.72 -8.17 1.73 21.61 2.37 45.406354 11.895459 1
5.76 -7.96 1.62 21.61 2.37 45.406354 11.895459 1
5.55 -8.04 1.49 22.28 2.37 45.406354 11.895459 1
5.74 -8.09 1.69 24.2 2.37 45.406354 11.895459 1
6.13 -7.47 2.04 21.59 2.37 45.406354 11.895459 1
5.82 -7.44 1.89 22.0 2.37 45.406354 11.895459 1
5.18 -8.18 1.66 22.16 2.37 45.406354 11.895459 1
5.35 -8.18 2.04 21.32 2.37 45.406354 11.895459 1
6.02 -8.1 2.3 21.8 2.37 45.406354 11.895459 1
6.02 -8.63 1.8 22.36 2.37 45.406354 11.895459 1
5.26 -7.49 1.57 24.44 2.37 45.406354 11.895459 1
4.66 -5.43 1.88 23.68 2.37 45.406354 11.895459 1
4.8 -7.15 1.49 21.39 3.16 45.406353 11.895498 0
5.09 -11.14 0.77 22.98 3.16 45.406353 11.895498 1
4.72 -10.46 1.32 24.32 3.16 45.406353 11.895498 0
4.59 -5.85 2.36 31.2 3.16 45.406353 11.895498 1
6.16 -5.07 2.1 21.54 3.16 45.406353 11.895498 1
8.1 -9.19 1.48 21.47 3.16 45.406353 11.895498 1
7.6 -11.78 1.97 22.96 3.16 45.406353 11.895498 1
5.17 -9.97 2.32 22.5 3.16 45.406353 11.895498 1
3.98 -6.82 1.32 23.27 3.16 45.406353 11.895498 1
4.92 -5.48 0.57 30.36 3.16 45.406353 11.895498 1
6.25 -6.72 1.45 21.8 3.16 45.406353 11.895498 1
6.63 -9.51 2.57 20.27 3.16 45.406353 11.895498 1
5.91 -10.85 2.4 21.51 3.16 45.406353 11.895498 1
4.79 -8.42 1.64 25.07 3.16 45.406353 11.895498 1
4.76 -4.76 1.68 22.84 3.16 45.406353 11.895498 1
6.22 -4.75 2.34 22.72 3.16 45.406353 11.895498 1
7.2 -8.51 2.5 21.64 3.16 45.406353 11.895498 1
6.34 -11.2 1.94 21.2 3.16 45.406353 11.895498 1
5.17 -9.99 1.55 21.95 2.25 45.406357 11.895529 0
5.33 -7.18 1.71 22.24 2.25 45.406357 11.895529 1
6.09 -6.11 1.99 21.95 2.25 45.406357 11.895529 0
6.22 -7.42 2.06 21.35 2.25 45.406357 11.895529 1
5.83 -9.16 1.96 21.59 2.25 45.406357 11.895529 1
5.4 -9.24 1.8 23.1 2.25 45.406357 11.895529 1
5.25 -7.74 1.73 22.05 2.25 45.406357 11.895529 1
5.71 -6.7 1.82 22.17 2.25 45.406357 11.895529 1
6.35 -7.29 1.83 22.33 2.25 45.406357 11.895529 1
6.22 -8.41 1.67 22.26 2.25 45.406357 11.895529 1
5.53 -8.61 1.65 22.36 2.25 45.406357 11.895529 1
5.41 -7.94 1.84 23.03 2.25 45.406357 11.895529 1
5.85 -7.36 1.9 21.66 2.25 45.406357 11.895529 1
5.96 -7.48 1.67 22.4 2.25 45.406357 11.895529 1
5.74 -8.14 1.44 21.9 2.25 45.406357 11.895529 1
5.71 -8.54 1.59 22.31 2.25 45.406357 11.895529 1
5.77 -8.14 1.99 21.87 2.25 45.406357 11.895529 1
5.78 -7.48 2.1 22.07 2.0 45.406359 11.895555 0
5.92 -7.45 1.8 22.86 2.0 45.406359 11.895555 1
6.0 -7.96 1.61 21.88 2.0 45.406359 11.895555 0
5.75 -8.25 1.73 21.39 2.0 45.406359 11.895555 1
5.53 -8.16 1.66 22.74 2.0 45.406359 11.895555 1
5.62 -8.12 1.41 22.64 2.0 45.406359 11.895555 1
5.68 -8.2 1.53 22.36 2.0 45.406359 11.895555 1
5.59 -8.1 1.93 22.86 2.0 45.406359 11.895555 1
5.68 -7.88 2.01 22.16 2.0 45.406359 11.895555 1
5.8 -7.86 1.87 22.11 2.0 45.406359 11.895555 1
5.71 -7.97 1.84 22.05 2.0 45.406359 11.895555 1
5.68 -8.01 1.78 22.07 2.0 45.406359 11.895555 1
5.87 -8.0 1.59 22.86 2.0 45.406359 11.895555 1
5.94 -7.99 1.6 22.05 2.0 45.406359 11.895555 1
5.81 -7.88 1.79 22.5 2.0 45.406359 11.895555 1
5.78 -7.75 1.82 22.02 2.0 45.406359 11.895555 1
5.91 -7.87 1.74 21.87 2.0 45.406359 11.895555 1
5.96 -8.06 1.79 22.0 2.0 45.406359 11.895555 1
5.83 -8.01 1.82 22.05 2.43 45.406360 11.895585 0
5.64 -7.88 1.69 22.42 2.43 45.406360 11.895585 1
5.6 -7.89 1.62 22.45 2.43 45.406360 11.895585 0
5.81 -7.92 1.7 21.52 2.43 45.406360 11.895585 1
5.97 -7.9 1.75 22.57 2.43 45.406360 11.895585 1
5.9 -8.04 1.7 21.51 2.43 45.406360 11.895585 1
5.82 -8.26 1.62 22.47 2.43 45.406360 11.895585 1
5.87 -8.29 1.59 22.47 2.43 45.406360 11.895585 1
5.9 -8.19 1.59 22.47 2.43 45.406360 11.895585 1
5.86 -8.21 1.59 22.48 2.43 45.406360 11.895585 1
5.86 -8.26 1.59 22.47 2.43 45.406360 11.895585 1
5.89 -8.23 1.6 22.47 2.43 45.406360 11.895585 1
5.87 -8.21 1.6 22.47 2.43 45.406360 11.895585 1
5.85 -8.25 1.6 22.46 2.43 45.406360 11.895585 1
5.87 -8.24 1.6 22.47 2.43 45.406360 11.895585 1
5.88 -8.23 1.59 22.46 2.43 45.406360 11.895585 1
5.86 -8.24 1.59 22.46 2.43 45.406360 11.895585 1
5.87 -8.24 1.6 22.47 2.43 45.406360 11.895585 1
5.87 -8.22 1.59 22.46 2.43 45.406360 11.895585 1
5.86 -8.23 1.59 22.46 2.43 45.406360 11.895585 1
5.86 -8.23 1.59 22.47 2.43 45.406360 11.895585 1
5.87 -8.22 1.6 22.48 2.43 45.406360 11.895585 1
5.88 -8.23 1.6 22.46 2.43 45.406360 11.895585 1
5.87 -8.24 1.6 22.47 2.43 45.406360 11.895585 1
5.87 -8.23 1.59 22.47 2.43 45.406360 11.895585 1
5.87 -8.22 1.59 22.47 2.43 45.406360 11.895585 1
5.87 -8.23 1.59 22.46 2.43 45.406360 11.895585 1
5.88 -8.24 1.59 22.47 2.43 45.406360 11.895585 1
5.87 -8.23 1.59 22.47 2.43 45.406360 11.895585 1
5.87 -8.23 1.59 22.46 2.43 45.406360 11.895585 1
5.87 -8.24 1.59 22.47 2.43 45.406360 11.895585 1
5.87 -8.23 1.59 22.47 2.43 45.406360 11.895585 1
5.86 -8.23 1.6 22.47 2.43 45.406360 11.895585 1
5.86 -8.24 1.6 22.47 2.43 45.406360 11.895585 1
5.87 -8.24 1.59 22.46 2.43 45.406360 11.895585 1
5.87 -8.22 1.59 22.47 2.43 45.406360 11.895585 1
5.86 -8.22 1.6 22.46 2.43 45.406360 11.895585 1
5.87 -8.23 1.59 22.46 2.43 45.406360 11.895585 1
5.87 -8.23 1.58 22.47 2.43 45.406360 11.895585 1
5.87 -8.23 1.58 22.47 2.43 45.406360 11.895585 1
5.87 -8.24 1.59 22.46 2.43 45.406360 11.895585 1
5.87 -8.24 1.59 22.48 2.43 45.406360 11.895585 1
5.87 -8.23 1.59 22.48 2.43 45.406360 11.895585 1
5.86 -8.23 1.59 22.47 2.43 45.406360 11.895585 1
5.86 -8.23 1.59 22.48 2.43 45.406360 11.895585 1
5.87 -8.23 1.59 22.48 2.43 45.406360 11.895585 1
5.88 -8.22 1.6 22.46 2.43 45.406360 11.895585 1
5.88 -8.23 1.6 22.46 2.43 45.406360 11.895585 1
5.87 -8.24 1.59 22.46 2.43 45.406360 11.895585 1
5.87 -8.23 1.58 22.46 2.43 45.406360 11.895585 1
5.87 -8.22 1.59 22.46 2.43 45.406360 11.895585 1
5.87 -8.23 1.6 22.47 2.43 45.406360 11.895585 1
5.87 -8.24 1.59 22.48 2.43 45.406360 11.895585 1
5.88 -8.23 1.58 22.46 2.43 45.406360 11.895585 1
5.88 -8.23 1.59 22.47 2.43 45.406360 11.895585 1
5.87 -8.23 1.59 22.46 2.43 45.406360 11.895585 1
5.87 -8.24 1.58 22.48 2.43 45.406360 11.895585 1
5.87 -8.23 1.58 22.48 2.43 45.406360 11.895585 1
5.87 -8.23 1.59 22.46 2.43 45.406360 11.895585 1
5.87 -8.23 1.59 22.47 2.43 45.406360 11.895585 1
5.87 -8.23 1.59 22.47 2.43 45.406360 11.895585 1
5.87 -8.22 1.58 22.48 2.43 45.406360 11.895585 1
5.87 -8.23 1.59 22.48 2.43 45.406360 11.895585 1
5.87 -8.24 1.6 22.47 2.43 45.406360 11.895585 1
5.88 -8.23 1.59 22.47 2.43 45.406360 11.895585 1
5.88 -8.23 1.58 22.48 2.43 45.406360 11.895585 1
5.88 -8.23 1.59 22.46 2.43 45.406360 11.895585 1
5.88 -8.23 1.59 22.48 2.43 45.406360 11.895585 1
5.87 -8.23 1.59 22.48 2.43 45.406360 11.895585 1
5.86 -8.22 1.58 22.46 2.43 45.406360 11.895585 1
