6.19 -7.08 1.32 22.96 2.09 45.876355 12.305883 1
6.46 -7.49 2.42 22.52 2.09 45.876355 12.305883 0
6.31 -7.25 2.52 23.24 2.09 45.876355 12.305883 0
6.14 -7.58 2.19 22.47 2.09 45.876355 12.305883 0
5.74 -7.64 1.37 22.83 2.09 45.876355 12.305883 0
5.26 -8.11 1.29 23.27 2.09 45.876355 12.305883 0
5.73 -8.16 1.86 22.48 2.09 45.876355 12.305883 0
6.18 -7.51 1.8 22.72 2.09 45.876355 12.305883 0
6.02 -7.6 1.42 22.76 2.09 45.876355 12.305883 0
5.4 -7.76 1.07 23.63 2.09 45.876355 12.305883 0
6.21 -7.55 1.49 23.14 2.09 45.876355 12.305883 0
6.51 -7.45 1.92 22.95 2.09 45.876355 12.305883 0
6.68 -7.16 2.24 22.57 2.09 45.876355 12.305883 0
6.04 -7.89 1.94 22.48 2.09 45.876355 12.305883 0
5.82 -7.85 1.52 22.6 2.72 45.876338 12.305867 1
6.34 -7.64 1.38 22.6 2.72 45.876338 12.305867 0
6.41 -6.99 1.21 22.11 2.72 45.876338 12.305867 1
6.6 -7.88 1.79 22.26 2.72 45.876338 12.305867 0
6.1 -7.36 1.62 23.03 2.72 45.876338 12.305867 0
5.81 -7.72 1.75 22.52 2.72 45.876338 12.305867 0
5.97 -8.24 1.52 22.36 2.72 45.876338 12.305867 0
5.96 -7.54 1.53 22.42 2.72 45.876338 12.305867 0
5.97 -7.65 1.78 22.54 2.72 45.876338 12.305867 0
6.27 -7.78 1.51 22.69 2.72 45.876338 12.305867 0
6.33 -7.68 1.64 22.62 2.72 45.876338 12.305867 0
6.27 -7.57 1.96 23.03 2.72 45.876338 12.305867 0
6.51 -7.52 1.91 22.17 2.72 45.876338 12.305867 0
6.51 -7.29 1.51 22.69 2.72 45.876338 12.305867 0
6.38 -7.69 1.7 23.14 2.72 45.876338 12.305867 0
6.06 -7.76 2.21 22.62 2.72 45.876338 12.305867 0
5.97 -7.9 2.3 22.57 2.72 45.876338 12.305867 0
5.8 -7.71 1.95 22.62 3.03 45.876318 12.305846 1
5.77 -7.68 1.61 22.52 3.03 45.876318 12.305846 0
5.37 -8.13 1.63 22.59 3.03 45.876318 12.305846 1
5.45 -8.2 1.67 22.43 3.03 45.876318 12.305846 0
6.17 -8.09 1.89 22.67 3.03 45.876318 12.305846 0
6.22 -7.5 2.02 22.69 3.03 45.876318 12.305846 0
6.26 -7.6 1.97 23.58 3.03 45.876318 12.305846 0
5.82 -7.86 1.9 22.55 3.03 45.876318 12.305846 0
6.39 -7.3 1.56 22.24 3.03 45.876318 12.305846 0
6.51 -7.67 1.65 22.71 3.03 45.876318 12.305846 0
6.38 -7.28 1.75 22.76 3.03 45.876318 12.305846 0
6.25 -7.66 1.65 22.72 3.03 45.876318 12.305846 0
5.83 -7.57 1.66 22.67 3.03 45.876318 12.305846 0
5.94 -7.92 1.77 22.62 3.03 45.876318 12.305846 0
6.07 -7.65 1.55 22.19 3.03 45.876318 12.305846 0
5.73 -7.61 1.7 22.69 3.03 45.876318 12.305846 0
6.05 -7.56 1.66 22.57 3.03 45.876318 12.305846 0
5.6 -7.83 2.14 22.59 3.02 45.876300 12.305820 1
5.86 -8.08 2.08 22.45 3.02 45.876300 12.305820 0
6.0 -7.62 2.1 22.62 3.02 45.876300 12.305820 1
6.27 -8.3 1.98 22.64 3.02 45.876300 12.305820 0
6.08 -7.58 2.07 22.5 3.02 45.876300 12.305820 0
6.2 -7.62 2.02 22.5 3.02 45.876300 12.305820 0
6.18 -7.7 2.11 22.04 3.02 45.876300 12.305820 0
6.1 -7.84 2.25 22.47 3.02 45.876300 12.305820 0
6.21 -7.57 1.73 22.67 3.02 45.876300 12.305820 0
5.87 -7.74 1.61 24.01 3.02 45.876300 12.305820 0
5.7 -7.72 1.84 23.14 3.02 45.876300 12.305820 0
5.64 -8.11 1.77 22.67 3.02 45.876300 12.305820 0
6.02 -7.82 1.91 23.48 3.02 45.876300 12.305820 0
6.03 -8.05 2.04 23.56 3.02 45.876300 12.305820 0
5.84 -7.78 1.86 22.31 3.02 45.876300 12.305820 0
5.82 -7.95 1.75 23.12 3.02 45.876300 12.305820 0
6.1 -7.81 1.68 22.95 3.02 45.876300 12.305820 0
6.12 -7.87 1.92 23.26 3.24 45.876280 12.305793 1
6.2 -7.8 1.94 22.84 3.24 45.876280 12.305793 0
6.19 -8.01 1.93 22.38 3.24 45.876280 12.305793 1
5.97 -7.82 2.0 23.34 3.24 45.876280 12.305793 0
5.78 -7.93 1.91 22.98 3.24 45.876280 12.305793 0
5.48 -7.92 1.77 22.38 3.24 45.876280 12.305793 0
5.64 -8.14 1.96 22.0 3.24 45.876280 12.305793 0
5.96 -7.64 1.75 23.31 3.24 45.876280 12.305793 0
6.05 -8.03 2.17 23.99 3.24 45.876280 12.305793 0
5.99 -7.48 1.89 22.64 3.24 45.876280 12.305793 0
5.97 -7.55 2.08 22.59 3.24 45.876280 12.305793 0
6.07 -7.52 2.13 22.64 3.24 45.876280 12.305793 0
6.3 -7.65 1.85 22.62 3.24 45.876280 12.305793 0
6.06 -7.74 2.02 22.21 3.24 45.876280 12.305793 0
5.9 -7.67 2.12 22.67 3.24 45.876280 12.305793 0
5.92 -7.48 2.34 23.15 3.24 45.876280 12.305793 0
6.12 -7.53 2.03 22.64 3.24 45.876280 12.305793 0
6.03 -7.72 1.76 22.67 3.16 45.876257 12.305771 1
5.86 -7.85 2.08 22.48 3.16 45.876257 12.305771 0
5.77 -8.04 1.74 22.6 3.16 45.876257 12.305771 1
5.97 -7.95 1.63 22.57 3.16 45.876257 12.305771 0
5.76 -7.75 1.73 21.97 3.16 45.876257 12.305771 0
6.43 -7.69 1.61 21.99 3.16 45.876257 12.305771 0
6.54 -7.23 2.04 22.62 3.16 45.876257 12.305771 0
6.05 -7.73 2.02 23.0 3.16 45.876257 12.305771 0
6.03 -7.45 1.75 22.54 3.16 45.876257 12.305771 0
6.22 -7.55 1.69 22.17 3.16 45.876257 12.305771 0
5.73 -7.76 1.5 22.66 3.16 45.876257 12.305771 0
5.51 -8.46 1.91 23.65 3.16 45.876257 12.305771 0
5.28 -8.26 1.78 22.72 3.16 45.876257 12.305771 0
5.35 -7.99 2.16 22.74 3.16 45.876257 12.305771 0
5.91 -7.78 1.72 22.69 3.16 45.876257 12.305771 0
6.35 -7.82 2.06 22.59 3.16 45.876257 12.305771 0
6.28 -7.87 1.82 23.07 3.41 45.876233 12.305746 1
6.13 -7.25 1.69 22.67 3.41 45.876233 12.305746 0
5.89 -7.63 1.97 22.14 3.41 45.876233 12.305746 1
6.27 -7.87 1.92 22.71 3.41 45.876233 12.305746 0
5.85 -7.55 2.03 22.17 3.41 45.876233 12.305746 0
5.94 -7.83 2.35 23.29 3.41 45.876233 12.305746 0
5.49 -8.09 1.81 22.36 3.41 45.876233 12.305746 0
5.48 -7.75 2.32 22.45 3.41 45.876233 12.305746 0
5.71 -8.36 1.91 22.69 3.41 45.876233 12.305746 0
5.94 -7.76 1.93 22.93 3.41 45.876233 12.305746 0
5.92 -7.52 2.41 22.81 3.41 45.876233 12.305746 0
5.9 -8.06 2.09 24.42 3.41 45.876233 12.305746 0
5.89 -7.64 1.9 23.05 3.41 45.876233 12.305746 0
6.14 -7.97 1.97 23.19 3.41 45.876233 12.305746 0
6.14 -7.49 2.02 22.78 3.41 45.876233 12.305746 0
6.02 -7.32 2.22 22.62 3.41 45.876233 12.305746 0
5.82 -7.8 2.0 22.4 3.41 45.876233 12.305746 0
5.79 -7.87 2.34 22.14 3.54 45.876206 12.305722 1
5.27 -7.97 1.77 22.6 3.54 45.876206 12.305722 0
5.8 -8.48 1.95 22.17 3.54 45.876206 12.305722 1
6.15 -7.7 1.92 23.12 3.54 45.876206 12.305722 0
6.16 -7.91 2.05 22.88 3.54 45.876206 12.305722 0
5.98 -7.66 1.7 22.31 3.54 45.876206 12.305722 0
5.83 -8.03 1.78 22.88 3.54 45.876206 12.305722 0
6.26 -8.2 2.07 22.12 3.54 45.876206 12.305722 0
5.41 -7.25 2.09 22.17 3.54 45.876206 12.305722 0
5.88 -7.37 1.65 23.19 3.54 45.876206 12.305722 0
6.15 -7.29 1.96 22.52 3.54 45.876206 12.305722 0
5.91 -7.67 1.82 22.98 3.54 45.876206 12.305722 0
6.12 -8.29 2.26 22.02 3.54 45.876206 12.305722 0
6.28 -7.21 2.73 23.31 3.54 45.876206 12.305722 0
6.09 -9.07 2.08 22.07 3.54 45.876206 12.305722 0
5.92 -7.68 1.47 22.98 3.54 45.876206 12.305722 0
5.67 -7.31 1.84 23.02 3.54 45.876206 12.305722 0
5.98 -8.06 1.97 23.29 3.56 45.876180 12.305699 1
7.01 -8.74 1.94 23.84 3.56 45.876180 12.305699 0
5.14 -7.88 2.32 22.71 3.56 45.876180 12.305699 1
6.09 -7.09 2.39 23.02 3.56 45.876180 12.305699 0
6.03 -8.31 1.88 22.55 3.56 45.876180 12.305699 0
6.0 -8.27 1.97 22.31 3.56 45.876180 12.305699 0
5.46 -9.25 1.53 23.39 3.56 45.876180 12.305699 0
6.33 -5.51 2.17 27.7 3.56 45.876180 12.305699 0
5.6 -7.61 1.45 23.14 3.56 45.876180 12.305699 0
6.21 -8.44 1.69 22.24 3.56 45.876180 12.305699 0
5.79 -8.01 1.65 22.88 3.56 45.876180 12.305699 0
5.7 -7.68 2.33 22.67 3.56 45.876180 12.305699 0
5.82 -7.62 1.93 22.64 3.56 45.876180 12.305699 0
5.95 -7.62 1.88 22.4 3.56 45.876180 12.305699 0
6.35 -7.94 2.23 23.24 3.56 45.876180 12.305699 0
5.96 -8.01 2.1 22.83 3.56 45.876180 12.305699 0
5.73 -7.45 2.39 22.42 3.56 45.876180 12.305699 0
5.67 -7.39 2.21 22.64 3.34 45.876156 12.305675 1
5.99 -8.07 2.21 22.66 3.34 45.876156 12.305675 0
6.07 -8.24 2.02 22.52 3.34 45.876156 12.305675 1
5.7 -8.07 1.88 22.76 3.34 45.876156 12.305675 0
5.41 -8.62 1.86 23.94 3.34 45.876156 12.305675 0
5.89 -8.27 1.91 22.81 3.34 45.876156 12.305675 0
5.82 -7.89 1.55 22.79 3.34 45.876156 12.305675 0
5.55 -7.35 1.73 23.38 3.34 45.876156 12.305675 0
6.15 -7.83 1.71 24.04 3.34 45.876156 12.305675 0
6.53 -7.81 1.89 22.31 3.34 45.876156 12.305675 0
5.92 -7.66 1.81 22.05 3.34 45.876156 12.305675 0
5.58 -7.89 2.05 22.11 3.34 45.876156 12.305675 0
5.83 -7.24 1.84 22.91 3.34 45.876156 12.305675 0
5.67 -7.98 1.94 23.05 3.34 45.876156 12.305675 0
5.6 -8.03 1.38 23.14 3.34 45.876156 12.305675 0
5.78 -7.3 1.9 23.15 3.34 45.876156 12.305675 0
5.63 -7.67 2.22 23.98 3.34 45.876156 12.305675 0
5.05 -8.54 2.58 23.12 3.45 45.876129 12.305661 1
5.34 -8.54 2.08 23.03 3.45 45.876129 12.305661 0
5.22 -8.34 2.13 23.32 3.45 45.876129 12.305661 1
5.57 -8.3 2.04 22.47 3.45 45.876129 12.305661 0
6.55 -7.79 1.64 22.47 3.45 45.876129 12.305661 0
6.26 -7.82 1.19 22.47 3.45 45.876129 12.305661 0
6.3 -7.17 1.74 22.48 3.45 45.876129 12.305661 0
6.55 -7.54 1.73 22.96 3.45 45.876129 12.305661 0
6.25 -7.77 1.56 23.14 3.45 45.876129 12.305661 0
5.96 -7.37 1.21 22.72 3.45 45.876129 12.305661 0
5.76 -7.7 1.89 22.69 3.45 45.876129 12.305661 0
5.93 -8.3 1.67 23.03 3.45 45.876129 12.305661 0
6.04 -7.79 1.52 22.72 3.45 45.876129 12.305661 0
6.29 -7.75 1.45 22.69 3.45 45.876129 12.305661 0
6.05 -7.36 1.42 22.74 3.45 45.876129 12.305661 0
6.41 -7.47 1.54 22.52 3.45 45.876129 12.305661 0
6.7 -7.64 1.33 22.45 3.19 45.876106 12.305645 1
6.47 -7.79 1.63 22.21 3.19 45.876106 12.305645 0
5.99 -7.78 1.81 23.03 3.19 45.876106 12.305645 1
5.99 -7.57 1.53 22.62 3.19 45.876106 12.305645 0
5.96 -7.79 1.51 22.67 3.19 45.876106 12.305645 0
5.84 -8.1 1.63 22.62 3.19 45.876106 12.305645 0
5.91 -7.97 1.46 22.62 3.19 45.876106 12.305645 0
5.54 -7.97 1.53 22.55 3.19 45.876106 12.305645 0
5.72 -7.95 1.87 22.67 3.19 45.876106 12.305645 0
5.95 -7.89 1.95 22.81 3.19 45.876106 12.305645 0
6.21 -7.73 1.85 22.64 3.19 45.876106 12.305645 0
6.27 -7.97 2.04 24.34 3.19 45.876106 12.305645 0
6.12 -7.79 2.16 22.64 3.19 45.876106 12.305645 0
5.93 -7.59 2.23 22.67 3.19 45.876106 12.305645 0
5.7 -7.56 2.22 23.19 3.19 45.876106 12.305645 0
5.74 -8.09 2.2 23.1 3.19 45.876106 12.305645 0
5.95 -7.92 2.01 22.54 3.19 45.876106 12.305645 0
5.37 -7.96 1.88 22.5 3.5 45.876080 12.305627 1
5.3 -8.25 1.96 23.02 3.5 45.876080 12.305627 0
5.79 -7.9 1.91 22.59 3.5 45.876080 12.305627 1
5.94 -7.77 2.08 23.12 3.5 45.876080 12.305627 0
6.15 -7.7 2.12 22.66 3.5 45.876080 12.305627 0
6.17 -7.65 1.84 27.8 3.5 45.876080 12.305627 0
6.42 -7.54 1.89 23.56 3.5 45.876080 12.305627 0
6.05 -7.32 2.26 22.62 3.5 45.876080 12.305627 0
6.01 -7.8 1.99 22.64 3.5 45.876080 12.305627 0
6.18 -7.91 1.91 22.72 3.5 45.876080 12.305627 0
5.76 -7.74 2.0 24.97 3.5 45.876080 12.305627 0
5.54 -8.0 1.84 22.78 3.5 45.876080 12.305627 0
5.46 -8.07 1.66 22.74 3.5 45.876080 12.305627 0
5.8 -8.12 1.88 22.69 3.5 45.876080 12.305627 0
5.81 -8.04 1.91 22.72 3.5 45.876080 12.305627 0
5.84 -7.69 2.26 22.78 3.5 45.876080 12.305627 0
6.2 -7.33 1.96 22.66 3.5 45.876080 12.305627 0
5.9 -7.53 2.35 22.57 3.46 45.876051 12.305609 1
6.06 -7.63 2.32 22.96 3.46 45.876051 12.305609 0
6.12 -7.54 2.1 22.64 3.46 45.876051 12.305609 1
5.81 -7.69 2.24 22.09 3.46 45.876051 12.305609 0
5.59 -7.71 2.27 22.62 3.46 45.876051 12.305609 0
5.83 -8.23 1.78 22.62 3.46 45.876051 12.305609 0
5.69 -7.98 1.91 22.6 3.46 45.876051 12.305609 0
5.69 -8.19 2.32 22.45 3.46 45.876051 12.305609 0
5.64 -7.8 2.12 22.69 3.46 45.876051 12.305609 0
5.74 -7.78 1.81 22.78 3.46 45.876051 12.305609 0
5.65 -7.43 1.79 23.14 3.46 45.876051 12.305609 0
6.35 -7.46 1.99 22.67 3.46 45.876051 12.305609 0
6.06 -7.55 2.1 22.67 3.46 45.876051 12.305609 0
6.08 -7.47 2.1 22.64 3.46 45.876051 12.305609 0
6.03 -7.94 1.94 22.62 3.46 45.876051 12.305609 0
5.89 -7.84 2.0 22.67 3.46 45.876051 12.305609 0
6.07 -7.61 1.83 22.57 3.46 45.876051 12.305609 0
5.66 -7.75 1.81 22.54 3.41 45.876025 12.305586 1
5.48 -8.22 1.77 23.03 3.41 45.876025 12.305586 0
5.57 -8.1 1.79 22.55 3.41 45.876025 12.305586 1
5.75 -7.75 1.91 22.62 3.41 45.876025 12.305586 0
5.97 -7.7 2.25 22.16 3.41 45.876025 12.305586 0
6.05 -7.35 1.95 22.11 3.41 45.876025 12.305586 0
6.12 -7.74 2.14 22.62 3.41 45.876025 12.305586 0
5.91 -7.63 2.19 22.67 3.41 45.876025 12.305586 0
5.92 -8.02 2.13 22.31 3.41 45.876025 12.305586 0
6.01 -7.79 1.82 22.59 3.41 45.876025 12.305586 0
5.85 -7.97 2.29 23.0 3.41 45.876025 12.305586 0
5.8 -7.68 2.22 22.21 3.41 45.876025 12.305586 0
5.81 -7.88 2.34 22.72 3.41 45.876025 12.305586 0
5.52 -7.95 2.1 22.33 3.41 45.876025 12.305586 0
5.45 -8.0 2.04 22.67 3.41 45.876025 12.305586 0
6.11 -8.23 2.1 22.12 3.41 45.876025 12.305586 0
5.55 -7.66 1.84 22.59 3.41 45.876025 12.305586 0
5.83 -7.95 1.7 22.96 3.12 45.876003 12.305561 1
6.2 -7.55 1.94 22.62 3.12 45.876003 12.305561 0
5.72 -7.42 1.95 23.08 3.12 45.876003 12.305561 1
6.18 -8.38 1.81 22.11 3.12 45.876003 12.305561 0
5.97 -7.19 1.75 22.57 3.12 45.876003 12.305561 0
6.12 -7.95 2.05 22.5 3.12 45.876003 12.305561 0
5.72 -8.17 1.71 22.96 3.12 45.876003 12.305561 0
5.59 -8.12 1.68 22.79 3.12 45.876003 12.305561 0
5.58 -7.82 1.93 22.57 3.12 45.876003 12.305561 0
5.57 -7.85 2.08 22.57 3.12 45.876003 12.305561 0
5.76 -8.04 1.87 22.14 3.12 45.876003 12.305561 0
6.47 -7.9 2.23 22.29 3.12 45.876003 12.305561 0
6.19 -7.58 2.27 22.33 3.12 45.876003 12.305561 0
5.8 -7.36 2.27 22.36 3.12 45.876003 12.305561 0
6.25 -7.57 2.25 23.12 3.12 45.876003 12.305561 0
6.24 -7.63 2.03 22.54 3.12 45.876003 12.305561 0
6.29 -8.23 2.16 22.93 3.44 45.875977 12.305539 1
5.77 -7.78 2.23 22.54 3.44 45.875977 12.305539 0
5.7 -7.8 2.11 22.78 3.44 45.875977 12.305539 1
5.56 -8.17 1.52 22.6 3.44 45.875977 12.305539 0
5.55 -7.35 1.73 22.4 3.44 45.875977 12.305539 0
5.89 -8.57 2.02 22.05 3.44 45.875977 12.305539 0
5.73 -7.7 1.5 22.81 3.44 45.875977 12.305539 0
6.18 -7.84 1.82 22.6 3.44 45.875977 12.305539 0
5.22 -7.07 1.87 22.04 3.44 45.875977 12.305539 0
5.84 -7.46 1.81 22.12 3.44 45.875977 12.305539 0
6.18 -7.3 2.1 21.71 3.44 45.875977 12.305539 0
6.01 -9.31 3.0 21.4 3.44 45.875977 12.305539 0
7.25 -7.86 2.43 21.64 3.44 45.875977 12.305539 0
7.31 -6.85 2.62 23.12 3.44 45.875977 12.305539 0
7.73 -6.72 2.12 25.14 3.44 45.875977 12.305539 0
7.11 -10.02 1.05 25.57 3.44 45.875977 12.305539 0
3.07 -7.6 1.72 26.55 3.44 45.875977 12.305539 0
2.16 -10.55 0.75 23.32 2.95 45.875953 12.305518 1
4.54 -10.03 2.12 21.45 2.95 45.875953 12.305518 0
5.66 -7.75 2.41 21.35 2.95 45.875953 12.305518 1
2.03 -8.61 2.0 18.47 2.95 45.875953 12.305518 0
3.42 -4.44 1.95 19.86 2.95 45.875953 12.305518 0
7.23 -5.87 2.45 20.75 2.95 45.875953 12.305518 0
7.77 -6.29 1.66 27.56 2.95 45.875953 12.305518 0
4.21 -4.59 1.86 29.43 2.95 45.875953 12.305518 0
1.95 1.82 1.74 24.35 2.95 45.875953 12.305518 0
5.26 -13.58 5.56 22.55 2.95 45.875953 12.305518 0
7.86 -12.59 -0.05 22.05 2.95 45.875953 12.305518 0
4.64 -7.89 1.37 23.74 2.95 45.875953 12.305518 0
4.54 -6.76 2.42 24.1 2.95 45.875953 12.305518 0
5.02 -8.25 2.15 24.52 2.95 45.875953 12.305518 0
6.01 -7.65 1.02 22.14 2.95 45.875953 12.305518 0
6.98 -8.6 1.02 22.91 2.95 45.875953 12.305518 0
4.88 -8.06 1.73 22.62 2.95 45.875953 12.305518 0
5.21 -7.04 2.47 23.77 3.45 45.875927 12.305495 1
6.29 -7.48 1.4 23.15 3.45 45.875927 12.305495 0
6.59 -8.78 1.58 22.47 3.45 45.875927 12.305495 1
5.08 -8.46 1.5 23.26 3.45 45.875927 12.305495 0
5.15 -7.58 2.14 22.91 3.45 45.875927 12.305495 0
5.92 -7.42 1.97 22.67 3.45 45.875927 12.305495 0
5.96 -7.97 1.71 21.97 3.45 45.875927 12.305495 0
6.48 -8.59 1.71 22.78 3.45 45.875927 12.305495 0
6.17 -8.27 1.43 23.07 3.45 45.875927 12.305495 0
5.64 -7.76 2.41 22.81 3.45 45.875927 12.305495 0
7.45 -9.44 0.44 22.95 3.45 45.875927 12.305495 0
4.78 -6.56 1.74 23.03 3.45 45.875927 12.305495 0
5.57 -7.72 2.05 23.74 3.45 45.875927 12.305495 0
5.37 -7.77 2.09 22.59 3.45 45.875927 12.305495 0
5.83 -7.81 2.07 21.9 3.45 45.875927 12.305495 0
6.46 -10.0 2.61 21.64 3.45 45.875927 12.305495 0
4.82 -8.09 2.47 22.71 3.45 45.875927 12.305495 0
5.59 -6.7 2.34 22.31 3.19 45.875906 12.305468 1
5.39 -7.46 2.88 22.26 3.19 45.875906 12.305468 0
6.0 -7.1 1.95 22.45 3.19 45.875906 12.305468 1
6.37 -7.81 1.58 22.35 3.19 45.875906 12.305468 0
5.5 -7.97 1.67 23.08 3.19 45.875906 12.305468 0
6.28 -7.43 1.9 23.07 3.19 45.875906 12.305468 0
6.36 -7.7 2.21 22.9 3.19 45.875906 12.305468 0
6.39 -7.97 2.05 23.56 3.19 45.875906 12.305468 0
5.74 -7.79 1.76 24.59 3.19 45.875906 12.305468 0
5.39 -7.15 1.41 24.13 3.19 45.875906 12.305468 0
5.88 -8.76 1.72 22.62 3.19 45.875906 12.305468 0
6.18 -8.81 1.99 23.03 3.19 45.875906 12.305468 0
5.92 -7.92 2.21 23.31 3.19 45.875906 12.305468 0
5.29 -7.64 2.11 23.27 3.19 45.875906 12.305468 0
6.21 -7.98 2.15 21.95 3.19 45.875906 12.305468 0
6.12 -7.83 2.38 29.77 3.19 45.875906 12.305468 0
6.29 -8.35 1.77 23.41 3.19 45.875906 12.305468 0
5.08 -7.32 2.04 23.03 3.08 45.875887 12.305439 1
5.72 -7.48 2.3 23.05 3.08 45.875887 12.305439 0
6.03 -7.16 2.26 22.19 3.08 45.875887 12.305439 1
6.24 -9.22 1.94 22.42 3.08 45.875887 12.305439 0
5.96 -8.41 1.63 23.26 3.08 45.875887 12.305439 0
4.98 -6.32 1.85 23.32 3.08 45.875887 12.305439 0
5.61 -8.3 1.99 22.95 3.08 45.875887 12.305439 0
6.11 -8.65 2.09 22.57 3.08 45.875887 12.305439 0
6.44 -7.61 1.79 22.57 3.08 45.875887 12.305439 0
5.81 -8.32 2.21 22.81 3.08 45.875887 12.305439 0
5.39 -7.55 2.05 22.84 3.08 45.875887 12.305439 0
6.73 -7.16 1.85 23.08 3.08 45.875887 12.305439 0
6.41 -8.07 2.19 22.88 3.08 45.875887 12.305439 0
5.64 -8.03 1.75 22.91 3.08 45.875887 12.305439 0
5.56 -7.85 2.26 23.92 3.08 45.875887 12.305439 0
5.84 -7.77 2.32 23.62 3.08 45.875887 12.305439 0
6.03 -8.1 2.12 22.31 3.39 45.875864 12.305413 1
5.84 -8.54 1.84 22.45 3.39 45.875864 12.305413 0
5.52 -7.39 2.0 23.44 3.39 45.875864 12.305413 1
5.77 -7.99 2.22 23.26 3.39 45.875864 12.305413 0
5.28 -7.81 2.1 22.76 3.39 45.875864 12.305413 0
5.76 -7.86 1.84 23.07 3.39 45.875864 12.305413 0
6.07 -8.32 1.8 22.76 3.39 45.875864 12.305413 0
5.97 -7.98 2.03 22.64 3.39 45.875864 12.305413 0
5.74 -8.31 1.9 23.56 3.39 45.875864 12.305413 0
5.45 -7.64 1.86 22.74 3.39 45.875864 12.305413 0
5.82 -7.13 1.91 22.76 3.39 45.875864 12.305413 0
5.96 -7.86 2.25 23.32 3.39 45.875864 12.305413 0
5.95 -8.41 1.73 23.38 3.39 45.875864 12.305413 0
6.22 -7.66 1.5 23.92 3.39 45.875864 12.305413 0
5.62 -7.73 2.7 23.08 3.39 45.875864 12.305413 0
6.06 -7.76 1.92 23.32 3.39 45.875864 12.305413 0
6.37 -7.87 1.97 22.55 3.39 45.875864 12.305413 0
5.82 -8.54 1.95 23.02 3.22 45.875839 12.305388 1
6.01 -8.38 2.12 25.69 3.22 45.875839 12.305388 0
6.0 -7.23 2.38 23.15 3.22 45.875839 12.305388 1
5.52 -7.81 1.99 24.3 3.22 45.875839 12.305388 0
5.88 -8.07 1.9 22.9 3.22 45.875839 12.305388 0
5.58 -7.46 1.77 23.68 3.22 45.875839 12.305388 0
5.63 -7.86 1.85 23.27 3.22 45.875839 12.305388 0
5.71 -7.86 1.95 23.48 3.22 45.875839 12.305388 0
5.95 -8.31 1.91 23.84 3.22 45.875839 12.305388 0
6.54 -8.27 1.98 23.02 3.22 45.875839 12.305388 0
5.99 -8.31 1.84 22.91 3.22 45.875839 12.305388 0
5.54 -7.99 1.55 23.65 3.22 45.875839 12.305388 0
5.41 -7.67 1.61 24.01 3.22 45.875839 12.305388 0
5.99 -7.31 1.74 22.81 3.22 45.875839 12.305388 0
6.37 -8.26 1.98 23.63 3.22 45.875839 12.305388 0
5.83 -8.66 1.74 22.81 3.22 45.875839 12.305388 0
5.36 -7.9 1.8 23.53 3.22 45.875839 12.305388 0
5.39 -7.96 2.07 22.81 2.86 45.875819 12.305364 1
6.57 -8.69 2.28 22.45 2.86 45.875819 12.305364 0
6.1 -7.34 1.76 22.35 2.86 45.875819 12.305364 1
5.04 -8.69 1.66 23.87 2.86 45.875819 12.305364 0
4.92 -7.47 1.93 23.19 2.86 45.875819 12.305364 0
1.23 0.0 -88.54 22.26 2.86 45.875819 12.305364 0
1.23 0.0 -88.54 22.0 2.86 45.875819 12.305364 0
