5.71 -8.37 1.61 21.92 1.77 45.876365 12.305955 1
5.73 -7.82 1.83 22.48 1.77 45.876365 12.305955 0
5.57 -7.46 1.85 22.96 1.77 45.876365 12.305955 0
5.92 -7.91 1.73 22.48 1.77 45.876365 12.305955 0
6.01 -7.78 2.23 22.76 1.77 45.876365 12.305955 0
6.5 -7.43 2.11 22.38 1.77 45.876365 12.305955 0
6.82 -7.34 2.1 22.69 1.77 45.876365 12.305955 0
6.44 -7.1 1.7 22.76 1.77 45.876365 12.305955 0
6.44 -7.48 2.02 22.33 1.77 45.876365 12.305955 0
6.32 -7.5 2.19 22.62 1.77 45.876365 12.305955 0
6.45 -7.05 2.52 22.62 1.77 45.876365 12.305955 0
6.77 -7.65 2.45 22.16 1.77 45.876365 12.305955 0
6.09 -7.56 2.37 22.6 1.77 45.876365 12.305955 0
6.27 -7.74 2.15 22.43 1.77 45.876365 12.305955 0
5.47 -7.88 2.53 21.95 1.77 45.876365 12.305955 0
5.18 -7.95 1.87 22.07 2.6 45.876351 12.305935 1
5.49 -8.18 2.06 22.95 2.6 45.876351 12.305935 0
5.83 -7.99 2.0 22.55 2.6 45.876351 12.305935 1
5.83 -7.52 1.95 22.66 2.6 45.876351 12.305935 0
5.86 -7.51 1.83 22.64 2.6 45.876351 12.305935 0
6.49 -7.44 1.56 22.54 2.6 45.876351 12.305935 0
6.65 -7.54 1.91 22.35 2.6 45.876351 12.305935 0
6.52 -7.18 1.64 22.14 2.6 45.876351 12.305935 0
6.38 -7.38 2.07 22.26 2.6 45.876351 12.305935 0
5.89 -7.66 2.14 22.67 2.6 45.876351 12.305935 0
6.19 -7.65 1.9 22.62 2.6 45.876351 12.305935 0
6.35 -7.61 1.66 22.64 2.6 45.876351 12.305935 0
5.94 -7.99 1.69 22.71 2.6 45.876351 12.305935 0
5.9 -7.47 1.73 22.71 2.6 45.876351 12.305935 0
5.56 -7.69 1.78 23.12 2.6 45.876351 12.305935 0
5.93 -7.89 1.89 23.02 2.6 45.876351 12.305935 0
5.97 -7.68 1.81 22.62 2.57 45.876335 12.305918 1
6.3 -7.86 1.95 23.1 2.57 45.876335 12.305918 0
5.78 -7.52 2.09 22.66 2.57 45.876335 12.305918 1
6.13 -7.63 2.02 22.54 2.57 45.876335 12.305918 0
6.09 -7.76 1.99 21.99 2.57 45.876335 12.305918 0
6.63 -7.52 1.87 22.47 2.57 45.876335 12.305918 0
6.13 -7.84 1.86 22.95 2.57 45.876335 12.305918 0
5.93 -7.7 2.03 23.02 2.57 45.876335 12.305918 0
6.01 -7.44 2.09 22.76 2.57 45.876335 12.305918 0
5.56 -7.56 1.95 22.78 2.57 45.876335 12.305918 0
6.08 -7.89 2.07 22.67 2.57 45.876335 12.305918 0
5.7 -7.52 1.53 22.66 2.57 45.876335 12.305918 0
5.84 -7.85 1.69 22.71 2.57 45.876335 12.305918 0
5.81 -8.01 2.01 22.71 2.57 45.876335 12.305918 0
6.05 -7.55 1.94 22.29 2.57 45.876335 12.305918 0
6.28 -7.78 1.99 22.78 2.57 45.876335 12.305918 0
6.05 -7.93 1.85 22.54 2.57 45.876335 12.305918 0
6.11 -7.73 1.73 22.14 2.94 45.876318 12.305895 1
6.07 -7.83 2.01 22.55 2.94 45.876318 12.305895 0
6.14 -7.74 1.9 22.93 2.94 45.876318 12.305895 1
6.17 -7.7 2.19 22.38 2.94 45.876318 12.305895 0
6.21 -7.6 1.95 22.6 2.94 45.876318 12.305895 0
5.64 -7.66 1.61 22.62 2.94 45.876318 12.305895 0
5.64 -7.81 1.8 22.57 2.94 45.876318 12.305895 0
5.75 -7.84 1.75 22.45 2.94 45.876318 12.305895 0
6.07 -7.7 2.23 22.74 2.94 45.876318 12.305895 0
5.86 -7.87 2.03 22.66 2.94 45.876318 12.305895 0
6.06 -7.98 1.83 22.66 2.94 45.876318 12.305895 0
6.26 -7.92 1.85 22.66 2.94 45.876318 12.305895 0
6.05 -7.38 1.97 22.23 2.94 45.876318 12.305895 0
6.11 -7.61 1.86 23.48 2.94 45.876318 12.305895 0
6.18 -7.69 1.82 23.12 2.94 45.876318 12.305895 0
6.16 -7.9 1.95 22.76 2.94 45.876318 12.305895 0
5.85 -7.73 2.11 23.36 2.94 45.876318 12.305895 0
5.79 -8.04 2.21 22.24 3.02 45.876300 12.305869 1
5.92 -7.81 2.1 22.91 3.02 45.876300 12.305869 0
5.91 -7.98 2.04 22.79 3.02 45.876300 12.305869 1
6.19 -7.93 1.95 22.6 3.02 45.876300 12.305869 0
5.91 -7.74 1.97 22.6 3.02 45.876300 12.305869 0
5.91 -7.59 2.03 22.5 3.02 45.876300 12.305869 0
6.14 -7.87 1.85 22.42 3.02 45.876300 12.305869 0
5.84 -7.4 1.8 22.96 3.02 45.876300 12.305869 0
5.95 -7.69 1.71 22.62 3.02 45.876300 12.305869 0
6.17 -7.39 1.72 22.66 3.02 45.876300 12.305869 0
6.19 -7.92 1.82 22.16 3.02 45.876300 12.305869 0
5.77 -7.57 1.82 22.66 3.02 45.876300 12.305869 0
5.94 -7.91 1.63 22.6 3.02 45.876300 12.305869 0
5.45 -7.68 1.73 22.23 3.02 45.876300 12.305869 0
5.82 -8.0 1.86 22.6 3.02 45.876300 12.305869 0
5.74 -7.64 2.31 23.03 3.02 45.876300 12.305869 0
5.93 -7.77 1.85 22.96 3.02 45.876300 12.305869 0
6.02 -7.53 1.87 22.35 3.54 45.876277 12.305844 1
6.36 -7.85 1.76 23.0 3.54 45.876277 12.305844 0
6.28 -7.63 1.69 22.6 3.54 45.876277 12.305844 1
6.22 -7.78 1.72 22.48 3.54 45.876277 12.305844 0
6.14 -7.54 1.84 22.54 3.54 45.876277 12.305844 0
6.12 -7.84 2.14 22.5 3.54 45.876277 12.305844 0
6.16 -7.73 2.12 22.62 3.54 45.876277 12.305844 0
5.78 -7.68 2.02 22.62 3.54 45.876277 12.305844 0
5.82 -7.86 1.87 22.76 3.54 45.876277 12.305844 0
5.91 -7.9 1.82 23.07 3.54 45.876277 12.305844 0
5.89 -7.78 1.65 22.62 3.54 45.876277 12.305844 0
5.66 -8.22 1.91 22.62 3.54 45.876277 12.305844 0
5.86 -7.34 1.77 22.71 3.54 45.876277 12.305844 0
6.09 -7.84 1.82 22.71 3.54 45.876277 12.305844 0
6.01 -7.32 1.98 22.29 3.54 45.876277 12.305844 0
5.89 -7.65 2.01 22.54 3.54 45.876277 12.305844 0
5.9 -7.27 2.09 22.52 3.54 45.876277 12.305844 0
5.84 -7.57 1.88 22.38 3.24 45.876261 12.305812 1
6.09 -8.29 2.0 22.38 3.24 45.876261 12.305812 0
5.31 -8.02 1.95 22.55 3.24 45.876261 12.305812 1
5.55 -8.1 1.88 22.98 3.24 45.876261 12.305812 0
5.53 -7.86 1.87 22.19 3.24 45.876261 12.305812 0
6.28 -7.75 1.98 22.66 3.24 45.876261 12.305812 0
5.86 -7.93 2.18 22.67 3.24 45.876261 12.305812 0
6.01 -7.57 2.08 22.76 3.24 45.876261 12.305812 0
6.17 -7.68 2.0 22.71 3.24 45.876261 12.305812 0
6.18 -7.71 2.22 22.67 3.24 45.876261 12.305812 0
6.0 -7.59 2.04 22.71 3.24 45.876261 12.305812 0
6.01 -7.86 1.84 22.66 3.24 45.876261 12.305812 0
5.74 -7.94 1.96 22.6 3.24 45.876261 12.305812 0
5.64 -7.89 1.95 22.26 3.24 45.876261 12.305812 0
5.75 -7.92 1.84 22.62 3.24 45.876261 12.305812 0
5.65 -7.69 1.85 22.45 3.24 45.876261 12.305812 0
5.78 -8.04 1.92 22.48 2.8 45.876249 12.305783 1
6.11 -7.5 2.22 22.54 2.8 45.876249 12.305783 0
6.16 -7.77 2.03 22.09 2.8 45.876249 12.305783 1
6.21 -8.05 2.13 22.45 2.8 45.876249 12.305783 0
6.24 -7.64 2.15 22.23 2.8 45.876249 12.305783 0
5.95 -7.37 2.17 22.59 2.8 45.876249 12.305783 0
6.04 -7.73 2.04 22.55 2.8 45.876249 12.305783 0
5.81 -7.66 1.96 22.64 2.8 45.876249 12.305783 0
5.84 -7.81 1.77 22.76 2.8 45.876249 12.305783 0
5.98 -7.91 1.71 22.59 2.8 45.876249 12.305783 0
5.97 -7.84 1.7 22.55 2.8 45.876249 12.305783 0
5.67 -8.52 2.16 22.28 2.8 45.876249 12.305783 0
5.94 -7.5 2.23 24.04 2.8 45.876249 12.305783 0
5.6 -7.46 2.19 22.74 2.8 45.876249 12.305783 0
5.73 -7.73 1.7 22.55 2.8 45.876249 12.305783 0
6.08 -7.82 1.89 22.47 2.8 45.876249 12.305783 0
6.39 -7.9 1.98 22.45 2.8 45.876249 12.305783 0
6.09 -8.13 1.8 22.35 3.1 45.876232 12.305755 1
5.62 -7.0 1.93 23.65 3.1 45.876232 12.305755 0
5.99 -7.87 2.13 23.89 3.1 45.876232 12.305755 1
5.97 -7.5 2.1 23.74 3.1 45.876232 12.305755 0
5.77 -8.5 1.89 21.99 3.1 45.876232 12.305755 0
5.86 -8.11 2.32 23.03 3.1 45.876232 12.305755 0
5.5 -7.52 1.96 37.2 3.1 45.876232 12.305755 0
6.11 -7.44 2.16 27.47 3.1 45.876232 12.305755 0
6.46 -8.29 2.01 24.18 3.1 45.876232 12.305755 0
5.77 -7.35 1.64 23.58 3.1 45.876232 12.305755 0
6.7 -8.09 2.35 23.15 3.1 45.876232 12.305755 0
6.53 -7.4 1.77 23.29 3.1 45.876232 12.305755 0
5.57 -7.36 1.62 46.97 3.1 45.876232 12.305755 0
5.92 -8.19 1.77 23.53 3.1 45.876232 12.305755 0
5.59 -7.59 1.63 23.2 3.1 45.876232 12.305755 0
6.2 -9.73 1.77 22.12 3.1 45.876232 12.305755 0
5.64 -7.0 2.03 22.72 3.1 45.876232 12.305755 0
5.35 -7.02 1.89 23.2 3.5 45.876208 12.305728 1
5.8 -8.2 1.69 22.36 3.5 45.876208 12.305728 0
5.57 -7.48 2.01 22.5 3.5 45.876208 12.305728 1
7.08 -9.3 1.54 22.4 3.5 45.876208 12.305728 0
6.46 -8.19 2.32 22.12 3.5 45.876208 12.305728 0
6.43 -7.28 1.96 22.96 3.5 45.876208 12.305728 0
5.59 -7.76 2.19 24.59 3.5 45.876208 12.305728 0
6.16 -7.19 2.06 23.19 3.5 45.876208 12.305728 0
7.32 -9.25 0.27 23.74 3.5 45.876208 12.305728 0
6.69 -9.2 2.29 24.08 3.5 45.876208 12.305728 0
6.01 -8.64 1.69 22.4 3.5 45.876208 12.305728 0
6.6 -8.39 1.81 22.54 3.5 45.876208 12.305728 0
6.32 -8.41 1.74 22.62 3.5 45.876208 12.305728 0
5.64 -7.59 1.83 22.5 3.5 45.876208 12.305728 0
6.87 -6.85 1.99 23.43 3.5 45.876208 12.305728 0
6.01 -7.12 2.65 22.76 3.5 45.876208 12.305728 0
5.8 -8.02 2.15 22.29 3.5 45.876208 12.305728 0
5.63 -7.99 1.69 23.65 3.25 45.876185 12.305703 1
5.96 -7.72 2.06 22.31 3.25 45.876185 12.305703 0
5.9 -7.76 1.66 22.81 3.25 45.876185 12.305703 1
5.76 -7.87 1.7 21.92 3.25 45.876185 12.305703 0
5.75 -8.22 1.85 22.21 3.25 45.876185 12.305703 0
6.06 -7.74 2.45 23.2 3.25 45.876185 12.305703 0
5.92 -7.32 1.81 22.64 3.25 45.876185 12.305703 0
6.19 -7.55 2.34 22.74 3.25 45.876185 12.305703 0
6.2 -7.31 2.02 22.86 3.25 45.876185 12.305703 0
6.51 -8.01 2.01 22.79 3.25 45.876185 12.305703 0
6.52 -7.8 1.98 22.74 3.25 45.876185 12.305703 0
5.94 -7.83 2.08 22.93 3.25 45.876185 12.305703 0
5.73 -7.91 2.04 22.91 3.25 45.876185 12.305703 0
5.37 -7.4 1.98 23.14 3.25 45.876185 12.305703 0
5.66 -8.13 2.01 22.43 3.25 45.876185 12.305703 0
5.74 -8.32 1.71 22.17 3.25 45.876185 12.305703 0
5.8 -7.54 1.82 22.35 3.25 45.876185 12.305703 0
5.58 -7.51 2.02 22.91 3.31 45.876159 12.305687 1
6.2 -7.45 1.92 22.96 3.31 45.876159 12.305687 0
6.03 -7.95 1.96 22.84 3.31 45.876159 12.305687 1
6.06 -7.65 1.81 23.07 3.31 45.876159 12.305687 0
6.43 -7.16 1.81 28.07 3.31 45.876159 12.305687 0
6.25 -7.81 2.13 25.69 3.31 45.876159 12.305687 0
5.55 -7.47 1.75 23.19 3.31 45.876159 12.305687 0
5.79 -8.88 1.94 23.12 3.31 45.876159 12.305687 0
5.01 -8.04 2.4 22.71 3.31 45.876159 12.305687 0
5.68 -7.9 1.78 23.17 3.31 45.876159 12.305687 0
6.21 -7.48 2.05 23.07 3.31 45.876159 12.305687 0
5.83 -7.16 1.86 22.69 3.31 45.876159 12.305687 0
5.85 -7.64 2.19 23.19 3.31 45.876159 12.305687 0
5.88 -7.76 2.49 23.22 3.31 45.876159 12.305687 0
6.23 -7.77 1.83 23.26 3.31 45.876159 12.305687 0
6.18 -7.27 1.83 22.45 3.31 45.876159 12.305687 0
6.26 -7.77 1.94 22.48 3.5 45.876132 12.305668 1
5.49 -7.7 2.0 22.67 3.5 45.876132 12.305668 0
5.51 -7.93 2.31 22.69 3.5 45.876132 12.305668 1
5.52 -8.13 2.03 22.5 3.5 45.876132 12.305668 0
5.88 -8.18 1.99 24.8 3.5 45.876132 12.305668 0
5.9 -7.76 1.6 23.07 3.5 45.876132 12.305668 0
5.96 -7.73 1.66 22.96 3.5 45.876132 12.305668 0
6.16 -7.49 1.53 22.55 3.5 45.876132 12.305668 0
6.21 -7.43 1.69 23.08 3.5 45.876132 12.305668 0
6.63 -7.88 1.8 23.51 3.5 45.876132 12.305668 0
6.09 -7.57 1.84 22.76 3.5 45.876132 12.305668 0
5.56 -7.88 1.85 23.2 3.5 45.876132 12.305668 0
5.59 -8.52 1.81 23.15 3.5 45.876132 12.305668 0
5.53 -8.01 2.07 23.03 3.5 45.876132 12.305668 0
5.71 -8.47 1.93 23.03 3.5 45.876132 12.305668 0
5.88 -7.74 2.1 23.12 3.5 45.876132 12.305668 0
5.85 -8.04 2.16 22.84 3.5 45.876132 12.305668 0
6.02 -7.98 1.9 22.91 3.57 45.876104 12.305646 1
5.96 -7.75 1.92 23.0 3.57 45.876104 12.305646 0
5.96 -8.02 2.06 22.45 3.57 45.876104 12.305646 1
5.69 -7.49 2.43 22.5 3.57 45.876104 12.305646 0
5.78 -7.72 2.43 22.5 3.57 45.876104 12.305646 0
5.84 -8.41 1.99 22.52 3.57 45.876104 12.305646 0
5.87 -8.24 2.25 22.48 3.57 45.876104 12.305646 0
5.77 -7.72 2.07 22.11 3.57 45.876104 12.305646 0
5.82 -7.94 1.9 22.76 3.57 45.876104 12.305646 0
5.87 -8.01 1.81 23.14 3.57 45.876104 12.305646 0
5.93 -7.66 1.54 22.69 3.57 45.876104 12.305646 0
6.11 -7.84 1.75 23.07 3.57 45.876104 12.305646 0
6.15 -7.37 1.7 22.84 3.57 45.876104 12.305646 0
6.53 -7.68 1.88 22.78 3.57 45.876104 12.305646 0
6.01 -7.83 1.82 22.64 3.57 45.876104 12.305646 0
6.05 -8.24 1.93 23.02 3.57 45.876104 12.305646 0
6.05 -8.12 1.93 22.52 3.57 45.876104 12.305646 0
5.48 -8.02 1.97 22.66 3.29 45.876077 12.305623 1
5.42 -8.14 1.73 22.64 3.29 45.876077 12.305623 0
5.79 -8.24 1.77 22.48 3.29 45.876077 12.305623 1
6.04 -8.0 1.96 22.59 3.29 45.876077 12.305623 0
6.0 -7.81 2.14 22.66 3.29 45.876077 12.305623 0
6.37 -7.52 1.99 22.64 3.29 45.876077 12.305623 0
6.35 -7.66 1.89 22.05 3.29 45.876077 12.305623 0
5.98 -7.88 2.38 23.0 3.29 45.876077 12.305623 0
5.8 -7.42 2.2 22.62 3.29 45.876077 12.305623 0
6.04 -7.62 2.09 22.62 3.29 45.876077 12.305623 0
5.77 -7.87 1.99 22.71 3.29 45.876077 12.305623 0
5.65 -7.87 1.97 22.71 3.29 45.876077 12.305623 0
5.56 -7.77 1.88 22.24 3.29 45.876077 12.305623 0
5.42 -8.07 1.93 22.71 3.29 45.876077 12.305623 0
5.95 -7.7 1.88 22.21 3.29 45.876077 12.305623 0
6.1 -7.73 1.88 22.23 3.29 45.876077 12.305623 0
6.11 -7.81 1.9 22.55 3.29 45.876077 12.305623 0
6.42 -7.68 1.94 22.54 2.38 45.876057 12.305604 1
6.37 -7.51 2.08 22.83 2.38 45.876057 12.305604 0
5.93 -7.46 1.97 22.57 2.38 45.876057 12.305604 1
5.86 -7.95 1.8 22.59 2.38 45.876057 12.305604 0
5.75 -7.71 1.69 22.45 2.38 45.876057 12.305604 0
5.73 -8.28 1.74 22.48 2.38 45.876057 12.305604 0
5.76 -8.03 1.69 22.6 2.38 45.876057 12.305604 0
5.65 -7.47 2.17 22.66 2.38 45.876057 12.305604 0
5.92 -7.6 2.16 22.29 2.38 45.876057 12.305604 0
6.2 -7.73 1.93 22.66 2.38 45.876057 12.305604 0
5.87 -7.47 1.68 22.55 2.38 45.876057 12.305604 0
6.2 -7.49 2.24 22.55 2.38 45.876057 12.305604 0
6.31 -7.68 2.62 22.57 2.38 45.876057 12.305604 0
5.73 -7.55 2.02 22.98 2.38 45.876057 12.305604 0
5.91 -8.33 1.58 22.11 2.38 45.876057 12.305604 0
5.64 -7.78 2.18 23.12 2.38 45.876057 12.305604 0
5.8 -7.87 1.67 22.57 2.38 45.876057 12.305604 0
5.73 -7.62 2.13 22.93 3.44 45.876034 12.305577 1
5.68 -7.78 2.06 22.62 3.44 45.876034 12.305577 0
6.37 -8.22 2.04 22.91 3.44 45.876034 12.305577 1
6.21 -7.01 1.75 22.5 3.44 45.876034 12.305577 0
6.42 -7.71 1.89 22.5 3.44 45.876034 12.305577 0
5.97 -7.63 1.93 22.5 3.44 45.876034 12.305577 0
6.07 -7.59 1.96 22.4 3.44 45.876034 12.305577 0
5.85 -7.51 2.13 22.47 3.44 45.876034 12.305577 0
5.71 -8.24 1.91 23.02 3.44 45.876034 12.305577 0
5.51 -8.18 1.74 23.12 3.44 45.876034 12.305577 0
5.77 -7.87 2.02 22.76 3.44 45.876034 12.305577 0
6.33 -7.57 1.99 22.83 3.44 45.876034 12.305577 0
6.08 -8.27 1.99 22.78 3.44 45.876034 12.305577 0
5.94 -7.69 1.88 22.66 3.44 45.876034 12.305577 0
6.42 -7.99 1.65 22.29 3.44 45.876034 12.305577 0
6.17 -7.34 2.34 22.6 3.44 45.876034 12.305577 0
5.97 -7.25 2.13 22.67 3.33 45.876010 12.305551 1
5.54 -7.22 1.64 22.48 3.33 45.876010 12.305551 0
6.36 -7.82 1.8 22.07 3.33 45.876010 12.305551 1
5.45 -8.33 2.26 22.29 3.33 45.876010 12.305551 0
6.08 -7.72 1.93 22.47 3.33 45.876010 12.305551 0
4.7 -8.02 1.98 22.09 3.33 45.876010 12.305551 0
5.18 -7.72 1.81 21.95 3.33 45.876010 12.305551 0
4.73 -5.31 1.95 21.18 3.33 45.876010 12.305551 0
7.07 -7.57 2.54 21.59 3.33 45.876010 12.305551 0
8.61 -6.42 1.17 22.67 3.33 45.876010 12.305551 0
7.8 -4.95 1.88 24.28 3.33 45.876010 12.305551 0
6.5 -10.78 2.42 25.88 3.33 45.876010 12.305551 0
6.36 -7.16 2.18 26.69 3.33 45.876010 12.305551 0
3.81 -10.48 1.08 23.36 3.33 45.876010 12.305551 0
5.14 -11.39 2.89 20.39 3.33 45.876010 12.305551 0
3.56 -7.94 1.8 19.77 3.33 45.876010 12.305551 0
10.0 -12.47 3.2 19.31 3.33 45.876010 12.305551 0
8.91 -8.26 2.12 20.61 3.64 45.875982 12.305528 1
8.38 -5.29 1.86 27.73 3.64 45.875982 12.305528 0
3.99 -4.1 1.47 26.03 3.64 45.875982 12.305528 1
1.31 2.45 1.67 24.68 3.64 45.875982 12.305528 0
9.56 -11.67 1.4 22.62 3.64 45.875982 12.305528 0
8.65 -13.33 1.3 22.84 3.64 45.875982 12.305528 0
4.04 -7.49 1.14 23.19 3.64 45.875982 12.305528 0
5.12 -7.04 2.65 22.95 3.64 45.875982 12.305528 0
5.14 -8.02 2.12 22.47 3.64 45.875982 12.305528 0
5.28 -7.65 0.8 22.05 3.64 45.875982 12.305528 0
6.16 -8.79 1.24 22.29 3.64 45.875982 12.305528 0
5.72 -6.82 1.77 24.42 3.64 45.875982 12.305528 0
5.74 -7.49 2.24 23.03 3.64 45.875982 12.305528 0
6.77 -7.16 1.7 22.66 3.64 45.875982 12.305528 0
7.07 -8.0 2.07 23.0 3.64 45.875982 12.305528 0
5.91 -8.82 2.1 23.0 3.64 45.875982 12.305528 0
5.02 -7.99 2.62 22.04 3.64 45.875982 12.305528 0
5.52 -8.87 1.97 23.22 3.7 45.875955 12.305502 1
7.15 -9.54 1.71 23.55 3.7 45.875955 12.305502 0
4.88 -7.16 1.91 22.66 3.7 45.875955 12.305502 1
4.89 -6.7 1.16 23.72 3.7 45.875955 12.305502 0
5.47 -7.46 1.6 22.5 3.7 45.875955 12.305502 0
7.13 -7.47 3.23 22.24 3.7 45.875955 12.305502 0
6.13 -8.79 1.49 21.78 3.7 45.875955 12.305502 0
5.38 -7.69 2.0 22.64 3.7 45.875955 12.305502 0
5.0 -6.89 1.69 25.16 3.7 45.875955 12.305502 0
5.57 -7.4 2.27 22.42 3.7 45.875955 12.305502 0
5.79 -7.91 1.78 22.33 3.7 45.875955 12.305502 0
6.17 -7.96 1.33 22.76 3.7 45.875955 12.305502 0
5.54 -8.26 2.1 22.66 3.7 45.875955 12.305502 0
6.07 -7.78 2.22 22.12 3.7 45.875955 12.305502 0
5.65 -7.57 2.07 22.12 3.7 45.875955 12.305502 0
5.81 -8.04 1.81 22.35 3.7 45.875955 12.305502 0
5.71 -8.32 2.08 21.59 3.7 45.875955 12.305502 0
6.25 -7.95 1.96 22.36 3.75 45.875927 12.305473 1
6.24 -7.85 2.12 22.59 3.75 45.875927 12.305473 0
5.54 -7.16 1.64 26.07 3.75 45.875927 12.305473 1
5.6 -7.57 1.66 23.43 3.75 45.875927 12.305473 0
5.87 -8.91 2.14 24.11 3.75 45.875927 12.305473 0
6.34 -8.73 2.0 22.76 3.75 45.875927 12.305473 0
5.02 -7.82 1.9 22.59 3.75 45.875927 12.305473 0
5.32 -7.79 1.84 22.74 3.75 45.875927 12.305473 0
5.82 -6.9 2.41 22.84 3.75 45.875927 12.305473 0
6.41 -8.3 1.41 22.96 3.75 45.875927 12.305473 0
6.42 -8.35 1.93 22.98 3.75 45.875927 12.305473 0
4.94 -6.48 1.76 23.56 3.75 45.875927 12.305473 0
5.93 -8.8 2.16 22.71 3.75 45.875927 12.305473 0
6.0 -7.98 1.97 22.66 3.75 45.875927 12.305473 0
6.4 -8.08 2.15 22.45 3.75 45.875927 12.305473 0
5.49 -8.74 2.19 22.35 3.75 45.875927 12.305473 0
