6.18 -7.42 1.89 22.6 1.87 45.876438 12.305962 0
6.42 -7.47 1.83 22.09 2.75 45.876419 12.305944 1
6.16 -7.24 1.69 22.55 2.75 45.876419 12.305944 0
6.36 -7.82 2.01 22.93 2.75 45.876419 12.305944 1
6.36 -7.59 1.65 22.35 2.75 45.876419 12.305944 0
6.44 -7.45 1.9 22.52 2.75 45.876419 12.305944 0
6.48 -7.58 1.59 22.69 2.75 45.876419 12.305944 0
5.92 -7.8 1.56 22.6 2.75 45.876419 12.305944 0
5.86 -8.04 1.7 22.48 2.75 45.876419 12.305944 0
5.76 -8.1 1.93 22.6 2.75 45.876419 12.305944 0
5.52 -7.74 2.22 22.62 2.75 45.876419 12.305944 0
6.08 -7.74 1.7 23.07 2.75 45.876419 12.305944 0
5.92 -7.81 2.06 22.6 2.75 45.876419 12.305944 0
6.16 -7.91 1.95 22.67 2.75 45.876419 12.305944 0
6.2 -7.41 1.84 22.66 2.75 45.876419 12.305944 0
6.35 -7.46 1.98 22.62 2.75 45.876419 12.305944 0
5.98 -7.39 2.01 22.74 2.75 45.876419 12.305944 0
6.04 -7.63 1.97 22.57 2.75 45.876419 12.305944 0
6.36 -7.53 2.16 22.96 2.75 45.876399 12.305923 1
6.33 -7.38 2.37 22.83 2.75 45.876399 12.305923 0
6.23 -7.86 2.32 22.04 2.75 45.876399 12.305923 1
5.83 -7.98 1.93 22.6 2.75 45.876399 12.305923 0
5.64 -7.66 1.93 22.48 2.75 45.876399 12.305923 0
5.55 -7.93 1.99 22.5 2.75 45.876399 12.305923 0
5.95 -8.26 1.81 22.19 2.75 45.876399 12.305923 0
5.92 -7.47 1.65 23.02 2.75 45.876399 12.305923 0
6.28 -7.77 1.87 22.81 2.75 45.876399 12.305923 0
6.09 -7.45 1.84 22.4 2.75 45.876399 12.305923 0
6.19 -7.58 1.73 22.74 2.75 45.876399 12.305923 0
6.23 -7.78 1.89 23.07 2.75 45.876399 12.305923 0
6.1 -7.65 1.75 25.69 2.75 45.876399 12.305923 0
6.36 -7.55 1.47 22.71 2.75 45.876399 12.305923 0
6.12 -7.72 2.02 23.12 2.75 45.876399 12.305923 0
6.12 -7.52 1.73 22.93 2.75 45.876399 12.305923 0
6.06 -7.67 1.81 24.18 2.75 45.876399 12.305923 0
5.81 -8.23 1.69 23.0 2.78 45.876379 12.305902 1
5.47 -8.1 1.62 23.08 2.78 45.876379 12.305902 0
5.54 -8.04 2.04 22.66 2.78 45.876379 12.305902 1
6.09 -7.95 1.82 22.55 2.78 45.876379 12.305902 0
5.76 -7.63 1.99 22.47 2.78 45.876379 12.305902 0
6.14 -7.81 1.99 22.5 2.78 45.876379 12.305902 0
6.05 -8.04 2.01 22.45 2.78 45.876379 12.305902 0
5.97 -7.63 1.72 22.6 2.78 45.876379 12.305902 0
6.14 -7.75 1.6 23.12 2.78 45.876379 12.305902 0
5.97 -7.68 1.88 23.08 2.78 45.876379 12.305902 0
5.93 -7.97 1.92 22.29 2.78 45.876379 12.305902 0
6.02 -7.94 2.15 22.66 2.78 45.876379 12.305902 0
5.95 -7.85 1.83 22.6 2.78 45.876379 12.305902 0
5.72 -7.82 1.68 22.6 2.78 45.876379 12.305902 0
5.45 -7.8 2.25 22.62 2.78 45.876379 12.305902 0
5.8 -7.41 2.07 22.57 2.78 45.876379 12.305902 0
6.36 -7.67 1.98 22.64 3.25 45.876356 12.305879 1
5.94 -7.24 1.89 22.43 3.25 45.876356 12.305879 0
6.37 -7.79 1.93 22.52 3.25 45.876356 12.305879 1
6.34 -7.71 1.79 22.16 3.25 45.876356 12.305879 0
6.11 -7.73 1.96 22.11 3.25 45.876356 12.305879 0
6.11 -7.7 1.88 22.47 3.25 45.876356 12.305879 0
5.88 -7.97 1.92 22.57 3.25 45.876356 12.305879 0
6.16 -7.4 1.51 23.0 3.25 45.876356 12.305879 0
6.18 -7.49 1.64 22.55 3.25 45.876356 12.305879 0
5.76 -7.82 1.89 22.71 3.25 45.876356 12.305879 0
5.59 -7.99 1.96 22.72 3.25 45.876356 12.305879 0
5.85 -7.81 1.72 22.88 3.25 45.876356 12.305879 0
6.1 -7.88 1.77 26.5 3.25 45.876356 12.305879 0
6.06 -7.84 1.82 23.12 3.25 45.876356 12.305879 0
6.06 -7.92 2.26 22.57 3.25 45.876356 12.305879 0
6.46 -8.13 2.21 23.14 3.25 45.876356 12.305879 0
5.63 -7.25 2.28 23.43 3.25 45.876356 12.305879 0
5.95 -7.58 2.38 22.55 2.93 45.876335 12.305855 1
6.42 -7.7 1.78 22.88 2.93 45.876335 12.305855 0
6.2 -8.12 1.95 22.54 2.93 45.876335 12.305855 1
5.65 -7.44 1.68 22.64 2.93 45.876335 12.305855 0
5.56 -8.08 1.99 23.15 2.93 45.876335 12.305855 0
5.53 -8.18 2.16 22.55 2.93 45.876335 12.305855 0
5.45 -8.14 2.16 22.81 2.93 45.876335 12.305855 0
5.91 -8.1 1.53 22.55 2.93 45.876335 12.305855 0
5.83 -7.5 1.61 22.62 2.93 45.876335 12.305855 0
6.25 -7.5 1.63 22.66 2.93 45.876335 12.305855 0
6.36 -7.64 1.94 22.6 2.93 45.876335 12.305855 0
5.89 -7.64 1.89 23.41 2.93 45.876335 12.305855 0
5.72 -7.47 2.47 22.66 2.93 45.876335 12.305855 0
5.88 -7.35 1.83 22.69 2.93 45.876335 12.305855 0
6.27 -7.59 2.0 22.69 2.93 45.876335 12.305855 0
5.92 -7.42 1.99 22.71 2.93 45.876335 12.305855 0
5.88 -8.04 2.31 23.05 2.93 45.876335 12.305855 0
5.97 -7.86 1.97 23.02 3.14 45.876313 12.305831 1
5.68 -8.03 1.83 23.05 3.14 45.876313 12.305831 0
6.07 -8.08 1.95 23.15 3.14 45.876313 12.305831 1
5.84 -7.75 1.92 23.08 3.14 45.876313 12.305831 0
6.03 -7.78 1.58 22.64 3.14 45.876313 12.305831 0
6.1 -7.85 1.65 22.5 3.14 45.876313 12.305831 0
6.24 -7.93 1.86 22.9 3.14 45.876313 12.305831 0
5.96 -7.37 1.71 22.47 3.14 45.876313 12.305831 0
6.11 -7.72 1.7 22.66 3.14 45.876313 12.305831 0
6.04 -7.86 1.91 22.76 3.14 45.876313 12.305831 0
6.09 -7.7 1.95 22.74 3.14 45.876313 12.305831 0
5.86 -7.79 2.04 22.72 3.14 45.876313 12.305831 0
5.65 -8.06 1.58 23.12 3.14 45.876313 12.305831 0
5.72 -7.96 1.68 22.24 3.14 45.876313 12.305831 0
5.9 -7.97 1.72 23.56 3.14 45.876313 12.305831 0
6.09 -7.85 1.84 22.71 3.14 45.876313 12.305831 0
5.9 -7.65 1.62 22.45 3.14 45.876313 12.305831 0
6.34 -7.4 1.89 22.54 3.15 45.876290 12.305806 1
6.4 -7.81 1.62 22.47 3.15 45.876290 12.305806 0
6.27 -7.57 2.16 22.55 3.15 45.876290 12.305806 1
6.02 -7.49 2.09 22.52 3.15 45.876290 12.305806 0
5.94 -7.58 1.88 22.62 3.15 45.876290 12.305806 0
5.86 -7.66 2.0 22.55 3.15 45.876290 12.305806 0
5.81 -7.97 1.56 22.81 3.15 45.876290 12.305806 0
5.63 -8.42 1.44 22.02 3.15 45.876290 12.305806 0
5.54 -7.98 2.25 22.67 3.15 45.876290 12.305806 0
5.88 -7.65 2.05 22.71 3.15 45.876290 12.305806 0
6.24 -7.65 1.71 22.29 3.15 45.876290 12.305806 0
6.21 -7.66 1.83 22.76 3.15 45.876290 12.305806 0
6.24 -7.3 1.85 22.76 3.15 45.876290 12.305806 0
6.15 -7.42 1.83 23.03 3.15 45.876290 12.305806 0
6.1 -7.69 1.94 22.23 3.15 45.876290 12.305806 0
6.1 -8.14 2.06 22.55 3.15 45.876290 12.305806 0
6.03 -7.75 2.06 22.64 3.15 45.876290 12.305806 0
5.76 -7.9 1.65 23.02 3.33 45.876265 12.305782 1
5.83 -8.1 1.92 22.69 3.33 45.876265 12.305782 0
5.2 -7.88 2.03 22.64 3.33 45.876265 12.305782 1
5.63 -7.79 1.71 22.59 3.33 45.876265 12.305782 0
5.68 -7.92 1.43 22.09 3.33 45.876265 12.305782 0
6.31 -8.01 1.78 22.4 3.33 45.876265 12.305782 0
6.16 -7.78 2.05 22.43 3.33 45.876265 12.305782 0
6.02 -7.0 1.73 22.69 3.33 45.876265 12.305782 0
6.25 -6.86 1.31 22.74 3.33 45.876265 12.305782 0
6.03 -7.7 1.34 22.6 3.33 45.876265 12.305782 0
6.28 -7.91 1.77 22.78 3.33 45.876265 12.305782 0
6.14 -7.85 2.45 22.52 3.33 45.876265 12.305782 0
5.7 -8.24 2.33 23.2 3.33 45.876265 12.305782 0
5.7 -7.51 2.02 23.05 3.33 45.876265 12.305782 0
5.46 -7.74 1.68 23.32 3.33 45.876265 12.305782 0
6.19 -8.29 1.51 22.48 3.33 45.876265 12.305782 0
6.29 -8.31 2.01 22.78 3.32 45.876239 12.305757 1
6.19 -7.75 1.49 22.95 3.32 45.876239 12.305757 0
5.74 -7.43 1.64 22.24 3.32 45.876239 12.305757 1
5.8 -7.13 2.03 22.52 3.32 45.876239 12.305757 0
6.21 -7.52 1.51 23.0 3.32 45.876239 12.305757 0
6.34 -8.22 1.61 22.62 3.32 45.876239 12.305757 0
5.56 -7.77 2.0 22.29 3.32 45.876239 12.305757 0
5.96 -8.12 1.95 23.55 3.32 45.876239 12.305757 0
5.74 -7.49 2.26 22.81 3.32 45.876239 12.305757 0
5.52 -8.19 2.29 23.46 3.32 45.876239 12.305757 0
6.41 -8.15 1.09 22.59 3.32 45.876239 12.305757 0
6.12 -7.2 2.04 23.26 3.32 45.876239 12.305757 0
6.14 -9.32 1.89 23.12 3.32 45.876239 12.305757 0
6.45 -7.71 1.46 23.24 3.32 45.876239 12.305757 0
5.77 -6.8 1.72 23.2 3.32 45.876239 12.305757 0
6.26 -8.14 1.41 23.67 3.32 45.876239 12.305757 0
5.3 -7.13 1.44 23.5 3.32 45.876239 12.305757 0
5.45 -8.55 2.42 21.95 3.57 45.876212 12.305733 1
5.12 -8.13 1.97 22.04 3.57 45.876212 12.305733 0
6.54 -7.98 1.88 23.17 3.57 45.876212 12.305733 1
5.92 -7.59 1.6 23.46 3.57 45.876212 12.305733 0
5.57 -7.14 1.76 23.36 3.57 45.876212 12.305733 0
7.25 -9.36 1.07 23.63 3.57 45.876212 12.305733 0
5.54 -6.28 1.4 23.14 3.57 45.876212 12.305733 0
6.89 -9.3 1.54 23.36 3.57 45.876212 12.305733 0
6.98 -7.41 2.16 25.66 3.57 45.876212 12.305733 0
5.98 -7.12 1.84 27.53 3.57 45.876212 12.305733 0
6.58 -9.51 1.65 23.08 3.57 45.876212 12.305733 0
4.92 -5.76 1.97 22.93 3.57 45.876212 12.305733 0
5.57 -7.89 2.83 22.35 3.57 45.876212 12.305733 0
5.48 -8.12 2.34 22.45 3.57 45.876212 12.305733 0
6.23 -7.97 1.45 22.91 3.57 45.876212 12.305733 0
5.1 -7.66 1.75 23.15 3.57 45.876212 12.305733 0
5.51 -7.75 1.99 22.71 3.57 45.876212 12.305733 0
5.94 -7.75 2.25 22.43 3.07 45.876188 12.305712 1
6.27 -7.67 1.79 25.04 3.07 45.876188 12.305712 0
6.39 -7.47 1.8 23.31 3.07 45.876188 12.305712 1
5.93 -7.68 1.94 22.74 3.07 45.876188 12.305712 0
5.76 -7.54 2.32 22.91 3.07 45.876188 12.305712 0
5.95 -7.41 2.07 23.12 3.07 45.876188 12.305712 0
6.26 -7.74 1.64 22.86 3.07 45.876188 12.305712 0
5.92 -8.27 1.61 22.64 3.07 45.876188 12.305712 0
5.86 -7.74 1.85 22.67 3.07 45.876188 12.305712 0
5.65 -8.35 1.89 22.79 3.07 45.876188 12.305712 0
5.73 -8.22 2.19 23.31 3.07 45.876188 12.305712 0
5.96 -7.82 1.5 22.45 3.07 45.876188 12.305712 0
5.76 -7.53 1.81 23.03 3.07 45.876188 12.305712 0
5.98 -7.9 1.85 22.38 3.07 45.876188 12.305712 0
6.03 -7.85 1.89 22.76 3.07 45.876188 12.305712 0
6.06 -7.79 1.89 22.4 3.07 45.876188 12.305712 0
5.93 -7.25 2.04 22.35 3.07 45.876188 12.305712 0
5.7 -7.53 2.01 23.12 3.17 45.876163 12.305692 1
5.75 -7.77 2.07 22.54 3.17 45.876163 12.305692 0
5.61 -8.37 2.0 23.1 3.17 45.876163 12.305692 1
5.93 -7.77 1.81 24.75 3.17 45.876163 12.305692 0
5.46 -8.01 2.06 24.8 3.17 45.876163 12.305692 0
5.99 -7.42 1.93 23.41 3.17 45.876163 12.305692 0
6.18 -7.8 1.9 22.57 3.17 45.876163 12.305692 0
6.12 -7.59 1.95 22.45 3.17 45.876163 12.305692 0
5.79 -7.3 1.94 24.08 3.17 45.876163 12.305692 0
5.89 -7.5 2.08 22.81 3.17 45.876163 12.305692 0
5.78 -7.62 2.24 22.42 3.17 45.876163 12.305692 0
6.42 -7.79 1.15 23.14 3.17 45.876163 12.305692 0
6.43 -7.77 1.65 22.78 3.17 45.876163 12.305692 0
6.01 -7.87 1.77 23.2 3.17 45.876163 12.305692 0
5.64 -7.52 1.66 22.84 3.17 45.876163 12.305692 0
5.53 -7.64 1.82 23.1 3.17 45.876163 12.305692 0
5.8 -7.97 1.82 23.41 3.17 45.876163 12.305692 0
6.22 -8.24 1.59 22.93 3.05 45.876139 12.305674 1
6.05 -7.8 2.05 22.93 3.05 45.876139 12.305674 0
6.39 -7.48 1.93 22.57 3.05 45.876139 12.305674 1
6.29 -7.75 2.17 23.41 3.05 45.876139 12.305674 0
6.23 -7.55 2.18 22.96 3.05 45.876139 12.305674 0
6.06 -7.44 2.25 22.59 3.05 45.876139 12.305674 0
6.19 -8.05 2.23 22.95 3.05 45.876139 12.305674 0
5.69 -7.75 1.96 22.04 3.05 45.876139 12.305674 0
5.74 -7.63 1.69 22.71 3.05 45.876139 12.305674 0
5.57 -8.0 2.0 23.51 3.05 45.876139 12.305674 0
5.56 -7.89 1.96 25.76 3.05 45.876139 12.305674 0
5.74 -7.54 1.63 23.19 3.05 45.876139 12.305674 0
5.65 -7.52 1.77 22.81 3.05 45.876139 12.305674 0
6.14 -7.6 1.83 23.26 3.05 45.876139 12.305674 0
6.5 -7.62 1.79 23.05 3.05 45.876139 12.305674 0
6.13 -7.82 1.84 22.96 3.05 45.876139 12.305674 0
5.88 -8.29 2.05 22.14 3.49 45.876111 12.305654 1
6.03 -7.14 2.27 23.03 3.49 45.876111 12.305654 0
6.74 -7.58 1.43 22.14 3.49 45.876111 12.305654 1
5.9 -7.72 1.5 22.52 3.49 45.876111 12.305654 0
5.57 -8.14 1.86 22.62 3.49 45.876111 12.305654 0
5.5 -7.93 2.14 22.66 3.49 45.876111 12.305654 0
6.08 -7.93 1.66 22.55 3.49 45.876111 12.305654 0
5.93 -7.9 1.88 22.67 3.49 45.876111 12.305654 0
6.06 -7.66 2.14 22.71 3.49 45.876111 12.305654 0
6.03 -7.43 2.16 22.83 3.49 45.876111 12.305654 0
5.97 -7.55 1.94 22.76 3.49 45.876111 12.305654 0
5.97 -7.85 2.32 22.71 3.49 45.876111 12.305654 0
6.12 -7.87 1.87 22.29 3.49 45.876111 12.305654 0
6.11 -7.8 1.97 23.58 3.49 45.876111 12.305654 0
5.96 -7.99 1.99 22.81 3.49 45.876111 12.305654 0
5.67 -7.78 2.03 22.71 3.49 45.876111 12.305654 0
5.49 -7.96 2.05 22.59 3.49 45.876111 12.305654 0
5.83 -8.1 2.0 22.55 3.56 45.876082 12.305630 1
5.9 -7.64 1.77 22.29 3.56 45.876082 12.305630 0
6.2 -7.52 1.86 22.69 3.56 45.876082 12.305630 1
6.01 -7.45 2.19 22.26 3.56 45.876082 12.305630 0
6.22 -7.56 2.41 22.24 3.56 45.876082 12.305630 0
6.08 -7.7 2.15 22.52 3.56 45.876082 12.305630 0
6.13 -7.84 1.95 22.66 3.56 45.876082 12.305630 0
6.17 -7.5 1.48 22.62 3.56 45.876082 12.305630 0
6.01 -7.89 1.48 22.69 3.56 45.876082 12.305630 0
5.9 -8.07 1.51 22.64 3.56 45.876082 12.305630 0
5.89 -8.11 1.64 23.12 3.56 45.876082 12.305630 0
6.12 -7.55 1.88 22.71 3.56 45.876082 12.305630 0
5.89 -7.59 1.78 22.35 3.56 45.876082 12.305630 0
5.84 -7.46 2.21 23.17 3.56 45.876082 12.305630 0
6.26 -7.61 2.01 22.69 3.56 45.876082 12.305630 0
6.4 -7.73 2.11 22.19 3.56 45.876082 12.305630 0
6.13 -7.9 2.17 23.29 3.56 45.876082 12.305630 0
6.09 -7.44 2.43 22.47 3.56 45.876056 12.305601 1
5.98 -7.76 2.37 22.57 3.56 45.876056 12.305601 0
5.62 -7.92 2.23 22.52 3.56 45.876056 12.305601 1
5.92 -8.18 1.84 22.21 3.56 45.876056 12.305601 0
6.01 -8.31 1.64 22.62 3.56 45.876056 12.305601 0
5.98 -7.54 1.87 22.71 3.56 45.876056 12.305601 0
6.01 -7.83 1.78 22.62 3.56 45.876056 12.305601 0
6.14 -7.7 1.97 22.48 3.56 45.876056 12.305601 0
6.77 -7.08 2.1 22.72 3.56 45.876056 12.305601 0
7.06 -6.92 2.39 22.71 3.56 45.876056 12.305601 0
6.54 -7.37 2.13 22.66 3.56 45.876056 12.305601 0
5.88 -8.07 2.25 22.64 3.56 45.876056 12.305601 0
5.82 -7.96 1.5 22.57 3.56 45.876056 12.305601 0
5.53 -8.23 1.58 22.26 3.56 45.876056 12.305601 0
5.94 -7.84 1.57 22.66 3.56 45.876056 12.305601 0
6.49 -7.5 1.47 22.24 3.56 45.876056 12.305601 0
6.17 -7.45 1.94 22.86 3.56 45.876056 12.305601 0
6.14 -8.06 1.95 22.62 3.34 45.876033 12.305573 1
5.89 -7.15 1.91 22.14 3.34 45.876033 12.305573 0
6.19 -7.27 2.02 22.57 3.34 45.876033 12.305573 1
6.31 -7.54 2.26 22.23 3.34 45.876033 12.305573 0
6.62 -7.77 2.17 22.57 3.34 45.876033 12.305573 0
5.93 -8.12 2.54 22.64 3.34 45.876033 12.305573 0
5.56 -7.73 2.26 22.66 3.34 45.876033 12.305573 0
5.7 -8.11 2.29 23.07 3.34 45.876033 12.305573 0
5.94 -8.07 1.92 22.67 3.34 45.876033 12.305573 0
5.87 -8.17 1.52 22.81 3.34 45.876033 12.305573 0
6.15 -7.59 1.39 23.27 3.34 45.876033 12.305573 0
6.43 -7.18 1.46 22.86 3.34 45.876033 12.305573 0
6.84 -7.59 1.64 22.72 3.34 45.876033 12.305573 0
6.66 -7.35 1.86 22.66 3.34 45.876033 12.305573 0
6.19 -8.02 2.01 23.07 3.34 45.876033 12.305573 0
6.01 -7.5 1.47 22.71 3.34 45.876033 12.305573 0
6.31 -8.39 2.03 22.6 3.34 45.876033 12.305573 0
4.6 -7.57 1.81 23.43 3.52 45.876009 12.305543 1
5.62 -8.73 1.37 23.43 3.52 45.876009 12.305543 0
5.69 -7.27 2.03 22.35 3.52 45.876009 12.305543 1
5.88 -7.84 2.08 22.0 3.52 45.876009 12.305543 0
5.19 -7.27 1.52 22.42 3.52 45.876009 12.305543 0
6.07 -7.12 1.92 21.64 3.52 45.876009 12.305543 0
8.46 -8.58 2.5 20.94 3.52 45.876009 12.305543 0
6.81 -8.2 2.55 22.36 3.52 45.876009 12.305543 0
5.63 -6.41 2.04 24.37 3.52 45.876009 12.305543 0
5.66 -9.32 2.03 25.19 3.52 45.876009 12.305543 0
5.4 -6.69 1.74 25.06 3.52 45.876009 12.305543 0
4.17 -8.86 1.63 23.51 3.52 45.876009 12.305543 0
5.51 -8.72 1.61 21.3 3.52 45.876009 12.305543 0
3.35 -8.35 1.5 19.47 3.52 45.876009 12.305543 0
12.15 -14.24 3.08 19.83 3.52 45.876009 12.305543 0
6.44 -10.39 3.04 20.51 3.52 45.876009 12.305543 0
7.75 -3.3 1.69 25.54 3.65 45.875983 12.305511 1
3.65 -4.96 2.18 26.27 3.65 45.875983 12.305511 0
0.54 4.87 1.53 24.42 3.65 45.875983 12.305511 1
4.82 -10.31 1.73 24.11 3.65 45.875983 12.305511 0
5.08 -11.18 4.79 24.54 3.65 45.875983 12.305511 0
5.43 -10.57 0.67 22.35 3.65 45.875983 12.305511 0
5.23 -7.16 1.06 23.58 3.65 45.875983 12.305511 0
6.01 -8.22 0.34 22.04 3.65 45.875983 12.305511 0
6.92 -7.41 0.43 23.02 3.65 45.875983 12.305511 0
6.77 -8.12 1.73 22.67 3.65 45.875983 12.305511 0
5.74 -6.94 1.97 23.08 3.65 45.875983 12.305511 0
5.78 -7.39 1.35 22.86 3.65 45.875983 12.305511 0
6.24 -8.16 2.04 22.16 3.65 45.875983 12.305511 0
4.28 -8.93 2.6 22.93 3.65 45.875983 12.305511 0
5.54 -7.75 0.72 22.72 3.65 45.875983 12.305511 0
5.84 -8.4 2.64 21.95 3.65 45.875983 12.305511 0
3.3 -4.78 2.56 22.93 3.65 45.875983 12.305511 0
6.25 -7.52 2.27 22.12 3.81 45.875957 12.305480 1
6.53 -7.61 1.74 26.43 3.81 45.875957 12.305480 0
6.36 -8.04 1.24 22.4 3.81 45.875957 12.305480 1
6.1 -7.72 1.43 22.23 3.81 45.875957 12.305480 0
6.44 -9.03 1.27 22.0 3.81 45.875957 12.305480 0
6.34 -8.5 1.81 22.45 3.81 45.875957 12.305480 0
5.72 -7.83 1.25 22.36 3.81 45.875957 12.305480 0
5.29 -6.88 2.11 23.48 3.81 45.875957 12.305480 0
5.8 -7.52 1.13 23.43 3.81 45.875957 12.305480 0
5.16 -8.61 2.25 23.14 3.81 45.875957 12.305480 0
6.37 -8.74 1.73 22.84 3.81 45.875957 12.305480 0
5.97 -9.0 2.13 22.95 3.81 45.875957 12.305480 0
5.0 -7.09 1.73 22.72 3.81 45.875957 12.305480 0
5.93 -8.07 1.52 24.04 3.81 45.875957 12.305480 0
5.88 -7.87 2.42 26.69 3.81 45.875957 12.305480 0
5.84 -7.25 2.08 22.28 3.81 45.875957 12.305480 0
6.25 -9.4 2.28 22.36 3.81 45.875957 12.305480 0
5.53 -8.41 2.24 22.78 3.45 45.875933 12.305449 1
5.92 -7.8 2.17 23.24 3.45 45.875933 12.305449 0
4.84 -6.82 2.08 23.31 3.45 45.875933 12.305449 1
5.5 -6.98 2.11 22.52 3.45 45.875933 12.305449 0
5.71 -8.03 1.92 23.07 3.45 45.875933 12.305449 0
5.65 -8.38 1.76 22.48 3.45 45.875933 12.305449 0
5.91 -7.54 1.76 23.19 3.45 45.875933 12.305449 0
6.25 -8.68 1.66 22.4 3.45 45.875933 12.305449 0
6.17 -8.83 1.95 22.88 3.45 45.875933 12.305449 0
5.31 -6.56 1.71 22.83 3.45 45.875933 12.305449 0
5.78 -8.43 2.0 23.07 3.45 45.875933 12.305449 0
6.05 -8.16 2.31 22.26 3.45 45.875933 12.305449 0
6.18 -7.48 1.74 23.43 3.45 45.875933 12.305449 0
