5.88 -7.68 1.29 22.35 2.96 45.876469 12.305972 0
6.26 -7.72 1.47 22.52 2.96 45.876469 12.305972 0
5.74 -7.47 1.66 22.57 2.96 45.876469 12.305972 0
5.7 -8.09 1.59 22.64 2.96 45.876469 12.305972 0
5.55 -8.05 1.45 23.1 2.96 45.876469 12.305972 0
6.05 -7.45 1.56 22.57 2.96 45.876469 12.305972 0
5.94 -7.39 1.99 22.57 2.96 45.876469 12.305972 0
6.27 -8.32 1.53 22.67 2.96 45.876469 12.305972 0
6.27 -7.31 2.25 22.21 2.96 45.876469 12.305972 0
7.01 -6.85 1.77 22.54 3.04 45.876448 12.305948 1
6.79 -7.2 2.03 22.17 3.04 45.876448 12.305948 0
6.35 -7.56 2.06 22.62 3.04 45.876448 12.305948 1
6.1 -7.57 2.06 22.4 3.04 45.876448 12.305948 0
6.01 -7.66 2.07 22.45 3.04 45.876448 12.305948 0
6.08 -7.91 2.14 22.57 3.04 45.876448 12.305948 0
5.84 -7.9 2.0 22.59 3.04 45.876448 12.305948 0
5.98 -7.77 2.08 22.07 3.04 45.876448 12.305948 0
5.82 -7.69 2.22 22.59 3.04 45.876448 12.305948 0
5.6 -8.07 2.07 22.57 3.04 45.876448 12.305948 0
6.0 -7.88 1.89 22.17 3.04 45.876448 12.305948 0
6.47 -7.39 1.87 22.62 3.04 45.876448 12.305948 0
6.25 -7.1 1.91 23.46 3.04 45.876448 12.305948 0
5.79 -7.55 1.96 22.62 3.04 45.876448 12.305948 0
5.82 -7.94 1.84 22.55 3.04 45.876448 12.305948 0
6.34 -7.56 1.92 22.5 3.04 45.876448 12.305948 0
6.36 -7.69 1.49 22.45 3.04 45.876448 12.305948 0
5.98 -7.95 1.42 22.48 2.61 45.876431 12.305926 1
5.82 -7.95 1.67 22.5 2.61 45.876431 12.305926 0
5.62 -7.71 2.06 22.45 2.61 45.876431 12.305926 1
5.88 -8.15 2.32 21.95 2.61 45.876431 12.305926 0
5.74 -7.98 2.27 22.45 2.61 45.876431 12.305926 0
6.03 -7.75 2.2 22.38 2.61 45.876431 12.305926 0
5.76 -7.55 2.2 22.45 2.61 45.876431 12.305926 0
6.45 -7.89 2.23 22.88 2.61 45.876431 12.305926 0
6.05 -8.09 2.18 23.08 2.61 45.876431 12.305926 0
5.9 -7.79 2.2 22.74 2.61 45.876431 12.305926 0
5.9 -7.54 2.09 22.67 2.61 45.876431 12.305926 0
6.18 -7.71 2.26 22.67 2.61 45.876431 12.305926 0
5.89 -8.38 1.8 22.24 2.61 45.876431 12.305926 0
5.67 -7.84 1.71 22.29 2.61 45.876431 12.305926 0
5.74 -7.35 1.69 22.67 2.61 45.876431 12.305926 0
6.22 -8.0 1.86 23.02 2.61 45.876431 12.305926 0
6.38 -7.83 1.65 22.42 2.61 45.876431 12.305926 0
6.19 -7.48 2.3 22.6 3.49 45.876405 12.305905 1
6.13 -7.47 1.69 22.16 3.49 45.876405 12.305905 0
6.01 -7.86 1.97 22.83 3.49 45.876405 12.305905 1
5.97 -8.08 1.73 22.35 3.49 45.876405 12.305905 0
6.3 -7.54 1.74 22.19 3.49 45.876405 12.305905 0
6.17 -7.48 1.81 23.39 3.49 45.876405 12.305905 0
5.75 -7.73 1.71 23.02 3.49 45.876405 12.305905 0
6.09 -7.81 1.6 22.54 3.49 45.876405 12.305905 0
5.86 -7.81 2.17 22.67 3.49 45.876405 12.305905 0
5.8 -8.09 2.03 23.22 3.49 45.876405 12.305905 0
5.82 -7.75 2.06 22.74 3.49 45.876405 12.305905 0
6.01 -7.24 1.89 23.98 3.49 45.876405 12.305905 0
5.75 -7.59 2.05 23.08 3.49 45.876405 12.305905 0
6.25 -8.15 2.15 23.12 3.49 45.876405 12.305905 0
6.37 -7.64 1.93 23.51 3.49 45.876405 12.305905 0
5.88 -7.73 1.97 23.48 3.49 45.876405 12.305905 0
5.92 -7.64 1.9 22.62 3.49 45.876405 12.305905 0
5.92 -7.69 1.9 22.64 3.54 45.876379 12.305880 1
5.98 -8.27 1.95 22.64 3.54 45.876379 12.305880 0
6.18 -8.17 1.78 22.96 3.54 45.876379 12.305880 1
5.52 -7.71 1.9 22.57 3.54 45.876379 12.305880 0
5.99 -7.93 1.84 22.86 3.54 45.876379 12.305880 0
5.91 -7.24 1.99 22.48 3.54 45.876379 12.305880 0
6.08 -7.57 1.61 22.69 3.54 45.876379 12.305880 0
6.14 -8.25 1.77 22.64 3.54 45.876379 12.305880 0
5.78 -7.72 1.95 22.74 3.54 45.876379 12.305880 0
6.15 -7.97 1.58 22.31 3.54 45.876379 12.305880 0
6.07 -8.19 1.8 22.59 3.54 45.876379 12.305880 0
5.69 -7.7 1.7 24.01 3.54 45.876379 12.305880 0
5.61 -7.78 1.8 22.78 3.54 45.876379 12.305880 0
5.91 -7.73 1.94 23.12 3.54 45.876379 12.305880 0
6.0 -8.09 2.18 22.72 3.54 45.876379 12.305880 0
5.7 -7.49 1.87 23.03 3.54 45.876379 12.305880 0
5.95 -7.72 1.96 22.57 3.27 45.876354 12.305858 1
6.34 -7.45 1.96 22.54 3.27 45.876354 12.305858 0
5.95 -7.59 1.72 23.31 3.27 45.876354 12.305858 1
6.15 -7.85 1.65 22.21 3.27 45.876354 12.305858 0
6.18 -7.95 2.04 22.59 3.27 45.876354 12.305858 0
5.77 -7.52 1.54 22.57 3.27 45.876354 12.305858 0
5.67 -7.79 1.67 22.09 3.27 45.876354 12.305858 0
5.93 -8.09 1.82 22.55 3.27 45.876354 12.305858 0
6.03 -7.66 1.68 22.55 3.27 45.876354 12.305858 0
6.01 -8.11 1.87 22.81 3.27 45.876354 12.305858 0
5.88 -7.31 1.61 22.72 3.27 45.876354 12.305858 0
6.2 -7.91 1.66 23.14 3.27 45.876354 12.305858 0
6.03 -8.03 1.82 22.64 3.27 45.876354 12.305858 0
6.0 -7.93 1.73 22.64 3.27 45.876354 12.305858 0
5.49 -7.39 1.58 22.69 3.27 45.876354 12.305858 0
5.87 -7.94 1.64 23.05 3.27 45.876354 12.305858 0
5.71 -7.79 1.75 22.52 3.27 45.876354 12.305858 0
5.82 -7.78 1.73 22.6 3.17 45.876327 12.305842 1
6.09 -8.37 2.08 22.45 3.17 45.876327 12.305842 0
5.79 -7.24 2.38 22.98 3.17 45.876327 12.305842 1
5.98 -7.78 1.88 22.59 3.17 45.876327 12.305842 0
6.16 -8.06 1.95 22.42 3.17 45.876327 12.305842 0
6.05 -7.64 2.18 22.54 3.17 45.876327 12.305842 0
5.82 -7.65 2.16 22.62 3.17 45.876327 12.305842 0
5.94 -7.53 2.23 22.17 3.17 45.876327 12.305842 0
5.99 -7.93 2.39 22.67 3.17 45.876327 12.305842 0
5.78 -7.93 1.87 22.76 3.17 45.876327 12.305842 0
5.44 -7.94 1.84 23.7 3.17 45.876327 12.305842 0
5.71 -7.77 1.8 22.78 3.17 45.876327 12.305842 0
5.75 -7.74 1.83 22.67 3.17 45.876327 12.305842 0
6.14 -7.86 1.72 22.59 3.17 45.876327 12.305842 0
6.16 -7.84 1.78 22.69 3.17 45.876327 12.305842 0
6.1 -7.52 1.89 22.26 3.17 45.876327 12.305842 0
5.92 -7.66 1.92 22.96 3.17 45.876327 12.305842 0
6.14 -7.83 1.41 22.14 3.6 45.876303 12.305812 1
5.62 -7.83 2.08 22.09 3.6 45.876303 12.305812 0
5.42 -7.71 1.87 23.08 3.6 45.876303 12.305812 1
5.74 -8.11 1.98 22.62 3.6 45.876303 12.305812 0
6.16 -8.13 1.9 22.47 3.6 45.876303 12.305812 0
6.24 -7.95 2.11 22.11 3.6 45.876303 12.305812 0
6.29 -7.66 1.92 22.26 3.6 45.876303 12.305812 0
6.15 -7.68 1.85 22.62 3.6 45.876303 12.305812 0
6.17 -7.83 2.47 22.28 3.6 45.876303 12.305812 0
6.21 -8.05 1.93 23.51 3.6 45.876303 12.305812 0
5.96 -8.06 2.11 22.69 3.6 45.876303 12.305812 0
5.44 -7.66 2.02 22.72 3.6 45.876303 12.305812 0
5.49 -8.01 1.95 22.26 3.6 45.876303 12.305812 0
5.6 -8.26 2.14 22.67 3.6 45.876303 12.305812 0
5.98 -8.17 2.07 22.64 3.6 45.876303 12.305812 0
6.1 -7.56 1.62 22.59 3.6 45.876303 12.305812 0
6.03 -7.82 1.95 22.54 3.6 45.876303 12.305812 0
5.97 -7.78 2.04 22.45 3.76 45.876276 12.305782 1
6.34 -7.59 1.84 22.52 3.76 45.876276 12.305782 0
6.27 -8.09 1.7 22.0 3.76 45.876276 12.305782 1
5.75 -7.49 1.94 22.4 3.76 45.876276 12.305782 0
5.82 -7.7 2.1 22.57 3.76 45.876276 12.305782 0
5.75 -7.79 1.82 23.02 3.76 45.876276 12.305782 0
5.45 -7.95 1.82 22.96 3.76 45.876276 12.305782 0
5.76 -7.82 1.82 22.96 3.76 45.876276 12.305782 0
6.19 -7.6 1.61 22.67 3.76 45.876276 12.305782 0
5.86 -7.98 1.91 24.75 3.76 45.876276 12.305782 0
5.8 -7.43 2.17 22.69 3.76 45.876276 12.305782 0
5.96 -7.84 1.82 22.69 3.76 45.876276 12.305782 0
6.11 -7.8 2.1 22.52 3.76 45.876276 12.305782 0
5.91 -7.77 1.94 22.57 3.76 45.876276 12.305782 0
5.8 -7.97 1.91 22.78 3.76 45.876276 12.305782 0
5.7 -7.38 1.88 22.84 3.76 45.876276 12.305782 0
5.57 -7.77 2.04 22.71 3.76 45.876276 12.305782 0
5.91 -8.04 1.92 23.44 3.84 45.876245 12.305756 1
5.78 -7.93 1.73 28.26 3.84 45.876245 12.305756 0
5.79 -8.44 1.89 23.89 3.84 45.876245 12.305756 1
5.92 -7.17 1.49 22.62 3.84 45.876245 12.305756 0
6.13 -7.99 1.72 22.07 3.84 45.876245 12.305756 0
6.36 -7.9 1.84 22.31 3.84 45.876245 12.305756 0
6.18 -8.04 1.89 22.45 3.84 45.876245 12.305756 0
6.07 -7.95 1.64 23.89 3.84 45.876245 12.305756 0
5.51 -7.71 2.04 22.47 3.84 45.876245 12.305756 0
5.49 -8.38 1.72 23.27 3.84 45.876245 12.305756 0
6.0 -7.5 1.93 23.14 3.84 45.876245 12.305756 0
6.0 -7.98 1.86 22.83 3.84 45.876245 12.305756 0
5.91 -7.68 1.95 22.74 3.84 45.876245 12.305756 0
5.54 -7.33 1.79 22.69 3.84 45.876245 12.305756 0
6.37 -7.64 1.92 22.57 3.84 45.876245 12.305756 0
6.47 -8.0 2.6 22.17 3.84 45.876245 12.305756 0
6.03 -8.39 2.18 22.29 3.79 45.876213 12.305733 1
5.6 -8.01 1.59 22.66 3.79 45.876213 12.305733 0
5.6 -8.08 2.26 22.38 3.79 45.876213 12.305733 1
5.7 -7.45 2.3 23.63 3.79 45.876213 12.305733 0
5.82 -7.69 1.78 24.03 3.79 45.876213 12.305733 0
5.22 -7.98 1.86 23.08 3.79 45.876213 12.305733 0
7.1 -9.9 2.03 22.67 3.79 45.876213 12.305733 0
6.86 -8.29 1.6 23.15 3.79 45.876213 12.305733 0
7.0 -8.95 1.88 22.88 3.79 45.876213 12.305733 0
6.4 -7.8 1.84 22.54 3.79 45.876213 12.305733 0
5.49 -4.93 1.65 23.48 3.79 45.876213 12.305733 0
5.01 -8.6 1.04 22.83 3.79 45.876213 12.305733 0
5.71 -7.65 1.6 22.93 3.79 45.876213 12.305733 0
5.57 -7.26 1.67 22.72 3.79 45.876213 12.305733 0
6.03 -7.52 1.89 22.28 3.79 45.876213 12.305733 0
5.65 -7.23 2.01 25.76 3.79 45.876213 12.305733 0
5.76 -7.96 2.16 22.42 3.79 45.876213 12.305733 0
6.0 -7.56 2.29 22.54 3.87 45.876182 12.305708 1
5.78 -7.3 2.34 23.75 3.87 45.876182 12.305708 0
6.45 -7.69 2.58 22.12 3.87 45.876182 12.305708 1
6.29 -7.95 2.4 23.55 3.87 45.876182 12.305708 0
6.04 -7.82 2.61 23.02 3.87 45.876182 12.305708 0
5.81 -7.58 2.68 22.67 3.87 45.876182 12.305708 0
5.76 -8.38 2.33 23.91 3.87 45.876182 12.305708 0
5.55 -8.13 1.73 22.96 3.87 45.876182 12.305708 0
5.57 -7.64 1.88 22.95 3.87 45.876182 12.305708 0
5.7 -7.54 1.7 22.62 3.87 45.876182 12.305708 0
5.75 -7.33 1.37 22.62 3.87 45.876182 12.305708 0
5.17 -7.3 1.69 22.11 3.87 45.876182 12.305708 0
5.88 -7.51 1.18 24.39 3.87 45.876182 12.305708 0
6.28 -7.94 1.29 22.35 3.87 45.876182 12.305708 0
6.31 -8.4 1.74 22.54 3.87 45.876182 12.305708 0
5.33 -7.14 1.89 23.77 3.87 45.876182 12.305708 0
5.78 -8.48 2.0 23.27 3.87 45.876182 12.305708 0
6.03 -7.59 2.14 22.45 4.02 45.876152 12.305683 1
6.11 -8.16 1.64 23.7 4.02 45.876152 12.305683 0
6.17 -8.37 1.85 23.43 4.02 45.876152 12.305683 1
5.65 -7.48 2.16 22.96 4.02 45.876152 12.305683 0
5.99 -7.68 1.84 23.0 4.02 45.876152 12.305683 0
6.6 -7.74 2.06 23.02 4.02 45.876152 12.305683 0
6.05 -7.52 2.44 22.96 4.02 45.876152 12.305683 0
5.83 -7.98 2.07 23.0 4.02 45.876152 12.305683 0
5.46 -8.31 1.92 31.4 4.02 45.876152 12.305683 0
5.6 -7.99 2.34 22.64 4.02 45.876152 12.305683 0
5.9 -8.1 2.04 22.72 4.02 45.876152 12.305683 0
5.8 -7.55 1.8 22.67 4.02 45.876152 12.305683 0
5.86 -7.95 1.99 23.14 4.02 45.876152 12.305683 0
5.87 -7.13 1.78 22.74 4.02 45.876152 12.305683 0
5.8 -7.66 1.59 22.62 4.02 45.876152 12.305683 0
6.25 -7.89 1.54 22.9 4.02 45.876152 12.305683 0
6.03 -7.75 1.52 22.96 4.02 45.876152 12.305683 0
6.02 -8.07 1.81 22.47 3.13 45.876126 12.305660 1
6.0 -7.84 1.48 22.66 3.13 45.876126 12.305660 0
5.58 -7.77 1.73 22.67 3.13 45.876126 12.305660 1
5.72 -8.03 2.19 22.59 3.13 45.876126 12.305660 0
6.0 -7.47 1.67 22.86 3.13 45.876126 12.305660 0
6.09 -7.68 1.84 22.52 3.13 45.876126 12.305660 0
6.08 -7.8 1.78 22.9 3.13 45.876126 12.305660 0
6.07 -7.65 2.22 22.52 3.13 45.876126 12.305660 0
6.13 -7.48 2.15 23.07 3.13 45.876126 12.305660 0
6.03 -7.78 2.39 22.62 3.13 45.876126 12.305660 0
5.62 -7.98 2.22 22.62 3.13 45.876126 12.305660 0
5.28 -7.95 2.21 23.19 3.13 45.876126 12.305660 0
5.42 -8.18 1.84 22.42 3.13 45.876126 12.305660 0
5.88 -7.42 1.58 22.79 3.13 45.876126 12.305660 0
5.7 -7.75 1.8 22.79 3.13 45.876126 12.305660 0
5.78 -7.25 1.97 22.6 3.13 45.876126 12.305660 0
5.79 -7.21 1.85 22.57 3.13 45.876126 12.305660 0
6.5 -7.64 1.73 22.54 3.49 45.876100 12.305638 1
6.27 -7.5 1.74 22.67 3.49 45.876100 12.305638 0
5.77 -7.54 1.82 23.02 3.49 45.876100 12.305638 1
5.51 -8.2 1.66 22.55 3.49 45.876100 12.305638 0
5.28 -8.19 1.82 23.07 3.49 45.876100 12.305638 0
5.49 -8.05 1.93 22.67 3.49 45.876100 12.305638 0
5.81 -7.72 1.62 22.62 3.49 45.876100 12.305638 0
6.64 -7.75 2.14 23.07 3.49 45.876100 12.305638 0
6.22 -7.52 2.06 22.71 3.49 45.876100 12.305638 0
6.49 -7.86 2.15 22.69 3.49 45.876100 12.305638 0
5.92 -7.77 2.13 22.72 3.49 45.876100 12.305638 0
5.91 -7.75 2.22 22.26 3.49 45.876100 12.305638 0
5.77 -8.04 2.38 22.23 3.49 45.876100 12.305638 0
5.76 -8.18 2.15 22.69 3.49 45.876100 12.305638 0
5.43 -7.97 2.38 22.71 3.49 45.876100 12.305638 0
5.95 -7.81 1.98 22.5 3.49 45.876100 12.305638 0
5.82 -7.38 1.74 22.57 4.07 45.876068 12.305614 1
5.79 -7.87 2.02 22.62 4.07 45.876068 12.305614 0
5.98 -7.28 1.64 22.19 4.07 45.876068 12.305614 1
6.29 -7.47 1.02 22.62 4.07 45.876068 12.305614 0
6.37 -7.55 1.84 22.52 4.07 45.876068 12.305614 0
6.36 -7.34 1.41 22.16 4.07 45.876068 12.305614 0
5.75 -7.79 1.81 22.47 4.07 45.876068 12.305614 0
5.15 -8.11 1.94 22.57 4.07 45.876068 12.305614 0
5.96 -7.96 1.69 22.19 4.07 45.876068 12.305614 0
6.16 -8.02 1.85 22.72 4.07 45.876068 12.305614 0
6.3 -7.91 1.8 23.17 4.07 45.876068 12.305614 0
5.88 -7.18 2.14 22.28 4.07 45.876068 12.305614 0
6.52 -7.81 2.19 23.05 4.07 45.876068 12.305614 0
6.4 -7.73 2.29 22.67 4.07 45.876068 12.305614 0
5.99 -7.96 2.58 22.23 4.07 45.876068 12.305614 0
5.67 -7.93 2.31 22.62 4.07 45.876068 12.305614 0
5.74 -7.92 2.06 22.16 4.07 45.876068 12.305614 0
6.06 -8.22 2.13 22.16 4.36 45.876035 12.305581 1
5.48 -7.99 2.13 22.45 4.36 45.876035 12.305581 0
5.63 -7.76 1.52 22.67 4.36 45.876035 12.305581 1
6.01 -7.99 1.77 22.12 4.36 45.876035 12.305581 0
6.56 -7.55 2.22 22.45 4.36 45.876035 12.305581 0
6.3 -7.2 2.48 22.47 4.36 45.876035 12.305581 0
5.96 -7.92 2.19 22.6 4.36 45.876035 12.305581 0
5.57 -7.85 1.85 22.64 4.36 45.876035 12.305581 0
5.77 -8.01 1.9 22.62 4.36 45.876035 12.305581 0
5.75 -8.0 1.62 22.72 4.36 45.876035 12.305581 0
5.51 -8.11 1.44 22.78 4.36 45.876035 12.305581 0
6.35 -7.79 1.78 23.79 4.36 45.876035 12.305581 0
5.99 -7.4 1.98 22.98 4.36 45.876035 12.305581 0
6.04 -7.74 2.12 23.2 4.36 45.876035 12.305581 0
5.61 -8.28 2.38 23.03 4.36 45.876035 12.305581 0
6.42 -7.96 2.16 22.23 4.36 45.876035 12.305581 0
5.54 -7.16 2.36 23.07 4.36 45.876035 12.305581 0
6.41 -8.85 2.02 23.46 3.8 45.876006 12.305549 1
5.21 -7.11 1.84 22.16 3.8 45.876006 12.305549 0
5.44 -8.39 2.2 22.86 3.8 45.876006 12.305549 1
5.25 -7.21 1.97 22.57 3.8 45.876006 12.305549 0
6.0 -8.51 2.03 22.19 3.8 45.876006 12.305549 0
4.68 -7.83 2.08 21.73 3.8 45.876006 12.305549 0
4.2 -6.09 1.93 21.08 3.8 45.876006 12.305549 0
6.79 -7.58 1.49 21.75 3.8 45.876006 12.305549 0
7.59 -7.51 2.38 23.89 3.8 45.876006 12.305549 0
6.55 -4.85 2.07 24.56 3.8 45.876006 12.305549 0
8.02 -4.63 2.57 26.48 3.8 45.876006 12.305549 0
3.41 -10.83 1.1 23.87 3.8 45.876006 12.305549 0
4.08 -10.81 1.39 22.0 3.8 45.876006 12.305549 0
3.18 -10.72 1.11 19.62 3.8 45.876006 12.305549 0
0.15 -10.49 1.26 19.04 3.8 45.876006 12.305549 0
6.7 -3.88 2.67 22.07 3.8 45.876006 12.305549 0
8.65 -4.42 1.55 23.75 3.8 45.876006 12.305549 0
7.03 -7.65 1.71 26.27 4.28 45.875969 12.305523 1
1.59 0.31 1.29 25.79 4.28 45.875969 12.305523 0
8.58 -12.43 3.46 23.77 4.28 45.875969 12.305523 1
8.37 -12.44 2.12 22.67 4.28 45.875969 12.305523 0
3.56 -11.03 1.64 23.36 4.28 45.875969 12.305523 0
4.47 -8.28 1.68 22.66 4.28 45.875969 12.305523 0
4.48 -7.16 1.08 22.66 4.28 45.875969 12.305523 0
5.79 -6.76 2.54 22.86 4.28 45.875969 12.305523 0
7.23 -8.49 1.51 24.34 4.28 45.875969 12.305523 0
5.84 -7.52 1.26 22.71 4.28 45.875969 12.305523 0
5.22 -7.23 1.27 28.14 4.28 45.875969 12.305523 0
5.89 -7.54 1.55 22.91 4.28 45.875969 12.305523 0
6.1 -7.61 1.66 22.86 4.28 45.875969 12.305523 0
5.53 -8.67 1.79 22.81 4.28 45.875969 12.305523 0
4.8 -8.38 1.68 22.67 4.28 45.875969 12.305523 0
5.57 -7.53 1.69 22.59 4.28 45.875969 12.305523 0
6.67 -8.11 1.51 22.79 4.28 45.875969 12.305523 0
6.16 -8.25 1.23 22.81 3.91 45.875939 12.305494 1
6.65 -7.23 1.75 23.22 3.91 45.875939 12.305494 0
5.45 -8.14 2.76 23.14 3.91 45.875939 12.305494 1
5.73 -7.38 2.59 23.26 3.91 45.875939 12.305494 0
5.73 -8.4 2.14 21.73 3.91 45.875939 12.305494 0
6.38 -9.77 1.41 23.51 3.91 45.875939 12.305494 0
5.23 -6.68 1.98 22.86 3.91 45.875939 12.305494 0
5.22 -7.57 2.12 22.4 3.91 45.875939 12.305494 0
6.09 -6.56 2.1 22.17 3.91 45.875939 12.305494 0
6.57 -8.39 1.65 22.19 3.91 45.875939 12.305494 0
6.58 -7.81 1.58 22.31 3.91 45.875939 12.305494 0
5.43 -7.62 1.69 23.39 3.91 45.875939 12.305494 0
5.81 -7.62 2.12 23.08 3.91 45.875939 12.305494 0
6.67 -6.52 1.43 22.86 3.91 45.875939 12.305494 0
6.55 -8.53 0.97 22.96 3.91 45.875939 12.305494 0
5.86 -8.53 1.94 24.35 3.91 45.875939 12.305494 0
5.37 -8.79 1.71 23.51 3.73 45.875912 12.305463 1
4.96 -6.67 1.76 25.57 3.73 45.875912 12.305463 0
6.96 -8.06 1.4 22.26 3.73 45.875912 12.305463 1
6.44 -8.4 1.95 22.98 3.73 45.875912 12.305463 0
5.22 -7.6 1.5 23.72 3.73 45.875912 12.305463 0
6.62 -8.17 1.81 22.33 3.73 45.875912 12.305463 0
6.61 -7.74 2.9 22.66 3.73 45.875912 12.305463 0
6.05 -8.86 2.39 22.42 3.73 45.875912 12.305463 0
4.99 -7.21 2.06 23.22 3.73 45.875912 12.305463 0
5.52 -8.01 1.47 24.4 3.73 45.875912 12.305463 0
5.41 -8.23 1.77 23.19 3.73 45.875912 12.305463 0
6.16 -7.83 2.26 22.47 3.73 45.875912 12.305463 0
6.41 -9.12 2.73 22.71 3.73 45.875912 12.305463 0
4.99 -6.57 1.94 22.76 3.73 45.875912 12.305463 0
6.08 -8.07 2.06 22.86 3.73 45.875912 12.305463 0
6.03 -8.5 1.11 22.84 3.73 45.875912 12.305463 0
5.88 -8.16 1.44 22.84 3.73 45.875912 12.305463 0
5.64 -7.76 1.9 22.28 3.84 45.875886 12.305429 1
5.43 -8.76 2.49 22.35 3.84 45.875886 12.305429 0
5.71 -7.98 2.5 22.4 3.84 45.875886 12.305429 1
5.67 -7.75 1.51 22.62 3.84 45.875886 12.305429 0
5.46 -7.58 1.71 23.34 3.84 45.875886 12.305429 0
