5.64 -7.98 1.97 22.98 2.16 45.876326 12.305828 0
6.02 -8.02 2.17 22.4 2.16 45.876326 12.305828 0
5.89 -7.56 2.17 22.36 2.16 45.876326 12.305828 0
6.1 -7.76 2.06 22.91 2.16 45.876326 12.305828 0
6.17 -7.62 2.04 22.98 2.16 45.876326 12.305828 0
6.36 -7.73 1.95 22.26 2.16 45.876326 12.305828 0
6.37 -7.62 1.87 22.78 2.16 45.876326 12.305828 0
6.44 -7.06 1.91 22.69 2.16 45.876326 12.305828 0
6.64 -7.55 2.11 22.69 2.16 45.876326 12.305828 0
6.11 -7.56 2.2 23.19 2.16 45.876326 12.305828 0
6.16 -7.81 2.27 25.31 2.16 45.876326 12.305828 0
5.86 -7.76 2.16 22.78 2.16 45.876326 12.305828 0
5.93 -7.8 2.23 23.08 2.16 45.876326 12.305828 0
5.96 -7.84 2.04 22.62 2.16 45.876326 12.305828 0
5.84 -7.71 1.89 22.55 2.28 45.876310 12.305810 1
5.6 -8.04 1.89 23.07 2.28 45.876310 12.305810 0
5.53 -8.09 1.99 22.64 2.28 45.876310 12.305810 1
5.8 -7.91 1.89 22.88 2.28 45.876310 12.305810 0
6.2 -8.04 1.78 22.83 2.28 45.876310 12.305810 0
6.0 -7.65 1.85 22.88 2.28 45.876310 12.305810 0
5.94 -7.54 1.86 22.9 2.28 45.876310 12.305810 0
6.37 -7.15 2.1 22.47 2.28 45.876310 12.305810 0
6.41 -7.58 1.78 22.59 2.28 45.876310 12.305810 0
5.93 -7.48 1.87 22.67 2.28 45.876310 12.305810 0
5.85 -7.49 1.99 22.72 2.28 45.876310 12.305810 0
6.15 -7.57 2.01 22.67 2.28 45.876310 12.305810 0
6.26 -7.48 1.82 23.05 2.28 45.876310 12.305810 0
6.14 -7.6 1.92 22.59 2.28 45.876310 12.305810 0
5.87 -7.99 1.75 22.23 2.28 45.876310 12.305810 0
5.93 -7.82 1.43 22.62 2.28 45.876310 12.305810 0
5.89 -7.7 1.88 22.04 2.28 45.876310 12.305810 0
5.81 -7.79 1.83 22.47 2.29 45.876294 12.305793 1
5.71 -7.89 2.07 22.54 2.29 45.876294 12.305793 0
5.86 -7.9 1.84 22.88 2.29 45.876294 12.305793 1
5.93 -7.8 2.05 22.16 2.29 45.876294 12.305793 0
5.93 -7.82 1.99 22.54 2.29 45.876294 12.305793 0
6.16 -7.66 1.94 22.5 2.29 45.876294 12.305793 0
6.25 -7.66 1.92 23.07 2.29 45.876294 12.305793 0
6.06 -7.71 1.75 22.66 2.29 45.876294 12.305793 0
6.06 -7.63 1.76 22.69 2.29 45.876294 12.305793 0
6.11 -7.59 2.0 23.14 2.29 45.876294 12.305793 0
5.91 -7.75 1.84 22.26 2.29 45.876294 12.305793 0
5.98 -8.09 1.89 22.23 2.29 45.876294 12.305793 0
5.85 -7.85 1.9 22.21 2.29 45.876294 12.305793 0
5.78 -7.94 1.88 22.67 2.29 45.876294 12.305793 0
5.76 -7.89 1.87 22.64 2.29 45.876294 12.305793 0
5.87 -7.81 1.85 22.69 2.29 45.876294 12.305793 0
5.87 -7.75 1.84 22.23 2.29 45.876294 12.305793 0
5.87 -7.72 1.9 23.36 2.47 45.876277 12.305774 1
5.68 -7.77 1.76 23.07 2.47 45.876277 12.305774 0
6.11 -7.97 1.68 22.48 2.47 45.876277 12.305774 1
6.05 -7.42 1.92 22.52 2.47 45.876277 12.305774 0
6.0 -7.9 1.97 22.55 2.47 45.876277 12.305774 0
5.98 -7.51 1.87 22.93 2.47 45.876277 12.305774 0
6.04 -7.64 1.89 23.02 2.47 45.876277 12.305774 0
6.21 -7.56 1.74 22.83 2.47 45.876277 12.305774 0
5.91 -7.94 2.34 23.14 2.47 45.876277 12.305774 0
6.13 -7.88 1.65 22.74 2.47 45.876277 12.305774 0
5.84 -7.82 1.65 22.74 2.47 45.876277 12.305774 0
5.73 -7.65 1.71 23.1 2.47 45.876277 12.305774 0
5.91 -8.18 1.72 23.48 2.47 45.876277 12.305774 0
5.93 -7.91 1.89 22.62 2.47 45.876277 12.305774 0
5.98 -8.06 1.98 23.98 2.47 45.876277 12.305774 0
5.95 -8.22 1.87 23.08 2.47 45.876277 12.305774 0
5.84 -7.52 1.98 22.57 2.47 45.876277 12.305774 0
5.84 -7.52 1.98 23.07 2.22 45.876261 12.305753 1
5.87 -7.59 1.93 22.54 2.22 45.876261 12.305753 0
6.17 -7.77 1.58 21.87 2.22 45.876261 12.305753 1
6.29 -7.82 1.58 22.31 2.22 45.876261 12.305753 0
5.8 -7.64 1.78 22.47 2.22 45.876261 12.305753 0
6.0 -8.0 1.84 22.31 2.22 45.876261 12.305753 0
6.18 -7.15 1.92 23.14 2.22 45.876261 12.305753 0
5.5 -7.35 2.35 22.91 2.22 45.876261 12.305753 0
6.02 -8.71 2.23 22.69 2.22 45.876261 12.305753 0
5.71 -7.48 1.93 31.49 2.22 45.876261 12.305753 0
5.85 -8.39 1.8 22.54 2.22 45.876261 12.305753 0
5.8 -8.07 2.0 23.03 2.22 45.876261 12.305753 0
5.98 -7.76 1.99 22.78 2.22 45.876261 12.305753 0
6.07 -7.23 1.97 22.71 2.22 45.876261 12.305753 0
6.25 -7.72 1.98 23.07 2.22 45.876261 12.305753 0
5.97 -7.48 1.79 23.03 2.22 45.876261 12.305753 0
6.49 -7.18 1.61 23.02 2.57 45.876243 12.305733 1
5.57 -7.41 1.72 22.52 2.57 45.876243 12.305733 0
6.26 -7.88 1.6 22.62 2.57 45.876243 12.305733 1
6.63 -7.37 0.44 22.72 2.57 45.876243 12.305733 0
6.42 -8.4 1.96 23.03 2.57 45.876243 12.305733 0
5.93 -7.68 1.49 22.59 2.57 45.876243 12.305733 0
5.89 -8.02 1.56 23.34 2.57 45.876243 12.305733 0
5.89 -7.66 1.85 22.42 2.57 45.876243 12.305733 0
5.85 -8.17 2.05 23.08 2.57 45.876243 12.305733 0
5.63 -7.8 2.06 22.72 2.57 45.876243 12.305733 0
5.53 -7.37 2.09 23.12 2.57 45.876243 12.305733 0
5.99 -7.99 1.81 22.17 2.57 45.876243 12.305733 0
5.83 -7.34 2.06 23.7 2.57 45.876243 12.305733 0
5.92 -8.34 1.94 22.93 2.57 45.876243 12.305733 0
5.97 -8.03 1.92 22.88 2.57 45.876243 12.305733 0
5.75 -6.69 1.91 22.86 2.57 45.876243 12.305733 0
6.05 -7.65 1.6 22.42 2.57 45.876243 12.305733 0
6.33 -7.54 1.47 23.58 2.76 45.876222 12.305715 1
5.88 -7.62 2.31 26.63 2.76 45.876222 12.305715 0
5.68 -7.36 1.94 23.63 2.76 45.876222 12.305715 1
6.33 -8.95 2.23 23.24 2.76 45.876222 12.305715 0
5.57 -6.36 2.3 22.71 2.76 45.876222 12.305715 0
7.34 -9.53 2.58 22.83 2.76 45.876222 12.305715 0
6.1 -8.02 2.06 22.62 2.76 45.876222 12.305715 0
6.52 -8.01 1.99 22.48 2.76 45.876222 12.305715 0
6.31 -7.3 2.02 23.19 2.76 45.876222 12.305715 0
5.91 -8.58 2.02 22.72 2.76 45.876222 12.305715 0
5.09 -6.5 1.58 24.22 2.76 45.876222 12.305715 0
7.25 -8.21 2.26 23.36 2.76 45.876222 12.305715 0
5.93 -7.71 1.63 23.34 2.76 45.876222 12.305715 0
5.88 -7.88 1.76 22.47 2.76 45.876222 12.305715 0
5.75 -7.56 1.62 22.67 2.76 45.876222 12.305715 0
5.81 -7.02 1.6 23.6 2.76 45.876222 12.305715 0
5.53 -7.82 1.77 23.72 2.76 45.876222 12.305715 0
5.83 -8.25 1.77 22.47 2.53 45.876202 12.305700 1
5.83 -7.95 2.18 22.02 2.53 45.876202 12.305700 0
6.09 -7.63 1.68 23.63 2.53 45.876202 12.305700 1
5.85 -7.21 1.71 22.76 2.53 45.876202 12.305700 0
6.23 -8.03 1.64 23.29 2.53 45.876202 12.305700 0
6.11 -7.62 1.86 50.13 2.53 45.876202 12.305700 0
6.37 -7.67 2.09 23.08 2.53 45.876202 12.305700 0
6.11 -6.95 2.07 23.58 2.53 45.876202 12.305700 0
6.48 -8.41 2.07 23.27 2.53 45.876202 12.305700 0
6.28 -7.7 1.97 22.67 2.53 45.876202 12.305700 0
5.92 -8.02 1.85 23.48 2.53 45.876202 12.305700 0
5.79 -8.0 2.06 22.78 2.53 45.876202 12.305700 0
5.74 -7.9 1.92 22.31 2.53 45.876202 12.305700 0
5.43 -7.93 1.61 22.64 2.53 45.876202 12.305700 0
5.52 -7.81 1.68 25.52 2.53 45.876202 12.305700 0
5.73 -8.37 2.04 22.54 2.53 45.876202 12.305700 0
5.75 -7.65 1.66 22.05 2.53 45.876202 12.305700 0
6.0 -7.83 1.79 22.54 2.59 45.876179 12.305692 1
6.08 -7.92 1.92 22.52 2.59 45.876179 12.305692 0
6.02 -7.58 2.01 22.72 2.59 45.876179 12.305692 1
6.06 -7.87 2.08 22.42 2.59 45.876179 12.305692 0
5.77 -7.62 2.01 23.84 2.59 45.876179 12.305692 0
6.04 -7.69 1.8 22.31 2.59 45.876179 12.305692 0
5.75 -7.73 2.07 22.42 2.59 45.876179 12.305692 0
6.28 -8.44 1.12 22.79 2.59 45.876179 12.305692 0
5.8 -7.45 1.47 23.29 2.59 45.876179 12.305692 0
5.95 -7.84 1.94 22.71 2.59 45.876179 12.305692 0
5.47 -7.78 1.99 23.05 2.59 45.876179 12.305692 0
5.77 -7.74 1.99 23.07 2.59 45.876179 12.305692 0
5.96 -8.0 1.75 23.58 2.59 45.876179 12.305692 0
5.9 -7.7 2.18 22.62 2.59 45.876179 12.305692 0
5.74 -7.85 2.23 23.02 2.59 45.876179 12.305692 0
6.17 -7.98 2.05 23.0 2.59 45.876179 12.305692 0
6.2 -7.56 1.87 22.62 2.59 45.876179 12.305692 0
6.19 -7.6 1.94 22.93 2.54 45.876157 12.305681 1
6.15 -7.99 2.07 22.91 2.54 45.876157 12.305681 0
5.53 -7.56 2.15 22.57 2.54 45.876157 12.305681 1
5.93 -7.89 2.32 23.51 2.54 45.876157 12.305681 0
6.0 -8.11 2.03 22.66 2.54 45.876157 12.305681 0
5.6 -7.58 1.76 23.14 2.54 45.876157 12.305681 0
5.62 -8.05 2.04 22.26 2.54 45.876157 12.305681 0
5.78 -7.98 1.99 22.71 2.54 45.876157 12.305681 0
6.11 -7.95 1.94 22.72 2.54 45.876157 12.305681 0
5.92 -8.01 1.94 22.69 2.54 45.876157 12.305681 0
5.75 -7.95 1.9 23.17 2.54 45.876157 12.305681 0
5.97 -7.8 1.67 22.72 2.54 45.876157 12.305681 0
6.06 -7.65 1.86 22.62 2.54 45.876157 12.305681 0
6.18 -7.97 1.9 22.64 2.54 45.876157 12.305681 0
6.06 -7.59 1.92 22.71 2.54 45.876157 12.305681 0
6.19 -7.61 2.03 22.43 2.54 45.876157 12.305681 0
6.15 -7.8 1.99 22.9 2.61 45.876134 12.305669 1
5.87 -7.69 2.03 23.48 2.61 45.876134 12.305669 0
5.56 -8.07 2.1 22.17 2.61 45.876134 12.305669 1
5.41 -8.2 1.85 22.6 2.61 45.876134 12.305669 0
5.59 -8.05 1.91 22.59 2.61 45.876134 12.305669 0
5.7 -7.93 1.9 22.57 2.61 45.876134 12.305669 0
5.74 -7.75 1.87 22.57 2.61 45.876134 12.305669 0
6.06 -7.98 1.86 22.47 2.61 45.876134 12.305669 0
6.1 -7.58 2.11 22.69 2.61 45.876134 12.305669 0
5.81 -7.84 1.96 22.72 2.61 45.876134 12.305669 0
6.02 -7.83 1.9 22.31 2.61 45.876134 12.305669 0
6.18 -7.87 1.97 22.72 2.61 45.876134 12.305669 0
6.2 -7.7 1.77 23.14 2.61 45.876134 12.305669 0
6.18 -7.71 2.03 22.67 2.61 45.876134 12.305669 0
5.77 -7.98 2.25 23.05 2.61 45.876134 12.305669 0
5.83 -8.17 2.1 22.64 2.61 45.876134 12.305669 0
5.72 -7.84 1.87 22.52 2.61 45.876134 12.305669 0
5.64 -7.8 1.78 22.48 2.61 45.876114 12.305651 1
5.68 -7.72 2.18 22.72 2.61 45.876114 12.305651 0
5.89 -7.83 2.17 23.03 2.61 45.876114 12.305651 1
5.63 -7.85 1.84 22.91 2.61 45.876114 12.305651 0
5.75 -7.6 1.98 23.08 2.61 45.876114 12.305651 0
5.9 -7.77 1.83 22.54 2.61 45.876114 12.305651 0
6.02 -8.2 1.67 22.86 2.61 45.876114 12.305651 0
5.87 -7.54 1.86 23.43 2.61 45.876114 12.305651 0
6.13 -7.54 1.99 22.81 2.61 45.876114 12.305651 0
6.07 -7.43 1.95 23.5 2.61 45.876114 12.305651 0
6.3 -7.98 1.65 22.57 2.61 45.876114 12.305651 0
6.17 -7.67 2.15 22.52 2.61 45.876114 12.305651 0
6.07 -8.24 1.91 22.62 2.61 45.876114 12.305651 0
5.65 -7.78 1.96 23.08 2.61 45.876114 12.305651 0
5.75 -8.03 1.67 23.03 2.61 45.876114 12.305651 0
5.92 -8.07 1.92 22.59 2.61 45.876114 12.305651 0
5.96 -7.6 1.89 23.38 2.61 45.876114 12.305651 0
5.95 -7.52 1.88 22.52 2.22 45.876095 12.305635 1
6.29 -8.13 1.97 22.57 2.22 45.876095 12.305635 0
5.87 -7.39 2.2 22.54 2.22 45.876095 12.305635 1
6.36 -7.68 1.57 22.57 2.22 45.876095 12.305635 0
6.26 -7.17 1.89 22.45 2.22 45.876095 12.305635 0
6.08 -7.77 2.04 22.86 2.22 45.876095 12.305635 0
5.68 -7.74 2.0 22.86 2.22 45.876095 12.305635 0
5.98 -7.93 1.99 22.45 2.22 45.876095 12.305635 0
5.86 -8.05 1.81 23.03 2.22 45.876095 12.305635 0
5.93 -7.91 2.05 23.03 2.22 45.876095 12.305635 0
5.65 -8.08 2.24 22.6 2.22 45.876095 12.305635 0
5.55 -7.93 1.91 22.17 2.22 45.876095 12.305635 0
5.78 -8.1 1.85 22.57 2.22 45.876095 12.305635 0
5.92 -7.71 2.07 22.62 2.22 45.876095 12.305635 0
5.54 -7.79 1.81 22.62 2.22 45.876095 12.305635 0
5.57 -8.04 1.66 22.57 2.22 45.876095 12.305635 0
6.03 -7.85 1.57 22.02 2.22 45.876095 12.305635 0
6.13 -7.81 1.95 22.47 2.86 45.876072 12.305616 1
6.02 -7.51 2.01 22.47 2.86 45.876072 12.305616 0
6.08 -7.54 2.08 22.43 2.86 45.876072 12.305616 1
6.0 -7.92 2.05 22.12 2.86 45.876072 12.305616 0
5.95 -8.04 1.87 22.36 2.86 45.876072 12.305616 0
5.78 -7.76 1.66 22.5 2.86 45.876072 12.305616 0
5.77 -7.91 1.62 22.48 2.86 45.876072 12.305616 0
5.92 -8.08 1.77 22.57 2.86 45.876072 12.305616 0
5.74 -8.0 1.82 22.64 2.86 45.876072 12.305616 0
5.67 -7.97 1.84 22.74 2.86 45.876072 12.305616 0
5.88 -7.69 1.86 23.14 2.86 45.876072 12.305616 0
6.01 -7.95 1.9 22.67 2.86 45.876072 12.305616 0
5.83 -7.84 1.86 22.62 2.86 45.876072 12.305616 0
5.92 -7.88 1.99 22.12 2.86 45.876072 12.305616 0
6.01 -7.77 2.17 22.59 2.86 45.876072 12.305616 0
5.86 -7.75 1.92 22.5 2.86 45.876072 12.305616 0
6.05 -7.71 1.84 22.52 2.86 45.876072 12.305616 0
6.1 -7.91 2.0 22.48 2.15 45.876056 12.305595 1
5.67 -7.76 2.05 22.52 2.15 45.876056 12.305595 0
5.9 -8.27 1.93 22.38 2.15 45.876056 12.305595 1
5.69 -7.74 2.02 22.52 2.15 45.876056 12.305595 0
5.75 -7.75 1.96 22.55 2.15 45.876056 12.305595 0
5.77 -7.86 1.99 22.71 2.15 45.876056 12.305595 0
6.05 -8.02 1.7 22.04 2.15 45.876056 12.305595 0
6.11 -7.69 1.71 22.72 2.15 45.876056 12.305595 0
6.19 -7.98 2.0 22.69 2.15 45.876056 12.305595 0
6.08 -7.67 1.88 22.31 2.15 45.876056 12.305595 0
6.15 -7.53 2.08 22.72 2.15 45.876056 12.305595 0
6.16 -7.9 1.92 22.72 2.15 45.876056 12.305595 0
6.25 -7.85 1.86 23.6 2.15 45.876056 12.305595 0
6.3 -7.41 1.95 22.66 2.15 45.876056 12.305595 0
5.98 -7.95 1.79 22.14 2.15 45.876056 12.305595 0
5.97 -7.82 1.75 22.93 2.15 45.876056 12.305595 0
6.32 -7.94 1.65 22.52 2.64 45.876036 12.305576 1
5.69 -7.79 1.97 22.47 2.64 45.876036 12.305576 0
5.54 -8.04 1.94 22.5 2.64 45.876036 12.305576 1
6.35 -7.81 1.57 22.66 2.64 45.876036 12.305576 0
6.32 -7.57 1.95 22.62 2.64 45.876036 12.305576 0
6.26 -7.8 1.89 22.62 2.64 45.876036 12.305576 0
5.99 -7.56 2.02 22.42 2.64 45.876036 12.305576 0
6.19 -8.16 2.21 22.35 2.64 45.876036 12.305576 0
5.94 -7.37 2.23 22.62 2.64 45.876036 12.305576 0
6.04 -7.78 2.38 22.64 2.64 45.876036 12.305576 0
5.85 -7.94 2.12 23.63 2.64 45.876036 12.305576 0
5.6 -8.03 2.14 23.02 2.64 45.876036 12.305576 0
5.81 -7.69 1.89 22.62 2.64 45.876036 12.305576 0
5.73 -8.57 1.97 22.48 2.64 45.876036 12.305576 0
5.73 -8.14 2.0 21.97 2.64 45.876036 12.305576 0
5.51 -7.61 1.58 22.16 2.64 45.876036 12.305576 0
5.57 -7.57 1.64 22.31 2.64 45.876036 12.305576 0
5.45 -7.22 1.81 22.19 2.23 45.876017 12.305557 1
5.8 -7.83 1.87 22.02 2.23 45.876017 12.305557 0
5.29 -7.36 1.8 21.16 2.23 45.876017 12.305557 1
6.69 -7.88 2.11 21.09 2.23 45.876017 12.305557 0
7.57 -7.5 2.04 22.19 2.23 45.876017 12.305557 0
7.73 -6.53 1.81 23.43 2.23 45.876017 12.305557 0
6.62 -5.67 2.03 24.3 2.23 45.876017 12.305557 0
7.17 -9.86 2.63 25.85 2.23 45.876017 12.305557 0
5.04 -6.42 1.75 25.14 2.23 45.876017 12.305557 0
5.12 -10.08 1.39 27.77 2.23 45.876017 12.305557 0
5.1 -10.88 1.4 23.02 2.23 45.876017 12.305557 0
5.73 -9.21 1.81 19.93 2.23 45.876017 12.305557 0
5.43 -7.84 1.95 20.08 2.23 45.876017 12.305557 0
1.5 -9.46 1.46 19.83 2.23 45.876017 12.305557 0
7.26 -5.17 1.47 20.29 2.23 45.876017 12.305557 0
7.97 -4.81 2.36 19.88 2.23 45.876017 12.305557 0
8.01 -7.66 2.63 23.77 2.23 45.876017 12.305557 0
6.03 -7.93 1.18 26.21 2.89 45.875993 12.305540 1
4.66 -6.41 2.8 25.64 2.89 45.875993 12.305540 0
3.76 -0.42 2.12 24.9 2.89 45.875993 12.305540 1
7.86 -10.02 0.64 24.03 2.89 45.875993 12.305540 0
6.27 -11.93 2.58 23.86 2.89 45.875993 12.305540 0
4.81 -8.97 1.42 23.46 2.89 45.875993 12.305540 0
5.76 -6.63 1.73 25.91 2.89 45.875993 12.305540 0
5.8 -7.39 2.01 23.43 2.89 45.875993 12.305540 0
5.33 -7.74 1.83 22.95 2.89 45.875993 12.305540 0
6.16 -9.06 1.35 23.56 2.89 45.875993 12.305540 0
5.85 -7.16 1.69 22.55 2.89 45.875993 12.305540 0
5.47 -7.19 2.05 23.08 2.89 45.875993 12.305540 0
6.0 -7.47 1.87 23.08 2.89 45.875993 12.305540 0
6.09 -7.78 1.69 22.67 2.89 45.875993 12.305540 0
5.89 -7.99 2.07 23.07 2.89 45.875993 12.305540 0
5.81 -7.77 2.34 22.86 2.89 45.875993 12.305540 0
5.99 -7.52 2.06 22.54 2.89 45.875993 12.305540 0
6.34 -9.11 1.24 22.78 2.86 45.875970 12.305520 1
5.34 -7.81 0.77 24.3 2.86 45.875970 12.305520 0
5.77 -7.77 1.85 22.86 2.86 45.875970 12.305520 1
6.15 -8.4 1.86 22.57 2.86 45.875970 12.305520 0
5.46 -8.42 2.03 22.69 2.86 45.875970 12.305520 0
5.58 -7.51 2.27 23.12 2.86 45.875970 12.305520 0
5.83 -7.63 2.11 22.74 2.86 45.875970 12.305520 0
6.46 -8.03 1.82 22.38 2.86 45.875970 12.305520 0
5.98 -7.92 1.99 24.23 2.86 45.875970 12.305520 0
6.21 -8.02 2.22 22.48 2.86 45.875970 12.305520 0
5.73 -7.82 2.66 23.2 2.86 45.875970 12.305520 0
5.72 -7.18 2.01 24.01 2.86 45.875970 12.305520 0
6.54 -7.99 1.73 23.05 2.86 45.875970 12.305520 0
6.28 -8.45 1.8 23.48 2.86 45.875970 12.305520 0
6.17 -7.0 2.24 23.89 2.86 45.875970 12.305520 0
6.5 -8.57 1.7 24.08 2.86 45.875970 12.305520 0
5.58 -8.58 1.76 22.54 2.86 45.875970 12.305520 0
5.46 -8.15 1.65 23.05 2.9 45.875949 12.305494 1
5.9 -8.02 1.81 22.78 2.9 45.875949 12.305494 0
5.49 -8.06 2.11 23.19 2.9 45.875949 12.305494 1
5.69 -7.94 2.08 22.96 2.9 45.875949 12.305494 0
5.83 -7.15 1.51 23.58 2.9 45.875949 12.305494 0
6.02 -7.23 1.83 25.47 2.9 45.875949 12.305494 0
5.84 -6.93 2.23 22.19 2.9 45.875949 12.305494 0
6.47 -8.33 1.96 22.48 2.9 45.875949 12.305494 0
5.92 -7.55 1.96 22.98 2.9 45.875949 12.305494 0
6.05 -7.56 2.05 22.67 2.9 45.875949 12.305494 0
5.85 -8.1 2.39 22.83 2.9 45.875949 12.305494 0
5.83 -7.59 1.93 22.36 2.9 45.875949 12.305494 0
5.43 -7.82 1.93 22.48 2.9 45.875949 12.305494 0
5.56 -8.31 1.8 22.83 2.9 45.875949 12.305494 0
5.98 -8.24 2.34 22.78 2.9 45.875949 12.305494 0
5.95 -7.91 1.58 22.76 2.9 45.875949 12.305494 0
5.89 -7.91 1.82 25.36 2.75 45.875929 12.305471 1
5.92 -7.57 2.09 23.17 2.75 45.875929 12.305471 0
5.69 -7.21 1.89 22.07 2.75 45.875929 12.305471 1
5.94 -8.32 2.1 22.36 2.75 45.875929 12.305471 0
6.36 -7.43 2.17 22.16 2.75 45.875929 12.305471 0
5.54 -7.75 1.85 22.81 2.75 45.875929 12.305471 0
5.48 -7.41 1.93 23.36 2.75 45.875929 12.305471 0
5.73 -7.48 2.27 22.47 2.75 45.875929 12.305471 0
6.18 -7.36 1.82 22.74 2.75 45.875929 12.305471 0
6.23 -7.89 2.08 22.16 2.75 45.875929 12.305471 0
5.29 -8.95 2.17 22.36 2.75 45.875929 12.305471 0
5.57 -7.6 2.22 22.17 2.75 45.875929 12.305471 0
5.31 -7.52 2.37 22.67 2.75 45.875929 12.305471 0
5.91 -7.75 2.31 22.81 2.75 45.875929 12.305471 0
5.9 -7.85 1.92 22.86 2.75 45.875929 12.305471 0
5.66 -7.86 1.53 23.22 2.75 45.875929 12.305471 0
6.0 -7.6 1.77 22.19 2.75 45.875929 12.305471 0
