6.61 -7.61 1.39 24.15 3.5 45.868201 12.307037 0 1
4.78 -8.32 1.14 22.72 3.5 45.868201 12.307037 0 1
5.47 -7.86 1.5 24.35 3.5 45.868201 12.307037 0 1
7.1 -7.18 1.7 23.17 3.5 45.868201 12.307037 0 1
5.14 -9.55 2.59 23.36 3.5 45.868201 12.307037 0 1
5.05 -6.19 1.45 23.5 3.5 45.868201 12.307037 0 1
5.5 -5.87 1.58 23.92 3.25 45.868171 12.307044 1 1
7.17 -9.17 1.89 21.66 3.25 45.868171 12.307044 0 1
6.73 -9.96 2.56 22.02 3.25 45.868171 12.307044 1 1
7.58 -6.92 2.99 23.43 3.25 45.868171 12.307044 0 1
6.46 -6.34 1.62 23.94 3.25 45.868171 12.307044 0 1
4.99 -5.57 2.24 27.11 3.25 45.868171 12.307044 0 1
5.03 -8.19 2.13 23.56 3.25 45.868171 12.307044 0 1
5.26 -6.67 2.67 23.1 3.25 45.868171 12.307044 0 1
4.4 -8.4 1.24 22.71 3.25 45.868171 12.307044 0 1
5.56 -8.8 2.23 23.17 3.25 45.868171 12.307044 0 1
6.7 -7.94 1.01 22.98 3.25 45.868171 12.307044 0 1
6.84 -7.9 1.16 25.38 3.25 45.868171 12.307044 0 1
5.75 -6.92 2.38 23.63 3.25 45.868171 12.307044 0 1
5.88 -8.33 2.7 24.13 3.25 45.868171 12.307044 0 1
6.26 -9.54 1.75 23.19 3.25 45.868171 12.307044 0 1
7.09 -8.03 2.09 25.0 3.25 45.868171 12.307044 0 1
5.0 -7.49 2.34 24.08 3.25 45.868171 12.307044 0 1
5.3 -8.01 2.12 23.27 3.41 45.868141 12.307051 1 1
6.03 -6.9 3.16 24.01 3.41 45.868141 12.307051 0 1
5.93 -10.62 2.45 23.99 3.41 45.868141 12.307051 1 1
5.03 -7.55 2.02 24.59 3.41 45.868141 12.307051 0 1
6.14 -5.36 1.11 23.27 3.41 45.868141 12.307051 0 1
6.61 -10.8 2.45 24.15 3.41 45.868141 12.307051 0 1
6.07 -9.41 2.4 23.46 3.41 45.868141 12.307051 0 1
8.34 -8.4 1.12 23.14 3.41 45.868141 12.307051 0 1
6.78 -6.35 1.45 23.87 3.41 45.868141 12.307051 0 1
4.07 -7.11 2.25 24.76 3.41 45.868141 12.307051 0 1
7.56 -9.18 3.31 23.31 3.41 45.868141 12.307051 0 1
5.9 -9.52 0.43 23.7 3.41 45.868141 12.307051 0 1
