5.6 -7.77 1.83 22.71 3.41 45.868615 12.306906 0 0
5.53 -8.32 2.01 23.08 3.41 45.868615 12.306906 1 0
5.58 -8.09 1.61 22.95 3.41 45.868615 12.306906 0 0
5.77 -7.8 1.49 23.07 3.41 45.868615 12.306906 0 0
6.03 -8.03 1.69 23.74 3.41 45.868615 12.306906 0 0
6.21 -7.89 2.2 22.55 3.41 45.868615 12.306906 0 0
6.0 -7.67 2.38 22.93 3.41 45.868615 12.306906 0 0
5.87 -7.51 1.95 23.39 3.41 45.868615 12.306906 0 0
6.04 -7.66 1.99 23.29 3.41 45.868615 12.306906 0 0
6.0 -7.78 1.93 26.62 3.41 45.868615 12.306906 0 0
5.83 -8.12 2.03 23.26 3.41 45.868615 12.306906 0 0
5.81 -8.03 2.16 23.34 3.41 45.868615 12.306906 0 0
5.49 -7.72 1.82 22.31 3.41 45.868615 12.306906 0 0
5.46 -7.98 1.68 23.08 3.41 45.868615 12.306906 0 0
5.85 -8.35 1.89 22.9 3.41 45.868615 12.306906 0 0
6.2 -7.58 1.86 22.64 3.41 45.868615 12.306906 0 0
5.84 -7.98 1.66 22.36 3.41 45.868585 12.306916 1 0
5.89 -7.8 1.85 23.29 3.41 45.868585 12.306916 0 0
6.21 -7.64 1.77 24.1 3.41 45.868585 12.306916 1 0
6.04 -7.65 2.15 22.67 3.41 45.868585 12.306916 0 0
5.92 -7.87 1.95 22.96 3.41 45.868585 12.306916 0 0
6.1 -7.78 2.11 23.12 3.41 45.868585 12.306916 0 0
5.76 -7.9 1.92 22.28 3.41 45.868585 12.306916 0 0
5.42 -7.94 1.59 22.88 3.41 45.868585 12.306916 0 0
5.68 -8.09 1.48 22.71 3.41 45.868585 12.306916 0 0
5.66 -7.56 1.99 22.74 3.41 45.868585 12.306916 0 0
5.77 -8.01 2.06 22.93 3.41 45.868585 12.306916 0 0
5.63 -7.71 2.08 22.98 3.41 45.868585 12.306916 0 0
5.63 -7.87 1.87 22.78 3.41 45.868585 12.306916 0 0
5.94 -8.0 2.36 22.79 3.41 45.868585 12.306916 0 0
5.59 -7.88 2.07 23.03 3.41 45.868585 12.306916 0 0
5.61 -7.85 1.87 22.88 3.41 45.868585 12.306916 0 0
5.98 -7.59 1.92 22.67 3.42 45.868555 12.306926 1 0
5.84 -8.44 1.43 23.12 3.42 45.868555 12.306926 0 0
5.76 -8.66 1.79 22.17 3.42 45.868555 12.306926 1 0
