5.95 -8.57 2.12 27.49 3.36 45.868264 12.307024 0 1
7.0 -9.72 1.89 21.95 3.36 45.868264 12.307024 0 1
6.59 -10.77 2.29 52.62 3.36 45.868264 12.307024 0 1
3.76 -5.5 1.5 24.58 3.36 45.868264 12.307024 0 1
4.87 -7.49 1.23 23.07 3.36 45.868264 12.307024 0 1
5.29 -7.3 2.46 23.34 3.36 45.868264 12.307024 0 1
6.51 -9.61 1.99 24.34 3.36 45.868264 12.307024 0 1
6.5 -7.22 2.14 23.79 3.43 45.868233 12.307030 1 1
4.97 -5.32 1.86 24.42 3.43 45.868233 12.307030 0 1
6.65 -7.88 1.61 23.02 3.43 45.868233 12.307030 1 1
6.64 -7.89 1.91 22.74 3.43 45.868233 12.307030 0 1
7.82 -10.15 2.87 22.81 3.43 45.868233 12.307030 0 1
5.59 -6.57 1.82 24.49 3.43 45.868233 12.307030 0 1
5.68 -6.06 2.4 25.16 3.43 45.868233 12.307030 0 1
5.81 -7.09 1.58 23.53 3.43 45.868233 12.307030 0 1
6.72 -9.09 1.98 23.07 3.43 45.868233 12.307030 0 1
5.96 -9.27 3.02 23.08 3.43 45.868233 12.307030 0 1
5.06 -6.35 1.52 24.2 3.43 45.868233 12.307030 0 1
4.67 -7.26 2.9 23.03 3.43 45.868233 12.307030 0 1
5.85 -7.23 1.67 22.9 3.43 45.868233 12.307030 0 1
5.87 -7.86 1.88 23.03 3.43 45.868233 12.307030 0 1
5.98 -8.28 0.85 27.39 3.43 45.868233 12.307030 0 1
5.95 -7.71 1.91 23.41 3.43 45.868233 12.307030 0 1
6.05 -7.29 2.6 23.02 3.43 45.868233 12.307030 0 1
6.12 -6.25 1.89 23.86 3.5 45.868201 12.307037 1 1
6.12 -9.38 1.11 24.16 3.5 45.868201 12.307037 0 1
6.5 -6.37 1.5 22.96 3.5 45.868201 12.307037 1 1
5.6 -10.63 1.92 22.62 3.5 45.868201 12.307037 0 1
5.17 -7.76 2.41 22.95 3.5 45.868201 12.307037 0 1
5.88 -6.17 1.28 22.76 3.5 45.868201 12.307037 0 1
5.14 -9.0 0.45 23.17 3.5 45.868201 12.307037 0 1
6.54 -8.28 0.79 25.52 3.5 45.868201 12.307037 0 1
5.29 -6.84 3.12 24.04 3.5 45.868201 12.307037 0 1
4.91 -7.26 1.12 23.89 3.5 45.868201 12.307037 0 1
6.35 -7.66 2.45 24.2 3.5 45.868201 12.307037 0 1
