5.61 -7.75 1.93 22.05 3.13 45.406370 11.895108 0 0
5.75 -8.04 1.5 22.02 3.13 45.406370 11.895108 1 0
5.72 -7.97 1.42 21.44 3.13 45.406370 11.895108 0 0
6.06 -7.61 1.81 21.95 3.13 45.406370 11.895108 1 0
5.94 -7.97 1.84 21.78 3.13 45.406370 11.895108 1 0
5.81 -7.71 1.67 21.35 3.13 45.406370 11.895108 1 0
6.48 -7.8 1.6 21.8 3.13 45.406370 11.895108 1 0
5.71 -7.88 1.73 22.02 3.13 45.406370 11.895108 1 0
5.88 -7.69 1.78 22.07 3.13 45.406370 11.895108 1 0
5.71 -7.63 1.81 22.96 3.13 45.406370 11.895108 1 0
5.89 -8.01 1.84 22.42 3.13 45.406370 11.895108 1 0
6.09 -6.96 1.91 22.0 3.13 45.406370 11.895108 1 0
5.92 -8.14 2.29 21.71 3.13 45.406370 11.895108 1 0
5.76 -8.08 1.56 23.14 3.13 45.406370 11.895108 1 0
5.21 -7.81 2.02 23.12 3.13 45.406370 11.895108 1 0
5.71 -7.68 1.81 23.58 3.13 45.406370 11.895108 1 0
6.03 -8.14 2.05 21.9 3.13 45.406370 11.895108 1 0
6.05 -7.95 1.92 22.29 3.01 45.406366 11.895140 0 0
5.75 -7.98 1.92 21.95 3.01 45.406366 11.895140 1 0
5.64 -7.78 2.01 21.97 3.01 45.406366 11.895140 0 0
5.76 -7.79 2.08 22.69 3.01 45.406366 11.895140 1 0
5.94 -7.43 2.01 21.78 3.01 45.406366 11.895140 1 0
6.14 -7.95 2.02 23.0 3.01 45.406366 11.895140 1 0
6.0 -7.87 1.92 21.56 3.01 45.406366 11.895140 1 0
5.83 -7.75 1.92 22.43 3.01 45.406366 11.895140 1 0
5.72 -7.84 2.03 22.54 3.01 45.406366 11.895140 1 0
5.89 -7.78 2.32 22.55 3.01 45.406366 11.895140 1 0
5.89 -7.87 2.05 22.57 3.01 45.406366 11.895140 1 0
5.65 -8.01 1.83 22.11 3.01 45.406366 11.895140 1 0
5.94 -7.82 1.77 22.52 3.01 45.406366 11.895140 1 0
5.75 -7.94 1.75 22.12 3.01 45.406366 11.895140 1 0
5.86 -7.74 1.5 22.16 3.01 45.406366 11.895140 1 0
5.92 -7.86 1.78 22.11 3.01 45.406366 11.895140 1 0
5.88 -7.87 1.5 21.99 3.01 45.406366 11.895140 1 0
5.99 -7.84 1.79 21.88 3.01 45.406366 11.895140 1 0
