5.99 -7.63 1.88 21.85 2.5 45.406371 11.895170 0 0
5.82 -7.85 1.61 21.85 2.5 45.406371 11.895170 1 0
6.14 -7.77 1.8 22.17 2.5 45.406371 11.895170 0 0
5.85 -8.25 1.49 22.67 2.5 45.406371 11.895170 1 0
5.58 -8.12 1.54 22.45 2.5 45.406371 11.895170 1 0
5.64 -7.7 1.64 22.16 2.5 45.406371 11.895170 1 0
5.64 -7.7 1.81 22.21 2.5 45.406371 11.895170 1 0
6.0 -8.3 1.84 22.14 2.5 45.406371 11.895170 1 0
5.94 -7.89 1.97 22.05 2.5 45.406371 11.895170 1 0
5.71 -8.24 1.81 22.11 2.5 45.406371 11.895170 1 0
6.01 -7.87 1.57 22.59 2.5 45.406371 11.895170 1 0
5.71 -7.73 2.07 22.64 2.5 45.406371 11.895170 1 0
5.66 -7.99 1.78 23.02 2.5 45.406371 11.895170 1 0
5.82 -7.89 1.78 22.0 2.5 45.406371 11.895170 1 0
6.11 -8.11 1.7 22.84 2.5 45.406371 11.895170 1 0
5.66 -8.18 1.77 22.43 2.5 45.406371 11.895170 1 0
5.85 -7.9 1.74 22.31 2.5 45.406371 11.895170 1 0
5.57 -7.91 1.91 21.92 2.84 45.406367 11.895201 0 0
5.88 -7.93 1.83 21.88 2.84 45.406367 11.895201 1 0
5.76 -7.78 2.21 21.78 2.84 45.406367 11.895201 0 0
5.69 -7.85 2.07 22.21 2.84 45.406367 11.895201 1 0
5.9 -7.96 1.72 21.87 2.84 45.406367 11.895201 1 0
5.97 -7.94 1.95 21.87 2.84 45.406367 11.895201 1 0
5.6 -7.79 1.92 22.38 2.84 45.406367 11.895201 1 0
5.63 -7.6 1.81 22.0 2.84 45.406367 11.895201 1 0
5.4 -7.89 1.3 21.9 2.84 45.406367 11.895201 1 0
5.99 -8.22 1.61 21.68 2.84 45.406367 11.895201 1 0
6.06 -8.05 1.64 21.85 2.84 45.406367 11.895201 1 0
6.25 -8.14 1.7 22.36 2.84 45.406367 11.895201 1 0
5.55 -7.34 1.69 23.22 2.84 45.406367 11.895201 1 0
5.39 -7.44 1.69 22.62 2.84 45.406367 11.895201 1 0
5.96 -7.33 1.89 22.59 2.84 45.406367 11.895201 1 0
6.27 -8.69 1.71 21.75 2.84 45.406367 11.895201 1 0
6.19 -8.69 1.91 21.69 2.84 45.406367 11.895201 1 0
5.47 -8.4 1.53 22.4 2.84 45.406367 11.895201 1 0
