5.5 -7.62 1.89 22.55 2.46 45.406291 11.894286 1 1
5.68 -7.78 1.82 22.4 2.46 45.406291 11.894286 1 1
5.54 -7.72 1.82 21.85 2.13 45.406298 11.894319 0 1
5.15 -7.61 1.89 22.02 2.13 45.406298 11.894319 1 1
5.29 -7.77 2.04 22.28 2.13 45.406298 11.894319 0 1
5.88 -7.96 2.0 22.0 2.13 45.406298 11.894319 1 1
5.52 -7.78 1.53 21.37 2.13 45.406298 11.894319 1 1
4.46 -6.71 1.11 21.88 2.13 45.406298 11.894319 1 1
5.08 -5.79 1.33 20.72 2.13 45.406298 11.894319 1 1
7.32 -7.63 1.94 20.55 2.13 45.406298 11.894319 1 1
7.79 -10.62 2.34 22.84 2.13 45.406298 11.894319 1 1
5.4 -8.52 2.21 25.54 2.13 45.406298 11.894319 1 1
3.29 -2.65 1.45 26.5 2.13 45.406298 11.894319 1 1
3.78 -3.36 0.41 22.45 2.13 45.406298 11.894319 1 1
5.32 -11.6 0.06 20.8 2.13 45.406298 11.894319 1 1
5.63 -15.06 0.91 20.46 2.13 45.406298 11.894319 1 1
4.84 -9.57 2.12 21.57 2.13 45.406298 11.894319 1 1
4.42 -4.9 2.49 25.54 2.13 45.406298 11.894319 1 1
5.04 -5.76 1.85 22.29 2.13 45.406298 11.894319 1 1
6.37 -7.15 1.23 21.15 2.13 45.406298 11.894319 1 1
7.51 -7.55 1.47 22.07 2.67 45.406307 11.894359 0 1
7.22 -8.96 2.07 21.21 2.67 45.406307 11.894359 1 1
5.38 -8.76 2.1 22.86 2.67 45.406307 11.894359 0 1
4.24 -5.36 1.76 26.79 2.67 45.406307 11.894359 1 1
5.59 -4.17 1.66 23.96 2.67 45.406307 11.894359 1 1
7.49 -8.24 1.68 23.22 2.67 45.406307 11.894359 1 1
7.09 -11.88 1.65 23.31 2.67 45.406307 11.894359 1 1
5.14 -10.16 1.82 23.46 2.67 45.406307 11.894359 1 1
4.32 -6.73 1.83 20.72 2.67 45.406307 11.894359 1 1
5.17 -6.93 1.3 20.87 2.67 45.406307 11.894359 1 1
6.37 -9.21 1.02 22.11 2.67 45.406307 11.894359 1 1
6.61 -8.79 1.63 22.29 2.67 45.406307 11.894359 1 1
5.5 -6.09 2.26 24.11 2.67 45.406307 11.894359 1 1
4.25 -5.56 1.86 23.92 2.67 45.406307 11.894359 1 1
4.69 -7.88 0.91 23.51 2.67 45.406307 11.894359 1 1
