5.8 -7.74 1.95 21.63 2.06 45.406316 11.894118 1 0
5.92 -7.86 1.75 21.81 2.06 45.406316 11.894118 1 0
6.05 -7.76 1.64 21.93 1.73 45.406313 11.894140 0 0
6.06 -7.74 1.71 21.63 1.73 45.406313 11.894140 1 0
5.9 -7.9 1.89 22.36 1.73 45.406313 11.894140 0 0
5.66 -7.93 1.94 22.23 1.73 45.406313 11.894140 1 0
5.65 -7.81 1.83 21.42 1.73 45.406313 11.894140 1 0
5.82 -7.81 1.79 23.44 1.73 45.406313 11.894140 1 0
5.78 -7.92 1.89 22.48 1.73 45.406313 11.894140 1 0
5.6 -7.95 1.85 22.81 1.73 45.406313 11.894140 1 0
5.72 -7.92 1.68 22.42 1.73 45.406313 11.894140 1 0
6.07 -7.89 1.65 21.51 1.73 45.406313 11.894140 1 0
6.13 -7.81 1.78 21.56 1.73 45.406313 11.894140 1 0
5.92 -7.71 1.81 21.57 1.73 45.406313 11.894140 1 0
5.83 -7.65 1.74 22.09 1.73 45.406313 11.894140 1 0
5.94 -7.67 1.71 22.0 1.73 45.406313 11.894140 1 0
6.1 -7.77 1.69 21.57 1.73 45.406313 11.894140 1 0
6.16 -7.89 1.6 21.63 1.73 45.406313 11.894140 1 0
6.05 -7.95 1.56 21.97 1.73 45.406313 11.894140 1 0
5.78 -7.98 1.63 21.64 1.73 45.406313 11.894140 1 0
5.58 -7.99 1.72 21.99 1.55 45.406301 11.894168 0 0
5.63 -7.96 1.74 21.47 1.55 45.406301 11.894168 1 0
5.85 -7.99 1.69 21.83 1.55 45.406301 11.894168 0 0
5.95 -8.02 1.64 21.44 1.55 45.406301 11.894168 1 0
5.81 -7.82 1.66 21.59 1.55 45.406301 11.894168 1 0
5.75 -7.56 1.74 21.42 1.55 45.406301 11.894168 1 0
6.05 -7.64 1.81 21.71 1.55 45.406301 11.894168 1 0
6.28 -7.89 1.83 21.81 1.55 45.406301 11.894168 1 0
6.05 -7.9 1.87 21.99 1.55 45.406301 11.894168 1 0
5.78 -7.76 1.94 22.04 1.55 45.406301 11.894168 1 0
5.9 -7.7 1.98 22.66 1.55 45.406301 11.894168 1 0
5.95 -7.73 1.95 22.11 1.55 45.406301 11.894168 1 0
5.71 -7.86 1.95 22.48 1.55 45.406301 11.894168 1 0
5.73 -8.04 1.95 22.55 1.55 45.406301 11.894168 1 0
6.1 -7.96 1.89 22.55 1.55 45.406301 11.894168 1 0
