6.64 -6.25 -1.26 28.91 3.55 45.868153 12.307040 0
5.53 -8.28 2.7 23.53 3.55 45.868153 12.307040 0
5.72 -5.52 3.28 24.66 3.55 45.868153 12.307040 0
5.42 -6.99 3.54 25.42 3.55 45.868153 12.307040 0
6.35 -8.94 1.36 23.63 3.55 45.868153 12.307040 0
4.91 -6.23 2.21 24.06 3.55 45.868153 12.307040 0
7.26 -8.94 2.05 23.29 3.55 45.868153 12.307040 0
6.49 -9.32 0.48 23.02 3.64 45.868120 12.307050 1
5.82 -6.48 0.34 27.58 3.64 45.868120 12.307050 0
3.31 -7.68 4.5 23.22 3.64 45.868120 12.307050 1
5.85 -6.57 1.84 22.67 3.64 45.868120 12.307050 0
4.49 -5.77 2.88 24.15 3.64 45.868120 12.307050 0
6.19 -9.89 2.21 22.86 3.64 45.868120 12.307050 0
5.98 -6.8 1.69 23.74 3.64 45.868120 12.307050 0
4.68 -5.54 2.56 23.63 3.64 45.868120 12.307050 0
4.32 -6.48 2.25 23.19 3.64 45.868120 12.307050 0
7.03 -8.43 1.78 22.52 3.64 45.868120 12.307050 0
6.29 -10.01 1.61 22.42 3.64 45.868120 12.307050 0
5.54 -8.76 1.51 22.91 3.64 45.868120 12.307050 0
7.2 -8.63 1.96 22.84 3.64 45.868120 12.307050 0
6.53 -7.59 1.73 22.84 3.64 45.868120 12.307050 0
4.54 -8.42 1.78 22.31 3.64 45.868120 12.307050 0
6.01 -9.94 1.31 23.43 3.64 45.868120 12.307050 0
4.83 -6.85 1.3 22.6 3.64 45.868120 12.307050 0
5.52 -8.11 1.86 24.16 3.73 45.868087 12.307060 1
6.18 -6.81 1.43 24.04 3.73 45.868087 12.307060 0
5.13 -7.53 1.09 23.5 3.73 45.868087 12.307060 1
6.75 -8.78 2.12 24.83 3.73 45.868087 12.307060 0
6.62 -7.97 2.53 26.82 3.73 45.868087 12.307060 0
5.22 -8.59 2.29 22.95 3.73 45.868087 12.307060 0
4.72 -7.4 1.64 22.57 3.73 45.868087 12.307060 0
3.65 -7.2 1.48 23.39 3.73 45.868087 12.307060 0
5.49 -8.67 1.71 25.28 3.73 45.868087 12.307060 0
6.05 -8.71 2.22 25.07 3.73 45.868087 12.307060 0
6.44 -9.01 1.39 23.96 3.73 45.868087 12.307060 0
