5.87 -8.28 1.65 24.7 2.26 45.406306 11.893997 1
5.58 -8.48 1.39 22.28 2.26 45.406306 11.893997 1
5.83 -7.87 1.64 22.14 1.67 45.406312 11.894011 0
5.65 -7.71 1.97 22.47 1.67 45.406312 11.894011 1
5.71 -7.84 1.78 21.99 1.67 45.406312 11.894011 0
6.07 -8.05 2.02 22.28 1.67 45.406312 11.894011 1
5.95 -7.84 1.85 21.78 1.67 45.406312 11.894011 1
5.74 -7.5 2.23 22.31 1.67 45.406312 11.894011 1
5.76 -7.91 1.71 23.27 1.67 45.406312 11.894011 1
5.9 -7.45 1.89 22.36 1.67 45.406312 11.894011 1
5.98 -8.21 1.9 22.33 1.67 45.406312 11.894011 1
6.06 -7.83 1.78 22.45 1.67 45.406312 11.894011 1
5.79 -8.17 1.92 22.6 1.67 45.406312 11.894011 1
5.64 -8.05 1.5 22.52 1.67 45.406312 11.894011 1
5.69 -7.8 1.62 22.24 1.67 45.406312 11.894011 1
5.72 -7.78 1.62 22.09 1.67 45.406312 11.894011 1
5.59 -8.02 1.87 22.43 1.67 45.406312 11.894011 1
5.99 -7.94 2.07 22.84 1.67 45.406312 11.894011 1
5.85 -8.21 1.61 21.8 1.67 45.406312 11.894011 1
5.78 -7.81 1.68 23.17 1.67 45.406312 11.894011 1
5.99 -7.97 1.84 22.86 2.58 45.406315 11.894038 0
5.94 -7.71 1.82 22.38 2.58 45.406315 11.894038 1
5.7 -7.65 1.99 22.38 2.58 45.406315 11.894038 0
5.77 -8.18 1.46 21.88 2.58 45.406315 11.894038 1
5.89 -8.05 1.21 23.31 2.58 45.406315 11.894038 1
5.49 -8.0 1.87 21.88 2.58 45.406315 11.894038 1
5.93 -7.92 1.45 21.97 2.58 45.406315 11.894038 1
5.76 -7.95 1.58 23.36 2.58 45.406315 11.894038 1
6.02 -7.8 2.05 22.6 2.58 45.406315 11.894038 1
5.74 -7.79 1.71 22.6 2.58 45.406315 11.894038 1
5.96 -8.0 1.7 21.99 2.58 45.406315 11.894038 1
5.83 -7.7 1.7 22.86 2.58 45.406315 11.894038 1
6.29 -7.86 2.0 22.04 2.58 45.406315 11.894038 1
5.71 -8.18 1.66 23.43 2.58 45.406315 11.894038 1
5.55 -7.78 1.58 26.07 2.58 45.406315 11.894038 1
