5.84 -8.06 1.44 22.11 1.14 45.406295 11.894219 1
5.85 -8.01 1.7 21.95 1.14 45.406295 11.894219 1
5.64 -8.26 1.71 21.87 2.42 45.406293 11.894251 0
5.74 -8.02 1.89 22.4 2.42 45.406293 11.894251 1
5.82 -7.89 1.78 22.35 2.42 45.406293 11.894251 0
6.02 -7.95 1.64 21.9 2.42 45.406293 11.894251 1
5.44 -7.57 1.69 22.38 2.42 45.406293 11.894251 1
5.72 -7.71 1.95 22.02 2.42 45.406293 11.894251 1
5.74 -8.11 2.05 22.74 2.42 45.406293 11.894251 1
5.81 -7.61 1.81 21.93 2.42 45.406293 11.894251 1
5.71 -8.13 1.93 21.88 2.42 45.406293 11.894251 1
5.65 -7.66 1.77 22.48 2.42 45.406293 11.894251 1
5.61 -7.91 2.02 22.09 2.42 45.406293 11.894251 1
5.82 -7.75 1.67 22.48 2.42 45.406293 11.894251 1
5.83 -8.07 1.93 21.95 2.42 45.406293 11.894251 1
5.73 -7.85 2.13 22.09 2.42 45.406293 11.894251 1
5.82 -8.17 2.12 22.5 2.42 45.406293 11.894251 1
5.53 -7.69 1.81 22.55 2.42 45.406293 11.894251 1
5.71 -8.25 1.79 22.11 2.42 45.406293 11.894251 1
5.91 -7.66 1.51 21.83 2.42 45.406293 11.894251 1
5.99 -8.02 1.55 21.9 2.46 45.406291 11.894286 0
5.63 -8.39 1.51 23.7 2.46 45.406291 11.894286 1
5.8 -7.44 1.66 22.64 2.46 45.406291 11.894286 0
5.61 -8.05 2.04 22.67 2.46 45.406291 11.894286 1
5.66 -7.39 1.92 21.52 2.46 45.406291 11.894286 1
5.69 -8.21 0.79 21.52 2.46 45.406291 11.894286 1
6.45 -8.36 1.66 21.87 2.46 45.406291 11.894286 1
5.45 -8.08 1.32 21.92 2.46 45.406291 11.894286 1
5.96 -7.87 1.86 22.14 2.46 45.406291 11.894286 1
5.74 -8.02 1.77 22.14 2.46 45.406291 11.894286 1
5.58 -7.48 1.75 22.19 2.46 45.406291 11.894286 1
5.4 -8.05 1.83 21.95 2.46 45.406291 11.894286 1
6.3 -7.66 1.6 21.95 2.46 45.406291 11.894286 1
4.93 -8.66 1.76 21.83 2.46 45.406291 11.894286 1
5.52 -7.54 1.89 21.73 2.46 45.406291 11.894286 1
