5.53 -7.83 2.28 23.36 2.58 45.406315 11.894038 1
5.56 -7.47 2.21 22.35 2.58 45.406315 11.894038 1
5.73 -8.31 1.89 22.79 2.28 45.406311 11.894064 0
5.67 -8.39 1.77 23.02 2.28 45.406311 11.894064 1
5.92 -7.82 1.82 22.54 2.28 45.406311 11.894064 0
5.85 -7.81 1.72 22.42 2.28 45.406311 11.894064 1
5.74 -8.07 1.71 23.17 2.28 45.406311 11.894064 1
6.22 -8.25 1.67 21.49 2.28 45.406311 11.894064 1
5.7 -8.32 2.01 23.43 2.28 45.406311 11.894064 1
5.68 -8.09 1.97 22.79 2.28 45.406311 11.894064 1
5.96 -7.69 1.62 22.38 2.28 45.406311 11.894064 1
5.95 -7.74 2.23 22.86 2.28 45.406311 11.894064 1
6.16 -8.18 1.84 22.29 2.28 45.406311 11.894064 1
5.7 -8.02 1.38 22.84 2.28 45.406311 11.894064 1
5.93 -7.87 1.49 22.88 2.28 45.406311 11.894064 1
5.54 -8.02 1.75 22.14 2.28 45.406311 11.894064 1
5.54 -7.46 1.6 23.0 2.28 45.406311 11.894064 1
6.08 -8.18 1.67 22.04 2.28 45.406311 11.894064 1
5.97 -8.23 1.63 21.9 2.28 45.406311 11.894064 1
6.09 -7.63 1.59 23.63 2.28 45.406311 11.894064 1
5.88 -8.22 1.75 21.95 1.0 45.406316 11.894072 0
6.0 -7.69 1.83 21.81 1.0 45.406316 11.894072 1
5.79 -6.72 2.05 21.76 1.0 45.406316 11.894072 0
6.68 -9.17 2.01 23.72 1.0 45.406316 11.894072 1
5.78 -8.5 1.99 21.78 1.0 45.406316 11.894072 1
5.58 -7.24 2.05 22.38 1.0 45.406316 11.894072 1
5.61 -7.77 2.08 22.12 1.0 45.406316 11.894072 1
5.79 -7.8 1.98 21.81 1.0 45.406316 11.894072 1
5.82 -7.04 2.06 22.04 1.0 45.406316 11.894072 1
6.07 -8.81 1.65 21.78 1.0 45.406316 11.894072 1
5.59 -7.72 1.9 21.78 1.0 45.406316 11.894072 1
6.69 -8.69 1.63 22.78 1.0 45.406316 11.894072 1
4.94 -7.25 1.71 23.38 1.0 45.406316 11.894072 1
5.56 -7.42 1.65 22.86 1.0 45.406316 11.894072 1
6.59 -7.97 1.81 22.79 1.0 45.406316 11.894072 1
