5.86 -7.85 1.92 22.86 2.9 45.407775 11.899389 1 1
5.97 -7.71 1.26 22.07 2.9 45.407775 11.899389 1 1
5.61 -7.94 1.4 22.42 2.9 45.407775 11.899389 1 1
5.77 -7.86 1.36 22.09 2.9 45.407775 11.899389 1 1
5.69 -8.1 1.62 21.9 2.9 45.407775 11.899389 1 1
5.83 -7.59 1.95 22.24 2.9 45.407775 11.899389 1 1
6.4 -7.7 2.04 22.21 2.9 45.407775 11.899389 1 1
6.2 -7.88 2.02 22.29 2.9 45.407775 11.899389 1 1
6.09 -7.39 2.23 21.78 2.9 45.407775 11.899389 1 1
6.57 -7.35 2.07 22.26 2.74 45.407785 11.899423 0 1
6.45 -7.5 1.98 21.99 2.74 45.407785 11.899423 1 1
5.92 -7.52 2.07 21.93 2.74 45.407785 11.899423 0 1
6.12 -7.29 1.87 21.88 2.74 45.407785 11.899423 1 1
5.64 -8.39 1.86 21.85 2.74 45.407785 11.899423 1 1
5.5 -7.92 1.71 21.92 2.74 45.407785 11.899423 1 1
5.73 -7.87 1.52 21.9 2.74 45.407785 11.899423 1 1
5.89 -8.01 1.75 23.41 2.74 45.407785 11.899423 1 1
5.95 -7.46 1.6 22.14 2.74 45.407785 11.899423 1 1
6.25 -7.99 1.76 22.88 2.74 45.407785 11.899423 1 1
6.15 -7.44 1.85 21.92 2.74 45.407785 11.899423 1 1
6.01 -7.52 2.21 22.19 2.74 45.407785 11.899423 1 1
7.07 -9.12 2.2 21.59 2.74 45.407785 11.899423 1 1
6.59 -7.55 1.82 21.95 2.74 45.407785 11.899423 1 1
5.1 -7.54 1.67 22.88 2.74 45.407785 11.899423 1 1
6.26 -7.81 1.53 24.3 2.74 45.407785 11.899423 1 1
6.62 -8.01 1.72 22.24 2.74 45.407785 11.899423 1 1
6.35 -7.27 2.22 21.83 2.23 45.407795 11.899448 0 1
4.49 -8.91 2.4 21.42 2.23 45.407795 11.899448 1 1
5.49 -7.46 2.32 20.87 2.23 45.407795 11.899448 0 1
6.75 -7.81 1.72 21.23 2.23 45.407795 11.899448 1 1
6.45 -9.42 1.71 21.87 2.23 45.407795 11.899448 1 1
5.47 -6.69 2.26 22.16 2.23 45.407795 11.899448 1 1
6.06 -6.38 1.98 22.21 2.23 45.407795 11.899448 1 1
6.96 -6.39 2.06 22.04 2.23 45.407795 11.899448 1 1
5.94 -8.12 2.09 22.0 2.23 45.407795 11.899448 1 1
