6.31 -7.95 1.64 21.95 2.66 45.407736 11.899249 0 0
5.75 -7.79 1.48 21.85 2.66 45.407736 11.899249 1 0
6.11 -8.19 1.68 22.17 2.66 45.407736 11.899249 1 0
6.18 -7.64 2.13 21.8 2.66 45.407736 11.899249 1 0
6.07 -8.08 1.77 22.29 2.66 45.407736 11.899249 1 0
5.63 -7.94 1.53 21.85 2.66 45.407736 11.899249 1 0
6.26 -7.55 1.71 22.36 2.66 45.407736 11.899249 1 0
5.99 -7.83 1.78 22.95 2.66 45.407736 11.899249 1 0
5.37 -8.15 1.78 21.93 2.66 45.407736 11.899249 1 0
5.62 -7.8 1.68 22.29 2.66 45.407736 11.899249 0 0
5.98 -7.87 1.81 22.26 2.66 45.407736 11.899249 1 0
5.91 -7.76 1.95 22.29 2.66 45.407736 11.899249 0 0
5.93 -7.61 1.97 21.44 2.66 45.407736 11.899249 1 0
5.99 -7.73 2.07 21.97 2.66 45.407736 11.899249 1 0
6.25 -7.58 1.81 22.81 2.66 45.407736 11.899249 1 0
6.38 -7.45 2.0 22.0 2.66 45.407736 11.899249 1 0
5.87 -7.87 1.77 22.0 2.66 45.407736 11.899249 1 0
5.93 -8.1 1.87 21.99 2.66 45.407736 11.899249 1 0
5.54 -8.2 2.07 21.45 2.66 45.407736 11.899249 1 0
5.13 -8.32 1.91 22.29 2.66 45.407736 11.899249 1 0
5.52 -7.89 1.78 21.95 2.66 45.407736 11.899249 1 0
5.83 -8.29 1.74 22.35 2.66 45.407736 11.899249 1 0
5.62 -7.82 2.01 21.92 2.66 45.407736 11.899249 1 0
6.14 -8.0 1.92 23.55 2.66 45.407736 11.899249 1 0
6.15 -7.3 2.51 22.0 2.66 45.407736 11.899249 1 0
6.33 -7.86 2.3 21.78 2.66 45.407736 11.899249 1 0
6.09 -7.4 1.9 22.19 1.81 45.407747 11.899261 0 0
6.41 -7.84 1.51 22.31 1.81 45.407747 11.899261 1 0
5.91 -7.65 1.78 22.35 1.81 45.407747 11.899261 0 0
5.58 -7.77 1.91 21.9 1.81 45.407747 11.899261 1 0
5.75 -8.01 1.61 23.17 1.81 45.407747 11.899261 1 0
5.83 -7.96 1.39 21.92 1.81 45.407747 11.899261 1 0
5.96 -7.87 1.91 23.99 1.81 45.407747 11.899261 1 0
5.69 -7.72 1.65 22.81 1.81 45.407747 11.899261 1 0
5.87 -7.77 1.79 22.57 1.81 45.407747 11.899261 1 0
