5.98 -8.21 2.01 22.0 3.21 45.407860 11.899760 1 0
5.41 -8.2 2.07 21.97 3.21 45.407860 11.899760 1 0
5.91 -7.98 2.14 21.54 3.21 45.407860 11.899760 1 0
6.25 -7.7 1.91 21.93 3.21 45.407860 11.899760 1 0
5.8 -7.96 2.02 21.54 3.21 45.407860 11.899760 1 0
5.69 -8.1 1.95 21.92 3.21 45.407860 11.899760 1 0
6.02 -7.9 1.52 22.09 3.21 45.407860 11.899760 1 0
5.87 -7.69 1.57 21.69 3.21 45.407860 11.899760 1 0
5.87 -7.69 1.57 21.69 3.21 45.407860 11.899760 1 0
5.87 -7.7 1.58 21.69 3.21 45.407860 11.899760 1 0
5.87 -7.68 1.57 21.69 3.21 45.407860 11.899760 1 0
5.87 -7.69 1.56 21.69 3.21 45.407860 11.899760 1 0
5.86 -7.69 1.57 21.69 3.21 45.407860 11.899760 1 0
5.88 -7.69 1.57 21.69 3.21 45.407860 11.899760 1 0
5.86 -7.68 1.57 21.69 3.21 45.407860 11.899760 1 0
5.87 -7.7 1.57 21.69 3.21 45.407860 11.899760 1 0
5.87 -7.69 1.56 21.69 3.21 45.407860 11.899760 1 0
5.87 -7.69 1.56 21.69 3.21 45.407860 11.899760 1 0
5.87 -7.68 1.57 21.69 3.21 45.407860 11.899760 1 0
5.86 -7.7 1.57 21.69 3.21 45.407860 11.899760 1 0
5.87 -7.68 1.57 21.68 3.21 45.407860 11.899760 1 0
5.87 -7.68 1.58 21.7 3.21 45.407860 11.899760 1 0
5.86 -7.69 1.58 21.7 3.21 45.407860 11.899760 1 0
5.87 -7.68 1.58 21.7 3.21 45.407860 11.899760 1 0
5.88 -7.69 1.57 21.69 3.21 45.407860 11.899760 1 0
5.87 -7.69 1.58 21.68 3.21 45.407860 11.899760 1 0
5.87 -7.68 1.56 21.69 3.21 45.407860 11.899760 1 0
5.87 -7.7 1.57 21.69 3.21 45.407860 11.899760 1 0
5.87 -7.68 1.57 21.68 3.21 45.407860 11.899760 1 0
5.86 -7.69 1.57 21.69 3.21 45.407860 11.899760 1 0
5.88 -7.7 1.57 21.68 3.21 45.407860 11.899760 1 0
5.87 -7.68 1.57 21.7 3.21 45.407860 11.899760 1 0
5.87 -7.69 1.57 21.69 3.21 45.407860 11.899760 1 0
5.87 -7.7 1.56 21.68 3.21 45.407860 11.899760 1 0
5.86 -7.69 1.56 21.69 3.21 45.407860 11.899760 1 0
