6.52 -7.37 2.07 22.35 2.91 45.406377 11.895348 1
4.43 -7.83 2.3 22.86 2.91 45.406377 11.895348 1
5.5 -7.11 1.24 22.67 2.91 45.406377 11.895348 1
5.71 -8.36 2.24 22.02 2.91 45.406377 11.895348 1
6.24 -7.51 1.86 22.59 2.91 45.406377 11.895348 1
5.55 -9.48 1.1 23.55 2.91 45.406377 11.895348 1
5.72 -7.25 1.87 22.57 2.91 45.406377 11.895348 1
5.67 -7.02 1.14 22.86 2.91 45.406377 11.895348 1
5.97 -7.58 1.36 22.81 2.91 45.406377 11.895348 1
6.15 -8.02 1.57 22.48 2.91 45.406377 11.895348 1
5.67 -8.07 1.81 21.97 2.91 45.406377 11.895348 1
4.97 -7.59 1.94 22.26 2.85 45.406370 11.895387 0
5.77 -7.66 1.89 22.19 2.85 45.406370 11.895387 1
6.11 -7.91 1.64 21.64 2.85 45.406370 11.895387 0
5.72 -8.19 1.63 21.8 2.85 45.406370 11.895387 1
5.47 -8.17 1.91 22.24 2.85 45.406370 11.895387 1
5.61 -7.77 2.35 21.45 2.85 45.406370 11.895387 1
5.69 -7.52 2.32 21.92 2.85 45.406370 11.895387 1
5.82 -7.82 1.94 22.33 2.85 45.406370 11.895387 1
5.74 -7.94 1.97 22.42 2.85 45.406370 11.895387 1
5.53 -7.8 1.92 22.02 2.85 45.406370 11.895387 1
5.65 -7.81 2.14 21.64 2.85 45.406370 11.895387 1
5.86 -7.88 2.01 22.09 2.85 45.406370 11.895387 1
5.78 -7.83 1.9 23.8 2.85 45.406370 11.895387 1
5.91 -7.93 1.52 22.11 2.85 45.406370 11.895387 1
5.96 -8.07 1.74 22.91 2.85 45.406370 11.895387 1
5.57 -7.92 1.61 22.52 2.85 45.406370 11.895387 1
5.84 -7.92 1.41 21.85 2.85 45.406370 11.895387 1
6.06 -7.79 1.12 22.36 2.85 45.406370 11.895387 1
5.94 -7.8 1.56 21.95 3.26 45.406366 11.895427 0
5.66 -8.04 1.66 21.81 3.26 45.406366 11.895427 1
5.83 -7.62 1.82 22.4 3.26 45.406366 11.895427 0
5.85 -8.35 1.8 22.35 3.26 45.406366 11.895427 1
5.77 -7.74 1.74 22.26 3.26 45.406366 11.895427 1
5.79 -8.11 1.47 21.71 3.26 45.406366 11.895427 1
