5.68 -7.76 1.68 22.21 2.62 45.406382 11.895213 1
5.92 -7.62 1.66 22.48 2.62 45.406382 11.895213 1
5.89 -7.73 1.13 22.76 2.62 45.406382 11.895213 1
6.17 -7.71 1.64 22.07 2.62 45.406382 11.895213 1
6.28 -8.24 1.53 21.95 2.62 45.406382 11.895213 1
5.85 -8.6 1.71 21.59 2.62 45.406382 11.895213 1
5.47 -8.03 1.66 22.09 2.62 45.406382 11.895213 1
5.46 -7.62 2.14 21.59 2.62 45.406382 11.895213 1
5.76 -7.89 1.91 21.95 2.62 45.406382 11.895213 1
6.2 -7.62 1.65 21.92 2.62 45.406382 11.895213 1
5.81 -8.22 1.56 21.9 2.62 45.406382 11.895213 1
5.68 -8.04 1.52 21.95 2.17 45.406382 11.895240 0
5.44 -7.87 1.74 22.45 2.17 45.406382 11.895240 1
5.74 -7.75 1.56 21.99 2.17 45.406382 11.895240 0
6.02 -7.57 1.79 22.45 2.17 45.406382 11.895240 1
5.83 -8.05 1.77 22.0 2.17 45.406382 11.895240 1
7.08 -7.67 1.98 22.93 2.17 45.406382 11.895240 1
4.8 -7.89 1.77 22.67 2.17 45.406382 11.895240 1
4.92 -7.55 1.84 22.42 2.17 45.406382 11.895240 1
6.05 -7.96 1.77 30.49 2.17 45.406382 11.895240 1
5.96 -8.11 1.58 21.4 2.17 45.406382 11.895240 1
5.93 -9.5 1.64 21.8 2.17 45.406382 11.895240 1
6.22 -8.29 1.96 21.92 2.17 45.406382 11.895240 1
5.17 -6.96 1.95 23.86 2.17 45.406382 11.895240 1
5.59 -7.09 1.51 23.51 2.17 45.406382 11.895240 1
5.71 -7.38 1.57 23.12 2.17 45.406382 11.895240 1
6.15 -7.39 1.68 22.42 2.17 45.406382 11.895240 1
6.44 -8.21 1.91 21.92 2.17 45.406382 11.895240 1
5.82 -8.67 1.98 22.0 2.17 45.406382 11.895240 1
6.05 -8.09 1.69 22.31 2.83 45.406381 11.895272 0
5.71 -8.6 1.74 22.35 2.83 45.406381 11.895272 1
5.59 -7.26 1.71 21.78 2.83 45.406381 11.895272 0
5.56 -7.82 1.84 22.09 2.83 45.406381 11.895272 1
5.79 -7.97 1.85 22.5 2.83 45.406381 11.895272 1
5.95 -8.38 1.72 21.85 2.83 45.406381 11.895272 1
