5.61 -8.38 1.92 21.95 2.22 45.406379 11.895152 1
5.71 -8.07 1.92 22.05 2.22 45.406379 11.895152 1
5.59 -8.04 1.84 22.05 2.22 45.406379 11.895152 1
5.62 -7.78 1.93 22.52 2.22 45.406379 11.895152 1
5.75 -7.85 2.03 22.43 2.22 45.406379 11.895152 1
5.64 -8.01 2.07 22.05 2.22 45.406379 11.895152 1
5.99 -7.73 1.77 22.0 2.22 45.406379 11.895152 1
6.04 -7.79 1.82 22.0 2.22 45.406379 11.895152 1
5.8 -8.21 1.47 22.43 2.22 45.406379 11.895152 1
5.94 -7.81 1.49 22.19 2.22 45.406379 11.895152 1
5.73 -7.92 1.59 22.96 2.22 45.406379 11.895152 1
5.58 -7.68 2.09 22.04 2.66 45.406381 11.895182 0
5.89 -7.85 2.13 21.97 2.66 45.406381 11.895182 1
6.08 -8.11 1.79 21.95 2.66 45.406381 11.895182 0
6.08 -7.96 1.69 22.4 2.66 45.406381 11.895182 1
5.8 -7.96 1.48 22.0 2.66 45.406381 11.895182 1
5.76 -7.83 1.53 22.11 2.66 45.406381 11.895182 1
5.99 -8.12 1.6 22.5 2.66 45.406381 11.895182 1
5.85 -7.79 1.58 22.04 2.66 45.406381 11.895182 1
5.77 -7.84 1.67 22.0 2.66 45.406381 11.895182 1
5.69 -8.34 1.73 22.42 2.66 45.406381 11.895182 1
5.82 -8.07 1.73 22.43 2.66 45.406381 11.895182 1
6.06 -7.98 1.73 22.16 2.66 45.406381 11.895182 1
5.57 -7.78 2.12 22.14 2.66 45.406381 11.895182 1
5.67 -7.74 2.49 22.09 2.66 45.406381 11.895182 1
6.08 -7.88 2.14 21.97 2.66 45.406381 11.895182 1
6.02 -7.96 2.01 21.97 2.66 45.406381 11.895182 1
5.83 -7.93 1.79 21.88 2.66 45.406381 11.895182 1
5.79 -7.78 1.79 21.99 2.66 45.406381 11.895182 1
5.65 -7.81 2.04 22.04 2.62 45.406382 11.895213 0
5.58 -7.68 1.91 21.97 2.62 45.406382 11.895213 1
5.64 -8.11 1.71 21.44 2.62 45.406382 11.895213 0
5.88 -8.15 1.64 21.33 2.62 45.406382 11.895213 1
5.99 -8.09 1.98 22.23 2.62 45.406382 11.895213 1
5.89 -7.84 2.07 22.47 2.62 45.406382 11.895213 1
