5.6 -7.77 1.83 22.71 3.41 45.868615 12.306906 0
5.53 -8.32 2.01 23.08 3.41 45.868615 12.306906 1
5.58 -8.09 1.61 22.95 3.41 45.868615 12.306906 0
5.77 -7.8 1.49 23.07 3.41 45.868615 12.306906 0
6.03 -8.03 1.69 23.74 3.41 45.868615 12.306906 0
6.21 -7.89 2.2 22.55 3.41 45.868615 12.306906 0
6.0 -7.67 2.38 22.93 3.41 45.868615 12.306906 0
5.87 -7.51 1.95 23.39 3.41 45.868615 12.306906 0
6.04 -7.66 1.99 23.29 3.41 45.868615 12.306906 0
6.0 -7.78 1.93 26.62 3.41 45.868615 12.306906 0
5.83 -8.12 2.03 23.26 3.41 45.868615 12.306906 0
5.81 -8.03 2.16 23.34 3.41 45.868615 12.306906 0
5.49 -7.72 1.82 22.31 3.41 45.868615 12.306906 0
5.46 -7.98 1.68 23.08 3.41 45.868615 12.306906 0
5.85 -8.35 1.89 22.9 3.41 45.868615 12.306906 0
6.2 -7.58 1.86 22.64 3.41 45.868615 12.306906 0
5.84 -7.98 1.66 22.36 3.41 45.868585 12.306916 1
5.89 -7.8 1.85 23.29 3.41 45.868585 12.306916 0
6.21 -7.64 1.77 24.1 3.41 45.868585 12.306916 1
6.04 -7.65 2.15 22.67 3.41 45.868585 12.306916 0
5.92 -7.87 1.95 22.96 3.41 45.868585 12.306916 0
6.1 -7.78 2.11 23.12 3.41 45.868585 12.306916 0
5.76 -7.9 1.92 22.28 3.41 45.868585 12.306916 0
5.42 -7.94 1.59 22.88 3.41 45.868585 12.306916 0
5.68 -8.09 1.48 22.71 3.41 45.868585 12.306916 0
5.66 -7.56 1.99 22.74 3.41 45.868585 12.306916 0
5.77 -8.01 2.06 22.93 3.41 45.868585 12.306916 0
5.63 -7.71 2.08 22.98 3.41 45.868585 12.306916 0
5.63 -7.87 1.87 22.78 3.41 45.868585 12.306916 0
5.94 -8.0 2.36 22.79 3.41 45.868585 12.306916 0
5.59 -7.88 2.07 23.03 3.41 45.868585 12.306916 0
5.61 -7.85 1.87 22.88 3.41 45.868585 12.306916 0
5.98 -7.59 1.92 22.67 3.42 45.868555 12.306926 1
5.84 -8.44 1.43 23.12 3.42 45.868555 12.306926 0
5.76 -8.66 1.79 22.17 3.42 45.868555 12.306926 1
5.22 -6.91 1.8 22.71 3.42 45.868555 12.306926 0
5.58 -7.77 2.2 23.34 3.42 45.868555 12.306926 0
5.87 -7.89 2.21 22.69 3.42 45.868555 12.306926 0
6.04 -7.91 1.95 22.36 3.42 45.868555 12.306926 0
5.62 -8.02 2.07 23.0 3.42 45.868555 12.306926 0
5.83 -7.29 1.7 22.9 3.42 45.868555 12.306926 0
6.09 -7.47 1.78 22.62 3.42 45.868555 12.306926 0
5.9 -7.69 1.87 23.94 3.42 45.868555 12.306926 0
5.89 -7.92 1.96 23.24 3.42 45.868555 12.306926 0
6.0 -8.41 2.08 22.78 3.42 45.868555 12.306926 0
5.76 -7.7 1.92 23.31 3.42 45.868555 12.306926 0
5.62 -7.63 2.15 22.98 3.42 45.868555 12.306926 0
6.01 -8.0 1.78 24.1 3.42 45.868555 12.306926 0
5.18 -7.36 2.08 22.96 3.42 45.868555 12.306926 0
5.66 -8.09 2.0 22.52 3.3 45.868526 12.306935 1
6.09 -7.7 1.82 22.43 3.3 45.868526 12.306935 0
5.71 -7.75 2.09 23.19 3.3 45.868526 12.306935 1
5.91 -8.74 2.1 23.75 3.3 45.868526 12.306935 0
5.27 -6.48 1.76 23.86 3.3 45.868526 12.306935 0
5.97 -8.16 2.01 23.22 3.3 45.868526 12.306935 0
6.29 -7.42 2.01 22.84 3.3 45.868526 12.306935 0
6.25 -7.7 1.75 23.38 3.3 45.868526 12.306935 0
5.88 -8.28 1.9 23.14 3.3 45.868526 12.306935 0
5.5 -7.44 1.86 23.34 3.3 45.868526 12.306935 0
5.72 -7.62 1.97 22.83 3.3 45.868526 12.306935 0
5.58 -7.6 2.0 22.74 3.3 45.868526 12.306935 0
5.76 -8.43 1.97 23.1 3.3 45.868526 12.306935 0
5.44 -8.04 2.17 22.74 3.3 45.868526 12.306935 0
5.26 -8.12 1.83 23.38 3.3 45.868526 12.306935 0
5.63 -8.02 2.23 23.03 3.3 45.868526 12.306935 0
6.03 -7.16 2.1 22.79 3.3 45.868526 12.306935 0
6.12 -7.59 1.77 22.66 3.32 45.868497 12.306943 1
6.37 -8.16 1.56 22.69 3.32 45.868497 12.306943 0
6.26 -7.39 1.83 23.63 3.32 45.868497 12.306943 1
5.91 -8.01 2.38 23.24 3.32 45.868497 12.306943 0
5.83 -7.78 1.94 22.74 3.32 45.868497 12.306943 0
6.53 -7.58 1.78 23.02 3.32 45.868497 12.306943 0
5.53 -8.04 2.09 22.83 3.32 45.868497 12.306943 0
5.53 -8.17 1.65 22.96 3.32 45.868497 12.306943 0
5.7 -8.28 1.67 22.52 3.32 45.868497 12.306943 0
6.07 -7.35 1.66 23.6 3.32 45.868497 12.306943 0
5.86 -8.53 1.8 22.83 3.32 45.868497 12.306943 0
6.12 -7.35 2.16 23.72 3.32 45.868497 12.306943 0
5.83 -7.45 1.94 22.84 3.32 45.868497 12.306943 0
6.05 -8.08 1.81 22.83 3.32 45.868497 12.306943 0
6.04 -8.09 2.02 23.39 3.32 45.868497 12.306943 0
5.9 -7.88 1.99 22.93 3.32 45.868497 12.306943 0
5.91 -7.93 1.93 23.29 3.32 45.868497 12.306943 0
5.4 -7.86 1.91 22.96 3.35 45.868468 12.306953 1
5.62 -8.25 1.88 22.17 3.35 45.868468 12.306953 0
6.04 -7.74 1.94 21.97 3.35 45.868468 12.306953 1
5.94 -7.54 1.93 22.57 3.35 45.868468 12.306953 0
6.12 -8.25 1.83 22.79 3.35 45.868468 12.306953 0
5.51 -7.45 1.8 22.88 3.35 45.868468 12.306953 0
6.26 -7.99 2.05 22.9 3.35 45.868468 12.306953 0
5.49 -8.12 1.86 22.93 3.35 45.868468 12.306953 0
6.18 -7.85 2.01 22.79 3.35 45.868468 12.306953 0
5.87 -7.81 1.7 22.52 3.35 45.868468 12.306953 0
5.67 -7.89 1.54 23.99 3.35 45.868468 12.306953 0
5.78 -8.33 1.48 22.9 3.35 45.868468 12.306953 0
5.78 -6.97 1.9 22.9 3.35 45.868468 12.306953 0
5.64 -8.04 1.78 23.15 3.35 45.868468 12.306953 0
6.16 -8.04 1.86 22.71 3.35 45.868468 12.306953 0
5.82 -8.06 1.67 22.88 3.35 45.868468 12.306953 0
5.27 -7.8 1.7 22.71 3.35 45.868468 12.306953 0
5.6 -7.75 1.81 23.03 3.42 45.868437 12.306963 1
6.0 -7.9 2.23 22.67 3.42 45.868437 12.306963 0
6.39 -7.68 1.94 23.17 3.42 45.868437 12.306963 1
5.65 -7.83 2.01 22.69 3.42 45.868437 12.306963 0
5.65 -7.29 2.01 22.67 3.42 45.868437 12.306963 0
5.93 -8.24 1.92 22.57 3.42 45.868437 12.306963 0
6.18 -8.3 2.0 22.6 3.42 45.868437 12.306963 0
5.82 -8.11 2.02 22.98 3.42 45.868437 12.306963 0
5.41 -7.74 1.82 22.96 3.42 45.868437 12.306963 0
5.23 -7.59 1.48 22.79 3.42 45.868437 12.306963 0
6.0 -8.13 2.15 22.24 3.42 45.868437 12.306963 0
6.39 -8.42 1.97 22.36 3.42 45.868437 12.306963 0
5.99 -7.75 1.96 22.98 3.42 45.868437 12.306963 0
5.64 -7.61 1.88 23.03 3.42 45.868437 12.306963 0
6.08 -7.87 1.63 23.7 3.42 45.868437 12.306963 0
6.34 -7.87 1.76 23.08 3.42 45.868437 12.306963 0
6.15 -8.36 1.83 22.5 3.31 45.868408 12.306973 1
5.97 -7.52 1.86 22.55 3.31 45.868408 12.306973 0
6.16 -7.85 2.03 22.17 3.31 45.868408 12.306973 1
5.68 -7.86 2.08 23.17 3.31 45.868408 12.306973 0
5.47 -7.62 1.78 25.11 3.31 45.868408 12.306973 0
5.54 -8.17 1.78 23.55 3.31 45.868408 12.306973 0
5.9 -8.15 2.01 23.53 3.31 45.868408 12.306973 0
5.98 -7.89 2.03 23.63 3.31 45.868408 12.306973 0
6.07 -7.97 1.97 23.38 3.31 45.868408 12.306973 0
5.97 -7.41 2.4 23.29 3.31 45.868408 12.306973 0
5.94 -7.4 2.01 22.88 3.31 45.868408 12.306973 0
6.12 -7.94 2.14 22.42 3.31 45.868408 12.306973 0
6.14 -7.66 2.23 23.19 3.31 45.868408 12.306973 0
5.65 -7.78 1.86 23.24 3.31 45.868408 12.306973 0
5.65 -8.15 1.76 23.15 3.31 45.868408 12.306973 0
5.58 -8.01 1.88 22.31 3.31 45.868408 12.306973 0
5.64 -8.14 2.13 23.17 3.31 45.868408 12.306973 0
5.48 -7.59 1.95 22.17 3.29 45.868378 12.306980 1
5.59 -8.3 2.04 23.2 3.29 45.868378 12.306980 0
5.98 -7.79 1.7 22.81 3.29 45.868378 12.306980 1
6.14 -8.06 1.26 23.22 3.29 45.868378 12.306980 0
5.92 -7.94 1.58 22.74 3.29 45.868378 12.306980 0
6.04 -7.64 1.76 23.19 3.29 45.868378 12.306980 0
6.15 -8.0 1.94 23.08 3.29 45.868378 12.306980 0
5.89 -8.43 1.94 22.59 3.29 45.868378 12.306980 0
6.27 -7.82 1.9 23.19 3.29 45.868378 12.306980 0
6.17 -7.85 1.92 22.88 3.29 45.868378 12.306980 0
5.7 -7.62 1.96 22.84 3.29 45.868378 12.306980 0
5.86 -7.69 1.73 23.15 3.29 45.868378 12.306980 0
5.85 -7.72 1.76 38.95 3.29 45.868378 12.306980 0
5.77 -8.36 1.77 23.6 3.29 45.868378 12.306980 0
5.68 -8.07 1.95 23.31 3.29 45.868378 12.306980 0
5.92 -7.37 2.22 23.32 3.29 45.868378 12.306980 0
5.77 -7.37 2.17 27.18 3.29 45.868378 12.306980 0
6.09 -7.84 2.03 22.93 3.18 45.868350 12.306987 1
6.09 -7.86 2.11 23.53 3.18 45.868350 12.306987 0
5.64 -7.8 1.88 23.08 3.18 45.868350 12.306987 1
5.74 -7.93 2.17 23.2 3.18 45.868350 12.306987 0
5.75 -7.67 1.92 23.02 3.18 45.868350 12.306987 0
5.87 -8.38 2.03 22.93 3.18 45.868350 12.306987 0
5.37 -8.04 2.06 23.14 3.18 45.868350 12.306987 0
5.62 -8.19 1.92 26.81 3.18 45.868350 12.306987 0
5.99 -7.9 2.26 22.84 3.18 45.868350 12.306987 0
6.18 -8.0 2.25 23.31 3.18 45.868350 12.306987 0
6.03 -7.66 2.23 22.88 3.18 45.868350 12.306987 0
5.51 -7.18 1.97 22.88 3.18 45.868350 12.306987 0
5.97 -7.56 2.05 23.14 3.18 45.868350 12.306987 0
5.92 -8.28 1.7 23.05 3.18 45.868350 12.306987 0
6.4 -7.62 1.62 23.0 3.18 45.868350 12.306987 0
6.47 -7.77 1.85 22.78 3.18 45.868350 12.306987 0
6.02 -7.89 1.48 23.22 3.18 45.868350 12.306987 0
5.8 -7.76 1.37 22.9 3.22 45.868323 12.307001 1
5.58 -7.46 1.57 23.12 3.22 45.868323 12.307001 0
5.91 -8.28 1.48 22.57 3.22 45.868323 12.307001 1
5.93 -8.27 1.73 22.55 3.22 45.868323 12.307001 0
5.59 -7.95 2.11 23.14 3.22 45.868323 12.307001 0
5.93 -7.3 2.05 22.69 3.22 45.868323 12.307001 0
6.49 -7.75 1.91 22.71 3.22 45.868323 12.307001 0
5.87 -7.61 1.88 22.29 3.22 45.868323 12.307001 0
6.13 -8.03 1.8 23.19 3.22 45.868323 12.307001 0
6.13 -7.45 1.95 22.81 3.22 45.868323 12.307001 0
6.05 -7.35 2.05 22.31 3.22 45.868323 12.307001 0
6.0 -7.47 1.94 22.84 3.22 45.868323 12.307001 0
5.82 -7.96 2.09 23.03 3.22 45.868323 12.307001 0
5.66 -7.38 1.86 23.38 3.22 45.868323 12.307001 0
5.66 -7.81 1.95 22.47 3.22 45.868323 12.307001 0
5.82 -7.98 1.73 22.21 3.22 45.868323 12.307001 0
6.25 -7.93 1.69 22.11 3.22 45.868323 12.307001 0
5.77 -7.24 1.69 22.62 3.37 45.868294 12.307014 1
6.0 -8.05 1.76 23.91 3.37 45.868294 12.307014 0
6.02 -7.79 1.49 23.5 3.37 45.868294 12.307014 1
6.21 -7.44 1.75 23.38 3.37 45.868294 12.307014 0
5.6 -6.93 1.82 22.81 3.37 45.868294 12.307014 0
5.71 -7.51 2.08 22.33 3.37 45.868294 12.307014 0
6.06 -8.26 1.63 22.62 3.37 45.868294 12.307014 0
6.22 -7.96 1.48 22.79 3.37 45.868294 12.307014 0
5.6 -8.07 1.66 23.14 3.37 45.868294 12.307014 0
4.9 -7.47 1.73 23.03 3.37 45.868294 12.307014 0
6.1 -8.05 2.04 23.41 3.37 45.868294 12.307014 0
5.95 -8.47 2.3 27.92 3.37 45.868294 12.307014 0
5.76 -7.73 2.06 23.39 3.37 45.868294 12.307014 0
5.67 -7.28 2.39 24.27 3.37 45.868294 12.307014 0
6.29 -6.81 2.16 22.24 3.37 45.868294 12.307014 0
6.94 -8.92 2.61 21.69 3.37 45.868294 12.307014 0
5.7 -6.52 2.35 23.29 3.36 45.868264 12.307024 1
5.3 -7.31 2.1 24.44 3.36 45.868264 12.307024 0
5.08 -5.83 2.86 25.12 3.36 45.868264 12.307024 1
6.97 -7.66 3.04 24.01 3.36 45.868264 12.307024 0
5.9 -9.31 1.79 22.71 3.36 45.868264 12.307024 0
6.55 -7.86 0.41 22.62 3.36 45.868264 12.307024 0
5.97 -8.44 1.73 22.6 3.36 45.868264 12.307024 0
6.09 -8.68 2.15 23.43 3.36 45.868264 12.307024 0
4.12 -5.16 2.06 24.39 3.36 45.868264 12.307024 0
4.82 -7.14 1.47 24.58 3.36 45.868264 12.307024 0
5.95 -8.57 2.12 27.49 3.36 45.868264 12.307024 0
7.0 -9.72 1.89 21.95 3.36 45.868264 12.307024 0
6.59 -10.77 2.29 52.62 3.36 45.868264 12.307024 0
3.76 -5.5 1.5 24.58 3.36 45.868264 12.307024 0
4.87 -7.49 1.23 23.07 3.36 45.868264 12.307024 0
5.29 -7.3 2.46 23.34 3.36 45.868264 12.307024 0
6.51 -9.61 1.99 24.34 3.36 45.868264 12.307024 0
6.5 -7.22 2.14 23.79 3.43 45.868233 12.307030 1
4.97 -5.32 1.86 24.42 3.43 45.868233 12.307030 0
6.65 -7.88 1.61 23.02 3.43 45.868233 12.307030 1
6.64 -7.89 1.91 22.74 3.43 45.868233 12.307030 0
7.82 -10.15 2.87 22.81 3.43 45.868233 12.307030 0
5.59 -6.57 1.82 24.49 3.43 45.868233 12.307030 0
5.68 -6.06 2.4 25.16 3.43 45.868233 12.307030 0
5.81 -7.09 1.58 23.53 3.43 45.868233 12.307030 0
6.72 -9.09 1.98 23.07 3.43 45.868233 12.307030 0
5.96 -9.27 3.02 23.08 3.43 45.868233 12.307030 0
5.06 -6.35 1.52 24.2 3.43 45.868233 12.307030 0
4.67 -7.26 2.9 23.03 3.43 45.868233 12.307030 0
5.85 -7.23 1.67 22.9 3.43 45.868233 12.307030 0
5.87 -7.86 1.88 23.03 3.43 45.868233 12.307030 0
5.98 -8.28 0.85 27.39 3.43 45.868233 12.307030 0
5.95 -7.71 1.91 23.41 3.43 45.868233 12.307030 0
6.05 -7.29 2.6 23.02 3.43 45.868233 12.307030 0
6.12 -6.25 1.89 23.86 3.5 45.868201 12.307037 1
6.12 -9.38 1.11 24.16 3.5 45.868201 12.307037 0
6.5 -6.37 1.5 22.96 3.5 45.868201 12.307037 1
5.6 -10.63 1.92 22.62 3.5 45.868201 12.307037 0
5.17 -7.76 2.41 22.95 3.5 45.868201 12.307037 0
5.88 -6.17 1.28 22.76 3.5 45.868201 12.307037 0
5.14 -9.0 0.45 23.17 3.5 45.868201 12.307037 0
6.54 -8.28 0.79 25.52 3.5 45.868201 12.307037 0
5.29 -6.84 3.12 24.04 3.5 45.868201 12.307037 0
4.91 -7.26 1.12 23.89 3.5 45.868201 12.307037 0
6.35 -7.66 2.45 24.2 3.5 45.868201 12.307037 0
6.61 -7.61 1.39 24.15 3.5 45.868201 12.307037 0
4.78 -8.32 1.14 22.72 3.5 45.868201 12.307037 0
5.47 -7.86 1.5 24.35 3.5 45.868201 12.307037 0
7.1 -7.18 1.7 23.17 3.5 45.868201 12.307037 0
5.14 -9.55 2.59 23.36 3.5 45.868201 12.307037 0
5.05 -6.19 1.45 23.5 3.5 45.868201 12.307037 0
5.5 -5.87 1.58 23.92 3.25 45.868171 12.307044 1
7.17 -9.17 1.89 21.66 3.25 45.868171 12.307044 0
6.73 -9.96 2.56 22.02 3.25 45.868171 12.307044 1
7.58 -6.92 2.99 23.43 3.25 45.868171 12.307044 0
6.46 -6.34 1.62 23.94 3.25 45.868171 12.307044 0
4.99 -5.57 2.24 27.11 3.25 45.868171 12.307044 0
5.03 -8.19 2.13 23.56 3.25 45.868171 12.307044 0
5.26 -6.67 2.67 23.1 3.25 45.868171 12.307044 0
4.4 -8.4 1.24 22.71 3.25 45.868171 12.307044 0
5.56 -8.8 2.23 23.17 3.25 45.868171 12.307044 0
6.7 -7.94 1.01 22.98 3.25 45.868171 12.307044 0
6.84 -7.9 1.16 25.38 3.25 45.868171 12.307044 0
5.75 -6.92 2.38 23.63 3.25 45.868171 12.307044 0
5.88 -8.33 2.7 24.13 3.25 45.868171 12.307044 0
6.26 -9.54 1.75 23.19 3.25 45.868171 12.307044 0
7.09 -8.03 2.09 25.0 3.25 45.868171 12.307044 0
5.0 -7.49 2.34 24.08 3.25 45.868171 12.307044 0
5.3 -8.01 2.12 23.27 3.41 45.868141 12.307051 1
6.03 -6.9 3.16 24.01 3.41 45.868141 12.307051 0
5.93 -10.62 2.45 23.99 3.41 45.868141 12.307051 1
5.03 -7.55 2.02 24.59 3.41 45.868141 12.307051 0
6.14 -5.36 1.11 23.27 3.41 45.868141 12.307051 0
6.61 -10.8 2.45 24.15 3.41 45.868141 12.307051 0
6.07 -9.41 2.4 23.46 3.41 45.868141 12.307051 0
8.34 -8.4 1.12 23.14 3.41 45.868141 12.307051 0
6.78 -6.35 1.45 23.87 3.41 45.868141 12.307051 0
4.07 -7.11 2.25 24.76 3.41 45.868141 12.307051 0
7.56 -9.18 3.31 23.31 3.41 45.868141 12.307051 0
5.9 -9.52 0.43 23.7 3.41 45.868141 12.307051 0
6.92 -7.74 1.22 23.94 3.41 45.868141 12.307051 0
6.66 -9.43 2.77 24.78 3.41 45.868141 12.307051 0
2.9 -4.01 3.61 26.33 3.41 45.868141 12.307051 0
6.11 -8.2 1.15 23.41 3.41 45.868141 12.307051 0
6.79 -7.58 2.18 25.78 3.41 45.868110 12.307058 1
6.93 -9.01 2.23 23.14 3.41 45.868110 12.307058 0
5.16 -9.52 1.96 22.84 3.41 45.868110 12.307058 1
5.85 -5.43 2.63 23.98 3.41 45.868110 12.307058 0
7.48 -6.59 2.46 22.62 3.41 45.868110 12.307058 0
4.75 -10.4 2.07 22.29 3.41 45.868110 12.307058 0
5.56 -9.02 3.55 24.46 3.41 45.868110 12.307058 0
5.55 -7.16 1.53 22.76 3.41 45.868110 12.307058 0
3.2 -5.76 2.43 23.31 3.41 45.868110 12.307058 0
5.83 -8.81 1.67 22.88 3.41 45.868110 12.307058 0
6.92 -7.45 2.15 23.19 3.41 45.868110 12.307058 0
6.35 -6.92 1.65 22.83 3.41 45.868110 12.307058 0
5.71 -7.67 0.81 22.93 3.41 45.868110 12.307058 0
6.2 -8.19 1.61 22.84 3.41 45.868110 12.307058 0
5.73 -7.64 2.32 22.67 3.41 45.868110 12.307058 0
5.75 -7.41 2.12 22.62 3.41 45.868110 12.307058 0
6.53 -9.21 1.75 22.09 3.41 45.868110 12.307058 0
5.21 -9.1 1.39 22.83 3.46 45.868079 12.307065 1
5.86 -8.02 2.18 22.84 3.46 45.868079 12.307065 0
4.87 -6.93 1.73 24.9 3.46 45.868079 12.307065 1
5.21 -8.75 2.18 25.5 3.46 45.868079 12.307065 0
7.06 -9.21 1.19 23.62 3.46 45.868079 12.307065 0
6.03 -8.15 0.87 22.83 3.46 45.868079 12.307065 0
3.84 -7.14 1.96 23.32 3.46 45.868079 12.307065 0
5.73 -8.34 2.15 24.32 3.46 45.868079 12.307065 0
5.43 -8.22 0.53 22.42 3.46 45.868079 12.307065 0
6.42 -7.46 0.81 23.48 3.46 45.868079 12.307065 0
5.34 -7.12 2.45 24.76 3.46 45.868079 12.307065 0
4.12 -6.67 2.1 23.2 3.46 45.868079 12.307065 0
6.35 -8.98 1.69 24.9 3.46 45.868079 12.307065 0
5.83 -6.9 2.46 23.27 3.46 45.868079 12.307065 0
5.67 -7.45 1.28 23.84 3.46 45.868079 12.307065 0
5.67 -6.69 2.03 23.08 3.46 45.868079 12.307065 0
5.85 -7.79 2.42 23.31 3.46 45.868079 12.307065 0
5.52 -8.2 2.08 22.43 3.35 45.868048 12.307070 1
6.64 -8.48 2.23 24.44 3.35 45.868048 12.307070 0
5.35 -6.59 2.36 23.2 3.35 45.868048 12.307070 1
6.5 -8.77 2.09 23.84 3.35 45.868048 12.307070 0
6.02 -8.0 1.32 24.01 3.35 45.868048 12.307070 0
5.23 -7.9 0.97 25.09 3.35 45.868048 12.307070 0
5.82 -9.41 1.45 23.44 3.35 45.868048 12.307070 0
6.05 -6.81 1.09 27.23 3.35 45.868048 12.307070 0
7.12 -8.99 1.27 23.02 3.35 45.868048 12.307070 0
5.12 -8.9 3.43 25.11 3.35 45.868048 12.307070 0
5.98 -7.76 1.55 26.7 3.35 45.868048 12.307070 0
6.42 -7.48 2.14 23.19 3.35 45.868048 12.307070 0
5.2 -8.12 2.86 23.51 3.35 45.868048 12.307070 0
5.74 -6.95 2.37 24.32 3.35 45.868048 12.307070 0
6.07 -8.43 1.6 24.2 3.35 45.868048 12.307070 0
6.58 -8.03 1.99 23.19 3.35 45.868048 12.307070 0
6.65 -8.88 1.51 23.07 3.35 45.868048 12.307070 0
6.05 -6.54 1.93 23.62 3.35 45.868018 12.307077 1
6.03 -8.83 1.92 24.2 3.35 45.868018 12.307077 0
6.08 -8.31 2.23 23.8 3.35 45.868018 12.307077 1
6.68 -9.56 1.35 23.92 3.35 45.868018 12.307077 0
6.56 -9.74 2.11 302.8 3.35 45.868018 12.307077 0
6.76 -7.81 0.46 5.73 3.35 45.868018 12.307077 0
4.99 -7.66 2.74 23.79 3.35 45.868018 12.307077 0
5.64 -7.95 2.35 25.54 3.35 45.868018 12.307077 0
5.59 -7.34 1.87 25.16 3.35 45.868018 12.307077 0
4.92 -6.88 1.87 23.12 3.35 45.868018 12.307077 0
5.71 -9.1 2.7 23.75 3.35 45.868018 12.307077 0
5.53 -7.72 2.32 23.03 3.35 45.868018 12.307077 0
4.88 -7.88 1.17 23.43 3.35 45.868018 12.307077 0
5.9 -9.42 2.36 23.27 3.3 45.867987 12.307083 1
5.08 -7.22 1.14 26.33 3.3 45.867987 12.307083 0
