5.93 -7.14 1.8 22.64 2.97 45.868735 12.306864 0
5.94 -8.14 1.66 22.59 2.97 45.868735 12.306864 0
5.82 -8.11 1.46 22.66 2.97 45.868735 12.306864 0
6.17 -7.57 1.75 23.29 2.97 45.868735 12.306864 0
6.37 -7.8 1.25 23.22 2.97 45.868735 12.306864 0
6.18 -7.49 1.46 23.14 2.97 45.868735 12.306864 0
6.12 -7.87 1.71 22.67 2.97 45.868735 12.306864 0
5.93 -7.9 2.03 22.81 2.97 45.868735 12.306864 0
6.06 -7.77 1.73 22.91 2.97 45.868735 12.306864 0
5.87 -7.33 1.61 22.91 2.97 45.868735 12.306864 0
5.71 -7.36 1.78 22.79 2.97 45.868735 12.306864 0
6.33 -7.82 2.0 22.74 2.97 45.868735 12.306864 0
6.19 -8.08 2.07 22.81 2.97 45.868735 12.306864 0
5.89 -7.69 1.69 22.83 2.92 45.868709 12.306876 1
5.49 -7.88 1.67 22.96 2.92 45.868709 12.306876 0
5.76 -8.19 1.66 22.86 2.92 45.868709 12.306876 1
5.95 -7.91 1.62 22.36 2.92 45.868709 12.306876 0
5.82 -8.32 1.59 22.6 2.92 45.868709 12.306876 0
5.88 -7.43 1.42 308.63 2.92 45.868709 12.306876 0
6.01 -7.38 1.3 6.11 2.92 45.868709 12.306876 0
6.09 -7.85 1.69 22.79 2.92 45.868709 12.306876 0
5.86 -8.0 1.8 23.27 2.92 45.868709 12.306876 0
5.75 -8.08 1.73 25.93 2.92 45.868709 12.306876 0
5.57 -8.0 1.91 23.24 2.92 45.868709 12.306876 0
5.59 -7.85 1.7 23.32 2.92 45.868709 12.306876 0
5.75 -7.82 1.67 22.76 2.92 45.868709 12.306876 0
6.03 -7.74 1.77 24.04 3.15 45.868682 12.306883 1
6.03 -7.8 2.35 23.03 3.15 45.868682 12.306883 0
5.84 -7.63 1.99 31.73 3.15 45.868682 12.306883 1
5.97 -7.94 2.03 22.66 3.15 45.868682 12.306883 0
6.0 -7.74 1.81 23.39 3.15 45.868682 12.306883 0
5.87 -7.69 1.7 23.7 3.15 45.868682 12.306883 0
5.83 -8.12 1.91 23.72 3.15 45.868682 12.306883 0
5.82 -7.78 1.91 23.12 3.15 45.868682 12.306883 0
6.11 -7.25 1.88 24.13 3.15 45.868682 12.306883 0
5.59 -8.03 1.86 48.77 3.15 45.868682 12.306883 0
5.84 -8.2 1.67 23.82 3.15 45.868682 12.306883 0
5.76 -8.0 1.59 23.34 3.15 45.868682 12.306883 0
5.47 -7.68 1.78 25.0 3.15 45.868682 12.306883 0
5.33 -7.95 1.53 23.12 3.15 45.868682 12.306883 0
6.4 -7.95 1.22 23.8 3.15 45.868682 12.306883 0
6.29 -8.05 1.98 23.65 3.15 45.868682 12.306883 0
5.86 -7.78 1.58 23.05 3.15 45.868682 12.306883 0
5.7 -7.76 1.91 23.07 3.02 45.868654 12.306890 1
6.16 -7.17 1.59 23.94 3.02 45.868654 12.306890 0
6.35 -7.72 1.2 22.45 3.02 45.868654 12.306890 1
5.74 -8.22 1.43 23.29 3.02 45.868654 12.306890 0
5.56 -7.81 1.4 23.72 3.02 45.868654 12.306890 0
5.98 -8.05 1.7 23.46 3.02 45.868654 12.306890 0
5.53 -7.68 1.72 23.02 3.02 45.868654 12.306890 0
6.41 -8.66 1.39 23.68 3.02 45.868654 12.306890 0
6.36 -8.15 1.79 23.05 3.02 45.868654 12.306890 0
5.15 -7.46 1.77 27.89 3.02 45.868654 12.306890 0
5.83 -7.42 1.84 23.34 3.02 45.868654 12.306890 0
5.76 -8.01 1.62 23.44 3.02 45.868654 12.306890 0
6.56 -7.96 1.38 23.39 3.02 45.868654 12.306890 0
6.07 -8.06 1.7 24.49 3.02 45.868654 12.306890 0
5.31 -7.18 1.81 22.81 3.02 45.868654 12.306890 0
5.54 -7.85 2.06 22.81 3.02 45.868654 12.306890 0
6.2 -7.94 2.03 22.78 3.02 45.868654 12.306890 0
5.62 -7.72 2.84 22.79 3.25 45.868625 12.306898 1
5.88 -7.77 1.89 23.14 3.25 45.868625 12.306898 0
5.68 -8.15 1.7 23.03 3.25 45.868625 12.306898 1
5.96 -7.66 1.44 23.62 3.25 45.868625 12.306898 0
5.98 -8.02 1.54 23.2 3.25 45.868625 12.306898 0
5.9 -7.86 1.82 22.52 3.25 45.868625 12.306898 0
6.02 -8.19 1.71 22.55 3.25 45.868625 12.306898 0
6.09 -7.34 1.65 23.24 3.25 45.868625 12.306898 0
5.85 -7.92 1.79 23.27 3.25 45.868625 12.306898 0
6.02 -7.43 1.39 22.84 3.25 45.868625 12.306898 0
6.09 -8.03 1.81 23.19 3.25 45.868625 12.306898 0
5.94 -7.98 1.77 23.38 3.25 45.868625 12.306898 0
5.79 -7.96 1.81 23.48 3.25 45.868625 12.306898 0
5.84 -7.7 1.64 23.43 3.25 45.868625 12.306898 0
5.45 -7.56 1.88 22.88 3.25 45.868625 12.306898 0
6.02 -7.99 1.76 23.02 3.25 45.868625 12.306898 0
6.07 -8.4 2.24 22.81 3.25 45.868625 12.306898 0
6.08 -7.93 2.06 22.93 3.28 45.868595 12.306908 1
5.73 -7.76 1.91 22.29 3.28 45.868595 12.306908 0
5.83 -7.64 2.1 26.0 3.28 45.868595 12.306908 1
6.21 -7.27 1.83 24.03 3.28 45.868595 12.306908 0
6.04 -7.7 2.01 22.55 3.28 45.868595 12.306908 0
6.15 -8.14 1.98 23.07 3.28 45.868595 12.306908 0
5.71 -7.88 1.96 22.72 3.28 45.868595 12.306908 0
5.66 -7.8 1.53 27.56 3.28 45.868595 12.306908 0
5.82 -8.07 1.92 22.72 3.28 45.868595 12.306908 0
5.61 -8.18 1.7 24.04 3.28 45.868595 12.306908 0
6.02 -8.04 1.67 23.24 3.28 45.868595 12.306908 0
5.73 -7.66 1.96 23.24 3.28 45.868595 12.306908 0
5.94 -7.63 2.0 25.11 3.28 45.868595 12.306908 0
6.08 -7.62 1.9 23.32 3.28 45.868595 12.306908 0
6.25 -7.71 2.22 24.82 3.28 45.868595 12.306908 0
5.92 -7.5 2.17 22.86 3.28 45.868595 12.306908 0
5.74 -7.78 2.02 23.07 3.28 45.868595 12.306908 0
5.77 -8.06 2.53 23.32 3.29 45.868566 12.306915 1
5.39 -7.65 1.83 23.74 3.29 45.868566 12.306915 0
5.54 -8.31 1.47 23.02 3.29 45.868566 12.306915 1
5.55 -8.27 1.95 23.27 3.29 45.868566 12.306915 0
6.28 -8.3 1.9 23.02 3.29 45.868566 12.306915 0
5.93 -7.92 2.12 22.96 3.29 45.868566 12.306915 0
5.84 -6.96 2.1 22.98 3.29 45.868566 12.306915 0
6.15 -7.85 2.08 30.25 3.29 45.868566 12.306915 0
6.29 -7.14 1.89 24.75 3.29 45.868566 12.306915 0
5.9 -7.69 1.74 23.29 3.29 45.868566 12.306915 0
6.1 -7.41 1.62 23.02 3.29 45.868566 12.306915 0
5.89 -7.27 1.88 22.83 3.29 45.868566 12.306915 0
5.6 -8.14 2.09 22.79 3.29 45.868566 12.306915 0
5.52 -8.3 1.51 22.83 3.29 45.868566 12.306915 0
5.86 -7.69 1.48 22.76 3.29 45.868566 12.306915 0
6.02 -7.99 1.87 23.98 3.29 45.868566 12.306915 0
5.85 -7.37 1.55 22.72 3.25 45.868536 12.306918 1
5.82 -7.81 1.82 22.69 3.25 45.868536 12.306918 0
6.26 -7.58 2.11 22.24 3.25 45.868536 12.306918 1
6.14 -8.18 2.05 22.91 3.25 45.868536 12.306918 0
5.92 -8.17 2.15 22.47 3.25 45.868536 12.306918 0
6.01 -7.59 2.19 22.57 3.25 45.868536 12.306918 0
5.91 -7.65 1.63 22.59 3.25 45.868536 12.306918 0
5.8 -7.94 1.86 22.66 3.25 45.868536 12.306918 0
5.64 -7.6 2.0 23.08 3.25 45.868536 12.306918 0
5.82 -8.21 1.82 22.64 3.25 45.868536 12.306918 0
5.66 -7.69 2.02 23.12 3.25 45.868536 12.306918 0
5.9 -7.86 1.95 22.76 3.25 45.868536 12.306918 0
6.11 -7.7 2.07 22.67 3.25 45.868536 12.306918 0
5.88 -7.92 2.06 22.64 3.25 45.868536 12.306918 0
6.17 -7.94 2.31 22.67 3.25 45.868536 12.306918 0
5.87 -7.32 2.11 23.58 3.25 45.868536 12.306918 0
6.11 -7.95 1.94 22.48 3.25 45.868536 12.306918 0
6.2 -7.79 2.05 22.81 3.23 45.868506 12.306921 1
5.94 -7.7 2.09 22.88 3.23 45.868506 12.306921 0
5.74 -7.93 1.74 22.33 3.23 45.868506 12.306921 1
5.67 -7.82 1.9 22.69 3.23 45.868506 12.306921 0
5.63 -8.09 1.89 22.57 3.23 45.868506 12.306921 0
6.02 -8.06 2.0 22.96 3.23 45.868506 12.306921 0
5.8 -7.84 1.81 22.78 3.23 45.868506 12.306921 0
6.0 -7.48 1.96 22.93 3.23 45.868506 12.306921 0
6.02 -7.73 1.71 23.24 3.23 45.868506 12.306921 0
5.97 -8.24 1.66 24.94 3.23 45.868506 12.306921 0
6.03 -7.78 1.58 22.52 3.23 45.868506 12.306921 0
6.47 -8.03 2.13 22.62 3.23 45.868506 12.306921 0
5.95 -7.97 1.62 22.78 3.23 45.868506 12.306921 0
5.74 -7.41 2.05 22.93 3.23 45.868506 12.306921 0
5.62 -7.58 2.01 23.74 3.23 45.868506 12.306921 0
5.59 -7.71 1.5 22.78 3.23 45.868506 12.306921 0
6.2 -8.03 1.75 23.79 3.23 45.868506 12.306921 0
6.39 -8.08 1.75 23.12 3.63 45.868475 12.306932 1
6.12 -7.31 2.31 22.86 3.63 45.868475 12.306932 0
5.91 -7.79 2.18 22.62 3.63 45.868475 12.306932 1
5.87 -7.98 2.0 27.51 3.63 45.868475 12.306932 0
5.89 -7.99 2.18 22.4 3.63 45.868475 12.306932 0
6.21 -7.76 2.04 22.57 3.63 45.868475 12.306932 0
5.88 -7.5 1.63 23.17 3.63 45.868475 12.306932 0
6.25 -7.65 1.85 23.03 3.63 45.868475 12.306932 0
5.59 -7.66 2.01 22.98 3.63 45.868475 12.306932 0
5.52 -7.84 1.94 22.84 3.63 45.868475 12.306932 0
5.43 -7.95 1.88 23.14 3.63 45.868475 12.306932 0
6.02 -8.47 2.26 23.17 3.63 45.868475 12.306932 0
5.6 -8.29 1.63 27.27 3.63 45.868475 12.306932 0
6.15 -7.66 1.68 22.84 3.63 45.868475 12.306932 0
5.83 -7.57 1.57 23.34 3.63 45.868475 12.306932 0
6.32 -7.75 1.82 23.32 3.63 45.868475 12.306932 0
6.0 -7.69 1.82 22.96 3.63 45.868475 12.306932 0
5.93 -7.69 1.9 22.83 3.57 45.868444 12.306942 1
5.83 -7.96 1.65 22.78 3.57 45.868444 12.306942 0
6.24 -8.1 1.63 22.59 3.57 45.868444 12.306942 1
5.99 -8.31 1.53 23.68 3.57 45.868444 12.306942 0
5.91 -7.85 1.76 22.64 3.57 45.868444 12.306942 0
5.73 -7.97 2.12 22.96 3.57 45.868444 12.306942 0
5.88 -7.2 1.72 22.57 3.57 45.868444 12.306942 0
5.84 -7.66 1.9 22.83 3.57 45.868444 12.306942 0
5.8 -7.61 2.24 23.65 3.57 45.868444 12.306942 0
5.74 -7.61 2.27 22.36 3.57 45.868444 12.306942 0
5.94 -7.84 1.84 22.72 3.57 45.868444 12.306942 0
5.91 -8.18 2.08 23.29 3.57 45.868444 12.306942 0
5.06 -7.84 2.04 24.06 3.57 45.868444 12.306942 0
5.53 -8.15 2.1 24.1 3.57 45.868444 12.306942 0
5.6 -7.89 1.96 22.81 3.57 45.868444 12.306942 0
5.73 -7.88 1.64 22.71 3.57 45.868444 12.306942 0
5.84 -7.38 2.09 23.19 3.57 45.868444 12.306942 0
6.38 -7.84 2.05 22.62 3.6 45.868412 12.306952 1
6.23 -7.57 1.74 23.03 3.6 45.868412 12.306952 0
6.05 -7.63 1.75 22.67 3.6 45.868412 12.306952 1
6.13 -7.43 1.79 23.02 3.6 45.868412 12.306952 0
6.2 -7.69 1.7 23.22 3.6 45.868412 12.306952 0
5.89 -8.3 1.6 23.07 3.6 45.868412 12.306952 0
5.83 -7.83 1.79 23.53 3.6 45.868412 12.306952 0
5.32 -8.31 1.42 22.78 3.6 45.868412 12.306952 0
5.5 -8.15 1.66 23.17 3.6 45.868412 12.306952 0
6.31 -7.77 1.7 22.78 3.6 45.868412 12.306952 0
6.28 -7.35 1.9 23.98 3.6 45.868412 12.306952 0
6.32 -7.35 2.22 22.69 3.6 45.868412 12.306952 0
5.91 -7.83 2.57 23.17 3.6 45.868412 12.306952 0
6.2 -7.93 2.42 22.81 3.6 45.868412 12.306952 0
5.87 -7.44 2.29 24.08 3.6 45.868412 12.306952 0
6.09 -7.84 2.38 23.58 3.6 45.868412 12.306952 0
5.85 -7.87 2.15 23.15 3.6 45.868380 12.306964 1
5.54 -7.93 1.77 23.68 3.6 45.868380 12.306964 0
5.68 -8.22 1.95 22.93 3.6 45.868380 12.306964 1
5.94 -7.86 1.83 22.48 3.6 45.868380 12.306964 0
5.82 -7.92 1.93 23.43 3.6 45.868380 12.306964 0
6.14 -7.65 0.86 22.62 3.6 45.868380 12.306964 0
6.48 -7.26 2.17 23.2 3.6 45.868380 12.306964 0
6.13 -7.14 1.93 23.14 3.6 45.868380 12.306964 0
6.31 -7.24 1.78 23.24 3.6 45.868380 12.306964 0
6.26 -7.76 1.79 23.56 3.6 45.868380 12.306964 0
5.52 -7.8 1.6 23.74 3.6 45.868380 12.306964 0
5.78 -7.95 1.76 23.32 3.6 45.868380 12.306964 0
5.66 -8.25 1.84 23.32 3.6 45.868380 12.306964 0
5.42 -7.9 1.84 22.84 3.6 45.868380 12.306964 0
5.69 -7.73 2.02 22.84 3.6 45.868380 12.306964 0
6.08 -7.81 1.65 23.68 3.6 45.868380 12.306964 0
5.87 -7.53 1.84 22.55 3.6 45.868380 12.306964 0
6.13 -8.0 2.46 23.39 3.62 45.868349 12.306974 1
6.35 -8.49 2.24 23.05 3.62 45.868349 12.306974 0
5.86 -7.98 2.42 23.12 3.62 45.868349 12.306974 1
5.65 -7.65 2.16 23.03 3.62 45.868349 12.306974 0
5.53 -8.2 2.03 22.47 3.62 45.868349 12.306974 0
5.78 -8.15 2.26 23.58 3.62 45.868349 12.306974 0
5.38 -7.75 2.12 24.82 3.62 45.868349 12.306974 0
5.25 -8.15 1.9 23.68 3.62 45.868349 12.306974 0
6.02 -7.85 1.66 22.71 3.62 45.868349 12.306974 0
6.82 -8.13 1.41 24.75 3.62 45.868349 12.306974 0
6.24 -7.76 1.74 23.65 3.62 45.868349 12.306974 0
5.93 -7.65 1.82 23.31 3.62 45.868349 12.306974 0
6.1 -7.72 2.03 23.24 3.62 45.868349 12.306974 0
5.98 -7.56 1.96 23.19 3.62 45.868349 12.306974 0
6.29 -7.99 1.95 25.67 3.62 45.868349 12.306974 0
5.93 -7.69 1.91 24.9 3.62 45.868349 12.306974 0
5.38 -7.64 1.75 22.57 3.62 45.868349 12.306974 0
5.56 -7.97 1.47 23.07 3.68 45.868316 12.306985 1
5.61 -7.6 1.84 23.5 3.68 45.868316 12.306985 0
6.02 -7.59 1.91 22.28 3.68 45.868316 12.306985 1
5.64 -7.41 2.2 22.71 3.68 45.868316 12.306985 0
5.91 -7.93 2.22 22.67 3.68 45.868316 12.306985 0
6.08 -7.64 2.17 22.67 3.68 45.868316 12.306985 0
6.25 -7.95 2.42 23.58 3.68 45.868316 12.306985 0
6.14 -7.38 1.66 22.79 3.68 45.868316 12.306985 0
5.81 -7.2 2.15 22.86 3.68 45.868316 12.306985 0
5.92 -8.16 2.15 23.22 3.68 45.868316 12.306985 0
5.48 -7.79 1.66 22.79 3.68 45.868316 12.306985 0
6.1 -8.21 1.8 22.47 3.68 45.868316 12.306985 0
5.5 -7.63 2.09 23.15 3.68 45.868316 12.306985 0
5.28 -7.38 2.02 23.17 3.68 45.868316 12.306985 0
5.76 -7.76 1.41 22.71 3.68 45.868316 12.306985 0
6.41 -8.32 1.78 22.45 3.68 45.868316 12.306985 0
6.25 -8.5 2.0 22.69 3.68 45.868316 12.306985 0
5.73 -7.42 1.76 23.02 3.78 45.868283 12.307000 1
5.52 -7.04 2.06 24.44 3.78 45.868283 12.307000 0
5.51 -7.36 1.54 36.68 3.78 45.868283 12.307000 1
6.05 -8.17 1.86 22.5 3.78 45.868283 12.307000 0
5.08 -7.91 1.57 22.78 3.78 45.868283 12.307000 0
6.38 -9.93 1.4 22.04 3.78 45.868283 12.307000 0
6.0 -7.52 2.24 26.1 3.78 45.868283 12.307000 0
5.67 -7.25 2.06 26.94 3.78 45.868283 12.307000 0
5.43 -7.17 1.75 24.64 3.78 45.868283 12.307000 0
5.36 -4.96 1.35 353.84 3.78 45.868283 12.307000 0
6.4 -10.11 1.75 5.73 3.78 45.868283 12.307000 0
5.67 -9.02 0.45 23.08 3.78 45.868283 12.307000 0
5.8 -6.75 2.45 23.41 3.78 45.868283 12.307000 0
4.6 -7.65 1.81 25.48 3.71 45.868250 12.307011 1
7.66 -10.03 0.94 22.71 3.71 45.868250 12.307011 0
7.51 -9.41 2.08 22.35 3.71 45.868250 12.307011 1
5.68 -6.92 2.49 22.86 3.71 45.868250 12.307011 0
5.14 -6.49 3.32 23.22 3.71 45.868250 12.307011 0
6.17 -6.84 1.17 23.05 3.71 45.868250 12.307011 0
6.72 -7.09 1.71 22.72 3.71 45.868250 12.307011 0
6.0 -7.74 1.72 23.63 3.71 45.868250 12.307011 0
4.22 -7.49 1.91 23.15 3.71 45.868250 12.307011 0
5.03 -7.21 0.45 22.54 3.71 45.868250 12.307011 0
5.18 -8.54 1.6 22.71 3.71 45.868250 12.307011 0
6.0 -7.38 2.3 28.02 3.71 45.868250 12.307011 0
5.93 -7.98 2.49 23.84 3.71 45.868250 12.307011 0
5.43 -8.39 1.81 25.16 3.71 45.868250 12.307011 0
6.53 -8.68 2.01 300.42 3.52 45.868218 12.307021 1
6.28 -9.96 1.48 5.73 3.52 45.868218 12.307021 0
3.62 -8.22 2.0 23.87 3.52 45.868218 12.307021 1
5.42 -7.91 1.85 23.48 3.52 45.868218 12.307021 0
6.19 -6.84 1.67 23.67 3.52 45.868218 12.307021 0
5.44 -9.33 1.59 23.38 3.52 45.868218 12.307021 0
5.4 -8.96 1.5 25.02 3.52 45.868218 12.307021 0
7.47 -7.38 1.98 23.12 3.52 45.868218 12.307021 0
5.75 -8.03 1.24 24.4 3.52 45.868218 12.307021 0
5.57 -5.66 1.9 23.86 3.52 45.868218 12.307021 0
5.51 -7.98 1.93 22.78 3.52 45.868218 12.307021 0
6.61 -9.48 2.06 23.22 3.52 45.868218 12.307021 0
4.76 -7.12 1.61 24.04 3.52 45.868218 12.307021 0
5.57 -6.09 1.68 23.07 3.52 45.868218 12.307021 0
6.79 -8.96 0.96 23.48 3.52 45.868218 12.307021 0
5.8 -8.01 2.8 22.67 3.52 45.868218 12.307021 0
4.29 -9.02 1.68 22.52 3.68 45.868185 12.307031 1
5.92 -7.33 2.76 23.38 3.68 45.868185 12.307031 0
6.83 -8.25 2.41 25.18 3.68 45.868185 12.307031 1
5.52 -6.08 0.77 24.15 3.68 45.868185 12.307031 0
6.15 -6.7 1.08 27.35 3.68 45.868185 12.307031 0
5.83 -8.87 1.99 22.4 3.68 45.868185 12.307031 0
4.69 -12.67 2.16 22.98 3.68 45.868185 12.307031 0
6.59 -9.08 1.76 23.82 3.68 45.868185 12.307031 0
6.12 -5.58 0.9 23.5 3.68 45.868185 12.307031 0
5.45 -5.78 2.09 24.04 3.68 45.868185 12.307031 0
6.53 -6.14 2.79 23.74 3.68 45.868185 12.307031 0
7.15 -8.27 1.65 23.36 3.68 45.868185 12.307031 0
6.5 -8.88 0.96 22.69 3.68 45.868185 12.307031 0
6.21 -8.64 1.26 22.91 3.68 45.868185 12.307031 0
5.92 -9.29 2.21 23.48 3.68 45.868185 12.307031 0
5.43 -9.26 2.95 23.12 3.68 45.868185 12.307031 0
5.02 -8.97 0.96 23.34 3.68 45.868185 12.307031 0
5.27 -7.75 2.93 23.07 3.55 45.868153 12.307040 1
5.2 -8.1 2.35 24.08 3.55 45.868153 12.307040 0
7.61 -7.45 3.16 22.47 3.55 45.868153 12.307040 1
6.47 -7.46 2.54 23.44 3.55 45.868153 12.307040 0
6.75 -8.67 3.02 23.39 3.55 45.868153 12.307040 0
6.38 -8.64 1.4 22.71 3.55 45.868153 12.307040 0
6.4 -6.94 1.1 23.03 3.55 45.868153 12.307040 0
6.63 -7.48 0.48 24.2 3.55 45.868153 12.307040 0
6.86 -8.66 1.14 23.41 3.55 45.868153 12.307040 0
6.54 -10.46 1.23 23.12 3.55 45.868153 12.307040 0
6.64 -6.25 -1.26 28.91 3.55 45.868153 12.307040 0
5.53 -8.28 2.7 23.53 3.55 45.868153 12.307040 0
5.72 -5.52 3.28 24.66 3.55 45.868153 12.307040 0
5.42 -6.99 3.54 25.42 3.55 45.868153 12.307040 0
6.35 -8.94 1.36 23.63 3.55 45.868153 12.307040 0
4.91 -6.23 2.21 24.06 3.55 45.868153 12.307040 0
7.26 -8.94 2.05 23.29 3.55 45.868153 12.307040 0
6.49 -9.32 0.48 23.02 3.64 45.868120 12.307050 1
5.82 -6.48 0.34 27.58 3.64 45.868120 12.307050 0
3.31 -7.68 4.5 23.22 3.64 45.868120 12.307050 1
5.85 -6.57 1.84 22.67 3.64 45.868120 12.307050 0
4.49 -5.77 2.88 24.15 3.64 45.868120 12.307050 0
6.19 -9.89 2.21 22.86 3.64 45.868120 12.307050 0
5.98 -6.8 1.69 23.74 3.64 45.868120 12.307050 0
4.68 -5.54 2.56 23.63 3.64 45.868120 12.307050 0
4.32 -6.48 2.25 23.19 3.64 45.868120 12.307050 0
7.03 -8.43 1.78 22.52 3.64 45.868120 12.307050 0
6.29 -10.01 1.61 22.42 3.64 45.868120 12.307050 0
5.54 -8.76 1.51 22.91 3.64 45.868120 12.307050 0
7.2 -8.63 1.96 22.84 3.64 45.868120 12.307050 0
6.53 -7.59 1.73 22.84 3.64 45.868120 12.307050 0
4.54 -8.42 1.78 22.31 3.64 45.868120 12.307050 0
6.01 -9.94 1.31 23.43 3.64 45.868120 12.307050 0
4.83 -6.85 1.3 22.6 3.64 45.868120 12.307050 0
5.52 -8.11 1.86 24.16 3.73 45.868087 12.307060 1
6.18 -6.81 1.43 24.04 3.73 45.868087 12.307060 0
5.13 -7.53 1.09 23.5 3.73 45.868087 12.307060 1
6.75 -8.78 2.12 24.83 3.73 45.868087 12.307060 0
6.62 -7.97 2.53 26.82 3.73 45.868087 12.307060 0
5.22 -8.59 2.29 22.95 3.73 45.868087 12.307060 0
4.72 -7.4 1.64 22.57 3.73 45.868087 12.307060 0
3.65 -7.2 1.48 23.39 3.73 45.868087 12.307060 0
5.49 -8.67 1.71 25.28 3.73 45.868087 12.307060 0
6.05 -8.71 2.22 25.07 3.73 45.868087 12.307060 0
6.44 -9.01 1.39 23.96 3.73 45.868087 12.307060 0
