5.65 -7.82 2.0 22.5 3.15 45.868629 12.306921 0
5.83 -7.94 1.9 23.22 3.15 45.868629 12.306921 0
5.67 -7.83 1.89 23.22 3.15 45.868629 12.306921 0
6.02 -7.97 1.68 23.32 3.15 45.868629 12.306921 0
5.72 -7.22 1.78 22.79 3.15 45.868629 12.306921 0
5.93 -7.98 2.21 23.29 3.15 45.868629 12.306921 0
6.24 -7.6 1.73 23.29 3.15 45.868629 12.306921 0
5.94 -7.45 1.9 23.22 3.15 45.868629 12.306921 0
6.39 -8.18 1.95 23.14 3.15 45.868629 12.306921 0
6.14 -7.86 1.8 22.74 3.15 45.868629 12.306921 0
5.74 -7.92 1.92 23.29 3.15 45.868629 12.306921 0
5.44 -7.57 1.19 22.96 3.15 45.868629 12.306921 0
5.88 -7.56 1.85 22.74 3.19 45.868602 12.306930 1
5.95 -8.46 1.79 22.93 3.19 45.868602 12.306930 0
5.72 -8.24 2.15 22.6 3.19 45.868602 12.306930 1
5.77 -8.08 2.1 23.15 3.19 45.868602 12.306930 0
5.71 -7.67 1.99 22.62 3.19 45.868602 12.306930 0
5.58 -7.56 2.12 22.57 3.19 45.868602 12.306930 0
5.78 -7.91 2.07 22.5 3.19 45.868602 12.306930 0
5.98 -7.92 1.96 22.69 3.19 45.868602 12.306930 0
5.73 -7.82 1.91 23.68 3.19 45.868602 12.306930 0
5.3 -7.93 1.72 23.53 3.19 45.868602 12.306930 0
6.18 -7.29 2.06 24.87 3.19 45.868602 12.306930 0
6.03 -7.73 1.67 23.58 3.19 45.868602 12.306930 0
6.42 -8.04 1.45 22.67 3.19 45.868602 12.306930 0
6.02 -7.84 1.44 22.88 3.19 45.868602 12.306930 0
5.58 -7.89 2.07 23.03 3.19 45.868602 12.306930 0
5.7 -7.26 2.35 22.79 3.19 45.868602 12.306930 0
6.18 -8.07 1.82 22.6 3.16 45.868574 12.306938 1
6.03 -8.28 1.75 22.42 3.16 45.868574 12.306938 0
5.64 -8.46 1.7 22.71 3.16 45.868574 12.306938 1
5.54 -7.62 1.6 23.32 3.16 45.868574 12.306938 0
5.38 -7.57 1.53 23.07 3.16 45.868574 12.306938 0
6.09 -7.58 1.8 22.67 3.16 45.868574 12.306938 0
6.27 -8.19 1.85 22.54 3.16 45.868574 12.306938 0
5.9 -7.76 1.88 22.96 3.16 45.868574 12.306938 0
5.11 -8.09 1.7 23.0 3.16 45.868574 12.306938 0
6.01 -7.47 1.89 26.17 3.16 45.868574 12.306938 0
6.12 -7.87 1.92 23.86 3.16 45.868574 12.306938 0
6.13 -7.74 2.03 23.1 3.16 45.868574 12.306938 0
5.87 -8.48 1.91 22.83 3.16 45.868574 12.306938 0
5.03 -7.2 1.7 22.76 3.16 45.868574 12.306938 0
5.85 -8.19 1.63 22.62 3.16 45.868574 12.306938 0
5.96 -7.92 1.57 22.88 3.16 45.868574 12.306938 0
5.81 -7.98 1.74 22.36 3.16 45.868574 12.306938 0
5.89 -8.4 1.73 23.02 3.3 45.868546 12.306949 1
5.65 -7.4 1.92 22.67 3.3 45.868546 12.306949 0
5.6 -7.56 1.84 22.81 3.3 45.868546 12.306949 1
5.71 -7.31 1.72 22.91 3.3 45.868546 12.306949 0
5.68 -7.69 2.06 22.67 3.3 45.868546 12.306949 0
6.13 -8.31 1.75 22.96 3.3 45.868546 12.306949 0
5.72 -8.37 2.1 24.3 3.3 45.868546 12.306949 0
5.45 -8.05 1.96 23.27 3.3 45.868546 12.306949 0
5.24 -7.15 1.9 24.01 3.3 45.868546 12.306949 0
7.14 -8.8 1.9 23.24 3.3 45.868546 12.306949 0
4.79 -9.89 1.87 22.57 3.3 45.868546 12.306949 0
6.1 -7.51 1.66 23.41 3.3 45.868546 12.306949 0
5.62 -7.43 2.72 23.7 3.3 45.868546 12.306949 0
5.37 -7.77 2.18 25.57 3.3 45.868546 12.306949 0
6.75 -8.2 2.17 23.43 3.3 45.868546 12.306949 0
5.32 -5.49 2.36 22.67 3.3 45.868546 12.306949 0
6.36 -9.62 0.81 22.96 3.3 45.868546 12.306949 0
5.96 -7.89 1.74 22.52 3.23 45.868518 12.306959 1
5.74 -7.84 1.78 22.79 3.23 45.868518 12.306959 0
5.69 -9.08 1.6 22.86 3.23 45.868518 12.306959 1
5.56 -7.63 1.9 22.76 3.23 45.868518 12.306959 0
5.45 -7.77 1.89 22.69 3.23 45.868518 12.306959 0
5.49 -7.46 1.92 22.72 3.23 45.868518 12.306959 0
6.03 -7.94 2.01 22.55 3.23 45.868518 12.306959 0
6.12 -7.85 1.84 22.69 3.23 45.868518 12.306959 0
5.69 -8.17 2.02 22.91 3.23 45.868518 12.306959 0
5.71 -8.0 1.81 23.07 3.23 45.868518 12.306959 0
5.86 -7.54 1.68 25.31 3.23 45.868518 12.306959 0
5.99 -7.6 1.71 23.29 3.23 45.868518 12.306959 0
5.94 -8.22 1.66 24.54 3.23 45.868518 12.306959 0
6.12 -8.3 1.68 22.93 3.23 45.868518 12.306959 0
5.78 -7.55 1.56 22.88 3.23 45.868518 12.306959 0
6.06 -7.88 1.26 22.98 3.23 45.868518 12.306959 0
5.39 -8.12 1.4 22.71 3.23 45.868518 12.306959 0
6.0 -7.97 1.52 22.62 3.19 45.868489 12.306969 1
5.88 -7.61 1.8 22.55 3.19 45.868489 12.306969 0
5.49 -8.03 1.76 22.54 3.19 45.868489 12.306969 1
6.2 -8.26 1.68 22.47 3.19 45.868489 12.306969 0
5.44 -7.06 1.61 22.81 3.19 45.868489 12.306969 0
5.88 -7.46 2.02 22.31 3.19 45.868489 12.306969 0
5.78 -8.69 1.53 22.78 3.19 45.868489 12.306969 0
5.88 -7.62 1.78 23.43 3.19 45.868489 12.306969 0
5.67 -8.21 1.77 23.38 3.19 45.868489 12.306969 0
5.96 -8.05 1.95 22.78 3.19 45.868489 12.306969 0
5.75 -8.29 1.94 22.83 3.19 45.868489 12.306969 0
5.36 -8.0 2.47 23.32 3.19 45.868489 12.306969 0
5.96 -7.85 2.63 22.48 3.19 45.868489 12.306969 0
5.85 -7.41 2.11 22.9 3.19 45.868489 12.306969 0
6.04 -8.02 1.46 22.81 3.19 45.868489 12.306969 0
6.04 -7.91 2.19 22.4 3.19 45.868489 12.306969 0
5.99 -7.78 2.16 22.79 3.19 45.868489 12.306969 0
6.0 -7.84 1.97 22.26 3.08 45.868462 12.306976 1
5.8 -7.85 1.95 22.36 3.08 45.868462 12.306976 0
5.84 -7.52 1.98 22.31 3.08 45.868462 12.306976 1
5.63 -7.36 1.83 23.24 3.08 45.868462 12.306976 0
5.88 -8.37 1.7 22.42 3.08 45.868462 12.306976 0
5.98 -8.02 1.55 23.12 3.08 45.868462 12.306976 0
5.75 -8.16 1.72 23.14 3.08 45.868462 12.306976 0
6.19 -7.85 1.77 22.36 3.08 45.868462 12.306976 0
6.03 -8.54 1.51 22.84 3.08 45.868462 12.306976 0
5.85 -7.05 1.54 22.38 3.08 45.868462 12.306976 0
5.89 -7.81 1.6 22.78 3.08 45.868462 12.306976 0
5.95 -7.92 1.86 22.76 3.08 45.868462 12.306976 0
6.32 -8.03 1.81 22.88 3.08 45.868462 12.306976 0
6.25 -7.32 1.87 23.41 3.08 45.868462 12.306976 0
6.06 -7.82 1.63 22.9 3.08 45.868462 12.306976 0
5.73 -7.85 1.2 23.24 3.08 45.868462 12.306976 0
5.96 -7.9 2.26 22.81 3.08 45.868462 12.306976 0
5.84 -8.25 2.48 23.19 3.21 45.868434 12.306985 1
5.73 -8.12 1.53 22.69 3.21 45.868434 12.306985 0
5.93 -7.48 1.01 23.03 3.21 45.868434 12.306985 1
5.88 -7.9 1.84 22.54 3.21 45.868434 12.306985 0
5.6 -7.73 2.65 22.6 3.21 45.868434 12.306985 0
6.06 -7.77 2.67 22.76 3.21 45.868434 12.306985 0
5.88 -7.16 1.92 23.12 3.21 45.868434 12.306985 0
6.19 -7.58 2.37 23.94 3.21 45.868434 12.306985 0
6.14 -8.42 1.82 22.29 3.21 45.868434 12.306985 0
5.85 -7.53 2.16 22.88 3.21 45.868434 12.306985 0
5.58 -7.74 2.15 22.93 3.21 45.868434 12.306985 0
5.63 -7.78 2.22 23.74 3.21 45.868434 12.306985 0
5.83 -7.65 2.17 22.47 3.21 45.868434 12.306985 0
5.75 -7.97 2.06 22.79 3.21 45.868434 12.306985 0
5.83 -7.71 2.07 22.67 3.21 45.868434 12.306985 0
5.89 -7.87 1.93 23.92 3.21 45.868434 12.306985 0
5.99 -7.87 1.76 22.69 3.31 45.868405 12.306995 1
5.89 -7.59 1.54 22.4 3.31 45.868405 12.306995 0
5.97 -7.85 1.47 22.62 3.31 45.868405 12.306995 1
5.95 -7.76 1.51 22.67 3.31 45.868405 12.306995 0
6.43 -7.9 1.57 22.72 3.31 45.868405 12.306995 0
5.99 -8.02 1.61 22.74 3.31 45.868405 12.306995 0
5.82 -7.85 1.72 22.71 3.31 45.868405 12.306995 0
5.8 -7.88 1.66 22.81 3.31 45.868405 12.306995 0
5.65 -7.83 1.67 22.57 3.31 45.868405 12.306995 0
5.81 -8.21 1.97 22.88 3.31 45.868405 12.306995 0
5.99 -7.9 2.12 23.19 3.31 45.868405 12.306995 0
5.79 -7.67 2.09 22.28 3.31 45.868405 12.306995 0
6.13 -7.94 1.9 22.74 3.31 45.868405 12.306995 0
5.87 -7.55 1.94 22.88 3.31 45.868405 12.306995 0
6.14 -7.79 2.19 22.83 3.31 45.868405 12.306995 0
5.9 -7.72 1.99 22.67 3.31 45.868405 12.306995 0
5.93 -8.05 1.79 22.52 3.31 45.868405 12.306995 0
5.82 -8.23 1.88 23.12 3.19 45.868377 12.307006 1
5.78 -7.74 1.74 23.19 3.19 45.868377 12.307006 0
5.56 -7.65 1.82 23.17 3.19 45.868377 12.307006 1
5.68 -8.04 1.81 26.17 3.19 45.868377 12.307006 0
6.04 -7.84 1.7 22.71 3.19 45.868377 12.307006 0
6.06 -7.74 2.17 22.24 3.19 45.868377 12.307006 0
5.37 -8.05 1.78 22.6 3.19 45.868377 12.307006 0
5.93 -7.47 1.72 23.27 3.19 45.868377 12.307006 0
6.12 -6.97 1.66 22.33 3.19 45.868377 12.307006 0
6.22 -7.88 2.03 23.14 3.19 45.868377 12.307006 0
6.02 -7.96 2.02 22.72 3.19 45.868377 12.307006 0
5.78 -7.84 1.84 22.86 3.19 45.868377 12.307006 0
5.37 -7.8 1.58 22.96 3.19 45.868377 12.307006 0
5.37 -7.97 1.57 22.79 3.19 45.868377 12.307006 0
5.75 -8.58 1.76 22.36 3.19 45.868377 12.307006 0
5.86 -8.04 1.9 22.78 3.19 45.868377 12.307006 0
5.86 -7.89 1.64 22.81 3.19 45.868377 12.307006 0
5.76 -7.91 2.19 22.72 3.27 45.868348 12.307014 1
6.24 -7.66 2.42 23.17 3.27 45.868348 12.307014 0
6.05 -7.2 2.06 22.71 3.27 45.868348 12.307014 1
5.87 -8.02 2.03 22.74 3.27 45.868348 12.307014 0
6.01 -8.0 1.96 22.64 3.27 45.868348 12.307014 0
5.71 -7.41 2.17 22.71 3.27 45.868348 12.307014 0
5.94 -8.21 2.26 22.62 3.27 45.868348 12.307014 0
5.85 -8.0 1.93 23.44 3.27 45.868348 12.307014 0
5.87 -7.62 1.44 22.9 3.27 45.868348 12.307014 0
5.75 -8.15 1.44 22.81 3.27 45.868348 12.307014 0
5.6 -8.44 1.49 22.83 3.27 45.868348 12.307014 0
6.08 -7.67 1.85 22.67 3.27 45.868348 12.307014 0
5.88 -7.77 2.21 22.72 3.27 45.868348 12.307014 0
6.13 -7.8 2.08 22.74 3.27 45.868348 12.307014 0
6.54 -7.63 1.84 22.98 3.27 45.868348 12.307014 0
6.21 -7.39 1.65 22.93 3.27 45.868348 12.307014 0
5.76 -7.83 1.46 22.86 3.27 45.868348 12.307014 0
5.78 -7.76 2.14 23.12 3.18 45.868320 12.307021 1
6.68 -8.14 1.92 22.67 3.18 45.868320 12.307021 0
6.06 -8.01 1.86 23.43 3.18 45.868320 12.307021 1
5.26 -8.16 1.87 22.71 3.18 45.868320 12.307021 0
5.36 -7.87 1.8 22.74 3.18 45.868320 12.307021 0
5.99 -7.92 2.02 22.72 3.18 45.868320 12.307021 0
5.4 -7.39 2.01 22.57 3.18 45.868320 12.307021 0
5.87 -7.91 1.81 23.19 3.18 45.868320 12.307021 0
6.09 -7.51 2.02 22.69 3.18 45.868320 12.307021 0
6.23 -7.82 2.13 22.88 3.18 45.868320 12.307021 0
6.05 -7.88 2.11 23.79 3.18 45.868320 12.307021 0
6.09 -7.5 2.32 22.98 3.18 45.868320 12.307021 0
6.05 -7.4 2.2 22.47 3.18 45.868320 12.307021 0
5.91 -7.92 2.28 22.74 3.18 45.868320 12.307021 0
5.78 -7.86 1.76 23.15 3.18 45.868320 12.307021 0
5.82 -8.13 1.91 22.52 3.18 45.868320 12.307021 0
5.79 -8.41 1.58 22.04 3.2 45.868291 12.307029 1
5.69 -8.16 1.56 22.96 3.2 45.868291 12.307029 0
5.8 -8.54 1.78 22.74 3.2 45.868291 12.307029 1
5.72 -7.82 1.83 22.96 3.2 45.868291 12.307029 0
6.13 -7.23 1.77 22.86 3.2 45.868291 12.307029 0
6.55 -7.56 1.61 22.19 3.2 45.868291 12.307029 0
6.46 -8.18 2.38 22.47 3.2 45.868291 12.307029 0
6.63 -7.39 1.63 22.24 3.2 45.868291 12.307029 0
5.79 -7.58 1.97 24.1 3.2 45.868291 12.307029 0
5.12 -6.9 1.87 23.63 3.2 45.868291 12.307029 0
5.23 -7.58 1.98 23.08 3.2 45.868291 12.307029 0
5.89 -8.54 1.78 22.36 3.2 45.868291 12.307029 0
5.8 -8.69 2.25 22.67 3.2 45.868291 12.307029 0
4.82 -7.72 1.68 23.44 3.2 45.868291 12.307029 0
3.83 -6.6 1.44 22.57 3.2 45.868291 12.307029 0
4.21 -9.87 1.34 24.3 3.2 45.868291 12.307029 0
6.81 -8.78 2.76 22.71 3.2 45.868291 12.307029 0
7.23 -8.37 2.56 22.84 3.24 45.868263 12.307036 1
4.76 -7.32 2.7 25.16 3.24 45.868263 12.307036 0
4.04 -5.09 1.97 54.85 3.24 45.868263 12.307036 1
4.17 -1.44 2.38 23.41 3.24 45.868263 12.307036 0
8.54 -10.45 2.4 21.51 3.24 45.868263 12.307036 0
7.05 -11.97 2.86 23.03 3.24 45.868263 12.307036 0
5.0 -6.86 0.87 23.07 3.24 45.868263 12.307036 0
5.35 -7.17 1.51 24.4 3.24 45.868263 12.307036 0
4.88 -6.76 1.81 23.63 3.24 45.868263 12.307036 0
5.94 -7.51 1.97 23.89 3.24 45.868263 12.307036 0
6.5 -9.46 0.95 22.74 3.24 45.868263 12.307036 0
6.32 -9.45 1.94 22.42 3.24 45.868263 12.307036 0
5.31 -9.22 2.4 22.76 3.24 45.868263 12.307036 0
4.92 -7.42 1.08 23.38 3.24 45.868263 12.307036 0
5.86 -5.86 2.19 23.86 3.24 45.868263 12.307036 0
5.51 -6.87 1.83 23.2 3.24 45.868263 12.307036 0
6.22 -7.35 1.15 25.24 3.24 45.868263 12.307036 0
7.35 -8.63 2.23 25.31 3.29 45.868234 12.307043 1
5.63 -6.91 2.05 24.35 3.29 45.868234 12.307043 0
4.82 -7.38 1.08 23.62 3.29 45.868234 12.307043 1
4.6 -8.24 1.74 23.22 3.29 45.868234 12.307043 0
6.85 -9.85 2.14 23.53 3.29 45.868234 12.307043 0
5.04 -9.81 1.63 23.87 3.29 45.868234 12.307043 0
4.79 -6.32 2.4 23.86 3.29 45.868234 12.307043 0
6.91 -7.51 2.0 24.15 3.29 45.868234 12.307043 0
7.63 -6.53 2.71 22.81 3.29 45.868234 12.307043 0
8.11 -10.9 1.86 23.02 3.29 45.868234 12.307043 0
5.2 -9.01 2.67 23.12 3.29 45.868234 12.307043 0
3.23 -3.89 1.12 23.77 3.29 45.868234 12.307043 0
6.07 -7.84 2.11 23.34 3.29 45.868234 12.307043 0
5.68 -9.96 2.28 22.76 3.29 45.868234 12.307043 0
5.44 -8.58 2.88 23.74 3.29 45.868234 12.307043 0
7.22 -8.75 1.05 23.82 3.29 45.868234 12.307043 0
5.54 -7.5 1.24 23.7 3.29 45.868234 12.307043 0
5.19 -7.1 0.79 23.02 3.34 45.868204 12.307050 1
5.67 -9.3 2.19 22.91 3.34 45.868204 12.307050 0
6.33 -9.19 2.1 23.03 3.34 45.868204 12.307050 1
9.36 -7.98 3.39 23.12 3.34 45.868204 12.307050 0
9.06 -9.13 2.34 25.09 3.34 45.868204 12.307050 0
4.76 -6.47 1.13 24.25 3.34 45.868204 12.307050 0
6.24 -6.86 0.76 22.57 3.34 45.868204 12.307050 0
4.78 -9.37 2.89 22.43 3.34 45.868204 12.307050 0
5.2 -9.28 2.79 23.53 3.34 45.868204 12.307050 0
5.71 -7.99 1.91 24.27 3.34 45.868204 12.307050 0
4.55 -4.49 1.65 24.13 3.34 45.868204 12.307050 0
9.84 -10.03 0.65 24.35 3.34 45.868204 12.307050 0
5.21 -4.71 2.0 22.86 3.34 45.868204 12.307050 0
6.62 -9.14 1.48 23.08 3.34 45.868204 12.307050 0
6.61 -7.06 2.15 22.69 3.34 45.868204 12.307050 0
6.83 -9.8 1.81 22.76 3.34 45.868204 12.307050 0
8.37 -9.13 1.77 23.36 3.29 45.868174 12.307057 1
6.34 -7.76 3.62 23.51 3.29 45.868174 12.307057 0
4.35 -6.82 3.51 23.29 3.29 45.868174 12.307057 0
4.7 -8.88 1.64 24.13 3.29 45.868174 12.307057 1
5.91 -9.65 1.92 27.59 3.29 45.868174 12.307057 0
5.9 -9.09 0.57 22.21 3.29 45.868174 12.307057 0
5.2 -8.63 2.12 23.17 3.29 45.868174 12.307057 0
5.73 -5.94 3.33 24.49 3.29 45.868174 12.307057 0
5.67 -6.13 1.31 24.68 3.29 45.868174 12.307057 0
5.72 -9.12 1.1 23.82 3.29 45.868174 12.307057 0
6.76 -8.17 0.91 24.7 3.29 45.868174 12.307057 0
5.48 -8.07 1.89 24.52 3.29 45.868174 12.307057 0
5.83 -8.64 3.2 23.79 3.29 45.868174 12.307057 0
5.06 -6.93 3.74 23.14 3.29 45.868174 12.307057 0
7.12 -7.63 3.11 23.27 3.29 45.868174 12.307057 0
4.89 -7.64 1.75 23.15 3.29 45.868174 12.307057 0
5.88 -7.04 1.88 23.07 3.29 45.868174 12.307057 0
7.36 -10.02 1.88 23.43 3.32 45.868144 12.307063 1
6.01 -8.72 1.05 22.76 3.32 45.868144 12.307063 0
5.77 -7.05 1.12 23.94 3.32 45.868144 12.307063 1
7.67 -8.54 0.84 23.43 3.32 45.868144 12.307063 0
5.78 -5.05 2.56 22.76 3.32 45.868144 12.307063 0
6.13 -11.37 2.06 22.6 3.32 45.868144 12.307063 0
7.74 -8.76 0.65 22.35 3.32 45.868144 12.307063 0
7.18 -6.51 1.19 23.96 3.32 45.868144 12.307063 0
6.02 -8.37 2.75 23.84 3.32 45.868144 12.307063 0
6.11 -7.89 2.41 22.98 3.32 45.868144 12.307063 0
6.39 -8.32 2.48 22.69 3.32 45.868144 12.307063 0
6.91 -7.68 0.92 23.91 3.32 45.868144 12.307063 0
3.85 -7.71 1.42 24.54 3.32 45.868144 12.307063 0
6.96 -7.59 2.4 23.48 3.32 45.868144 12.307063 0
5.39 -6.84 1.99 23.51 3.32 45.868144 12.307063 0
6.76 -9.5 1.42 1284.59 3.32 45.868144 12.307063 0
4.64 -3.23 2.24 24.42 3.38 45.868114 12.307071 1
5.23 -10.11 1.92 23.41 3.38 45.868114 12.307071 0
6.17 -7.12 1.12 22.24 3.38 45.868114 12.307071 1
6.54 -9.56 1.76 22.74 3.38 45.868114 12.307071 0
3.8 -11.72 0.65 23.94 3.38 45.868114 12.307071 0
4.57 -5.08 3.0 24.59 3.38 45.868114 12.307071 0
4.13 -3.26 1.95 114.54 3.38 45.868114 12.307071 0
6.76 -8.93 0.46 22.69 3.38 45.868114 12.307071 0
5.65 -8.99 1.86 23.29 3.38 45.868114 12.307071 0
7.01 -5.52 1.68 23.22 3.38 45.868114 12.307071 0
6.56 -7.49 4.72 23.68 3.38 45.868114 12.307071 0
6.15 -5.66 1.97 23.0 3.38 45.868114 12.307071 0
5.26 -7.11 1.78 23.26 3.38 45.868114 12.307071 0
6.85 -8.18 1.34 22.54 3.38 45.868114 12.307071 0
5.04 -8.48 1.27 23.08 3.38 45.868114 12.307071 0
5.76 -8.23 1.84 22.5 3.38 45.868114 12.307071 0
4.38 -7.65 2.44 22.23 3.38 45.868114 12.307071 0
6.42 -7.94 2.93 22.26 3.33 45.868084 12.307079 1
5.71 -8.8 1.68 23.24 3.33 45.868084 12.307079 0
6.15 -9.32 2.4 22.6 3.33 45.868084 12.307079 1
6.61 -7.68 0.9 26.02 3.33 45.868084 12.307079 0
5.72 -6.16 0.68 23.65 3.33 45.868084 12.307079 0
6.25 -6.61 3.32 23.22 3.33 45.868084 12.307079 0
9.09 -6.62 1.2 23.17 3.33 45.868084 12.307079 0
7.38 -7.48 1.84 23.7 3.33 45.868084 12.307079 0
6.02 -7.3 1.6 23.08 3.33 45.868084 12.307079 0
5.09 -5.78 1.07 23.79 3.33 45.868084 12.307079 0
4.92 -9.76 1.46 22.91 3.33 45.868084 12.307079 0
5.88 -8.03 3.79 22.79 3.33 45.868084 12.307079 0
6.14 -7.02 2.18 23.0 3.33 45.868084 12.307079 0
5.14 -7.09 1.42 23.24 3.33 45.868084 12.307079 0
5.37 -6.73 2.07 22.71 3.33 45.868084 12.307079 0
7.05 -8.28 1.82 24.44 3.33 45.868084 12.307079 0
6.63 -9.22 2.38 22.57 3.3 45.868054 12.307087 1
5.49 -8.92 1.37 25.78 3.3 45.868054 12.307087 0
5.64 -8.08 2.1 23.07 3.3 45.868054 12.307087 1
7.07 -10.71 2.28 297.67 3.3 45.868054 12.307087 0
5.04 -8.41 1.87 5.69 3.3 45.868054 12.307087 0
6.46 -8.46 1.07 23.32 3.3 45.868054 12.307087 0
6.2 -7.23 0.65 23.14 3.3 45.868054 12.307087 0
6.92 -6.88 2.87 22.83 3.3 45.868054 12.307087 0
6.86 -6.86 3.57 22.48 3.3 45.868054 12.307087 0
5.78 -8.39 2.48 24.82 3.3 45.868054 12.307087 0
6.96 -7.2 2.22 22.72 3.3 45.868054 12.307087 0
5.4 -8.51 2.55 23.68 3.3 45.868054 12.307087 0
5.05 -7.24 1.86 22.67 3.3 45.868054 12.307087 0
5.03 -8.17 1.6 23.41 3.3 45.868054 12.307087 0
6.61 -8.77 1.85 24.13 3.45 45.868023 12.307092 1
4.88 -7.75 2.41 23.87 3.45 45.868023 12.307092 0
5.05 -8.16 2.76 23.58 3.45 45.868023 12.307092 1
5.37 -6.26 1.14 22.91 3.45 45.868023 12.307092 0
6.13 -7.1 2.42 26.29 3.45 45.868023 12.307092 0
6.64 -6.23 2.7 24.15 3.45 45.868023 12.307092 0
5.66 -8.15 1.72 23.77 3.45 45.868023 12.307092 0
