5.91 -7.78 2.21 22.42 3.32 45.868351 12.307007 0 0
5.89 -7.66 2.01 23.36 3.32 45.868351 12.307007 0 0
5.83 -8.04 1.71 22.93 3.32 45.868351 12.307007 0 0
5.61 -7.45 1.56 22.93 3.32 45.868351 12.307007 0 0
5.52 -8.05 1.82 22.78 3.32 45.868351 12.307007 0 0
6.23 -7.99 2.12 22.31 3.32 45.868351 12.307007 0 0
5.73 -7.36 1.83 22.59 3.32 45.868351 12.307007 0 0
6.29 -7.54 2.09 22.4 3.32 45.868351 12.307007 0 0
6.16 -7.71 1.92 23.03 3.3 45.868322 12.307016 1 0
6.03 -7.25 2.1 22.52 3.3 45.868322 12.307016 0 0
6.3 -7.76 2.34 22.36 3.3 45.868322 12.307016 1 0
5.77 -7.52 1.94 22.67 3.3 45.868322 12.307016 0 0
6.04 -7.75 1.66 23.79 3.3 45.868322 12.307016 0 0
6.02 -8.06 1.66 22.67 3.3 45.868322 12.307016 0 0
6.1 -8.07 1.68 23.07 3.3 45.868322 12.307016 0 0
5.5 -8.02 1.69 22.9 3.3 45.868322 12.307016 0 0
5.61 -8.14 2.07 22.88 3.3 45.868322 12.307016 0 0
5.81 -7.57 2.1 23.19 3.3 45.868322 12.307016 0 0
6.0 -7.75 2.06 22.71 3.3 45.868322 12.307016 0 0
6.29 -7.87 1.7 23.12 3.3 45.868322 12.307016 0 0
6.19 -7.58 2.18 23.55 3.3 45.868322 12.307016 0 0
6.07 -7.89 2.09 22.88 3.3 45.868322 12.307016 0 0
5.74 -7.55 2.23 23.44 3.3 45.868322 12.307016 0 0
5.96 -7.59 2.09 23.2 3.3 45.868322 12.307016 0 0
5.86 -7.96 1.7 23.08 3.3 45.868322 12.307016 0 0
5.99 -8.09 2.18 23.03 3.23 45.868293 12.307022 1 0
5.55 -7.74 1.76 22.66 3.23 45.868293 12.307022 0 0
5.14 -8.43 1.71 22.57 3.23 45.868293 12.307022 1 0
6.05 -7.86 1.96 22.45 3.23 45.868293 12.307022 0 0
6.09 -7.97 2.16 22.67 3.23 45.868293 12.307022 0 0
6.06 -7.53 2.2 23.65 3.23 45.868293 12.307022 0 0
5.63 -7.22 1.88 23.48 3.23 45.868293 12.307022 0 0
6.15 -7.2 1.86 22.84 3.23 45.868293 12.307022 0 0
6.18 -7.92 2.08 22.62 3.23 45.868293 12.307022 0 0
6.8 -8.59 1.63 23.03 3.23 45.868293 12.307022 0 0
