5.78 -11.64 1.22 24.85 3.45 45.868233 12.307038 0 1
3.46 -3.77 0.94 23.34 3.45 45.868233 12.307038 0 1
7.87 -14.6 3.07 21.75 3.45 45.868233 12.307038 0 1
5.67 -8.53 5.09 22.48 3.45 45.868233 12.307038 0 1
6.13 -5.78 5.32 23.12 3.45 45.868233 12.307038 0 1
6.64 -10.14 1.5 26.69 3.4 45.868203 12.307047 1 1
8.34 -5.55 1.12 23.62 3.4 45.868203 12.307047 0 1
7.58 -9.71 0.51 22.76 3.4 45.868203 12.307047 1 1
8.28 -8.23 2.87 23.2 3.4 45.868203 12.307047 0 1
5.54 -9.43 3.21 22.93 3.4 45.868203 12.307047 0 1
5.77 -4.81 1.93 23.22 3.4 45.868203 12.307047 0 1
6.18 -9.35 1.63 23.32 3.4 45.868203 12.307047 0 1
5.76 -6.64 1.82 25.52 3.4 45.868203 12.307047 0 1
5.24 -10.02 2.1 23.51 3.4 45.868203 12.307047 0 1
5.95 -10.12 2.43 22.86 3.4 45.868203 12.307047 0 1
4.07 -7.39 1.75 24.15 3.4 45.868203 12.307047 0 1
5.83 -6.9 1.82 22.48 3.4 45.868203 12.307047 0 1
7.9 -11.63 0.96 22.17 3.4 45.868203 12.307047 0 1
4.26 -6.78 2.31 22.57 3.4 45.868203 12.307047 0 1
5.0 -6.31 1.24 24.54 3.4 45.868203 12.307047 0 1
6.97 -7.79 1.78 25.57 3.4 45.868203 12.307047 0 1
5.18 -8.33 2.02 22.9 3.4 45.868203 12.307047 0 1
7.98 -11.2 2.8 23.5 3.39 45.868172 12.307052 1 1
5.11 -6.83 2.25 22.76 3.39 45.868172 12.307052 0 1
4.86 -5.55 2.82 24.42 3.39 45.868172 12.307052 1 1
2.8 -9.32 1.49 23.24 3.39 45.868172 12.307052 0 1
7.32 -8.15 2.02 22.07 3.39 45.868172 12.307052 0 1
4.44 -9.05 1.8 28.85 3.39 45.868172 12.307052 0 1
5.87 -6.88 2.28 23.87 3.39 45.868172 12.307052 0 1
6.03 -6.65 1.89 23.91 3.39 45.868172 12.307052 0 1
5.69 -5.35 1.15 23.53 3.39 45.868172 12.307052 0 1
5.43 -7.24 1.48 23.48 3.39 45.868172 12.307052 0 1
6.79 -6.85 1.82 24.71 3.39 45.868172 12.307052 0 1
6.52 -8.25 1.08 23.08 3.39 45.868172 12.307052 0 1
6.92 -9.98 2.8 22.76 3.39 45.868172 12.307052 0 1
