5.77 -7.84 2.07 26.26 3.23 45.868293 12.307022 0 1
5.82 -7.81 2.05 29.12 3.23 45.868293 12.307022 0 1
5.7 -7.73 1.96 23.46 3.23 45.868293 12.307022 0 1
5.19 -8.38 1.55 24.51 3.23 45.868293 12.307022 0 1
5.5 -8.67 1.99 22.67 3.23 45.868293 12.307022 0 1
5.61 -7.46 2.05 23.22 3.23 45.868293 12.307022 0 1
5.3 -6.23 2.44 22.38 3.43 45.868263 12.307030 1 1
8.89 -8.54 2.2 22.76 3.43 45.868263 12.307030 0 1
5.76 -8.39 2.14 24.7 3.43 45.868263 12.307030 1 1
6.26 -8.01 1.58 24.49 3.43 45.868263 12.307030 0 1
5.4 -6.48 1.41 25.24 3.43 45.868263 12.307030 0 1
5.48 -4.81 0.98 24.08 3.43 45.868263 12.307030 0 1
7.58 -10.34 2.9 23.43 3.43 45.868263 12.307030 0 1
6.88 -8.21 2.71 23.02 3.43 45.868263 12.307030 0 1
3.43 -8.17 2.3 22.38 3.43 45.868263 12.307030 0 1
8.18 -7.95 1.58 22.91 3.43 45.868263 12.307030 0 1
6.1 -6.3 1.39 24.9 3.43 45.868263 12.307030 0 1
4.1 -6.37 0.99 25.47 3.43 45.868263 12.307030 0 1
4.47 -7.65 1.34 22.88 3.43 45.868263 12.307030 0 1
5.45 -7.14 1.44 21.54 3.43 45.868263 12.307030 0 1
4.8 -12.93 2.63 23.12 3.43 45.868263 12.307030 0 1
6.23 -8.13 1.81 22.33 3.43 45.868263 12.307030 0 1
4.25 -5.04 2.33 23.58 3.43 45.868263 12.307030 0 1
5.28 -5.66 1.78 23.31 3.45 45.868233 12.307038 1 1
6.53 -7.69 1.16 23.34 3.45 45.868233 12.307038 0 1
7.15 -9.39 1.97 23.56 3.45 45.868233 12.307038 1 1
5.15 -6.52 1.69 23.72 3.45 45.868233 12.307038 0 1
3.56 -7.08 1.74 23.32 3.45 45.868233 12.307038 0 1
5.53 -7.41 2.17 23.26 3.45 45.868233 12.307038 0 1
7.78 -8.13 2.24 22.6 3.45 45.868233 12.307038 0 1
8.08 -10.96 2.7 23.44 3.45 45.868233 12.307038 0 1
4.26 -5.6 1.54 25.36 3.45 45.868233 12.307038 0 1
6.33 -7.95 1.53 25.0 3.45 45.868233 12.307038 0 1
6.65 -2.09 1.32 23.14 3.45 45.868233 12.307038 0 1
6.05 -9.78 3.81 23.32 3.45 45.868233 12.307038 0 1
