6.03 -7.68 2.0 22.02 3.47 45.868529 12.306953 0 0
5.87 -7.78 1.65 22.81 3.47 45.868529 12.306953 0 0
6.29 -8.38 1.93 22.71 3.47 45.868529 12.306953 0 0
5.2 -6.14 1.94 23.07 3.47 45.868529 12.306953 0 0
6.14 -8.51 2.01 22.9 3.47 45.868529 12.306953 0 0
5.64 -7.64 1.61 23.0 3.47 45.868529 12.306953 0 0
6.11 -8.44 1.83 23.08 3.47 45.868529 12.306953 0 0
5.72 -8.25 1.7 23.24 3.47 45.868529 12.306953 0 0
5.48 -7.69 1.87 24.52 3.47 45.868529 12.306953 0 0
5.75 -7.91 1.81 24.16 3.47 45.868529 12.306953 0 0
5.52 -7.43 1.72 25.0 3.47 45.868529 12.306953 0 0
6.14 -8.04 1.37 22.55 3.47 45.868529 12.306953 0 0
6.38 -7.99 2.08 22.54 3.34 45.868499 12.306961 1 0
6.11 -7.98 2.31 22.45 3.34 45.868499 12.306961 0 0
5.81 -7.91 2.25 23.27 3.34 45.868499 12.306961 1 0
5.98 -7.49 2.17 22.23 3.34 45.868499 12.306961 0 0
5.94 -8.25 1.67 22.78 3.34 45.868499 12.306961 0 0
6.12 -8.22 1.7 22.79 3.34 45.868499 12.306961 0 0
5.61 -7.84 1.67 23.34 3.34 45.868499 12.306961 0 0
6.07 -8.04 1.52 22.91 3.34 45.868499 12.306961 0 0
5.88 -8.07 1.73 24.18 3.34 45.868499 12.306961 0 0
5.32 -7.14 1.64 24.88 3.34 45.868499 12.306961 0 0
5.37 -8.34 1.67 22.95 3.34 45.868499 12.306961 0 0
6.12 -7.52 2.01 22.26 3.34 45.868499 12.306961 0 0
5.87 -7.37 1.99 22.36 3.34 45.868499 12.306961 0 0
5.87 -7.97 2.05 23.94 3.34 45.868499 12.306961 0 0
5.27 -6.87 1.77 25.12 3.34 45.868499 12.306961 0 0
6.42 -6.95 2.1 23.84 3.34 45.868499 12.306961 0 0
5.91 -7.86 2.16 22.91 3.34 45.868499 12.306961 0 0
5.94 -8.53 1.81 31.92 3.35 45.868469 12.306967 1 0
5.78 -8.5 1.76 22.88 3.35 45.868469 12.306967 0 0
5.73 -7.4 1.87 23.19 3.35 45.868469 12.306967 1 0
5.41 -7.9 1.69 23.07 3.35 45.868469 12.306967 0 0
5.96 -8.28 2.26 23.03 3.35 45.868469 12.306967 0 0
6.36 -8.03 1.53 22.83 3.35 45.868469 12.306967 0 0
