5.83 -7.64 1.64 22.86 3.36 45.868409 12.306985 0 0
5.84 -7.63 2.01 25.07 3.36 45.868409 12.306985 0 0
5.75 -7.95 1.85 22.83 3.36 45.868409 12.306985 0 0
5.48 -8.06 1.66 23.6 3.36 45.868409 12.306985 0 0
5.67 -7.77 1.82 22.52 3.36 45.868409 12.306985 0 0
5.64 -7.83 1.96 23.38 3.36 45.868409 12.306985 0 0
5.75 -7.37 1.78 23.29 3.36 45.868409 12.306985 0 0
6.11 -7.44 2.02 22.69 3.36 45.868409 12.306985 0 0
6.01 -7.78 2.02 22.48 3.36 45.868409 12.306985 0 0
6.04 -7.84 1.98 23.07 3.32 45.868380 12.306996 1 0
5.9 -7.47 1.84 22.57 3.32 45.868380 12.306996 0 0
5.82 -7.66 2.16 22.19 3.32 45.868380 12.306996 1 0
5.96 -8.12 1.83 22.21 3.32 45.868380 12.306996 0 0
5.87 -7.84 1.87 22.62 3.32 45.868380 12.306996 0 0
5.54 -7.66 1.87 23.19 3.32 45.868380 12.306996 0 0
5.8 -7.86 1.85 22.74 3.32 45.868380 12.306996 0 0
6.1 -7.54 1.65 23.27 3.32 45.868380 12.306996 0 0
5.57 -7.77 1.59 22.9 3.32 45.868380 12.306996 0 0
5.77 -8.07 1.59 22.78 3.32 45.868380 12.306996 0 0
6.05 -7.97 1.67 22.28 3.32 45.868380 12.306996 0 0
6.23 -7.98 1.71 22.83 3.32 45.868380 12.306996 0 0
5.86 -7.72 1.73 22.98 3.32 45.868380 12.306996 0 0
5.71 -7.21 1.95 22.33 3.32 45.868380 12.306996 0 0
6.02 -7.84 1.97 23.0 3.32 45.868380 12.306996 0 0
5.98 -8.38 1.7 22.72 3.32 45.868380 12.306996 0 0
5.74 -8.25 1.79 22.86 3.32 45.868380 12.306996 0 0
5.35 -7.28 1.7 22.9 3.32 45.868351 12.307007 1 0
5.84 -7.78 1.61 22.67 3.32 45.868351 12.307007 0 0
5.91 -7.95 1.91 22.52 3.32 45.868351 12.307007 1 0
5.93 -8.14 2.25 22.11 3.32 45.868351 12.307007 0 0
5.58 -7.8 1.87 22.91 3.32 45.868351 12.307007 0 0
5.69 -7.58 2.17 22.84 3.32 45.868351 12.307007 0 0
6.24 -7.39 1.84 22.55 3.32 45.868351 12.307007 0 0
6.05 -8.2 2.14 22.26 3.32 45.868351 12.307007 0 0
5.99 -7.92 2.0 23.24 3.32 45.868351 12.307007 0 0
