5.31 -8.43 2.44 22.84 3.35 45.868111 12.307066 0 1
4.47 -7.36 1.46 22.76 3.35 45.868111 12.307066 0 1
5.62 -7.23 2.54 22.29 3.35 45.868080 12.307074 1 1
6.54 -7.77 3.54 22.19 3.35 45.868080 12.307074 0 1
6.32 -8.06 2.27 23.17 3.35 45.868080 12.307074 1 1
6.36 -7.79 2.36 22.71 3.35 45.868080 12.307074 0 1
6.71 -7.85 0.99 23.67 3.35 45.868080 12.307074 0 1
4.99 -6.71 1.87 25.3 3.35 45.868080 12.307074 0 1
5.58 -7.4 1.74 23.26 3.35 45.868080 12.307074 0 1
5.85 -7.99 1.39 22.81 3.35 45.868080 12.307074 0 1
6.18 -7.27 2.3 23.5 3.35 45.868080 12.307074 0 1
4.1 -7.03 2.69 22.79 3.35 45.868080 12.307074 0 1
8.2 -8.55 2.17 23.19 3.35 45.868080 12.307074 0 1
5.61 -7.21 1.59 23.74 3.35 45.868080 12.307074 0 1
6.16 -9.63 1.22 22.55 3.35 45.868080 12.307074 0 1
5.52 -7.19 0.82 26.19 3.35 45.868080 12.307074 0 1
4.94 -5.88 2.7 24.85 3.35 45.868080 12.307074 0 1
6.41 -8.57 1.59 27.65 3.35 45.868080 12.307074 0 1
5.48 -5.07 1.79 23.31 3.35 45.868080 12.307074 0 1
7.47 -7.36 2.38 24.1 3.35 45.868049 12.307079 1 1
6.91 -9.4 1.28 23.5 3.35 45.868049 12.307079 0 1
5.67 -7.81 1.73 23.17 3.35 45.868049 12.307079 1 1
5.97 -9.6 0.95 23.0 3.35 45.868049 12.307079 0 1
5.86 -7.54 2.49 23.68 3.35 45.868049 12.307079 0 1
6.27 -9.53 2.81 23.2 3.35 45.868049 12.307079 0 1
6.43 -7.79 1.43 22.91 3.35 45.868049 12.307079 0 1
6.19 -9.63 1.83 23.55 3.35 45.868049 12.307079 0 1
5.06 -6.76 1.58 23.63 3.35 45.868049 12.307079 0 1
5.17 -7.16 2.48 24.54 3.35 45.868049 12.307079 0 1
6.84 -8.93 1.65 22.84 3.35 45.868049 12.307079 0 1
6.84 -9.56 1.33 22.88 3.35 45.868049 12.307079 0 1
6.66 -8.35 0.07 22.81 3.35 45.868049 12.307079 0 1
4.74 -6.72 1.86 23.43 3.35 45.868049 12.307079 0 1
5.84 -8.05 1.26 26.72 3.35 45.868049 12.307079 0 1
5.29 -7.8 3.06 22.9 3.35 45.868049 12.307079 0 1
