5.91 -8.82 2.1 23.0 3.64 45.875982 12.305528 0
5.02 -7.99 2.62 22.04 3.64 45.875982 12.305528 0
5.52 -8.87 1.97 23.22 3.7 45.875955 12.305502 1
7.15 -9.54 1.71 23.55 3.7 45.875955 12.305502 0
4.88 -7.16 1.91 22.66 3.7 45.875955 12.305502 1
4.89 -6.7 1.16 23.72 3.7 45.875955 12.305502 0
5.47 -7.46 1.6 22.5 3.7 45.875955 12.305502 0
7.13 -7.47 3.23 22.24 3.7 45.875955 12.305502 0
6.13 -8.79 1.49 21.78 3.7 45.875955 12.305502 0
5.38 -7.69 2.0 22.64 3.7 45.875955 12.305502 0
5.0 -6.89 1.69 25.16 3.7 45.875955 12.305502 0
5.57 -7.4 2.27 22.42 3.7 45.875955 12.305502 0
5.79 -7.91 1.78 22.33 3.7 45.875955 12.305502 0
6.17 -7.96 1.33 22.76 3.7 45.875955 12.305502 0
5.54 -8.26 2.1 22.66 3.7 45.875955 12.305502 0
6.07 -7.78 2.22 22.12 3.7 45.875955 12.305502 0
5.65 -7.57 2.07 22.12 3.7 45.875955 12.305502 0
5.81 -8.04 1.81 22.35 3.7 45.875955 12.305502 0
5.71 -8.32 2.08 21.59 3.7 45.875955 12.305502 0
6.25 -7.95 1.96 22.36 3.75 45.875927 12.305473 1
6.24 -7.85 2.12 22.59 3.75 45.875927 12.305473 0
5.54 -7.16 1.64 26.07 3.75 45.875927 12.305473 1
5.6 -7.57 1.66 23.43 3.75 45.875927 12.305473 0
5.87 -8.91 2.14 24.11 3.75 45.875927 12.305473 0
6.34 -8.73 2.0 22.76 3.75 45.875927 12.305473 0
5.02 -7.82 1.9 22.59 3.75 45.875927 12.305473 0
5.32 -7.79 1.84 22.74 3.75 45.875927 12.305473 0
5.82 -6.9 2.41 22.84 3.75 45.875927 12.305473 0
6.41 -8.3 1.41 22.96 3.75 45.875927 12.305473 0
6.42 -8.35 1.93 22.98 3.75 45.875927 12.305473 0
4.94 -6.48 1.76 23.56 3.75 45.875927 12.305473 0
5.93 -8.8 2.16 22.71 3.75 45.875927 12.305473 0
6.0 -7.98 1.97 22.66 3.75 45.875927 12.305473 0
6.4 -8.08 2.15 22.45 3.75 45.875927 12.305473 0
5.49 -8.74 2.19 22.35 3.75 45.875927 12.305473 0
