5.97 -7.76 1.77 22.26 3.16 45.407763 11.899379 1 0
5.99 -7.52 2.01 22.71 2.46 45.407771 11.899407 0 0
6.25 -7.6 2.12 22.26 2.46 45.407771 11.899407 1 0
6.35 -7.76 2.1 21.8 2.46 45.407771 11.899407 0 0
6.13 -7.72 2.1 22.17 2.46 45.407771 11.899407 1 0
5.97 -7.67 2.12 22.11 2.46 45.407771 11.899407 1 0
6.0 -7.71 2.15 22.14 2.46 45.407771 11.899407 1 0
6.01 -7.66 2.14 23.02 2.46 45.407771 11.899407 1 0
5.92 -7.69 1.96 21.95 2.46 45.407771 11.899407 1 0
5.8 -7.99 1.78 21.95 2.46 45.407771 11.899407 1 0
5.73 -8.1 1.82 22.05 2.46 45.407771 11.899407 1 0
5.76 -7.77 1.89 22.88 2.46 45.407771 11.899407 1 0
5.82 -7.64 1.81 22.33 2.46 45.407771 11.899407 1 0
5.89 -7.85 1.89 21.9 2.46 45.407771 11.899407 1 0
6.14 -7.76 2.07 22.31 2.46 45.407771 11.899407 1 0
6.41 -7.53 1.91 21.97 2.46 45.407771 11.899407 1 0
6.33 -7.73 1.61 22.02 2.46 45.407771 11.899407 1 0
6.08 -7.78 1.75 21.95 2.46 45.407771 11.899407 1 0
6.09 -7.33 2.02 21.95 2.46 45.407771 11.899407 1 0
6.23 -7.44 1.96 22.23 2.77 45.407781 11.899441 0 0
6.18 -8.19 1.9 28.66 2.77 45.407781 11.899441 1 0
5.95 -8.23 2.03 21.64 2.77 45.407781 11.899441 0 0
5.54 -7.79 1.84 22.38 2.77 45.407781 11.899441 1 0
5.16 -7.94 1.47 22.62 2.77 45.407781 11.899441 1 0
5.35 -7.87 1.55 22.05 2.77 45.407781 11.899441 1 0
6.11 -7.16 1.77 22.29 2.77 45.407781 11.899441 1 0
6.52 -7.54 1.53 21.97 2.77 45.407781 11.899441 1 0
6.17 -8.75 1.43 22.52 2.77 45.407781 11.899441 1 0
5.74 -8.26 1.91 21.56 2.77 45.407781 11.899441 1 0
5.9 -6.9 2.07 21.25 2.77 45.407781 11.899441 1 0
6.39 -7.51 1.63 20.94 2.77 45.407781 11.899441 1 0
6.46 -8.87 1.62 21.45 2.77 45.407781 11.899441 1 0
5.97 -8.1 2.2 22.23 2.77 45.407781 11.899441 1 0
5.65 -6.41 2.35 22.59 2.77 45.407781 11.899441 1 0
5.84 -6.49 2.09 22.26 2.77 45.407781 11.899441 1 0
