5.84 -8.21 1.61 21.75 3.42 45.407830 11.899683 1 0
6.06 -7.82 1.66 21.9 3.08 45.407834 11.899724 0 0
6.38 -7.4 2.11 21.97 3.08 45.407834 11.899724 1 0
6.27 -7.52 2.23 22.0 3.08 45.407834 11.899724 0 0
6.12 -7.69 1.84 22.09 3.08 45.407834 11.899724 1 0
6.17 -7.66 1.57 22.91 3.08 45.407834 11.899724 1 0
6.08 -7.75 1.73 21.95 3.08 45.407834 11.899724 1 0
5.85 -8.04 1.91 21.81 3.08 45.407834 11.899724 1 0
5.74 -8.19 1.86 21.87 3.08 45.407834 11.899724 1 0
5.7 -8.07 1.78 22.07 3.08 45.407834 11.899724 1 0
5.71 -7.92 1.91 22.02 3.08 45.407834 11.899724 1 0
5.83 -7.84 2.21 22.42 3.08 45.407834 11.899724 1 0
5.92 -7.75 2.34 21.9 3.08 45.407834 11.899724 1 0
5.95 -7.77 2.14 22.21 3.08 45.407834 11.899724 1 0
6.07 -7.89 1.93 21.73 3.08 45.407834 11.899724 1 0
6.26 -7.82 1.94 21.85 3.08 45.407834 11.899724 1 0
6.31 -7.53 2.04 21.51 3.08 45.407834 11.899724 1 0
6.16 -7.35 2.17 22.0 3.08 45.407834 11.899724 1 0
6.04 -7.41 2.41 21.44 3.08 45.407834 11.899724 1 0
6.08 -7.65 2.46 21.85 3.22 45.407839 11.899765 0 0
6.11 -7.96 2.13 21.95 3.22 45.407839 11.899765 1 0
5.92 -8.06 1.82 21.9 3.22 45.407839 11.899765 0 0
5.67 -7.87 1.83 22.28 3.22 45.407839 11.899765 1 0
5.63 -7.83 1.88 21.39 3.22 45.407839 11.899765 1 0
5.72 -8.06 1.85 21.85 3.22 45.407839 11.899765 1 0
5.75 -8.04 1.92 21.9 3.22 45.407839 11.899765 1 0
5.84 -7.7 1.94 21.95 3.22 45.407839 11.899765 1 0
6.06 -7.58 1.65 22.0 3.22 45.407839 11.899765 1 0
6.16 -7.71 1.41 21.52 3.22 45.407839 11.899765 1 0
6.09 -7.71 1.63 21.95 3.22 45.407839 11.899765 1 0
6.08 -7.66 1.96 21.95 3.22 45.407839 11.899765 1 0
6.13 -7.75 1.94 22.0 3.22 45.407839 11.899765 1 0
6.09 -7.69 1.77 21.63 3.22 45.407839 11.899765 1 0
5.97 -7.52 1.79 22.07 3.22 45.407839 11.899765 1 0
5.79 -7.7 1.83 22.11 3.22 45.407839 11.899765 1 0
