5.72 -7.54 1.8 21.64 2.47 45.408004 11.888668 0 0
5.85 -7.46 1.8 22.05 2.47 45.408004 11.888668 1 0
5.88 -7.14 1.81 21.92 2.47 45.408004 11.888668 1 0
6.01 -7.65 1.8 21.56 2.47 45.408004 11.888668 1 0
6.76 -7.71 1.95 21.52 2.47 45.408004 11.888668 1 0
6.44 -8.1 1.64 22.71 2.47 45.408004 11.888668 1 0
6.05 -7.5 1.42 22.57 2.47 45.408004 11.888668 1 0
5.9 -7.46 1.55 22.86 2.47 45.408004 11.888668 1 0
5.49 -7.09 1.57 22.64 2.47 45.408004 11.888668 1 0
6.11 -7.97 1.78 22.07 2.47 45.408004 11.888668 1 0
6.04 -8.45 1.65 21.76 2.47 45.408004 11.888668 0 0
6.08 -8.77 2.06 21.69 2.47 45.408004 11.888668 1 0
5.91 -7.84 1.62 21.69 2.47 45.408004 11.888668 0 0
5.7 -7.67 2.08 21.25 2.47 45.408004 11.888668 1 0
5.92 -7.33 1.86 21.75 2.47 45.408004 11.888668 1 0
6.11 -7.8 1.8 21.85 2.47 45.408004 11.888668 1 0
6.1 -7.55 1.95 21.85 2.47 45.408004 11.888668 1 0
6.08 -7.53 1.88 22.35 2.47 45.408004 11.888668 1 0
5.97 -7.83 2.05 22.05 2.47 45.408004 11.888668 1 0
5.86 -7.79 1.89 22.05 2.47 45.408004 11.888668 1 0
5.93 -7.69 1.78 21.97 2.47 45.408004 11.888668 1 0
5.88 -8.09 1.87 21.97 2.47 45.408004 11.888668 1 0
5.68 -7.78 1.76 21.75 2.47 45.408004 11.888668 1 0
5.83 -7.89 1.58 22.16 2.47 45.408004 11.888668 1 0
6.03 -7.54 2.01 22.09 2.47 45.408004 11.888668 1 0
5.79 -8.06 1.88 22.05 2.47 45.408004 11.888668 1 0
6.02 -7.68 1.98 22.04 2.47 45.408004 11.888668 1 0
6.13 -7.61 1.63 22.35 2.95 45.408002 11.888640 0 0
6.26 -7.33 1.69 21.97 2.95 45.408002 11.888640 1 0
6.02 -7.92 1.7 22.31 2.95 45.408002 11.888640 0 0
6.13 -7.64 1.78 21.92 2.95 45.408002 11.888640 1 0
6.01 -7.78 1.95 21.92 2.95 45.408002 11.888640 1 0
5.91 -7.89 1.8 22.02 2.95 45.408002 11.888640 1 0
5.92 -7.79 1.81 21.97 2.95 45.408002 11.888640 1 0
5.67 -7.74 1.42 21.81 2.95 45.408002 11.888640 1 0
