6.85 -8.41 2.04 21.83 2.52 45.407963 11.888255 1 0
5.59 -7.57 1.4 22.11 2.52 45.407963 11.888255 1 0
5.34 -7.42 1.63 22.12 2.52 45.407963 11.888255 1 0
6.02 -7.99 1.72 21.97 2.52 45.407963 11.888255 1 0
5.85 -7.87 2.23 21.95 2.52 45.407963 11.888255 1 0
5.75 -8.44 1.81 21.59 2.52 45.407963 11.888255 1 0
5.35 -8.16 1.66 22.07 2.52 45.407963 11.888255 1 0
5.64 -8.15 1.69 22.11 2.52 45.407963 11.888255 1 0
5.89 -7.86 1.5 22.0 2.52 45.407963 11.888255 1 0
6.18 -7.56 1.6 21.44 2.52 45.407963 11.888255 1 0
6.25 -7.38 1.89 21.9 2.98 45.407947 11.888220 0 0
6.39 -7.42 2.24 21.95 2.98 45.407947 11.888220 1 0
6.4 -7.36 2.25 21.92 2.98 45.407947 11.888220 0 0
6.03 -7.63 2.34 21.37 2.98 45.407947 11.888220 1 0
5.98 -7.5 2.29 21.83 2.98 45.407947 11.888220 1 0
5.89 -7.89 2.11 21.39 2.98 45.407947 11.888220 1 0
6.18 -7.81 2.24 21.45 2.98 45.407947 11.888220 1 0
5.85 -7.85 2.54 21.85 2.98 45.407947 11.888220 1 0
5.79 -7.94 2.14 22.0 2.98 45.407947 11.888220 1 0
5.66 -8.13 1.98 22.05 2.98 45.407947 11.888220 1 0
5.75 -7.66 2.15 21.64 2.98 45.407947 11.888220 1 0
5.9 -7.81 1.9 22.02 2.98 45.407947 11.888220 1 0
6.01 -7.98 1.58 21.92 2.98 45.407947 11.888220 1 0
6.0 -7.79 1.96 21.51 2.98 45.407947 11.888220 1 0
5.97 -7.6 2.0 22.36 2.98 45.407947 11.888220 1 0
6.05 -7.76 1.35 21.92 2.98 45.407947 11.888220 1 0
6.02 -7.74 1.83 21.81 2.98 45.407947 11.888220 1 0
5.98 -7.76 1.83 21.97 3.03 45.407930 11.888189 0 0
5.87 -7.68 1.65 22.14 3.03 45.407930 11.888189 1 0
5.62 -7.84 1.69 22.14 3.03 45.407930 11.888189 0 0
5.69 -7.91 1.48 21.97 3.03 45.407930 11.888189 1 0
5.7 -8.21 1.58 21.92 3.03 45.407930 11.888189 1 0
5.94 -7.62 1.71 21.45 3.03 45.407930 11.888189 1 0
6.02 -7.98 2.02 21.92 3.03 45.407930 11.888189 1 0
5.94 -7.98 1.7 21.88 3.03 45.407930 11.888189 1 0
