6.29 -8.31 1.78 22.09 3.25 45.407992 11.888412 1 0
6.12 -7.05 1.95 22.16 3.25 45.407992 11.888412 1 0
5.75 -8.85 1.41 22.23 3.25 45.407992 11.888412 1 0
5.52 -6.81 1.86 22.21 3.25 45.407992 11.888412 1 0
6.01 -8.7 1.68 22.0 3.25 45.407992 11.888412 1 0
5.88 -7.72 1.79 21.51 3.25 45.407992 11.888412 1 0
5.8 -8.43 1.81 21.92 3.25 45.407992 11.888412 1 0
5.77 -7.58 1.67 22.02 3.25 45.407992 11.888412 1 0
6.11 -7.54 1.88 21.95 3.25 45.407992 11.888412 1 0
5.91 -7.35 1.86 21.49 3.25 45.407992 11.888412 1 0
5.89 -7.83 1.89 22.0 3.29 45.407981 11.888369 0 0
6.18 -7.48 1.61 21.92 3.29 45.407981 11.888369 1 0
5.97 -7.75 2.11 21.95 3.29 45.407981 11.888369 0 0
5.84 -7.63 1.68 21.9 3.29 45.407981 11.888369 1 0
6.12 -7.75 1.78 21.95 3.29 45.407981 11.888369 1 0
6.0 -7.79 2.0 21.97 3.29 45.407981 11.888369 1 0
5.61 -7.96 2.15 22.0 3.29 45.407981 11.888369 1 0
5.76 -7.84 1.86 22.02 3.29 45.407981 11.888369 1 0
5.79 -7.58 1.8 22.07 3.29 45.407981 11.888369 1 0
6.14 -8.01 1.83 22.48 3.29 45.407981 11.888369 1 0
5.96 -7.87 1.79 21.59 3.29 45.407981 11.888369 1 0
6.13 -7.47 1.44 21.59 3.29 45.407981 11.888369 1 0
5.99 -7.66 1.99 21.97 3.29 45.407981 11.888369 1 0
5.97 -7.59 1.65 22.07 3.29 45.407981 11.888369 1 0
6.02 -7.61 1.67 22.02 3.29 45.407981 11.888369 1 0
6.23 -7.71 1.84 21.64 3.29 45.407981 11.888369 1 0
6.02 -7.98 1.53 21.59 3.29 45.407981 11.888369 1 0
5.94 -8.03 1.68 22.16 3.31 45.407974 11.888326 0 0
5.64 -7.84 1.58 22.0 3.31 45.407974 11.888326 1 0
5.8 -7.68 1.67 22.36 3.31 45.407974 11.888326 0 0
6.12 -8.12 1.81 21.54 3.31 45.407974 11.888326 1 0
5.89 -7.75 1.62 22.0 3.31 45.407974 11.888326 1 0
5.91 -7.82 1.77 21.9 3.31 45.407974 11.888326 1 0
5.88 -7.91 1.59 22.05 3.31 45.407974 11.888326 1 0
6.08 -7.44 1.87 21.95 3.31 45.407974 11.888326 1 0
