6.13 -7.68 1.61 22.09 2.83 45.408397 11.889990 1 0
6.0 -7.98 1.57 22.0 2.83 45.408397 11.889990 1 0
5.62 -7.92 1.63 21.9 2.83 45.408397 11.889990 1 0
5.58 -7.78 1.69 21.85 2.96 45.408384 11.889955 0 0
5.87 -7.87 1.6 21.78 2.96 45.408384 11.889955 1 0
5.97 -7.94 1.54 21.57 2.96 45.408384 11.889955 0 0
5.88 -7.82 1.69 21.95 2.96 45.408384 11.889955 1 0
5.87 -7.79 1.82 21.71 2.96 45.408384 11.889955 1 0
5.95 -7.9 1.81 22.0 2.96 45.408384 11.889955 1 0
5.97 -7.87 1.85 22.02 2.96 45.408384 11.889955 1 0
6.0 -7.8 1.92 21.9 2.96 45.408384 11.889955 1 0
5.96 -7.88 1.87 22.0 2.96 45.408384 11.889955 1 0
5.81 -7.93 1.81 22.02 2.96 45.408384 11.889955 1 0
5.7 -7.89 1.87 21.57 2.96 45.408384 11.889955 1 0
5.71 -8.01 1.91 22.12 2.96 45.408384 11.889955 1 0
5.67 -8.07 1.88 22.14 2.96 45.408384 11.889955 1 0
5.63 -7.82 1.86 22.33 2.96 45.408384 11.889955 1 0
5.79 -7.75 1.77 21.81 2.96 45.408384 11.889955 1 0
6.0 -8.14 1.6 21.83 2.96 45.408384 11.889955 1 0
5.96 -8.3 1.58 22.12 2.96 45.408384 11.889955 1 0
5.82 -7.99 1.71 21.92 2.82 45.408371 11.889924 0 0
5.9 -7.89 1.7 21.85 2.82 45.408371 11.889924 1 0
6.04 -8.09 1.58 21.95 2.82 45.408371 11.889924 0 0
5.99 -7.93 1.62 21.99 2.82 45.408371 11.889924 1 0
5.86 -7.53 1.73 21.95 2.82 45.408371 11.889924 1 0
5.81 -7.59 1.7 21.97 2.82 45.408371 11.889924 1 0
5.71 -8.02 1.6 21.51 2.82 45.408371 11.889924 1 0
5.57 -8.2 1.57 21.51 2.82 45.408371 11.889924 1 0
5.62 -8.05 1.54 21.61 2.82 45.408371 11.889924 1 0
5.78 -7.91 1.56 21.66 2.82 45.408371 11.889924 1 0
5.73 -7.95 1.68 21.68 2.82 45.408371 11.889924 1 0
5.61 -7.96 1.82 21.69 2.82 45.408371 11.889924 1 0
5.86 -7.78 1.81 21.61 2.82 45.408371 11.889924 1 0
6.28 -7.7 1.73 21.97 2.82 45.408371 11.889924 1 0
6.24 -7.95 1.69 22.07 2.82 45.408371 11.889924 1 0
