5.52 -7.96 1.82 22.17 3.41 45.408260 11.889551 1 0
5.61 -7.55 1.59 22.17 3.41 45.408260 11.889551 1 0
6.1 -7.52 1.53 21.87 3.41 45.408260 11.889551 1 0
6.19 -8.1 1.73 21.25 3.27 45.408251 11.889510 0 0
6.05 -8.36 1.78 21.8 3.27 45.408251 11.889510 1 0
6.03 -7.76 1.66 21.9 3.27 45.408251 11.889510 0 0
5.89 -7.26 1.78 21.9 3.27 45.408251 11.889510 1 0
5.77 -7.65 1.98 21.81 3.27 45.408251 11.889510 1 0
6.01 -8.23 1.82 21.9 3.27 45.408251 11.889510 1 0
6.09 -8.25 1.58 21.92 3.27 45.408251 11.889510 1 0
5.66 -7.98 1.68 22.21 3.27 45.408251 11.889510 1 0
5.47 -7.79 1.82 22.31 3.27 45.408251 11.889510 1 0
5.84 -7.7 1.72 22.26 3.27 45.408251 11.889510 1 0
6.03 -7.84 1.6 22.04 3.27 45.408251 11.889510 1 0
5.93 -8.12 1.57 22.16 3.27 45.408251 11.889510 1 0
6.07 -8.13 1.47 22.62 3.27 45.408251 11.889510 1 0
6.23 -7.84 1.41 22.11 3.27 45.408251 11.889510 1 0
6.01 -7.71 1.57 22.12 3.27 45.408251 11.889510 1 0
5.77 -7.9 1.79 22.05 3.27 45.408251 11.889510 1 0
5.81 -8.09 1.88 21.97 3.27 45.408251 11.889510 1 0
5.84 -8.03 1.81 21.85 3.14 45.408242 11.889473 0 0
5.71 -7.9 1.59 22.0 3.14 45.408242 11.889473 1 0
5.62 -7.95 1.49 22.0 3.14 45.408242 11.889473 0 0
5.66 -8.12 1.7 22.4 3.14 45.408242 11.889473 1 0
5.81 -8.12 1.92 21.95 3.14 45.408242 11.889473 1 0
5.95 -7.89 1.79 22.11 3.14 45.408242 11.889473 1 0
5.86 -7.69 1.59 22.09 3.14 45.408242 11.889473 1 0
5.68 -7.75 1.69 21.85 3.14 45.408242 11.889473 1 0
5.78 -7.99 1.82 21.8 3.14 45.408242 11.889473 1 0
5.98 -8.19 1.72 21.9 3.14 45.408242 11.889473 1 0
5.84 -8.19 1.63 22.0 3.14 45.408242 11.889473 1 0
5.63 -7.91 1.69 22.21 3.14 45.408242 11.889473 1 0
5.77 -7.62 1.73 22.12 3.14 45.408242 11.889473 1 0
6.0 -7.68 1.75 22.11 3.14 45.408242 11.889473 1 0
5.97 -7.97 1.8 22.05 3.14 45.408242 11.889473 1 0
