5.87 -8.07 1.75 22.05 3.14 45.408242 11.889473 1 0
5.92 -7.96 1.58 22.07 3.14 45.408242 11.889473 1 0
5.96 -7.92 1.48 22.06 3.14 45.408242 11.889473 1 0
5.93 -7.98 1.52 22.08 3.14 45.408242 11.889473 1 0
5.92 -7.97 1.54 22.06 3.14 45.408242 11.889473 1 0
5.94 -7.94 1.51 22.07 3.14 45.408242 11.889473 1 0
5.94 -7.96 1.52 22.06 3.14 45.408242 11.889473 1 0
5.94 -7.98 1.54 22.07 3.14 45.408242 11.889473 1 0
5.95 -7.96 1.52 22.07 3.14 45.408242 11.889473 1 0
5.94 -7.95 1.5 22.07 3.14 45.408242 11.889473 1 0
5.93 -7.97 1.51 22.08 3.14 45.408242 11.889473 1 0
5.95 -7.96 1.52 22.08 3.14 45.408242 11.889473 1 0
5.95 -7.96 1.52 22.08 3.14 45.408242 11.889473 1 0
5.94 -7.97 1.52 22.06 3.14 45.408242 11.889473 1 0
5.95 -7.96 1.52 22.07 3.14 45.408242 11.889473 1 0
5.95 -7.96 1.52 22.07 3.14 45.408242 11.889473 1 0
5.94 -7.97 1.52 22.07 3.14 45.408242 11.889473 1 0
5.94 -7.97 1.52 22.06 3.14 45.408242 11.889473 1 0
5.95 -7.95 1.51 22.07 3.14 45.408242 11.889473 1 0
5.95 -7.96 1.52 22.07 3.14 45.408242 11.889473 1 0
5.94 -7.96 1.53 22.08 3.14 45.408242 11.889473 1 0
5.94 -7.96 1.53 22.07 3.14 45.408242 11.889473 1 0
5.95 -7.95 1.51 22.08 3.14 45.408242 11.889473 1 0
5.94 -7.96 1.51 22.07 3.14 45.408242 11.889473 1 0
5.94 -7.97 1.52 22.08 3.14 45.408242 11.889473 1 0
5.94 -7.96 1.53 22.06 3.14 45.408242 11.889473 1 0
5.94 -7.96 1.52 22.07 3.14 45.408242 11.889473 1 0
5.94 -7.96 1.51 22.07 3.14 45.408242 11.889473 1 0
5.94 -7.96 1.51 22.08 3.14 45.408242 11.889473 1 0
5.94 -7.96 1.52 22.07 3.14 45.408242 11.889473 1 0
5.94 -7.95 1.53 22.06 3.14 45.408242 11.889473 1 0
5.94 -7.96 1.52 22.07 3.14 45.408242 11.889473 1 0
5.94 -7.96 1.52 22.07 3.14 45.408242 11.889473 1 0
5.93 -7.97 1.52 22.07 3.14 45.408242 11.889473 1 0
5.94 -7.96 1.53 22.07 3.14 45.408242 11.889473 1 0
