6.13 -7.67 1.92 22.74 3.49 45.877563 12.307014 0
6.01 -7.64 1.79 309.49 3.49 45.877563 12.307014 0
5.56 -7.69 1.83 6.14 3.49 45.877563 12.307014 0
6.16 -7.51 0.62 23.24 3.49 45.877563 12.307014 0
6.07 -8.47 1.69 23.48 3.03 45.877555 12.306974 1
6.26 -7.99 1.66 22.9 3.03 45.877555 12.306974 0
6.32 -7.79 2.56 22.9 3.03 45.877555 12.306974 1
5.83 -7.39 1.76 23.44 3.03 45.877555 12.306974 0
6.3 -7.41 1.98 23.41 3.03 45.877555 12.306974 0
5.68 -8.07 2.12 23.75 3.03 45.877555 12.306974 0
6.02 -7.89 1.48 23.79 3.03 45.877555 12.306974 0
6.07 -7.6 2.08 22.6 3.03 45.877555 12.306974 0
5.78 -7.5 1.68 23.34 3.03 45.877555 12.306974 0
5.82 -8.15 1.9 23.62 3.03 45.877555 12.306974 0
6.09 -7.67 1.57 23.26 3.03 45.877555 12.306974 0
6.03 -8.21 1.36 23.22 3.03 45.877555 12.306974 0
5.63 -7.64 1.14 23.2 3.03 45.877555 12.306974 0
6.43 -7.92 1.31 22.76 3.03 45.877555 12.306974 0
5.43 -7.71 1.18 23.05 3.03 45.877555 12.306974 0
5.98 -7.38 1.79 24.46 3.03 45.877555 12.306974 0
6.05 -7.6 1.91 27.99 3.03 45.877555 12.306974 0
5.69 -7.42 1.73 22.96 3.24 45.877554 12.306933 1
5.65 -8.46 1.96 23.03 3.24 45.877554 12.306933 0
5.7 -8.03 1.49 22.59 3.24 45.877554 12.306933 1
6.31 -8.16 1.57 23.38 3.24 45.877554 12.306933 0
6.39 -7.9 1.53 23.02 3.24 45.877554 12.306933 0
6.0 -7.55 1.47 22.4 3.24 45.877554 12.306933 0
5.83 -8.39 1.21 22.54 3.24 45.877554 12.306933 0
5.88 -7.66 2.14 22.86 3.24 45.877554 12.306933 0
6.24 -7.38 2.09 22.91 3.24 45.877554 12.306933 0
6.1 -7.85 1.06 22.78 3.24 45.877554 12.306933 0
5.94 -8.48 2.16 23.75 3.24 45.877554 12.306933 0
5.47 -7.7 2.24 22.96 3.24 45.877554 12.306933 0
5.64 -7.44 1.57 24.13 3.24 45.877554 12.306933 0
5.15 -6.52 1.8 22.86 3.24 45.877554 12.306933 0
