5.63 -9.46 1.77 20.89 3.69 45.877438 12.306840 1
5.39 -9.09 2.87 22.47 3.69 45.877438 12.306840 0
5.8 -7.21 1.42 23.2 3.69 45.877438 12.306840 1
6.68 -7.2 1.74 22.52 3.69 45.877438 12.306840 0
5.75 -10.92 2.27 21.2 3.69 45.877438 12.306840 0
5.61 -9.09 2.59 22.05 3.69 45.877438 12.306840 0
6.32 -6.99 3.79 23.43 3.69 45.877438 12.306840 0
5.87 -7.96 2.97 25.42 3.69 45.877438 12.306840 0
4.19 -6.56 1.57 23.19 3.69 45.877438 12.306840 0
4.05 -3.69 1.94 22.5 3.69 45.877438 12.306840 0
4.63 -14.75 2.03 24.88 3.69 45.877438 12.306840 0
4.96 -7.55 3.43 23.7 3.69 45.877438 12.306840 0
5.32 -7.2 1.52 22.6 3.69 45.877438 12.306840 0
4.79 -8.04 1.99 22.48 3.69 45.877438 12.306840 0
5.99 -7.21 2.46 21.83 3.69 45.877438 12.306840 0
6.34 -8.3 1.02 22.45 3.69 45.877438 12.306840 0
5.75 -8.72 2.2 22.42 3.69 45.877438 12.306840 0
4.46 -8.21 2.37 22.96 3.76 45.877430 12.306884 1
4.86 -7.86 1.47 23.56 3.76 45.877430 12.306884 0
5.82 -8.81 2.02 23.39 3.76 45.877430 12.306884 1
5.65 -7.63 2.16 22.36 3.76 45.877430 12.306884 0
5.82 -8.33 1.88 22.71 3.76 45.877430 12.306884 0
5.56 -7.29 2.61 22.59 3.76 45.877430 12.306884 0
6.08 -8.24 2.26 22.6 3.76 45.877430 12.306884 0
6.39 -8.0 1.52 22.45 3.76 45.877430 12.306884 0
6.49 -8.72 2.66 23.38 3.76 45.877430 12.306884 0
5.91 -7.44 1.54 23.07 3.76 45.877430 12.306884 0
5.73 -8.0 1.54 23.8 3.76 45.877430 12.306884 0
5.88 -8.01 1.48 22.79 3.76 45.877430 12.306884 0
5.86 -7.68 1.39 22.45 3.76 45.877430 12.306884 0
6.46 -9.84 1.31 23.38 3.76 45.877430 12.306884 0
5.39 -7.03 1.88 23.29 3.76 45.877430 12.306884 0
6.66 -7.37 1.5 22.95 3.76 45.877430 12.306884 0
6.08 -8.2 2.04 23.08 3.76 45.877430 12.306884 0
6.41 -8.05 1.56 22.54 3.22 45.877434 12.306926 1
