6.03 -7.81 2.04 23.26 3.45 45.877578 12.307095 0
5.95 -7.78 2.28 24.49 3.45 45.877578 12.307095 0
5.84 -7.63 1.78 27.47 3.45 45.877578 12.307095 0
5.75 -7.52 1.98 23.63 3.45 45.877578 12.307095 0
5.85 -8.1 2.02 23.67 3.45 45.877578 12.307095 0
6.11 -8.02 2.28 22.81 3.45 45.877578 12.307095 0
6.01 -7.71 2.06 23.2 3.45 45.877578 12.307095 0
5.47 -7.84 2.14 31.09 3.45 45.877578 12.307095 0
5.82 -7.87 1.6 23.14 3.45 45.877578 12.307095 0
6.02 -8.02 2.07 24.2 3.07 45.877570 12.307057 1
6.39 -8.2 2.0 22.74 3.07 45.877570 12.307057 0
6.42 -8.05 1.59 22.69 3.07 45.877570 12.307057 1
6.64 -7.81 1.71 23.07 3.07 45.877570 12.307057 0
6.5 -7.61 1.6 23.19 3.07 45.877570 12.307057 0
6.18 -7.55 2.02 23.15 3.07 45.877570 12.307057 0
6.05 -7.65 0.96 23.41 3.07 45.877570 12.307057 0
5.78 -8.02 1.3 22.48 3.07 45.877570 12.307057 0
6.2 -7.83 1.06 23.58 3.07 45.877570 12.307057 0
5.63 -7.56 1.51 23.67 3.07 45.877570 12.307057 0
5.91 -7.85 1.74 24.22 3.07 45.877570 12.307057 0
5.95 -7.56 1.56 23.68 3.07 45.877570 12.307057 0
6.37 -7.83 2.12 23.67 3.07 45.877570 12.307057 0
6.04 -8.1 1.81 22.81 3.07 45.877570 12.307057 0
6.17 -7.3 1.84 23.62 3.07 45.877570 12.307057 0
6.17 -7.76 1.82 22.67 3.07 45.877570 12.307057 0
5.91 -7.55 2.51 23.03 3.07 45.877570 12.307057 0
6.44 -7.67 2.46 22.19 3.49 45.877563 12.307014 1
6.34 -7.7 2.35 23.14 3.49 45.877563 12.307014 0
5.9 -7.54 2.4 23.53 3.49 45.877563 12.307014 1
5.87 -8.12 2.31 23.05 3.49 45.877563 12.307014 0
5.28 -7.31 2.18 23.05 3.49 45.877563 12.307014 0
5.85 -8.04 2.46 22.93 3.49 45.877563 12.307014 0
5.92 -7.4 1.4 23.0 3.49 45.877563 12.307014 0
6.65 -7.36 1.79 23.98 3.49 45.877563 12.307014 0
6.65 -7.18 1.73 23.15 3.49 45.877563 12.307014 0
