6.23 -7.61 2.35 23.1 3.81 45.877522 12.306848 0
6.81 -7.01 1.97 22.07 3.81 45.877522 12.306848 0
4.72 -6.97 2.09 22.04 3.28 45.877495 12.306821 1
6.31 -7.86 1.7 22.83 3.28 45.877495 12.306821 0
5.75 -8.39 1.55 22.0 3.28 45.877495 12.306821 1
5.38 -7.92 0.78 22.59 3.28 45.877495 12.306821 0
5.06 -8.31 1.23 24.25 3.28 45.877495 12.306821 0
7.19 -5.67 1.36 22.4 3.28 45.877495 12.306821 0
5.89 -7.65 1.66 21.51 3.28 45.877495 12.306821 0
6.9 -9.17 1.02 22.28 3.28 45.877495 12.306821 0
6.28 -8.03 2.04 24.32 3.28 45.877495 12.306821 0
6.12 -8.94 0.78 23.24 3.28 45.877495 12.306821 0
4.95 -6.67 2.16 23.24 3.28 45.877495 12.306821 0
6.21 -8.0 1.92 22.23 3.28 45.877495 12.306821 0
6.18 -8.72 1.48 22.19 3.28 45.877495 12.306821 0
6.74 -11.3 3.08 24.58 3.28 45.877495 12.306821 0
6.27 -8.21 2.26 21.68 3.28 45.877495 12.306821 0
6.26 -9.21 3.54 21.97 3.28 45.877495 12.306821 0
5.85 -9.0 3.06 23.77 3.48 45.877464 12.306816 1
6.07 -9.31 2.49 25.48 3.48 45.877464 12.306816 0
6.94 -8.32 2.16 23.44 3.48 45.877464 12.306816 1
3.69 -8.12 0.97 21.95 3.48 45.877464 12.306816 0
4.94 -8.22 1.91 20.85 3.48 45.877464 12.306816 0
5.94 -11.27 1.68 22.55 3.48 45.877464 12.306816 0
5.43 -7.57 2.26 21.92 3.48 45.877464 12.306816 0
4.63 -3.78 2.6 23.92 3.48 45.877464 12.306816 0
8.45 -8.69 1.13 22.98 3.48 45.877464 12.306816 0
7.56 -9.58 2.94 20.92 3.48 45.877464 12.306816 0
5.55 -11.18 0.66 21.47 3.48 45.877464 12.306816 0
7.71 -7.6 1.5 21.42 3.48 45.877464 12.306816 0
4.14 -6.76 0.69 22.04 3.48 45.877464 12.306816 0
6.38 -5.11 1.8 27.65 3.48 45.877464 12.306816 0
6.06 -6.13 1.26 23.7 3.48 45.877464 12.306816 0
5.89 -6.66 2.12 22.64 3.48 45.877464 12.306816 0
5.56 -11.74 0.56 21.04 3.48 45.877464 12.306816 0
