5.45 -7.03 2.24 23.12 2.78 45.877633 12.307448 0
6.37 -7.49 2.61 22.74 2.78 45.877633 12.307448 1
6.45 -7.0 2.3 23.82 2.78 45.877633 12.307448 0
7.05 -7.35 1.78 23.87 2.78 45.877633 12.307448 0
6.69 -7.78 1.4 23.6 2.78 45.877633 12.307448 0
6.31 -7.17 1.41 26.31 2.78 45.877633 12.307448 0
6.21 -7.59 2.73 22.69 2.78 45.877633 12.307448 0
6.48 -6.8 2.03 22.64 2.78 45.877633 12.307448 0
6.33 -8.19 2.3 23.55 2.78 45.877633 12.307448 0
5.7 -7.69 1.11 23.03 2.78 45.877633 12.307448 0
5.69 -8.15 2.43 23.98 2.78 45.877633 12.307448 0
5.47 -7.94 2.0 22.86 2.78 45.877633 12.307448 0
5.28 -7.28 1.7 23.46 2.78 45.877633 12.307448 0
5.6 -7.42 1.68 23.19 2.78 45.877633 12.307448 0
6.14 -8.63 1.55 22.78 2.78 45.877633 12.307448 0
5.56 -7.37 1.91 23.36 2.78 45.877633 12.307448 0
6.46 -7.55 1.87 23.34 2.86 45.877628 12.307417 1
7.05 -5.53 2.19 22.93 2.86 45.877628 12.307417 0
6.52 -7.1 2.38 23.1 2.86 45.877628 12.307417 1
6.83 -8.42 1.63 24.13 2.86 45.877628 12.307417 0
6.13 -7.28 1.22 22.05 2.86 45.877628 12.307417 0
6.3 -9.15 1.57 22.59 2.86 45.877628 12.307417 0
6.25 -7.88 0.96 22.95 2.86 45.877628 12.307417 0
5.71 -7.4 1.5 23.0 2.86 45.877628 12.307417 0
5.68 -7.2 2.36 23.36 2.86 45.877628 12.307417 0
5.35 -7.84 1.91 22.78 2.86 45.877628 12.307417 0
6.67 -7.36 1.31 24.75 2.86 45.877628 12.307417 0
5.91 -8.43 1.56 24.13 2.86 45.877628 12.307417 0
5.98 -7.44 2.04 23.12 2.86 45.877628 12.307417 0
6.2 -7.3 1.78 22.98 2.86 45.877628 12.307417 0
6.24 -6.9 1.15 22.95 2.86 45.877628 12.307417 0
6.35 -7.06 1.84 23.67 2.86 45.877628 12.307417 0
5.73 -8.81 2.42 23.2 2.86 45.877628 12.307417 0
6.48 -6.92 1.61 25.43 2.75 45.877623 12.307386 1
6.24 -7.35 2.42 23.74 2.75 45.877623 12.307386 0
