6.15 -7.82 1.47 21.9 2.47 45.408396 11.890078 1 0
6.22 -8.02 1.6 21.85 2.47 45.408396 11.890078 1 0
6.23 -7.9 1.56 22.0 2.47 45.408396 11.890078 1 0
6.16 -7.68 1.49 21.93 2.47 45.408396 11.890078 1 0
6.02 -7.63 1.52 22.16 2.47 45.408396 11.890078 1 0
6.0 -7.65 1.61 22.11 2.47 45.408396 11.890078 1 0
6.2 -7.75 1.59 21.9 2.47 45.408396 11.890078 1 0
6.27 -7.98 1.44 21.95 2.47 45.408396 11.890078 1 0
5.97 -8.05 1.26 22.07 2.47 45.408396 11.890078 1 0
5.63 -7.83 1.26 22.11 2.47 45.408396 11.890078 1 0
5.66 -7.74 1.5 21.59 2.47 45.408396 11.890078 1 0
5.83 -8.06 1.87 21.45 2.47 45.408396 11.890078 1 0
5.84 -8.21 2.12 21.92 2.47 45.408396 11.890078 1 0
5.83 -7.78 2.11 21.75 1.26 45.408389 11.890064 0 0
5.94 -7.3 1.98 22.71 1.26 45.408389 11.890064 1 0
6.03 -7.4 1.95 22.04 1.26 45.408389 11.890064 0 0
6.08 -7.89 2.01 21.75 1.26 45.408389 11.890064 1 0
6.16 -8.16 2.02 22.09 1.26 45.408389 11.890064 1 0
6.1 -8.01 1.99 21.85 1.26 45.408389 11.890064 1 0
5.85 -7.69 1.99 22.05 1.26 45.408389 11.890064 1 0
5.7 -7.54 1.95 22.86 1.26 45.408389 11.890064 1 0
5.72 -7.74 1.84 22.05 1.26 45.408389 11.890064 1 0
5.69 -8.11 1.82 21.9 1.26 45.408389 11.890064 1 0
5.65 -8.23 1.89 21.95 1.26 45.408389 11.890064 1 0
5.77 -7.93 1.83 22.07 1.26 45.408389 11.890064 1 0
5.86 -7.58 1.66 22.23 1.26 45.408389 11.890064 1 0
5.83 -7.57 1.6 22.16 1.26 45.408389 11.890064 1 0
6.02 -7.73 1.65 22.0 1.26 45.408389 11.890064 1 0
6.38 -7.76 1.7 21.49 1.26 45.408389 11.890064 1 0
6.34 -7.74 1.75 21.8 1.26 45.408389 11.890064 1 0
5.89 -7.75 1.77 22.0 1.93 45.408379 11.890045 0 0
5.72 -7.69 1.7 21.49 1.93 45.408379 11.890045 1 0
6.04 -7.7 1.66 21.51 1.93 45.408379 11.890045 1 0
6.21 -8.0 1.65 21.99 1.93 45.408379 11.890045 0 0
5.9 -8.19 1.51 22.12 1.93 45.408379 11.890045 1 0
