5.58 -7.97 1.98 22.24 0.13 45.405729 11.882959 0
5.87 -7.94 2.08 22.16 0.13 45.405729 11.882959 0
5.71 -7.97 1.69 22.02 0.04 45.405727 11.882959 1
5.69 -7.92 1.73 22.16 0.04 45.405727 11.882959 0
6.08 -7.68 1.6 22.05 0.04 45.405727 11.882959 1
6.81 -7.33 1.46 21.64 0.04 45.405727 11.882959 0
7.33 -6.72 1.67 21.97 0.04 45.405727 11.882959 0
7.58 -6.61 1.73 22.04 0.04 45.405727 11.882959 0
7.78 -6.59 1.64 21.97 0.04 45.405727 11.882959 0
7.28 -6.69 2.0 21.56 0.04 45.405727 11.882959 0
7.34 -7.08 1.78 22.0 0.04 45.405727 11.882959 0
7.2 -7.08 1.83 21.87 0.04 45.405727 11.882959 0
6.79 -6.46 2.44 24.46 0.04 45.405727 11.882959 0
7.47 -6.73 2.26 22.91 0.04 45.405727 11.882959 0
6.67 -7.08 1.78 21.95 0.04 45.405727 11.882959 0
5.9 -8.13 1.89 22.16 0.04 45.405727 11.882959 0
5.9 -7.86 0.98 22.86 0.04 45.405727 11.882959 0
6.37 -7.37 1.42 24.87 0.04 45.405727 11.882959 0
6.87 -7.17 2.0 22.24 0.04 45.405727 11.882959 0
7.08 -7.17 2.06 22.5 0.04 45.405727 11.882959 0
6.44 -6.89 2.0 22.78 0.09 45.405727 11.882962 1
6.24 -7.36 2.46 23.12 0.09 45.405727 11.882962 1
5.99 -7.62 1.72 22.55 0.09 45.405727 11.882962 0
5.75 -7.36 1.96 21.85 0.09 45.405727 11.882962 0
5.9 -7.73 1.75 21.68 0.09 45.405727 11.882962 0
6.14 -8.25 1.16 21.85 0.09 45.405727 11.882962 0
6.31 -7.8 2.48 22.55 0.09 45.405727 11.882962 0
5.92 -7.9 1.75 23.19 0.09 45.405727 11.882962 0
5.67 -8.28 1.55 22.26 0.09 45.405727 11.882962 0
5.99 -7.59 1.66 22.36 0.09 45.405727 11.882962 0
6.29 -6.93 2.02 22.0 0.09 45.405727 11.882962 0
6.03 -6.9 1.87 22.26 0.09 45.405727 11.882962 0
6.05 -7.93 1.46 22.14 0.09 45.405727 11.882962 0
5.58 -9.05 1.39 21.47 0.09 45.405727 11.882962 0
5.9 -8.17 1.82 21.87 0.09 45.405727 11.882962 0
