5.63 -7.69 1.93 22.5 1.45 45.405696 11.882908 0
5.84 -8.26 1.78 21.39 1.45 45.405696 11.882908 0
5.89 -7.08 1.69 22.81 1.83 45.405684 11.882891 1
6.39 -8.71 1.51 22.29 1.83 45.405684 11.882891 0
5.51 -7.59 1.57 22.14 1.83 45.405684 11.882891 1
5.4 -7.27 1.57 22.14 1.83 45.405684 11.882891 0
6.14 -6.7 1.6 21.8 1.83 45.405684 11.882891 0
6.93 -6.94 1.7 21.44 1.83 45.405684 11.882891 0
6.65 -8.22 1.96 21.45 1.83 45.405684 11.882891 0
5.56 -8.11 2.03 21.69 1.83 45.405684 11.882891 0
5.71 -8.23 1.07 22.26 1.83 45.405684 11.882891 0
5.42 -6.55 1.6 21.64 1.83 45.405684 11.882891 0
5.66 -8.41 2.09 23.75 1.83 45.405684 11.882891 0
5.85 -8.51 2.02 22.04 1.83 45.405684 11.882891 0
5.33 -6.96 1.74 23.63 1.83 45.405684 11.882891 0
6.86 -7.77 1.78 22.62 1.83 45.405684 11.882891 0
6.84 -8.22 1.87 22.78 1.83 45.405684 11.882891 0
6.68 -7.01 1.35 22.78 1.83 45.405684 11.882891 0
5.91 -7.34 1.55 23.07 1.83 45.405684 11.882891 0
6.82 -8.88 2.5 21.51 2.18 45.405671 11.882871 1
6.7 -8.49 1.56 21.88 2.18 45.405671 11.882871 0
5.92 -6.43 2.1 23.08 2.18 45.405671 11.882871 1
5.44 -8.27 1.93 22.55 2.18 45.405671 11.882871 0
5.68 -7.78 2.15 21.4 2.18 45.405671 11.882871 0
6.2 -7.3 2.21 22.0 2.18 45.405671 11.882871 0
6.05 -8.01 2.11 21.51 2.18 45.405671 11.882871 0
4.74 -8.66 1.53 22.05 2.18 45.405671 11.882871 0
4.7 -7.21 1.16 22.0 2.18 45.405671 11.882871 0
6.65 -7.75 1.52 21.09 2.18 45.405671 11.882871 0
6.19 -8.64 1.52 21.16 2.18 45.405671 11.882871 0
6.02 -7.22 1.67 22.17 2.18 45.405671 11.882871 0
5.09 -8.14 2.11 22.54 2.18 45.405671 11.882871 0
5.56 -7.12 1.25 24.75 2.18 45.405671 11.882871 0
5.87 -6.61 1.43 22.0 2.18 45.405671 11.882871 0
6.97 -7.85 3.38 22.76 2.18 45.405671 11.882871 0
