5.87 -7.32 1.41 23.15 0.91 45.405718 11.882940 0
7.52 -7.48 0.8 21.75 0.91 45.405718 11.882940 0
5.58 -10.74 0.58 20.51 1.31 45.405704 11.882922 1
5.86 -8.98 1.64 20.68 1.31 45.405704 11.882922 0
6.81 -9.35 1.55 21.69 1.31 45.405704 11.882922 1
5.51 -7.37 1.47 30.6 1.31 45.405704 11.882922 0
5.69 -6.61 1.48 45.14 1.31 45.405704 11.882922 0
6.65 -5.28 1.41 21.33 1.31 45.405704 11.882922 0
6.43 -7.44 2.17 21.66 1.31 45.405704 11.882922 0
5.11 -8.54 1.59 22.14 1.31 45.405704 11.882922 0
6.36 -8.84 0.96 22.05 1.31 45.405704 11.882922 0
5.18 -7.13 1.47 23.07 1.31 45.405704 11.882922 0
7.14 -6.24 2.0 22.05 1.31 45.405704 11.882922 0
6.9 -8.22 3.37 22.0 1.31 45.405704 11.882922 0
5.0 -10.53 2.01 22.52 1.31 45.405704 11.882922 0
5.51 -7.49 2.53 22.43 1.31 45.405704 11.882922 0
4.69 -8.09 2.15 21.95 1.31 45.405704 11.882922 0
6.18 -6.25 1.62 22.11 1.31 45.405704 11.882922 0
5.14 -6.49 1.92 22.76 1.31 45.405704 11.882922 0
6.98 -9.5 0.91 22.31 1.45 45.405696 11.882908 1
5.69 -7.23 2.95 21.85 1.45 45.405696 11.882908 0
6.26 -7.87 2.05 22.47 1.45 45.405696 11.882908 1
5.72 -6.68 1.79 22.19 1.45 45.405696 11.882908 0
5.73 -7.49 1.76 21.64 1.45 45.405696 11.882908 0
5.66 -8.35 1.4 22.4 1.45 45.405696 11.882908 0
5.37 -8.62 1.35 22.23 1.45 45.405696 11.882908 0
6.43 -5.96 2.36 22.21 1.45 45.405696 11.882908 0
6.4 -7.04 2.3 22.47 1.45 45.405696 11.882908 0
6.76 -7.98 1.92 21.85 1.45 45.405696 11.882908 0
5.37 -9.42 1.74 22.42 1.45 45.405696 11.882908 0
4.84 -6.42 1.41 21.95 1.45 45.405696 11.882908 0
6.29 -8.22 1.75 26.86 1.45 45.405696 11.882908 0
5.67 -7.74 1.56 21.92 1.45 45.405696 11.882908 0
6.03 -7.56 1.36 21.37 1.45 45.405696 11.882908 0
5.48 -7.93 1.23 24.03 1.45 45.405696 11.882908 0
