4.3 -10.31 3.53 22.62 2.18 45.405671 11.882871 0
5.8 -8.34 1.27 22.48 2.24 45.405662 11.882851 1
5.06 -8.83 1.43 23.17 2.24 45.405662 11.882851 0
6.56 -5.12 1.05 21.9 2.24 45.405662 11.882851 1
7.14 -7.75 2.26 21.49 2.24 45.405662 11.882851 0
5.99 -10.16 1.03 21.92 2.24 45.405662 11.882851 0
5.07 -8.43 1.44 21.42 2.24 45.405662 11.882851 0
5.71 -7.01 1.11 22.02 2.24 45.405662 11.882851 0
5.5 -6.89 1.51 21.44 2.24 45.405662 11.882851 0
5.53 -7.94 1.25 21.66 2.24 45.405662 11.882851 0
6.91 -9.45 1.93 21.73 2.24 45.405662 11.882851 0
5.01 -7.95 2.03 22.31 2.24 45.405662 11.882851 0
6.91 -8.44 0.88 22.81 2.24 45.405662 11.882851 0
4.78 -5.1 1.77 22.47 2.24 45.405662 11.882851 0
5.15 -7.96 1.28 22.6 2.24 45.405662 11.882851 0
5.83 -9.26 3.09 21.8 2.24 45.405662 11.882851 0
6.38 -6.75 1.71 21.85 2.24 45.405662 11.882851 0
5.23 -7.08 2.13 21.92 2.24 45.405662 11.882851 0
5.99 -8.63 1.99 21.33 2.24 45.405662 11.882851 0
5.7 -7.13 1.62 21.95 1.89 45.405653 11.882840 1
5.22 -8.67 1.96 21.25 1.89 45.405653 11.882840 0
4.89 -7.64 1.67 23.19 1.89 45.405653 11.882840 1
6.73 -8.93 1.57 22.35 1.89 45.405653 11.882840 0
5.91 -9.05 3.07 22.33 1.89 45.405653 11.882840 0
