6.46 -6.62 2.4 23.58 0.09 45.405727 11.882962 0
6.42 -6.66 2.16 23.84 0.09 45.405727 11.882962 0
5.87 -7.08 2.02 22.26 0.26 45.405725 11.882957 1
6.0 -7.62 2.13 22.59 0.26 45.405725 11.882957 0
6.2 -8.44 1.65 22.28 0.26 45.405725 11.882957 1
6.41 -7.76 2.06 22.23 0.26 45.405725 11.882957 0
5.82 -6.81 1.91 22.11 0.26 45.405725 11.882957 0
6.44 -7.23 1.58 21.2 0.26 45.405725 11.882957 0
5.99 -8.26 1.98 22.04 0.26 45.405725 11.882957 0
6.14 -8.27 1.95 23.24 0.26 45.405725 11.882957 0
6.12 -8.34 1.25 21.59 0.26 45.405725 11.882957 0
6.02 -7.59 1.36 22.09 0.26 45.405725 11.882957 0
5.92 -6.95 1.27 21.75 0.26 45.405725 11.882957 0
6.02 -7.84 1.38 21.25 0.26 45.405725 11.882957 0
5.75 -8.53 1.75 22.05 0.26 45.405725 11.882957 0
5.89 -7.97 1.89 21.87 0.26 45.405725 11.882957 0
5.86 -7.02 1.78 22.33 0.26 45.405725 11.882957 0
6.09 -7.88 1.7 22.57 0.26 45.405725 11.882957 0
5.72 -8.06 1.78 22.52 0.26 45.405725 11.882957 0
5.99 -7.59 1.85 22.29 0.91 45.405718 11.882940 1
6.18 -7.54 1.92 22.19 0.91 45.405718 11.882940 0
6.28 -6.85 1.84 22.47 0.91 45.405718 11.882940 1
6.48 -7.39 1.62 22.19 0.91 45.405718 11.882940 0
6.54 -8.39 2.0 21.95 0.91 45.405718 11.882940 0
5.99 -8.6 1.73 22.21 0.91 45.405718 11.882940 0
5.46 -7.68 1.73 22.07 0.91 45.405718 11.882940 0
5.82 -7.53 1.66 22.86 0.91 45.405718 11.882940 0
5.55 -6.69 1.99 23.29 0.91 45.405718 11.882940 0
6.54 -8.95 1.84 22.26 0.91 45.405718 11.882940 0
6.36 -8.37 2.15 21.51 0.91 45.405718 11.882940 0
6.62 -8.1 1.4 21.69 0.91 45.405718 11.882940 0
6.23 -7.58 2.18 22.26 0.91 45.405718 11.882940 0
6.22 -7.68 1.96 23.44 0.91 45.405718 11.882940 0
5.63 -8.01 1.86 24.15 0.91 45.405718 11.882940 0
5.35 -5.77 2.13 23.58 0.91 45.405718 11.882940 0
