6.20 -7.96 1.67 22.24
6.12 -7.56 1.29 22.76
6.59 -7.29 1.43 21.99
5.96 -7.54 1.62 22.35
5.50 -8.19 1.56 22.45
5.52 -8.23 1.18 23.08
5.26 -7.91 1.99 24.04
6.08 -8.19 1.90 22.35
6.28 -7.89 1.74 22.35
5.98 -7.97 2.43 22.00
6.00 -7.47 2.13 21.90
5.91 -7.89 2.01 21.44 1.63  45.406294 11.893966
5.95 -8.09 2.04 22.09
6.34 -7.69 2.00 22.67 1.63  45.406294 11.893966
5.88 -7.60 1.96 23.56
6.28 -7.09 2.02 23.46
6.49 -7.41 2.16 22.72
6.16 -7.49 1.93 22.42
6.44 -8.34 1.79 21.49
5.94 -8.70 1.90 22.09
5.86 -7.87 2.21 22.02
5.72 -7.12 2.04 22.83
5.58 -8.56 1.95 21.95
5.82 -8.20 1.60 22.42
5.92 -7.79 1.65 21.95
5.72 -7.60 1.74 26.67
5.89 -7.93 1.81 21.69
6.42 -7.94 2.01 23.19
6.39 -7.78 2.04 22.50 2.16  45.406300 11.893988
5.59 -7.22 1.79 22.55
5.67 -7.44 1.63 23.00 2.16  45.406300 11.893988
6.17 -7.61 1.93 22.02
6.31 -7.41 2.15 21.80
6.70 -8.18 1.92 21.75
5.76 -8.86 1.80 21.85
5.67 -7.92 1.94 25.31
5.44 -6.78 2.15 21.81
6.24 -6.82 2.35 22.66
6.09 -8.35 1.76 22.76
5.77 -8.87 1.67 23.07
5.80 -8.21 2.01 23.53
5.76 -7.29 2.14 22.43
6.27 -8.10 1.75 21.90
5.65 -7.84 1.95 23.17
6.32 -7.15 1.84 22.29
6.11 -8.13 1.49 22.45
6.13 -7.26 1.95 21.95 1.56  45.406300 11.894008
6.08 -7.80 1.91 21.57
6.27 -7.85 1.41 24.30 1.56  45.406300 11.894008
5.68 -7.74 1.78 25.79
5.73 -8.09 2.10 22.69
5.79 -7.82 2.13 22.19
5.99 -8.68 1.47 22.16
5.91 -7.72 1.63 22.36
5.62 -7.72 1.63 23.00
5.94 -7.30 1.57 22.19
6.48 -8.03 1.74 24.59
6.28 -7.28 1.74 22.07
6.02 -8.03 2.01 24.34
6.00 -7.65 2.06 22.50
6.16 -7.74 2.11 22.60
5.99 -7.05 1.93 22.67
6.33 -7.86 1.49 22.47
5.61 -7.91 1.49 22.31 1.62  45.406291 11.894024
5.92 -8.29 1.26 23.55
5.65 -8.31 1.80 22.04 1.62  45.406291 11.894024
5.73 -8.04 1.77 22.83
6.13 -7.38 1.71 23.87
5.98 -7.80 1.52 22.76
5.87 -7.51 1.90 22.33
6.36 -8.18 2.00 21.90
6.11 -8.16 1.68 21.88
5.61 -7.59 2.43 23.07
5.57 -8.09 1.88 22.00
6.48 -7.67 1.72 22.96
6.16 -8.17 1.80 22.05
5.97 -7.44 2.19 22.28
5.68 -8.21 1.71 22.57
5.51 -8.06 1.79 22.05
5.44 -8.08 1.45 22.29
6.27 -7.03 1.87 22.38
5.70 -8.30 1.99 21.90 2.16  45.406288 11.894050
4.81 -7.71 1.48 22.50
6.65 -7.89 1.94 22.05 2.16  45.406288 11.894050
6.03 -7.71 2.02 21.66
6.43 -8.31 1.92 21.95
6.08 -6.90 1.93 22.76
5.04 -7.38 1.32 22.09
7.37 -8.12 1.58 22.64
5.06 -8.43 1.62 21.90
5.67 -7.66 1.78 22.40
5.98 -9.30 1.59 22.81
5.61 -6.93 2.09 22.05
6.51 -7.57 1.42 22.26
5.43 -9.15 2.22 22.04
6.90 -7.46 1.47 23.07
5.80 -7.16 1.69 22.19
5.68 -7.56 1.73 22.36
5.63 -8.24 2.02 22.71 2.31  45.406279 11.894081
6.27 -8.09 1.97 22.35
6.00 -7.53 1.70 22.91 2.31  45.406279 11.894081
5.90 -7.85 1.57 21.92
5.71 -7.73 1.88 22.14
5.04 -8.65 1.84 21.80
6.14 -8.14 1.76 21.83
5.63 -8.20 2.15 21.63
5.72 -7.84 1.93 23.56
5.85 -8.51 1.62 22.81
5.28 -6.46 2.06 23.20
5.97 -8.48 1.57 22.60
6.33 -8.16 1.65 21.92
6.24 -8.16 1.56 21.99
5.88 -8.02 1.66 22.04
5.69 -7.36 1.71 21.95
5.88 -7.89 1.64 21.97
5.67 -8.07 1.49 22.74
5.55 -7.78 1.87 21.81 1.58  45.406280 11.894106
5.69 -8.01 1.83 22.35
5.62 -7.90 1.71 21.81 1.58  45.406280 11.894106
6.22 -7.75 1.99 21.85
5.99 -7.75 1.86 25.81
5.90 -7.83 2.07 21.93
5.94 -7.41 1.96 22.45
5.99 -7.84 1.83 22.40
6.48 -8.11 1.65 22.05
5.83 -7.82 1.74 22.45
5.82 -7.76 1.97 22.50
5.71 -7.90 1.90 22.09
5.81 -7.93 2.15 22.07
5.53 -8.22 1.67 22.09
5.68 -7.83 1.69 22.11
5.97 -7.94 1.59 22.05
5.55 -8.03 1.81 21.75
5.90 -7.32 1.75 22.31 1.81  45.406283 11.894130
5.75 -7.82 2.02 21.83
6.23 -7.86 1.56 21.83 1.81  45.406283 11.894130
5.69 -7.55 1.82 21.78
6.21 -7.88 1.79 21.83
5.84 -7.79 1.84 22.76
6.03 -7.85 1.81 21.80
5.67 -7.95 1.75 21.44
5.57 -8.36 1.38 21.95
5.87 -7.92 1.50 21.69
5.63 -7.65 1.64 22.05
5.90 -7.76 1.56 22.00
6.19 -7.82 1.60 22.07
6.18 -8.08 1.85 22.11
5.91 -7.47 2.03 22.55
6.07 -7.89 1.89 21.59
6.09 -7.79 1.92 21.92
6.38 -8.01 1.75 21.83
5.65 -7.74 1.77 21.47 1.66  45.406286 11.894158
6.03 -7.80 2.03 22.35
5.82 -8.08 2.08 21.85 1.66  45.406286 11.894158
5.51 -7.69 1.82 22.24
5.96 -8.28 1.82 21.78
5.77 -8.14 1.87 22.24
5.97 -7.95 1.63 21.51
5.67 -8.17 1.78 22.43
6.14 -7.72 1.68 23.12
6.03 -7.46 1.87 22.50
6.33 -7.85 1.71 22.05
6.27 -7.99 1.79 22.02
5.66 -7.78 1.87 22.11
5.93 -7.80 1.48 22.55
5.81 -7.84 1.76 22.50
5.92 -8.13 1.64 22.19
5.57 -7.96 1.55 22.47
5.71 -8.06 1.60 21.68 2.15  45.406288 11.894190
5.83 -7.81 1.75 22.04
6.14 -7.87 2.17 22.45 2.15  45.406288 11.894190
5.86 -7.97 1.71 21.95
6.07 -7.53 1.71 22.67
5.96 -8.06 1.53 21.80
5.87 -7.83 2.05 22.21
6.11 -7.80 1.79 22.21
5.71 -7.53 1.71 23.70
5.70 -7.58 1.81 22.19
5.84 -7.91 1.75 22.55
5.79 -7.94 1.78 23.75
5.75 -8.17 1.89 22.07
5.69 -8.10 1.69 22.16
5.83 -7.84 1.58 22.60
5.99 -7.98 1.73 22.91
5.86 -7.65 1.37 22.43
6.11 -7.97 1.94 22.62
5.74 -7.53 2.15 22.00 2.05  45.406296 11.894220
6.03 -7.71 2.12 23.10
5.86 -7.64 1.77 22.35 2.05  45.406296 11.894220
5.95 -7.88 1.56 22.35
5.88 -7.74 2.00 22.48
5.87 -7.92 1.57 22.04
5.69 -8.02 1.62 21.93
5.66 -8.01 1.62 21.93
5.54 -8.03 1.86 22.14
5.92 -7.76 1.91 21.75
6.02 -8.03 1.69 22.21
5.88 -7.99 1.61 21.78
6.16 -7.99 1.60 22.57
5.95 -7.75 1.80 22.12
5.87 -8.05 1.86 22.11
5.44 -7.98 2.01 22.14
5.90 -7.68 2.09 22.40
5.74 -7.93 2.08 21.45 3.05  45.406300 11.894262
5.77 -8.22 1.91 22.36
5.72 -7.89 1.78 22.45 3.05  45.406300 11.894262
5.46 -8.10 1.95 22.04
5.65 -7.64 1.97 22.48
5.54 -7.56 2.03 21.83
6.08 -8.24 1.69 22.91
6.13 -8.34 1.75 22.29
5.82 -7.60 1.81 23.63
5.43 -7.54 1.64 22.98
5.77 -7.37 1.66 21.97
5.66 -7.33 1.89 21.69
5.77 -9.62 2.31 21.69
7.12 -8.95 -0.53 21.66
4.74 -6.68 1.99 22.40
5.57 -7.47 1.74 22.47
5.77 -7.71 1.28 21.64
6.18 -7.52 1.73 21.25
6.03 -8.83 1.69 21.63 2.46  45.406298 11.894299
5.91 -7.75 1.73 21.93
6.29 -7.54 1.83 21.85 2.46  45.406298 11.894299
5.39 -7.14 1.97 21.80
6.18 -7.87 1.86 21.69
6.21 -7.85 1.85 21.88
5.94 -8.69 1.76 21.88
5.41 -8.02 1.87 21.68
5.39 -7.26 1.63 21.64
5.56 -7.94 1.73 21.54
6.04 -8.00 2.47 21.81
5.78 -7.67 1.86 21.64
6.45 -7.97 1.75 22.29
5.65 -7.48 1.91 23.22
5.56 -7.87 1.69 23.43
6.09 -7.97 1.82 22.52
5.51 -7.62 1.69 21.64
5.74 -8.24 1.75 21.49 1.25  45.406306 11.894316
5.62 -8.59 1.58 21.54
5.40 -7.63 1.73 23.07 1.25  45.406306 11.894316
5.09 -7.07 1.77 21.73
5.65 -5.54 1.54 21.13
10.21 -8.87 2.05 20.51
5.95 -12.06 1.68 21.93
5.16 -7.20 1.55 25.26
5.30 -5.49 0.80 25.74
3.21 -4.81 1.42 23.98
5.70 -11.95 6.50 22.09
3.85 -13.66 1.05 20.41
6.88 -9.80 1.71 21.51
5.75 -7.61 1.85 22.40
4.37 -4.55 1.67 27.17
5.29 -6.48 0.29 22.81
6.61 -7.35 1.84 20.56
6.94 -9.55 2.42 20.22
5.93 -8.64 1.65 22.60 2.57  45.406314 11.894351
4.48 -6.93 2.06 24.35
3.97 -3.76 1.60 23.67 2.57  45.406314 11.894351
7.71 -7.25 2.38 23.80
5.52 -10.41 1.22 22.76
6.56 -8.74 2.32 22.42
4.61 -7.62 1.99 21.20
5.09 -8.00 1.62 20.13
10.08 -8.32 1.49 21.81
6.68 -7.88 1.39 23.39
5.13 -7.00 1.30 23.14
5.44 -7.53 1.41 22.40
4.90 -5.89 2.34 23.77
6.17 -9.86 2.55 22.04
6.86 -8.14 2.05 22.07
4.57 -7.41 0.83 22.93
5.75 -8.36 1.69 21.93
5.85 -7.86 1.74 21.28 2.99  45.406318 11.894391
6.65 -7.54 1.98 21.76
4.76 -9.56 1.67 21.80 2.99  45.406318 11.894391
6.53 -7.74 2.46 21.87
5.05 -6.51 1.78 22.64
5.56 -7.88 1.96 22.79
6.70 -7.04 1.61 22.21
6.04 -7.54 1.85 21.71
6.53 -8.58 1.75 21.33
5.15 -9.04 1.93 21.97
5.37 -7.02 1.79 22.00
5.07 -7.85 1.50 21.33
5.78 -7.66 2.15 21.23
6.17 -8.40 1.41 21.54
5.15 -7.92 1.50 22.21
6.19 -6.94 1.78 22.40
5.68 -7.04 1.25 22.66
5.73 -7.98 1.78 23.20
6.30 -8.28 1.99 21.81 1.60  45.406320 11.894421
5.25 -7.44 2.10 22.62
5.98 -8.73 1.17 24.03 1.60  45.406320 11.894421
6.03 -8.25 1.73 23.58
5.83 -7.97 1.75 22.31
5.39 -8.23 1.50 21.90
5.85 -8.06 1.76 21.93
6.02 -7.86 1.91 22.14
5.61 -7.86 1.68 22.45
5.95 -8.05 1.74 22.86
5.95 -7.51 1.74 22.60
5.98 -7.87 1.61 21.97
6.13 -8.40 1.78 22.43
5.79 -8.02 1.63 22.14
5.39 -8.03 1.68 22.09
5.61 -7.57 1.71 23.31
5.97 -7.91 2.01 21.75
5.93 -8.12 1.64 22.00 2.01  45.406321 11.894451
5.88 -7.83 1.65 21.97
5.53 -7.50 1.79 22.04
5.74 -7.95 1.70 22.00 2.01  45.406321 11.894451
5.93 -7.70 1.82 22.33
5.68 -8.18 1.68 21.69
5.91 -7.97 1.79 22.24
5.57 -7.94 1.83 21.93
5.65 -7.93 1.92 22.50
5.56 -7.73 1.63 22.19
