5.76 -8.02 1.58 21.87 0.72  45.406315 11.893907
6.59 -7.67 1.95 22.42
6.71 -7.12 1.68 22.40
6.87 -7.12 1.73 22.38
6.59 -7.27 1.69 21.42
6.32 -7.64 1.62 22.19
6.56 -7.82 1.83 22.90
6.46 -7.60 1.69 22.48
6.08 -7.53 1.73 22.14
5.77 -7.52 1.35 23.92
5.56 -8.67 1.50 22.00
5.25 -8.20 1.89 22.40
5.52 -8.14 1.67 22.76
5.61 -8.10 2.06 23.20
5.98 -8.56 1.67 22.02
6.21 -7.88 1.58 22.35
6.41 -7.33 1.73 22.40 2.01  45.406312 11.893928
6.32 -7.44 2.18 21.52
6.12 -7.54 1.30 22.29 2.01  45.406312 11.893928
6.43 -8.16 1.21 22.69
6.35 -7.57 1.28 22.35
6.41 -7.50 1.72 22.04
6.11 -7.16 1.70 23.60
6.14 -7.58 1.77 22.23
6.11 -8.20 2.21 22.00
5.85 -7.57 1.76 26.00
5.75 -8.14 1.74 23.36
5.67 -7.94 1.64 22.57
5.72 -7.86 2.33 22.21
6.18 -7.70 1.55 23.46
5.93 -7.70 1.93 22.24
6.30 -7.77 1.91 22.66
6.19 -7.65 2.16 22.09
6.18 -7.49 2.39 21.95 1.41  45.406317 11.893947
6.03 -8.25 1.71 22.45
5.97 -7.76 1.79 22.84 1.41  45.406317 11.893947
6.38 -7.76 1.95 22.45
5.87 -7.78 1.77 22.86
5.90 -7.60 1.76 21.93
5.80 -8.18 1.44 21.97
5.90 -7.75 1.63 22.28
5.69 -7.93 1.56 21.99
5.93 -7.84 1.54 22.91
5.93 -7.64 1.63 23.07
6.16 -8.16 1.65 22.04
5.97 -8.00 1.83 21.99
5.98 -7.29 1.99 22.42
5.90 -8.01 1.35 22.48
5.90 -7.84 1.60 22.09
6.24 -7.79 1.45 22.14
5.87 -7.65 2.03 22.42
5.80 -7.41 2.10 22.38 2.08  45.406321 11.893972
5.99 -7.89 1.81 22.35
6.16 -7.96 1.70 22.76 2.08  45.406321 11.893972
5.87 -7.96 1.97 22.31
5.63 -8.42 1.79 21.88
5.43 -7.90 2.21 22.84
5.71 -7.71 1.85 22.43
5.98 -7.83 1.28 24.11
5.96 -7.85 1.47 22.36
6.16 -8.09 1.86 23.68
5.83 -7.23 1.77 22.59
5.98 -8.00 1.87 22.45
6.04 -7.79 1.58 22.09
6.09 -7.79 1.78 21.95
5.95 -7.77 1.90 22.81
5.66 -7.91 1.98 23.72
6.28 -7.93 1.61 21.93
5.82 -8.11 1.55 22.59 1.77  45.406323 11.893995
5.92 -7.75 1.93 22.00
5.86 -7.65 1.35 26.21 1.77  45.406323 11.893995
6.38 -8.24 2.02 22.74
6.08 -7.79 1.45 23.48
5.50 -7.67 2.53 22.11
5.65 -7.91 1.92 23.48
5.88 -7.53 1.97 26.55
6.06 -7.83 2.00 21.76
5.88 -8.14 2.09 23.20
6.09 -7.71 2.35 22.35
6.00 -7.87 1.93 22.04
6.01 -7.58 2.14 23.58
5.42 -7.94 1.50 22.47
5.91 -7.78 1.96 22.91
5.54 -7.87 2.19 22.48
5.66 -7.74 1.64 22.66
5.73 -7.59 1.90 21.99
6.03 -7.35 1.85 22.23 2.17  45.406313 11.894017
4.82 -8.34 1.86 22.04
6.53 -7.38 2.23 23.53 2.17  45.406313 11.894017
6.04 -8.32 1.70 26.14
5.60 -6.99 2.09 22.67
5.86 -8.02 1.43 21.75
4.71 -6.38 1.58 22.42
7.55 -11.25 2.04 20.77
5.40 -8.16 1.33 22.07
5.84 -8.03 1.87 22.47
5.30 -6.79 1.61 23.32
5.83 -7.34 1.51 22.29
6.18 -6.88 1.85 22.66
5.85 -9.92 2.18 22.24
6.53 -8.07 1.93 22.81
5.57 -7.06 1.90 22.64
6.03 -7.26 1.78 21.99
5.85 -7.76 1.98 21.90 0.64  45.406312 11.894029
5.90 -8.13 2.15 21.87
5.97 -8.16 2.00 22.04 0.64  45.406312 11.894029
5.80 -7.99 1.92 21.97
5.53 -7.74 2.08 22.29
5.91 -7.95 1.76 22.76
6.28 -8.21 1.68 22.43
5.31 -7.35 1.89 22.04
6.47 -8.25 1.69 22.45
5.65 -7.43 1.83 22.55
6.14 -7.63 1.55 22.19
6.28 -8.10 1.89 22.00
5.70 -8.08 1.82 22.09
6.23 -7.68 1.90 22.40
5.61 -7.91 1.60 22.45
5.67 -7.80 1.32 22.14
5.82 -7.99 1.62 22.57
5.34 -7.83 1.61 22.00
6.06 -8.07 1.69 21.90 0.66  45.406307 11.894045
5.86 -7.85 1.56 21.83
6.25 -8.23 1.58 22.29 0.66  45.406307 11.894045
6.08 -7.44 1.81 22.35
6.03 -7.71 1.58 21.95
5.88 -7.63 1.83 22.50
5.77 -8.03 1.97 22.04
5.95 -7.58 2.02 21.99
6.04 -8.01 1.66 22.04
5.90 -8.14 1.95 21.95
5.87 -8.31 1.85 22.11
5.55 -7.67 1.97 22.60
5.86 -7.54 1.90 22.24
5.57 -8.16 1.46 22.19
5.95 -7.91 1.67 22.50
6.24 -7.96 1.56 21.66
6.38 -7.45 1.81 22.00
5.96 -7.57 1.76 22.40 1.76  45.406306 11.894075
5.88 -7.78 1.78 21.88
5.94 -7.85 1.90 21.47 1.76  45.406306 11.894075
6.09 -8.04 1.77 21.80
5.51 -7.96 1.94 22.00
5.64 -7.83 1.55 22.42
5.55 -8.03 2.03 21.90
5.49 -8.09 1.79 21.90
5.71 -7.83 1.80 21.99
5.82 -7.77 1.82 22.19
5.76 -7.76 1.76 22.55
5.80 -7.50 1.87 22.02
6.22 -8.08 1.83 21.59
6.08 -7.87 1.95 21.99
5.63 -7.80 1.73 22.50
5.84 -7.92 1.53 22.57
5.94 -7.47 1.76 22.54
5.88 -8.06 2.22 22.28
5.64 -8.38 1.92 21.83 2.43  45.406306 11.894108
5.74 -7.86 1.84 22.35
5.82 -7.84 1.63 21.63 2.43  45.406306 11.894108
5.86 -7.78 1.82 22.09
5.93 -7.51 1.69 22.36
6.03 -7.76 1.80 22.26
6.23 -8.19 1.71 21.28
6.32 -7.94 1.92 21.90
5.67 -7.60 2.02 22.52
5.77 -7.81 1.77 22.11
5.88 -7.82 2.00 22.02
5.68 -8.40 1.70 23.77
5.47 -8.12 1.76 22.96
5.47 -8.29 1.61 22.55
5.77 -7.68 1.82 22.57
5.74 -8.24 1.72 21.64
5.98 -7.88 1.70 21.99
5.72 -7.86 1.94 21.99 3.13  45.406308 11.894156
5.78 -7.68 2.01 21.90
5.74 -7.54 1.58 21.99 3.13  45.406308 11.894156
5.73 -7.90 2.04 21.92
5.61 -7.91 1.83 22.88
5.75 -7.83 1.82 22.71
5.66 -7.69 1.94 21.80
5.65 -7.80 1.80 22.29
5.82 -8.07 1.79 21.99
5.98 -7.62 1.90 22.47
5.72 -8.23 2.02 22.50
5.98 -7.87 2.04 22.11
5.85 -7.64 1.75 22.14
5.78 -7.86 1.69 24.28
6.24 -7.66 1.64 22.50
5.77 -7.80 1.88 22.91
6.02 -7.68 1.75 22.83
5.91 -8.02 1.22 21.92
5.77 -7.66 1.49 22.36 2.83  45.406317 11.894194
5.62 -8.21 1.58 21.99
5.86 -7.70 1.64 22.00 2.83  45.406317 11.894194
5.67 -7.75 1.58 22.45
5.83 -7.93 1.64 21.68
5.47 -7.86 1.95 21.99
5.69 -7.92 2.06 22.40
5.87 -8.01 1.99 21.81
6.14 -7.79 1.74 22.09
6.03 -7.92 1.75 22.14
5.88 -7.78 1.70 22.57
5.74 -8.03 1.93 22.12
5.87 -7.90 1.90 22.14
6.01 -7.99 1.94 22.48
5.82 -8.01 1.87 22.17
5.52 -8.15 2.09 22.14
5.83 -7.52 2.06 21.97
5.69 -8.01 1.88 21.92 2.19  45.406318 11.894227
5.68 -8.07 1.98 21.81
6.20 -7.69 1.90 21.92 2.19  45.406318 11.894227
5.57 -7.82 1.65 21.97
5.41 -7.10 1.62 21.97
6.53 -8.29 1.79 22.95
6.81 -8.39 1.95 22.64
4.86 -8.03 2.08 22.81
5.25 -6.98 2.04 22.29
5.10 -7.22 1.68 21.75
5.99 -9.88 2.21 21.51
6.36 -9.82 2.38 21.80
5.25 -7.37 0.79 22.14
5.95 -6.92 2.47 22.29
5.50 -7.45 1.24 21.90
5.88 -7.75 2.07 22.23
5.96 -7.97 1.88 21.88
6.16 -7.64 1.86 21.63
5.52 -8.86 1.76 21.73 3.00  45.406319 11.894273
5.98 -7.67 1.99 21.37
6.27 -7.90 1.84 21.64 3.00  45.406319 11.894273
4.96 -7.29 1.84 22.28
5.91 -8.01 1.73 22.07
6.05 -8.10 1.81 21.47
5.25 -8.63 1.84 22.04
5.88 -8.47 2.15 22.09
5.40 -6.78 1.62 21.92
6.13 -8.41 1.78 21.80
6.20 -8.37 1.55 22.24
5.75 -7.39 2.07 22.14
5.55 -8.69 2.00 21.81
6.09 -7.36 1.90 22.42
5.67 -7.54 1.62 22.90
5.70 -7.92 1.63 22.09
5.72 -8.72 1.56 21.63
4.76 -8.41 1.46 20.89 1.73  45.406322 11.894303
6.00 -8.14 1.70 22.14
5.53 -7.56 1.74 21.33 1.73  45.406322 11.894303
5.37 -6.43 1.62 22.86
5.87 -7.24 1.88 21.06
5.27 -9.60 1.57 20.31
7.45 -10.04 2.08 21.23
7.85 -7.73 1.68 27.22
3.59 -8.12 1.67 25.76
3.50 -4.83 2.12 25.97
10.35 -13.78 6.22 21.11
6.02 -14.12 -1.32 19.77
8.56 -11.74 1.80 21.78
4.88 -6.86 0.45 21.69
2.75 -3.77 2.31 23.20
5.36 -7.49 2.12 22.11
5.01 -4.52 1.58 21.68
8.29 -10.23 1.23 20.36
6.78 -9.30 1.80 23.15 2.31  45.406324 11.894338
5.32 -8.21 1.81 24.85
5.69 -5.84 1.65 24.06 2.31  45.406324 11.894338
5.80 -6.91 1.64 23.62
7.10 -10.13 1.42 23.31
6.95 -10.58 0.57 22.95
4.00 -7.84 1.66 22.38
5.74 -9.25 3.41 21.23
7.36 -8.17 2.60 20.84
7.13 -8.22 0.98 21.80
5.83 -7.27 1.31 22.09
5.14 -6.87 1.66 22.52
5.44 -6.76 2.29 22.90
6.20 -7.60 2.41 22.66
6.99 -9.68 1.94 22.45
4.43 -8.36 1.58 22.36
4.55 -7.91 1.00 22.62
5.57 -8.31 2.09 22.00 1.62  45.406331 11.894366
7.18 -6.74 1.85 21.52
6.53 -8.20 0.43 22.96
5.18 -9.89 0.82 21.93 1.62  45.406331 11.894366
6.43 -6.42 2.12 22.78
4.88 -8.17 1.61 22.90
5.64 -7.34 1.90 22.48
6.24 -8.07 1.84 21.83
6.09 -7.13 1.74 21.52
5.36 -11.06 1.53 21.28
5.81 -7.33 1.61 22.81
4.78 -7.75 1.65 21.80
5.71 -7.46 1.63 22.17
6.42 -8.10 1.91 21.80
5.97 -7.72 1.85 23.22
5.09 -8.31 1.88 23.12
5.83 -7.11 1.59 22.35
6.25 -8.14 1.49 22.00
6.16 -8.15 1.85 22.43 1.55  45.406341 11.894391
5.95 -8.38 1.90 22.35
5.34 -7.09 1.92 22.19 1.55  45.406341 11.894391
5.80 -8.46 1.56 22.36
6.09 -8.07 1.86 21.83
5.54 -8.16 1.72 21.83
5.68 -8.46 1.70 21.44
6.12 -7.82 1.94 21.99
5.85 -7.66 1.90 22.81
5.82 -7.92 2.01 24.32
5.83 -7.60 1.76 22.35
5.93 -7.76 1.94 22.00
6.14 -8.58 1.72 21.92
6.02 -8.40 1.85 21.63
5.35 -7.86 1.51 22.66
5.66 -7.84 1.56 22.07
5.89 -7.60 1.59 23.12
6.18 -8.15 1.56 21.88 1.77  45.406357 11.894410
5.70 -8.20 1.71 22.45
5.86 -7.55 1.55 24.27
5.74 -7.75 1.43 22.90 1.77  45.406357 11.894410
5.73 -7.80 1.64 21.90
5.77 -8.03 1.62 21.78
5.92 -8.02 1.74 21.73
5.71 -8.19 1.78 21.81
5.85 -7.85 1.80 21.57
5.50 -7.69 2.02 22.66
5.82 -7.62 1.86 24.03
5.99 -7.74 1.60 22.60
6.11 -8.16 1.69 22.26
5.94 -7.99 1.74 22.26
5.85 -8.06 1.63 22.69
5.77 -7.88 1.60 22.60
6.09 -7.85 1.74 22.47
5.86 -8.08 1.90 21.81
5.81 -8.39 1.66 21.73 1.64  45.406358 11.894433
5.65 -8.08 1.52 21.88
5.77 -7.84 1.68 22.84 1.64  45.406358 11.894433
