3.58 -6.0 1.06 25.67 2.41 45.406350 11.894379 1
5.26 -5.7 3.12 23.41 2.41 45.406350 11.894379 1
7.67 -10.09 5.96 21.52 2.41 45.406350 11.894379 1
7.49 -14.03 5.13 20.61 2.41 45.406350 11.894379 1
5.62 -11.98 2.34 21.57 2.41 45.406350 11.894379 1
4.61 -6.7 1.47 22.29 2.41 45.406350 11.894379 1
4.59 -4.57 1.85 23.89 2.41 45.406350 11.894379 1
4.95 -5.95 1.61 22.48 2.41 45.406350 11.894379 1
6.13 -7.39 1.45 20.51 2.41 45.406350 11.894379 1
7.3 -8.44 1.83 21.06 2.41 45.406350 11.894379 1
6.64 -9.32 1.94 21.08 2.41 45.406350 11.894379 1
4.97 -8.3 1.81 23.94 2.24 45.406351 11.894409 0
4.87 -6.24 1.92 24.15 2.24 45.406351 11.894409 1
6.02 -6.82 1.98 23.84 2.24 45.406351 11.894409 0
5.97 -9.64 1.86 23.6 2.24 45.406351 11.894409 1
4.77 -10.45 1.77 25.09 2.24 45.406351 11.894409 1
4.72 -8.4 1.85 21.75 2.24 45.406351 11.894409 1
6.06 -6.78 2.14 22.55 2.24 45.406351 11.894409 1
6.85 -7.53 2.17 19.67 2.24 45.406351 11.894409 1
6.39 -9.1 1.38 20.79 2.24 45.406351 11.894409 1
5.67 -8.89 0.67 22.33 2.24 45.406351 11.894409 1
5.26 -6.66 1.3 25.26 2.24 45.406351 11.894409 1
5.25 -5.41 2.43 23.1 2.24 45.406351 11.894409 1
5.77 -7.22 2.3 22.35 2.24 45.406351 11.894409 1
6.06 -9.66 1.3 22.74 2.24 45.406351 11.894409 1
5.31 -9.62 1.02 22.78 2.24 45.406351 11.894409 1
4.64 -7.87 1.57 22.93 2.24 45.406351 11.894409 1
5.42 -6.73 2.0 22.48 2.24 45.406351 11.894409 1
6.52 -7.02 2.01 21.28 2.73 45.406362 11.894448 0
6.38 -8.4 1.92 20.94 2.73 45.406362 11.894448 1
5.69 -9.28 1.91 24.44 2.73 45.406362 11.894448 0
5.64 -8.05 1.94 22.43 2.73 45.406362 11.894448 1
5.9 -6.24 2.0 22.71 2.73 45.406362 11.894448 1
5.88 -6.48 2.09 23.94 2.73 45.406362 11.894448 1
5.75 -7.95 2.19 22.24 2.73 45.406362 11.894448 1
