5.95 -7.93 1.86 21.93 2.2 45.406337 11.894089 1
5.98 -7.89 1.89 22.28 2.2 45.406337 11.894089 1
5.8 -7.96 1.98 22.81 2.2 45.406337 11.894089 1
5.39 -8.14 2.03 22.38 2.2 45.406337 11.894089 1
5.25 -8.06 2.02 22.54 2.2 45.406337 11.894089 1
5.52 -7.74 2.0 22.64 2.2 45.406337 11.894089 1
5.72 -7.69 1.94 23.07 2.2 45.406337 11.894089 1
5.65 -7.99 1.83 22.05 2.2 45.406337 11.894089 1
5.75 -8.11 1.82 22.04 2.2 45.406337 11.894089 1
6.16 -7.8 2.01 23.15 2.2 45.406337 11.894089 1
6.3 -7.57 2.07 22.28 2.2 45.406337 11.894089 1
5.95 -7.69 1.77 21.92 2.16 45.406347 11.894100 0
5.67 -7.86 1.43 22.36 2.16 45.406347 11.894100 1
5.71 -7.88 1.36 23.77 2.16 45.406347 11.894100 0
5.75 -7.9 1.43 23.75 2.16 45.406347 11.894100 1
5.64 -7.9 1.43 22.07 2.16 45.406347 11.894100 1
5.62 -7.86 1.5 22.07 2.16 45.406347 11.894100 1
5.67 -7.94 1.7 21.81 2.16 45.406347 11.894100 1
5.68 -8.13 1.86 21.9 2.16 45.406347 11.894100 1
5.72 -8.13 1.86 22.81 2.16 45.406347 11.894100 1
5.79 -7.91 1.81 22.09 2.16 45.406347 11.894100 1
5.75 -7.79 1.77 22.04 2.16 45.406347 11.894100 1
5.74 -7.84 1.81 24.68 2.16 45.406347 11.894100 1
5.86 -7.93 1.94 22.45 2.16 45.406347 11.894100 1
5.82 -7.92 1.98 22.05 2.16 45.406347 11.894100 1
5.55 -7.81 1.88 22.54 2.16 45.406347 11.894100 1
5.5 -7.73 1.88 22.09 2.16 45.406347 11.894100 1
5.81 -7.91 2.09 21.95 2.16 45.406347 11.894100 1
5.95 -8.18 2.16 21.73 2.64 45.406345 11.894134 0
5.72 -8.18 1.93 22.36 2.64 45.406345 11.894134 1
5.59 -7.93 1.75 22.88 2.64 45.406345 11.894134 0
5.73 -7.74 1.81 22.09 2.64 45.406345 11.894134 1
5.83 -7.76 1.87 21.87 2.64 45.406345 11.894134 1
5.85 -8.0 1.86 25.48 2.64 45.406345 11.894134 1
5.92 -8.2 1.92 21.76 2.64 45.406345 11.894134 1
