5.32 -8.14 2.08 22.09 2.07 45.406334 11.893993 1
5.97 -8.1 2.16 21.97 2.07 45.406334 11.893993 1
5.65 -7.82 1.81 22.43 2.07 45.406334 11.893993 1
5.79 -7.78 1.83 22.48 2.07 45.406334 11.893993 1
5.95 -8.03 1.73 22.09 2.07 45.406334 11.893993 1
5.58 -8.09 1.84 22.96 2.07 45.406334 11.893993 1
5.9 -7.73 2.34 22.14 2.07 45.406334 11.893993 1
5.84 -7.96 1.49 22.07 2.07 45.406334 11.893993 1
5.93 -7.84 1.67 22.09 2.07 45.406334 11.893993 1
6.29 -7.84 1.6 22.5 2.07 45.406334 11.893993 1
5.59 -7.62 1.75 25.28 2.07 45.406334 11.893993 1
5.56 -8.08 2.0 22.0 2.07 45.406334 11.893993 1
5.79 -7.9 2.37 22.24 2.07 45.406334 11.893993 1
5.74 -8.04 1.94 22.35 2.35 45.406336 11.894024 0
5.54 -7.87 1.84 21.93 2.35 45.406336 11.894024 1
5.91 -7.87 1.73 22.72 2.35 45.406336 11.894024 0
5.84 -8.05 1.35 21.99 2.35 45.406336 11.894024 1
5.85 -7.75 1.67 22.38 2.35 45.406336 11.894024 1
5.86 -7.69 1.45 22.02 2.35 45.406336 11.894024 1
5.94 -7.83 1.78 22.74 2.35 45.406336 11.894024 1
5.8 -7.94 1.88 23.15 2.35 45.406336 11.894024 1
5.49 -8.03 1.96 22.24 2.35 45.406336 11.894024 1
5.72 -7.94 1.72 22.09 2.35 45.406336 11.894024 1
6.06 -8.32 1.65 24.73 2.35 45.406336 11.894024 1
5.46 -7.6 2.01 22.48 2.35 45.406336 11.894024 1
5.78 -7.6 1.49 22.09 2.35 45.406336 11.894024 1
5.88 -8.12 2.44 25.38 2.35 45.406336 11.894024 1
5.95 -7.87 1.93 22.47 2.35 45.406336 11.894024 1
5.87 -7.74 1.86 21.95 2.35 45.406336 11.894024 1
6.01 -7.78 1.85 22.02 2.35 45.406336 11.894024 1
5.46 -7.3 2.28 22.43 2.35 45.406336 11.894024 1
6.05 -7.55 2.14 21.99 2.75 45.406337 11.894059 0
6.34 -7.87 1.54 22.74 2.75 45.406337 11.894059 1
6.25 -7.5 1.49 21.81 2.75 45.406337 11.894059 0
6.13 -7.94 1.67 21.87 2.75 45.406337 11.894059 1
