6.5 -7.45 2.26 23.02 1.64 45.406331 11.893971 0
6.52 -7.86 2.24 21.83 1.64 45.406331 11.893971 1
5.92 -7.62 2.53 22.29 1.64 45.406331 11.893971 1
6.5 -7.99 2.03 23.44 1.64 45.406331 11.893971 1
5.99 -7.59 2.0 21.88 1.64 45.406331 11.893971 1
5.92 -8.12 2.62 22.79 1.64 45.406331 11.893971 1
5.3 -8.03 2.4 22.35 1.64 45.406331 11.893971 1
5.99 -7.73 1.83 22.45 1.64 45.406331 11.893971 1
5.92 -7.68 1.82 22.47 1.64 45.406331 11.893971 1
5.51 -8.26 1.81 22.09 1.64 45.406331 11.893971 1
5.53 -8.01 1.76 23.31 1.64 45.406331 11.893971 1
5.37 -7.93 1.71 22.81 1.64 45.406331 11.893971 1
6.02 -7.75 2.15 22.24 1.64 45.406331 11.893971 1
6.11 -7.98 1.89 21.93 1.64 45.406331 11.893971 0
5.98 -7.62 1.79 22.0 1.64 45.406331 11.893971 1
5.72 -7.25 1.72 22.47 1.64 45.406331 11.893971 0
5.99 -7.65 1.58 22.28 1.64 45.406331 11.893971 1
6.28 -7.89 1.5 22.17 1.64 45.406331 11.893971 1
6.25 -7.68 1.32 22.24 1.64 45.406331 11.893971 1
6.33 -7.94 1.61 21.93 1.64 45.406331 11.893971 1
5.96 -8.26 1.42 21.97 1.64 45.406331 11.893971 1
5.78 -7.55 1.66 27.65 1.64 45.406331 11.893971 1
5.71 -7.65 1.98 22.14 1.64 45.406331 11.893971 1
5.67 -8.1 1.89 22.07 1.64 45.406331 11.893971 1
5.61 -7.77 1.82 23.38 1.64 45.406331 11.893971 1
5.62 -7.87 1.75 22.6 1.64 45.406331 11.893971 1
5.86 -7.75 1.89 22.6 1.64 45.406331 11.893971 1
5.9 -7.84 1.83 22.09 1.64 45.406331 11.893971 1
6.1 -7.59 1.64 24.64 1.64 45.406331 11.893971 1
5.96 -7.71 1.82 21.99 1.64 45.406331 11.893971 1
5.92 -7.81 1.67 23.6 1.64 45.406331 11.893971 1
5.64 -7.9 1.89 22.12 2.07 45.406334 11.893993 0
5.67 -7.92 1.73 21.92 2.07 45.406334 11.893993 1
6.0 -7.89 1.93 21.92 2.07 45.406334 11.893993 0
6.03 -8.06 2.0 22.38 2.07 45.406334 11.893993 1
