5.49 -7.91 2.0 23.7 1.78 45.406318 11.894395 1
6.0 -7.92 1.13 22.07 1.78 45.406318 11.894395 1
5.81 -7.66 1.9 22.69 1.78 45.406318 11.894395 1
5.6 -7.89 1.78 22.24 1.78 45.406318 11.894395 1
5.68 -8.02 1.9 21.49 1.78 45.406318 11.894395 1
5.85 -8.4 1.75 22.19 1.78 45.406318 11.894395 1
5.69 -8.12 2.02 21.93 1.78 45.406318 11.894395 1
5.67 -7.86 1.87 22.96 1.78 45.406318 11.894395 1
5.66 -7.81 1.78 23.99 1.78 45.406318 11.894395 1
5.8 -7.69 1.95 25.72 1.78 45.406318 11.894395 1
6.02 -7.62 1.9 22.23 1.78 45.406318 11.894395 1
6.14 -8.11 1.78 22.0 1.78 45.406318 11.894395 1
5.87 -8.2 1.39 23.05 1.78 45.406318 11.894395 1
5.63 -7.85 1.75 23.51 2.14 45.406314 11.894427 0
5.9 -8.08 1.8 22.14 2.14 45.406314 11.894427 1
5.88 -8.06 1.83 22.43 2.14 45.406314 11.894427 0
5.62 -8.04 1.64 22.35 2.14 45.406314 11.894427 1
5.75 -8.14 1.98 21.78 2.14 45.406314 11.894427 1
5.93 -7.94 1.89 22.21 2.14 45.406314 11.894427 1
5.74 -7.71 1.5 22.36 2.14 45.406314 11.894427 1
5.54 -7.68 1.88 21.95 2.14 45.406314 11.894427 1
6.05 -7.97 2.0 22.35 2.14 45.406314 11.894427 1
5.63 -7.73 1.87 22.4 2.14 45.406314 11.894427 1
5.43 -8.01 1.63 22.42 2.14 45.406314 11.894427 1
5.55 -7.97 1.76 22.5 2.14 45.406314 11.894427 1
5.8 -8.02 1.88 22.5 2.14 45.406314 11.894427 1
5.72 -7.62 1.73 22.55 2.14 45.406314 11.894427 1
5.8 -7.56 1.67 22.47 2.14 45.406314 11.894427 1
5.8 -7.56 1.68 22.47 2.14 45.406314 11.894427 1
5.8 -7.57 1.67 22.47 2.14 45.406314 11.894427 1
5.79 -7.55 1.67 22.46 2.14 45.406314 11.894427 1
5.81 -7.56 1.67 22.48 2.14 45.406314 11.894427 1
5.8 -7.55 1.68 22.46 2.14 45.406314 11.894427 1
5.79 -7.56 1.67 22.46 2.14 45.406314 11.894427 1
5.81 -7.56 1.67 22.47 2.14 45.406314 11.894427 1
