5.32 -8.46 1.65 21.95 1.89 45.408013 11.888756 0 0
5.73 -7.9 1.37 22.33 1.89 45.408013 11.888756 0 0
6.38 -7.89 1.1 22.57 1.89 45.408013 11.888756 1 0
6.1 -7.47 1.42 21.81 1.89 45.408013 11.888756 1 0
6.06 -7.55 1.58 22.07 1.89 45.408013 11.888756 1 0
6.33 -7.67 1.5 22.02 1.89 45.408013 11.888756 1 0
6.37 -7.53 1.41 21.95 1.89 45.408013 11.888756 1 0
6.27 -7.91 1.59 22.02 1.89 45.408013 11.888756 1 0
6.1 -7.73 1.42 22.83 1.89 45.408013 11.888756 1 0
6.07 -7.56 1.5 21.81 1.89 45.408013 11.888756 1 0
6.12 -7.63 1.78 21.73 1.89 45.408013 11.888756 1 0
5.94 -8.07 1.93 21.81 1.89 45.408013 11.888756 1 0
5.77 -8.15 1.82 21.87 1.89 45.408013 11.888756 1 0
5.6 -7.84 1.68 22.29 1.89 45.408013 11.888756 1 0
5.49 -8.06 1.73 21.88 1.89 45.408013 11.888756 1 0
5.48 -7.78 2.09 21.8 1.89 45.408013 11.888756 1 0
6.22 -8.1 1.76 22.21 2.61 45.408014 11.888726 0 0
6.36 -7.53 2.09 22.16 2.61 45.408014 11.888726 1 0
6.07 -7.48 1.87 21.83 2.61 45.408014 11.888726 0 0
6.16 -7.69 1.93 22.31 2.61 45.408014 11.888726 1 0
6.26 -7.93 1.78 22.0 2.61 45.408014 11.888726 1 0
6.14 -7.46 1.79 21.95 2.61 45.408014 11.888726 1 0
6.57 -7.59 2.01 22.42 2.61 45.408014 11.888726 1 0
6.66 -7.82 1.69 22.07 2.61 45.408014 11.888726 1 0
6.03 -7.5 1.63 22.62 2.61 45.408014 11.888726 1 0
6.15 -7.67 1.95 22.67 2.61 45.408014 11.888726 1 0
6.09 -7.83 1.89 22.47 2.61 45.408014 11.888726 1 0
5.76 -7.94 1.75 21.92 2.61 45.408014 11.888726 1 0
5.89 -8.17 1.86 21.88 2.61 45.408014 11.888726 1 0
5.83 -8.22 1.77 22.02 2.61 45.408014 11.888726 1 0
5.81 -7.69 1.58 22.23 2.61 45.408014 11.888726 1 0
6.03 -7.33 1.99 22.17 2.61 45.408014 11.888726 1 0
5.8 -7.52 1.65 21.97 2.61 45.408014 11.888726 1 0
6.47 -7.72 1.64 21.8 2.61 45.408014 11.888726 1 0
6.46 -7.91 1.68 22.21 2.06 45.408014 11.888697 0 0
