5.8 -7.89 1.94 22.0 2.72 45.408035 11.888639 1 0
6.08 -7.33 1.77 21.99 2.72 45.408035 11.888639 0 0
6.15 -7.97 1.88 21.97 2.72 45.408035 11.888639 1 0
6.0 -7.87 1.68 22.36 2.72 45.408035 11.888639 1 0
6.21 -7.83 1.48 22.35 2.72 45.408035 11.888639 1 0
6.05 -7.65 1.78 22.47 2.72 45.408035 11.888639 1 0
6.03 -7.66 1.92 21.85 2.72 45.408035 11.888639 1 0
6.12 -7.7 1.98 22.07 2.72 45.408035 11.888639 1 0
6.07 -7.85 1.78 22.12 2.72 45.408035 11.888639 1 0
5.93 -7.75 1.84 22.59 2.72 45.408035 11.888639 1 0
5.95 -7.68 1.82 22.09 2.72 45.408035 11.888639 1 0
5.68 -7.99 1.87 22.42 2.72 45.408035 11.888639 1 0
5.95 -8.03 1.73 21.97 2.72 45.408035 11.888639 1 0
6.12 -8.11 1.97 21.97 2.72 45.408035 11.888639 1 0
6.03 -7.6 1.69 22.02 2.72 45.408035 11.888639 1 0
6.29 -7.95 1.82 21.9 2.72 45.408035 11.888639 1 0
6.03 -7.35 1.71 22.11 2.76 45.408043 11.888601 0 0
6.05 -7.63 1.73 21.99 2.76 45.408043 11.888601 1 0
6.15 -7.58 1.82 21.83 2.76 45.408043 11.888601 1 0
6.37 -7.78 1.81 21.85 2.76 45.408043 11.888601 0 0
6.12 -7.81 1.71 21.54 2.76 45.408043 11.888601 1 0
5.77 -7.68 1.72 22.07 2.76 45.408043 11.888601 1 0
5.66 -7.94 1.45 22.04 2.76 45.408043 11.888601 1 0
5.68 -8.13 1.83 21.99 2.76 45.408043 11.888601 1 0
5.86 -7.88 1.73 22.48 2.76 45.408043 11.888601 1 0
6.14 -7.92 1.61 21.99 2.76 45.408043 11.888601 1 0
5.73 -7.65 1.95 22.12 2.76 45.408043 11.888601 1 0
5.98 -7.68 1.92 22.17 2.76 45.408043 11.888601 1 0
5.81 -7.64 1.89 22.07 2.76 45.408043 11.888601 1 0
6.25 -7.93 1.92 22.4 2.76 45.408043 11.888601 1 0
6.34 -7.63 2.04 22.02 2.76 45.408043 11.888601 1 0
6.24 -7.69 2.12 22.48 2.76 45.408043 11.888601 1 0
5.81 -7.65 1.74 22.07 2.76 45.408043 11.888601 1 0
5.84 -7.77 1.72 22.23 2.76 45.408043 11.888601 1 0
5.86 -8.02 1.87 21.8 2.15 45.408058 11.888574 0 0
