6.51 -7.34 2.13 21.83 2.2 45.407728 11.899253 1 0
6.14 -7.47 1.82 21.85 2.37 45.407739 11.899273 0 0
6.16 -7.64 1.91 21.85 2.37 45.407739 11.899273 1 0
5.72 -7.86 1.82 21.76 2.37 45.407739 11.899273 0 0
5.7 -7.92 1.57 22.36 2.37 45.407739 11.899273 1 0
5.54 -8.09 1.86 22.35 2.37 45.407739 11.899273 1 0
5.81 -7.97 1.91 21.9 2.37 45.407739 11.899273 1 0
6.19 -7.69 2.05 22.31 2.37 45.407739 11.899273 1 0
6.05 -7.78 2.05 22.07 2.37 45.407739 11.899273 1 0
6.06 -7.69 2.0 22.48 2.37 45.407739 11.899273 1 0
5.88 -7.78 1.94 22.0 2.37 45.407739 11.899273 1 0
6.26 -7.62 1.88 22.02 2.37 45.407739 11.899273 1 0
5.88 -8.0 1.61 21.97 2.37 45.407739 11.899273 1 0
6.33 -7.49 1.6 22.43 2.37 45.407739 11.899273 1 0
5.9 -7.63 1.71 22.0 2.37 45.407739 11.899273 1 0
5.73 -7.69 1.49 22.47 2.37 45.407739 11.899273 1 0
5.67 -7.91 1.62 22.0 2.37 45.407739 11.899273 1 0
5.75 -7.87 1.7 24.01 2.37 45.407739 11.899273 1 0
5.52 -8.16 2.09 21.88 3.69 45.407748 11.899307 0 0
5.7 -8.0 1.82 21.83 3.69 45.407748 11.899307 1 0
5.89 -8.01 2.21 21.71 3.69 45.407748 11.899307 0 0
5.89 -7.64 2.03 21.78 3.69 45.407748 11.899307 1 0
6.2 -7.68 2.18 22.31 3.69 45.407748 11.899307 1 0
5.76 -7.84 2.09 21.85 3.69 45.407748 11.899307 1 0
6.2 -7.71 1.78 22.31 3.69 45.407748 11.899307 1 0
5.85 -7.9 1.98 22.26 3.69 45.407748 11.899307 1 0
6.06 -7.78 2.04 22.42 3.69 45.407748 11.899307 1 0
5.94 -7.92 1.58 22.72 3.69 45.407748 11.899307 1 0
5.77 -7.84 2.1 22.36 3.69 45.407748 11.899307 1 0
5.7 -8.0 1.9 22.42 3.69 45.407748 11.899307 1 0
5.53 -7.75 1.82 22.43 3.69 45.407748 11.899307 1 0
5.81 -7.91 2.15 21.95 3.69 45.407748 11.899307 1 0
5.82 -8.02 1.65 21.97 3.69 45.407748 11.899307 1 0
6.0 -7.98 1.87 21.9 3.69 45.407748 11.899307 1 0
5.89 -7.96 1.78 21.87 3.69 45.407748 11.899307 1 0
