6.29 -7.79 1.96 22.23 3.69 45.407748 11.899307 1 0
6.01 -7.45 2.06 22.74 2.75 45.407757 11.899343 0 0
6.13 -7.82 1.91 22.66 2.75 45.407757 11.899343 1 0
5.76 -7.85 1.99 21.81 2.75 45.407757 11.899343 0 0
6.37 -7.6 1.79 21.81 2.75 45.407757 11.899343 1 0
5.75 -7.77 1.87 22.29 2.75 45.407757 11.899343 1 0
5.74 -7.72 1.73 21.85 2.75 45.407757 11.899343 1 0
5.91 -8.13 1.67 21.8 2.75 45.407757 11.899343 1 0
5.72 -7.88 1.5 22.72 2.75 45.407757 11.899343 1 0
5.76 -8.13 1.92 21.85 2.75 45.407757 11.899343 1 0
5.82 -7.7 2.12 21.92 2.75 45.407757 11.899343 1 0
6.13 -7.95 1.66 22.79 2.75 45.407757 11.899343 1 0
6.14 -7.51 1.8 22.47 2.75 45.407757 11.899343 1 0
5.94 -7.62 1.78 22.47 2.75 45.407757 11.899343 1 0
6.14 -7.73 1.93 22.36 2.75 45.407757 11.899343 1 0
6.08 -7.82 1.84 22.33 2.75 45.407757 11.899343 1 0
6.04 -7.93 2.04 21.95 2.75 45.407757 11.899343 1 0
5.81 -7.62 2.12 21.75 2.75 45.407757 11.899343 1 0
5.96 -7.92 1.99 21.9 3.16 45.407763 11.899379 0 0
5.74 -7.85 1.89 22.26 3.16 45.407763 11.899379 1 0
5.88 -7.93 2.03 22.66 3.16 45.407763 11.899379 1 0
5.43 -7.87 1.73 21.8 3.16 45.407763 11.899379 0 0
6.04 -7.99 1.63 22.31 3.16 45.407763 11.899379 1 0
6.17 -7.72 2.03 22.14 3.16 45.407763 11.899379 1 0
5.87 -7.79 1.82 22.17 3.16 45.407763 11.899379 1 0
5.98 -7.85 2.1 22.12 3.16 45.407763 11.899379 1 0
6.09 -7.82 1.84 21.78 3.16 45.407763 11.899379 1 0
6.29 -7.71 1.94 21.87 3.16 45.407763 11.899379 1 0
6.2 -7.51 1.62 23.27 3.16 45.407763 11.899379 1 0
6.01 -7.66 1.72 22.0 3.16 45.407763 11.899379 1 0
5.99 -7.63 1.62 22.31 3.16 45.407763 11.899379 1 0
6.05 -7.87 1.64 22.24 3.16 45.407763 11.899379 1 0
5.77 -7.77 1.73 21.85 3.16 45.407763 11.899379 1 0
5.75 -8.23 1.71 21.92 3.16 45.407763 11.899379 1 0
5.99 -7.9 1.73 22.42 3.16 45.407763 11.899379 1 0
