6.37 -7.46 2.3 21.8 3.03 45.407799 11.899441 1
6.75 -8.67 1.88 21.8 3.03 45.407799 11.899441 1
6.37 -7.91 2.38 22.72 3.03 45.407799 11.899441 1
5.59 -7.81 2.25 23.03 3.03 45.407799 11.899441 1
5.03 -7.11 1.87 22.29 3.03 45.407799 11.899441 1
5.61 -7.92 1.81 21.44 2.87 45.407807 11.899479 0
6.03 -8.66 1.95 21.44 2.87 45.407807 11.899479 1
6.28 -8.71 2.14 21.56 2.87 45.407807 11.899479 0
6.19 -7.61 1.54 22.05 2.87 45.407807 11.899479 1
5.73 -6.8 1.77 22.26 2.87 45.407807 11.899479 1
6.04 -7.13 1.41 22.05 2.87 45.407807 11.899479 1
6.42 -7.76 1.74 21.49 2.87 45.407807 11.899479 1
6.63 -8.19 1.59 21.04 2.87 45.407807 11.899479 1
6.12 -8.24 1.78 21.69 2.87 45.407807 11.899479 1
5.63 -7.69 1.43 22.0 2.87 45.407807 11.899479 1
5.59 -7.12 1.78 22.05 2.87 45.407807 11.899479 1
5.73 -7.93 1.74 21.85 2.87 45.407807 11.899479 1
5.99 -7.89 1.87 21.73 2.87 45.407807 11.899479 1
5.46 -8.75 1.71 21.85 2.87 45.407807 11.899479 1
6.08 -7.72 2.15 21.95 2.87 45.407807 11.899479 1
6.5 -7.38 2.12 22.02 2.87 45.407807 11.899479 1
6.2 -6.99 1.89 21.76 2.87 45.407807 11.899479 1
6.26 -7.59 2.05 21.95 2.87 45.407807 11.899479 1
6.34 -7.85 2.16 21.97 3.28 45.407812 11.899525 0
6.49 -7.68 2.27 21.44 3.28 45.407812 11.899525 1
6.06 -7.75 2.23 21.81 3.28 45.407812 11.899525 0
5.8 -7.95 2.14 22.09 3.28 45.407812 11.899525 1
5.77 -8.23 2.37 21.78 3.28 45.407812 11.899525 1
6.0 -7.74 1.98 22.14 3.28 45.407812 11.899525 1
5.88 -7.76 2.13 21.85 3.28 45.407812 11.899525 1
5.69 -7.69 1.99 21.95 3.28 45.407812 11.899525 1
6.14 -7.38 1.76 22.04 3.28 45.407812 11.899525 1
6.6 -7.39 1.82 22.05 3.28 45.407812 11.899525 1
6.32 -7.31 1.71 21.95 3.28 45.407812 11.899525 1
6.17 -7.79 1.92 21.97 3.28 45.407812 11.899525 1
