6.03 -7.55 1.84 22.42 3.28 45.407790 11.899370 1
5.95 -7.63 1.62 22.11 3.28 45.407790 11.899370 1
5.56 -7.92 1.43 22.52 3.28 45.407790 11.899370 1
5.76 -8.02 1.7 21.57 3.28 45.407790 11.899370 1
5.31 -7.39 1.81 22.96 3.28 45.407790 11.899370 1
6.52 -8.31 1.6 21.75 1.56 45.407793 11.899401 0
5.74 -7.73 1.49 22.11 1.56 45.407793 11.899401 1
5.65 -7.37 1.5 22.47 1.56 45.407793 11.899401 0
6.56 -7.94 1.87 22.48 1.56 45.407793 11.899401 1
6.01 -6.89 2.25 22.67 1.56 45.407793 11.899401 1
6.44 -8.71 2.17 22.05 1.56 45.407793 11.899401 1
5.44 -8.39 2.42 22.31 1.56 45.407793 11.899401 1
6.0 -6.92 2.44 21.54 1.56 45.407793 11.899401 1
6.12 -8.21 2.22 21.08 1.56 45.407793 11.899401 1
5.8 -8.43 1.86 21.81 1.56 45.407793 11.899401 1
5.97 -8.19 1.77 22.42 1.56 45.407793 11.899401 1
5.17 -6.28 1.94 22.52 1.56 45.407793 11.899401 1
5.7 -7.33 1.81 22.38 1.56 45.407793 11.899401 1
6.19 -7.84 1.91 21.61 1.56 45.407793 11.899401 1
5.83 -8.42 1.55 21.35 1.56 45.407793 11.899401 1
6.07 -7.73 1.5 21.69 1.56 45.407793 11.899401 1
7.36 -7.88 1.92 21.2 1.56 45.407793 11.899401 1
6.17 -7.18 1.7 21.95 1.56 45.407793 11.899401 1
5.88 -7.9 1.92 22.74 3.03 45.407799 11.899441 0
5.91 -7.18 1.37 22.47 3.03 45.407799 11.899441 1
5.82 -6.12 1.49 21.95 3.03 45.407799 11.899441 0
7.0 -9.48 0.54 22.33 3.03 45.407799 11.899441 1
5.94 -8.22 1.36 22.47 3.03 45.407799 11.899441 1
5.48 -8.04 1.87 21.76 3.03 45.407799 11.899441 1
5.43 -7.58 1.59 23.43 3.03 45.407799 11.899441 1
5.91 -7.49 1.98 22.05 3.03 45.407799 11.899441 1
6.43 -7.54 1.93 21.69 3.03 45.407799 11.899441 1
6.16 -7.84 2.26 21.97 3.03 45.407799 11.899441 1
6.36 -7.55 2.04 22.23 3.03 45.407799 11.899441 1
5.69 -6.98 2.22 21.92 3.03 45.407799 11.899441 1
