5.7 -7.8 1.77 21.99 0.6 45.406297 11.894187 1 0
5.95 -7.82 1.62 21.99 1.84 45.406296 11.894216 0 0
6.09 -7.85 1.69 21.99 1.84 45.406296 11.894216 1 0
5.95 -7.85 1.82 22.02 1.84 45.406296 11.894216 0 0
5.92 -7.79 2.0 21.92 1.84 45.406296 11.894216 1 0
6.01 -7.71 2.07 22.04 1.84 45.406296 11.894216 1 0
5.81 -7.81 1.86 22.45 1.84 45.406296 11.894216 1 0
5.52 -8.02 1.56 22.45 1.84 45.406296 11.894216 1 0
5.6 -8.1 1.48 22.24 1.84 45.406296 11.894216 1 0
5.78 -8.22 1.62 22.09 1.84 45.406296 11.894216 1 0
5.61 -8.25 1.84 22.67 1.84 45.406296 11.894216 1 0
5.46 -7.72 2.1 24.34 1.84 45.406296 11.894216 1 0
5.79 -7.24 2.31 22.45 1.84 45.406296 11.894216 1 0
6.23 -7.93 2.27 21.99 1.84 45.406296 11.894216 1 0
6.18 -8.8 1.96 21.99 1.84 45.406296 11.894216 1 0
5.76 -8.17 1.71 22.31 1.84 45.406296 11.894216 1 0
5.58 -7.09 1.78 22.04 1.84 45.406296 11.894216 1 0
5.82 -7.57 1.97 21.93 1.84 45.406296 11.894216 1 0
6.01 -8.64 1.93 21.44 1.84 45.406296 11.894216 1 0
5.86 -8.34 1.74 22.04 1.28 45.406295 11.894240 0 0
5.66 -7.48 1.66 22.35 1.28 45.406295 11.894240 1 0
5.62 -7.7 1.69 21.69 1.28 45.406295 11.894240 0 0
5.75 -8.29 1.66 21.47 1.28 45.406295 11.894240 1 0
6.01 -7.95 1.61 21.63 1.28 45.406295 11.894240 1 0
6.07 -7.41 1.57 21.52 1.28 45.406295 11.894240 1 0
5.72 -7.67 1.52 21.47 1.28 45.406295 11.894240 1 0
5.6 -8.02 1.61 21.52 1.28 45.406295 11.894240 1 0
6.07 -7.85 1.91 21.9 1.28 45.406295 11.894240 1 0
6.34 -7.81 2.05 21.63 1.28 45.406295 11.894240 1 0
5.92 -7.97 1.92 21.9 1.28 45.406295 11.894240 1 0
5.52 -7.69 1.82 22.42 1.28 45.406295 11.894240 1 0
5.56 -7.43 1.84 21.68 1.28 45.406295 11.894240 1 0
5.79 -8.01 1.69 21.83 1.28 45.406295 11.894240 1 0
6.03 -8.66 1.56 21.49 1.28 45.406295 11.894240 1 0
6.01 -8.38 1.74 22.12 1.28 45.406295 11.894240 1 0
