5.78 -7.95 1.57 22.45 2.69 45.406374 11.895559 1
5.49 -8.28 1.71 21.95 2.69 45.406374 11.895559 1
5.84 -8.06 1.92 21.95 2.69 45.406374 11.895559 1
5.83 -7.96 1.73 22.79 2.69 45.406374 11.895559 1
5.8 -8.12 1.62 22.11 2.69 45.406374 11.895559 1
5.69 -7.95 1.72 22.88 2.69 45.406374 11.895559 1
5.86 -7.63 1.64 22.81 2.69 45.406374 11.895559 1
5.98 -8.11 1.63 22.24 2.69 45.406374 11.895559 1
5.87 -8.06 1.91 22.31 2.69 45.406374 11.895559 1
5.63 -7.71 2.01 21.99 2.16 45.406374 11.895589 0
5.79 -8.0 1.81 21.95 2.16 45.406374 11.895589 1
5.6 -7.78 1.81 23.68 2.16 45.406374 11.895589 0
6.08 -7.86 1.51 21.68 2.16 45.406374 11.895589 1
6.16 -8.28 1.58 22.54 2.16 45.406374 11.895589 1
5.66 -7.7 1.59 22.14 2.16 45.406374 11.895589 1
5.53 -7.81 1.95 23.84 2.16 45.406374 11.895589 1
5.71 -7.68 1.88 23.44 2.16 45.406374 11.895589 1
6.06 -7.71 1.74 22.0 2.16 45.406374 11.895589 1
5.75 -8.41 1.89 21.95 2.16 45.406374 11.895589 1
6.08 -8.31 1.62 21.95 2.16 45.406374 11.895589 1
5.8 -7.9 1.65 22.05 2.16 45.406374 11.895589 1
5.61 -7.74 1.69 22.54 2.16 45.406374 11.895589 1
5.66 -7.76 1.51 22.11 2.16 45.406374 11.895589 1
5.75 -8.03 1.56 22.05 2.16 45.406374 11.895589 1
6.0 -8.12 1.32 22.52 2.16 45.406374 11.895589 1
5.99 -8.11 1.32 22.52 2.16 45.406374 11.895589 1
6.0 -8.11 1.32 22.52 2.16 45.406374 11.895589 1
6.0 -8.11 1.32 22.52 2.16 45.406374 11.895589 1
6.01 -8.11 1.32 22.53 2.16 45.406374 11.895589 1
5.99 -8.11 1.32 22.52 2.16 45.406374 11.895589 1
6.01 -8.11 1.31 22.53 2.16 45.406374 11.895589 1
6.0 -8.13 1.31 22.52 2.16 45.406374 11.895589 1
6.01 -8.13 1.31 22.52 2.16 45.406374 11.895589 1
6.0 -8.12 1.32 22.52 2.16 45.406374 11.895589 1
6.0 -8.12 1.32 22.53 2.16 45.406374 11.895589 1
