6.0 -8.12 1.31 22.52 2.16 45.406374 11.895589 1
6.0 -8.11 1.32 22.51 2.16 45.406374 11.895589 1
5.99 -8.12 1.31 22.52 2.16 45.406374 11.895589 1
6.0 -8.12 1.32 22.51 2.16 45.406374 11.895589 1
6.0 -8.12 1.32 22.51 2.16 45.406374 11.895589 1
6.0 -8.12 1.32 22.52 2.16 45.406374 11.895589 1
6.0 -8.13 1.32 22.51 2.16 45.406374 11.895589 1
5.99 -8.12 1.32 22.51 2.16 45.406374 11.895589 1
6.01 -8.11 1.31 22.52 2.16 45.406374 11.895589 1
6.01 -8.12 1.33 22.51 2.16 45.406374 11.895589 1
6.0 -8.13 1.32 22.52 2.16 45.406374 11.895589 1
5.99 -8.11 1.32 22.53 2.16 45.406374 11.895589 1
6.0 -8.12 1.32 22.52 2.16 45.406374 11.895589 1
6.0 -8.11 1.32 22.52 2.16 45.406374 11.895589 1
6.01 -8.11 1.32 22.52 2.16 45.406374 11.895589 1
6.01 -8.13 1.31 22.52 2.16 45.406374 11.895589 1
6.01 -8.12 1.32 22.52 2.16 45.406374 11.895589 1
6.01 -8.11 1.32 22.53 2.16 45.406374 11.895589 1
6.0 -8.12 1.32 22.53 2.16 45.406374 11.895589 1
6.0 -8.12 1.32 22.52 2.16 45.406374 11.895589 1
6.01 -8.13 1.32 22.52 2.16 45.406374 11.895589 1
5.99 -8.13 1.32 22.51 2.16 45.406374 11.895589 1
6.0 -8.12 1.32 22.52 2.16 45.406374 11.895589 1
5.99 -8.11 1.33 22.51 2.16 45.406374 11.895589 1
6.0 -8.12 1.33 22.51 2.16 45.406374 11.895589 1
6.01 -8.13 1.31 22.52 2.16 45.406374 11.895589 1
6.0 -8.11 1.31 22.51 2.16 45.406374 11.895589 1
6.0 -8.12 1.31 22.52 2.16 45.406374 11.895589 1
6.01 -8.13 1.32 22.51 2.16 45.406374 11.895589 1
5.99 -8.13 1.32 22.52 2.16 45.406374 11.895589 1
5.99 -8.12 1.31 22.52 2.16 45.406374 11.895589 1
6.0 -8.12 1.31 22.52 2.16 45.406374 11.895589 1
6.0 -8.11 1.31 22.53 2.16 45.406374 11.895589 1
6.0 -8.11 1.33 22.51 2.16 45.406374 11.895589 1
5.99 -8.12 1.32 22.52 2.16 45.406374 11.895589 1
