5.9 -8.29 1.92 22.86 2.65 45.406364 11.895074 1
5.81 -7.67 1.67 22.48 2.65 45.406364 11.895074 1
5.7 -8.02 1.67 22.05 2.65 45.406364 11.895074 1
5.74 -7.88 1.84 22.05 2.65 45.406364 11.895074 1
6.21 -7.86 1.89 22.05 2.65 45.406364 11.895074 1
5.67 -7.8 1.69 22.48 2.65 45.406364 11.895074 1
5.96 -7.91 1.84 22.04 2.65 45.406364 11.895074 1
5.83 -7.92 1.88 21.95 2.65 45.406364 11.895074 1
5.73 -8.06 1.71 21.64 2.71 45.406363 11.895108 0
5.83 -7.61 1.91 22.36 2.71 45.406363 11.895108 1
5.97 -7.92 1.73 22.05 2.71 45.406363 11.895108 1
6.01 -7.87 1.71 22.45 2.71 45.406363 11.895108 0
5.82 -7.9 1.78 21.59 2.71 45.406363 11.895108 1
5.7 -8.12 1.89 22.31 2.71 45.406363 11.895108 1
5.75 -7.66 1.8 21.95 2.71 45.406363 11.895108 1
5.75 -7.96 1.72 21.81 2.71 45.406363 11.895108 1
5.7 -7.96 1.8 21.92 2.71 45.406363 11.895108 1
5.86 -8.01 1.6 22.0 2.71 45.406363 11.895108 1
5.73 -8.02 1.69 21.59 2.71 45.406363 11.895108 1
5.75 -7.57 1.74 22.05 2.71 45.406363 11.895108 1
5.81 -7.8 1.72 22.05 2.71 45.406363 11.895108 1
5.8 -8.08 1.79 21.97 2.71 45.406363 11.895108 1
5.91 -7.8 1.74 22.11 2.71 45.406363 11.895108 1
5.76 -7.8 1.91 22.11 2.71 45.406363 11.895108 1
5.7 -7.67 1.83 22.05 2.71 45.406363 11.895108 1
5.84 -8.0 1.92 21.92 2.71 45.406363 11.895108 1
5.95 -8.16 1.91 22.42 2.58 45.406363 11.895141 0
5.88 -7.59 1.95 21.88 2.58 45.406363 11.895141 1
5.65 -8.01 1.64 21.85 2.58 45.406363 11.895141 0
6.0 -7.78 1.77 21.95 2.58 45.406363 11.895141 1
5.77 -8.15 1.81 22.0 2.58 45.406363 11.895141 1
5.8 -7.9 1.84 21.88 2.58 45.406363 11.895141 1
5.58 -7.79 1.83 21.88 2.58 45.406363 11.895141 1
5.78 -7.88 1.82 21.9 2.58 45.406363 11.895141 1
5.9 -8.01 1.9 21.92 2.58 45.406363 11.895141 1
