6.2 -8.12 1.82 21.92 2.39 45.408313 11.889940 1
6.2 -8.11 1.94 22.07 2.39 45.408313 11.889940 1
5.8 -7.57 2.11 22.02 2.39 45.408313 11.889940 1
5.7 -7.44 2.14 21.51 2.55 45.408306 11.889908 0
6.03 -7.84 2.07 21.88 2.55 45.408306 11.889908 1
6.14 -7.93 2.08 21.97 2.55 45.408306 11.889908 0
5.82 -7.66 2.07 21.68 2.55 45.408306 11.889908 1
5.57 -7.75 1.94 21.97 2.55 45.408306 11.889908 1
5.66 -8.11 1.78 22.33 2.55 45.408306 11.889908 1
5.82 -8.14 1.68 22.02 2.55 45.408306 11.889908 1
5.87 -7.85 1.58 22.47 2.55 45.408306 11.889908 1
5.89 -7.67 1.5 22.19 2.55 45.408306 11.889908 1
6.01 -7.71 1.55 21.68 2.55 45.408306 11.889908 1
6.1 -7.85 1.65 22.04 2.55 45.408306 11.889908 1
6.05 -7.94 1.72 21.9 2.55 45.408306 11.889908 1
5.95 -7.92 1.79 21.9 2.55 45.408306 11.889908 1
5.86 -7.89 1.78 22.04 2.55 45.408306 11.889908 1
5.64 -7.92 1.64 22.19 2.55 45.408306 11.889908 1
5.44 -7.82 1.6 22.19 2.55 45.408306 11.889908 1
5.61 -7.72 1.76 21.44 2.55 45.408306 11.889908 1
5.99 -7.94 1.89 21.83 2.55 45.408306 11.889908 1
5.98 -8.12 1.89 22.02 2.1 45.408304 11.889879 0
5.64 -7.75 1.99 21.73 2.1 45.408304 11.889879 1
5.68 -7.37 2.14 22.02 2.1 45.408304 11.889879 0
6.13 -7.69 2.09 21.78 2.1 45.408304 11.889879 1
6.29 -8.21 1.93 21.83 2.1 45.408304 11.889879 1
5.93 -8.13 1.88 21.97 2.1 45.408304 11.889879 1
5.62 -7.72 1.93 22.07 2.1 45.408304 11.889879 1
5.75 -7.68 1.94 22.02 2.1 45.408304 11.889879 1
6.01 -7.93 1.88 22.48 2.1 45.408304 11.889879 1
5.95 -7.98 1.79 22.14 2.1 45.408304 11.889879 1
5.73 -7.84 1.73 22.12 2.1 45.408304 11.889879 1
5.78 -7.79 1.73 21.99 2.1 45.408304 11.889879 1
6.07 -7.84 1.75 21.93 2.1 45.408304 11.889879 1
6.12 -7.77 1.73 22.09 2.1 45.408304 11.889879 1
