5.77 -7.41 1.81 21.63 3.24 45.408345 11.890087 1
6.17 -7.7 1.9 21.52 3.24 45.408345 11.890087 1
6.3 -8.04 1.82 22.31 3.24 45.408345 11.890087 1
5.98 -7.83 1.76 22.05 3.3 45.408333 11.890052 0
5.69 -7.46 1.91 22.12 3.3 45.408333 11.890052 1
5.83 -7.7 2.09 21.83 3.3 45.408333 11.890052 0
6.09 -8.3 2.05 21.68 3.3 45.408333 11.890052 1
5.94 -8.42 1.85 21.87 3.3 45.408333 11.890052 1
5.57 -7.89 1.72 21.99 3.3 45.408333 11.890052 1
5.5 -7.38 1.73 22.09 3.3 45.408333 11.890052 1
5.78 -7.4 1.8 22.24 3.3 45.408333 11.890052 1
6.09 -7.73 1.78 21.81 3.3 45.408333 11.890052 1
6.19 -7.93 1.68 22.02 3.3 45.408333 11.890052 1
6.07 -7.89 1.69 22.05 3.3 45.408333 11.890052 1
5.89 -7.75 1.84 22.17 3.3 45.408333 11.890052 1
5.98 -7.61 1.99 22.12 3.3 45.408333 11.890052 1
6.24 -7.66 2.03 21.97 3.3 45.408333 11.890052 1
6.12 -7.98 1.92 21.93 3.3 45.408333 11.890052 1
5.65 -8.17 1.65 22.04 3.3 45.408333 11.890052 1
5.48 -7.95 1.43 22.07 3.3 45.408333 11.890052 1
5.76 -7.75 1.52 21.97 3.3 45.408333 11.890052 1
5.95 -7.92 1.76 22.02 3.27 45.408324 11.890012 0
5.79 -8.05 1.82 22.07 3.27 45.408324 11.890012 1
5.74 -7.83 1.8 22.04 3.27 45.408324 11.890012 0
6.05 -7.69 1.91 21.87 3.27 45.408324 11.890012 1
6.34 -7.9 1.95 21.76 3.27 45.408324 11.890012 1
6.18 -7.99 1.84 21.45 3.27 45.408324 11.890012 1
5.76 -7.76 1.83 21.57 3.27 45.408324 11.890012 1
5.67 -7.66 2.01 21.95 3.27 45.408324 11.890012 1
5.96 -7.78 2.08 21.59 3.27 45.408324 11.890012 1
6.06 -7.79 2.0 22.23 3.27 45.408324 11.890012 1
5.81 -7.75 1.84 22.54 3.27 45.408324 11.890012 1
5.73 -7.96 1.66 22.04 3.27 45.408324 11.890012 1
6.02 -8.21 1.62 21.52 3.27 45.408324 11.890012 1
6.18 -8.05 1.79 22.52 3.27 45.408324 11.890012 1
