5.71 -7.84 1.76 22.43 3.57 45.408226 11.889722 1
5.76 -7.84 1.73 22.0 3.57 45.408226 11.889722 1
5.87 -8.1 1.7 21.52 3.57 45.408226 11.889722 1
5.62 -8.11 1.64 21.92 3.7 45.408207 11.889678 0
5.5 -7.84 1.64 21.52 3.7 45.408207 11.889678 1
5.95 -7.8 1.81 21.81 3.7 45.408207 11.889678 0
6.25 -7.88 2.01 22.19 3.7 45.408207 11.889678 1
5.99 -7.76 2.03 22.4 3.7 45.408207 11.889678 1
5.83 -7.69 1.97 22.36 3.7 45.408207 11.889678 1
5.98 -7.79 1.9 22.31 3.7 45.408207 11.889678 1
6.05 -7.85 1.84 21.88 3.7 45.408207 11.889678 1
6.12 -7.9 2.01 21.81 3.7 45.408207 11.889678 1
6.11 -7.9 2.28 22.07 3.7 45.408207 11.889678 1
5.64 -7.67 2.18 22.17 3.7 45.408207 11.889678 1
5.47 -7.65 1.96 22.04 3.7 45.408207 11.889678 1
6.09 -8.07 2.22 21.99 3.7 45.408207 11.889678 1
6.16 -8.13 2.38 22.07 3.7 45.408207 11.889678 1
5.27 -7.67 1.92 22.17 3.7 45.408207 11.889678 1
5.26 -7.36 1.85 22.09 3.7 45.408207 11.889678 1
6.65 -7.23 2.25 22.11 3.7 45.408207 11.889678 1
8.04 -7.53 1.7 21.66 3.7 45.408207 11.889678 1
8.71 -8.48 1.05 21.78 3.05 45.408195 11.889640 0
7.71 -7.86 2.09 24.2 3.05 45.408195 11.889640 1
4.37 -4.69 2.21 24.34 3.05 45.408195 11.889640 0
2.08 -3.79 -1.68 23.26 3.05 45.408195 11.889640 1
4.31 -8.23 -5.72 21.3 3.05 45.408195 11.889640 1
7.52 -11.98 -4.44 21.3 3.05 45.408195 11.889640 1
6.9 -9.66 -0.07 21.88 3.05 45.408195 11.889640 1
4.84 -5.69 1.96 22.31 3.05 45.408195 11.889640 1
5.33 -5.56 1.56 21.97 3.05 45.408195 11.889640 1
6.73 -7.56 1.46 21.95 3.05 45.408195 11.889640 1
6.58 -8.58 1.74 21.61 3.05 45.408195 11.889640 1
5.96 -8.57 1.57 21.47 3.05 45.408195 11.889640 1
5.81 -7.89 1.45 22.26 3.05 45.408195 11.889640 1
5.56 -7.08 1.74 22.21 3.05 45.408195 11.889640 1
