5.96 -7.66 1.88 22.28 3.27 45.408324 11.890012 1
5.75 -7.52 1.73 22.33 3.27 45.408324 11.890012 1
5.87 -7.71 1.63 21.61 3.27 45.408324 11.890012 1
6.11 -7.93 1.67 21.37 2.94 45.408318 11.889972 0
6.21 -8.05 1.62 21.83 2.94 45.408318 11.889972 1
6.06 -8.07 1.57 21.92 2.94 45.408318 11.889972 0
5.74 -8.0 1.66 21.9 2.94 45.408318 11.889972 1
5.56 -7.83 1.67 22.05 2.94 45.408318 11.889972 1
5.67 -7.64 1.58 22.17 2.94 45.408318 11.889972 1
5.86 -7.67 1.66 22.36 2.94 45.408318 11.889972 1
5.94 -8.01 1.86 21.73 2.94 45.408318 11.889972 1
6.01 -8.25 1.94 21.42 2.94 45.408318 11.889972 1
6.06 -7.97 1.98 21.78 2.94 45.408318 11.889972 1
5.92 -7.52 2.0 22.28 2.94 45.408318 11.889972 1
5.77 -7.47 1.88 22.28 2.94 45.408318 11.889972 1
5.85 -7.71 1.76 22.05 2.94 45.408318 11.889972 1
5.96 -7.96 1.8 21.87 2.94 45.408318 11.889972 1
5.86 -8.18 1.81 21.88 2.94 45.408318 11.889972 1
5.76 -8.18 1.73 22.12 2.94 45.408318 11.889972 1
5.8 -7.81 1.79 22.04 2.94 45.408318 11.889972 1
5.82 -7.6 1.91 22.12 2.94 45.408318 11.889972 1
5.75 -7.87 1.82 22.19 2.39 45.408313 11.889940 0
5.71 -8.07 1.64 21.92 2.39 45.408313 11.889940 1
5.84 -7.92 1.59 21.4 2.39 45.408313 11.889940 0
6.13 -7.92 1.56 21.3 2.39 45.408313 11.889940 1
6.31 -8.05 1.54 21.83 2.39 45.408313 11.889940 1
6.09 -7.79 1.66 21.92 2.39 45.408313 11.889940 1
5.75 -7.39 1.82 22.09 2.39 45.408313 11.889940 1
5.74 -7.54 1.81 22.0 2.39 45.408313 11.889940 1
5.9 -8.08 1.71 21.97 2.39 45.408313 11.889940 1
5.89 -8.38 1.71 21.49 2.39 45.408313 11.889940 1
5.79 -8.23 1.78 22.17 2.39 45.408313 11.889940 1
5.71 -7.79 1.84 21.83 2.39 45.408313 11.889940 1
5.65 -7.42 1.86 21.73 2.39 45.408313 11.889940 1
5.83 -7.61 1.83 21.49 2.39 45.408313 11.889940 1
