6.07 -7.62 1.56 22.48 3.84 45.408262 11.889807 1
5.87 -7.46 1.7 22.12 3.84 45.408262 11.889807 1
5.9 -7.73 1.96 21.92 3.84 45.408262 11.889807 1
5.99 -7.88 2.11 22.07 3.65 45.408243 11.889765 0
5.9 -7.83 2.06 22.02 3.65 45.408243 11.889765 1
5.73 -7.97 1.88 21.93 3.65 45.408243 11.889765 0
5.71 -8.16 1.71 21.87 3.65 45.408243 11.889765 1
5.84 -8.02 1.75 21.63 3.65 45.408243 11.889765 1
5.94 -7.72 1.84 22.07 3.65 45.408243 11.889765 1
5.94 -7.64 1.68 22.52 3.65 45.408243 11.889765 1
6.02 -7.69 1.41 22.42 3.65 45.408243 11.889765 1
6.2 -7.72 1.43 21.87 3.65 45.408243 11.889765 1
6.22 -7.85 1.71 21.93 3.65 45.408243 11.889765 1
5.92 -8.01 1.86 22.12 3.65 45.408243 11.889765 1
5.65 -7.88 1.82 22.19 3.65 45.408243 11.889765 1
5.66 -7.69 1.75 22.09 3.65 45.408243 11.889765 1
5.77 -7.88 1.74 22.05 3.65 45.408243 11.889765 1
5.77 -8.15 1.86 22.64 3.65 45.408243 11.889765 1
5.76 -7.97 2.05 22.17 3.65 45.408243 11.889765 1
5.9 -7.72 2.0 21.57 3.65 45.408243 11.889765 1
6.1 -7.87 1.75 21.8 3.65 45.408243 11.889765 1
6.16 -7.97 1.69 22.29 3.57 45.408226 11.889722 0
6.04 -7.68 1.88 22.42 3.57 45.408226 11.889722 1
5.9 -7.59 1.9 21.51 3.57 45.408226 11.889722 0
5.86 -7.89 1.74 22.36 3.57 45.408226 11.889722 1
5.89 -7.99 1.72 22.02 3.57 45.408226 11.889722 1
5.91 -7.76 1.86 22.12 3.57 45.408226 11.889722 1
5.87 -7.69 1.9 22.02 3.57 45.408226 11.889722 1
5.79 -7.89 1.78 22.02 3.57 45.408226 11.889722 1
5.78 -8.04 1.65 21.63 3.57 45.408226 11.889722 1
5.83 -7.97 1.61 21.68 3.57 45.408226 11.889722 1
5.9 -7.72 1.63 22.07 3.57 45.408226 11.889722 1
6.01 -7.57 1.65 22.04 3.57 45.408226 11.889722 1
6.11 -7.74 1.68 22.0 3.57 45.408226 11.889722 1
5.97 -7.93 1.75 22.02 3.57 45.408226 11.889722 1
