5.8 -8.06 1.81 22.11 3.33 45.408183 11.889552 1
5.66 -8.2 2.08 21.54 3.33 45.408183 11.889552 1
5.37 -8.32 2.44 21.63 3.33 45.408183 11.889552 1
5.38 -8.35 2.43 21.45 3.01 45.408173 11.889508 0
5.67 -8.21 2.14 21.45 3.01 45.408173 11.889508 1
5.74 -8.15 2.07 21.44 3.01 45.408173 11.889508 1
5.6 -8.23 2.2 21.45 3.01 45.408173 11.889508 1
5.62 -8.24 2.19 21.46 3.01 45.408173 11.889508 1
5.71 -8.19 2.11 21.46 3.01 45.408173 11.889508 1
5.67 -8.2 2.16 21.44 3.01 45.408173 11.889508 1
5.63 -8.23 2.19 21.44 3.01 45.408173 11.889508 1
5.68 -8.2 2.15 21.46 3.01 45.408173 11.889508 1
5.67 -8.2 2.15 21.44 3.01 45.408173 11.889508 1
5.63 -8.22 2.18 21.44 3.01 45.408173 11.889508 1
5.66 -8.21 2.16 21.44 3.01 45.408173 11.889508 1
5.68 -8.2 2.14 21.45 3.01 45.408173 11.889508 1
5.66 -8.22 2.17 21.46 3.01 45.408173 11.889508 1
5.65 -8.22 2.17 21.45 3.01 45.408173 11.889508 1
5.67 -8.2 2.15 21.44 3.01 45.408173 11.889508 1
5.66 -8.21 2.15 21.45 3.01 45.408173 11.889508 1
5.65 -8.22 2.16 21.46 3.01 45.408173 11.889508 1
5.67 -8.22 2.16 21.45 3.01 45.408173 11.889508 1
5.66 -8.22 2.16 21.46 3.01 45.408173 11.889508 1
5.65 -8.21 2.17 21.45 3.01 45.408173 11.889508 1
5.66 -8.2 2.16 21.45 3.01 45.408173 11.889508 1
5.66 -8.21 2.16 21.44 3.01 45.408173 11.889508 1
5.66 -8.22 2.16 21.46 3.01 45.408173 11.889508 1
5.65 -8.21 2.16 21.45 3.01 45.408173 11.889508 1
5.66 -8.2 2.15 21.45 3.01 45.408173 11.889508 1
5.65 -8.21 2.16 21.46 3.01 45.408173 11.889508 1
5.66 -8.21 2.17 21.44 3.01 45.408173 11.889508 1
5.66 -8.2 2.17 21.44 3.01 45.408173 11.889508 1
5.66 -8.21 2.16 21.46 3.01 45.408173 11.889508 1
5.65 -8.21 2.16 21.46 3.01 45.408173 11.889508 1
5.66 -8.21 2.16 21.45 3.01 45.408173 11.889508 1
