5.71 -8.18 1.7 22.36 2.43 45.408032 11.888503 1 0
5.84 -7.67 1.6 22.35 2.43 45.408032 11.888503 1 0
5.94 -8.09 1.8 22.0 2.43 45.408032 11.888503 1 0
6.02 -7.63 1.93 22.12 2.43 45.408032 11.888503 1 0
5.99 -7.77 1.91 22.47 2.43 45.408032 11.888503 1 0
6.08 -7.86 1.72 21.99 2.43 45.408032 11.888503 1 0
5.88 -7.62 1.86 22.0 2.43 45.408032 11.888503 1 0
5.93 -7.79 1.58 22.07 2.43 45.408032 11.888503 1 0
6.14 -7.88 1.76 22.12 2.43 45.408032 11.888503 1 0
5.69 -7.6 1.65 22.52 2.43 45.408032 11.888503 1 0
6.14 -8.08 1.98 22.38 2.43 45.408032 11.888503 1 0
5.9 -7.81 1.68 21.85 2.43 45.408032 11.888503 1 0
5.74 -7.93 1.47 21.75 2.74 45.408025 11.888470 0 0
5.8 -8.01 1.78 21.71 2.74 45.408025 11.888470 1 0
5.92 -7.72 1.7 21.85 2.74 45.408025 11.888470 0 0
5.87 -7.67 1.86 22.31 2.74 45.408025 11.888470 1 0
5.99 -7.44 1.86 21.87 2.74 45.408025 11.888470 1 0
6.06 -7.62 1.87 21.81 2.74 45.408025 11.888470 1 0
6.26 -8.09 1.83 22.33 2.74 45.408025 11.888470 1 0
6.17 -7.89 1.62 21.97 2.74 45.408025 11.888470 1 0
6.24 -7.63 1.92 22.55 2.74 45.408025 11.888470 1 0
5.83 -7.66 1.99 22.59 2.74 45.408025 11.888470 1 0
6.06 -7.91 2.03 22.62 2.74 45.408025 11.888470 1 0
5.29 -7.68 1.69 22.88 2.74 45.408025 11.888470 1 0
5.96 -8.19 2.06 22.9 2.74 45.408025 11.888470 1 0
5.88 -8.21 1.71 22.29 2.74 45.408025 11.888470 1 0
5.85 -7.48 1.86 22.36 2.74 45.408025 11.888470 1 0
5.86 -8.3 1.9 22.88 2.74 45.408025 11.888470 1 0
5.82 -7.45 1.75 21.85 2.74 45.408025 11.888470 1 0
6.06 -7.51 1.67 22.76 3.15 45.408015 11.888431 0 0
6.15 -7.8 1.79 21.8 3.15 45.408015 11.888431 1 0
6.13 -7.64 1.83 21.92 3.15 45.408015 11.888431 0 0
6.16 -7.65 1.69 22.29 3.15 45.408015 11.888431 1 0
5.89 -7.62 1.71 22.66 3.15 45.408015 11.888431 1 0
6.17 -7.92 1.67 22.31 3.15 45.408015 11.888431 1 0
