6.17 -7.77 2.47 21.85 1.93 45.408022 11.888610 0 0
5.64 -7.75 1.98 21.92 1.93 45.408022 11.888610 1 0
5.87 -7.79 1.94 21.95 1.93 45.408022 11.888610 1 0
5.64 -8.17 1.67 22.52 1.93 45.408022 11.888610 1 0
5.83 -7.83 1.44 22.23 1.93 45.408022 11.888610 1 0
5.77 -7.93 1.67 22.28 1.93 45.408022 11.888610 1 0
6.12 -7.56 1.77 22.33 1.93 45.408022 11.888610 1 0
5.87 -7.73 1.81 22.17 1.93 45.408022 11.888610 1 0
5.95 -8.05 1.9 22.14 1.93 45.408022 11.888610 1 0
6.23 -7.71 1.76 22.09 1.93 45.408022 11.888610 1 0
6.46 -7.56 1.84 21.95 1.93 45.408022 11.888610 1 0
6.44 -7.22 1.65 21.69 1.93 45.408022 11.888610 1 0
6.13 -7.67 1.81 21.64 1.93 45.408022 11.888610 0 0
6.06 -7.86 1.41 21.76 1.93 45.408022 11.888610 1 0
6.08 -7.86 1.62 21.8 1.93 45.408022 11.888610 0 0
5.9 -7.56 1.71 21.8 1.93 45.408022 11.888610 1 0
5.52 -7.88 1.35 21.85 1.93 45.408022 11.888610 1 0
5.26 -8.4 1.67 22.36 1.93 45.408022 11.888610 1 0
5.78 -8.05 1.7 21.9 1.93 45.408022 11.888610 1 0
6.18 -7.73 1.98 21.92 1.93 45.408022 11.888610 1 0
6.19 -7.71 1.79 22.12 1.93 45.408022 11.888610 1 0
6.04 -7.48 1.86 22.23 1.93 45.408022 11.888610 1 0
6.09 -7.6 2.07 22.57 1.93 45.408022 11.888610 1 0
6.31 -7.4 1.75 21.99 1.93 45.408022 11.888610 1 0
6.4 -7.94 1.85 22.09 1.93 45.408022 11.888610 1 0
6.0 -7.73 1.93 22.16 1.93 45.408022 11.888610 1 0
6.06 -7.41 2.21 22.23 1.93 45.408022 11.888610 1 0
6.2 -7.61 2.16 21.61 1.93 45.408022 11.888610 1 0
6.26 -7.95 2.18 21.78 1.93 45.408022 11.888610 1 0
6.29 -7.82 2.13 21.68 2.62 45.408019 11.888593 0 0
5.6 -8.24 1.91 21.8 2.62 45.408019 11.888593 1 0
5.61 -7.56 1.85 21.54 2.62 45.408019 11.888593 0 0
5.89 -7.51 1.86 21.97 2.62 45.408019 11.888593 1 0
5.8 -7.57 2.25 21.87 2.62 45.408019 11.888593 1 0
5.97 -7.64 2.08 21.71 2.62 45.408019 11.888593 1 0
