6.1 -8.23 1.67 21.57 0.38 45.405681 11.882980 1
6.11 -8.54 1.74 21.35 0.38 45.405681 11.882980 0
6.61 -8.25 1.57 21.88 0.38 45.405681 11.882980 0
6.12 -7.55 2.05 21.45 0.38 45.405681 11.882980 0
5.92 -6.81 1.86 21.57 0.38 45.405681 11.882980 0
6.01 -7.76 1.45 21.99 0.38 45.405681 11.882980 0
5.78 -9.17 1.59 21.28 0.38 45.405681 11.882980 0
5.75 -8.07 1.71 22.81 0.38 45.405681 11.882980 0
6.0 -7.24 1.56 22.09 0.38 45.405681 11.882980 0
5.79 -7.24 1.82 22.35 0.38 45.405681 11.882980 0
5.74 -8.18 1.77 22.52 0.38 45.405681 11.882980 0
5.92 -8.64 1.45 22.36 0.38 45.405681 11.882980 0
6.29 -7.13 1.87 23.02 0.38 45.405681 11.882980 0
6.17 -7.14 2.04 22.47 0.38 45.405681 11.882980 0
6.13 -7.77 1.65 22.19 0.38 45.405681 11.882980 0
6.41 -8.57 1.94 22.11 0.38 45.405681 11.882980 0
6.06 -8.23 2.05 22.45 1.28 45.405672 11.882962 1
5.91 -6.64 1.65 22.29 1.28 45.405672 11.882962 0
6.25 -7.1 2.14 21.73 1.28 45.405672 11.882962 1
5.44 -7.53 2.03 20.46 1.28 45.405672 11.882962 0
6.6 -8.25 1.98 22.0 1.28 45.405672 11.882962 0
6.26 -7.35 1.85 22.47 1.28 45.405672 11.882962 0
6.31 -6.52 1.58 22.19 1.28 45.405672 11.882962 0
6.08 -7.78 2.04 23.19 1.28 45.405672 11.882962 0
5.91 -7.42 1.89 23.68 1.28 45.405672 11.882962 0
5.57 -6.6 2.19 24.61 1.28 45.405672 11.882962 0
5.25 -6.75 1.8 22.96 1.28 45.405672 11.882962 0
6.83 -9.03 1.7 21.69 1.28 45.405672 11.882962 0
7.14 -10.95 0.98 21.18 1.28 45.405672 11.882962 0
5.8 -8.12 0.38 21.85 1.28 45.405672 11.882962 0
6.05 -8.04 1.35 21.54 1.28 45.405672 11.882962 0
6.2 -7.17 2.01 22.16 1.28 45.405672 11.882962 0
7.64 -7.6 1.64 23.2 1.28 45.405672 11.882962 0
6.34 -8.63 4.1 50.66 2.28 45.405663 11.882947 1
4.13 -7.84 3.38 21.88 2.28 45.405663 11.882947 0
