4.14 -7.11 1.77 23.53 2.28 45.405663 11.882947 1
5.87 -6.73 1.72 21.68 2.28 45.405663 11.882947 0
7.02 -6.01 2.19 23.0 2.28 45.405663 11.882947 0
7.89 -6.36 2.83 41.35 2.28 45.405663 11.882947 0
6.25 -6.84 0.68 22.9 2.28 45.405663 11.882947 0
5.11 -7.95 1.8 21.64 2.28 45.405663 11.882947 0
6.09 -9.71 0.04 25.16 2.28 45.405663 11.882947 0
5.24 -7.72 4.12 22.05 2.28 45.405663 11.882947 0
6.79 -9.01 2.2 22.5 2.28 45.405663 11.882947 0
6.59 -6.98 0.92 24.4 2.28 45.405663 11.882947 0
7.46 -9.26 0.25 24.03 2.28 45.405663 11.882947 0
5.35 -6.54 1.56 23.32 2.28 45.405663 11.882947 0
5.82 -7.28 2.06 22.98 2.28 45.405663 11.882947 0
5.98 -7.5 1.49 22.26 2.28 45.405663 11.882947 0
6.09 -8.3 1.8 23.51 2.28 45.405663 11.882947 0
5.86 -7.62 2.67 21.83 1.37 45.405652 11.882948 1
6.54 -7.14 2.01 22.84 1.37 45.405652 11.882948 0
6.2 -7.7 2.31 21.75 1.37 45.405652 11.882948 1
5.69 -7.87 2.33 22.19 1.37 45.405652 11.882948 0
5.98 -6.86 2.38 21.51 1.37 45.405652 11.882948 0
5.98 -7.96 1.94 22.09 1.37 45.405652 11.882948 0
6.07 -8.71 1.5 21.97 1.37 45.405652 11.882948 0
5.41 -6.85 1.63 22.55 1.37 45.405652 11.882948 0
5.78 -7.35 1.49 21.4 1.37 45.405652 11.882948 0
5.7 -9.07 2.18 21.64 1.37 45.405652 11.882948 0
6.21 -8.65 0.87 21.18 1.37 45.405652 11.882948 0
5.66 -7.79 2.21 21.64 1.37 45.405652 11.882948 0
5.96 -7.8 1.58 22.16 1.37 45.405652 11.882948 0
5.77 -7.86 1.55 23.29 1.37 45.405652 11.882948 0
6.18 -6.49 1.36 22.12 1.37 45.405652 11.882948 0
6.15 -7.62 1.77 21.39 1.37 45.405652 11.882948 0
5.96 -7.72 1.97 21.85 1.37 45.405652 11.882948 0
6.23 -9.27 2.05 25.6 1.37 45.405652 11.882948 0
5.82 -6.86 2.38 21.69 0.79 45.405650 11.882939 1
5.82 -7.79 2.04 21.75 0.79 45.405650 11.882939 0
