5.52 -8.07 1.69 22.02 2.36 45.406327 11.894237 1 0
5.61 -7.69 1.8 22.29 2.36 45.406327 11.894237 1 0
5.66 -7.99 1.78 21.88 2.36 45.406327 11.894237 1 0
6.24 -8.02 1.54 21.37 2.36 45.406327 11.894237 1 0
5.72 -7.5 2.14 22.93 2.36 45.406327 11.894237 1 0
5.24 -7.86 1.56 22.04 2.36 45.406327 11.894237 1 0
5.44 -8.0 1.48 21.78 2.36 45.406327 11.894237 1 0
7.06 -7.98 1.8 21.93 2.36 45.406327 11.894237 1 0
5.32 -7.61 1.41 22.02 2.36 45.406327 11.894237 1 0
5.86 -7.57 2.22 23.14 2.36 45.406327 11.894237 1 0
6.14 -7.54 1.83 22.5 2.36 45.406327 11.894237 1 0
5.21 -7.0 1.91 24.58 2.36 45.406327 11.894237 1 0
5.72 -8.43 1.18 21.83 2.36 45.406327 11.894237 1 0
5.68 -7.75 1.92 21.69 2.17 45.406324 11.894267 0 0
6.2 -9.7 1.64 21.63 2.17 45.406324 11.894267 1 0
5.53 -7.9 1.73 21.37 2.17 45.406324 11.894267 0 0
5.74 -7.79 1.76 21.95 2.17 45.406324 11.894267 1 0
5.75 -7.31 1.77 22.69 2.17 45.406324 11.894267 1 0
5.64 -7.65 1.77 21.76 2.17 45.406324 11.894267 1 0
6.2 -7.79 1.54 22.04 2.17 45.406324 11.894267 1 0
6.14 -7.71 1.72 21.88 2.17 45.406324 11.894267 1 0
5.74 -8.64 1.32 21.57 2.17 45.406324 11.894267 1 0
5.6 -8.16 1.82 21.73 2.17 45.406324 11.894267 1 0
5.33 -7.57 2.28 22.09 2.17 45.406324 11.894267 1 0
5.95 -7.73 2.01 21.51 2.17 45.406324 11.894267 1 0
5.87 -8.43 1.63 21.44 2.17 45.406324 11.894267 1 0
6.14 -7.61 1.63 21.63 2.17 45.406324 11.894267 1 0
5.66 -8.37 1.67 22.57 2.17 45.406324 11.894267 1 0
5.96 -8.01 1.45 22.72 2.17 45.406324 11.894267 1 0
5.53 -7.97 1.41 21.93 2.17 45.406324 11.894267 1 0
6.03 -7.77 1.7 21.54 2.17 45.406324 11.894267 1 0
5.53 -8.34 2.02 22.19 2.18 45.406325 11.894298 0 0
6.0 -8.1 1.65 22.0 2.18 45.406325 11.894298 1 0
6.05 -8.23 2.01 22.33 2.18 45.406325 11.894298 0 0
5.62 -7.54 1.73 22.04 2.18 45.406325 11.894298 1 0
