5.54 -7.42 1.49 21.75 2.18 45.406325 11.894298 1 1
6.73 -7.42 1.65 21.03 2.18 45.406325 11.894298 1 1
3.94 -6.84 1.34 20.82 2.18 45.406325 11.894298 1 1
6.56 -7.69 2.04 21.15 2.18 45.406325 11.894298 1 1
7.37 -11.06 1.69 23.38 2.18 45.406325 11.894298 1 1
3.75 -8.74 1.58 24.9 2.18 45.406325 11.894298 1 1
4.15 -5.86 1.17 25.36 2.18 45.406325 11.894298 1 1
4.52 -2.6 1.07 22.83 2.18 45.406325 11.894298 1 1
6.25 -9.63 -0.11 22.35 2.18 45.406325 11.894298 1 1
6.45 -15.42 0.47 20.87 2.18 45.406325 11.894298 1 1
6.94 -8.89 1.68 21.69 2.18 45.406325 11.894298 1 1
5.78 -6.24 0.97 22.45 2.18 45.406325 11.894298 1 1
6.82 -4.66 2.11 22.47 2.18 45.406325 11.894298 1 1
5.94 -4.72 2.03 21.3 1.75 45.406323 11.894324 0 1
5.7 -7.42 2.48 20.41 1.75 45.406323 11.894324 1 1
6.62 -10.47 2.04 20.31 1.75 45.406323 11.894324 0 1
4.08 -9.63 1.28 23.29 1.75 45.406323 11.894324 1 1
4.82 -6.33 0.58 24.75 1.75 45.406323 11.894324 1 1
5.55 -3.13 1.98 24.82 1.75 45.406323 11.894324 1 1
8.06 -6.1 1.68 23.31 1.75 45.406323 11.894324 1 1
5.91 -9.9 2.11 23.15 1.75 45.406323 11.894324 1 1
5.72 -12.35 1.16 23.07 1.75 45.406323 11.894324 1 1
3.99 -8.71 1.41 21.75 1.75 45.406323 11.894324 1 1
5.57 -6.9 1.99 20.53 1.75 45.406323 11.894324 1 1
11.64 -8.87 3.11 21.64 1.75 45.406323 11.894324 1 1
7.07 -6.97 2.13 21.66 1.75 45.406323 11.894324 1 1
4.52 -8.81 2.1 22.76 1.75 45.406323 11.894324 1 1
3.39 -7.66 1.32 23.26 1.75 45.406323 11.894324 1 1
4.9 -6.69 1.98 22.52 1.75 45.406323 11.894324 1 1
6.02 -8.85 1.47 22.48 1.75 45.406323 11.894324 1 1
6.07 -9.28 1.48 22.52 1.75 45.406323 11.894324 1 1
4.86 -8.68 1.51 22.64 1.41 45.406323 11.894344 0 1
4.71 -6.96 1.42 22.6 1.41 45.406323 11.894344 1 1
6.67 -8.85 1.92 21.44 1.41 45.406323 11.894344 0 1
7.15 -6.26 1.83 21.08 1.41 45.406323 11.894344 1 1
