5.49 -10.45 4.83 22.38 3.05 45.408265 11.889699 1
3.73 -6.57 2.14 21.63 3.05 45.408265 11.889699 1
6.38 -7.28 1.8 21.68 3.05 45.408265 11.889699 0
6.41 -7.24 1.88 21.71 3.05 45.408265 11.889699 1
6.12 -7.17 1.64 21.87 3.05 45.408265 11.889699 1
5.38 -7.63 1.91 21.95 3.05 45.408265 11.889699 1
5.91 -7.75 1.78 21.78 3.05 45.408265 11.889699 1
5.93 -7.81 1.75 21.73 3.05 45.408265 11.889699 1
5.81 -8.03 2.35 21.59 3.05 45.408265 11.889699 1
5.48 -8.09 1.72 22.14 3.05 45.408265 11.889699 1
5.54 -8.17 1.88 22.24 3.05 45.408265 11.889699 1
5.64 -7.72 1.97 23.14 3.05 45.408265 11.889699 1
5.54 -7.87 2.34 22.59 3.05 45.408265 11.889699 1
6.42 -7.63 1.99 22.05 3.05 45.408265 11.889699 1
5.73 -7.7 1.72 21.95 3.05 45.408265 11.889699 1
5.99 -7.92 1.79 22.09 3.05 45.408265 11.889699 1
5.86 -8.06 1.51 21.92 3.05 45.408265 11.889699 1
5.69 -7.42 1.76 21.97 3.28 45.408258 11.889651 0
6.07 -8.56 1.41 21.87 3.28 45.408258 11.889651 1
5.93 -7.64 1.65 22.84 3.28 45.408258 11.889651 0
5.64 -7.84 1.57 21.73 3.28 45.408258 11.889651 1
5.79 -7.81 1.54 21.97 3.28 45.408258 11.889651 1
5.48 -7.78 1.92 21.81 3.28 45.408258 11.889651 1
5.94 -8.51 1.73 22.38 3.28 45.408258 11.889651 1
5.78 -7.75 1.78 21.99 3.28 45.408258 11.889651 1
5.86 -7.59 1.53 22.45 3.28 45.408258 11.889651 1
5.69 -7.9 1.54 21.54 3.28 45.408258 11.889651 1
6.05 -8.12 1.68 21.63 3.28 45.408258 11.889651 1
6.01 -8.04 1.94 22.02 3.28 45.408258 11.889651 1
5.66 -7.59 1.71 22.24 3.28 45.408258 11.889651 1
5.74 -7.74 1.86 21.92 3.28 45.408258 11.889651 1
5.93 -7.55 1.93 22.23 3.28 45.408258 11.889651 1
5.88 -8.23 1.82 22.07 3.28 45.408258 11.889651 1
5.8 -8.36 1.67 21.61 3.28 45.408258 11.889651 1
5.57 -8.15 1.79 22.04 2.51 45.408249 11.889606 0
