5.72 -8.23 1.75 22.09 3.26 45.408319 11.889848 1
5.86 -7.68 1.82 21.71 3.26 45.408319 11.889848 0
5.9 -7.51 1.78 22.04 3.26 45.408319 11.889848 1
5.91 -7.96 1.65 21.35 3.26 45.408319 11.889848 1
6.47 -7.98 1.78 21.73 3.26 45.408319 11.889848 1
5.8 -7.97 1.5 21.85 3.26 45.408319 11.889848 1
5.89 -7.72 1.72 21.95 3.26 45.408319 11.889848 1
6.04 -7.81 1.64 22.4 3.26 45.408319 11.889848 1
6.03 -7.45 1.71 22.17 3.26 45.408319 11.889848 1
5.88 -8.15 1.84 22.23 3.26 45.408319 11.889848 1
5.56 -7.9 1.69 22.24 3.26 45.408319 11.889848 1
5.81 -8.02 1.64 22.11 3.26 45.408319 11.889848 1
5.74 -8.14 1.3 22.52 3.26 45.408319 11.889848 1
6.24 -8.16 1.47 22.93 3.26 45.408319 11.889848 1
5.88 -8.02 1.81 22.09 3.26 45.408319 11.889848 1
5.82 -7.7 1.71 22.26 3.26 45.408319 11.889848 1
5.74 -7.77 1.98 22.09 3.26 45.408319 11.889848 1
5.97 -7.76 2.04 22.42 2.59 45.408309 11.889814 0
6.21 -8.03 2.11 22.29 2.59 45.408309 11.889814 1
5.84 -8.01 1.96 21.88 2.59 45.408309 11.889814 0
5.51 -8.13 1.92 22.05 2.59 45.408309 11.889814 1
5.64 -7.75 1.94 22.05 2.59 45.408309 11.889814 1
5.8 -7.73 1.9 21.93 2.59 45.408309 11.889814 1
5.88 -8.5 2.41 21.69 2.59 45.408309 11.889814 1
5.77 -7.57 2.18 22.14 2.59 45.408309 11.889814 1
5.68 -7.79 1.77 22.16 2.59 45.408309 11.889814 1
6.43 -7.76 1.46 21.59 2.59 45.408309 11.889814 1
6.28 -8.27 1.54 21.95 2.59 45.408309 11.889814 1
6.32 -7.63 1.4 22.14 2.59 45.408309 11.889814 1
5.95 -7.79 1.73 22.12 2.59 45.408309 11.889814 1
5.54 -7.55 1.81 22.05 2.59 45.408309 11.889814 1
6.17 -7.97 1.72 21.54 2.59 45.408309 11.889814 1
5.57 -8.09 1.76 22.0 2.59 45.408309 11.889814 1
5.79 -8.03 1.77 21.56 2.59 45.408309 11.889814 1
5.7 -7.87 1.68 22.05 3.0 45.408296 11.889779 0
