5.68 -7.66 1.69 21.81 2.28 45.408352 11.890018 1
6.43 -8.31 1.5 21.59 2.28 45.408352 11.890018 0
6.1 -8.05 1.98 21.54 2.28 45.408352 11.890018 1
5.72 -7.81 1.8 22.09 2.28 45.408352 11.890018 1
5.55 -7.49 2.23 22.09 2.28 45.408352 11.890018 1
5.87 -7.54 2.08 21.68 2.28 45.408352 11.890018 1
6.25 -7.63 2.1 22.21 2.28 45.408352 11.890018 1
6.38 -8.33 2.01 21.76 2.28 45.408352 11.890018 1
5.85 -8.23 1.74 21.97 2.28 45.408352 11.890018 1
5.55 -7.93 1.88 22.14 2.28 45.408352 11.890018 1
5.87 -7.73 1.89 21.8 2.28 45.408352 11.890018 1
5.31 -7.77 1.84 22.23 2.28 45.408352 11.890018 1
6.06 -8.0 1.72 22.57 2.28 45.408352 11.890018 1
5.72 -7.69 1.71 21.54 2.28 45.408352 11.890018 1
6.36 -7.91 1.95 21.49 2.28 45.408352 11.890018 1
5.77 -8.42 1.72 21.78 2.28 45.408352 11.890018 1
6.12 -7.57 1.59 21.75 2.28 45.408352 11.890018 1
5.83 -7.42 1.76 21.64 2.04 45.408349 11.889988 0
5.9 -7.43 1.69 21.69 2.04 45.408349 11.889988 1
5.9 -8.4 1.7 21.49 2.04 45.408349 11.889988 0
6.19 -7.69 1.67 21.76 2.04 45.408349 11.889988 1
5.84 -8.27 1.73 21.83 2.04 45.408349 11.889988 1
5.51 -8.12 1.3 21.99 2.04 45.408349 11.889988 1
6.13 -7.99 1.74 22.09 2.04 45.408349 11.889988 1
5.89 -7.01 1.76 22.19 2.04 45.408349 11.889988 1
5.68 -8.22 2.08 22.35 2.04 45.408349 11.889988 1
5.99 -7.66 1.91 21.75 2.04 45.408349 11.889988 1
5.57 -7.59 1.87 21.9 2.04 45.408349 11.889988 1
6.27 -8.36 1.72 21.76 2.04 45.408349 11.889988 1
6.26 -7.94 2.09 21.54 2.04 45.408349 11.889988 1
5.86 -7.49 1.7 22.19 2.04 45.408349 11.889988 1
5.87 -7.55 1.68 21.9 2.04 45.408349 11.889988 1
5.57 -7.56 1.93 22.12 2.04 45.408349 11.889988 1
6.06 -7.97 2.38 21.83 2.04 45.408349 11.889988 1
5.88 -8.22 1.88 21.9 1.7 45.408350 11.889965 0
