5.85 -7.97 1.66 22.96 2.87 45.406375 11.895267 1 0
5.99 -7.95 1.66 21.69 2.87 45.406375 11.895267 1 0
5.94 -7.77 1.72 23.02 2.87 45.406375 11.895267 1 0
5.71 -7.83 1.8 22.57 2.87 45.406375 11.895267 1 0
5.63 -8.02 1.81 21.57 2.87 45.406375 11.895267 1 0
5.77 -8.02 1.72 22.36 2.87 45.406375 11.895267 1 0
5.85 -7.92 1.63 22.47 2.87 45.406375 11.895267 1 0
5.75 -7.87 1.63 23.1 2.87 45.406375 11.895267 1 0
5.65 -7.75 1.72 22.4 2.87 45.406375 11.895267 1 0
5.64 -7.68 1.8 21.9 3.07 45.406374 11.895305 0 0
5.72 -7.86 1.83 21.8 3.07 45.406374 11.895305 1 0
5.82 -8.05 1.82 22.11 3.07 45.406374 11.895305 0 0
5.86 -7.98 1.81 21.78 3.07 45.406374 11.895305 1 0
5.8 -7.82 1.83 21.83 3.07 45.406374 11.895305 1 0
5.74 -7.77 1.88 22.69 3.07 45.406374 11.895305 1 0
5.74 -7.73 1.93 22.36 3.07 45.406374 11.895305 1 0
5.74 -7.75 1.92 22.02 3.07 45.406374 11.895305 1 0
5.74 -7.92 1.86 22.07 3.07 45.406374 11.895305 1 0
5.82 -8.07 1.85 22.47 3.07 45.406374 11.895305 1 0
5.82 -7.96 1.87 22.86 3.07 45.406374 11.895305 1 0
5.67 -7.72 1.81 22.11 3.07 45.406374 11.895305 1 0
5.66 -7.68 1.63 22.48 3.07 45.406374 11.895305 1 0
5.95 -7.8 1.53 21.61 3.07 45.406374 11.895305 1 0
6.17 -7.89 1.62 22.0 3.07 45.406374 11.895305 1 0
6.01 -7.96 1.75 22.11 3.07 45.406374 11.895305 1 0
5.74 -8.1 1.73 22.17 3.07 45.406374 11.895305 1 0
5.72 -8.13 1.63 23.2 2.92 45.406376 11.895344 0 0
5.89 -7.93 1.64 23.1 2.92 45.406376 11.895344 1 0
5.96 -7.84 1.79 22.16 2.92 45.406376 11.895344 0 0
5.91 -8.05 1.92 22.52 2.92 45.406376 11.895344 1 0
5.89 -8.17 1.91 23.2 2.92 45.406376 11.895344 1 0
5.92 -8.07 1.75 23.27 2.92 45.406376 11.895344 1 0
5.86 -8.14 1.52 23.07 2.92 45.406376 11.895344 1 0
5.72 -8.36 1.37 22.55 2.92 45.406376 11.895344 1 0
5.67 -8.3 1.4 22.21 2.92 45.406376 11.895344 1 0
