6.03 -8.04 1.84 22.91 2.08 45.406323 11.894021 1 0
5.94 -7.81 1.64 22.54 2.08 45.406323 11.894021 1 0
5.92 -7.67 1.54 21.75 2.08 45.406323 11.894021 1 0
5.96 -7.73 1.81 21.99 2.08 45.406323 11.894021 1 0
6.04 -7.93 2.12 22.14 2.08 45.406323 11.894021 1 0
5.89 -8.04 2.01 22.09 2.08 45.406323 11.894021 1 0
5.54 -7.9 1.64 26.15 2.08 45.406323 11.894021 1 0
5.46 -7.71 1.62 22.55 2.08 45.406323 11.894021 1 0
5.77 -7.8 1.98 22.91 2.08 45.406323 11.894021 1 0
5.99 -7.99 2.11 22.42 2.08 45.406323 11.894021 1 0
5.92 -7.92 1.96 22.83 2.08 45.406323 11.894021 1 0
5.91 -7.75 1.95 22.93 2.08 45.406323 11.894021 1 0
6.01 -7.74 1.94 22.45 2.08 45.406323 11.894021 1 0
5.93 -7.7 1.58 23.31 2.35 45.406336 11.894039 0 0
5.77 -7.56 1.3 22.76 2.35 45.406336 11.894039 1 0
5.84 -7.67 1.56 23.08 2.35 45.406336 11.894039 1 0
5.97 -7.97 1.91 21.81 2.35 45.406336 11.894039 0 0
5.82 -7.86 1.84 22.79 2.35 45.406336 11.894039 1 0
5.53 -7.44 1.68 21.95 2.35 45.406336 11.894039 1 0
5.53 -7.45 1.71 21.95 2.35 45.406336 11.894039 1 0
5.83 -7.87 1.66 21.95 2.35 45.406336 11.894039 1 0
6.07 -7.97 1.56 22.42 2.35 45.406336 11.894039 1 0
5.99 -7.7 1.75 22.6 2.35 45.406336 11.894039 1 0
5.79 -7.61 2.05 24.64 2.35 45.406336 11.894039 1 0
5.86 -7.78 1.97 22.88 2.35 45.406336 11.894039 1 0
6.12 -7.8 1.7 26.93 2.35 45.406336 11.894039 1 0
6.11 -7.7 1.73 23.07 2.35 45.406336 11.894039 1 0
5.83 -7.76 1.89 23.0 2.35 45.406336 11.894039 1 0
5.73 -7.97 1.85 22.48 2.35 45.406336 11.894039 1 0
5.81 -8.08 1.8 21.99 2.35 45.406336 11.894039 1 0
5.74 -8.03 1.92 22.71 2.35 45.406336 11.894039 1 0
5.64 -7.97 1.96 22.9 2.27 45.406346 11.894061 0 0
5.74 -7.98 1.83 22.43 2.27 45.406346 11.894061 1 0
5.9 -7.98 1.74 21.95 2.27 45.406346 11.894061 0 0
5.98 -7.93 1.73 22.38 2.27 45.406346 11.894061 1 0
