5.95 -7.76 1.63 22.04 2.04 45.407777 11.899377 1 0
6.08 -7.75 1.56 21.8 2.04 45.407777 11.899377 1 0
6.15 -7.75 1.71 21.75 2.04 45.407777 11.899377 1 0
6.11 -7.67 1.81 21.85 2.04 45.407777 11.899377 1 0
6.04 -7.6 1.62 22.0 2.04 45.407777 11.899377 1 0
5.87 -7.71 1.46 22.02 2.04 45.407777 11.899377 1 0
5.65 -7.94 1.61 22.36 2.04 45.407777 11.899377 1 0
5.69 -8.06 1.8 22.29 2.04 45.407777 11.899377 1 0
5.97 -8.0 1.77 22.23 2.04 45.407777 11.899377 1 0
6.08 -7.87 1.76 22.31 2.04 45.407777 11.899377 1 0
5.97 -7.74 1.92 21.97 2.04 45.407777 11.899377 1 0
5.93 -7.63 2.0 22.04 2.04 45.407777 11.899377 1 0
6.04 -7.59 1.92 21.95 2.04 45.407777 11.899377 1 0
6.15 -7.73 1.85 21.8 2.04 45.407777 11.899377 1 0
6.19 -7.94 1.83 21.66 1.0 45.407778 11.899398 0 0
6.15 -7.98 1.9 22.52 1.0 45.407778 11.899398 0 0
6.05 -7.76 2.18 22.17 1.0 45.407778 11.899398 1 0
6.0 -7.59 2.43 21.66 1.0 45.407778 11.899398 1 0
5.99 -7.7 2.27 22.17 1.0 45.407778 11.899398 1 0
5.83 -7.93 1.87 22.07 1.0 45.407778 11.899398 1 0
5.64 -8.0 1.77 22.14 1.0 45.407778 11.899398 1 0
5.65 -7.91 1.89 21.92 1.0 45.407778 11.899398 1 0
5.75 -7.84 1.81 22.05 1.0 45.407778 11.899398 1 0
5.84 -7.78 1.62 21.97 1.0 45.407778 11.899398 1 0
6.01 -7.65 1.67 21.95 1.0 45.407778 11.899398 1 0
6.24 -7.71 1.85 22.78 1.0 45.407778 11.899398 1 0
6.31 -7.95 1.9 21.9 1.0 45.407778 11.899398 1 0
6.19 -7.83 1.88 21.95 1.0 45.407778 11.899398 1 0
6.07 -7.42 1.83 22.38 1.0 45.407778 11.899398 1 0
6.09 -7.52 1.69 22.42 1.0 45.407778 11.899398 1 0
6.27 -7.89 1.56 22.26 1.0 45.407778 11.899398 1 0
6.29 -7.67 1.56 22.31 2.0 45.407781 11.899423 0 0
5.87 -7.61 1.63 21.71 2.0 45.407781 11.899423 1 0
5.58 -8.48 1.68 21.56 2.0 45.407781 11.899423 0 0
6.03 -8.9 1.7 21.28 2.0 45.407781 11.899423 1 0
