6.6 -7.63 1.88 21.68 3.01 45.407806 11.899553 1 1
6.44 -7.63 1.81 21.76 3.01 45.407806 11.899553 1 1
6.02 -7.69 1.9 22.36 3.01 45.407806 11.899553 1 1
6.02 -7.67 1.66 21.45 3.01 45.407806 11.899553 1 1
6.14 -7.38 1.57 21.97 3.01 45.407806 11.899553 1 1
6.39 -8.01 1.66 21.47 3.01 45.407806 11.899553 1 1
5.96 -7.72 1.81 21.95 3.01 45.407806 11.899553 1 1
6.16 -7.78 1.8 21.95 3.01 45.407806 11.899553 1 1
5.87 -7.66 1.94 22.31 3.01 45.407806 11.899553 1 1
5.48 -7.95 1.7 22.26 3.01 45.407806 11.899553 1 1
5.99 -7.81 2.06 21.78 3.01 45.407806 11.899553 1 1
6.23 -8.0 1.54 21.85 3.01 45.407806 11.899553 1 1
6.42 -7.3 2.14 21.85 3.01 45.407806 11.899553 1 1
6.46 -7.17 2.3 21.9 3.01 45.407806 11.899553 1 1
6.72 -7.32 1.97 21.59 3.27 45.407812 11.899597 0 1
6.12 -7.55 2.0 22.0 3.27 45.407812 11.899597 1 1
6.14 -7.57 2.04 21.81 3.27 45.407812 11.899597 0 1
6.12 -7.58 2.33 21.95 3.27 45.407812 11.899597 1 1
6.17 -7.8 2.31 22.19 3.27 45.407812 11.899597 1 1
5.72 -7.96 1.92 22.36 3.27 45.407812 11.899597 1 1
5.68 -7.8 1.32 21.39 3.27 45.407812 11.899597 1 1
5.78 -8.05 1.88 21.8 3.27 45.407812 11.899597 1 1
5.96 -8.04 1.99 21.97 3.27 45.407812 11.899597 1 1
6.19 -7.59 1.99 21.61 3.27 45.407812 11.899597 1 1
6.3 -7.39 1.86 22.12 3.27 45.407812 11.899597 1 1
6.41 -7.27 1.95 22.19 3.27 45.407812 11.899597 1 1
6.74 -7.34 1.75 22.16 3.27 45.407812 11.899597 1 1
8.38 -11.09 1.98 22.42 3.27 45.407812 11.899597 1 1
6.37 -7.17 1.45 24.04 3.27 45.407812 11.899597 1 1
5.06 -7.92 1.54 24.63 3.27 45.407812 11.899597 1 1
3.76 -6.79 1.34 21.75 3.27 45.407812 11.899597 1 1
4.27 -6.97 1.27 19.48 3.39 45.407821 11.899642 0 1
5.56 -11.1 1.52 17.03 3.39 45.407821 11.899642 1 1
4.94 -12.08 2.12 17.78 3.39 45.407821 11.899642 0 1
7.15 -6.81 2.79 20.12 3.39 45.407821 11.899642 1 1
