6.43 -7.54 2.29 22.6 1.58 45.407398 11.879634 0
5.86 -7.89 1.97 22.96 1.58 45.407398 11.879634 0
5.25 -7.93 1.35 23.56 1.58 45.407398 11.879634 0
5.81 -8.3 1.5 22.42 1.58 45.407398 11.879634 0
6.07 -7.47 1.33 21.33 1.58 45.407398 11.879634 0
7.02 -7.07 1.83 20.43 1.58 45.407398 11.879634 0
6.13 -9.7 2.65 19.96 1.58 45.407398 11.879634 0
5.14 -10.05 1.66 20.94 1.58 45.407398 11.879634 0
5.81 -7.14 1.23 21.64 1.58 45.407398 11.879634 0
5.9 -6.76 1.46 21.97 1.58 45.407398 11.879634 0
6.02 -5.85 1.33 22.07 1.58 45.407398 11.879634 0
6.45 -7.58 1.87 21.85 1.58 45.407398 11.879634 0
6.15 -8.01 2.05 22.09 1.58 45.407398 11.879634 0
5.73 -8.16 1.83 21.88 2.06 45.407392 11.879659 1
5.56 -7.92 1.48 22.0 2.06 45.407392 11.879659 0
5.48 -7.48 1.84 21.88 2.06 45.407392 11.879659 1
5.92 -7.88 1.47 21.99 2.06 45.407392 11.879659 0
5.72 -7.82 1.81 21.4 2.06 45.407392 11.879659 0
5.65 -8.34 2.21 21.33 2.06 45.407392 11.879659 0
6.09 -7.93 1.63 21.64 2.06 45.407392 11.879659 0
5.93 -7.33 2.09 22.12 2.06 45.407392 11.879659 0
5.33 -7.88 1.5 22.05 2.06 45.407392 11.879659 0
5.69 -7.01 1.87 22.55 2.06 45.407392 11.879659 0
5.51 -6.68 1.84 21.52 2.06 45.407392 11.879659 0
5.97 -7.63 1.18 21.01 2.06 45.407392 11.879659 0
6.49 -7.77 2.31 22.78 2.06 45.407392 11.879659 0
4.91 -9.9 0.84 24.03 2.06 45.407392 11.879659 0
5.07 -6.3 3.12 21.08 2.06 45.407392 11.879659 0
4.86 -7.08 3.14 24.59 2.06 45.407392 11.879659 0
6.55 -6.64 2.06 26.36 2.06 45.407392 11.879659 0
2.99 -6.49 2.77 24.4 2.06 45.407392 11.879659 0
5.46 -7.01 2.91 22.16 2.18 45.407382 11.879690 1
5.78 -10.58 0.63 23.67 2.18 45.407382 11.879690 0
8.85 -8.85 2.12 21.85 2.18 45.407382 11.879690 1
3.76 -7.86 1.33 22.57 2.18 45.407382 11.879690 0
