6.56 -7.36 2.15 21.47 0.04 45.407401 11.879581 0
6.86 -7.17 2.31 21.99 0.04 45.407401 11.879581 0
6.82 -7.0 2.56 22.0 0.04 45.407401 11.879581 0
6.75 -7.01 2.59 22.11 0.04 45.407401 11.879581 0
6.9 -7.04 2.05 22.05 0.04 45.407401 11.879581 0
6.83 -7.07 1.95 21.95 0.04 45.407401 11.879581 0
6.55 -7.13 2.18 21.85 0.04 45.407401 11.879581 0
6.66 -7.39 2.19 21.76 0.04 45.407401 11.879581 0
6.54 -7.2 2.08 21.76 0.04 45.407401 11.879581 0
6.36 -7.5 1.8 21.33 0.04 45.407401 11.879581 0
6.09 -7.94 2.04 21.69 0.04 45.407401 11.879581 0
5.94 -8.04 1.75 21.8 0.04 45.407401 11.879581 0
6.32 -7.37 1.8 21.49 0.04 45.407401 11.879581 0
6.49 -7.35 2.03 21.57 0.67 45.407403 11.879588 1
6.85 -7.11 1.85 21.68 0.67 45.407403 11.879588 0
7.01 -7.07 1.79 22.24 0.67 45.407403 11.879588 1
7.03 -6.96 1.92 21.93 0.67 45.407403 11.879588 0
6.92 -6.86 2.47 22.42 0.67 45.407403 11.879588 0
6.78 -7.01 2.52 22.04 0.67 45.407403 11.879588 0
6.91 -7.17 2.66 22.52 0.67 45.407403 11.879588 0
6.33 -7.11 2.47 22.66 0.67 45.407403 11.879588 0
6.62 -7.45 1.73 22.52 0.67 45.407403 11.879588 0
6.65 -7.34 1.89 22.4 0.67 45.407403 11.879588 0
6.87 -7.18 2.38 22.26 0.67 45.407403 11.879588 0
6.61 -7.41 1.9 21.69 0.67 45.407403 11.879588 0
6.29 -7.33 2.11 21.95 0.67 45.407403 11.879588 0
6.73 -7.39 1.92 21.69 0.67 45.407403 11.879588 0
6.37 -7.98 1.92 21.69 0.67 45.407403 11.879588 0
5.65 -8.25 1.24 21.85 0.67 45.407403 11.879588 0
5.32 -7.88 1.91 21.92 0.67 45.407403 11.879588 0
5.99 -7.99 2.62 21.4 0.67 45.407403 11.879588 0
6.44 -7.47 1.81 21.78 1.11 45.407402 11.879599 1
6.16 -7.51 1.02 21.45 1.11 45.407402 11.879599 0
6.1 -7.85 1.23 21.39 1.11 45.407402 11.879599 1
5.54 -7.88 1.86 21.83 1.11 45.407402 11.879599 0
