7.22 -6.54 2.21 22.11 0.22 45.407352 11.879564 0
7.15 -6.96 2.37 22.04 0.22 45.407352 11.879564 0
6.91 -7.28 2.11 22.09 0.22 45.407352 11.879564 0
6.55 -7.33 1.73 21.63 0.22 45.407352 11.879564 0
6.72 -7.36 1.85 21.68 0.61 45.407354 11.879570 1
6.93 -7.07 1.73 22.12 0.61 45.407354 11.879570 0
7.33 -6.81 1.59 22.02 0.61 45.407354 11.879570 1
7.06 -6.90 1.86 22.09 0.61 45.407354 11.879570 0
6.90 -6.91 2.42 21.95 0.61 45.407354 11.879570 0
6.61 -7.21 2.29 21.47 0.61 45.407354 11.879570 0
6.31 -7.32 1.97 21.69 0.61 45.407354 11.879570 0
6.45 -7.44 1.77 21.75 0.61 45.407354 11.879570 0
6.72 -7.51 2.00 22.71 0.61 45.407354 11.879570 0
7.12 -6.96 2.13 21.92 0.61 45.407354 11.879570 0
6.44 -7.51 1.83 21.64 0.61 45.407354 11.879570 0
5.65 -7.97 2.04 22.24 0.61 45.407354 11.879570 0
5.45 -7.97 1.57 21.90 0.61 45.407354 11.879570 0
6.02 -7.52 1.85 22.35 0.61 45.407354 11.879570 0
6.16 -7.40 2.18 21.88 0.61 45.407354 11.879570 0
6.50 -7.32 2.39 21.90 0.61 45.407354 11.879570 0
6.16 -7.53 1.79 22.17 0.61 45.407354 11.879570 0
5.59 -7.97 1.39 21.42 0.61 45.407354 11.879570 0
5.47 -8.19 1.82 21.88 1.52 45.407348 11.879582 1
5.81 -7.85 1.88 21.68 1.52 45.407348 11.879582 0
6.22 -7.79 1.86 21.56 1.52 45.407348 11.879582 1
6.00 -7.87 2.01 21.54 1.52 45.407348 11.879582 0
5.97 -7.83 1.52 21.63 1.52 45.407348 11.879582 0
6.23 -7.81 1.63 21.54 1.52 45.407348 11.879582 0
6.28 -7.67 1.76 21.80 1.52 45.407348 11.879582 0
6.24 -7.35 1.79 22.71 1.52 45.407348 11.879582 0
6.31 -7.21 2.07 22.40 1.52 45.407348 11.879582 0
6.20 -7.44 1.68 22.36 1.52 45.407348 11.879582 0
6.12 -7.47 1.53 22.71 1.52 45.407348 11.879582 0
6.36 -7.66 1.68 22.40 1.52 45.407348 11.879582 0
6.11 -7.92 2.06 21.80 1.52 45.407348 11.879582 0
6.10 -7.93 1.68 22.09 1.52 45.407348 11.879582 0
5.96 -7.74 2.01 21.99 1.52 45.407348 11.879582 0
5.87 -7.98 1.49 21.90 1.52 45.407348 11.879582 0
5.59 -8.07 1.59 21.49 1.52 45.407348 11.879582 0
5.91 -7.80 1.47 21.52 1.46 45.407345 11.879596 1
5.76 -7.91 2.10 21.90 1.46 45.407345 11.879596 0
5.58 -7.65 2.10 21.54 1.46 45.407345 11.879596 1
5.70 -7.88 1.61 21.88 1.46 45.407345 11.879596 0
5.92 -8.00 1.90 21.92 1.46 45.407345 11.879596 0
5.71 -7.84 2.07 21.63 1.46 45.407345 11.879596 0
5.82 -7.65 2.01 22.00 1.46 45.407345 11.879596 0
6.05 -7.64 1.52 22.09 1.46 45.407345 11.879596 0
5.88 -7.63 1.85 21.44 1.46 45.407345 11.879596 0
5.84 -7.68 1.69 21.08 1.46 45.407345 11.879596 0
5.91 -7.51 1.37 21.06 1.46 45.407345 11.879596 0
5.78 -7.70 1.31 20.19 1.46 45.407345 11.879596 0
5.96 -8.10 1.29 20.44 1.46 45.407345 11.879596 0
5.83 -7.95 1.43 19.88 1.46 45.407345 11.879596 0
5.82 -7.83 1.07 20.36 1.46 45.407345 11.879596 0
5.32 -7.06 0.78 20.48 1.46 45.407345 11.879596 0
6.06 -8.54 0.80 20.20 1.46 45.407345 11.879596 0
6.12 -8.23 1.19 21.18 1.46 45.407345 11.879596 0
6.15 -7.06 1.18 22.11 2.10 45.407341 11.879621 1
5.57 -6.85 1.57 23.20 2.10 45.407341 11.879621 0
6.13 -7.17 1.37 23.96 2.10 45.407341 11.879621 1
6.30 -7.37 2.13 23.51 2.10 45.407341 11.879621 0
6.14 -7.42 2.27 22.64 2.10 45.407341 11.879621 0
6.53 -6.51 1.77 22.26 2.10 45.407341 11.879621 0
5.38 -10.67 2.02 22.45 2.10 45.407341 11.879621 0
5.56 -8.91 1.41 21.97 2.10 45.407341 11.879621 0
6.15 -7.66 1.69 21.93 2.10 45.407341 11.879621 0
6.38 -7.42 2.42 22.04 2.10 45.407341 11.879621 0
6.08 -8.36 2.04 21.85 2.10 45.407341 11.879621 0
5.88 -8.37 1.98 21.18 2.10 45.407341 11.879621 0
5.88 -8.38 2.01 21.23 2.10 45.407341 11.879621 0
6.25 -7.77 1.68 21.20 2.10 45.407341 11.879621 0
6.13 -8.19 1.87 21.71 2.10 45.407341 11.879621 0
5.97 -7.79 2.26 21.92 2.10 45.407341 11.879621 0
5.69 -8.28 1.89 22.09 2.10 45.407341 11.879621 0
6.17 -7.77 1.73 22.50 1.09 45.407334 11.879634 1
5.56 -7.77 1.97 23.00 1.09 45.407334 11.879634 0
6.70 -8.71 1.55 22.38 1.09 45.407334 11.879634 1
5.65 -7.40 1.86 23.51 1.09 45.407334 11.879634 0
5.87 -7.70 1.98 23.20 1.09 45.407334 11.879634 0
4.89 -8.40 1.16 23.43 1.09 45.407334 11.879634 0
5.44 -7.47 2.09 22.23 1.09 45.407334 11.879634 0
5.59 -7.36 1.48 21.04 1.09 45.407334 11.879634 0
6.96 -8.11 2.35 20.58 1.09 45.407334 11.879634 0
5.52 -10.33 1.28 20.51 1.09 45.407334 11.879634 0
5.64 -9.14 2.24 21.71 1.09 45.407334 11.879634 0
5.86 -6.38 2.34 21.92 1.09 45.407334 11.879634 0
5.82 -6.02 1.92 22.19 1.09 45.407334 11.879634 0
6.80 -6.90 2.03 21.54 1.09 45.407334 11.879634 0
6.10 -7.66 1.97 21.90 1.09 45.407334 11.879634 0
6.02 -8.30 1.51 21.59 1.09 45.407334 11.879634 0
5.56 -8.03 1.89 22.02 1.09 45.407334 11.879634 0
5.51 -7.48 1.63 22.35 2.03 45.407332 11.879660 1
6.03 -7.27 1.27 21.28 2.03 45.407332 11.879660 0
6.11 -7.64 1.72 21.13 2.03 45.407332 11.879660 1
5.61 -8.54 1.52 20.92 2.03 45.407332 11.879660 0
5.53 -8.13 1.21 21.08 2.03 45.407332 11.879660 0
6.06 -8.03 1.47 21.83 2.03 45.407332 11.879660 0
5.35 -7.78 1.41 21.75 2.03 45.407332 11.879660 0
5.56 -7.75 1.57 22.04 2.03 45.407332 11.879660 0
5.52 -5.90 2.07 22.07 2.03 45.407332 11.879660 0
6.41 -8.51 1.77 21.15 2.03 45.407332 11.879660 0
4.07 -7.39 2.35 22.93 2.03 45.407332 11.879660 0
6.75 -7.99 1.63 19.71 2.03 45.407332 11.879660 0
6.49 -10.96 1.14 20.56 2.03 45.407332 11.879660 0
6.50 -7.27 0.79 24.58 2.03 45.407332 11.879660 0
4.75 -6.75 1.62 23.87 2.03 45.407332 11.879660 0
6.31 -6.98 1.79 26.38 2.03 45.407332 11.879660 0
4.78 -5.46 2.57 24.28 2.03 45.407332 11.879660 0
7.37 -6.39 2.00 23.36 2.03 45.407332 11.879660 0
7.38 -11.96 2.75 21.64 2.41 45.407337 11.879692 1
5.46 -12.99 2.70 21.83 2.41 45.407337 11.879692 0
4.77 -8.72 3.34 22.55 2.41 45.407337 11.879692 1
6.28 -5.97 1.15 24.68 2.41 45.407337 11.879692 0
5.39 -6.14 2.04 23.43 2.41 45.407337 11.879692 0
5.08 -6.59 3.58 22.91 2.41 45.407337 11.879692 0
4.84 -9.19 3.45 22.67 2.41 45.407337 11.879692 0
5.39 -10.30 -0.22 22.16 2.41 45.407337 11.879692 0
6.28 -5.39 1.47 22.52 2.41 45.407337 11.879692 0
4.80 -8.45 1.60 22.02 2.41 45.407337 11.879692 0
3.75 -8.15 1.74 21.90 2.41 45.407337 11.879692 0
6.15 -7.78 3.32 22.91 2.41 45.407337 11.879692 0
6.13 -7.41 1.76 22.62 2.41 45.407337 11.879692 0
4.58 -5.08 -0.38 21.76 2.41 45.407337 11.879692 0
6.45 -8.28 2.01 22.93 2.41 45.407337 11.879692 0
5.71 -8.66 1.56 24.37 2.41 45.407337 11.879692 0
4.16 -6.79 2.26 22.38 2.41 45.407337 11.879692 0
5.53 -8.84 1.76 23.70 1.71 45.407338 11.879719 1
5.05 -7.79 1.63 20.55 1.71 45.407338 11.879719 0
6.00 -13.54 1.05 19.79 1.71 45.407338 11.879719 1
6.53 -5.80 0.31 21.93 1.71 45.407338 11.879719 0
5.65 -9.22 1.94 24.40 1.71 45.407338 11.879719 0
5.37 -5.61 2.74 24.10 1.71 45.407338 11.879719 0
7.06 -6.95 1.97 23.38 1.71 45.407338 11.879719 0
5.49 -7.86 1.71 22.26 1.71 45.407338 11.879719 0
8.06 -5.40 1.41 21.63 1.71 45.407338 11.879719 0
4.47 -11.88 1.07 22.33 1.71 45.407338 11.879719 0
5.65 -8.81 2.11 22.88 1.71 45.407338 11.879719 0
4.65 -5.98 2.01 22.54 1.71 45.407338 11.879719 0
8.46 -9.43 2.69 22.40 1.71 45.407338 11.879719 0
4.88 -6.41 2.68 22.62 1.71 45.407338 11.879719 0
4.97 -7.58 1.53 23.38 1.71 45.407338 11.879719 0
5.46 -5.86 0.73 22.64 1.71 45.407338 11.879719 0
5.94 -8.22 1.77 24.15 1.71 45.407338 11.879719 0
5.91 -8.13 1.83 21.56 1.71 45.407338 11.879719 0
6.65 -8.78 1.81 21.63 2.16 45.407343 11.879748 1
5.68 -8.04 1.04 22.36 2.16 45.407343 11.879748 0
4.81 -7.12 3.20 22.59 2.16 45.407343 11.879748 1
5.36 -6.72 1.68 22.26 2.16 45.407343 11.879748 0
3.87 -9.09 2.90 21.20 2.16 45.407343 11.879748 0
6.03 -6.81 1.73 22.42 2.16 45.407343 11.879748 0
8.04 -8.84 1.19 20.80 2.16 45.407343 11.879748 0
4.83 -9.28 1.73 23.00 2.16 45.407343 11.879748 0
4.18 -4.50 2.04 23.07 2.16 45.407343 11.879748 0
5.86 -6.00 2.75 24.27 2.16 45.407343 11.879748 0
4.38 -4.04 1.52 23.50 2.16 45.407343 11.879748 0
3.69 -8.83 2.29 23.91 2.16 45.407343 11.879748 0
9.44 -8.81 -0.30 23.96 2.16 45.407343 11.879748 0
5.26 -10.83 -1.28 25.14 2.16 45.407343 11.879748 0
4.08 -6.19 2.47 23.41 2.16 45.407343 11.879748 0
8.42 -7.84 0.51 22.48 2.16 45.407343 11.879748 0
5.19 -8.65 1.39 22.36 2.16 45.407343 11.879748 0
7.18 -6.80 2.08 23.26 1.70 45.407351 11.879771 1
6.78 -7.49 1.90 22.07 1.70 45.407351 11.879771 0
5.81 -7.41 2.63 21.69 1.70 45.407351 11.879771 1
8.10 -7.36 1.51 21.78 1.70 45.407351 11.879771 0
4.92 -9.21 1.81 21.54 1.70 45.407351 11.879771 0
4.26 -4.53 0.57 22.60 1.70 45.407351 11.879771 0
6.23 -10.29 3.02 23.99 1.70 45.407351 11.879771 0
3.59 -6.18 2.04 22.40 1.70 45.407351 11.879771 0
6.01 -7.85 3.98 22.59 1.70 45.407351 11.879771 0
6.81 -6.98 0.17 23.44 1.70 45.407351 11.879771 0
4.80 -7.40 3.62 21.33 1.70 45.407351 11.879771 0
5.45 -8.55 0.16 22.54 1.70 45.407351 11.879771 0
4.50 -8.37 1.33 22.09 1.70 45.407351 11.879771 0
7.54 -7.92 2.44 23.03 1.70 45.407351 11.879771 0
5.77 -6.39 1.79 21.93 1.70 45.407351 11.879771 0
6.24 -6.59 1.49 23.08 1.70 45.407351 11.879771 0
8.93 -8.91 0.94 22.67 1.70 45.407351 11.879771 0
3.43 -6.89 2.14 24.34 2.51 45.407347 11.879801 1
5.89 -7.65 2.16 26.69 2.51 45.407347 11.879801 0
4.32 -8.91 2.79 22.50 2.51 45.407347 11.879801 1
6.94 -6.15 1.70 21.73 2.51 45.407347 11.879801 0
5.35 -9.03 4.59 22.64 2.51 45.407347 11.879801 0
5.98 -10.21 1.58 49.07 2.51 45.407347 11.879801 0
5.41 -6.70 2.49 21.90 2.51 45.407347 11.879801 0
5.91 -7.48 1.93 22.45 2.51 45.407347 11.879801 0
6.52 -6.73 2.49 22.47 2.51 45.407347 11.879801 0
6.42 -11.29 0.08 24.34 2.51 45.407347 11.879801 0
7.64 -8.47 0.49 21.44 2.51 45.407347 11.879801 0
8.66 -8.44 0.36 24.87 2.51 45.407347 11.879801 0
5.17 -6.90 1.26 22.67 2.51 45.407347 11.879801 0
7.00 -7.22 -0.30 24.03 2.51 45.407347 11.879801 0
6.73 -7.13 1.59 22.67 2.51 45.407347 11.879801 0
4.18 -6.07 1.24 24.61 2.51 45.407347 11.879801 0
7.40 -8.85 1.23 23.34 2.51 45.407347 11.879801 0
4.76 -9.09 1.35 23.77 2.51 45.407347 11.879801 0
4.57 -5.67 0.72 21.83 2.29 45.407339 11.879829 1
8.43 -10.10 1.70 22.35 2.29 45.407339 11.879829 0
4.89 -7.50 1.98 22.35 2.29 45.407339 11.879829 1
5.87 -7.16 1.04 22.24 2.29 45.407339 11.879829 0
5.94 -7.52 1.03 23.77 2.29 45.407339 11.879829 0
6.36 -7.19 1.61 22.45 2.29 45.407339 11.879829 0
4.67 -6.52 2.05 23.72 2.29 45.407339 11.879829 0
6.30 -7.57 2.72 22.12 2.29 45.407339 11.879829 0
8.06 -9.07 1.55 22.72 2.29 45.407339 11.879829 0
