7.44 -6.66 2.17 21.83 0.17 45.407406 11.879583 0
7.30 -6.73 2.28 22.00 0.17 45.407406 11.879583 0
7.30 -6.53 2.18 22.19 0.17 45.407406 11.879583 0
7.47 -6.43 1.97 22.17 0.17 45.407406 11.879583 0
7.46 -6.42 1.50 22.21 0.17 45.407406 11.879583 0
6.98 -6.80 2.09 21.95 0.17 45.407406 11.879583 0
6.41 -7.73 2.53 21.80 0.17 45.407406 11.879583 0
5.95 -8.06 2.47 21.66 0.17 45.407406 11.879583 0
6.35 -7.65 2.15 21.66 0.17 45.407406 11.879583 0
6.74 -7.13 2.36 21.75 0.17 45.407406 11.879583 0
6.88 -6.89 2.39 21.80 0.17 45.407406 11.879583 0
6.60 -7.04 2.64 21.85 0.17 45.407406 11.879583 0
6.87 -7.33 2.59 21.95 0.17 45.407406 11.879583 0
5.97 -7.64 2.41 22.05 0.17 45.407406 11.879583 0
5.44 -8.23 1.76 22.02 0.84 45.407412 11.879590 1
5.68 -8.08 1.53 21.99 0.84 45.407412 11.879590 0
5.71 -7.67 2.21 21.80 0.84 45.407412 11.879590 1
5.54 -7.38 0.70 21.75 0.84 45.407412 11.879590 0
6.07 -8.16 1.94 21.69 0.84 45.407412 11.879590 0
5.90 -7.95 1.68 21.59 0.84 45.407412 11.879590 0
6.01 -7.85 1.87 21.85 0.84 45.407412 11.879590 0
6.30 -7.17 2.39 22.52 0.84 45.407412 11.879590 0
6.35 -7.07 1.72 22.64 0.84 45.407412 11.879590 0
6.04 -7.31 1.75 22.28 0.84 45.407412 11.879590 0
6.83 -7.23 1.63 22.19 0.84 45.407412 11.879590 0
6.90 -7.19 1.81 22.50 0.96 45.407414 11.879603 1
6.54 -7.29 1.95 21.95 0.96 45.407414 11.879603 0
6.23 -7.61 2.20 21.59 0.96 45.407414 11.879603 1
6.10 -7.88 1.86 21.88 0.96 45.407414 11.879603 0
6.45 -7.84 1.16 21.40 0.96 45.407414 11.879603 0
6.18 -7.71 1.29 21.80 0.96 45.407414 11.879603 0
6.25 -7.52 1.37 21.71 0.96 45.407414 11.879603 0
6.13 -7.81 1.30 22.00 0.96 45.407414 11.879603 0
5.72 -8.05 1.70 22.05 0.96 45.407414 11.879603 0
5.66 -7.68 1.76 22.02 0.96 45.407414 11.879603 0
5.86 -7.42 1.72 22.02 0.96 45.407414 11.879603 0
5.90 -7.76 1.52 22.05 0.96 45.407414 11.879603 0
5.58 -8.13 1.91 22.16 0.96 45.407414 11.879603 0
5.48 -7.99 1.99 22.11 0.96 45.407414 11.879603 0
5.42 -7.49 2.23 22.05 0.96 45.407414 11.879603 0
6.06 -7.53 1.83 21.81 0.96 45.407414 11.879603 0
5.97 -7.42 1.75 21.40 0.96 45.407414 11.879603 0
5.82 -7.73 1.69 20.99 1.23 45.407415 11.879619 1
5.72 -7.68 1.66 20.32 1.23 45.407415 11.879619 0
5.86 -8.08 1.41 20.22 1.23 45.407415 11.879619 1
5.90 -7.92 1.32 20.43 1.23 45.407415 11.879619 0
5.92 -7.77 1.40 19.88 1.23 45.407415 11.879619 0
5.77 -7.16 1.28 20.53 1.23 45.407415 11.879619 0
6.27 -8.25 1.42 20.97 1.23 45.407415 11.879619 0
6.17 -8.44 1.33 21.51 1.23 45.407415 11.879619 0
5.97 -7.24 1.20 22.50 1.23 45.407415 11.879619 0
5.70 -6.63 1.58 23.58 1.23 45.407415 11.879619 0
6.03 -7.26 1.52 24.04 1.23 45.407415 11.879619 0
6.23 -7.91 1.44 23.48 1.23 45.407415 11.879619 0
6.28 -7.74 1.15 22.71 1.23 45.407415 11.879619 0
6.80 -7.42 2.98 22.71 1.23 45.407415 11.879619 0
5.93 -10.81 1.78 22.71 1.23 45.407415 11.879619 0
5.97 -8.51 1.88 22.24 1.23 45.407415 11.879619 0
6.05 -7.33 2.09 22.42 1.23 45.407415 11.879619 0
6.47 -7.44 2.79 22.14 1.23 45.407415 11.879619 0
6.25 -8.26 2.37 21.54 2.02 45.407404 11.879637 1
5.72 -8.45 2.27 21.63 2.02 45.407404 11.879637 0
5.69 -8.04 2.40 21.66 2.02 45.407404 11.879637 1
6.27 -8.15 2.32 21.64 2.02 45.407404 11.879637 0
6.25 -7.79 2.21 21.64 2.02 45.407404 11.879637 0
6.00 -7.93 2.55 22.04 2.02 45.407404 11.879637 0
5.95 -8.18 2.04 21.85 2.02 45.407404 11.879637 0
5.49 -7.58 1.89 22.47 2.02 45.407404 11.879637 0
6.44 -9.01 1.73 22.05 2.02 45.407404 11.879637 0
6.33 -7.84 2.44 22.35 2.02 45.407404 11.879637 0
5.82 -7.90 2.04 24.40 2.02 45.407404 11.879637 0
5.15 -8.41 2.60 23.43 2.02 45.407404 11.879637 0
5.77 -8.20 1.78 22.55 2.02 45.407404 11.879637 0
5.50 -5.67 1.75 21.64 2.02 45.407404 11.879637 0
6.96 -7.41 1.19 21.57 2.02 45.407404 11.879637 0
5.88 -10.92 1.56 20.49 2.02 45.407404 11.879637 0
5.57 -9.42 1.50 20.63 2.02 45.407404 11.879637 0
5.50 -6.06 1.55 21.59 2.19 45.407397 11.879668 1
6.01 -6.75 1.41 21.59 2.19 45.407397 11.879668 0
6.13 -7.02 1.75 21.75 2.19 45.407397 11.879668 1
5.91 -8.17 1.87 21.69 2.19 45.407397 11.879668 0
5.69 -8.24 1.65 21.69 2.19 45.407397 11.879668 0
5.47 -7.70 1.67 21.92 2.19 45.407397 11.879668 0
4.67 -7.38 1.90 21.69 2.19 45.407397 11.879668 0
5.52 -8.89 2.30 21.87 2.19 45.407397 11.879668 0
5.05 -7.73 1.68 22.62 2.19 45.407397 11.879668 0
5.77 -6.36 1.65 27.99 2.19 45.407397 11.879668 0
6.41 -8.20 1.69 21.97 2.19 45.407397 11.879668 0
5.11 -7.46 1.96 22.07 2.19 45.407397 11.879668 0
6.64 -7.28 2.58 22.42 2.19 45.407397 11.879668 0
6.39 -6.40 1.48 21.44 2.19 45.407397 11.879668 0
7.50 -11.38 1.66 21.09 2.19 45.407397 11.879668 0
7.90 -6.33 1.04 23.79 2.19 45.407397 11.879668 0
5.29 -5.15 1.27 22.02 2.19 45.407397 11.879668 0
7.81 -10.49 1.68 22.86 2.38 45.407385 11.879696 1
5.57 -6.03 -0.24 23.94 2.38 45.407385 11.879696 0
6.07 -5.04 0.17 24.59 2.38 45.407385 11.879696 1
8.53 -9.59 -0.01 22.71 2.38 45.407385 11.879696 0
4.55 -9.12 0.90 22.69 2.38 45.407385 11.879696 0
5.66 -12.33 0.43 22.81 2.38 45.407385 11.879696 0
6.89 -5.64 2.57 23.27 2.38 45.407385 11.879696 0
5.87 -10.52 0.84 23.19 2.38 45.407385 11.879696 0
4.36 -8.17 1.18 22.43 2.38 45.407385 11.879696 0
5.85 -8.45 0.01 24.32 2.38 45.407385 11.879696 0
6.03 -5.03 -0.45 22.36 2.38 45.407385 11.879696 0
7.25 -10.21 2.01 23.02 2.38 45.407385 11.879696 0
5.17 -8.33 1.12 24.04 2.38 45.407385 11.879696 0
5.49 -9.27 2.21 22.74 2.38 45.407385 11.879696 0
5.98 -6.72 2.53 21.59 2.38 45.407385 11.879696 0
4.39 -7.52 2.65 21.64 2.38 45.407385 11.879696 0
6.94 -8.40 1.75 21.49 2.38 45.407385 11.879696 0
7.89 -8.17 2.02 21.54 2.38 45.407385 11.879696 0
7.42 -9.39 1.23 23.07 2.52 45.407382 11.879730 1
6.51 -7.80 1.76 22.67 2.52 45.407382 11.879730 0
5.23 -9.55 1.65 24.99 2.52 45.407382 11.879730 1
6.83 -8.27 0.38 22.19 2.52 45.407382 11.879730 0
4.99 -4.65 1.11 21.40 2.52 45.407382 11.879730 0
5.20 -9.90 1.65 22.00 2.52 45.407382 11.879730 0
3.31 -7.45 -0.53 21.13 2.52 45.407382 11.879730 0
9.01 -10.05 2.15 21.16 2.52 45.407382 11.879730 0
7.71 -6.53 2.04 22.28 2.52 45.407382 11.879730 0
6.34 -6.29 1.23 22.90 2.52 45.407382 11.879730 0
4.04 -8.16 2.66 24.13 2.52 45.407382 11.879730 0
5.66 -7.09 0.77 23.02 2.52 45.407382 11.879730 0
7.18 -7.61 2.00 22.35 2.52 45.407382 11.879730 0
8.58 -9.60 -0.24 22.47 2.52 45.407382 11.879730 0
5.66 -7.84 1.03 22.57 2.52 45.407382 11.879730 0
6.77 -10.78 2.60 24.71 2.52 45.407382 11.879730 0
5.33 -6.46 2.32 23.51 2.52 45.407382 11.879730 0
6.09 -7.61 0.74 22.31 2.58 45.407391 11.879761 1
6.76 -7.91 0.94 21.97 2.58 45.407391 11.879761 0
5.49 -8.39 2.14 22.11 2.58 45.407391 11.879761 1
5.88 -8.32 1.51 21.52 2.58 45.407391 11.879761 0
6.41 -7.91 1.94 22.21 2.58 45.407391 11.879761 0
5.28 -7.30 2.58 21.03 2.58 45.407391 11.879761 0
7.63 -9.70 1.81 22.93 2.58 45.407391 11.879761 0
5.09 -7.88 1.52 23.41 2.58 45.407391 11.879761 0
4.61 -5.14 1.94 25.18 2.58 45.407391 11.879761 0
6.23 -9.42 2.75 20.97 2.58 45.407391 11.879761 0
6.05 -8.06 1.89 23.02 2.58 45.407391 11.879761 0
7.07 -8.57 2.86 20.25 2.58 45.407391 11.879761 0
6.99 -9.41 2.75 24.90 2.58 45.407391 11.879761 0
4.45 -6.04 2.74 22.91 2.58 45.407391 11.879761 0
3.45 -5.88 2.44 23.20 2.58 45.407391 11.879761 0
3.87 -7.11 6.71 22.43 2.58 45.407391 11.879761 0
6.79 -12.68 -1.18 22.24 2.58 45.407391 11.879761 0
7.06 -5.99 1.05 23.07 2.58 45.407391 11.879761 0
5.56 -9.22 3.41 27.10 1.45 45.407385 11.879775 1
4.89 -5.84 1.33 24.56 1.45 45.407385 11.879775 1
6.85 -9.21 2.71 21.99 1.45 45.407385 11.879775 0
6.30 -7.63 1.27 22.48 1.45 45.407385 11.879775 0
9.52 -9.50 -0.96 22.09 1.45 45.407385 11.879775 0
4.80 -9.05 1.19 22.00 1.45 45.407385 11.879775 0
6.25 -7.57 2.32 25.93 1.45 45.407385 11.879775 0
6.27 -6.43 1.97 21.59 1.45 45.407385 11.879775 0
6.99 -8.30 3.01 22.64 1.45 45.407385 11.879775 0
2.70 -6.96 1.60 22.88 1.45 45.407385 11.879775 0
5.83 -8.19 2.13 22.98 1.45 45.407385 11.879775 0
7.94 -7.40 2.25 22.95 1.45 45.407385 11.879775 0
5.28 -8.83 1.68 22.40 1.45 45.407385 11.879775 0
4.48 -6.64 -0.42 23.68 1.45 45.407385 11.879775 0
6.74 -8.22 2.36 21.99 1.45 45.407385 11.879775 0
4.13 -8.23 7.18 22.66 1.45 45.407385 11.879775 0
6.32 -5.77 3.71 21.80 1.45 45.407385 11.879775 0
6.20 -10.35 1.21 23.36 2.55 45.407369 11.879805 1
5.16 -6.15 2.50 22.48 2.55 45.407369 11.879805 0
4.97 -7.75 4.53 23.86 2.55 45.407369 11.879805 1
10.15 -8.46 0.83 23.34 2.55 45.407369 11.879805 0
4.26 -6.24 1.07 25.30 2.55 45.407369 11.879805 0
7.00 -9.23 0.73 22.54 2.55 45.407369 11.879805 0
3.72 -9.66 1.34 22.29 2.55 45.407369 11.879805 0
6.77 -7.25 1.68 23.77 2.55 45.407369 11.879805 0
6.92 -9.17 -0.16 21.97 2.55 45.407369 11.879805 0
6.58 -9.07 2.87 23.84 2.55 45.407369 11.879805 0
5.05 -7.51 1.24 22.40 2.55 45.407369 11.879805 0
7.03 -7.29 -0.03 22.35 2.55 45.407369 11.879805 0
6.17 -6.63 1.21 23.07 2.55 45.407369 11.879805 0
4.54 -6.58 2.59 22.57 2.55 45.407369 11.879805 0
6.63 -9.84 1.55 22.07 2.55 45.407369 11.879805 0
6.08 -7.57 2.30 22.28 2.55 45.407369 11.879805 0
6.05 -7.14 0.20 22.50 2.55 45.407369 11.879805 0
4.77 -8.71 2.44 23.68 2.37 45.407357 11.879833 1
6.05 -6.18 0.52 22.54 2.37 45.407357 11.879833 0
6.05 -7.84 1.40 22.86 2.37 45.407357 11.879833 1
5.09 -8.09 1.80 21.64 2.37 45.407357 11.879833 0
3.73 -8.53 1.45 21.80 2.37 45.407357 11.879833 0
6.32 -8.18 1.33 21.18 2.37 45.407357 11.879833 0
6.70 -6.86 1.35 21.75 2.37 45.407357 11.879833 0
5.15 -9.35 1.71 22.96 2.37 45.407357 11.879833 0
6.18 -6.95 1.11 23.12 2.37 45.407357 11.879833 0
