6.75 -6.96 2.15 22.55 0.37 45.407432 11.879596 0
6.55 -7.08 2.94 22.60 0.37 45.407432 11.879596 0
5.83 -7.74 1.67 22.66 0.37 45.407432 11.879596 0
5.74 -8.56 1.23 22.71 0.37 45.407432 11.879596 0
5.52 -7.92 1.99 22.71 0.37 45.407432 11.879596 0
5.72 -7.88 1.93 22.47 0.37 45.407432 11.879596 0
5.81 -7.84 2.29 22.35 0.37 45.407432 11.879596 0
5.71 -7.66 2.19 22.19 0.37 45.407432 11.879596 0
6.26 -7.54 1.81 21.57 0.37 45.407432 11.879596 0
6.23 -7.73 1.29 21.40 0.83 45.407431 11.879598 1
5.95 -7.91 0.96 21.83 0.83 45.407431 11.879598 0
5.81 -7.78 2.09 21.75 0.83 45.407431 11.879598 1
5.78 -7.85 2.19 21.93 0.83 45.407431 11.879598 0
6.00 -7.83 1.75 22.35 0.83 45.407431 11.879598 0
5.93 -7.97 1.91 21.47 0.83 45.407431 11.879598 0
6.19 -7.75 1.59 21.57 0.83 45.407431 11.879598 0
6.18 -7.24 1.69 22.09 0.83 45.407431 11.879598 0
6.52 -7.40 2.22 22.00 0.83 45.407431 11.879598 0
6.18 -7.35 2.70 22.02 0.83 45.407431 11.879598 0
6.37 -7.64 2.09 22.04 0.83 45.407431 11.879598 0
6.46 -7.45 1.05 22.09 0.83 45.407431 11.879598 0
6.38 -7.44 1.41 22.09 0.83 45.407431 11.879598 0
6.11 -7.42 1.28 22.04 0.83 45.407431 11.879598 0
5.81 -7.60 1.92 22.24 0.83 45.407431 11.879598 0
6.28 -7.59 1.25 21.52 0.83 45.407431 11.879598 0
6.17 -7.59 1.32 21.08 0.83 45.407431 11.879598 0
5.70 -7.55 1.68 20.51 0.83 45.407431 11.879598 0
5.57 -7.92 1.89 20.25 1.46 45.407435 11.879619 1
5.30 -8.13 2.08 20.17 1.46 45.407435 11.879619 0
5.36 -8.19 1.90 20.36 1.46 45.407435 11.879619 1
5.60 -8.05 1.65 20.22 1.46 45.407435 11.879619 0
5.74 -7.51 1.33 20.48 1.46 45.407435 11.879619 0
5.44 -7.53 1.53 20.10 1.46 45.407435 11.879619 0
6.19 -8.48 1.32 20.68 1.46 45.407435 11.879619 0
5.91 -8.20 1.84 21.59 1.46 45.407435 11.879619 0
5.66 -7.16 1.95 22.88 1.46 45.407435 11.879619 0
5.15 -7.05 1.13 23.43 1.46 45.407435 11.879619 0
5.56 -7.27 1.50 25.50 1.46 45.407435 11.879619 0
6.43 -7.81 1.55 23.92 1.46 45.407435 11.879619 0
6.60 -7.76 1.30 23.48 1.46 45.407435 11.879619 0
6.34 -7.27 1.31 23.26 1.46 45.407435 11.879619 0
6.62 -7.39 1.21 23.20 1.46 45.407435 11.879619 0
5.59 -9.83 1.22 22.55 1.46 45.407435 11.879619 0
6.12 -8.64 1.78 22.29 1.46 45.407435 11.879619 0
6.14 -6.91 1.46 21.78 1.50 45.407429 11.879638 1
6.31 -8.32 2.72 21.78 1.50 45.407429 11.879638 0
6.14 -8.56 2.04 21.68 1.50 45.407429 11.879638 1
5.78 -8.51 2.27 21.09 1.50 45.407429 11.879638 0
5.88 -8.23 2.17 21.37 1.50 45.407429 11.879638 0
5.71 -8.02 2.16 21.85 1.50 45.407429 11.879638 0
5.70 -8.42 2.15 21.01 1.50 45.407429 11.879638 0
5.70 -8.53 2.24 22.19 1.50 45.407429 11.879638 0
6.05 -7.79 2.43 21.95 1.50 45.407429 11.879638 0
5.79 -7.88 2.21 23.20 1.50 45.407429 11.879638 0
5.96 -8.12 2.19 22.55 1.50 45.407429 11.879638 0
5.23 -7.48 1.86 22.60 1.50 45.407429 11.879638 0
6.91 -8.38 2.28 21.81 1.50 45.407429 11.879638 0
6.82 -7.73 1.60 22.36 1.50 45.407429 11.879638 0
6.60 -7.57 1.29 22.57 1.50 45.407429 11.879638 0
6.56 -9.04 1.68 23.46 1.50 45.407429 11.879638 0
5.61 -7.57 1.63 23.44 1.50 45.407429 11.879638 0
5.88 -5.66 2.27 22.55 1.79 45.407427 11.879660 1
6.94 -7.77 1.59 22.19 1.79 45.407427 11.879660 0
6.21 -7.80 1.53 20.87 1.79 45.407427 11.879660 1
5.75 -10.36 1.51 20.31 1.79 45.407427 11.879660 0
5.69 -9.04 1.31 21.03 1.79 45.407427 11.879660 0
6.00 -6.12 1.79 20.96 1.79 45.407427 11.879660 0
5.52 -6.99 1.19 21.59 1.79 45.407427 11.879660 0
5.52 -7.87 1.47 21.88 1.79 45.407427 11.879660 0
6.01 -7.88 1.53 21.95 1.79 45.407427 11.879660 0
5.81 -7.85 1.84 21.61 1.79 45.407427 11.879660 0
5.82 -7.19 1.81 22.11 1.79 45.407427 11.879660 0
5.87 -7.29 1.89 22.04 1.79 45.407427 11.879660 0
5.90 -7.75 1.73 21.93 1.79 45.407427 11.879660 0
5.72 -7.68 1.61 21.75 1.79 45.407427 11.879660 0
6.52 -8.03 1.96 21.57 1.79 45.407427 11.879660 0
6.35 -8.06 1.90 21.15 1.79 45.407427 11.879660 0
5.33 -7.72 2.13 21.75 1.79 45.407427 11.879660 0
5.79 -6.46 1.68 21.95 1.79 45.407427 11.879660 0
6.51 -9.96 2.02 22.35 2.15 45.407431 11.879695 1
6.41 -7.17 1.86 24.44 2.15 45.407431 11.879695 0
4.45 -4.70 1.67 21.30 2.15 45.407431 11.879695 1
7.38 -8.38 1.53 20.65 2.15 45.407431 11.879695 0
4.44 -10.03 1.12 22.67 2.15 45.407431 11.879695 0
7.01 -9.68 1.75 20.87 2.15 45.407431 11.879695 0
7.19 -5.32 2.92 23.32 2.15 45.407431 11.879695 0
5.74 -4.47 1.78 23.62 2.15 45.407431 11.879695 0
4.93 -8.73 0.80 25.06 2.15 45.407431 11.879695 0
4.37 -4.79 1.80 25.16 2.15 45.407431 11.879695 0
7.67 -6.28 3.00 22.96 2.15 45.407431 11.879695 0
6.22 -8.29 0.95 21.39 2.15 45.407431 11.879695 0
1.38 -15.64 8.48 21.81 2.15 45.407431 11.879695 0
7.19 -10.74 1.98 22.14 2.15 45.407431 11.879695 0
3.86 -6.43 2.83 23.51 2.15 45.407431 11.879695 0
7.16 -6.61 1.69 25.98 2.15 45.407431 11.879695 0
6.60 -7.08 0.82 24.63 2.15 45.407431 11.879695 0
6.22 -6.47 0.16 23.03 1.67 45.407416 11.879719 1
7.40 -10.55 0.25 22.11 1.67 45.407416 11.879719 0
6.10 -10.50 1.50 22.54 1.67 45.407416 11.879719 1
3.46 -5.49 1.88 22.02 1.67 45.407416 11.879719 0
6.98 -7.70 2.08 21.68 1.67 45.407416 11.879719 0
5.05 -9.76 1.53 21.40 1.67 45.407416 11.879719 0
4.14 -8.24 1.33 22.84 1.67 45.407416 11.879719 0
6.05 -7.41 1.35 23.75 1.67 45.407416 11.879719 0
5.54 -6.58 1.56 22.96 1.67 45.407416 11.879719 0
5.92 -9.97 1.22 23.27 1.67 45.407416 11.879719 0
3.46 -6.96 1.61 24.42 1.67 45.407416 11.879719 0
6.48 -9.00 1.45 25.12 1.67 45.407416 11.879719 0
5.88 -4.38 -0.13 22.09 1.67 45.407416 11.879719 0
4.68 -8.05 -0.31 22.02 1.67 45.407416 11.879719 0
5.18 -8.09 0.71 20.70 1.67 45.407416 11.879719 0
6.22 -10.83 2.22 20.73 1.67 45.407416 11.879719 0
6.43 -6.42 2.60 21.97 1.67 45.407416 11.879719 0
5.19 -7.61 0.57 22.96 1.67 45.407416 11.879719 0
5.17 -6.14 0.97 25.62 2.48 45.407417 11.879755 1
6.31 -8.18 3.56 23.80 2.48 45.407417 11.879755 0
5.06 -7.35 1.28 22.23 2.48 45.407417 11.879755 1
7.31 -9.79 1.93 20.55 2.48 45.407417 11.879755 0
3.70 -8.86 0.01 21.45 2.48 45.407417 11.879755 0
5.51 -6.79 3.07 25.59 2.48 45.407417 11.879755 0
5.08 -4.90 3.85 21.27 2.48 45.407417 11.879755 0
8.92 -11.25 1.61 22.50 2.48 45.407417 11.879755 0
5.73 -6.23 4.01 23.65 2.48 45.407417 11.879755 0
4.36 -7.72 2.11 23.96 2.48 45.407417 11.879755 0
6.66 -8.36 1.45 22.17 2.48 45.407417 11.879755 0
6.56 -7.39 2.61 25.09 2.48 45.407417 11.879755 0
6.17 -7.23 2.35 22.04 2.48 45.407417 11.879755 0
6.89 -9.74 2.09 22.64 2.48 45.407417 11.879755 0
3.85 -7.93 2.58 22.76 2.48 45.407417 11.879755 0
6.08 -6.19 0.75 22.50 2.48 45.407417 11.879755 0
4.55 -6.93 2.29 20.91 2.48 45.407417 11.879755 0
7.06 -9.14 1.57 20.72 2.07 45.407406 11.879782 1
6.25 -9.51 2.47 20.80 2.07 45.407406 11.879782 0
6.67 -7.93 2.05 21.61 2.07 45.407406 11.879782 1
4.33 -6.88 2.44 22.59 2.07 45.407406 11.879782 0
5.43 -4.94 1.03 24.13 2.07 45.407406 11.879782 0
6.47 -7.02 1.84 23.39 2.07 45.407406 11.879782 0
9.59 -11.36 1.65 21.73 2.07 45.407406 11.879782 0
8.73 -8.21 1.25 22.42 2.07 45.407406 11.879782 0
5.15 -5.50 3.16 24.80 2.07 45.407406 11.879782 0
3.46 -4.29 3.16 25.16 2.07 45.407406 11.879782 0
6.63 -8.66 4.63 33.77 2.07 45.407406 11.879782 0
4.88 -9.14 1.17 23.39 2.07 45.407406 11.879782 0
5.04 -9.79 2.66 21.97 2.07 45.407406 11.879782 0
4.72 -8.64 1.16 22.19 2.07 45.407406 11.879782 0
6.03 -5.71 1.25 21.80 2.07 45.407406 11.879782 0
8.01 -9.65 3.11 22.62 2.07 45.407406 11.879782 0
6.32 -7.00 1.19 22.78 2.07 45.407406 11.879782 0
5.67 -8.98 0.06 21.93 2.14 45.407394 11.879807 1
6.62 -6.92 2.26 23.65 2.14 45.407394 11.879807 0
6.99 -5.53 2.18 22.64 2.14 45.407394 11.879807 1
5.44 -6.90 2.15 21.81 2.14 45.407394 11.879807 0
4.47 -7.34 0.73 22.93 2.14 45.407394 11.879807 0
5.64 -7.34 -0.08 21.81 2.14 45.407394 11.879807 0
5.95 -11.84 1.96 22.33 2.14 45.407394 11.879807 0
6.18 -6.73 1.80 22.48 2.14 45.407394 11.879807 0
6.42 -9.62 1.75 22.38 2.14 45.407394 11.879807 0
6.52 -7.11 2.66 25.62 2.14 45.407394 11.879807 0
4.37 -8.06 -0.61 24.03 2.14 45.407394 11.879807 0
5.80 -6.04 2.72 22.93 2.14 45.407394 11.879807 0
5.29 -7.02 1.21 23.14 2.14 45.407394 11.879807 0
5.06 -10.24 5.31 24.04 2.14 45.407394 11.879807 0
5.42 -6.01 2.07 23.22 2.14 45.407394 11.879807 0
5.17 -8.97 3.17 21.16 2.14 45.407394 11.879807 0
