6.17 -7.67 1.4 22.26 1.78 45.407378 11.879879 0
6.25 -7.06 1.53 21.69 1.78 45.407378 11.879879 0
6.34 -7.71 1.44 21.52 1.78 45.407378 11.879879 0
6.2 -8.32 1.39 21.57 1.78 45.407378 11.879879 0
6.17 -7.77 1.42 21.64 1.78 45.407378 11.879879 0
6.39 -7.38 2.18 21.95 1.78 45.407378 11.879879 0
5.65 -7.37 2.3 22.0 1.78 45.407378 11.879879 0
5.42 -8.47 1.41 22.0 1.96 45.407376 11.879854 1
5.12 -8.59 1.4 22.16 1.96 45.407376 11.879854 0
5.69 -7.46 1.7 22.02 1.96 45.407376 11.879854 1
6.26 -7.16 1.99 21.8 1.96 45.407376 11.879854 0
6.17 -8.14 1.96 21.45 1.96 45.407376 11.879854 0
5.73 -8.5 1.28 22.09 1.96 45.407376 11.879854 0
5.71 -7.84 1.36 22.12 1.96 45.407376 11.879854 0
5.85 -7.11 1.95 22.31 1.96 45.407376 11.879854 0
6.0 -7.46 1.92 22.05 1.96 45.407376 11.879854 0
6.13 -8.19 1.88 21.87 1.96 45.407376 11.879854 0
6.19 -8.12 1.81 21.87 1.96 45.407376 11.879854 0
5.93 -7.5 2.03 21.52 1.96 45.407376 11.879854 0
5.81 -7.71 2.37 22.0 1.96 45.407376 11.879854 0
5.56 -7.92 2.12 21.95 1.96 45.407376 11.879854 0
5.7 -8.16 1.97 21.51 1.96 45.407376 11.879854 0
6.13 -8.23 1.46 22.07 1.96 45.407376 11.879854 0
5.8 -7.64 2.45 21.71 1.96 45.407376 11.879854 0
5.87 -7.81 2.18 22.57 2.38 45.407380 11.879824 1
5.52 -7.78 2.08 22.17 2.38 45.407380 11.879824 0
5.7 -7.67 1.64 21.73 2.38 45.407380 11.879824 1
5.98 -7.85 1.75 21.95 2.38 45.407380 11.879824 0
5.88 -8.44 1.65 21.2 2.38 45.407380 11.879824 0
5.85 -8.83 1.46 21.85 2.38 45.407380 11.879824 0
5.85 -7.65 1.55 22.07 2.38 45.407380 11.879824 0
6.21 -7.07 1.62 22.26 2.38 45.407380 11.879824 0
6.16 -7.13 1.28 22.16 2.38 45.407380 11.879824 0
6.45 -8.08 1.62 21.69 2.38 45.407380 11.879824 0
5.98 -8.34 2.01 22.28 2.38 45.407380 11.879824 0
