5.8 -7.95 1.6 22.05 2.38 45.407380 11.879824 0
5.6 -7.35 1.83 22.21 2.38 45.407380 11.879824 0
5.92 -7.74 1.47 22.16 2.38 45.407380 11.879824 0
5.61 -8.13 1.52 21.8 2.38 45.407380 11.879824 0
6.06 -8.4 1.99 21.59 2.38 45.407380 11.879824 0
5.83 -8.63 1.88 21.69 2.38 45.407380 11.879824 0
5.85 -8.1 1.92 22.12 2.38 45.407380 11.879824 0
5.63 -7.37 1.74 22.4 2.73 45.407374 11.879789 1
5.5 -7.35 1.87 21.87 2.73 45.407374 11.879789 0
6.08 -7.6 2.04 22.05 2.73 45.407374 11.879789 1
6.35 -7.98 1.69 21.3 2.73 45.407374 11.879789 0
5.99 -8.51 1.89 21.75 2.73 45.407374 11.879789 0
5.7 -8.09 1.64 21.64 2.73 45.407374 11.879789 0
5.77 -7.93 1.73 22.16 2.73 45.407374 11.879789 0
5.77 -7.55 1.8 22.07 2.73 45.407374 11.879789 0
6.59 -7.69 2.54 22.11 2.73 45.407374 11.879789 0
6.14 -7.76 2.22 21.9 2.73 45.407374 11.879789 0
5.71 -8.21 2.04 22.52 2.73 45.407374 11.879789 0
5.37 -7.59 1.82 22.47 2.73 45.407374 11.879789 0
5.46 -7.84 1.77 22.48 2.73 45.407374 11.879789 0
6.01 -8.17 2.09 21.78 2.73 45.407374 11.879789 0
5.96 -8.45 1.93 21.75 2.73 45.407374 11.879789 0
5.61 -8.15 1.88 21.75 2.73 45.407374 11.879789 0
5.4 -7.8 1.75 21.9 2.73 45.407374 11.879789 0
5.65 -7.81 1.58 21.81 2.99 45.407367 11.879751 1
5.87 -7.67 1.66 21.73 2.99 45.407367 11.879751 0
6.35 -7.62 2.09 21.44 2.99 45.407367 11.879751 1
5.95 -7.51 2.01 22.0 2.99 45.407367 11.879751 0
5.88 -8.02 1.92 21.59 2.99 45.407367 11.879751 0
6.07 -7.52 1.66 21.85 2.99 45.407367 11.879751 0
5.82 -7.39 1.54 22.04 2.99 45.407367 11.879751 0
6.08 -7.7 1.61 21.9 2.99 45.407367 11.879751 0
6.29 -8.3 1.8 21.4 2.99 45.407367 11.879751 0
5.78 -8.66 2.08 21.59 2.99 45.407367 11.879751 0
5.37 -7.7 1.82 22.02 2.99 45.407367 11.879751 0
