6.08 -7.43 1.33 23.19 2.38 45.876305 12.305858 0 0
6.06 -7.69 2.15 22.98 2.38 45.876305 12.305858 0 0
6.1 -7.85 2.21 23.34 2.38 45.876305 12.305858 0 0
6.03 -7.77 2.07 22.57 2.38 45.876305 12.305858 0 0
6.1 -7.54 2.09 23.03 2.38 45.876305 12.305858 0 0
6.1 -7.64 2.04 23.02 2.38 45.876305 12.305858 0 0
6.18 -7.79 2.04 23.08 2.38 45.876305 12.305858 0 0
6.01 -7.56 1.88 22.64 2.38 45.876305 12.305858 0 0
6.0 -7.6 1.78 22.55 2.38 45.876305 12.305858 0 0
5.8 -8.0 2.06 22.78 2.57 45.876291 12.305836 1 0
5.71 -7.67 2.29 22.0 2.57 45.876291 12.305836 1 0
5.94 -7.99 2.0 22.62 2.57 45.876291 12.305836 0 0
5.61 -7.75 1.95 22.57 2.57 45.876291 12.305836 0 0
5.97 -7.94 1.88 23.07 2.57 45.876291 12.305836 0 0
6.09 -7.77 1.72 23.39 2.57 45.876291 12.305836 0 0
6.16 -7.62 1.84 22.5 2.57 45.876291 12.305836 0 0
6.18 -7.43 1.63 22.59 2.57 45.876291 12.305836 0 0
6.39 -7.5 1.64 23.07 2.57 45.876291 12.305836 0 0
6.14 -7.27 1.7 23.89 2.57 45.876291 12.305836 0 0
5.87 -7.54 1.76 23.07 2.57 45.876291 12.305836 0 0
6.16 -7.86 1.88 22.98 2.57 45.876291 12.305836 0 0
6.25 -7.79 1.73 22.57 2.57 45.876291 12.305836 0 0
6.11 -7.59 1.77 23.98 2.57 45.876291 12.305836 0 0
5.84 -7.5 1.71 23.08 2.57 45.876291 12.305836 0 0
6.28 -7.83 1.52 24.23 2.57 45.876291 12.305836 0 0
5.71 -7.93 1.89 22.95 2.76 45.876274 12.305815 1 0
5.83 -7.73 1.9 22.96 2.76 45.876274 12.305815 0 0
6.0 -8.06 2.04 23.82 2.76 45.876274 12.305815 1 0
5.86 -7.63 2.1 25.12 2.76 45.876274 12.305815 0 0
6.05 -7.74 1.99 23.07 2.76 45.876274 12.305815 0 0
6.21 -7.8 1.7 22.71 2.76 45.876274 12.305815 0 0
6.1 -7.73 1.94 22.66 2.76 45.876274 12.305815 0 0
6.0 -7.91 2.14 23.02 2.76 45.876274 12.305815 0 0
6.11 -7.77 2.01 23.1 2.76 45.876274 12.305815 0 0
6.01 -7.97 1.79 22.21 2.76 45.876274 12.305815 0 0
