5.72 -7.67 2.11 22.4 3.0 45.875937 12.305491 0 0
5.36 -7.78 2.46 22.19 3.0 45.875937 12.305491 0 0
5.52 -8.17 1.87 22.52 3.0 45.875937 12.305491 0 0
5.56 -7.77 2.0 22.59 3.0 45.875937 12.305491 0 0
5.7 -7.85 1.82 22.62 3.0 45.875937 12.305491 0 0
6.13 -7.66 1.9 22.11 3.0 45.875937 12.305491 0 0
6.29 -7.61 1.77 22.55 3.0 45.875937 12.305491 0 0
5.96 -7.46 2.07 22.09 3.0 45.875937 12.305491 0 0
5.89 -7.62 1.88 22.5 3.0 45.875937 12.305491 0 0
5.85 -7.85 1.88 22.11 3.0 45.875937 12.305491 0 0
5.86 -7.7 1.79 22.42 3.0 45.875937 12.305491 0 0
5.67 -7.35 1.89 22.42 3.0 45.875937 12.305491 0 0
5.68 -7.89 2.13 22.66 3.0 45.875937 12.305491 0 0
5.81 -7.92 1.94 22.64 1.71 45.875925 12.305469 1 0
5.66 -7.91 1.83 22.28 1.71 45.875925 12.305469 0 0
5.33 -7.98 1.63 23.0 1.71 45.875925 12.305469 1 0
5.65 -8.07 1.78 23.05 1.71 45.875925 12.305469 0 0
5.49 -6.95 1.69 22.38 1.71 45.875925 12.305469 0 0
6.18 -8.21 2.21 22.59 1.71 45.875925 12.305469 0 0
6.17 -8.49 2.2 22.78 1.71 45.875925 12.305469 0 0
6.57 -8.36 2.2 23.86 1.71 45.875925 12.305469 0 0
5.98 -7.97 1.76 24.01 1.71 45.875925 12.305469 0 0
5.6 -7.21 1.72 32.5 1.71 45.875925 12.305469 0 0
5.95 -7.08 1.52 23.19 1.71 45.875925 12.305469 0 0
5.57 -7.58 2.26 22.45 1.71 45.875925 12.305469 0 0
6.61 -9.19 2.06 22.28 1.71 45.875925 12.305469 0 0
6.12 -8.65 2.12 22.71 1.71 45.875925 12.305469 0 0
5.39 -7.9 1.62 22.71 1.71 45.875925 12.305469 0 0
5.04 -7.38 1.83 24.23 1.71 45.875925 12.305469 0 0
5.65 -7.47 1.95 23.56 1.71 45.875925 12.305469 0 0
6.03 -7.39 1.51 23.29 2.88 45.875907 12.305445 1 0
6.16 -8.41 1.82 22.69 2.88 45.875907 12.305445 0 0
6.22 -7.96 2.01 22.43 2.88 45.875907 12.305445 1 0
6.09 -7.27 2.14 23.46 2.88 45.875907 12.305445 0 0
5.81 -7.88 2.09 22.5 2.88 45.875907 12.305445 0 0
