6.41 -7.71 2.03 21.73 1.99 45.406320 11.894504 1 0
6.08 -8.64 1.76 20.99 2.43 45.406319 11.894535 0 0
5.54 -8.76 1.92 21.69 2.43 45.406319 11.894535 1 0
5.39 -7.92 2.29 22.47 2.43 45.406319 11.894535 0 0
5.4 -7.93 2.29 22.47 2.43 45.406319 11.894535 1 0
5.39 -7.92 2.29 22.47 2.43 45.406319 11.894535 1 0
5.39 -7.92 2.29 22.48 2.43 45.406319 11.894535 1 0
5.4 -7.92 2.29 22.48 2.43 45.406319 11.894535 1 0
5.39 -7.92 2.3 22.48 2.43 45.406319 11.894535 1 0
5.39 -7.91 2.28 22.46 2.43 45.406319 11.894535 1 0
5.38 -7.92 2.28 22.47 2.43 45.406319 11.894535 1 0
5.39 -7.92 2.29 22.47 2.43 45.406319 11.894535 1 0
5.38 -7.93 2.28 22.47 2.43 45.406319 11.894535 1 0
5.38 -7.93 2.29 22.47 2.43 45.406319 11.894535 1 0
5.39 -7.92 2.29 22.47 2.43 45.406319 11.894535 1 0
5.38 -7.92 2.3 22.47 2.43 45.406319 11.894535 1 0
5.38 -7.92 2.29 22.48 2.43 45.406319 11.894535 1 0
5.39 -7.93 2.29 22.47 2.43 45.406319 11.894535 1 0
5.39 -7.92 2.3 22.47 2.43 45.406319 11.894535 1 0
5.39 -7.91 2.29 22.47 2.43 45.406319 11.894535 1 0
5.39 -7.91 2.29 22.47 2.43 45.406319 11.894535 1 0
5.4 -7.92 2.3 22.47 2.43 45.406319 11.894535 1 0
5.38 -7.92 2.28 22.47 2.43 45.406319 11.894535 1 0
5.4 -7.93 2.29 22.47 2.43 45.406319 11.894535 1 0
5.4 -7.91 2.3 22.47 2.43 45.406319 11.894535 1 0
5.4 -7.92 2.29 22.47 2.43 45.406319 11.894535 1 0
5.39 -7.93 2.3 22.48 2.43 45.406319 11.894535 1 0
5.39 -7.92 2.28 22.47 2.43 45.406319 11.894535 1 0
5.4 -7.91 2.29 22.47 2.43 45.406319 11.894535 1 0
5.39 -7.92 2.29 22.47 2.43 45.406319 11.894535 1 0
5.39 -7.93 2.28 22.48 2.43 45.406319 11.894535 1 0
5.39 -7.91 2.29 22.47 2.43 45.406319 11.894535 1 0
5.38 -7.91 2.3 22.48 2.43 45.406319 11.894535 1 0
5.38 -7.93 2.29 22.47 2.43 45.406319 11.894535 1 0
5.4 -7.91 2.3 22.47 2.43 45.406319 11.894535 1 0
