5.57 -8.27 1.68 22.81 3.08 45.406313 11.894429 1 0
5.93 -7.96 1.62 22.47 3.04 45.406317 11.894474 0 0
5.52 -7.62 1.86 22.79 3.04 45.406317 11.894474 1 0
6.19 -8.18 1.47 22.48 3.04 45.406317 11.894474 0 0
5.9 -8.01 1.72 21.85 3.04 45.406317 11.894474 1 0
5.69 -7.76 1.61 22.4 3.04 45.406317 11.894474 1 0
5.62 -8.05 1.97 22.45 3.04 45.406317 11.894474 1 0
5.86 -7.96 1.99 22.91 3.04 45.406317 11.894474 1 0
5.71 -8.0 1.98 22.91 3.04 45.406317 11.894474 1 0
5.9 -7.9 1.48 22.29 3.04 45.406317 11.894474 1 0
5.84 -7.99 1.64 22.0 3.04 45.406317 11.894474 1 0
5.75 -8.0 1.84 22.95 3.04 45.406317 11.894474 1 0
5.72 -7.79 1.9 22.48 3.04 45.406317 11.894474 1 0
5.6 -7.63 1.8 22.6 3.04 45.406317 11.894474 1 0
5.91 -7.98 1.67 23.41 3.04 45.406317 11.894474 1 0
5.91 -7.82 1.52 22.47 3.04 45.406317 11.894474 1 0
5.8 -8.09 1.67 22.48 3.04 45.406317 11.894474 1 0
5.85 -7.82 1.79 22.55 3.04 45.406317 11.894474 1 0
5.65 -8.14 1.94 22.45 3.04 45.406317 11.894474 1 0
5.78 -8.07 1.67 22.4 1.99 45.406320 11.894504 0 0
5.71 -7.34 1.54 22.36 1.99 45.406320 11.894504 1 0
6.06 -8.64 1.61 21.78 1.99 45.406320 11.894504 0 0
5.17 -7.95 2.13 22.64 1.99 45.406320 11.894504 1 0
5.54 -8.51 2.17 21.28 1.99 45.406320 11.894504 1 0
6.79 -7.35 2.51 21.59 1.99 45.406320 11.894504 1 0
5.71 -8.23 1.5 22.71 1.99 45.406320 11.894504 1 0
5.32 -7.1 1.84 23.19 1.99 45.406320 11.894504 1 0
6.08 -7.7 1.28 22.29 1.99 45.406320 11.894504 1 0
4.99 -6.59 2.03 22.35 1.99 45.406320 11.894504 1 0
6.08 -8.77 2.01 21.71 1.99 45.406320 11.894504 1 0
6.97 -8.77 1.42 21.08 1.99 45.406320 11.894504 1 0
5.54 -8.88 2.83 22.38 1.99 45.406320 11.894504 1 0
5.49 -7.46 1.48 22.6 1.99 45.406320 11.894504 1 0
5.58 -8.08 1.19 22.57 1.99 45.406320 11.894504 1 0
5.69 -7.2 1.91 22.26 1.99 45.406320 11.894504 1 0
