5.51 -7.7 1.93 22.23 1.28 45.406295 11.894240 1 1
5.31 -7.47 1.78 21.88 4.01 45.406303 11.894292 0 1
6.0 -7.73 1.6 22.09 4.01 45.406303 11.894292 1 1
6.46 -8.23 1.63 21.37 4.01 45.406303 11.894292 0 1
5.83 -8.45 1.68 22.0 4.01 45.406303 11.894292 1 1
5.26 -7.98 1.75 21.95 4.01 45.406303 11.894292 1 1
5.66 -7.53 1.93 21.35 4.01 45.406303 11.894292 1 1
6.04 -7.91 1.97 21.66 4.01 45.406303 11.894292 1 1
5.76 -8.34 1.73 21.78 4.01 45.406303 11.894292 1 1
5.58 -8.01 1.56 22.02 4.01 45.406303 11.894292 1 1
5.9 -7.63 1.64 22.19 4.01 45.406303 11.894292 1 1
6.1 -7.8 1.78 22.29 4.01 45.406303 11.894292 1 1
5.9 -7.9 1.87 22.36 4.01 45.406303 11.894292 1 1
5.61 -7.71 1.86 21.75 4.01 45.406303 11.894292 1 1
5.45 -7.94 1.76 21.33 4.01 45.406303 11.894292 1 1
5.55 -8.53 1.69 21.08 4.01 45.406303 11.894292 1 1
5.81 -8.35 1.72 21.44 4.01 45.406303 11.894292 1 1
5.73 -7.1 1.74 22.29 4.01 45.406303 11.894292 1 1
5.36 -6.31 1.83 22.38 4.01 45.406303 11.894292 1 1
5.96 -7.5 2.0 21.03 2.93 45.406301 11.894336 0 1
7.63 -9.94 1.98 20.7 2.93 45.406301 11.894336 1 1
7.85 -10.91 1.77 21.63 2.93 45.406301 11.894336 0 1
5.38 -8.75 1.71 26.55 2.93 45.406301 11.894336 1 1
3.49 -5.45 1.65 25.76 2.93 45.406301 11.894336 1 1
5.08 -5.33 1.18 23.92 2.93 45.406301 11.894336 1 1
7.68 -9.45 0.5 21.21 2.93 45.406301 11.894336 1 1
7.74 -13.05 0.38 24.71 2.93 45.406301 11.894336 1 1
5.96 -11.51 1.16 21.08 2.93 45.406301 11.894336 1 1
4.62 -6.71 2.08 21.73 2.93 45.406301 11.894336 1 1
4.22 -3.95 2.14 22.35 2.93 45.406301 11.894336 1 1
4.86 -4.99 1.59 21.57 2.93 45.406301 11.894336 1 1
6.34 -7.76 1.52 20.46 2.93 45.406301 11.894336 1 1
6.97 -9.75 1.84 20.07 2.93 45.406301 11.894336 1 1
5.77 -9.25 1.78 22.04 2.93 45.406301 11.894336 1 1
4.34 -6.49 1.73 25.71 2.93 45.406301 11.894336 1 1
