6.52 -7.5 1.39 21.87 2.67 45.406277 11.894003 0 0
6.12 -7.35 1.72 95.18 2.67 45.406277 11.894003 0 0
5.77 -7.7 1.65 21.75 2.67 45.406277 11.894003 1 0
6.24 -7.64 1.69 22.21 2.67 45.406277 11.894003 0 0
5.96 -7.69 1.97 21.78 2.67 45.406277 11.894003 1 0
5.57 -7.8 2.12 22.64 2.67 45.406277 11.894003 1 0
6.47 -7.58 1.46 23.08 2.67 45.406277 11.894003 1 0
6.45 -8.19 1.58 21.63 2.67 45.406277 11.894003 1 0
5.61 -7.61 1.55 22.11 2.67 45.406277 11.894003 1 0
5.66 -7.9 1.8 22.36 2.67 45.406277 11.894003 1 0
6.01 -7.99 1.62 22.47 2.67 45.406277 11.894003 1 0
6.16 -8.27 1.42 23.19 2.67 45.406277 11.894003 1 0
6.17 -7.86 1.95 22.4 2.67 45.406277 11.894003 1 0
5.95 -7.59 1.56 22.14 2.67 45.406277 11.894003 1 0
6.14 -7.73 1.93 23.46 2.67 45.406277 11.894003 1 0
6.07 -7.98 1.53 22.11 2.67 45.406277 11.894003 1 0
6.41 -7.57 1.7 22.14 2.67 45.406277 11.894003 1 0
6.12 -8.1 1.91 22.35 2.67 45.406277 11.894003 1 0
6.24 -8.01 1.7 21.88 2.67 45.406277 11.894003 1 0
5.91 -7.8 1.7 22.84 2.48 45.406287 11.894028 0 0
5.41 -7.9 2.23 22.0 2.48 45.406287 11.894028 1 0
5.89 -7.75 1.76 22.74 2.48 45.406287 11.894028 0 0
5.72 -8.24 2.14 22.17 2.48 45.406287 11.894028 1 0
6.21 -7.88 1.96 22.28 2.48 45.406287 11.894028 1 0
5.5 -8.25 1.67 22.76 2.48 45.406287 11.894028 1 0
6.0 -7.4 1.84 22.4 2.48 45.406287 11.894028 1 0
5.71 -7.9 2.23 22.35 2.48 45.406287 11.894028 1 0
6.18 -7.7 1.49 22.05 2.48 45.406287 11.894028 1 0
6.06 -7.84 1.81 21.95 2.48 45.406287 11.894028 1 0
5.98 -7.97 1.87 22.83 2.48 45.406287 11.894028 1 0
5.94 -7.6 1.96 22.4 2.48 45.406287 11.894028 1 0
5.69 -8.0 1.84 22.86 2.48 45.406287 11.894028 1 0
5.78 -7.58 1.57 22.5 2.48 45.406287 11.894028 1 0
6.0 -7.92 1.32 22.11 2.48 45.406287 11.894028 1 0
5.66 -7.75 1.78 23.05 2.48 45.406287 11.894028 1 0
