5.91 -7.6 1.33 23.24 3.0 45.406373 11.895425 1 1
5.45 -7.71 1.97 22.71 3.0 45.406373 11.895425 1 1
5.67 -8.0 1.71 22.11 3.0 45.406373 11.895425 1 1
6.11 -7.95 1.77 22.91 3.0 45.406373 11.895425 1 1
5.73 -7.79 1.69 23.8 3.0 45.406373 11.895425 1 1
5.54 -8.44 1.7 22.28 3.0 45.406373 11.895425 1 1
6.23 -7.8 1.71 21.9 3.0 45.406373 11.895425 1 1
5.5 -8.08 1.82 23.92 3.0 45.406373 11.895425 1 1
5.75 -7.81 2.58 22.45 3.0 45.406373 11.895425 1 1
5.54 -7.76 2.08 22.04 3.0 45.406371 11.895465 0 1
5.64 -7.34 1.5 22.42 3.0 45.406371 11.895465 1 1
6.16 -7.9 1.42 21.8 3.0 45.406371 11.895465 0 1
5.88 -8.21 2.15 21.75 3.0 45.406371 11.895465 1 1
5.83 -8.25 1.78 22.16 3.0 45.406371 11.895465 1 1
5.41 -7.95 1.88 22.26 3.0 45.406371 11.895465 1 1
5.72 -7.41 1.68 21.81 3.0 45.406371 11.895465 1 1
5.72 -7.78 1.62 22.02 3.0 45.406371 11.895465 1 1
5.59 -7.54 1.58 21.81 3.0 45.406371 11.895465 1 1
4.86 -6.68 1.57 21.9 3.0 45.406371 11.895465 1 1
8.33 -9.82 1.74 21.13 3.0 45.406371 11.895465 1 1
6.14 -7.3 2.47 21.69 3.0 45.406371 11.895465 1 1
5.28 -8.11 0.81 22.72 3.0 45.406371 11.895465 1 1
4.62 -8.52 1.73 23.63 3.0 45.406371 11.895465 1 1
6.51 -6.59 1.98 23.79 3.0 45.406371 11.895465 1 1
4.03 -4.34 1.75 21.51 3.0 45.406371 11.895465 1 1
6.75 -14.31 1.93 22.9 3.0 45.406371 11.895465 1 1
6.05 -6.66 0.98 24.39 2.34 45.406368 11.895497 0 1
3.07 -5.97 0.77 24.23 2.34 45.406368 11.895497 1 1
6.99 -9.75 1.93 22.42 2.34 45.406368 11.895497 0 1
6.9 -7.72 2.35 21.11 2.34 45.406368 11.895497 1 1
7.08 -6.32 1.64 21.32 2.34 45.406368 11.895497 1 1
4.6 -11.9 2.7 21.93 2.34 45.406368 11.895497 1 1
5.85 -4.96 0.64 22.98 2.34 45.406368 11.895497 1 1
4.87 -6.19 2.59 21.61 2.34 45.406368 11.895497 1 1
4.7 -5.91 1.52 21.4 2.34 45.406368 11.895497 1 1
