5.91 -7.89 1.81 21.54 2.58 45.406363 11.895141 1 0
5.75 -7.86 1.75 22.0 2.58 45.406363 11.895141 1 0
5.82 -7.75 1.84 22.45 2.58 45.406363 11.895141 1 0
5.8 -7.81 1.91 22.02 2.58 45.406363 11.895141 1 0
6.16 -7.88 1.96 22.21 2.58 45.406363 11.895141 1 0
5.9 -7.73 1.72 22.26 2.58 45.406363 11.895141 1 0
5.65 -7.9 1.39 22.62 2.58 45.406363 11.895141 1 0
5.91 -7.95 1.31 22.02 2.58 45.406363 11.895141 1 0
6.12 -8.19 1.54 21.97 2.58 45.406363 11.895141 1 0
5.83 -7.72 1.78 21.87 2.22 45.406367 11.895168 0 0
5.99 -7.66 1.68 21.88 2.22 45.406367 11.895168 1 0
6.02 -7.78 1.77 22.04 2.22 45.406367 11.895168 0 0
5.98 -7.73 1.66 22.33 2.22 45.406367 11.895168 1 0
6.06 -7.82 1.81 22.42 2.22 45.406367 11.895168 1 0
6.08 -7.69 1.84 21.95 2.22 45.406367 11.895168 1 0
5.94 -7.79 1.83 21.75 2.22 45.406367 11.895168 1 0
6.09 -8.22 1.47 21.56 2.22 45.406367 11.895168 1 0
5.89 -8.03 1.73 22.05 2.22 45.406367 11.895168 1 0
5.92 -7.37 2.07 22.54 2.22 45.406367 11.895168 1 0
6.08 -7.82 2.13 22.14 2.22 45.406367 11.895168 1 0
5.76 -7.55 1.91 22.52 2.22 45.406367 11.895168 1 0
6.08 -7.79 1.72 22.47 2.22 45.406367 11.895168 1 0
5.62 -8.13 1.96 21.97 2.22 45.406367 11.895168 1 0
5.9 -7.67 1.95 21.97 2.22 45.406367 11.895168 1 0
5.82 -7.94 1.67 22.05 2.22 45.406367 11.895168 1 0
5.8 -7.56 1.99 21.95 2.22 45.406367 11.895168 1 0
5.76 -7.98 1.63 21.95 2.44 45.406368 11.895199 0 0
5.85 -7.83 1.67 22.71 2.44 45.406368 11.895199 1 0
5.92 -8.15 1.62 21.56 2.44 45.406368 11.895199 0 0
6.43 -7.6 1.68 22.55 2.44 45.406368 11.895199 1 0
6.08 -7.85 1.73 22.31 2.44 45.406368 11.895199 1 0
6.29 -7.69 1.89 22.47 2.44 45.406368 11.895199 1 0
5.85 -7.59 1.7 23.02 2.44 45.406368 11.895199 1 0
5.76 -6.99 1.75 22.52 2.44 45.406368 11.895199 1 0
5.89 -8.21 1.54 22.05 2.44 45.406368 11.895199 1 0
