5.87 -8.38 1.69 21.78 2.44 45.406368 11.895199 1 0
5.83 -8.68 1.67 21.8 2.44 45.406368 11.895199 1 0
5.51 -8.59 1.84 22.05 2.44 45.406368 11.895199 1 0
5.57 -7.02 1.69 22.11 2.44 45.406368 11.895199 1 0
5.74 -7.53 1.53 22.05 2.44 45.406368 11.895199 1 0
5.71 -7.99 1.98 21.87 2.44 45.406368 11.895199 1 0
5.86 -8.03 2.01 22.81 2.44 45.406368 11.895199 1 0
5.78 -8.04 1.79 22.19 2.44 45.406368 11.895199 1 0
5.72 -7.67 1.89 21.9 2.44 45.406368 11.895199 1 0
5.67 -7.89 1.69 21.93 2.58 45.406373 11.895231 0 0
5.91 -8.11 1.72 21.9 2.58 45.406373 11.895231 1 0
5.84 -7.88 1.74 22.78 2.58 45.406373 11.895231 0 0
6.89 -8.63 1.76 23.07 2.58 45.406373 11.895231 1 0
5.29 -7.39 1.55 22.64 2.58 45.406373 11.895231 1 0
4.99 -8.0 1.64 22.42 2.58 45.406373 11.895231 1 0
5.83 -7.46 1.82 22.23 2.58 45.406373 11.895231 1 0
5.88 -8.25 1.77 21.81 2.58 45.406373 11.895231 1 0
5.49 -8.11 1.75 21.76 2.58 45.406373 11.895231 1 0
6.38 -10.39 1.69 22.16 2.58 45.406373 11.895231 1 0
5.45 -7.07 1.89 22.42 2.58 45.406373 11.895231 1 0
5.41 -6.84 1.61 22.45 2.58 45.406373 11.895231 1 0
5.59 -7.29 1.93 23.55 2.58 45.406373 11.895231 1 0
5.81 -7.41 1.76 22.38 2.58 45.406373 11.895231 1 0
6.03 -7.14 1.87 22.47 2.58 45.406373 11.895231 1 0
6.19 -9.63 1.65 22.26 2.58 45.406373 11.895231 1 0
5.82 -8.41 1.93 22.76 2.58 45.406373 11.895231 1 0
5.64 -8.08 1.66 21.73 2.87 45.406375 11.895267 0 0
5.67 -7.75 1.66 22.64 2.87 45.406375 11.895267 1 0
5.82 -7.63 1.73 22.52 2.87 45.406375 11.895267 0 0
5.98 -7.93 2.05 22.4 2.87 45.406375 11.895267 1 0
5.87 -8.43 1.79 21.9 2.87 45.406375 11.895267 1 0
5.84 -7.83 1.79 22.71 2.87 45.406375 11.895267 1 0
5.51 -8.07 1.64 22.86 2.87 45.406375 11.895267 1 0
5.97 -8.04 1.74 24.08 2.87 45.406375 11.895267 1 0
5.71 -7.79 1.74 22.09 2.87 45.406375 11.895267 1 0
