5.6 -7.9 2.21 22.09 1.95 45.406365 11.895044 0 0
5.76 -7.99 1.89 22.07 1.95 45.406365 11.895044 1 0
5.82 -8.12 1.95 22.0 1.95 45.406365 11.895044 1 0
6.05 -7.74 1.91 22.05 1.95 45.406365 11.895044 1 0
5.97 -7.81 2.03 22.11 1.95 45.406365 11.895044 1 0
5.79 -8.16 1.78 22.07 1.95 45.406365 11.895044 1 0
5.71 -7.74 1.57 22.05 1.95 45.406365 11.895044 1 0
5.89 -7.81 1.88 21.88 1.95 45.406365 11.895044 1 0
5.96 -8.05 1.8 21.83 1.95 45.406365 11.895044 1 0
6.23 -7.68 1.78 21.93 1.95 45.406365 11.895044 0 0
5.66 -7.61 1.92 21.88 1.95 45.406365 11.895044 1 0
6.02 -7.86 1.76 21.83 1.95 45.406365 11.895044 0 0
6.05 -7.68 1.85 21.37 1.95 45.406365 11.895044 1 0
5.91 -8.03 1.43 22.19 1.95 45.406365 11.895044 1 0
6.17 -7.86 1.55 21.78 1.95 45.406365 11.895044 1 0
5.81 -7.84 1.91 22.24 1.95 45.406365 11.895044 1 0
5.95 -7.75 1.93 22.45 1.95 45.406365 11.895044 1 0
5.87 -7.77 1.97 22.47 1.95 45.406365 11.895044 1 0
5.88 -8.01 1.63 22.86 1.95 45.406365 11.895044 1 0
5.8 -8.0 1.41 22.16 1.95 45.406365 11.895044 1 0
5.73 -7.92 1.41 22.17 1.95 45.406365 11.895044 1 0
5.66 -7.88 1.63 22.62 1.95 45.406365 11.895044 1 0
5.79 -8.08 1.78 22.21 1.95 45.406365 11.895044 1 0
5.96 -7.62 1.86 22.57 1.95 45.406365 11.895044 1 0
6.25 -8.01 1.6 22.05 1.95 45.406365 11.895044 1 0
5.88 -7.88 2.02 21.92 1.95 45.406365 11.895044 1 0
5.79 -7.81 1.89 21.97 2.65 45.406364 11.895074 0 0
5.94 -7.96 2.01 22.0 2.65 45.406364 11.895074 1 0
5.95 -7.54 1.89 21.52 2.65 45.406364 11.895074 0 0
6.04 -7.76 1.87 21.9 2.65 45.406364 11.895074 1 0
6.06 -8.1 1.86 22.33 2.65 45.406364 11.895074 1 0
5.74 -8.03 1.74 21.95 2.65 45.406364 11.895074 1 0
5.82 -7.73 1.81 23.2 2.65 45.406364 11.895074 1 0
5.7 -7.71 1.87 22.35 2.65 45.406364 11.895074 1 0
5.81 -7.93 1.87 22.0 2.65 45.406364 11.895074 1 0
