5.89 -7.88 1.85 22.86 2.9 45.407775 11.899389 1 0
5.84 -7.72 1.42 22.07 2.9 45.407775 11.899389 1 0
5.8 -7.84 1.24 22.42 2.9 45.407775 11.899389 1 0
5.63 -8.05 1.41 22.09 2.9 45.407775 11.899389 1 0
5.67 -7.9 1.67 21.9 2.9 45.407775 11.899389 1 0
6.01 -7.68 1.88 22.24 2.9 45.407775 11.899389 1 0
6.23 -7.76 2.03 22.21 2.9 45.407775 11.899389 1 0
6.21 -7.75 2.11 22.29 2.9 45.407775 11.899389 1 0
6.26 -7.46 2.13 21.78 2.9 45.407775 11.899389 1 0
6.41 -7.37 2.1 22.26 2.74 45.407785 11.899423 0 0
6.41 -7.48 2.04 21.99 2.74 45.407785 11.899423 1 0
6.17 -7.42 1.97 21.93 2.74 45.407785 11.899423 0 0
5.87 -7.55 1.94 21.88 2.74 45.407785 11.899423 1 0
5.69 -8.06 1.85 21.85 2.74 45.407785 11.899423 1 0
5.63 -8.18 1.67 21.92 2.74 45.407785 11.899423 1 0
5.63 -7.81 1.59 21.9 2.74 45.407785 11.899423 1 0
5.8 -7.77 1.67 23.41 2.74 45.407785 11.899423 1 0
6.15 -7.92 1.69 22.14 2.74 45.407785 11.899423 1 0
6.19 -7.59 1.68 22.88 2.74 45.407785 11.899423 1 0
5.96 -7.44 1.9 21.92 2.74 45.407785 11.899423 1 0
6.31 -8.03 2.2 22.19 2.74 45.407785 11.899423 1 0
6.93 -8.4 2.17 21.59 2.74 45.407785 11.899423 1 0
6.44 -7.99 1.86 21.95 2.74 45.407785 11.899423 1 0
5.45 -7.58 1.63 22.88 2.74 45.407785 11.899423 1 0
5.9 -7.62 1.56 24.3 2.74 45.407785 11.899423 1 0
6.91 -7.81 1.71 22.24 2.74 45.407785 11.899423 1 0
6.12 -8.02 2.18 21.83 2.23 45.407795 11.899448 0 0
4.69 -8.02 2.5 21.42 2.23 45.407795 11.899448 1 0
5.34 -7.86 2.21 20.87 2.23 45.407795 11.899448 0 0
6.82 -8.19 1.75 21.23 2.23 45.407795 11.899448 1 0
6.45 -8.55 1.8 21.87 2.23 45.407795 11.899448 1 0
5.45 -7.5 2.1 22.16 2.23 45.407795 11.899448 1 0
6.07 -5.98 2.11 22.21 2.23 45.407795 11.899448 1 0
6.9 -6.45 2.01 22.04 2.23 45.407795 11.899448 1 0
6.17 -8.08 2.08 22.0 2.23 45.407795 11.899448 1 0
