6.35 -7.64 1.73 22.26 2.87 45.407828 11.899601 1 1
6.41 -7.7 1.84 21.83 2.87 45.407828 11.899601 1 1
6.37 -7.65 2.49 22.33 2.87 45.407828 11.899601 1 1
6.07 -7.4 2.16 21.97 2.87 45.407828 11.899601 1 1
6.22 -7.68 2.09 21.59 2.87 45.407828 11.899601 1 1
5.87 -7.61 2.41 22.45 2.87 45.407828 11.899601 1 1
6.83 -7.9 1.85 22.52 2.87 45.407828 11.899601 1 1
6.53 -8.16 2.18 22.17 2.87 45.407828 11.899601 1 1
7.77 -7.64 2.09 23.39 2.87 45.407828 11.899601 1 1
3.97 -7.76 1.81 23.56 3.44 45.407836 11.899645 0 1
3.12 -7.58 2.08 22.29 3.44 45.407836 11.899645 1 1
3.8 -7.78 1.61 19.24 3.44 45.407836 11.899645 0 1
7.93 -9.79 1.87 16.86 3.44 45.407836 11.899645 1 1
8.52 -12.68 1.15 17.51 3.44 45.407836 11.899645 1 1
6.4 -8.27 3.27 20.46 3.44 45.407836 11.899645 1 1
3.95 -3.42 1.34 24.68 3.44 45.407836 11.899645 1 1
4.45 -4.5 1.75 24.52 3.44 45.407836 11.899645 1 1
4.19 -2.89 1.95 23.24 3.44 45.407836 11.899645 1 1
13.73 -12.91 2.91 21.66 3.44 45.407836 11.899645 1 1
6.44 -10.05 1.88 21.33 3.44 45.407836 11.899645 1 1
5.63 -11.67 1.21 22.04 3.44 45.407836 11.899645 1 1
4.54 -6.52 1.92 22.55 3.44 45.407836 11.899645 1 1
5.91 -6.78 2.24 22.43 3.44 45.407836 11.899645 1 1
6.49 -6.5 1.5 22.14 3.44 45.407836 11.899645 1 1
6.59 -7.38 1.76 21.75 3.44 45.407836 11.899645 1 1
6.41 -8.9 2.18 21.28 3.44 45.407836 11.899645 1 1
6.38 -8.45 1.72 21.68 3.44 45.407836 11.899645 1 1
6.0 -7.05 1.75 21.88 2.72 45.407845 11.899683 0 1
5.96 -6.73 2.31 21.93 2.72 45.407845 11.899683 1 1
5.9 -7.77 1.97 21.81 2.72 45.407845 11.899683 0 1
5.78 -7.84 1.87 21.3 2.72 45.407845 11.899683 1 1
5.84 -8.18 1.56 21.37 2.72 45.407845 11.899683 1 1
5.74 -8.4 1.9 21.52 2.72 45.407845 11.899683 1 1
5.64 -7.77 1.96 21.97 2.72 45.407845 11.899683 1 1
5.75 -7.27 1.78 22.19 2.72 45.407845 11.899683 1 1
