5.95 -7.88 2.16 21.66 2.23 45.407795 11.899448 1 0
5.45 -8.02 2.26 21.13 2.23 45.407795 11.899448 1 0
7.41 -7.53 2.13 21.39 2.23 45.407795 11.899448 1 0
5.24 -9.28 2.35 22.21 2.23 45.407795 11.899448 1 0
5.03 -7.58 2.12 22.31 2.23 45.407795 11.899448 1 0
5.65 -6.62 1.88 22.35 2.23 45.407795 11.899448 1 0
5.8 -7.16 2.29 21.9 2.23 45.407795 11.899448 1 0
6.98 -8.67 1.09 21.63 2.23 45.407795 11.899448 1 0
6.37 -7.68 2.01 21.9 2.23 45.407795 11.899448 1 0
6.49 -7.52 1.43 21.81 2.68 45.407801 11.899484 0 0
5.9 -7.13 1.76 21.68 2.68 45.407801 11.899484 1 0
6.26 -7.36 1.55 23.12 2.68 45.407801 11.899484 0 0
6.57 -7.62 2.13 22.19 2.68 45.407801 11.899484 1 0
6.03 -7.97 1.92 22.0 2.68 45.407801 11.899484 1 0
5.76 -7.76 1.7 21.66 2.68 45.407801 11.899484 1 0
5.25 -7.19 1.09 21.68 2.68 45.407801 11.899484 1 0
5.83 -8.39 1.97 21.69 2.68 45.407801 11.899484 1 0
5.66 -8.67 2.17 21.8 2.68 45.407801 11.899484 1 0
6.43 -7.87 1.71 22.35 2.68 45.407801 11.899484 1 0
6.17 -7.28 1.55 22.67 2.68 45.407801 11.899484 1 0
5.76 -6.75 1.65 22.5 2.68 45.407801 11.899484 1 0
6.32 -7.73 1.77 21.9 2.68 45.407801 11.899484 1 0
6.39 -8.25 1.84 21.59 2.68 45.407801 11.899484 1 0
6.86 -8.64 1.88 21.76 2.68 45.407801 11.899484 1 0
6.14 -7.96 1.98 22.26 2.68 45.407801 11.899484 1 0
5.57 -6.65 2.15 22.4 2.68 45.407801 11.899484 1 0
5.74 -7.3 1.92 22.21 3.01 45.407808 11.899522 0 0
5.4 -8.01 1.91 21.64 3.01 45.407808 11.899522 1 0
5.84 -9.14 1.77 21.33 3.01 45.407808 11.899522 1 0
6.12 -8.54 1.8 21.68 3.01 45.407808 11.899522 0 0
5.66 -7.45 1.75 21.54 3.01 45.407808 11.899522 1 0
6.07 -6.83 1.84 21.99 3.01 45.407808 11.899522 1 0
5.85 -7.69 2.23 21.73 3.01 45.407808 11.899522 1 0
6.41 -7.74 2.08 21.52 3.01 45.407808 11.899522 1 0
6.3 -8.24 1.75 21.85 3.01 45.407808 11.899522 1 0
