5.46 -7.99 1.98 22.0 1.99 45.407762 11.899318 1 0
5.71 -7.87 1.98 21.64 1.99 45.407762 11.899318 1 0
5.98 -7.83 1.72 21.97 1.99 45.407762 11.899318 1 0
6.04 -7.8 1.59 22.0 1.99 45.407762 11.899318 1 0
6.07 -7.81 1.67 22.0 1.99 45.407762 11.899318 1 0
6.16 -7.81 1.75 22.35 1.99 45.407762 11.899318 1 0
6.08 -7.68 1.82 21.92 1.99 45.407762 11.899318 1 0
5.93 -7.59 1.89 22.35 1.99 45.407762 11.899318 1 0
6.07 -7.7 1.81 21.78 1.99 45.407762 11.899318 1 0
6.28 -7.86 1.74 21.8 2.57 45.407770 11.899351 0 0
6.03 -7.83 1.78 22.11 2.57 45.407770 11.899351 1 0
5.57 -7.74 1.66 22.23 2.57 45.407770 11.899351 0 0
5.57 -7.84 1.41 22.24 2.57 45.407770 11.899351 1 0
5.84 -8.03 1.58 22.66 2.57 45.407770 11.899351 1 0
5.9 -8.06 2.07 21.76 2.57 45.407770 11.899351 1 0
5.89 -7.91 2.08 21.87 2.57 45.407770 11.899351 1 0
6.1 -7.73 1.73 21.95 2.57 45.407770 11.899351 1 0
6.3 -7.59 1.81 21.97 2.57 45.407770 11.899351 1 0
6.31 -7.54 2.25 22.35 2.57 45.407770 11.899351 1 0
6.29 -7.58 2.37 22.45 2.57 45.407770 11.899351 1 0
6.33 -7.56 2.26 22.45 2.57 45.407770 11.899351 1 0
6.36 -7.43 2.36 22.12 2.57 45.407770 11.899351 1 0
6.18 -7.47 2.41 22.11 2.57 45.407770 11.899351 1 0
5.73 -7.82 2.05 21.64 2.57 45.407770 11.899351 1 0
5.38 -8.15 1.5 22.4 2.57 45.407770 11.899351 1 0
5.52 -8.16 1.23 21.33 2.57 45.407770 11.899351 1 0
5.86 -7.97 1.33 21.66 2.9 45.407775 11.899389 0 0
5.95 -7.76 1.6 22.09 2.9 45.407775 11.899389 1 0
5.98 -7.55 1.86 22.55 2.9 45.407775 11.899389 0 0
6.2 -7.47 2.04 22.16 2.9 45.407775 11.899389 1 0
6.29 -7.63 2.12 22.04 2.9 45.407775 11.899389 1 0
6.14 -7.76 2.06 21.99 2.9 45.407775 11.899389 1 0
6.13 -7.69 1.95 22.09 2.9 45.407775 11.899389 1 0
6.25 -7.7 2.0 21.68 2.9 45.407775 11.899389 1 0
6.13 -7.88 2.08 21.88 2.9 45.407775 11.899389 1 0
