6.13 -7.77 1.97 22.16 2.72 45.407845 11.899683 1 0
6.24 -8.13 2.12 22.45 2.72 45.407845 11.899683 1 0
6.08 -7.95 2.23 21.92 2.72 45.407845 11.899683 1 0
6.19 -7.65 2.16 22.0 2.72 45.407845 11.899683 1 0
6.38 -7.58 1.78 22.09 2.72 45.407845 11.899683 1 0
6.28 -7.52 1.42 22.16 2.72 45.407845 11.899683 1 0
6.05 -7.54 1.42 22.0 2.72 45.407845 11.899683 1 0
5.84 -7.93 1.55 22.05 2.72 45.407845 11.899683 1 0
5.59 -8.27 1.59 21.33 2.72 45.407845 11.899683 1 0
5.53 -8.09 1.7 21.87 2.83 45.407854 11.899717 0 0
5.83 -7.67 1.8 21.73 2.83 45.407854 11.899717 1 0
6.05 -7.63 1.71 21.78 2.83 45.407854 11.899717 0 0
5.88 -7.9 1.78 21.83 2.83 45.407854 11.899717 1 0
5.71 -7.91 2.17 21.83 2.83 45.407854 11.899717 1 0
5.91 -7.53 2.35 21.9 2.83 45.407854 11.899717 1 0
6.27 -7.32 2.1 21.44 2.83 45.407854 11.899717 1 0
6.4 -7.54 1.9 21.49 2.83 45.407854 11.899717 1 0
6.23 -7.72 1.98 22.07 2.83 45.407854 11.899717 1 0
6.09 -7.62 2.12 21.64 2.83 45.407854 11.899717 1 0
6.18 -7.63 2.18 21.54 2.83 45.407854 11.899717 1 0
6.12 -7.87 2.12 22.0 2.83 45.407854 11.899717 1 0
5.66 -7.94 1.89 22.14 2.83 45.407854 11.899717 1 0
5.37 -7.85 1.72 21.97 2.83 45.407854 11.899717 1 0
5.7 -7.88 1.84 21.54 2.83 45.407854 11.899717 1 0
6.07 -7.91 1.97 21.9 2.83 45.407854 11.899717 1 0
6.08 -7.7 1.81 21.4 2.83 45.407854 11.899717 1 0
6.21 -7.49 1.6 21.39 2.83 45.407854 11.899717 1 0
6.46 -7.48 1.69 22.19 3.21 45.407860 11.899760 0 0
6.34 -7.49 1.93 21.37 3.21 45.407860 11.899760 1 0
6.18 -7.39 2.0 21.88 3.21 45.407860 11.899760 0 0
6.44 -7.45 1.85 21.81 3.21 45.407860 11.899760 1 0
6.48 -7.71 1.65 21.95 3.21 45.407860 11.899760 1 0
5.95 -7.82 1.55 21.88 3.21 45.407860 11.899760 1 0
5.68 -7.72 1.6 21.88 3.21 45.407860 11.899760 1 0
5.9 -7.81 1.8 21.64 3.21 45.407860 11.899760 1 0
