6.22 -7.65 1.94 21.52 1.41  45.407723 11.899084
6.33 -7.49 2.07 21.95
6.23 -7.29 2.24 21.95
6.28 -7.37 2.50 21.95
6.09 -7.69 2.06 21.85
5.98 -7.88 2.08 22.14 1.41  45.407723 11.899084
5.67 -7.98 2.15 21.33
5.40 -8.11 2.25 22.31 1.41  45.407723 11.899084
5.41 -8.11 1.93 21.85
5.85 -7.70 1.85 21.90
5.95 -7.97 1.76 22.60
6.07 -7.55 1.84 22.19
6.10 -7.58 1.99 21.35
6.20 -7.55 2.06 22.16
6.17 -7.54 1.56 22.76
6.13 -7.71 2.06 21.90
6.21 -7.65 1.93 22.42
6.29 -7.54 1.69 22.84
6.12 -7.69 1.39 21.95
6.12 -7.68 1.49 21.90
6.05 -7.79 1.85 21.92
6.02 -7.86 1.73 22.21
5.65 -7.86 1.65 21.76
5.80 -8.06 1.67 21.66 2.58  45.407728 11.899114
5.89 -7.65 1.83 22.11
5.93 -8.00 1.84 22.21 2.58  45.407728 11.899114
6.03 -7.63 1.93 22.17
6.17 -7.79 2.08 22.19
6.51 -7.67 2.01 22.14
6.35 -7.28 2.19 22.19
6.65 -7.58 2.09 21.80
6.34 -7.14 2.19 22.47
6.22 -7.68 2.14 22.47
6.03 -7.65 2.52 22.52
6.09 -7.77 2.31 22.43
5.54 -8.27 2.26 22.45
5.63 -8.07 2.40 22.11
5.52 -8.13 1.57 22.47
5.73 -7.71 1.93 22.05
6.13 -7.96 2.01 22.17
5.74 -7.82 1.89 21.87 2.23  45.407736 11.899141
5.94 -7.56 2.06 21.85
6.15 -7.61 1.71 22.26 2.23  45.407736 11.899141
6.22 -7.32 1.98 21.78
6.26 -7.95 1.94 22.24
6.29 -7.58 1.65 21.90
6.25 -7.52 1.73 21.85
6.18 -7.73 1.46 21.90
5.84 -7.88 1.72 21.95
5.86 -7.89 1.66 22.11
5.58 -7.80 1.87 22.05
5.73 -8.13 2.00 21.93
5.92 -7.98 2.19 21.97
5.96 -7.95 1.98 21.95
6.13 -7.48 1.73 22.42
6.21 -7.27 1.75 21.92
6.40 -7.78 2.10 21.81
6.08 -7.74 2.06 23.14
6.44 -7.67 2.11 21.87 1.83  45.407746 11.899157
6.30 -7.42 2.25 21.97
6.17 -7.41 2.40 21.97 1.83  45.407746 11.899157
6.15 -7.46 2.26 22.24
5.76 -8.05 2.10 21.80
5.71 -8.12 2.08 21.85
5.92 -7.98 1.79 22.26
6.01 -7.43 2.33 22.42
5.76 -7.59 2.12 22.52
5.85 -7.74 2.08 22.07
6.12 -7.58 1.73 22.00
6.13 -7.59 1.77 22.83
6.41 -7.63 1.99 22.02
6.03 -7.57 1.55 22.84
6.36 -7.49 1.84 22.88
5.90 -7.44 1.49 21.95
6.54 -7.80 1.32 22.16
6.32 -8.00 1.70 21.69 2.26  45.407755 11.899185
5.83 -7.94 2.02 21.78
5.55 -7.74 2.15 21.87 2.26  45.407755 11.899185
5.94 -7.81 1.76 21.90
5.64 -7.97 1.75 21.90
5.68 -7.95 2.00 22.66
6.24 -7.98 1.95 21.92
5.98 -7.74 1.84 21.90
6.37 -7.31 2.12 22.24
6.08 -7.97 2.02 22.42
6.09 -7.64 1.80 21.88
6.25 -7.92 2.05 22.31
5.99 -7.89 2.01 22.33
5.89 -7.56 2.30 22.43
5.86 -7.70 2.31 22.47
5.77 -7.84 2.22 22.88
5.86 -7.86 1.93 22.26
5.86 -8.14 2.03 22.26
5.66 -7.99 1.95 21.85 2.86  45.407761 11.899223
6.01 -7.52 1.82 22.24
6.11 -7.69 1.74 21.85 2.86  45.407761 11.899223
6.07 -7.63 1.61 22.26
6.26 -7.75 1.61 22.21
6.04 -7.71 1.66 21.90
6.21 -7.53 1.70 21.44
6.17 -7.61 2.01 21.81
6.02 -7.97 1.98 22.33
5.79 -7.69 1.77 21.93
5.77 -8.32 1.70 21.95
5.45 -8.00 1.87 22.93
5.80 -7.95 1.84 22.36
5.97 -7.71 2.10 22.02
5.86 -7.95 1.89 21.88
6.09 -7.73 1.94 21.95
5.93 -7.98 2.05 22.21
5.97 -7.69 2.25 22.60 2.58  45.407770 11.899258
6.07 -7.68 2.23 21.71
6.16 -7.78 2.15 21.85 2.58  45.407770 11.899258
6.02 -7.68 2.26 22.42
5.94 -7.90 2.17 22.36
5.72 -7.90 2.19 21.78
5.86 -7.85 1.92 22.23
5.78 -7.89 1.94 21.75
5.81 -7.98 2.16 21.80
5.83 -7.67 1.87 22.07
6.14 -7.68 1.66 22.79
6.21 -7.38 1.81 21.95
6.26 -7.67 1.77 21.90
6.08 -7.71 1.64 21.97
6.14 -7.60 1.56 21.92
6.40 -7.50 1.51 21.95
6.10 -7.54 1.58 22.00
6.07 -7.63 1.92 21.90
5.89 -7.73 1.73 21.90 2.43  45.407784 11.899287
5.87 -8.10 1.89 21.81
5.76 -7.75 2.07 21.85 2.43  45.407784 11.899287
5.91 -8.08 2.05 22.26
5.95 -7.56 1.85 21.76
6.17 -7.64 1.75 22.57
6.08 -7.63 2.06 21.75
6.21 -7.70 1.91 22.26
6.22 -8.05 1.80 22.83
6.10 -7.78 1.97 22.02
6.61 -7.33 1.74 21.99
5.95 -7.58 2.23 22.47
5.82 -8.14 2.01 21.90
5.74 -8.04 2.11 21.92
5.68 -8.02 1.76 21.99
5.81 -7.86 1.98 22.04
5.86 -7.99 2.08 21.85
5.95 -7.62 1.94 21.90 2.66  45.407786 11.899324
6.21 -7.93 1.90 22.05
5.95 -7.44 1.61 22.60 2.66  45.407786 11.899324
6.03 -7.76 1.93 21.76
6.04 -7.57 1.83 22.28
6.25 -7.72 1.42 22.16
6.07 -7.84 1.75 22.23
5.73 -7.91 1.65 21.90
5.76 -7.94 1.57 21.44
5.69 -7.91 1.92 21.97
5.75 -7.91 1.93 22.79
6.11 -7.93 1.75 21.47
6.15 -7.82 1.86 23.26
5.83 -7.66 1.94 48.41
6.22 -7.81 1.92 22.04
6.24 -7.62 1.84 22.47
6.19 -7.74 2.05 21.90
5.84 -7.68 1.94 22.60
5.96 -7.80 1.84 22.11 3.28  45.407790 11.899370
5.80 -7.95 2.08 22.47
5.74 -7.97 1.94 22.23 3.28  45.407790 11.899370
5.69 -8.02 1.87 21.75
5.72 -7.99 1.92 21.75
5.82 -7.53 2.10 22.23
6.07 -7.59 2.13 22.12
5.83 -7.67 2.16 22.07
6.21 -7.76 1.79 22.17
6.22 -7.82 1.82 21.87
6.01 -7.69 1.98 22.28
6.30 -7.75 2.01 22.81
6.03 -7.55 1.84 22.42
5.95 -7.63 1.62 22.11
5.56 -7.92 1.43 22.52
5.76 -8.02 1.70 21.57
5.31 -7.39 1.81 22.96
6.52 -8.31 1.60 21.75 1.56  45.407793 11.899401
5.74 -7.73 1.49 22.11
5.65 -7.37 1.50 22.47 1.56  45.407793 11.899401
6.56 -7.94 1.87 22.48
6.01 -6.89 2.25 22.67
6.44 -8.71 2.17 22.05
5.44 -8.39 2.42 22.31
6.00 -6.92 2.44 21.54
6.12 -8.21 2.22 21.08
5.80 -8.43 1.86 21.81
5.97 -8.19 1.77 22.42
5.17 -6.28 1.94 22.52
5.70 -7.33 1.81 22.38
6.19 -7.84 1.91 21.61
5.83 -8.42 1.55 21.35
6.07 -7.73 1.50 21.69
7.36 -7.88 1.92 21.20
6.17 -7.18 1.70 21.95
5.88 -7.90 1.92 22.74 3.03  45.407799 11.899441
5.91 -7.18 1.37 22.47
5.82 -6.12 1.49 21.95 3.03  45.407799 11.899441
7.00 -9.48 0.54 22.33
5.94 -8.22 1.36 22.47
5.48 -8.04 1.87 21.76
5.43 -7.58 1.59 23.43
5.91 -7.49 1.98 22.05
6.43 -7.54 1.93 21.69
6.16 -7.84 2.26 21.97
6.36 -7.55 2.04 22.23
5.69 -6.98 2.22 21.92
6.37 -7.46 2.30 21.80
6.75 -8.67 1.88 21.80
6.37 -7.91 2.38 22.72
5.59 -7.81 2.25 23.03
5.03 -7.11 1.87 22.29
5.61 -7.92 1.81 21.44 2.87  45.407807 11.899479
6.03 -8.66 1.95 21.44
6.28 -8.71 2.14 21.56 2.87  45.407807 11.899479
6.19 -7.61 1.54 22.05
5.73 -6.80 1.77 22.26
6.04 -7.13 1.41 22.05
6.42 -7.76 1.74 21.49
6.63 -8.19 1.59 21.04
6.12 -8.24 1.78 21.69
5.63 -7.69 1.43 22.00
5.59 -7.12 1.78 22.05
5.73 -7.93 1.74 21.85
5.99 -7.89 1.87 21.73
5.46 -8.75 1.71 21.85
6.08 -7.72 2.15 21.95
6.50 -7.38 2.12 22.02
6.20 -6.99 1.89 21.76
6.26 -7.59 2.05 21.95
6.34 -7.85 2.16 21.97 3.28  45.407812 11.899525
6.49 -7.68 2.27 21.44
6.06 -7.75 2.23 21.81 3.28  45.407812 11.899525
5.80 -7.95 2.14 22.09
5.77 -8.23 2.37 21.78
6.00 -7.74 1.98 22.14
5.88 -7.76 2.13 21.85
5.69 -7.69 1.99 21.95
6.14 -7.38 1.76 22.04
6.60 -7.39 1.82 22.05
6.32 -7.31 1.71 21.95
6.17 -7.79 1.92 21.97
6.07 -7.82 1.57 21.92
6.11 -7.83 1.89 21.57
6.45 -7.47 1.77 22.02
6.04 -7.40 1.93 22.47
5.91 -7.85 2.10 21.90
5.71 -7.72 2.02 21.78 3.55  45.407818 11.899572
5.51 -7.81 2.13 22.24
5.86 -8.22 1.69 21.80 3.55  45.407818 11.899572
6.29 -7.64 1.82 21.75
6.23 -7.34 2.05 21.75
6.34 -7.63 2.02 21.40
6.28 -7.48 2.21 21.90
6.67 -7.35 2.02 21.95
6.41 -7.35 2.16 21.90
5.97 -7.63 2.25 22.11
5.83 -8.04 2.11 22.16
5.88 -7.56 2.27 22.12
5.88 -7.87 2.13 21.56
5.91 -7.89 1.87 21.87
6.19 -7.92 1.89 21.95
5.93 -7.74 1.77 21.59
5.85 -7.63 1.77 21.66
6.36 -7.82 1.97 22.04
6.40 -7.44 1.87 22.05 3.63  45.407825 11.899620
6.49 -7.57 1.78 22.45
8.72 -9.63 1.93 23.50 3.63  45.407825 11.899620
4.95 -8.24 1.82 24.18
4.74 -6.20 1.92 24.51
5.43 -7.10 1.48 20.94
3.86 -6.28 0.99 18.35
7.16 -15.68 1.11 19.40
4.93 -10.64 2.91 18.71
5.31 -4.72 1.12 21.30
4.89 -3.40 1.12 25.19
6.38 -5.53 2.08 24.32
6.26 -2.13 2.50 22.95
15.04 -10.89 3.21 21.40
6.33 -9.39 4.30 21.30
5.04 -10.00 2.24 22.02
4.35 -8.11 1.92 21.66
5.19 -7.07 2.02 21.51 2.76  45.407833 11.899660
5.96 -7.73 1.28 21.80
6.09 -8.37 1.95 21.95 2.76  45.407833 11.899660
5.05 -8.74 2.21 21.40
5.69 -7.44 1.93 21.90
6.19 -7.32 1.55 21.28
6.22 -7.26 1.71 21.69
6.34 -7.75 1.45 21.68
6.13 -7.58 1.60 21.95
6.20 -7.83 1.81 22.16
5.96 -7.58 1.81 22.16
5.80 -7.84 1.73 21.81
5.86 -8.12 1.10 22.19
5.97 -7.98 1.45 22.62
5.86 -8.10 1.62 22.12
6.14 -7.69 2.14 22.11
6.27 -7.81 1.70 22.11
5.99 -7.60 1.81 21.92
5.81 -7.77 2.28 21.42 3.05  45.407839 11.899701
6.19 -7.67 2.44 21.81
6.18 -7.74 2.29 21.85 3.05  45.407839 11.899701
5.89 -7.79 2.35 21.76
5.71 -7.76 1.95 21.88
5.68 -7.99 2.76 22.00
5.65 -8.00 2.09 21.95
5.83 -7.94 2.13 21.90
6.17 -7.77 2.09 22.02
6.02 -7.70 2.25 22.16
6.28 -7.48 2.63 22.23
6.07 -7.50 2.21 22.04
6.00 -7.52 2.37 22.05
6.03 -8.08 2.02 22.07
6.02 -7.83 1.78 22.07
5.98 -7.53 1.93 22.02
6.27 -7.81 1.76 21.95
5.88 -7.75 1.39 21.90 3.23  45.407848 11.899744
5.92 -7.92 1.43 21.95
5.82 -8.23 1.72 21.54 3.23  45.407848 11.899744
5.14 -7.89 1.97 22.00
5.44 -8.01 2.02 21.97
5.49 -8.21 1.83 21.87
5.82 -8.05 1.89 21.81
5.70 -7.86 2.12 21.87
5.79 -7.83 1.89 21.97
5.89 -7.63 1.78 22.05
5.99 -8.05 1.63 21.57
5.75 -7.98 1.85 21.61
5.96 -7.98 1.52 22.02
5.83 -7.72 1.91 22.00
