6.3 -7.72 1.99 21.99 3.15 45.407997 11.888370 1 0
6.42 -7.45 2.24 22.05 3.15 45.407997 11.888370 1 0
6.29 -7.39 2.17 22.52 3.15 45.407997 11.888370 1 0
5.93 -7.72 1.87 22.05 3.15 45.407997 11.888370 1 0
5.85 -7.95 1.8 21.97 3.15 45.407997 11.888370 1 0
6.04 -7.97 1.91 22.0 3.15 45.407997 11.888370 1 0
5.95 -7.97 1.9 21.93 3.15 45.407997 11.888370 1 0
5.75 -7.93 1.81 21.9 3.53 45.407991 11.888324 0 0
6.02 -7.79 1.83 21.81 3.53 45.407991 11.888324 1 0
6.47 -7.74 1.86 21.81 3.53 45.407991 11.888324 1 0
6.45 -7.71 1.82 21.9 3.53 45.407991 11.888324 0 0
6.21 -7.55 1.76 22.0 3.53 45.407991 11.888324 1 0
6.24 -7.47 1.65 22.05 3.53 45.407991 11.888324 1 0
6.26 -7.67 1.6 21.92 3.53 45.407991 11.888324 1 0
6.03 -7.91 1.77 21.87 3.53 45.407991 11.888324 1 0
5.91 -7.95 1.89 21.92 3.53 45.407991 11.888324 1 0
5.94 -7.86 1.61 21.63 3.53 45.407991 11.888324 1 0
5.88 -7.77 1.31 22.02 3.53 45.407991 11.888324 1 0
5.93 -7.74 1.41 21.66 3.53 45.407991 11.888324 1 0
6.22 -7.78 1.69 22.0 3.53 45.407991 11.888324 1 0
6.34 -7.76 1.87 21.61 3.53 45.407991 11.888324 1 0
6.16 -7.55 1.99 22.07 3.53 45.407991 11.888324 1 0
6.13 -7.38 2.0 22.16 3.53 45.407991 11.888324 1 0
6.3 -7.59 1.81 22.02 3.53 45.407991 11.888324 1 0
6.24 -7.97 1.79 21.97 3.53 45.407991 11.888324 1 0
5.9 -7.93 2.02 21.51 2.78 45.407992 11.888287 0 0
5.66 -7.57 2.04 21.95 2.78 45.407992 11.888287 1 0
5.68 -7.67 1.81 21.33 2.78 45.407992 11.888287 0 0
5.78 -8.16 1.69 21.59 2.78 45.407992 11.888287 1 0
5.96 -8.22 1.71 21.25 2.78 45.407992 11.888287 1 0
6.28 -7.86 1.67 21.45 2.78 45.407992 11.888287 1 0
6.28 -7.69 1.61 22.47 2.78 45.407992 11.888287 1 0
5.9 -7.48 1.56 22.72 2.78 45.407992 11.888287 1 0
5.96 -7.29 1.55 21.75 2.78 45.407992 11.888287 1 0
6.13 -7.9 1.76 22.05 2.78 45.407992 11.888287 1 0
