5.62 -7.92 1.68 22.57 3.34 45.868352 12.306981 0
5.23 -8.18 1.82 23.12 3.34 45.868352 12.306981 0
5.35 -7.62 1.97 22.48 3.42 45.868322 12.306990 1
5.96 -8.03 1.77 22.91 3.42 45.868322 12.306990 0
5.71 -7.68 1.72 23.22 3.42 45.868322 12.306990 1
5.92 -8.08 1.89 23.39 3.42 45.868322 12.306990 0
5.95 -7.73 2.01 22.62 3.42 45.868322 12.306990 0
6.25 -7.71 2.24 22.71 3.42 45.868322 12.306990 0
5.69 -7.53 2.42 22.69 3.42 45.868322 12.306990 0
6.16 -7.88 1.93 23.24 3.42 45.868322 12.306990 0
6.18 -7.32 2.29 24.04 3.42 45.868322 12.306990 0
5.79 -7.7 2.33 22.74 3.42 45.868322 12.306990 0
5.66 -8.01 1.87 23.55 3.42 45.868322 12.306990 0
5.69 -8.11 1.84 23.19 3.42 45.868322 12.306990 0
6.24 -8.02 2.2 22.88 3.42 45.868322 12.306990 0
5.94 -7.4 1.93 24.27 3.42 45.868322 12.306990 0
6.1 -7.23 2.06 23.48 3.42 45.868322 12.306990 0
5.94 -7.47 1.94 22.62 3.42 45.868322 12.306990 0
5.79 -7.67 1.71 22.45 3.48 45.868291 12.307000 1
6.07 -8.67 1.63 22.42 3.48 45.868291 12.307000 0
6.32 -7.54 1.36 22.84 3.48 45.868291 12.307000 1
6.14 -7.92 1.88 22.16 3.48 45.868291 12.307000 0
5.88 -7.39 2.02 23.32 3.48 45.868291 12.307000 0
6.16 -7.85 1.52 22.52 3.48 45.868291 12.307000 0
5.82 -7.85 1.31 22.71 3.48 45.868291 12.307000 0
5.59 -8.24 1.72 22.54 3.48 45.868291 12.307000 0
6.06 -8.38 1.93 22.67 3.48 45.868291 12.307000 0
6.0 -8.09 1.94 22.93 3.48 45.868291 12.307000 0
6.11 -7.71 1.89 23.62 3.48 45.868291 12.307000 0
5.76 -7.14 1.62 22.95 3.48 45.868291 12.307000 0
6.5 -7.77 1.7 23.24 3.48 45.868291 12.307000 0
6.21 -8.67 1.6 22.52 3.48 45.868291 12.307000 0
5.46 -7.3 1.87 22.69 3.48 45.868291 12.307000 0
4.71 -6.39 2.27 22.43 3.48 45.868291 12.307000 0
7.89 -10.79 3.18 22.17 3.48 45.868291 12.307000 0
