5.89 -7.0 2.31 23.48 3.48 45.868136 12.307040 0
6.78 -7.71 1.26 22.83 3.48 45.868136 12.307040 0
5.46 -10.12 1.64 22.76 3.48 45.868136 12.307040 0
6.29 -7.55 1.23 22.86 3.48 45.868136 12.307040 0
7.39 -6.85 2.23 24.56 3.48 45.868136 12.307040 0
5.1 -6.55 1.36 23.22 3.48 45.868136 12.307040 0
4.4 -8.08 2.26 24.64 3.48 45.868136 12.307040 0
7.98 -6.34 -0.88 23.05 3.48 45.868136 12.307040 0
7.32 -8.27 -1.22 24.66 3.48 45.868136 12.307040 0
7.61 -10.21 0.97 23.46 3.48 45.868136 12.307040 0
4.89 -4.83 0.7 23.74 3.48 45.868136 12.307040 0
6.55 -8.04 0.22 23.86 3.48 45.868136 12.307040 0
6.03 -9.2 3.47 25.31 3.48 45.868136 12.307040 0
6.73 -7.27 0.56 26.31 3.48 45.868136 12.307040 0
6.04 -10.07 1.9 23.07 3.28 45.868106 12.307047 1
4.95 -7.45 2.52 23.53 3.28 45.868106 12.307047 0
5.27 -8.77 1.65 26.24 3.28 45.868106 12.307047 1
6.4 -9.74 2.65 22.79 3.28 45.868106 12.307047 0
5.35 -7.78 0.71 22.98 3.28 45.868106 12.307047 0
5.76 -7.08 1.84 23.05 3.28 45.868106 12.307047 0
4.07 -7.95 0.58 22.96 3.28 45.868106 12.307047 0
6.43 -7.12 1.42 22.81 3.28 45.868106 12.307047 0
6.14 -7.45 1.95 22.96 3.28 45.868106 12.307047 0
6.05 -7.8 2.33 22.96 3.28 45.868106 12.307047 0
5.54 -7.69 1.16 23.38 3.28 45.868106 12.307047 0
7.14 -8.17 2.01 22.36 3.28 45.868106 12.307047 0
5.86 -7.59 1.44 22.31 3.28 45.868106 12.307047 0
5.32 -7.87 1.07 22.62 3.28 45.868106 12.307047 0
5.82 -8.15 1.16 22.98 3.28 45.868106 12.307047 0
4.71 -7.02 1.22 22.86 3.28 45.868106 12.307047 0
6.11 -6.86 1.04 23.1 3.28 45.868106 12.307047 0
4.85 -7.31 2.04 23.68 3.46 45.868076 12.307056 1
6.66 -8.71 2.66 23.5 3.46 45.868076 12.307056 0
4.57 -7.02 1.47 22.83 3.46 45.868076 12.307056 1
6.63 -6.61 -0.15 22.96 3.46 45.868076 12.307056 0
