6.12 -7.62 1.61 22.64 1.85 45.876334 12.305892 0
5.90 -7.94 1.06 22.79 1.85 45.876334 12.305892 0
5.80 -8.14 1.10 22.21 1.62 45.876328 12.305874 1
5.90 -7.88 1.80 23.41 1.62 45.876328 12.305874 0
6.41 -7.38 1.82 22.60 1.62 45.876328 12.305874 1
6.67 -7.43 2.03 22.45 1.62 45.876328 12.305874 0
6.85 -7.25 1.64 22.95 1.62 45.876328 12.305874 0
6.55 -7.23 2.08 22.86 1.62 45.876328 12.305874 0
6.97 -7.08 2.97 22.50 1.62 45.876328 12.305874 0
6.46 -7.49 2.73 22.43 1.62 45.876328 12.305874 0
5.68 -7.51 2.11 23.17 1.62 45.876328 12.305874 0
6.45 -7.17 2.26 23.03 1.62 45.876328 12.305874 0
6.17 -7.49 2.28 22.71 1.62 45.876328 12.305874 0
5.68 -7.76 2.00 22.71 1.62 45.876328 12.305874 0
5.46 -8.11 2.39 22.81 1.62 45.876328 12.305874 0
5.34 -8.26 2.26 23.17 1.62 45.876328 12.305874 0
5.53 -8.10 1.76 23.08 1.62 45.876328 12.305874 0
5.95 -8.03 1.94 22.67 1.62 45.876328 12.305874 0
5.83 -8.08 1.86 22.09 1.62 45.876328 12.305874 0
5.67 -7.72 1.59 22.54 2.50 45.876313 12.305858 1
6.34 -7.54 1.67 22.64 2.50 45.876313 12.305858 0
6.60 -7.28 1.84 22.62 2.50 45.876313 12.305858 1
6.55 -7.50 1.72 22.47 2.50 45.876313 12.305858 0
5.88 -7.85 1.78 22.62 2.50 45.876313 12.305858 0
6.07 -7.51 1.70 22.59 2.50 45.876313 12.305858 0
6.27 -7.47 1.94 22.54 2.50 45.876313 12.305858 0
6.53 -7.46 1.94 22.47 2.50 45.876313 12.305858 0
6.03 -7.87 1.83 22.57 2.50 45.876313 12.305858 0
5.74 -7.64 1.48 22.71 2.50 45.876313 12.305858 0
5.69 -7.97 1.68 23.07 2.50 45.876313 12.305858 0
5.98 -7.95 1.72 23.10 2.50 45.876313 12.305858 0
5.81 -7.72 1.83 23.12 2.50 45.876313 12.305858 0
6.03 -7.68 2.20 23.14 2.50 45.876313 12.305858 0
6.00 -7.48 2.23 22.67 2.50 45.876313 12.305858 0
6.31 -7.82 1.93 23.12 2.50 45.876313 12.305858 0
6.17 -7.54 2.12 22.43 2.50 45.876313 12.305858 0
5.93 -7.50 2.07 22.47 2.55 45.876297 12.305838 1
6.20 -7.21 1.64 22.19 2.55 45.876297 12.305838 0
6.21 -7.46 1.95 22.48 2.55 45.876297 12.305838 1
6.24 -7.63 2.02 22.28 2.55 45.876297 12.305838 0
6.02 -7.48 1.77 22.96 2.55 45.876297 12.305838 0
6.14 -7.63 1.92 22.57 2.55 45.876297 12.305838 0
5.76 -8.11 1.93 22.95 2.55 45.876297 12.305838 0
5.56 -7.68 1.96 22.55 2.55 45.876297 12.305838 0
5.49 -7.84 1.96 23.07 2.55 45.876297 12.305838 0
5.96 -8.05 1.59 22.19 2.55 45.876297 12.305838 0
6.01 -7.73 2.13 22.71 2.55 45.876297 12.305838 0
6.12 -7.77 1.92 23.15 2.55 45.876297 12.305838 0
6.23 -7.62 1.81 23.14 2.55 45.876297 12.305838 0
6.03 -7.71 1.98 22.67 2.55 45.876297 12.305838 0
6.03 -7.92 1.92 22.69 2.55 45.876297 12.305838 0
6.09 -7.62 1.62 22.90 2.55 45.876297 12.305838 0
6.17 -7.61 1.97 22.42 2.55 45.876297 12.305838 0
6.09 -7.84 1.69 22.60 2.47 45.876282 12.305818 1
5.89 -7.87 1.75 22.60 2.47 45.876282 12.305818 0
5.85 -7.80 1.75 22.66 2.47 45.876282 12.305818 1
6.05 -8.06 1.65 22.86 2.47 45.876282 12.305818 0
5.77 -7.65 1.87 22.48 2.47 45.876282 12.305818 0
5.82 -7.89 2.15 22.55 2.47 45.876282 12.305818 0
6.34 -8.08 1.98 22.50 2.47 45.876282 12.305818 0
6.01 -7.50 2.07 22.76 2.47 45.876282 12.305818 0
5.76 -7.56 1.78 22.62 2.47 45.876282 12.305818 0
6.02 -7.75 1.77 22.17 2.47 45.876282 12.305818 0
6.08 -7.86 1.96 22.60 2.47 45.876282 12.305818 0
5.91 -7.68 1.80 22.67 2.47 45.876282 12.305818 0
5.92 -7.60 2.24 22.66 2.47 45.876282 12.305818 0
5.96 -7.50 2.01 22.66 2.47 45.876282 12.305818 0
5.97 -8.02 2.06 22.62 2.47 45.876282 12.305818 0
5.51 -7.80 1.96 22.57 2.47 45.876282 12.305818 0
5.77 -8.04 1.87 22.60 2.59 45.876266 12.305797 1
6.02 -7.91 2.07 22.59 2.59 45.876266 12.305797 0
5.60 -7.65 1.78 22.45 2.59 45.876266 12.305797 1
5.78 -7.91 1.82 22.47 2.59 45.876266 12.305797 0
5.84 -7.72 1.60 22.57 2.59 45.876266 12.305797 0
6.28 -7.75 1.89 22.48 2.59 45.876266 12.305797 0
5.78 -7.55 1.66 22.57 2.59 45.876266 12.305797 0
5.95 -7.60 2.11 22.47 2.59 45.876266 12.305797 0
6.17 -7.60 1.91 22.71 2.59 45.876266 12.305797 0
6.13 -7.82 1.85 23.58 2.59 45.876266 12.305797 0
5.91 -8.05 1.77 22.23 2.59 45.876266 12.305797 0
5.77 -8.11 1.78 22.76 2.59 45.876266 12.305797 0
6.15 -8.24 1.57 22.66 2.59 45.876266 12.305797 0
5.74 -7.55 1.26 22.24 2.59 45.876266 12.305797 0
5.93 -7.93 1.45 22.69 2.59 45.876266 12.305797 0
5.88 -7.65 1.75 22.69 2.59 45.876266 12.305797 0
5.91 -8.07 1.69 22.00 2.59 45.876266 12.305797 0
5.85 -7.41 1.73 22.52 2.31 45.876252 12.305776 1
5.89 -7.71 2.02 22.52 2.31 45.876252 12.305776 0
6.22 -7.69 1.99 22.55 2.31 45.876252 12.305776 1
6.07 -7.75 1.91 22.59 2.31 45.876252 12.305776 0
5.96 -7.69 2.16 22.91 2.31 45.876252 12.305776 0
5.82 -7.97 2.08 22.60 2.31 45.876252 12.305776 0
5.91 -7.97 1.97 22.60 2.31 45.876252 12.305776 0
5.90 -7.89 1.64 22.14 2.31 45.876252 12.305776 0
5.74 -8.11 1.75 22.24 2.31 45.876252 12.305776 0
5.87 -7.93 2.05 22.67 2.31 45.876252 12.305776 0
5.97 -8.00 1.96 22.76 2.31 45.876252 12.305776 0
5.90 -7.65 1.50 23.17 2.31 45.876252 12.305776 0
6.08 -7.55 1.74 22.72 2.31 45.876252 12.305776 0
6.38 -7.31 1.72 23.10 2.31 45.876252 12.305776 0
6.20 -7.79 2.11 22.33 2.31 45.876252 12.305776 0
6.06 -7.65 1.62 22.74 2.31 45.876252 12.305776 0
5.98 -7.48 1.93 22.09 2.31 45.876252 12.305776 0
6.02 -7.89 1.58 22.04 2.64 45.876236 12.305753 1
5.95 -8.15 1.75 22.09 2.64 45.876236 12.305753 0
5.60 -8.23 1.55 21.97 2.64 45.876236 12.305753 1
5.61 -8.09 1.87 22.52 2.64 45.876236 12.305753 0
6.11 -8.66 2.00 22.52 2.64 45.876236 12.305753 0
6.32 -7.26 1.57 23.65 2.64 45.876236 12.305753 0
6.21 -7.27 1.65 23.14 2.64 45.876236 12.305753 0
6.13 -7.90 1.92 23.07 2.64 45.876236 12.305753 0
6.43 -8.12 1.77 22.98 2.64 45.876236 12.305753 0
6.19 -7.51 2.39 22.66 2.64 45.876236 12.305753 0
5.89 -8.06 2.23 22.71 2.64 45.876236 12.305753 0
5.80 -7.42 2.31 22.57 2.64 45.876236 12.305753 0
5.79 -7.37 2.12 22.54 2.64 45.876236 12.305753 0
6.12 -8.06 2.31 23.08 2.64 45.876236 12.305753 0
5.64 -8.07 2.01 22.71 2.64 45.876236 12.305753 0
5.79 -7.79 1.54 22.81 2.64 45.876236 12.305753 0
5.99 -8.01 1.81 22.71 2.64 45.876236 12.305753 0
6.19 -7.70 1.58 22.69 2.87 45.876218 12.305729 1
5.76 -8.11 2.14 22.76 2.87 45.876218 12.305729 0
5.90 -7.34 1.90 22.96 2.87 45.876218 12.305729 1
6.80 -7.83 1.67 22.42 2.87 45.876218 12.305729 0
6.62 -8.95 1.54 21.92 2.87 45.876218 12.305729 0
5.77 -8.02 1.90 23.92 2.87 45.876218 12.305729 0
6.09 -7.45 1.96 22.72 2.87 45.876218 12.305729 0
6.08 -7.44 2.11 24.04 2.87 45.876218 12.305729 0
5.46 -7.59 1.73 22.47 2.87 45.876218 12.305729 0
5.27 -6.98 2.18 22.12 2.87 45.876218 12.305729 0
6.74 -7.18 1.72 22.67 2.87 45.876218 12.305729 0
6.62 -7.74 1.90 22.05 2.87 45.876218 12.305729 0
6.22 -7.78 1.64 23.98 2.87 45.876218 12.305729 0
5.68 -7.91 1.64 24.23 2.87 45.876218 12.305729 0
6.11 -6.88 1.86 24.08 2.87 45.876218 12.305729 0
7.21 -8.24 2.46 23.17 2.87 45.876218 12.305729 0
8.24 -9.57 1.45 23.00 2.87 45.876218 12.305729 0
6.70 -9.34 2.14 23.34 3.16 45.876197 12.305704 1
6.26 -7.47 1.60 23.43 3.16 45.876197 12.305704 0
5.84 -7.87 2.00 23.15 3.16 45.876197 12.305704 1
5.57 -9.64 2.14 22.78 3.16 45.876197 12.305704 0
6.69 -7.65 2.13 23.10 3.16 45.876197 12.305704 0
5.44 -7.30 2.30 22.67 3.16 45.876197 12.305704 0
5.92 -7.84 1.81 22.26 3.16 45.876197 12.305704 0
5.69 -7.56 2.09 22.50 3.16 45.876197 12.305704 0
6.08 -7.34 1.90 24.25 3.16 45.876197 12.305704 0
6.13 -7.68 2.00 23.80 3.16 45.876197 12.305704 0
6.38 -7.69 1.95 22.50 3.16 45.876197 12.305704 0
5.95 -8.20 1.87 29.22 3.16 45.876197 12.305704 0
6.20 -7.86 1.85 22.48 3.16 45.876197 12.305704 0
6.45 -7.96 1.83 22.48 3.16 45.876197 12.305704 0
6.03 -7.62 1.90 22.98 3.16 45.876197 12.305704 0
5.97 -8.00 1.62 23.03 3.16 45.876197 12.305704 0
6.04 -7.44 1.65 22.62 3.16 45.876197 12.305704 0
5.64 -8.22 1.73 22.48 3.01 45.876173 12.305691 1
5.82 -8.06 1.86 22.14 3.01 45.876173 12.305691 0
5.73 -8.31 1.97 22.71 3.01 45.876173 12.305691 1
6.27 -8.30 1.78 23.31 3.01 45.876173 12.305691 0
5.64 -7.78 1.46 22.31 3.01 45.876173 12.305691 0
5.55 -6.97 1.92 22.96 3.01 45.876173 12.305691 0
6.32 -7.98 1.75 22.31 3.01 45.876173 12.305691 0
5.96 -8.15 2.32 22.71 3.01 45.876173 12.305691 0
5.84 -7.59 1.98 22.07 3.01 45.876173 12.305691 0
5.92 -7.23 2.33 22.59 3.01 45.876173 12.305691 0
6.03 -7.34 2.30 22.11 3.01 45.876173 12.305691 0
5.87 -7.55 1.77 26.57 3.01 45.876173 12.305691 0
5.47 -8.28 1.54 23.08 3.01 45.876173 12.305691 0
5.40 -7.96 1.89 25.83 3.01 45.876173 12.305691 0
5.79 -8.21 1.65 23.02 3.01 45.876173 12.305691 0
5.48 -8.21 1.17 23.05 3.01 45.876173 12.305691 0
6.02 -7.43 1.58 22.04 2.88 45.876148 12.305680 1
6.43 -7.94 1.64 23.77 2.88 45.876148 12.305680 0
5.99 -8.07 2.01 23.32 2.88 45.876148 12.305680 1
5.91 -7.38 2.08 22.57 2.88 45.876148 12.305680 0
5.98 -7.38 2.28 23.41 2.88 45.876148 12.305680 0
5.74 -7.60 1.93 23.00 2.88 45.876148 12.305680 0
5.41 -7.87 1.86 22.60 2.88 45.876148 12.305680 0
5.48 -7.94 1.32 22.55 2.88 45.876148 12.305680 0
5.61 -8.00 1.85 22.83 2.88 45.876148 12.305680 0
5.42 -7.59 2.03 22.74 2.88 45.876148 12.305680 0
5.65 -8.23 1.81 23.14 2.88 45.876148 12.305680 0
6.00 -7.99 2.03 24.44 2.88 45.876148 12.305680 0
6.07 -7.80 2.07 28.42 2.88 45.876148 12.305680 0
5.83 -7.77 1.80 22.67 2.88 45.876148 12.305680 0
5.78 -7.81 2.26 22.67 2.88 45.876148 12.305680 0
5.97 -7.86 1.90 22.66 2.88 45.876148 12.305680 0
6.09 -7.99 2.06 22.55 2.88 45.876148 12.305680 0
5.89 -7.83 1.99 22.57 2.81 45.876129 12.305658 1
5.62 -7.86 2.34 23.07 2.81 45.876129 12.305658 0
5.56 -8.15 1.95 22.93 2.81 45.876129 12.305658 1
5.76 -7.79 1.77 22.57 2.81 45.876129 12.305658 0
5.69 -8.05 2.09 22.55 2.81 45.876129 12.305658 0
6.06 -7.99 2.01 22.86 2.81 45.876129 12.305658 0
5.65 -7.87 1.93 22.48 2.81 45.876129 12.305658 0
6.29 -7.45 1.75 23.07 2.81 45.876129 12.305658 0
6.16 -7.93 2.04 26.05 2.81 45.876129 12.305658 0
5.82 -7.67 1.90 22.62 2.81 45.876129 12.305658 0
6.07 -7.83 2.36 23.07 2.81 45.876129 12.305658 0
6.18 -7.63 1.94 22.62 2.81 45.876129 12.305658 0
6.11 -8.22 1.68 23.51 2.81 45.876129 12.305658 0
5.65 -8.01 1.49 23.08 2.81 45.876129 12.305658 0
6.00 -7.63 2.03 22.64 2.81 45.876129 12.305658 0
5.85 -7.51 2.12 22.62 2.81 45.876129 12.305658 0
5.57 -8.14 1.97 22.55 2.81 45.876129 12.305658 0
5.37 -8.30 2.06 22.91 2.25 45.876110 12.305643 1
5.69 -7.59 2.26 22.60 2.25 45.876110 12.305643 0
5.91 -7.51 1.87 22.62 2.25 45.876110 12.305643 1
5.98 -7.80 2.05 23.07 2.25 45.876110 12.305643 0
5.83 -7.57 2.03 22.19 2.25 45.876110 12.305643 0
6.18 -7.51 1.96 22.50 2.25 45.876110 12.305643 0
6.04 -7.92 2.07 22.26 2.25 45.876110 12.305643 0
5.70 -7.98 2.07 22.57 2.25 45.876110 12.305643 0
5.83 -7.99 2.10 23.07 2.25 45.876110 12.305643 0
5.96 -8.08 1.95 22.66 2.25 45.876110 12.305643 0
5.70 -7.66 2.22 23.22 2.25 45.876110 12.305643 0
5.90 -7.96 1.68 22.78 2.25 45.876110 12.305643 0
5.71 -7.84 1.94 22.62 2.25 45.876110 12.305643 0
6.03 -8.37 2.06 22.21 2.25 45.876110 12.305643 0
6.14 -7.85 2.13 22.67 2.25 45.876110 12.305643 0
5.97 -7.48 1.84 23.07 2.25 45.876110 12.305643 0
6.00 -8.09 1.97 22.66 2.25 45.876110 12.305643 0
6.12 -7.36 1.82 22.19 2.90 45.876088 12.305625 1
5.97 -7.42 1.75 22.47 2.90 45.876088 12.305625 0
6.01 -7.61 1.83 22.16 2.90 45.876088 12.305625 1
6.19 -8.23 1.84 22.50 2.90 45.876088 12.305625 0
5.83 -7.99 1.89 23.03 2.90 45.876088 12.305625 0
5.63 -7.78 1.79 22.21 2.90 45.876088 12.305625 0
5.67 -8.03 1.79 22.45 2.90 45.876088 12.305625 0
5.80 -8.29 2.03 22.50 2.90 45.876088 12.305625 0
5.30 -7.80 1.99 22.60 2.90 45.876088 12.305625 0
5.81 -7.70 2.08 22.21 2.90 45.876088 12.305625 0
6.12 -7.82 1.68 23.12 2.90 45.876088 12.305625 0
5.74 -7.69 1.93 22.66 2.90 45.876088 12.305625 0
5.83 -7.87 1.93 22.60 2.90 45.876088 12.305625 0
5.80 -7.81 2.14 22.12 2.90 45.876088 12.305625 0
6.13 -7.84 2.20 22.12 2.90 45.876088 12.305625 0
5.69 -7.91 2.02 22.90 2.90 45.876088 12.305625 0
5.69 -7.68 1.99 22.45 2.90 45.876088 12.305625 0
5.97 -7.89 1.76 22.09 2.71 45.876068 12.305602 1
5.79 -7.90 1.94 22.54 2.71 45.876068 12.305602 1
5.67 -7.71 1.90 22.40 2.71 45.876068 12.305602 0
5.82 -7.64 1.90 22.52 2.71 45.876068 12.305602 0
5.79 -8.02 1.76 22.19 2.71 45.876068 12.305602 0
5.79 -7.78 1.71 22.62 2.71 45.876068 12.305602 0
5.90 -7.83 1.72 22.11 2.71 45.876068 12.305602 0
5.93 -7.83 2.00 22.57 2.71 45.876068 12.305602 0
6.03 -8.14 1.90 22.67 2.71 45.876068 12.305602 0
5.88 -7.72 1.87 22.76 2.71 45.876068 12.305602 0
5.67 -7.73 1.89 22.31 2.71 45.876068 12.305602 0
5.72 -7.88 2.03 22.69 2.71 45.876068 12.305602 0
5.94 -8.18 1.69 22.59 2.71 45.876068 12.305602 0
5.85 -7.92 1.65 22.59 2.71 45.876068 12.305602 0
5.82 -7.96 2.11 22.60 2.71 45.876068 12.305602 0
5.79 -7.84 1.94 22.55 2.71 45.876068 12.305602 0
5.88 -7.72 1.79 22.96 2.76 45.876051 12.305575 1
5.77 -7.66 1.87 22.54 2.76 45.876051 12.305575 0
6.11 -7.91 1.94 22.36 2.76 45.876051 12.305575 1
5.99 -8.07 1.96 23.87 2.76 45.876051 12.305575 0
5.84 -7.96 1.65 23.00 2.76 45.876051 12.305575 0
5.99 -7.72 1.98 22.48 2.76 45.876051 12.305575 0
5.84 -8.03 2.00 22.19 2.76 45.876051 12.305575 0
5.77 -7.76 1.91 25.91 2.76 45.876051 12.305575 0
5.74 -8.28 1.64 22.71 2.76 45.876051 12.305575 0
5.87 -7.77 1.93 22.60 2.76 45.876051 12.305575 0
5.81 -7.91 1.97 22.57 2.76 45.876051 12.305575 0
5.95 -8.08 1.62 22.67 2.76 45.876051 12.305575 0
5.87 -7.86 1.92 22.71 2.76 45.876051 12.305575 0
5.61 -7.58 2.05 22.19 2.76 45.876051 12.305575 0
5.86 -7.92 2.05 22.55 2.76 45.876051 12.305575 0
6.01 -8.15 1.79 22.19 2.76 45.876051 12.305575 0
5.65 -7.91 1.93 22.54 2.76 45.876051 12.305575 0
6.00 -8.12 1.76 23.02 2.78 45.876030 12.305551 1
6.58 -7.15 0.65 22.62 2.78 45.876030 12.305551 0
6.26 -7.42 1.04 22.71 2.78 45.876030 12.305551 1
6.21 -7.15 1.75 22.23 2.78 45.876030 12.305551 0
6.20 -7.28 1.90 23.41 2.78 45.876030 12.305551 0
6.27 -7.79 1.69 22.45 2.78 45.876030 12.305551 0
6.21 -7.51 2.38 22.21 2.78 45.876030 12.305551 0
6.57 -7.07 2.81 22.57 2.78 45.876030 12.305551 0
6.54 -7.26 1.98 22.45 2.78 45.876030 12.305551 0
5.36 -7.60 2.10 22.17 2.78 45.876030 12.305551 0
5.27 -7.83 1.84 22.36 2.78 45.876030 12.305551 0
5.62 -8.49 2.10 22.71 2.78 45.876030 12.305551 0
5.88 -8.15 1.55 22.86 2.78 45.876030 12.305551 0
5.15 -6.92 1.50 22.71 2.78 45.876030 12.305551 0
5.82 -7.31 1.75 24.27 2.78 45.876030 12.305551 0
5.76 -6.57 2.27 22.12 2.78 45.876030 12.305551 0
6.02 -7.60 2.04 21.69 2.78 45.876030 12.305551 0
6.28 -7.59 1.18 21.13 2.83 45.876006 12.305533 1
7.16 -9.64 2.07 21.93 2.83 45.876006 12.305533 0
7.72 -6.58 2.24 21.93 2.83 45.876006 12.305533 1
7.81 -6.15 2.23 22.67 2.83 45.876006 12.305533 0
7.24 -6.87 2.02 23.65 2.83 45.876006 12.305533 0
6.58 -11.18 1.18 25.16 2.83 45.876006 12.305533 0
3.25 -6.54 2.45 25.85 2.83 45.876006 12.305533 0
3.75 -8.11 0.95 23.89 2.83 45.876006 12.305533 0
5.42 -10.03 1.96 22.79 2.83 45.876006 12.305533 0
5.22 -8.71 1.66 21.06 2.83 45.876006 12.305533 0
3.63 -6.09 1.04 19.88 2.83 45.876006 12.305533 0
11.45 -11.20 1.78 19.52 2.83 45.876006 12.305533 0
8.67 -6.64 2.12 21.21 2.83 45.876006 12.305533 0
6.32 -4.48 2.45 22.50 2.83 45.876006 12.305533 0
5.44 -9.09 1.90 29.36 2.83 45.876006 12.305533 0
5.08 -6.70 3.37 27.42 2.83 45.876006 12.305533 0
1.56 2.76 2.13 24.75 2.83 45.876006 12.305533 0
5.91 -12.70 2.78 23.29 2.99 45.875980 12.305518 1
6.68 -13.89 1.06 22.95 2.99 45.875980 12.305518 0
4.85 -8.50 1.49 22.86 2.99 45.875980 12.305518 1
5.97 -6.47 2.43 23.80 2.99 45.875980 12.305518 0
6.03 -7.04 2.22 22.45 2.99 45.875980 12.305518 0
5.33 -8.93 1.63 21.97 2.99 45.875980 12.305518 0
6.73 -8.99 1.67 22.76 2.99 45.875980 12.305518 0
6.54 -6.53 1.67 22.88 2.99 45.875980 12.305518 0
5.94 -6.77 2.01 23.38 2.99 45.875980 12.305518 0
6.17 -7.20 2.03 22.57 2.99 45.875980 12.305518 0
6.30 -8.21 1.22 23.70 2.99 45.875980 12.305518 0
6.10 -8.57 1.52 22.76 2.99 45.875980 12.305518 0
5.82 -7.88 1.48 23.31 2.99 45.875980 12.305518 0
5.47 -7.71 1.81 22.57 2.99 45.875980 12.305518 0
6.31 -8.94 1.32 22.88 2.99 45.875980 12.305518 0
5.78 -8.00 1.73 22.90 2.99 45.875980 12.305518 0
5.98 -7.61 1.71 23.00 2.99 45.875980 12.305518 0
6.34 -7.72 2.69 22.81 3.14 45.875956 12.305497 1
5.68 -7.18 1.47 23.05 3.14 45.875956 12.305497 0
5.62 -7.55 2.38 23.12 3.14 45.875956 12.305497 1
5.87 -7.11 1.77 21.97 3.14 45.875956 12.305497 0
6.20 -8.25 2.42 21.80 3.14 45.875956 12.305497 0
5.47 -9.25 1.81 21.56 3.14 45.875956 12.305497 0
5.52 -6.86 1.93 22.04 3.14 45.875956 12.305497 0
5.59 -7.09 1.89 22.67 3.14 45.875956 12.305497 0
5.62 -7.61 1.99 22.60 3.14 45.875956 12.305497 0
5.38 -7.46 1.45 22.29 3.14 45.875956 12.305497 0
6.44 -8.25 2.15 22.14 3.14 45.875956 12.305497 0
6.21 -7.87 1.90 22.60 3.14 45.875956 12.305497 0
5.67 -7.76 2.01 22.43 3.14 45.875956 12.305497 0
6.14 -7.51 1.84 23.32 3.14 45.875956 12.305497 0
5.86 -7.57 1.81 53.32 3.14 45.875956 12.305497 0
5.63 -6.67 1.39 23.17 3.14 45.875956 12.305497 0
6.48 -8.52 1.70 22.95 3.06 45.875934 12.305470 1
6.06 -8.39 2.01 22.50 3.06 45.875934 12.305470 0
5.78 -8.07 1.57 22.64 3.06 45.875934 12.305470 1
5.43 -7.68 1.85 22.48 3.06 45.875934 12.305470 0
5.77 -7.50 1.78 22.09 3.06 45.875934 12.305470 0
6.16 -8.43 1.71 22.48 3.06 45.875934 12.305470 0
6.07 -8.24 2.13 22.81 3.06 45.875934 12.305470 0
5.29 -7.77 2.09 22.90 3.06 45.875934 12.305470 0
5.40 -7.71 1.95 23.50 3.06 45.875934 12.305470 0
5.87 -7.49 2.00 23.05 3.06 45.875934 12.305470 0
5.76 -8.60 1.85 23.14 3.06 45.875934 12.305470 0
5.70 -8.08 1.56 23.34 3.06 45.875934 12.305470 0
5.59 -7.81 2.00 22.57 3.06 45.875934 12.305470 0
6.13 -6.87 2.15 22.29 3.06 45.875934 12.305470 0
5.73 -8.55 1.72 22.57 3.06 45.875934 12.305470 0
5.86 -8.68 1.83 22.86 3.06 45.875934 12.305470 0
5.59 -6.75 1.97 23.02 3.06 45.875934 12.305470 0
5.64 -7.28 1.71 23.14 3.21 45.875912 12.305442 1
5.88 -8.18 1.94 22.84 3.21 45.875912 12.305442 0
6.08 -8.42 1.92 23.46 3.21 45.875912 12.305442 1
5.83 -7.75 1.98 23.84 3.21 45.875912 12.305442 0
5.45 -7.93 2.07 22.72 3.21 45.875912 12.305442 0
5.20 -6.84 2.53 22.50 3.21 45.875912 12.305442 0
6.45 -8.12 3.00 22.24 3.21 45.875912 12.305442 0
5.52 -8.26 1.95 22.72 3.21 45.875912 12.305442 0
5.44 -8.12 1.71 22.84 3.21 45.875912 12.305442 0
5.98 -7.78 1.87 22.64 3.21 45.875912 12.305442 0
5.81 -7.98 2.01 22.93 3.21 45.875912 12.305442 0
5.75 -8.12 2.01 23.68 3.21 45.875912 12.305442 0
5.94 -8.38 1.75 22.60 3.21 45.875912 12.305442 0
5.80 -7.71 1.36 22.71 3.21 45.875912 12.305442 0
5.81 -7.52 1.50 22.84 3.21 45.875912 12.305442 0
5.90 -8.06 1.56 22.96 3.21 45.875912 12.305442 0
5.58 -7.41 1.94 22.71 3.21 45.875912 12.305442 0
5.83 -7.55 2.12 22.48 2.88 45.875890 12.305418 1
5.79 -8.20 1.71 22.12 2.88 45.875890 12.305418 0
5.97 -8.26 1.64 23.14 2.88 45.875890 12.305418 1
5.71 -8.07 1.85 23.02 2.88 45.875890 12.305418 0
5.34 -7.70 1.62 23.05 2.88 45.875890 12.305418 0
5.81 -7.42 1.92 23.62 2.88 45.875890 12.305418 0
5.91 -7.86 1.68 23.27 2.88 45.875890 12.305418 0
6.09 -7.95 1.36 23.27 2.88 45.875890 12.305418 0
6.03 -7.38 1.72 22.96 2.88 45.875890 12.305418 0
5.92 -8.74 2.19 23.05 2.88 45.875890 12.305418 0
6.66 -7.80 1.74 22.47 2.88 45.875890 12.305418 0
5.74 -8.21 1.90 23.34 2.88 45.875890 12.305418 0
5.42 -7.56 1.97 23.48 2.88 45.875890 12.305418 0
5.73 -7.67 1.92 25.02 2.88 45.875890 12.305418 0
