6.75 -7.49 1.43 22.45 2.54 45.876451 12.305981 0
6.16 -8.21 1.68 22.57 2.54 45.876451 12.305981 0
5.35 -8.36 1.44 22.72 2.54 45.876451 12.305981 0
5.23 -8.18 1.67 22.40 2.54 45.876451 12.305981 0
5.46 -6.54 1.70 23.10 2.54 45.876451 12.305981 0
6.10 -8.57 1.85 22.19 2.54 45.876451 12.305981 0
5.89 -7.71 2.14 22.60 2.54 45.876451 12.305981 0
6.96 -6.89 1.81 22.04 2.54 45.876451 12.305981 0
6.83 -6.76 2.00 22.48 2.29 45.876436 12.305962 1
6.63 -7.16 2.20 22.48 2.29 45.876436 12.305962 0
6.84 -6.95 2.58 22.42 2.29 45.876436 12.305962 1
6.82 -7.51 2.15 22.04 2.29 45.876436 12.305962 0
6.26 -7.13 2.38 22.43 2.29 45.876436 12.305962 0
6.21 -7.55 2.69 22.48 2.29 45.876436 12.305962 0
5.93 -7.78 2.65 22.54 2.29 45.876436 12.305962 0
5.62 -7.82 2.48 22.48 2.29 45.876436 12.305962 0
5.15 -8.17 2.15 22.71 2.29 45.876436 12.305962 0
5.27 -8.19 1.56 22.71 2.29 45.876436 12.305962 0
5.93 -7.76 1.92 22.71 2.29 45.876436 12.305962 0
6.06 -7.78 2.15 22.72 2.29 45.876436 12.305962 0
6.50 -7.36 1.70 23.12 2.29 45.876436 12.305962 0
6.77 -7.55 1.81 23.12 2.29 45.876436 12.305962 0
6.66 -7.35 1.91 22.64 2.29 45.876436 12.305962 0
6.64 -7.35 2.07 22.84 2.29 45.876436 12.305962 0
6.21 -7.67 2.13 22.54 2.29 45.876436 12.305962 0
6.08 -7.81 1.58 22.59 2.90 45.876418 12.305943 1
6.39 -7.11 0.96 22.55 2.90 45.876418 12.305943 0
6.43 -7.54 1.36 22.45 2.90 45.876418 12.305943 1
5.78 -7.74 1.64 22.43 2.90 45.876418 12.305943 0
5.72 -8.11 2.23 22.57 2.90 45.876418 12.305943 0
5.62 -8.14 1.71 24.71 2.90 45.876418 12.305943 0
6.04 -7.98 1.61 22.45 2.90 45.876418 12.305943 0
6.20 -7.93 1.79 22.48 2.90 45.876418 12.305943 0
5.97 -7.68 2.13 23.12 2.90 45.876418 12.305943 0
6.09 -7.38 1.93 23.12 2.90 45.876418 12.305943 0
6.43 -7.39 1.81 22.09 2.90 45.876418 12.305943 0
6.40 -7.49 1.99 22.55 2.90 45.876418 12.305943 0
6.32 -7.86 2.14 22.98 2.90 45.876418 12.305943 0
6.07 -7.66 2.32 22.21 2.90 45.876418 12.305943 0
6.19 -7.07 2.48 22.66 2.90 45.876418 12.305943 0
5.80 -7.61 2.63 22.50 2.90 45.876418 12.305943 0
6.19 -7.84 2.11 22.14 2.90 45.876418 12.305943 0
5.59 -7.85 1.98 22.66 2.81 45.876400 12.305919 1
5.82 -7.85 1.46 22.71 2.81 45.876400 12.305919 0
5.77 -7.65 1.52 22.54 2.81 45.876400 12.305919 1
6.23 -7.35 1.86 22.43 2.81 45.876400 12.305919 0
6.43 -8.08 1.78 22.14 2.81 45.876400 12.305919 0
6.31 -7.56 1.65 22.52 2.81 45.876400 12.305919 0
5.92 -7.71 1.73 22.43 2.81 45.876400 12.305919 0
5.94 -7.52 1.89 22.35 2.81 45.876400 12.305919 0
6.24 -7.53 1.58 22.60 2.81 45.876400 12.305919 0
6.24 -7.90 1.24 22.24 2.81 45.876400 12.305919 0
5.64 -7.82 1.86 22.66 2.81 45.876400 12.305919 0
5.43 -7.75 2.00 22.57 2.81 45.876400 12.305919 0
6.32 -8.18 1.84 22.52 2.81 45.876400 12.305919 0
6.23 -8.05 2.04 22.66 2.81 45.876400 12.305919 0
5.85 -7.64 1.92 22.86 2.81 45.876400 12.305919 0
6.12 -7.28 2.00 22.90 2.81 45.876400 12.305919 0
5.86 -7.73 1.80 22.81 3.05 45.876382 12.305894 1
6.42 -8.47 1.91 22.55 3.05 45.876382 12.305894 0
6.53 -7.31 2.38 22.64 3.05 45.876382 12.305894 1
6.06 -7.56 2.19 22.21 3.05 45.876382 12.305894 0
5.86 -7.71 2.17 22.64 3.05 45.876382 12.305894 0
5.76 -7.88 2.09 22.98 3.05 45.876382 12.305894 0
5.68 -7.84 1.90 22.54 3.05 45.876382 12.305894 0
5.88 -8.00 1.82 22.52 3.05 45.876382 12.305894 0
5.66 -7.49 1.83 23.77 3.05 45.876382 12.305894 0
5.77 -8.05 1.83 24.85 3.05 45.876382 12.305894 0
5.94 -7.81 1.78 22.71 3.05 45.876382 12.305894 0
6.11 -7.64 1.77 23.14 3.05 45.876382 12.305894 0
5.75 -7.47 1.69 22.72 3.05 45.876382 12.305894 0
5.96 -7.72 1.94 22.66 3.05 45.876382 12.305894 0
6.29 -7.55 1.63 22.60 3.05 45.876382 12.305894 0
6.07 -8.34 1.69 23.07 3.05 45.876382 12.305894 0
5.39 -7.58 1.79 22.55 3.05 45.876382 12.305894 0
5.62 -8.01 1.88 22.64 3.18 45.876359 12.305872 1
5.85 -7.94 1.69 23.08 3.18 45.876359 12.305872 0
5.87 -8.01 1.91 23.41 3.18 45.876359 12.305872 1
5.77 -7.86 1.95 22.57 3.18 45.876359 12.305872 0
6.20 -7.88 1.97 22.50 3.18 45.876359 12.305872 0
6.01 -8.02 1.93 23.41 3.18 45.876359 12.305872 0
5.90 -7.64 2.09 22.42 3.18 45.876359 12.305872 0
6.15 -7.63 1.91 22.60 3.18 45.876359 12.305872 0
6.19 -7.59 2.00 22.66 3.18 45.876359 12.305872 0
6.16 -8.11 2.00 22.60 3.18 45.876359 12.305872 0
5.95 -7.93 1.88 22.66 3.18 45.876359 12.305872 0
5.96 -7.89 1.63 22.71 3.18 45.876359 12.305872 0
5.44 -7.67 1.83 22.69 3.18 45.876359 12.305872 0
5.54 -7.88 2.10 22.67 3.18 45.876359 12.305872 0
6.04 -7.82 1.86 22.23 3.18 45.876359 12.305872 0
5.94 -7.93 1.91 23.53 3.18 45.876359 12.305872 0
6.33 -7.83 2.00 23.12 3.18 45.876359 12.305872 0
6.08 -7.53 1.85 22.50 3.34 45.876337 12.305846 1
6.00 -7.62 1.43 22.60 3.34 45.876337 12.305846 0
6.30 -7.85 1.74 22.48 3.34 45.876337 12.305846 1
6.04 -7.78 1.87 22.47 3.34 45.876337 12.305846 0
5.97 -8.19 1.49 22.69 3.34 45.876337 12.305846 0
5.76 -8.13 1.29 22.54 3.34 45.876337 12.305846 0
5.55 -8.15 2.17 22.79 3.34 45.876337 12.305846 0
5.46 -8.16 2.17 22.59 3.34 45.876337 12.305846 0
5.55 -7.76 2.16 22.66 3.34 45.876337 12.305846 0
5.99 -7.56 1.91 22.62 3.34 45.876337 12.305846 0
6.11 -7.94 1.74 22.71 3.34 45.876337 12.305846 0
5.89 -7.88 1.91 22.67 3.34 45.876337 12.305846 0
6.30 -7.70 2.07 22.67 3.34 45.876337 12.305846 0
5.95 -7.66 2.23 23.12 3.34 45.876337 12.305846 0
5.57 -7.86 1.75 22.67 3.34 45.876337 12.305846 0
5.80 -7.91 1.76 22.50 3.34 45.876337 12.305846 0
6.27 -8.28 2.04 22.05 3.34 45.876337 12.305846 0
5.63 -8.14 1.92 22.98 3.33 45.876315 12.305817 1
5.53 -7.89 2.20 22.14 3.33 45.876315 12.305817 0
5.71 -7.65 2.27 22.62 3.33 45.876315 12.305817 1
6.04 -7.77 1.84 22.64 3.33 45.876315 12.305817 0
5.97 -7.64 2.14 23.05 3.33 45.876315 12.305817 0
6.17 -7.56 1.58 22.62 3.33 45.876315 12.305817 0
5.86 -7.97 1.57 22.71 3.33 45.876315 12.305817 0
5.95 -7.34 1.82 23.51 3.33 45.876315 12.305817 0
5.97 -7.65 2.03 22.66 3.33 45.876315 12.305817 0
6.07 -8.17 1.68 22.24 3.33 45.876315 12.305817 0
5.67 -8.03 1.67 23.12 3.33 45.876315 12.305817 0
5.99 -7.93 1.67 22.57 3.33 45.876315 12.305817 0
6.11 -7.89 1.65 22.98 3.33 45.876315 12.305817 0
5.73 -8.01 1.52 22.66 3.33 45.876315 12.305817 0
5.86 -8.20 1.68 22.66 3.33 45.876315 12.305817 0
5.79 -7.83 1.99 23.70 3.33 45.876315 12.305817 0
5.92 -7.74 2.13 22.07 2.89 45.876300 12.305787 1
5.81 -7.53 2.25 22.45 2.89 45.876300 12.305787 0
5.77 -7.67 1.92 22.84 2.89 45.876300 12.305787 1
6.20 -7.82 1.94 22.36 2.89 45.876300 12.305787 0
5.75 -7.85 2.09 22.47 2.89 45.876300 12.305787 0
5.71 -7.75 2.28 22.91 2.89 45.876300 12.305787 0
5.71 -7.84 1.88 22.36 2.89 45.876300 12.305787 0
5.70 -7.74 1.76 22.45 2.89 45.876300 12.305787 0
5.99 -7.94 1.78 22.17 2.89 45.876300 12.305787 0
5.72 -7.54 1.94 22.64 2.89 45.876300 12.305787 0
5.83 -7.74 1.72 22.71 2.89 45.876300 12.305787 0
6.12 -7.36 1.81 22.67 2.89 45.876300 12.305787 0
6.00 -7.43 1.84 22.66 2.89 45.876300 12.305787 0
6.30 -7.99 1.81 22.62 2.89 45.876300 12.305787 0
5.98 -7.69 2.00 23.46 2.89 45.876300 12.305787 0
5.81 -7.96 2.03 22.64 2.89 45.876300 12.305787 0
5.83 -7.70 2.15 22.57 2.89 45.876300 12.305787 0
5.67 -7.97 1.71 22.47 3.24 45.876280 12.305760 1
5.71 -8.27 1.65 22.05 3.24 45.876280 12.305760 0
5.65 -8.35 2.01 22.71 3.24 45.876280 12.305760 1
5.71 -7.93 1.64 22.60 3.24 45.876280 12.305760 0
5.71 -7.56 1.64 22.55 3.24 45.876280 12.305760 0
5.96 -7.52 1.79 23.34 3.24 45.876280 12.305760 0
6.57 -7.50 2.20 22.54 3.24 45.876280 12.305760 0
5.96 -8.31 1.96 22.55 3.24 45.876280 12.305760 0
5.62 -7.59 1.76 22.54 3.24 45.876280 12.305760 0
6.17 -7.72 1.93 22.50 3.24 45.876280 12.305760 0
6.01 -7.27 1.89 22.59 3.24 45.876280 12.305760 0
5.83 -8.21 2.03 23.26 3.24 45.876280 12.305760 0
5.75 -6.99 1.98 24.49 3.24 45.876280 12.305760 0
5.65 -8.03 1.89 23.60 3.24 45.876280 12.305760 0
5.55 -8.37 2.00 22.55 3.24 45.876280 12.305760 0
6.01 -7.77 1.75 22.47 3.24 45.876280 12.305760 0
6.10 -8.20 1.56 22.45 3.24 45.876280 12.305760 0
5.83 -7.45 1.70 23.31 3.02 45.876258 12.305734 1
6.00 -7.60 2.06 22.48 3.02 45.876258 12.305734 0
5.92 -7.76 2.12 22.96 3.02 45.876258 12.305734 1
6.26 -7.69 1.75 22.47 3.02 45.876258 12.305734 0
5.89 -7.92 1.54 23.36 3.02 45.876258 12.305734 0
5.67 -8.69 1.44 22.47 3.02 45.876258 12.305734 0
5.63 -7.26 1.80 23.94 3.02 45.876258 12.305734 0
6.05 -7.49 1.82 23.03 3.02 45.876258 12.305734 0
5.55 -7.95 1.78 23.56 3.02 45.876258 12.305734 0
5.65 -8.13 2.08 23.12 3.02 45.876258 12.305734 0
6.03 -7.83 2.24 23.19 3.02 45.876258 12.305734 0
5.83 -7.73 1.88 22.43 3.02 45.876258 12.305734 0
6.22 -7.33 1.45 22.91 3.02 45.876258 12.305734 0
5.87 -7.73 2.06 22.83 3.02 45.876258 12.305734 0
6.04 -7.64 2.00 22.67 3.02 45.876258 12.305734 0
6.13 -7.67 1.60 22.54 3.02 45.876258 12.305734 0
5.96 -8.12 1.70 23.05 3.02 45.876258 12.305734 0
6.14 -7.55 1.51 23.62 3.32 45.876233 12.305711 1
5.79 -8.08 2.01 23.34 3.32 45.876233 12.305711 0
5.70 -7.83 1.80 25.50 3.32 45.876233 12.305711 1
6.45 -8.13 1.56 22.17 3.32 45.876233 12.305711 0
6.77 -8.75 2.13 22.55 3.32 45.876233 12.305711 0
7.18 -9.21 2.09 22.81 3.32 45.876233 12.305711 0
6.88 -6.80 2.01 23.32 3.32 45.876233 12.305711 0
5.66 -6.96 2.51 23.53 3.32 45.876233 12.305711 0
6.63 -8.52 1.66 23.31 3.32 45.876233 12.305711 0
7.16 -8.04 1.72 23.48 3.32 45.876233 12.305711 0
6.79 -8.46 2.11 22.90 3.32 45.876233 12.305711 0
5.90 -7.55 1.26 22.84 3.32 45.876233 12.305711 0
5.97 -8.55 2.02 23.41 3.32 45.876233 12.305711 0
6.64 -7.91 2.21 22.23 3.32 45.876233 12.305711 0
5.00 -8.97 1.67 22.11 3.32 45.876233 12.305711 0
5.81 -6.36 1.61 22.36 3.32 45.876233 12.305711 0
6.01 -7.61 2.23 22.21 3.32 45.876233 12.305711 0
6.62 -8.54 2.06 22.17 3.45 45.876206 12.305688 1
6.36 -7.76 2.14 22.69 3.45 45.876206 12.305688 0
6.23 -6.71 2.12 23.98 3.45 45.876206 12.305688 1
6.09 -7.45 2.34 24.13 3.45 45.876206 12.305688 0
6.32 -7.81 2.28 22.76 3.45 45.876206 12.305688 0
6.41 -7.85 2.43 22.29 3.45 45.876206 12.305688 0
6.06 -7.39 2.26 21.76 3.45 45.876206 12.305688 0
5.91 -7.89 1.95 22.55 3.45 45.876206 12.305688 0
5.68 -8.27 2.09 24.16 3.45 45.876206 12.305688 0
5.44 -7.17 2.53 23.82 3.45 45.876206 12.305688 0
6.42 -7.85 1.95 25.00 3.45 45.876206 12.305688 0
6.28 -7.92 1.73 25.72 3.45 45.876206 12.305688 0
6.27 -7.92 1.59 22.71 3.45 45.876206 12.305688 0
6.28 -7.96 1.45 23.48 3.45 45.876206 12.305688 0
6.42 -7.13 1.81 23.84 3.45 45.876206 12.305688 0
5.98 -7.87 1.38 22.33 3.45 45.876206 12.305688 0
6.26 -7.92 0.87 22.04 3.62 45.876176 12.305675 1
5.84 -7.92 1.34 22.14 3.62 45.876176 12.305675 0
5.45 -7.67 1.87 22.14 3.62 45.876176 12.305675 1
5.86 -8.29 1.78 22.74 3.62 45.876176 12.305675 0
6.11 -8.05 2.07 22.96 3.62 45.876176 12.305675 0
6.34 -7.63 1.88 22.71 3.62 45.876176 12.305675 0
6.02 -6.72 2.46 23.53 3.62 45.876176 12.305675 0
6.06 -6.87 2.39 25.43 3.62 45.876176 12.305675 0
6.35 -7.42 2.56 23.02 3.62 45.876176 12.305675 0
5.90 -8.05 2.54 23.12 3.62 45.876176 12.305675 0
5.96 -8.24 1.79 23.17 3.62 45.876176 12.305675 0
5.28 -7.87 2.23 22.71 3.62 45.876176 12.305675 0
5.73 -8.37 2.66 22.79 3.62 45.876176 12.305675 0
5.39 -7.80 2.58 23.65 3.62 45.876176 12.305675 0
5.87 -7.75 2.08 22.86 3.62 45.876176 12.305675 0
6.28 -7.65 1.77 22.86 3.62 45.876176 12.305675 0
6.74 -7.57 1.60 22.62 3.62 45.876176 12.305675 0
6.87 -7.21 2.00 22.69 3.40 45.876147 12.305662 1
6.51 -7.70 1.56 22.62 3.40 45.876147 12.305662 0
6.46 -7.28 1.55 22.60 3.40 45.876147 12.305662 1
6.34 -7.58 2.54 22.48 3.40 45.876147 12.305662 0
5.45 -7.90 2.37 23.41 3.40 45.876147 12.305662 0
5.79 -8.33 1.72 22.64 3.40 45.876147 12.305662 0
5.78 -8.36 1.27 23.41 3.40 45.876147 12.305662 0
5.81 -7.84 2.01 22.55 3.40 45.876147 12.305662 0
6.33 -7.47 2.36 22.47 3.40 45.876147 12.305662 0
6.11 -7.24 2.33 22.71 3.40 45.876147 12.305662 0
5.93 -7.51 2.63 22.72 3.40 45.876147 12.305662 0
5.94 -7.47 2.13 22.69 3.40 45.876147 12.305662 0
5.83 -7.99 2.25 22.64 3.40 45.876147 12.305662 0
5.89 -7.79 2.03 23.03 3.40 45.876147 12.305662 0
5.68 -7.76 2.14 22.71 3.40 45.876147 12.305662 0
5.36 -8.08 1.87 22.29 3.40 45.876147 12.305662 0
5.17 -7.95 1.87 22.69 3.40 45.876147 12.305662 0
5.86 -7.95 1.73 22.19 3.47 45.876120 12.305639 1
6.04 -7.76 1.95 22.57 3.47 45.876120 12.305639 0
6.41 -7.63 1.32 22.11 3.47 45.876120 12.305639 1
6.29 -7.57 1.81 23.56 3.47 45.876120 12.305639 0
6.11 -7.35 1.68 22.67 3.47 45.876120 12.305639 0
5.94 -7.97 1.94 22.67 3.47 45.876120 12.305639 0
6.07 -7.99 1.90 22.57 3.47 45.876120 12.305639 0
5.37 -8.27 1.76 22.17 3.47 45.876120 12.305639 0
5.43 -8.43 2.01 22.76 3.47 45.876120 12.305639 0
5.52 -8.26 1.90 22.76 3.47 45.876120 12.305639 0
5.82 -7.75 2.37 22.78 3.47 45.876120 12.305639 0
6.07 -7.34 2.01 22.66 3.47 45.876120 12.305639 0
5.72 -7.63 1.71 22.67 3.47 45.876120 12.305639 0
6.12 -7.80 2.16 22.71 3.47 45.876120 12.305639 0
5.93 -7.59 2.39 22.67 3.47 45.876120 12.305639 0
5.99 -7.88 2.39 22.71 3.47 45.876120 12.305639 0
5.96 -7.64 2.00 22.09 3.47 45.876120 12.305639 0
6.00 -7.73 1.98 23.05 3.83 45.876090 12.305614 1
5.57 -8.02 2.05 22.26 3.83 45.876090 12.305614 0
5.70 -7.85 1.82 22.66 3.83 45.876090 12.305614 1
5.82 -8.32 1.80 22.16 3.83 45.876090 12.305614 0
6.13 -7.67 1.66 22.60 3.83 45.876090 12.305614 0
6.36 -7.55 1.68 22.54 3.83 45.876090 12.305614 0
6.30 -7.65 2.01 22.60 3.83 45.876090 12.305614 0
5.94 -7.44 2.18 22.07 3.83 45.876090 12.305614 0
5.72 -7.69 1.89 22.71 3.83 45.876090 12.305614 0
5.46 -8.07 1.81 22.71 3.83 45.876090 12.305614 0
5.35 -8.07 1.86 22.69 3.83 45.876090 12.305614 0
6.45 -7.85 1.10 22.21 3.83 45.876090 12.305614 0
5.95 -8.21 1.40 22.74 3.83 45.876090 12.305614 0
6.14 -7.42 2.25 22.72 3.83 45.876090 12.305614 0
6.86 -6.89 2.05 22.66 3.83 45.876090 12.305614 0
6.53 -7.10 2.27 22.43 3.83 45.876090 12.305614 0
6.48 -7.26 2.82 22.42 3.83 45.876090 12.305614 0
6.67 -7.24 2.50 22.57 3.40 45.876062 12.305592 1
6.27 -8.00 3.04 22.62 3.40 45.876062 12.305592 0
5.85 -7.77 1.61 22.45 3.40 45.876062 12.305592 1
6.01 -8.04 1.67 22.47 3.40 45.876062 12.305592 0
5.52 -8.13 2.60 22.57 3.40 45.876062 12.305592 0
5.52 -7.49 2.49 23.03 3.40 45.876062 12.305592 0
6.37 -7.01 2.04 22.81 3.40 45.876062 12.305592 0
7.01 -7.09 1.98 21.95 3.40 45.876062 12.305592 0
6.77 -7.97 2.40 22.59 3.40 45.876062 12.305592 0
6.38 -7.95 1.83 23.02 3.40 45.876062 12.305592 0
6.32 -7.62 1.94 22.60 3.40 45.876062 12.305592 0
5.73 -7.96 1.89 23.07 3.40 45.876062 12.305592 0
6.45 -8.31 1.85 22.64 3.40 45.876062 12.305592 0
5.94 -7.82 1.22 22.21 3.40 45.876062 12.305592 0
5.79 -8.13 1.71 22.66 3.40 45.876062 12.305592 0
5.82 -7.70 1.79 22.48 3.40 45.876062 12.305592 0
5.89 -8.00 2.37 22.40 4.26 45.876034 12.305556 1
6.40 -7.58 2.56 22.45 4.26 45.876034 12.305556 0
6.57 -7.53 2.48 22.16 4.26 45.876034 12.305556 1
5.96 -7.50 2.16 22.66 4.26 45.876034 12.305556 0
6.33 -8.07 2.24 22.66 4.26 45.876034 12.305556 0
5.25 -7.65 1.81 22.54 4.26 45.876034 12.305556 0
5.56 -8.73 1.84 22.09 4.26 45.876034 12.305556 0
5.65 -7.95 1.70 22.54 4.26 45.876034 12.305556 0
6.21 -8.41 2.35 22.62 4.26 45.876034 12.305556 0
5.56 -7.26 2.02 22.24 4.26 45.876034 12.305556 0
5.67 -8.69 1.16 22.52 4.26 45.876034 12.305556 0
5.93 -7.38 1.36 22.52 4.26 45.876034 12.305556 0
5.55 -7.07 2.25 22.09 4.26 45.876034 12.305556 0
6.55 -7.06 2.15 22.04 4.26 45.876034 12.305556 0
4.05 -7.07 1.72 20.89 4.26 45.876034 12.305556 0
7.22 -6.98 1.64 22.19 4.26 45.876034 12.305556 0
6.12 -6.97 1.69 23.51 4.26 45.876034 12.305556 0
6.32 -8.17 1.81 24.28 3.82 45.876004 12.305527 1
5.81 -5.84 2.23 25.62 3.82 45.876004 12.305527 0
5.89 -10.87 2.32 23.31 3.82 45.876004 12.305527 1
3.44 -10.70 1.80 19.98 3.82 45.876004 12.305527 0
0.43 -7.78 1.33 19.71 3.82 45.876004 12.305527 0
10.07 -7.67 -1.11 21.47 3.82 45.876004 12.305527 0
11.78 -7.16 3.56 21.69 3.82 45.876004 12.305527 0
4.69 -1.80 2.44 27.22 3.82 45.876004 12.305527 0
1.18 -1.76 0.71 25.64 3.82 45.876004 12.305527 0
19.61 -18.38 0.80 26.19 3.82 45.876004 12.305527 0
3.77 -8.48 6.73 22.52 3.82 45.876004 12.305527 0
7.71 -10.00 1.50 22.91 3.82 45.876004 12.305527 0
4.65 -6.77 0.61 22.86 3.82 45.876004 12.305527 0
4.90 -8.35 1.82 23.46 3.82 45.876004 12.305527 0
5.20 -7.23 1.12 22.29 3.82 45.876004 12.305527 0
5.64 -7.94 1.89 22.67 3.82 45.876004 12.305527 0
5.91 -8.44 1.37 23.02 3.82 45.876004 12.305527 0
4.77 -8.27 0.73 22.55 4.26 45.875970 12.305499 1
6.53 -7.77 1.75 22.23 4.26 45.875970 12.305499 0
6.24 -7.12 1.83 24.32 4.26 45.875970 12.305499 1
5.46 -6.51 1.59 23.80 4.26 45.875970 12.305499 0
8.72 -7.34 1.99 22.28 4.26 45.875970 12.305499 0
6.43 -8.29 1.77 22.07 4.26 45.875970 12.305499 0
4.22 -6.44 1.37 22.04 4.26 45.875970 12.305499 0
5.25 -10.04 2.26 22.48 4.26 45.875970 12.305499 0
5.34 -6.80 1.54 22.72 4.26 45.875970 12.305499 0
4.72 -7.56 2.90 22.74 4.26 45.875970 12.305499 0
5.36 -7.40 1.76 23.58 4.26 45.875970 12.305499 0
4.52 -6.75 1.49 22.40 4.26 45.875970 12.305499 0
8.12 -8.49 1.33 22.11 4.26 45.875970 12.305499 0
6.93 -7.57 2.36 22.76 4.26 45.875970 12.305499 0
5.73 -7.91 2.13 23.20 4.26 45.875970 12.305499 0
5.07 -6.64 1.92 23.32 4.26 45.875970 12.305499 0
7.38 -8.34 3.35 22.90 4.26 45.875970 12.305499 0
7.10 -8.90 1.62 22.33 4.02 45.875942 12.305465 1
5.73 -8.74 1.47 23.91 4.02 45.875942 12.305465 0
4.65 -7.84 1.98 23.60 4.02 45.875942 12.305465 1
5.25 -7.08 1.72 22.24 4.02 45.875942 12.305465 0
6.73 -8.46 1.81 28.11 4.02 45.875942 12.305465 0
6.52 -8.19 0.83 23.24 4.02 45.875942 12.305465 0
5.28 -6.92 1.70 22.76 4.02 45.875942 12.305465 0
6.32 -8.09 2.39 23.10 4.02 45.875942 12.305465 0
6.32 -7.52 1.50 23.02 4.02 45.875942 12.305465 0
5.60 -8.79 1.76 23.10 4.02 45.875942 12.305465 0
5.93 -8.25 1.84 22.91 4.02 45.875942 12.305465 0
6.59 -7.86 1.76 22.54 4.02 45.875942 12.305465 0
5.99 -8.45 1.94 23.19 4.02 45.875942 12.305465 0
5.25 -6.21 1.87 23.17 4.02 45.875942 12.305465 0
5.70 -8.79 1.34 22.69 4.02 45.875942 12.305465 0
5.94 -8.50 2.23 22.24 4.02 45.875942 12.305465 0
6.35 -7.85 1.73 22.47 4.02 45.875942 12.305465 0
5.92 -8.80 2.30 22.48 3.43 45.875919 12.305431 1
5.60 -6.85 2.50 22.86 3.43 45.875919 12.305431 0
6.09 -7.98 2.15 22.74 3.43 45.875919 12.305431 1
5.55 -7.85 2.17 23.07 3.43 45.875919 12.305431 0
6.28 -7.94 1.85 23.12 3.43 45.875919 12.305431 0
5.55 -8.26 1.87 23.41 3.43 45.875919 12.305431 0
5.94 -8.33 1.76 22.38 3.43 45.875919 12.305431 0
5.89 -7.33 2.13 22.69 3.43 45.875919 12.305431 0
5.42 -7.96 2.18 23.31 3.43 45.875919 12.305431 0
5.35 -7.68 1.79 22.76 3.43 45.875919 12.305431 0
6.62 -8.42 1.74 23.26 3.43 45.875919 12.305431 0
5.81 -7.75 2.52 22.40 3.43 45.875919 12.305431 0
5.64 -8.39 1.99 22.76 3.43 45.875919 12.305431 0
5.58 -7.49 1.52 22.67 3.43 45.875919 12.305431 0
5.83 -7.95 1.63 22.66 3.43 45.875919 12.305431 0
6.17 -8.29 1.43 22.98 3.43 45.875919 12.305431 0
6.08 -8.10 1.51 24.11 3.51 45.875894 12.305403 1
5.63 -7.81 1.61 23.62 3.51 45.875894 12.305403 0
5.53 -7.13 1.46 23.56 3.51 45.875894 12.305403 1
6.64 -8.01 2.05 29.10 3.51 45.875894 12.305403 0
6.00 -8.11 2.37 22.38 3.51 45.875894 12.305403 0
5.53 -8.02 1.64 23.02 3.51 45.875894 12.305403 0
5.46 -8.07 1.63 23.24 3.51 45.875894 12.305403 0
6.30 -8.10 1.92 28.06 3.51 45.875894 12.305403 0
6.11 -7.72 1.70 23.07 3.51 45.875894 12.305403 0
5.56 -8.02 1.95 22.71 3.51 45.875894 12.305403 0
5.60 -7.91 1.85 22.48 3.51 45.875894 12.305403 0
6.72 -7.95 2.20 22.02 3.51 45.875894 12.305403 0
5.94 -7.90 2.17 23.43 3.51 45.875894 12.305403 0
5.22 -8.14 1.88 24.73 3.51 45.875894 12.305403 0
