6.03 -7.79 2.31 21.87 1.98 45.876402 12.305919 1
5.85 -8.26 2.62 21.93 1.98 45.876402 12.305919 0
5.71 -7.92 2.10 22.04 1.98 45.876402 12.305919 0
5.78 -8.53 2.09 22.16 1.98 45.876402 12.305919 0
5.69 -7.88 2.33 22.29 1.98 45.876402 12.305919 0
5.71 -7.88 1.73 22.42 1.98 45.876402 12.305919 0
6.20 -7.72 1.38 22.66 1.98 45.876402 12.305919 0
6.53 -7.83 1.82 22.74 1.98 45.876402 12.305919 0
6.89 -7.46 2.21 22.59 1.98 45.876402 12.305919 0
7.25 -6.84 2.41 22.59 1.98 45.876402 12.305919 0
7.29 -7.28 2.10 24.68 1.98 45.876402 12.305919 0
6.32 -7.40 2.45 22.59 1.98 45.876402 12.305919 0
6.42 -7.17 2.25 23.08 1.98 45.876402 12.305919 0
6.24 -7.45 2.38 22.57 1.98 45.876402 12.305919 0
5.43 -8.24 2.25 22.42 1.98 45.876402 12.305919 0
5.72 -7.60 2.35 22.52 2.62 45.876385 12.305902 1
5.49 -7.77 2.31 22.55 2.62 45.876385 12.305902 0
5.65 -7.92 1.13 22.07 2.62 45.876385 12.305902 1
5.67 -7.84 1.33 22.62 2.62 45.876385 12.305902 0
5.75 -7.74 1.97 22.60 2.62 45.876385 12.305902 0
6.22 -7.80 1.92 22.59 2.62 45.876385 12.305902 0
6.12 -7.63 1.94 22.45 2.62 45.876385 12.305902 0
6.14 -7.47 1.70 22.62 2.62 45.876385 12.305902 0
6.28 -7.74 1.78 22.35 2.62 45.876385 12.305902 0
6.23 -7.48 1.58 23.20 2.62 45.876385 12.305902 0
6.41 -7.23 1.80 22.69 2.62 45.876385 12.305902 0
6.36 -7.70 1.79 22.74 2.62 45.876385 12.305902 0
6.15 -7.73 1.84 22.31 2.62 45.876385 12.305902 0
5.74 -8.05 1.96 22.81 2.62 45.876385 12.305902 0
5.49 -8.22 1.56 22.79 2.62 45.876385 12.305902 0
6.02 -8.18 1.70 22.38 2.62 45.876385 12.305902 0
5.93 -7.84 2.10 22.71 2.62 45.876385 12.305902 0
5.94 -8.40 2.05 22.54 2.65 45.876365 12.305885 1
5.68 -7.46 2.02 22.17 2.65 45.876365 12.305885 0
6.09 -7.24 2.24 22.52 2.65 45.876365 12.305885 1
6.31 -7.59 2.03 22.54 2.65 45.876365 12.305885 0
6.07 -7.75 2.24 22.59 2.65 45.876365 12.305885 0
6.36 -7.86 1.99 22.66 2.65 45.876365 12.305885 0
6.44 -7.01 2.27 22.88 2.65 45.876365 12.305885 0
6.24 -7.89 2.21 22.67 2.65 45.876365 12.305885 0
6.09 -7.33 2.02 22.84 2.65 45.876365 12.305885 0
5.87 -8.14 2.03 22.55 2.65 45.876365 12.305885 0
5.86 -7.75 1.97 22.71 2.65 45.876365 12.305885 0
5.85 -8.52 1.91 22.74 2.65 45.876365 12.305885 0
5.82 -7.66 1.59 22.78 2.65 45.876365 12.305885 0
5.87 -7.68 1.77 22.38 2.65 45.876365 12.305885 0
6.05 -8.03 1.59 22.35 2.65 45.876365 12.305885 0
5.87 -7.64 1.78 22.84 2.65 45.876365 12.305885 0
6.35 -7.81 1.70 22.64 2.65 45.876365 12.305885 0
6.38 -7.55 1.88 22.59 2.78 45.876347 12.305863 1
6.14 -7.86 1.80 22.59 2.78 45.876347 12.305863 0
5.83 -8.05 2.03 22.90 2.78 45.876347 12.305863 1
5.90 -7.68 2.12 22.95 2.78 45.876347 12.305863 0
6.36 -7.58 1.68 22.57 2.78 45.876347 12.305863 0
6.03 -7.84 1.77 22.45 2.78 45.876347 12.305863 0
5.48 -8.07 1.93 22.93 2.78 45.876347 12.305863 0
5.61 -7.78 2.01 22.59 2.78 45.876347 12.305863 0
6.05 -7.72 2.08 22.69 2.78 45.876347 12.305863 0
5.80 -7.51 2.14 22.67 2.78 45.876347 12.305863 0
5.95 -8.16 2.03 22.66 2.78 45.876347 12.305863 0
6.02 -7.89 1.85 22.29 2.78 45.876347 12.305863 0
5.97 -7.43 2.13 22.74 2.78 45.876347 12.305863 0
5.86 -7.59 1.88 23.14 2.78 45.876347 12.305863 0
6.19 -7.83 1.82 22.72 2.78 45.876347 12.305863 0
6.07 -7.58 1.74 22.60 2.78 45.876347 12.305863 0
6.14 -7.75 2.15 23.08 3.02 45.876328 12.305839 1
5.76 -7.80 2.01 22.47 3.02 45.876328 12.305839 0
5.81 -7.97 2.12 22.55 3.02 45.876328 12.305839 1
5.91 -7.87 1.74 22.74 3.02 45.876328 12.305839 0
5.89 -7.73 1.81 22.98 3.02 45.876328 12.305839 0
6.18 -7.72 1.82 22.64 3.02 45.876328 12.305839 0
6.10 -8.03 1.49 22.48 3.02 45.876328 12.305839 0
5.94 -7.61 1.89 22.52 3.02 45.876328 12.305839 0
6.09 -7.82 1.85 22.74 3.02 45.876328 12.305839 0
6.10 -7.93 1.72 23.07 3.02 45.876328 12.305839 0
6.15 -7.75 1.86 23.03 3.02 45.876328 12.305839 0
6.09 -7.64 1.84 23.94 3.02 45.876328 12.305839 0
5.98 -7.78 1.75 23.51 3.02 45.876328 12.305839 0
5.86 -7.91 1.64 22.74 3.02 45.876328 12.305839 0
5.78 -7.58 1.77 22.69 3.02 45.876328 12.305839 0
5.81 -7.93 1.56 22.69 3.02 45.876328 12.305839 0
5.97 -7.95 1.82 22.93 3.02 45.876328 12.305839 0
5.70 -7.86 1.94 22.98 3.60 45.876303 12.305817 1
5.92 -7.87 1.95 22.09 3.60 45.876303 12.305817 0
6.07 -7.85 1.87 22.86 3.60 45.876303 12.305817 1
6.02 -7.31 1.95 22.59 3.60 45.876303 12.305817 0
6.04 -7.62 1.73 22.60 3.60 45.876303 12.305817 0
5.99 -7.63 1.66 22.47 3.60 45.876303 12.305817 0
5.99 -8.09 1.82 22.57 3.60 45.876303 12.305817 0
6.25 -7.69 1.91 22.69 3.60 45.876303 12.305817 0
6.13 -7.97 2.17 22.79 3.60 45.876303 12.305817 0
5.70 -7.74 2.08 22.81 3.60 45.876303 12.305817 0
5.71 -8.03 2.03 23.55 3.60 45.876303 12.305817 0
5.62 -8.07 2.03 23.07 3.60 45.876303 12.305817 0
6.06 -7.93 1.85 22.60 3.60 45.876303 12.305817 0
5.95 -7.94 1.91 22.69 3.60 45.876303 12.305817 0
6.02 -7.68 1.84 23.14 3.60 45.876303 12.305817 0
5.77 -7.47 1.82 22.33 3.60 45.876303 12.305817 0
5.88 -7.56 1.87 22.54 3.60 45.876303 12.305817 0
5.94 -7.96 1.88 22.42 3.19 45.876278 12.305794 1
6.02 -7.35 1.96 22.54 3.19 45.876278 12.305794 0
6.11 -7.79 1.89 22.57 3.19 45.876278 12.305794 1
5.95 -7.82 1.85 22.62 3.19 45.876278 12.305794 0
5.65 -7.98 1.93 23.00 3.19 45.876278 12.305794 0
5.47 -7.95 1.81 22.62 3.19 45.876278 12.305794 0
5.93 -8.03 1.73 22.14 3.19 45.876278 12.305794 0
6.03 -7.91 2.07 22.93 3.19 45.876278 12.305794 0
5.99 -7.75 1.98 23.12 3.19 45.876278 12.305794 0
6.05 -7.44 1.69 22.74 3.19 45.876278 12.305794 0
6.01 -7.94 1.48 22.74 3.19 45.876278 12.305794 0
6.32 -7.72 1.30 23.08 3.19 45.876278 12.305794 0
6.29 -7.97 1.22 22.67 3.19 45.876278 12.305794 0
6.15 -7.78 1.61 23.03 3.19 45.876278 12.305794 0
5.88 -7.77 1.37 22.67 3.19 45.876278 12.305794 0
5.89 -7.72 1.48 23.10 3.19 45.876278 12.305794 0
5.98 -7.57 1.47 23.00 3.19 45.876278 12.305794 0
5.98 -7.76 1.71 22.17 3.21 45.876254 12.305770 1
5.88 -7.84 1.77 22.59 3.21 45.876254 12.305770 0
6.03 -7.69 1.65 23.07 3.21 45.876254 12.305770 1
6.11 -7.99 1.67 23.03 3.21 45.876254 12.305770 0
5.81 -7.83 1.74 22.48 3.21 45.876254 12.305770 0
5.90 -7.46 1.75 22.57 3.21 45.876254 12.305770 0
6.20 -7.94 1.41 22.14 3.21 45.876254 12.305770 0
6.05 -7.71 1.68 22.62 3.21 45.876254 12.305770 0
6.13 -7.89 1.84 22.79 3.21 45.876254 12.305770 0
5.75 -7.63 1.70 23.15 3.21 45.876254 12.305770 0
6.18 -8.06 1.93 22.69 3.21 45.876254 12.305770 0
5.87 -8.05 1.93 22.93 3.21 45.876254 12.305770 0
5.65 -7.77 1.77 22.60 3.21 45.876254 12.305770 0
5.97 -8.02 2.00 22.74 3.21 45.876254 12.305770 0
5.78 -7.37 2.17 22.72 3.21 45.876254 12.305770 0
5.78 -7.56 2.09 23.08 3.21 45.876254 12.305770 0
6.01 -7.88 1.82 22.45 3.21 45.876254 12.305770 0
5.94 -7.78 1.94 22.72 3.12 45.876234 12.305741 1
6.03 -7.83 2.02 23.68 3.12 45.876234 12.305741 0
6.37 -8.10 1.83 23.10 3.12 45.876234 12.305741 1
5.85 -7.40 1.66 22.86 3.12 45.876234 12.305741 0
6.14 -7.39 1.79 22.64 3.12 45.876234 12.305741 0
6.00 -8.08 2.01 23.31 3.12 45.876234 12.305741 0
6.32 -8.50 1.92 23.26 3.12 45.876234 12.305741 0
5.58 -8.45 2.24 22.93 3.12 45.876234 12.305741 0
5.72 -7.44 1.78 22.71 3.12 45.876234 12.305741 0
5.77 -7.61 1.84 22.90 3.12 45.876234 12.305741 0
6.70 -7.56 1.62 24.47 3.12 45.876234 12.305741 0
5.74 -7.93 2.34 22.64 3.12 45.876234 12.305741 0
5.85 -7.64 1.96 23.12 3.12 45.876234 12.305741 0
6.16 -8.13 1.77 22.71 3.12 45.876234 12.305741 0
6.23 -7.23 1.98 22.78 3.12 45.876234 12.305741 0
5.79 -7.92 1.74 22.17 3.12 45.876234 12.305741 0
5.85 -7.51 1.87 22.36 3.26 45.876209 12.305722 1
6.09 -7.59 1.99 22.52 3.26 45.876209 12.305722 0
6.42 -8.08 2.05 23.10 3.26 45.876209 12.305722 1
5.41 -7.93 1.71 22.59 3.26 45.876209 12.305722 0
6.10 -7.77 1.56 23.02 3.26 45.876209 12.305722 0
5.86 -7.87 1.89 22.45 3.26 45.876209 12.305722 0
5.79 -8.58 1.94 22.36 3.26 45.876209 12.305722 0
5.45 -7.37 1.88 22.64 3.26 45.876209 12.305722 0
5.74 -6.24 1.58 22.98 3.26 45.876209 12.305722 0
6.25 -7.31 1.80 22.90 3.26 45.876209 12.305722 0
6.38 -7.57 2.12 22.66 3.26 45.876209 12.305722 0
5.65 -7.71 1.77 24.88 3.26 45.876209 12.305722 0
6.36 -7.49 1.73 23.55 3.26 45.876209 12.305722 0
6.88 -7.94 1.91 24.99 3.26 45.876209 12.305722 0
5.85 -9.68 1.64 24.06 3.26 45.876209 12.305722 0
5.68 -8.49 1.34 23.34 3.26 45.876209 12.305722 0
6.03 -7.50 1.88 23.79 3.26 45.876209 12.305722 0
6.39 -8.28 1.84 22.54 3.23 45.876185 12.305699 1
5.52 -9.33 1.87 23.03 3.23 45.876185 12.305699 0
6.53 -6.22 2.08 21.92 3.23 45.876185 12.305699 1
6.04 -8.10 1.90 22.76 3.23 45.876185 12.305699 0
5.54 -7.73 1.53 22.43 3.23 45.876185 12.305699 0
6.35 -7.81 1.75 22.50 3.23 45.876185 12.305699 0
5.96 -7.54 1.89 22.88 3.23 45.876185 12.305699 0
5.75 -8.06 1.76 22.16 3.23 45.876185 12.305699 0
5.98 -8.39 1.47 23.05 3.23 45.876185 12.305699 0
5.16 -8.02 1.71 23.50 3.23 45.876185 12.305699 0
5.86 -8.03 1.85 22.64 3.23 45.876185 12.305699 0
6.23 -7.76 2.14 24.35 3.23 45.876185 12.305699 0
6.56 -7.63 1.85 23.07 3.23 45.876185 12.305699 0
6.59 -7.07 2.10 23.20 3.23 45.876185 12.305699 0
6.14 -7.13 2.10 23.05 3.23 45.876185 12.305699 0
6.44 -7.81 2.22 23.24 3.23 45.876185 12.305699 0
6.32 -7.65 2.01 22.64 3.23 45.876185 12.305699 0
6.28 -8.43 2.09 22.96 3.28 45.876160 12.305681 1
5.72 -7.83 1.98 22.98 3.28 45.876160 12.305681 0
5.66 -7.21 2.12 22.93 3.28 45.876160 12.305681 1
5.86 -8.25 1.45 21.99 3.28 45.876160 12.305681 0
6.03 -8.34 2.08 22.59 3.28 45.876160 12.305681 0
6.08 -7.30 1.71 22.96 3.28 45.876160 12.305681 0
6.38 -8.19 2.27 22.12 3.28 45.876160 12.305681 0
5.47 -7.22 1.99 22.79 3.28 45.876160 12.305681 0
6.90 -7.91 2.08 26.82 3.28 45.876160 12.305681 0
6.27 -7.93 1.65 23.36 3.28 45.876160 12.305681 0
5.92 -7.33 1.55 22.93 3.28 45.876160 12.305681 0
6.24 -8.02 1.79 22.91 3.28 45.876160 12.305681 0
6.46 -6.72 0.96 23.07 3.28 45.876160 12.305681 0
5.81 -8.51 1.60 23.03 3.28 45.876160 12.305681 0
5.58 -8.60 2.31 24.40 3.28 45.876160 12.305681 0
5.67 -7.74 2.10 22.71 3.28 45.876160 12.305681 0
5.85 -7.55 1.74 22.48 3.28 45.876160 12.305681 0
5.60 -7.59 1.68 22.12 3.34 45.876136 12.305659 1
5.95 -7.86 2.05 22.66 3.34 45.876136 12.305659 0
6.20 -7.82 1.91 22.57 3.34 45.876136 12.305659 1
6.08 -7.54 2.39 22.64 3.34 45.876136 12.305659 0
6.17 -7.66 2.06 23.36 3.34 45.876136 12.305659 0
6.09 -7.72 1.84 22.59 3.34 45.876136 12.305659 0
6.20 -7.89 2.08 23.03 3.34 45.876136 12.305659 0
5.57 -7.71 2.08 22.64 3.34 45.876136 12.305659 0
5.78 -8.14 2.13 22.71 3.34 45.876136 12.305659 0
5.63 -7.85 1.89 23.24 3.34 45.876136 12.305659 0
5.86 -8.19 1.83 22.84 3.34 45.876136 12.305659 0
5.68 -7.95 1.84 22.71 3.34 45.876136 12.305659 0
5.81 -7.72 1.87 22.74 3.34 45.876136 12.305659 0
6.14 -7.44 1.57 23.20 3.34 45.876136 12.305659 0
6.18 -7.60 1.59 23.08 3.34 45.876136 12.305659 0
6.28 -7.70 1.78 22.54 3.34 45.876136 12.305659 0
6.46 -7.59 1.70 23.39 3.34 45.876136 12.305659 0
5.99 -7.83 1.79 22.96 3.78 45.876107 12.305634 1
5.47 -7.94 1.91 22.54 3.78 45.876107 12.305634 0
5.49 -7.76 1.95 22.55 3.78 45.876107 12.305634 1
5.61 -7.83 1.86 22.52 3.78 45.876107 12.305634 0
5.71 -8.29 2.09 22.17 3.78 45.876107 12.305634 0
6.17 -8.02 1.72 22.69 3.78 45.876107 12.305634 0
5.93 -7.38 1.61 22.67 3.78 45.876107 12.305634 0
5.99 -7.25 2.07 22.98 3.78 45.876107 12.305634 0
6.00 -7.82 1.86 22.16 3.78 45.876107 12.305634 0
6.15 -7.33 1.89 22.64 3.78 45.876107 12.305634 0
6.10 -7.84 2.32 22.72 3.78 45.876107 12.305634 0
5.62 -7.67 2.41 22.79 3.78 45.876107 12.305634 0
5.82 -7.91 2.41 22.35 3.78 45.876107 12.305634 0
5.74 -7.70 2.15 22.29 3.78 45.876107 12.305634 0
5.75 -7.82 1.78 22.78 3.78 45.876107 12.305634 0
5.76 -7.84 2.24 23.03 3.78 45.876107 12.305634 0
6.16 -7.91 1.72 22.47 3.48 45.876078 12.305613 1
5.98 -7.68 1.67 23.10 3.48 45.876078 12.305613 0
6.23 -7.67 1.75 22.24 3.48 45.876078 12.305613 1
6.29 -7.47 1.79 22.50 3.48 45.876078 12.305613 0
5.94 -7.52 1.92 22.17 3.48 45.876078 12.305613 0
6.11 -7.72 1.72 22.50 3.48 45.876078 12.305613 0
6.19 -7.80 1.92 22.57 3.48 45.876078 12.305613 0
5.62 -7.98 2.00 22.48 3.48 45.876078 12.305613 0
5.66 -7.84 1.91 22.64 3.48 45.876078 12.305613 0
5.40 -8.02 1.79 22.66 3.48 45.876078 12.305613 0
5.51 -7.66 2.13 22.74 3.48 45.876078 12.305613 0
5.86 -7.68 2.04 22.72 3.48 45.876078 12.305613 0
6.02 -7.43 2.20 22.79 3.48 45.876078 12.305613 0
5.91 -7.68 1.91 23.15 3.48 45.876078 12.305613 0
6.00 -7.51 2.03 22.67 3.48 45.876078 12.305613 0
6.23 -7.82 2.12 22.23 3.48 45.876078 12.305613 0
5.93 -7.83 2.33 22.48 3.48 45.876078 12.305613 0
5.90 -7.77 2.32 22.17 3.47 45.876049 12.305595 1
5.60 -7.79 2.21 22.64 3.47 45.876049 12.305595 0
5.66 -8.05 2.10 22.54 3.47 45.876049 12.305595 1
5.50 -8.33 2.11 22.47 3.47 45.876049 12.305595 0
5.72 -7.89 1.85 22.59 3.47 45.876049 12.305595 0
5.75 -7.88 2.10 22.54 3.47 45.876049 12.305595 0
5.61 -7.40 1.68 22.62 3.47 45.876049 12.305595 0
6.39 -7.46 1.90 22.45 3.47 45.876049 12.305595 0
6.64 -7.41 1.80 22.23 3.47 45.876049 12.305595 0
5.98 -7.40 2.17 22.26 3.47 45.876049 12.305595 0
5.66 -7.83 1.90 22.74 3.47 45.876049 12.305595 0
6.17 -7.84 1.48 23.08 3.47 45.876049 12.305595 0
6.36 -7.37 1.62 22.24 3.47 45.876049 12.305595 0
6.03 -8.18 1.74 22.74 3.47 45.876049 12.305595 0
5.56 -7.63 1.86 22.79 3.47 45.876049 12.305595 0
5.66 -8.37 2.23 22.76 3.47 45.876049 12.305595 0
5.61 -7.89 2.27 22.60 3.47 45.876049 12.305595 0
5.80 -7.64 2.42 22.59 3.39 45.876026 12.305566 1
6.19 -7.53 2.29 22.91 3.39 45.876026 12.305566 0
6.29 -7.55 1.99 22.21 3.39 45.876026 12.305566 1
6.18 -7.41 2.02 22.23 3.39 45.876026 12.305566 0
5.96 -7.48 1.92 22.47 3.39 45.876026 12.305566 0
6.11 -7.71 1.92 22.55 3.39 45.876026 12.305566 0
5.89 -7.76 1.89 22.23 3.39 45.876026 12.305566 0
6.06 -8.07 2.27 22.60 3.39 45.876026 12.305566 0
5.56 -7.59 1.83 22.79 3.39 45.876026 12.305566 0
6.26 -8.05 1.75 23.15 3.39 45.876026 12.305566 0
6.02 -7.62 2.29 22.69 3.39 45.876026 12.305566 0
6.36 -7.97 1.89 22.69 3.39 45.876026 12.305566 0
6.32 -7.60 1.85 22.35 3.39 45.876026 12.305566 0
6.00 -7.77 2.04 23.10 3.39 45.876026 12.305566 0
6.08 -8.12 1.90 22.55 3.39 45.876026 12.305566 0
6.45 -7.95 1.98 22.09 3.39 45.876026 12.305566 0
6.07 -7.86 2.06 22.55 3.39 45.876026 12.305566 0
5.86 -7.45 1.75 22.33 3.51 45.876000 12.305540 1
5.91 -7.81 1.50 22.69 3.51 45.876000 12.305540 0
6.35 -7.87 2.23 22.60 3.51 45.876000 12.305540 1
5.76 -8.03 2.12 22.98 3.51 45.876000 12.305540 0
6.32 -8.50 1.65 22.47 3.51 45.876000 12.305540 0
5.74 -7.68 2.06 22.52 3.51 45.876000 12.305540 0
6.12 -7.87 1.95 23.12 3.51 45.876000 12.305540 0
6.12 -7.41 1.91 22.98 3.51 45.876000 12.305540 0
6.25 -7.90 2.41 22.54 3.51 45.876000 12.305540 0
5.70 -7.93 1.89 22.07 3.51 45.876000 12.305540 0
5.48 -7.63 1.97 22.33 3.51 45.876000 12.305540 0
5.74 -7.43 1.92 22.74 3.51 45.876000 12.305540 0
5.17 -7.62 1.91 22.14 3.51 45.876000 12.305540 0
5.90 -7.67 1.56 21.75 3.51 45.876000 12.305540 0
7.14 -8.77 1.71 21.69 3.51 45.876000 12.305540 0
7.46 -7.43 1.41 22.74 3.51 45.876000 12.305540 0
6.69 -5.39 1.65 23.24 3.51 45.876000 12.305540 0
7.29 -8.24 2.81 24.70 3.46 45.875972 12.305518 1
5.62 -2.93 1.53 28.18 3.46 45.875972 12.305518 0
6.38 -11.58 1.80 24.42 3.46 45.875972 12.305518 1
5.04 -10.49 1.33 21.99 3.46 45.875972 12.305518 0
5.87 -10.51 2.13 19.53 3.46 45.875972 12.305518 0
-0.47 -10.12 1.24 18.11 3.46 45.875972 12.305518 0
4.61 -2.97 4.25 19.98 3.46 45.875972 12.305518 0
9.91 -7.83 0.51 21.88 3.46 45.875972 12.305518 0
6.53 -4.14 1.30 27.17 3.46 45.875972 12.305518 0
5.71 -6.94 1.50 27.54 3.46 45.875972 12.305518 0
3.76 -3.17 3.29 23.38 3.46 45.875972 12.305518 0
7.15 -6.55 0.00 23.27 3.46 45.875972 12.305518 0
7.15 -11.73 2.09 23.19 3.46 45.875972 12.305518 0
3.88 -8.73 2.72 27.20 3.46 45.875972 12.305518 0
4.47 -8.10 1.82 23.84 3.46 45.875972 12.305518 0
4.82 -8.01 1.96 22.78 3.46 45.875972 12.305518 0
6.72 -8.10 1.67 22.31 3.46 45.875972 12.305518 0
5.15 -7.87 1.65 25.28 3.72 45.875943 12.305494 1
4.89 -7.55 1.81 24.39 3.72 45.875943 12.305494 0
6.44 -7.21 1.71 23.74 3.72 45.875943 12.305494 1
6.52 -7.93 1.96 23.02 3.72 45.875943 12.305494 0
6.49 -8.28 1.45 24.18 3.72 45.875943 12.305494 0
5.56 -7.29 1.47 23.74 3.72 45.875943 12.305494 0
6.21 -7.64 1.61 22.71 3.72 45.875943 12.305494 0
6.75 -7.34 2.13 22.54 3.72 45.875943 12.305494 0
6.44 -8.18 1.77 24.13 3.72 45.875943 12.305494 0
5.48 -8.78 2.26 22.84 3.72 45.875943 12.305494 0
4.85 -8.17 1.58 25.72 3.72 45.875943 12.305494 0
5.28 -8.08 2.38 22.57 3.72 45.875943 12.305494 0
6.18 -7.59 1.82 22.93 3.72 45.875943 12.305494 0
6.69 -8.36 2.09 23.10 3.72 45.875943 12.305494 0
5.69 -8.84 1.99 23.26 3.72 45.875943 12.305494 0
5.92 -6.97 1.83 28.71 3.72 45.875943 12.305494 0
5.66 -7.61 2.14 22.62 3.82 45.875914 12.305466 1
6.24 -7.43 1.87 22.40 3.82 45.875914 12.305466 0
5.87 -8.63 1.86 23.12 3.82 45.875914 12.305466 1
5.71 -7.35 2.17 23.12 3.82 45.875914 12.305466 0
5.41 -8.37 1.83 22.31 3.82 45.875914 12.305466 0
6.10 -8.12 2.23 21.95 3.82 45.875914 12.305466 0
5.43 -7.86 1.50 22.59 3.82 45.875914 12.305466 0
5.54 -7.37 2.18 22.60 3.82 45.875914 12.305466 0
5.53 -7.14 2.05 22.36 3.82 45.875914 12.305466 0
5.97 -7.87 1.75 21.81 3.82 45.875914 12.305466 0
6.86 -8.03 2.10 22.02 3.82 45.875914 12.305466 0
6.63 -7.60 2.68 22.62 3.82 45.875914 12.305466 0
5.53 -7.75 2.14 22.43 3.82 45.875914 12.305466 0
5.61 -6.86 1.63 23.96 3.82 45.875914 12.305466 0
5.74 -6.50 1.60 23.19 3.82 45.875914 12.305466 0
5.97 -8.92 1.56 22.50 3.82 45.875914 12.305466 0
5.16 -8.36 1.84 22.07 3.82 45.875914 12.305466 0
5.49 -8.08 1.86 22.64 3.87 45.875884 12.305437 1
5.29 -7.08 2.12 22.24 3.87 45.875884 12.305437 0
5.99 -8.37 1.96 22.54 3.87 45.875884 12.305437 1
6.38 -7.83 1.98 23.29 3.87 45.875884 12.305437 0
5.73 -6.67 1.88 22.96 3.87 45.875884 12.305437 0
5.94 -8.13 1.90 22.26 3.87 45.875884 12.305437 0
6.20 -8.30 2.14 22.23 3.87 45.875884 12.305437 0
6.28 -7.93 2.02 22.42 3.87 45.875884 12.305437 0
5.65 -8.97 1.84 23.39 3.87 45.875884 12.305437 0
5.35 -7.22 1.94 22.93 3.87 45.875884 12.305437 0
6.42 -7.64 2.02 22.98 3.87 45.875884 12.305437 0
5.68 -8.50 1.80 23.08 3.87 45.875884 12.305437 0
5.63 -7.87 1.66 24.27 3.87 45.875884 12.305437 0
5.90 -8.12 1.74 22.98 3.87 45.875884 12.305437 0
5.67 -8.06 1.90 22.64 3.87 45.875884 12.305437 0
6.64 -8.54 1.56 22.42 3.87 45.875884 12.305437 0
6.15 -7.53 2.04 22.45 3.87 45.875884 12.305437 0
5.98 -7.11 2.24 22.72 3.35 45.875861 12.305408 1
5.68 -7.29 2.05 23.12 3.35 45.875861 12.305408 0
6.30 -7.87 1.85 22.81 3.35 45.875861 12.305408 1
6.28 -8.42 1.95 23.31 3.35 45.875861 12.305408 0
5.35 -8.16 2.01 22.42 3.35 45.875861 12.305408 0
5.91 -8.02 2.21 22.59 3.35 45.875861 12.305408 0
5.28 -7.45 1.98 22.96 3.35 45.875861 12.305408 0
5.80 -7.80 1.68 24.54 3.35 45.875861 12.305408 0
5.80 -8.17 1.84 23.75 3.35 45.875861 12.305408 0
5.79 -7.53 2.25 23.05 3.35 45.875861 12.305408 0
5.59 -7.81 2.03 23.00 3.35 45.875861 12.305408 0
5.75 -8.07 1.94 22.93 3.35 45.875861 12.305408 0
6.14 -8.36 1.76 22.67 3.35 45.875861 12.305408 0
5.91 -8.01 1.95 22.78 3.35 45.875861 12.305408 0
5.48 -7.89 1.82 23.22 3.35 45.875861 12.305408 0
5.77 -7.78 2.03 22.71 3.35 45.875861 12.305408 0
5.79 -8.14 1.95 22.64 3.35 45.875861 12.305408 0
6.22 -7.80 1.78 22.84 2.75 45.875839 12.305385 1
5.70 -8.46 1.97 24.52 2.75 45.875839 12.305385 0
5.15 -7.13 1.69 23.14 2.75 45.875839 12.305385 1
