5.92 -7.71 1.79 21.85 2.5 45.406371 11.895170 0 0
5.94 -7.69 1.77 21.85 2.5 45.406371 11.895170 1 0
6.02 -7.93 1.66 22.17 2.5 45.406371 11.895170 0 0
5.91 -8.19 1.55 22.67 2.5 45.406371 11.895170 1 0
5.61 -8.07 1.54 22.45 2.5 45.406371 11.895170 1 0
5.53 -7.76 1.63 22.16 2.5 45.406371 11.895170 1 0
5.77 -7.77 1.77 22.21 2.5 45.406371 11.895170 1 0
5.94 -8.07 1.92 22.14 2.5 45.406371 11.895170 1 0
5.88 -8.19 1.92 22.05 2.5 45.406371 11.895170 1 0
5.85 -8.04 1.76 22.11 2.5 45.406371 11.895170 1 0
5.88 -7.89 1.72 22.59 2.5 45.406371 11.895170 1 0
5.76 -7.85 1.88 22.64 2.5 45.406371 11.895170 1 0
5.66 -7.85 1.92 23.02 2.5 45.406371 11.895170 1 0
5.84 -7.96 1.75 22.0 2.5 45.406371 11.895170 1 0
6.01 -8.13 1.67 22.84 2.5 45.406371 11.895170 1 0
5.84 -8.12 1.78 22.43 2.5 45.406371 11.895170 1 0
5.65 -7.95 1.81 22.31 2.5 45.406371 11.895170 1 0
5.72 -7.89 1.78 21.92 2.84 45.406367 11.895201 0 0
5.82 -7.91 1.95 21.88 2.84 45.406367 11.895201 1 0
5.74 -7.83 2.17 21.78 2.84 45.406367 11.895201 0 0
5.73 -7.81 2.03 22.21 2.84 45.406367 11.895201 1 0
5.88 -7.97 1.8 21.87 2.84 45.406367 11.895201 1 0
5.92 -7.98 1.88 21.87 2.84 45.406367 11.895201 1 0
5.71 -7.72 1.99 22.38 2.84 45.406367 11.895201 1 0
5.49 -7.64 1.72 22.0 2.84 45.406367 11.895201 1 0
5.53 -7.91 1.42 21.9 2.84 45.406367 11.895201 1 0
5.86 -8.15 1.5 21.68 2.84 45.406367 11.895201 1 0
6.19 -8.16 1.7 21.85 2.84 45.406367 11.895201 1 0
6.12 -7.99 1.69 22.36 2.84 45.406367 11.895201 1 0
5.63 -7.55 1.66 23.22 2.84 45.406367 11.895201 1 0
5.4 -7.18 1.74 22.62 2.84 45.406367 11.895201 1 0
5.86 -7.58 1.81 22.59 2.84 45.406367 11.895201 1 0
6.39 -8.51 1.82 21.75 2.84 45.406367 11.895201 1 0
6.13 -8.83 1.78 21.69 2.84 45.406367 11.895201 1 0
5.44 -8.21 1.67 22.4 2.84 45.406367 11.895201 1 0
