6.02 -7.49 2.09 22.52 3.15 45.876290 12.305806 0
5.94 -7.58 1.88 22.62 3.15 45.876290 12.305806 0
5.86 -7.66 2.0 22.55 3.15 45.876290 12.305806 0
5.81 -7.97 1.56 22.81 3.15 45.876290 12.305806 0
5.63 -8.42 1.44 22.02 3.15 45.876290 12.305806 0
5.54 -7.98 2.25 22.67 3.15 45.876290 12.305806 0
5.88 -7.65 2.05 22.71 3.15 45.876290 12.305806 0
6.24 -7.65 1.71 22.29 3.15 45.876290 12.305806 0
6.21 -7.66 1.83 22.76 3.15 45.876290 12.305806 0
6.24 -7.3 1.85 22.76 3.15 45.876290 12.305806 0
6.15 -7.42 1.83 23.03 3.15 45.876290 12.305806 0
6.1 -7.69 1.94 22.23 3.15 45.876290 12.305806 0
6.1 -8.14 2.06 22.55 3.15 45.876290 12.305806 0
6.03 -7.75 2.06 22.64 3.15 45.876290 12.305806 0
5.76 -7.9 1.65 23.02 3.33 45.876265 12.305782 1
5.83 -8.1 1.92 22.69 3.33 45.876265 12.305782 0
5.2 -7.88 2.03 22.64 3.33 45.876265 12.305782 1
5.63 -7.79 1.71 22.59 3.33 45.876265 12.305782 0
5.68 -7.92 1.43 22.09 3.33 45.876265 12.305782 0
6.31 -8.01 1.78 22.4 3.33 45.876265 12.305782 0
6.16 -7.78 2.05 22.43 3.33 45.876265 12.305782 0
6.02 -7.0 1.73 22.69 3.33 45.876265 12.305782 0
6.25 -6.86 1.31 22.74 3.33 45.876265 12.305782 0
6.03 -7.7 1.34 22.6 3.33 45.876265 12.305782 0
6.28 -7.91 1.77 22.78 3.33 45.876265 12.305782 0
6.14 -7.85 2.45 22.52 3.33 45.876265 12.305782 0
5.7 -8.24 2.33 23.2 3.33 45.876265 12.305782 0
5.7 -7.51 2.02 23.05 3.33 45.876265 12.305782 0
5.46 -7.74 1.68 23.32 3.33 45.876265 12.305782 0
6.19 -8.29 1.51 22.48 3.33 45.876265 12.305782 0
6.29 -8.31 2.01 22.78 3.32 45.876239 12.305757 1
6.19 -7.75 1.49 22.95 3.32 45.876239 12.305757 0
5.74 -7.43 1.64 22.24 3.32 45.876239 12.305757 1
5.8 -7.13 2.03 22.52 3.32 45.876239 12.305757 0
6.21 -7.52 1.51 23.0 3.32 45.876239 12.305757 0
