6.2 -8.12 1.95 22.54 2.93 45.876335 12.305855 1
5.65 -7.44 1.68 22.64 2.93 45.876335 12.305855 0
5.56 -8.08 1.99 23.15 2.93 45.876335 12.305855 0
5.53 -8.18 2.16 22.55 2.93 45.876335 12.305855 0
5.45 -8.14 2.16 22.81 2.93 45.876335 12.305855 0
5.91 -8.1 1.53 22.55 2.93 45.876335 12.305855 0
5.83 -7.5 1.61 22.62 2.93 45.876335 12.305855 0
6.25 -7.5 1.63 22.66 2.93 45.876335 12.305855 0
6.36 -7.64 1.94 22.6 2.93 45.876335 12.305855 0
5.89 -7.64 1.89 23.41 2.93 45.876335 12.305855 0
5.72 -7.47 2.47 22.66 2.93 45.876335 12.305855 0
5.88 -7.35 1.83 22.69 2.93 45.876335 12.305855 0
6.27 -7.59 2.0 22.69 2.93 45.876335 12.305855 0
5.92 -7.42 1.99 22.71 2.93 45.876335 12.305855 0
5.88 -8.04 2.31 23.05 2.93 45.876335 12.305855 0
5.97 -7.86 1.97 23.02 3.14 45.876313 12.305831 1
5.68 -8.03 1.83 23.05 3.14 45.876313 12.305831 0
6.07 -8.08 1.95 23.15 3.14 45.876313 12.305831 1
5.84 -7.75 1.92 23.08 3.14 45.876313 12.305831 0
6.03 -7.78 1.58 22.64 3.14 45.876313 12.305831 0
6.1 -7.85 1.65 22.5 3.14 45.876313 12.305831 0
6.24 -7.93 1.86 22.9 3.14 45.876313 12.305831 0
5.96 -7.37 1.71 22.47 3.14 45.876313 12.305831 0
6.11 -7.72 1.7 22.66 3.14 45.876313 12.305831 0
6.04 -7.86 1.91 22.76 3.14 45.876313 12.305831 0
6.09 -7.7 1.95 22.74 3.14 45.876313 12.305831 0
5.86 -7.79 2.04 22.72 3.14 45.876313 12.305831 0
5.65 -8.06 1.58 23.12 3.14 45.876313 12.305831 0
5.72 -7.96 1.68 22.24 3.14 45.876313 12.305831 0
5.9 -7.97 1.72 23.56 3.14 45.876313 12.305831 0
6.09 -7.85 1.84 22.71 3.14 45.876313 12.305831 0
5.9 -7.65 1.62 22.45 3.14 45.876313 12.305831 0
6.34 -7.4 1.89 22.54 3.15 45.876290 12.305806 1
6.4 -7.81 1.62 22.47 3.15 45.876290 12.305806 0
6.27 -7.57 2.16 22.55 3.15 45.876290 12.305806 1
