6.05 -7.8 1.52 22.11 2.21 45.407996 11.888536 1
6.03 -7.77 1.6 22.52 2.21 45.407996 11.888536 1
5.77 -7.67 1.82 22.11 2.21 45.407996 11.888536 1
5.47 -7.85 1.86 22.47 2.21 45.407996 11.888536 1
5.52 -8.12 1.61 21.57 2.21 45.407996 11.888536 1
5.86 -8.07 1.43 22.42 2.21 45.407996 11.888536 1
6.03 -7.86 1.61 22.52 2.21 45.407996 11.888536 1
5.92 -7.81 1.88 22.21 2.21 45.407996 11.888536 1
5.85 -7.8 1.91 22.42 2.21 45.407996 11.888536 1
5.98 -7.73 1.87 22.47 2.21 45.407996 11.888536 1
6.1 -7.78 1.99 22.36 1.88 45.408005 11.888513 0
6.0 -7.92 2.06 21.95 1.88 45.408005 11.888513 1
5.78 -7.88 1.9 21.95 1.88 45.408005 11.888513 0
5.65 -7.77 1.78 21.88 1.88 45.408005 11.888513 1
5.64 -7.86 1.84 21.73 1.88 45.408005 11.888513 1
5.74 -7.97 1.89 22.26 1.88 45.408005 11.888513 1
5.93 -7.81 1.85 21.95 1.88 45.408005 11.888513 1
6.07 -7.57 1.83 22.45 1.88 45.408005 11.888513 1
5.93 -7.62 1.83 22.11 1.88 45.408005 11.888513 1
5.74 -7.88 1.8 22.05 1.88 45.408005 11.888513 1
5.87 -7.98 1.83 21.97 1.88 45.408005 11.888513 1
6.08 -7.91 1.88 22.05 1.88 45.408005 11.888513 1
5.98 -7.78 1.84 22.52 1.88 45.408005 11.888513 1
5.86 -7.59 1.77 22.16 1.88 45.408005 11.888513 1
5.96 -7.5 1.77 22.84 1.88 45.408005 11.888513 1
5.88 -7.79 1.72 22.14 1.88 45.408005 11.888513 1
5.59 -8.22 1.61 21.95 1.88 45.408005 11.888513 1
5.68 -8.19 1.64 21.49 2.56 45.408008 11.888481 0
6.07 -7.82 1.83 22.07 2.56 45.408008 11.888481 1
6.07 -7.65 1.89 21.99 2.56 45.408008 11.888481 0
5.91 -7.7 1.79 22.36 2.56 45.408008 11.888481 1
6.2 -7.73 1.77 22.31 2.56 45.408008 11.888481 1
6.58 -7.85 1.88 22.62 2.56 45.408008 11.888481 1
6.35 -8.04 1.93 22.17 2.56 45.408008 11.888481 1
5.93 -7.97 1.86 22.0 2.56 45.408008 11.888481 1
