5.95 -7.83 1.76 21.64 2.56 45.408008 11.888481 1
6.08 -8.0 1.72 22.09 2.56 45.408008 11.888481 1
5.86 -8.16 1.77 21.78 2.56 45.408008 11.888481 1
5.61 -7.87 1.86 21.9 2.56 45.408008 11.888481 1
5.72 -7.58 1.88 22.36 2.56 45.408008 11.888481 1
5.91 -7.77 1.81 21.92 2.56 45.408008 11.888481 1
5.88 -7.9 1.76 22.52 2.56 45.408008 11.888481 1
5.87 -7.53 1.82 22.66 2.56 45.408008 11.888481 1
6.08 -7.24 1.88 22.05 2.56 45.408008 11.888481 1
6.22 -7.54 1.83 22.31 2.56 45.408008 11.888481 1
6.12 -7.87 1.71 21.44 2.25 45.408001 11.888451 0
6.03 -7.75 1.65 21.75 2.25 45.408001 11.888451 1
6.11 -7.58 1.73 21.81 2.25 45.408001 11.888451 0
6.13 -7.7 1.86 21.87 2.25 45.408001 11.888451 1
5.97 -7.84 1.82 21.95 2.25 45.408001 11.888451 1
5.82 -7.86 1.6 22.0 2.25 45.408001 11.888451 1
5.77 -7.9 1.51 21.95 2.25 45.408001 11.888451 1
5.81 -7.88 1.72 21.83 2.25 45.408001 11.888451 1
5.96 -7.78 1.98 22.83 2.25 45.408001 11.888451 1
6.12 -7.79 2.0 22.05 2.25 45.408001 11.888451 1
6.11 -7.85 1.87 22.0 2.25 45.408001 11.888451 1
6.03 -7.8 1.85 21.92 2.25 45.408001 11.888451 1
6.06 -7.81 1.99 21.92 2.25 45.408001 11.888451 1
6.17 -7.94 2.18 22.0 2.25 45.408001 11.888451 1
6.19 -7.83 2.25 22.11 2.25 45.408001 11.888451 1
6.05 -7.63 2.2 22.14 2.25 45.408001 11.888451 1
5.81 -7.76 2.21 22.36 2.25 45.408001 11.888451 1
5.66 -8.03 2.23 21.44 3.25 45.407992 11.888412 0
5.74 -8.02 2.04 22.21 3.25 45.407992 11.888412 1
5.86 -7.91 1.84 21.39 3.25 45.407992 11.888412 0
5.77 -7.79 1.95 22.31 3.25 45.407992 11.888412 1
5.61 -7.46 2.15 21.97 3.25 45.407992 11.888412 1
5.66 -7.31 2.02 22.11 3.25 45.407992 11.888412 1
5.95 -7.71 1.76 21.95 3.25 45.407992 11.888412 1
6.31 -8.08 1.77 22.76 3.25 45.407992 11.888412 1
