6.06 -8.05 2.16 21.44 1.65 45.405690 11.882957 0
5.06 -8.12 1.44 44.85 1.65 45.405690 11.882957 0
5.93 -9.39 1.67 21.51 1.65 45.405690 11.882957 0
4.38 -7.0 2.54 22.36 1.65 45.405690 11.882957 0
6.04 -7.55 2.25 21.54 1.65 45.405690 11.882957 0
5.91 -7.32 1.3 21.8 1.65 45.405690 11.882957 0
5.54 -8.05 1.17 21.69 1.65 45.405690 11.882957 0
5.75 -8.36 1.79 22.19 1.65 45.405690 11.882957 0
6.05 -7.35 2.57 22.57 1.65 45.405690 11.882957 0
6.6 -8.01 1.85 24.11 2.21 45.405680 11.882931 1
5.79 -6.01 1.88 22.6 2.21 45.405680 11.882931 0
6.02 -8.46 1.64 38.64 2.21 45.405680 11.882931 1
6.44 -6.81 2.17 22.21 2.21 45.405680 11.882931 0
6.32 -8.96 2.09 21.18 2.21 45.405680 11.882931 0
5.47 -7.0 1.46 67.49 2.21 45.405680 11.882931 0
6.07 -9.16 1.72 22.04 2.21 45.405680 11.882931 0
3.69 -6.66 1.11 22.28 2.21 45.405680 11.882931 0
6.4 -6.6 2.09 22.31 2.21 45.405680 11.882931 0
6.24 -8.81 1.54 21.45 2.21 45.405680 11.882931 0
6.47 -10.91 1.88 21.39 2.21 45.405680 11.882931 0
4.7 -6.28 0.73 21.56 2.21 45.405680 11.882931 0
5.91 -8.59 2.12 22.93 2.21 45.405680 11.882931 0
5.99 -4.94 1.94 21.95 2.21 45.405680 11.882931 0
6.34 -5.95 1.38 23.84 2.21 45.405680 11.882931 0
6.97 -8.11 2.14 22.57 2.21 45.405680 11.882931 0
7.15 -9.4 0.72 22.9 2.21 45.405680 11.882931 0
5.56 -6.48 0.63 47.83 2.56 45.405675 11.882900 1
6.12 -6.53 1.69 22.19 2.56 45.405675 11.882900 0
7.32 -8.5 1.28 22.81 2.56 45.405675 11.882900 1
5.27 -8.97 0.94 21.83 2.56 45.405675 11.882900 0
5.41 -7.62 1.94 22.6 2.56 45.405675 11.882900 0
6.36 -8.32 0.78 20.89 2.56 45.405675 11.882900 0
6.89 -6.66 1.11 22.14 2.56 45.405675 11.882900 0
5.95 -9.29 2.12 21.27 2.56 45.405675 11.882900 0
5.07 -5.76 2.34 23.03 2.56 45.405675 11.882900 0
