6.51 -8.62 1.84 22.62 2.56 45.405675 11.882900 0
5.71 -7.54 1.47 22.66 2.56 45.405675 11.882900 0
6.1 -7.33 2.46 22.04 2.56 45.405675 11.882900 0
6.73 -9.89 2.47 22.72 2.56 45.405675 11.882900 0
5.57 -6.69 2.18 21.64 2.56 45.405675 11.882900 0
6.65 -9.39 2.17 24.54 2.56 45.405675 11.882900 0
5.72 -8.24 2.48 23.53 2.56 45.405675 11.882900 0
4.89 -8.14 1.6 23.89 2.56 45.405675 11.882900 0
6.43 -7.18 2.22 23.15 2.7 45.405656 11.882874 1
5.28 -8.64 1.12 21.51 2.7 45.405656 11.882874 0
7.08 -8.01 2.04 21.85 2.7 45.405656 11.882874 1
4.74 -7.75 1.2 22.72 2.7 45.405656 11.882874 0
6.97 -8.18 1.45 22.66 2.7 45.405656 11.882874 0
4.87 -6.84 1.68 21.64 2.7 45.405656 11.882874 0
5.39 -8.12 1.96 22.0 2.7 45.405656 11.882874 0
6.45 -9.62 1.29 23.89 2.7 45.405656 11.882874 0
5.43 -7.98 1.38 21.39 2.7 45.405656 11.882874 0
