5.51 -7.67 1.88 22.52 0.14 45.405735 11.883009 0
5.05 -8.57 1.64 22.36 0.14 45.405735 11.883009 0
6.2 -7.69 2.46 22.71 0.14 45.405735 11.883009 0
8.41 -6.42 3.08 22.76 0.14 45.405735 11.883009 0
8.63 -5.66 3.2 22.45 0.14 45.405735 11.883009 0
8.0 -6.21 2.5 22.52 0.14 45.405735 11.883009 0
7.13 -7.27 1.74 22.59 0.14 45.405735 11.883009 0
6.73 -7.27 1.78 23.19 0.14 45.405735 11.883009 0
6.92 -6.22 1.72 23.07 0.14 45.405735 11.883009 0
7.22 -6.59 1.97 22.47 0.08 45.405733 11.883007 1
6.74 -6.96 2.7 21.85 0.08 45.405733 11.883007 0
7.01 -7.47 2.13 22.07 0.08 45.405733 11.883007 1
7.01 -7.11 1.6 21.8 0.08 45.405733 11.883007 0
7.12 -7.53 1.29 22.05 0.08 45.405733 11.883007 0
6.71 -7.28 2.15 22.14 0.08 45.405733 11.883007 0
6.46 -7.86 1.98 21.85 0.08 45.405733 11.883007 0
6.23 -7.48 1.98 22.76 0.08 45.405733 11.883007 0
6.92 -7.08 1.58 22.76 0.08 45.405733 11.883007 0
6.91 -6.96 2.08 22.14 0.08 45.405733 11.883007 0
6.19 -7.21 2.5 23.12 0.08 45.405733 11.883007 0
5.85 -7.05 1.84 22.12 0.08 45.405733 11.883007 0
6.14 -7.57 2.91 22.31 0.08 45.405733 11.883007 0
6.63 -6.91 1.88 22.31 0.08 45.405733 11.883007 0
6.81 -6.41 1.5 22.81 0.08 45.405733 11.883007 0
6.29 -8.2 1.86 21.75 0.08 45.405733 11.883007 0
6.15 -9.48 2.09 21.78 0.08 45.405733 11.883007 0
6.17 -8.07 1.08 21.71 0.35 45.405733 11.883005 1
5.39 -7.6 1.82 22.04 0.35 45.405733 11.883005 0
6.29 -6.79 0.92 21.42 0.35 45.405733 11.883005 1
6.59 -7.15 0.79 22.11 0.35 45.405733 11.883005 0
6.55 -8.04 1.92 21.69 0.35 45.405733 11.883005 0
5.63 -9.33 2.08 21.8 0.35 45.405733 11.883005 0
5.79 -8.03 1.59 22.14 0.35 45.405733 11.883005 0
6.38 -6.6 2.22 22.14 0.35 45.405733 11.883005 0
6.84 -6.67 1.87 22.14 0.35 45.405733 11.883005 0
