5.98 -5.0 1.16 23.14 1.95 45.405713 11.882975 0
8.47 -6.95 2.51 21.28 1.95 45.405713 11.882975 0
6.38 -9.21 2.35 21.9 1.95 45.405713 11.882975 0
4.8 -8.54 4.49 22.0 1.95 45.405713 11.882975 0
4.76 -8.93 1.2 21.85 1.95 45.405713 11.882975 0
6.27 -7.06 2.26 21.64 1.95 45.405713 11.882975 0
6.84 -4.87 0.15 22.36 1.95 45.405713 11.882975 0
6.92 -7.77 1.51 22.78 1.95 45.405713 11.882975 0
4.74 -8.11 1.03 22.24 1.95 45.405713 11.882975 0
3.6 -11.13 1.93 21.78 1.54 45.405702 11.882964 1
6.63 -7.88 0.69 22.35 1.54 45.405702 11.882964 0
3.98 -6.94 2.62 22.0 1.54 45.405702 11.882964 1
6.04 -7.74 2.99 21.93 1.54 45.405702 11.882964 0
6.8 -8.48 1.64 22.17 1.54 45.405702 11.882964 0
5.62 -6.53 2.59 22.5 1.54 45.405702 11.882964 0
6.43 -8.17 1.41 22.4 1.54 45.405702 11.882964 0
6.37 -7.27 1.46 21.92 1.54 45.405702 11.882964 0
6.33 -8.66 1.95 22.07 1.54 45.405702 11.882964 0
6.13 -7.33 1.91 21.8 1.54 45.405702 11.882964 0
7.73 -10.21 0.45 21.44 1.54 45.405702 11.882964 0
6.14 -8.28 1.45 22.11 1.54 45.405702 11.882964 0
5.61 -6.63 1.64 24.59 1.54 45.405702 11.882964 0
5.42 -7.44 1.49 23.19 1.54 45.405702 11.882964 0
5.87 -7.63 1.26 21.45 1.54 45.405702 11.882964 0
5.71 -7.75 2.54 21.49 1.54 45.405702 11.882964 0
5.76 -10.12 2.26 20.82 1.54 45.405702 11.882964 0
5.31 -9.07 1.13 22.36 1.65 45.405690 11.882957 1
5.98 -6.51 1.01 21.44 1.65 45.405690 11.882957 0
7.4 -7.06 1.59 22.21 1.65 45.405690 11.882957 1
6.12 -7.2 2.92 22.09 1.65 45.405690 11.882957 0
6.53 -8.24 2.14 21.75 1.65 45.405690 11.882957 0
5.7 -8.58 2.12 22.66 1.65 45.405690 11.882957 0
4.7 -7.18 2.84 22.16 1.65 45.405690 11.882957 0
7.15 -7.37 1.65 22.96 1.65 45.405690 11.882957 0
6.41 -6.56 1.62 21.97 1.65 45.405690 11.882957 0
