5.38 -6.76 1.92 22.16 3.79 45.877485 12.306845 0 1
6.33 -9.05 1.04 26.55 3.79 45.877485 12.306845 0 1
6.22 -8.33 1.66 22.52 3.79 45.877485 12.306845 0 1
6.1 -7.95 2.31 22.42 3.79 45.877485 12.306845 0 1
5.66 -8.28 2.89 22.21 3.79 45.877485 12.306845 0 1
6.18 -7.62 2.78 21.97 3.79 45.877485 12.306845 0 1
6.9 -8.71 2.22 21.78 3.79 45.877485 12.306845 0 1
6.08 -9.57 2.49 22.43 3.79 45.877485 12.306845 0 1
5.49 -8.5 2.11 21.51 3.79 45.877485 12.306845 0 1
5.33 -10.98 2.01 21.64 3.79 45.877485 12.306845 0 1
5.21 -9.83 0.6 23.03 3.79 45.877485 12.306845 0 1
7.36 -8.54 3.79 23.43 4.1 45.877451 12.306825 1 1
5.66 -9.69 2.69 23.27 4.1 45.877451 12.306825 0 1
6.76 -9.36 2.23 22.07 4.1 45.877451 12.306825 1 1
4.89 -6.46 2.98 23.17 4.1 45.877451 12.306825 0 1
4.91 -8.01 2.08 23.15 4.1 45.877451 12.306825 0 1
7.11 -11.63 2.17 23.41 4.1 45.877451 12.306825 0 1
4.17 -8.24 2.77 21.81 4.1 45.877451 12.306825 0 1
6.24 -8.41 1.85 22.35 4.1 45.877451 12.306825 0 1
5.85 -9.44 0.9 22.79 4.1 45.877451 12.306825 0 1
5.22 -8.49 0.48 21.75 4.1 45.877451 12.306825 0 1
5.15 -11.03 1.25 21.15 4.1 45.877451 12.306825 0 1
4.97 -5.75 3.15 22.71 4.1 45.877451 12.306825 0 1
6.83 -8.99 4.04 24.64 4.1 45.877451 12.306825 0 1
5.99 -6.86 2.92 26.14 4.1 45.877451 12.306825 0 1
7.1 -5.91 1.82 20.58 4.1 45.877451 12.306825 0 1
3.91 -9.56 1.51 20.53 4.1 45.877451 12.306825 0 1
7.7 -10.3 0.74 20.79 4.1 45.877451 12.306825 0 1
6.54 -7.64 1.68 23.02 4.15 45.877420 12.306842 1 1
5.36 -5.77 2.51 23.12 4.15 45.877420 12.306842 0 1
8.02 -6.59 2.89 21.95 4.15 45.877420 12.306842 1 1
7.4 -5.69 0.85 21.3 4.15 45.877420 12.306842 0 1
6.72 -10.77 1.32 27.49 4.15 45.877420 12.306842 0 1
4.03 -6.98 1.8 22.36 4.15 45.877420 12.306842 0 1
3.68 -6.39 1.62 20.8 4.15 45.877420 12.306842 0 1
