6.76 -6.66 1.88 22.62 2.53 45.877630 12.307492 0 0
6.63 -7.32 2.21 23.22 2.53 45.877630 12.307492 0 0
6.7 -6.67 2.4 22.67 2.53 45.877630 12.307492 0 0
6.67 -7.96 1.38 22.66 2.53 45.877630 12.307492 0 0
6.14 -7.82 2.52 22.5 2.53 45.877630 12.307492 0 0
5.79 -7.35 1.42 23.43 2.63 45.877625 12.307465 1 0
6.05 -8.43 2.22 22.86 2.63 45.877625 12.307465 0 0
5.83 -8.2 2.08 22.66 2.63 45.877625 12.307465 1 0
5.44 -7.54 1.8 23.86 2.63 45.877625 12.307465 0 0
6.18 -8.36 2.09 25.81 2.63 45.877625 12.307465 0 0
5.93 -7.35 1.88 23.05 2.63 45.877625 12.307465 0 0
6.26 -6.65 1.24 32.36 2.63 45.877625 12.307465 0 0
6.74 -7.96 0.95 22.76 2.63 45.877625 12.307465 0 0
6.16 -7.43 1.56 23.19 2.63 45.877625 12.307465 0 0
6.37 -7.66 1.76 23.58 2.63 45.877625 12.307465 0 0
6.19 -8.23 0.76 23.07 2.63 45.877625 12.307465 0 0
6.19 -8.27 1.36 22.76 2.63 45.877625 12.307465 0 0
6.69 -8.49 1.8 23.19 2.63 45.877625 12.307465 0 0
4.98 -7.32 1.54 22.86 2.63 45.877625 12.307465 0 0
5.6 -7.83 0.65 23.12 2.63 45.877625 12.307465 0 0
5.84 -7.64 2.03 23.12 2.63 45.877625 12.307465 0 0
5.97 -8.48 1.88 22.52 2.63 45.877625 12.307465 0 0
5.31 -7.93 2.11 23.36 2.83 45.877619 12.307435 1 0
6.85 -8.57 1.72 22.96 2.83 45.877619 12.307435 0 0
6.16 -7.49 2.11 22.91 2.83 45.877619 12.307435 1 0
6.28 -7.02 1.8 23.56 2.83 45.877619 12.307435 0 0
5.9 -8.18 2.51 23.34 2.83 45.877619 12.307435 0 0
5.86 -7.46 2.27 23.29 2.83 45.877619 12.307435 0 0
6.86 -7.55 2.49 23.03 2.83 45.877619 12.307435 0 0
5.88 -7.76 1.91 22.66 2.83 45.877619 12.307435 0 0
5.86 -7.67 2.41 23.19 2.83 45.877619 12.307435 0 0
5.83 -7.37 1.61 23.94 2.83 45.877619 12.307435 0 0
5.76 -8.45 1.85 23.82 2.83 45.877619 12.307435 0 0
6.13 -8.12 1.49 23.19 2.83 45.877619 12.307435 0 0
6.1 -7.0 2.99 23.63 2.83 45.877619 12.307435 0 0
