5.64 -7.98 1.97 22.98 2.16 45.876326 12.305828 0 0
6.02 -8.02 2.17 22.4 2.16 45.876326 12.305828 0 0
5.89 -7.56 2.17 22.36 2.16 45.876326 12.305828 0 0
6.1 -7.76 2.06 22.91 2.16 45.876326 12.305828 0 0
6.17 -7.62 2.04 22.98 2.16 45.876326 12.305828 0 0
6.36 -7.73 1.95 22.26 2.16 45.876326 12.305828 0 0
6.37 -7.62 1.87 22.78 2.16 45.876326 12.305828 0 0
6.44 -7.06 1.91 22.69 2.16 45.876326 12.305828 0 0
6.64 -7.55 2.11 22.69 2.16 45.876326 12.305828 0 0
6.11 -7.56 2.2 23.19 2.16 45.876326 12.305828 0 0
6.16 -7.81 2.27 25.31 2.16 45.876326 12.305828 0 0
5.86 -7.76 2.16 22.78 2.16 45.876326 12.305828 0 0
5.93 -7.8 2.23 23.08 2.16 45.876326 12.305828 0 0
5.96 -7.84 2.04 22.62 2.16 45.876326 12.305828 0 0
5.84 -7.71 1.89 22.55 2.28 45.876310 12.305810 1 0
5.6 -8.04 1.89 23.07 2.28 45.876310 12.305810 0 0
5.53 -8.09 1.99 22.64 2.28 45.876310 12.305810 1 0
5.8 -7.91 1.89 22.88 2.28 45.876310 12.305810 0 0
6.2 -8.04 1.78 22.83 2.28 45.876310 12.305810 0 0
6.0 -7.65 1.85 22.88 2.28 45.876310 12.305810 0 0
5.94 -7.54 1.86 22.9 2.28 45.876310 12.305810 0 0
6.37 -7.15 2.1 22.47 2.28 45.876310 12.305810 0 0
6.41 -7.58 1.78 22.59 2.28 45.876310 12.305810 0 0
5.93 -7.48 1.87 22.67 2.28 45.876310 12.305810 0 0
5.85 -7.49 1.99 22.72 2.28 45.876310 12.305810 0 0
6.15 -7.57 2.01 22.67 2.28 45.876310 12.305810 0 0
6.26 -7.48 1.82 23.05 2.28 45.876310 12.305810 0 0
6.14 -7.6 1.92 22.59 2.28 45.876310 12.305810 0 0
5.87 -7.99 1.75 22.23 2.28 45.876310 12.305810 0 0
5.93 -7.82 1.43 22.62 2.28 45.876310 12.305810 0 0
5.89 -7.7 1.88 22.04 2.28 45.876310 12.305810 0 0
5.81 -7.79 1.83 22.47 2.29 45.876294 12.305793 1 0
5.71 -7.89 2.07 22.54 2.29 45.876294 12.305793 0 0
5.86 -7.9 1.84 22.88 2.29 45.876294 12.305793 1 0
5.93 -7.8 2.05 22.16 2.29 45.876294 12.305793 0 0
