6.52 -8.01 1.99 22.48 2.76 45.876222 12.305715 0 0
6.31 -7.3 2.02 23.19 2.76 45.876222 12.305715 0 0
5.91 -8.58 2.02 22.72 2.76 45.876222 12.305715 0 0
5.09 -6.5 1.58 24.22 2.76 45.876222 12.305715 0 0
7.25 -8.21 2.26 23.36 2.76 45.876222 12.305715 0 0
5.93 -7.71 1.63 23.34 2.76 45.876222 12.305715 0 0
5.88 -7.88 1.76 22.47 2.76 45.876222 12.305715 0 0
5.75 -7.56 1.62 22.67 2.76 45.876222 12.305715 0 0
5.81 -7.02 1.6 23.6 2.76 45.876222 12.305715 0 0
5.53 -7.82 1.77 23.72 2.76 45.876222 12.305715 0 0
5.83 -8.25 1.77 22.47 2.53 45.876202 12.305700 1 0
5.83 -7.95 2.18 22.02 2.53 45.876202 12.305700 0 0
6.09 -7.63 1.68 23.63 2.53 45.876202 12.305700 1 0
5.85 -7.21 1.71 22.76 2.53 45.876202 12.305700 0 0
6.23 -8.03 1.64 23.29 2.53 45.876202 12.305700 0 0
6.11 -7.62 1.86 50.13 2.53 45.876202 12.305700 0 0
6.37 -7.67 2.09 23.08 2.53 45.876202 12.305700 0 0
6.11 -6.95 2.07 23.58 2.53 45.876202 12.305700 0 0
6.48 -8.41 2.07 23.27 2.53 45.876202 12.305700 0 0
6.28 -7.7 1.97 22.67 2.53 45.876202 12.305700 0 0
5.92 -8.02 1.85 23.48 2.53 45.876202 12.305700 0 0
5.79 -8.0 2.06 22.78 2.53 45.876202 12.305700 0 0
5.74 -7.9 1.92 22.31 2.53 45.876202 12.305700 0 0
5.43 -7.93 1.61 22.64 2.53 45.876202 12.305700 0 0
5.52 -7.81 1.68 25.52 2.53 45.876202 12.305700 0 0
5.73 -8.37 2.04 22.54 2.53 45.876202 12.305700 0 0
5.75 -7.65 1.66 22.05 2.53 45.876202 12.305700 0 0
6.0 -7.83 1.79 22.54 2.59 45.876179 12.305692 1 0
6.08 -7.92 1.92 22.52 2.59 45.876179 12.305692 0 0
6.02 -7.58 2.01 22.72 2.59 45.876179 12.305692 1 0
6.06 -7.87 2.08 22.42 2.59 45.876179 12.305692 0 0
5.77 -7.62 2.01 23.84 2.59 45.876179 12.305692 0 0
6.04 -7.69 1.8 22.31 2.59 45.876179 12.305692 0 0
5.75 -7.73 2.07 22.42 2.59 45.876179 12.305692 0 0
6.28 -8.44 1.12 22.79 2.59 45.876179 12.305692 0 0
