5.87 -8.12 1.74 21.89 2.77 45.407848 11.899764 1
5.86 -8.13 1.74 21.91 2.77 45.407848 11.899764 1
5.85 -8.14 1.74 21.91 2.77 45.407848 11.899764 1
5.85 -8.13 1.74 21.91 2.77 45.407848 11.899764 1
5.86 -8.13 1.74 21.9 2.77 45.407848 11.899764 1
5.86 -8.13 1.74 21.91 2.77 45.407848 11.899764 1
5.86 -8.12 1.74 21.9 2.77 45.407848 11.899764 1
5.87 -8.13 1.74 21.91 2.77 45.407848 11.899764 1
5.87 -8.13 1.75 21.91 2.77 45.407848 11.899764 1
5.86 -8.13 1.75 21.89 2.77 45.407848 11.899764 1
5.86 -8.12 1.74 21.9 2.77 45.407848 11.899764 1
5.85 -8.12 1.74 21.9 2.77 45.407848 11.899764 1
5.86 -8.13 1.75 21.9 2.77 45.407848 11.899764 1
5.86 -8.13 1.74 21.9 2.77 45.407848 11.899764 1
5.86 -8.13 1.73 21.9 2.77 45.407848 11.899764 1
5.87 -8.13 1.73 21.9 2.77 45.407848 11.899764 1
5.86 -8.13 1.74 21.9 2.77 45.407848 11.899764 1
5.85 -8.13 1.74 21.9 2.77 45.407848 11.899764 1
5.85 -8.14 1.74 21.91 2.77 45.407848 11.899764 1
5.86 -8.13 1.74 21.89 2.77 45.407848 11.899764 1
5.86 -8.13 1.75 21.9 2.77 45.407848 11.899764 1
5.86 -8.13 1.74 21.9 2.77 45.407848 11.899764 1
5.86 -8.13 1.74 21.89 2.77 45.407848 11.899764 1
5.86 -8.13 1.74 21.91 2.77 45.407848 11.899764 1
5.86 -8.13 1.75 21.9 2.77 45.407848 11.899764 1
5.86 -8.13 1.75 21.9 2.77 45.407848 11.899764 1
5.85 -8.13 1.75 21.9 2.77 45.407848 11.899764 1
5.85 -8.12 1.73 21.9 2.77 45.407848 11.899764 1
5.86 -8.12 1.73 21.9 2.77 45.407848 11.899764 1
5.86 -8.13 1.74 21.9 2.77 45.407848 11.899764 1
5.85 -8.13 1.75 21.9 2.77 45.407848 11.899764 1
5.86 -8.12 1.75 21.9 2.77 45.407848 11.899764 1
5.87 -8.13 1.75 21.9 2.77 45.407848 11.899764 1
5.86 -8.13 1.74 21.9 2.77 45.407848 11.899764 1
5.85 -8.13 1.74 21.9 2.77 45.407848 11.899764 1
