6.36 -7.69 1.66 21.85 2.78 45.407773 11.899449 1 1
6.09 -7.83 1.61 22.0 2.78 45.407773 11.899449 1 1
5.98 -7.88 1.82 21.68 2.78 45.407773 11.899449 1 1
6.22 -7.56 2.26 22.24 2.78 45.407773 11.899449 1 1
6.23 -7.33 2.53 21.9 2.78 45.407773 11.899449 1 1
6.07 -7.68 2.31 22.0 2.78 45.407773 11.899449 1 1
5.98 -8.0 1.94 22.52 2.78 45.407773 11.899449 1 1
5.54 -7.8 1.83 22.47 2.78 45.407773 11.899449 1 1
5.18 -7.77 1.78 21.93 2.78 45.407773 11.899449 1 1
6.02 -8.11 1.75 22.21 2.78 45.407773 11.899449 1 1
7.11 -8.07 2.01 21.69 2.78 45.407773 11.899449 1 1
6.65 -7.65 2.2 22.02 2.78 45.407773 11.899449 1 1
5.62 -7.43 1.88 23.14 2.78 45.407773 11.899449 1 1
5.95 -7.45 1.7 24.76 2.78 45.407773 11.899449 1 1
6.73 -7.69 2.17 21.71 2.78 45.407773 11.899449 1 1
6.33 -8.0 2.44 22.09 3.1 45.407779 11.899487 0 1
5.56 -7.77 1.97 22.09 3.1 45.407779 11.899487 1 1
5.69 -7.46 1.61 21.81 3.1 45.407779 11.899487 0 1
6.08 -8.23 1.89 20.8 3.1 45.407779 11.899487 1 1
5.81 -9.0 2.15 21.8 3.1 45.407779 11.899487 1 1
5.41 -8.0 1.9 22.09 3.1 45.407779 11.899487 1 1
5.65 -6.53 1.53 22.81 3.1 45.407779 11.899487 1 1
6.12 -6.75 1.45 22.31 3.1 45.407779 11.899487 1 1
6.04 -7.85 1.66 21.9 3.1 45.407779 11.899487 1 1
5.77 -8.22 1.97 21.39 3.1 45.407779 11.899487 1 1
6.23 -8.18 2.17 21.06 3.1 45.407779 11.899487 1 1
6.93 -8.31 2.21 21.33 3.1 45.407779 11.899487 1 1
6.62 -8.22 2.24 21.35 3.1 45.407779 11.899487 1 1
5.66 -7.63 2.21 22.69 3.1 45.407779 11.899487 1 1
5.54 -6.89 1.93 22.64 3.1 45.407779 11.899487 1 1
6.24 -6.8 1.56 21.9 3.1 45.407779 11.899487 1 1
6.44 -7.87 1.51 21.54 3.1 45.407779 11.899487 1 1
5.95 -9.02 1.8 21.88 1.9 45.407789 11.899509 0 1
5.61 -8.65 1.97 21.66 1.9 45.407789 11.899509 1 1
5.66 -7.31 1.88 21.81 1.9 45.407789 11.899509 0 1
