5.57 -7.27 1.78 21.97 3.31 45.407838 11.899667 1 0
6.08 -6.99 1.77 21.42 3.31 45.407838 11.899667 1 0
6.5 -7.79 1.73 21.4 3.31 45.407838 11.899667 1 0
5.86 -8.06 2.12 21.49 3.31 45.407838 11.899667 1 0
5.38 -7.82 2.28 22.36 3.31 45.407838 11.899667 1 0
5.73 -7.98 1.92 21.95 3.39 45.407841 11.899712 0 0
6.06 -8.1 1.82 21.59 3.39 45.407841 11.899712 1 0
6.16 -7.68 2.18 22.02 3.39 45.407841 11.899712 0 0
6.38 -7.38 2.31 21.99 3.39 45.407841 11.899712 1 0
6.46 -7.56 2.13 21.95 3.39 45.407841 11.899712 1 0
6.27 -7.72 2.12 21.85 3.39 45.407841 11.899712 1 0
6.24 -7.64 2.28 21.51 3.39 45.407841 11.899712 1 0
6.37 -7.56 2.29 21.61 3.39 45.407841 11.899712 1 0
6.24 -7.6 2.23 21.61 3.39 45.407841 11.899712 1 0
5.86 -7.72 2.28 22.02 3.39 45.407841 11.899712 1 0
5.61 -7.84 2.26 22.02 3.39 45.407841 11.899712 1 0
5.65 -7.93 2.05 21.97 3.39 45.407841 11.899712 1 0
5.85 -7.92 1.89 21.61 3.39 45.407841 11.899712 1 0
5.99 -7.78 1.87 22.05 3.39 45.407841 11.899712 1 0
5.97 -7.66 1.79 22.05 3.39 45.407841 11.899712 1 0
5.89 -7.73 1.68 21.97 3.39 45.407841 11.899712 1 0
5.92 -7.85 1.7 21.4 3.39 45.407841 11.899712 1 0
6.11 -7.8 1.75 21.69 3.21 45.407847 11.899753 0 0
6.33 -7.65 1.72 21.33 3.21 45.407847 11.899753 1 0
6.42 -7.54 1.76 21.85 3.21 45.407847 11.899753 0 0
6.31 -7.45 1.85 21.54 3.21 45.407847 11.899753 1 0
6.16 -7.48 1.77 21.85 3.21 45.407847 11.899753 1 0
6.03 -7.7 1.49 21.95 3.21 45.407847 11.899753 1 0
5.86 -7.92 1.31 21.47 3.21 45.407847 11.899753 1 0
5.66 -8.01 1.43 21.47 3.21 45.407847 11.899753 1 0
5.6 -8.09 1.75 21.93 3.21 45.407847 11.899753 1 0
5.71 -8.08 2.02 22.0 3.21 45.407847 11.899753 1 0
5.89 -7.78 2.1 22.52 3.21 45.407847 11.899753 1 0
6.01 -7.52 2.08 22.07 3.21 45.407847 11.899753 1 0
6.05 -7.66 2.08 21.99 3.21 45.407847 11.899753 1 0
