5.93 -7.73 1.94 21.66 3.1 45.407823 11.899580 1 1
5.71 -7.78 1.91 21.71 3.1 45.407823 11.899580 1 1
5.74 -7.87 2.1 22.17 3.1 45.407823 11.899580 1 1
6.08 -7.92 2.14 21.97 3.1 45.407823 11.899580 1 1
6.26 -7.76 1.9 21.97 3.1 45.407823 11.899580 1 1
6.07 -7.68 1.73 21.9 3.41 45.407830 11.899625 0 1
5.99 -7.74 1.84 21.39 3.41 45.407830 11.899625 1 1
6.23 -7.62 1.89 21.28 3.41 45.407830 11.899625 0 1
6.32 -7.64 1.67 21.21 3.41 45.407830 11.899625 1 1
6.2 -7.88 1.51 21.4 3.41 45.407830 11.899625 1 1
6.29 -7.61 1.63 21.8 3.41 45.407830 11.899625 1 1
6.44 -7.08 1.75 21.54 3.41 45.407830 11.899625 1 1
6.25 -7.39 1.76 22.17 3.41 45.407830 11.899625 1 1
6.36 -7.83 1.91 21.66 3.41 45.407830 11.899625 1 1
7.06 -7.63 2.14 22.19 3.41 45.407830 11.899625 1 1
6.78 -8.12 2.13 23.2 3.41 45.407830 11.899625 1 1
4.73 -8.83 1.95 24.52 3.41 45.407830 11.899625 1 1
3.28 -7.28 1.81 24.03 3.41 45.407830 11.899625 1 1
4.28 -5.88 1.85 20.34 3.41 45.407830 11.899625 1 1
6.07 -8.88 2.29 17.9 3.41 45.407830 11.899625 1 1
6.97 -12.54 2.77 16.57 3.41 45.407830 11.899625 1 1
7.46 -10.6 2.45 18.04 3.41 45.407830 11.899625 1 1
6.8 -5.55 1.87 21.54 3.31 45.407838 11.899667 0 1
4.13 -3.27 2.21 24.63 3.31 45.407838 11.899667 1 1
3.28 -3.93 2.38 24.61 3.31 45.407838 11.899667 0 1
7.61 -6.15 0.64 22.93 3.31 45.407838 11.899667 1 1
11.83 -9.75 -1.35 21.59 3.31 45.407838 11.899667 1 1
9.63 -11.77 -1.01 21.39 3.31 45.407838 11.899667 1 1
4.73 -9.88 0.64 22.11 3.31 45.407838 11.899667 1 1
3.89 -7.25 1.36 21.95 3.31 45.407838 11.899667 1 1
5.85 -6.88 1.59 22.26 3.31 45.407838 11.899667 1 1
6.45 -7.42 2.13 21.51 3.31 45.407838 11.899667 1 1
6.18 -7.81 2.1 21.68 3.31 45.407838 11.899667 1 1
6.36 -8.45 1.46 21.75 3.31 45.407838 11.899667 1 1
6.04 -8.36 1.38 22.0 3.31 45.407838 11.899667 1 1
