4.54 -4.3 1.74 25.64 2.54 45.406332 11.894423 1 1
6.86 -7.42 1.9 22.95 2.54 45.406332 11.894423 1 1
7.37 -11.38 1.53 21.95 2.54 45.406332 11.894423 0 1
5.1 -10.14 1.32 22.96 2.54 45.406332 11.894423 1 1
4.34 -7.01 1.89 22.29 2.54 45.406332 11.894423 1 1
6.92 -7.35 2.09 20.67 2.54 45.406332 11.894423 1 1
8.88 -9.31 1.38 20.2 2.54 45.406332 11.894423 1 1
7.54 -9.11 1.19 22.86 2.54 45.406332 11.894423 1 1
5.38 -7.3 2.02 22.16 2.54 45.406332 11.894423 1 1
5.01 -6.09 2.5 23.07 2.54 45.406332 11.894423 1 1
5.89 -6.36 2.05 22.55 2.54 45.406332 11.894423 1 1
6.54 -7.64 1.69 26.31 2.54 45.406332 11.894423 1 1
6.16 -8.49 1.85 22.55 2.54 45.406332 11.894423 1 1
5.07 -8.28 1.83 22.02 2.54 45.406332 11.894423 1 1
4.69 -7.98 1.5 22.86 2.54 45.406332 11.894423 1 1
5.48 -8.04 1.53 22.4 2.54 45.406332 11.894423 1 1
5.88 -8.05 1.92 22.09 2.54 45.406332 11.894423 1 1
5.4 -8.22 1.99 23.7 1.43 45.406335 11.894449 0 1
5.36 -8.37 1.82 45.62 1.43 45.406335 11.894449 1 1
5.81 -7.68 2.02 23.31 1.43 45.406335 11.894449 0 1
5.69 -6.88 2.36 22.67 1.43 45.406335 11.894449 1 1
5.43 -7.11 2.3 22.74 1.43 45.406335 11.894449 1 1
5.87 -7.5 2.06 22.17 1.43 45.406335 11.894449 1 1
6.24 -7.42 1.93 21.68 1.43 45.406335 11.894449 1 1
5.91 -7.94 1.63 21.47 1.43 45.406335 11.894449 1 1
5.51 -8.78 1.19 21.85 1.43 45.406335 11.894449 1 1
5.43 -8.4 1.17 21.99 1.43 45.406335 11.894449 1 1
5.43 -7.5 1.52 22.17 1.43 45.406335 11.894449 1 1
5.58 -7.71 1.65 22.07 1.43 45.406335 11.894449 1 1
5.92 -8.32 1.51 22.71 1.43 45.406335 11.894449 1 1
5.98 -7.98 1.61 22.16 1.43 45.406335 11.894449 1 1
5.67 -7.41 1.96 23.53 1.43 45.406335 11.894449 1 1
5.65 -7.67 2.02 21.85 1.43 45.406335 11.894449 1 1
6.12 -8.23 1.61 22.11 1.43 45.406335 11.894449 1 1
6.31 -8.09 1.23 23.36 1.43 45.406335 11.894449 1 1
